0.15 80504.0
0.26 117980.0
0.37 101324.0
0.48 117980.0
0.59 98548.0
0.69 92996.0
0.80 126308.0
0.90 104100.0
1.01 134636.0
1.12 81892.0
1.23 101324.0
1.35 106876.0
1.45 113816.0
1.56 104100.0
1.66 87444.0
1.77 116592.0
1.87 111040.0
1.98 119368.0
2.09 108264.0
2.19 86056.0
2.30 101324.0
2.40 72176.0
2.51 111040.0
2.62 102712.0
2.73 112428.0
2.84 98548.0
2.94 99936.0
3.05 106876.0
3.15 111040.0
3.26 113816.0
3.37 111040.0
3.48 104100.0
3.59 108264.0
3.69 109652.0
3.80 111040.0
3.90 88832.0
4.01 119368.0
4.12 106876.0
4.24 117980.0
4.35 120756.0
4.45 94384.0
4.56 105488.0
4.66 97160.0
4.77 112428.0
4.87 105488.0
4.98 117980.0
5.09 105488.0
5.19 102712.0
5.30 109652.0
5.40 106876.0
5.52 106876.0
5.62 105488.0
5.73 90220.0
5.84 106876.0
5.94 109652.0
6.05 111040.0
6.15 105488.0
6.26 108264.0
6.37 101324.0
6.48 115204.0
6.59 120756.0
6.69 91608.0
6.80 112428.0
6.90 98548.0
7.01 112428.0
7.12 116592.0
7.23 122144.0
7.34 109652.0
7.44 92996.0
7.55 101324.0
7.65 97160.0
7.76 101324.0
7.87 115204.0
7.99 101324.0
8.10 106876.0
8.20 92996.0
8.31 105488.0
8.41 99936.0
8.52 99936.0
8.62 95772.0
8.73 120756.0
8.84 116592.0
8.94 99936.0
9.05 106876.0
9.15 115204.0
9.26 106876.0
9.37 109652.0
9.48 99936.0
9.59 101324.0
9.69 104100.0
9.80 95772.0
9.90 92996.0
10.01 95772.0
10.12 99936.0
10.23 102712.0
10.34 106876.0
10.44 84668.0
10.55 115204.0
10.65 99936.0
10.76 104100.0
10.87 115204.0
10.98 111040.0
11.09 104100.0
11.19 92996.0
11.31 95772.0
11.41 97160.0
11.52 99936.0
11.62 97160.0
11.73 108264.0
11.85 105488.0
11.95 97160.0
12.06 101324.0
12.16 95772.0
12.27 109652.0
12.37 80504.0
12.48 116592.0
12.59 101324.0
12.69 86056.0
12.80 97160.0
12.90 97160.0
13.01 97160.0
13.12 98548.0
13.23 111040.0
13.34 106876.0
13.44 105488.0
13.55 120756.0
13.65 97160.0
13.76 120756.0
13.87 111040.0
13.98 111040.0
14.09 104100.0
14.19 91608.0
14.30 111040.0
14.40 81892.0
14.51 106876.0
14.62 81892.0
14.73 99936.0
14.84 112428.0
14.94 86056.0
15.05 106876.0
15.15 86056.0
15.26 108264.0
15.37 104100.0
15.48 108264.0
15.59 106876.0
15.69 74952.0
15.80 112428.0
15.90 97160.0
16.01 94384.0
16.12 115204.0
16.23 98548.0
16.35 99936.0
16.45 88832.0
16.56 95772.0
16.66 102712.0
16.77 95772.0
16.87 91608.0
16.98 98548.0
17.09 115204.0
17.19 94384.0
17.30 109652.0
17.40 98548.0
17.51 91608.0
17.62 104100.0
17.73 102712.0
17.84 101324.0
17.95 88832.0
18.06 104100.0
18.16 109652.0
18.27 102712.0
18.37 109652.0
18.48 102712.0
18.59 104100.0
18.69 99936.0
18.80 95772.0
18.90 105488.0
19.01 117980.0
19.12 94384.0
19.23 117980.0
19.34 98548.0
19.44 98548.0
19.55 98548.0
19.65 80504.0
19.76 90220.0
19.87 98548.0
19.98 98548.0
20.09 106876.0
20.20 91608.0
20.31 116592.0
20.41 94384.0
20.52 122144.0
20.62 102712.0
20.73 101324.0
20.84 105488.0
20.94 105488.0
21.06 122144.0
21.16 97160.0
21.27 94384.0
21.37 94384.0
21.48 104100.0
21.59 104100.0
21.69 106876.0
21.81 99936.0
21.91 92996.0
22.02 86056.0
22.12 109652.0
22.23 95772.0
22.34 92996.0
22.44 94384.0
22.56 97160.0
22.66 104100.0
22.78 108264.0
22.88 101324.0
22.99 104100.0
23.11 101324.0
23.21 101324.0
23.32 99936.0
23.42 79116.0
23.53 104100.0
23.63 91608.0
23.74 111040.0
23.85 106876.0
23.95 86056.0
24.06 113816.0
24.16 99936.0
24.27 115204.0
24.37 81892.0
24.48 88832.0
24.60 109652.0
24.70 108264.0
24.81 101324.0
24.91 94384.0
25.02 106876.0
25.12 104100.0
25.23 91608.0
25.34 106876.0
25.44 86056.0
25.56 97160.0
25.66 104100.0
25.77 102712.0
25.87 73564.0
25.98 98548.0
26.09 90220.0
26.19 92996.0
26.30 92996.0
26.40 97160.0
26.51 104100.0
26.62 111040.0
26.73 105488.0
26.84 112428.0
26.94 98548.0
27.05 105488.0
27.15 104100.0
27.26 88832.0
27.37 102712.0
27.48 106876.0
27.59 108264.0
27.69 97160.0
27.80 111040.0
27.90 80504.0
28.01 98548.0
28.12 123532.0
28.23 104100.0
28.34 98548.0
28.44 83280.0
28.55 94384.0
28.65 87444.0
28.76 84668.0
28.87 105488.0
28.98 90220.0
29.09 81892.0
29.19 74952.0
29.30 102712.0
29.40 90220.0
29.51 99936.0
29.62 91608.0
29.74 108264.0
29.85 111040.0
29.95 80504.0
