0.20 80504.0
0.31 113816.0
0.41 97160.0
0.52 95772.0
0.63 111040.0
0.74 113816.0
0.85 80504.0
0.96 91608.0
1.07 83280.0
1.17 106876.0
1.28 77728.0
1.38 94384.0
1.49 106876.0
1.60 105488.0
1.70 126308.0
1.81 116592.0
1.91 99936.0
2.02 102712.0
2.13 126308.0
2.24 112428.0
2.35 130472.0
2.45 113816.0
2.56 122144.0
2.67 101324.0
2.78 133248.0
2.88 86056.0
2.99 129084.0
3.10 104100.0
3.20 99936.0
3.31 88832.0
3.41 95772.0
3.52 69400.0
3.63 122144.0
3.74 126308.0
3.85 124920.0
3.95 106876.0
4.06 124920.0
4.16 113816.0
4.27 104100.0
4.38 131860.0
4.49 127696.0
4.60 111040.0
4.70 111040.0
4.81 111040.0
4.91 105488.0
5.02 112428.0
5.13 81892.0
5.24 49968.0
5.35 61072.0
5.45 44416.0
5.56 51356.0
5.66 68012.0
5.77 102712.0
5.88 98548.0
5.99 116592.0
6.10 95772.0
6.20 94384.0
6.31 106876.0
6.41 101324.0
6.52 112428.0
6.63 109652.0
6.74 102712.0
6.85 126308.0
6.95 102712.0
7.07 117980.0
7.17 120756.0
7.29 119368.0
7.39 90220.0
7.50 109652.0
7.62 113816.0
7.72 105488.0
7.83 119368.0
7.93 99936.0
8.04 123532.0
8.14 112428.0
8.25 113816.0
8.37 104100.0
8.47 108264.0
8.58 109652.0
8.69 81892.0
8.80 124920.0
8.90 104100.0
9.01 133248.0
9.12 105488.0
9.22 94384.0
9.33 111040.0
9.43 99936.0
9.54 126308.0
9.64 98548.0
9.75 116592.0
9.86 97160.0
9.97 92996.0
10.08 99936.0
10.18 115204.0
10.29 115204.0
10.39 101324.0
10.50 86056.0
10.61 97160.0
10.71 83280.0
10.82 84668.0
10.92 97160.0
11.03 115204.0
11.13 102712.0
11.24 109652.0
11.35 115204.0
11.45 111040.0
11.56 127696.0
11.66 95772.0
11.77 119368.0
11.88 131860.0
11.99 104100.0
12.10 98548.0
12.20 113816.0
12.31 123532.0
12.41 95772.0
12.52 144352.0
12.63 105488.0
12.74 105488.0
12.85 144352.0
12.96 92996.0
13.08 136024.0
13.18 113816.0
13.29 104100.0
13.40 99936.0
13.51 133248.0
13.62 109652.0
13.72 112428.0
13.83 120756.0
13.93 112428.0
14.05 113816.0
14.15 123532.0
14.26 127696.0
14.37 115204.0
14.48 101324.0
14.59 116592.0
14.69 116592.0
14.81 119368.0
14.91 111040.0
15.02 119368.0
15.13 94384.0
15.24 84668.0
15.35 99936.0
15.45 86056.0
15.56 97160.0
15.66 88832.0
15.77 87444.0
15.89 79116.0
16.00 119368.0
16.11 120756.0
16.22 102712.0
16.33 131860.0
16.43 109652.0
16.54 117980.0
16.64 109652.0
16.75 137412.0
16.86 131860.0
16.96 119368.0
17.07 98548.0
17.17 104100.0
17.28 113816.0
17.38 109652.0
17.49 119368.0
17.60 109652.0
17.70 99936.0
17.81 101324.0
17.91 105488.0
18.02 104100.0
18.13 122144.0
18.24 124920.0
18.35 119368.0
18.46 116592.0
18.57 138800.0
18.67 112428.0
18.79 122144.0
18.89 133248.0
19.00 105488.0
19.11 119368.0
19.21 120756.0
19.32 124920.0
19.42 113816.0
19.53 112428.0
19.63 92996.0
19.74 92996.0
19.85 88832.0
19.95 95772.0
20.06 74952.0
20.16 97160.0
20.27 109652.0
20.38 116592.0
20.49 115204.0
20.60 120756.0
20.70 123532.0
20.81 133248.0
20.91 109652.0
21.02 120756.0
21.13 109652.0
21.24 108264.0
21.35 117980.0
21.45 108264.0
21.57 111040.0
21.67 119368.0
21.78 101324.0
21.88 76340.0
21.99 111040.0
22.10 119368.0
22.20 101324.0
22.31 123532.0
22.41 116592.0
22.53 126308.0
22.63 109652.0
22.74 112428.0
22.85 120756.0
22.95 99936.0
23.06 130472.0
23.16 109652.0
23.27 84668.0
23.39 91608.0
23.50 92996.0
23.61 116592.0
23.71 97160.0
23.82 106876.0
23.92 72176.0
24.03 119368.0
24.13 102712.0
24.24 126308.0
24.35 102712.0
24.45 105488.0
24.56 99936.0
24.66 108264.0
24.77 65236.0
24.88 99936.0
24.99 131860.0
25.10 108264.0
25.21 92996.0
25.33 131860.0
25.43 97160.0
25.56 51356.0
25.66 55520.0
25.77 54132.0
25.88 65236.0
25.99 51356.0
26.10 51356.0
26.20 47192.0
26.31 54132.0
26.41 58296.0
26.52 63848.0
26.63 63848.0
26.74 61072.0
26.85 70788.0
26.95 58296.0
27.06 63848.0
27.16 62460.0
27.27 88832.0
27.38 77728.0
27.49 55520.0
27.60 59684.0
27.70 59684.0
27.82 61072.0
27.92 62460.0
28.03 51356.0
28.13 58296.0
28.24 47192.0
28.35 59684.0
28.46 55520.0
28.57 59684.0
28.67 54132.0
28.78 59684.0
28.88 61072.0
28.99 63848.0
29.10 91608.0
29.20 113816.0
29.31 81892.0
29.41 104100.0
29.52 95772.0
29.63 123532.0
29.75 119368.0
29.86 130472.0
29.96 101324.0
