0.20 109652.0
0.31 122144.0
0.41 90220.0
0.52 102712.0
0.63 111040.0
0.74 104100.0
0.85 112428.0
0.95 86056.0
1.06 99936.0
1.16 91608.0
1.27 108264.0
1.38 108264.0
1.49 102712.0
1.61 98548.0
1.72 108264.0
1.83 117980.0
1.93 101324.0
2.04 106876.0
2.14 84668.0
2.25 99936.0
2.36 77728.0
2.47 74952.0
2.58 94384.0
2.68 81892.0
2.79 106876.0
2.89 88832.0
3.00 111040.0
3.11 95772.0
3.21 90220.0
3.32 95772.0
3.42 87444.0
3.53 117980.0
3.63 84668.0
3.74 106876.0
3.85 101324.0
3.95 91608.0
4.06 97160.0
4.16 86056.0
4.27 113816.0
4.39 95772.0
4.50 113816.0
4.61 92996.0
4.71 87444.0
4.82 99936.0
4.92 90220.0
5.03 99936.0
5.13 79116.0
5.24 98548.0
5.35 102712.0
5.45 95772.0
5.56 95772.0
5.66 90220.0
5.77 91608.0
5.88 101324.0
5.99 102712.0
6.10 80504.0
6.20 102712.0
6.31 95772.0
6.41 102712.0
6.52 91608.0
6.63 101324.0
6.74 94384.0
6.85 116592.0
6.95 95772.0
7.06 95772.0
7.16 102712.0
7.28 111040.0
7.38 102712.0
7.49 101324.0
7.60 91608.0
7.70 95772.0
7.81 105488.0
7.91 94384.0
8.02 106876.0
8.14 106876.0
8.25 99936.0
8.36 111040.0
8.46 99936.0
8.57 111040.0
8.67 88832.0
8.78 98548.0
8.88 88832.0
8.99 102712.0
9.10 98548.0
9.20 86056.0
9.31 106876.0
9.41 86056.0
9.52 108264.0
9.63 105488.0
9.74 94384.0
9.85 119368.0
9.95 87444.0
10.06 104100.0
10.16 91608.0
10.27 101324.0
10.38 101324.0
10.49 92996.0
10.60 108264.0
10.70 88832.0
10.81 112428.0
10.91 88832.0
11.02 90220.0
11.14 95772.0
11.25 99936.0
11.36 92996.0
11.46 88832.0
11.58 92996.0
11.68 112428.0
11.79 98548.0
11.89 105488.0
12.00 105488.0
12.11 112428.0
12.21 91608.0
12.32 99936.0
12.42 83280.0
12.53 97160.0
12.63 91608.0
12.74 102712.0
12.85 106876.0
12.95 91608.0
13.06 106876.0
13.16 90220.0
13.27 101324.0
13.38 108264.0
13.49 112428.0
13.60 115204.0
13.70 91608.0
13.81 109652.0
13.91 95772.0
14.03 122144.0
14.13 119368.0
14.24 102712.0
14.35 104100.0
14.45 97160.0
14.56 90220.0
14.66 99936.0
14.77 95772.0
14.88 101324.0
14.99 98548.0
15.10 111040.0
15.20 95772.0
15.31 109652.0
15.41 104100.0
15.52 113816.0
15.63 116592.0
15.74 112428.0
15.85 99936.0
15.95 113816.0
16.06 117980.0
16.16 108264.0
16.27 97160.0
16.38 104100.0
16.50 102712.0
16.62 123532.0
16.72 105488.0
16.83 117980.0
16.93 86056.0
17.04 124920.0
17.14 105488.0
17.25 112428.0
17.37 112428.0
17.47 106876.0
17.58 105488.0
17.68 102712.0
17.79 112428.0
17.89 88832.0
18.00 112428.0
18.11 97160.0
18.21 99936.0
18.32 104100.0
18.43 86056.0
18.54 111040.0
18.64 94384.0
18.75 111040.0
18.87 116592.0
18.97 101324.0
19.08 105488.0
19.18 101324.0
19.30 109652.0
19.40 108264.0
19.51 101324.0
19.62 115204.0
19.72 95772.0
19.83 109652.0
19.93 104100.0
20.04 77728.0
20.14 101324.0
20.25 109652.0
20.36 97160.0
20.46 95772.0
20.57 119368.0
20.67 95772.0
20.78 101324.0
20.88 91608.0
20.99 117980.0
21.10 106876.0
21.20 92996.0
21.32 105488.0
21.42 108264.0
21.53 113816.0
21.63 95772.0
21.75 109652.0
21.87 112428.0
21.98 84668.0
22.09 106876.0
22.19 87444.0
22.30 98548.0
22.40 112428.0
22.51 101324.0
22.62 106876.0
22.72 90220.0
22.83 109652.0
22.93 101324.0
23.04 117980.0
23.14 88832.0
23.25 115204.0
23.36 119368.0
23.46 84668.0
23.57 92996.0
23.67 86056.0
23.79 97160.0
23.89 109652.0
24.00 97160.0
24.11 108264.0
24.21 111040.0
24.32 101324.0
24.42 94384.0
24.53 111040.0
24.63 92996.0
24.74 95772.0
24.85 104100.0
24.95 91608.0
25.06 91608.0
25.16 98548.0
25.27 117980.0
25.38 101324.0
25.49 98548.0
25.61 117980.0
25.71 90220.0
25.82 111040.0
25.92 102712.0
26.03 112428.0
26.14 86056.0
26.26 115204.0
26.37 98548.0
26.47 104100.0
26.58 112428.0
26.68 86056.0
26.79 119368.0
26.89 86056.0
27.01 101324.0
27.12 112428.0
27.22 73564.0
27.33 109652.0
27.43 90220.0
27.54 94384.0
27.64 101324.0
27.75 108264.0
27.86 102712.0
27.96 92996.0
28.07 124920.0
28.17 77728.0
28.28 115204.0
28.38 104100.0
28.49 113816.0
28.60 99936.0
28.70 105488.0
28.81 90220.0
28.91 108264.0
29.02 109652.0
29.13 106876.0
29.24 95772.0
29.35 109652.0
29.45 99936.0
29.56 108264.0
29.66 97160.0
29.77 105488.0
29.89 111040.0
30.00 109652.0
