0.12 111040.0
0.23 111040.0
0.34 117980.0
0.44 86056.0
0.55 101324.0
0.65 90220.0
0.76 99936.0
0.87 109652.0
0.99 116592.0
1.10 105488.0
1.20 99936.0
1.31 109652.0
1.41 95772.0
1.52 105488.0
1.63 94384.0
1.74 127696.0
1.85 116592.0
1.95 105488.0
2.06 101324.0
2.16 90220.0
2.27 116592.0
2.37 88832.0
2.48 109652.0
2.59 106876.0
2.69 83280.0
2.80 91608.0
2.91 99936.0
3.03 113816.0
3.13 105488.0
3.24 105488.0
3.35 95772.0
3.45 101324.0
3.56 105488.0
3.66 76340.0
3.77 113816.0
3.87 72176.0
3.98 98548.0
4.10 99936.0
4.20 97160.0
4.31 112428.0
4.41 94384.0
4.52 97160.0
4.63 88832.0
4.74 106876.0
4.86 92996.0
4.96 76340.0
5.07 92996.0
5.17 83280.0
5.28 108264.0
5.38 86056.0
5.50 99936.0
5.61 115204.0
5.71 91608.0
5.82 98548.0
5.92 104100.0
6.04 111040.0
6.14 83280.0
6.25 108264.0
6.36 91608.0
6.46 90220.0
6.57 112428.0
6.67 92996.0
6.78 117980.0
6.88 101324.0
6.99 94384.0
7.10 97160.0
7.20 84668.0
7.31 91608.0
7.41 94384.0
7.52 123532.0
7.62 86056.0
7.73 116592.0
7.84 113816.0
7.94 99936.0
8.05 99936.0
8.15 80504.0
8.26 108264.0
8.38 115204.0
8.49 91608.0
8.60 112428.0
8.71 97160.0
8.82 123532.0
8.92 94384.0
9.03 111040.0
9.13 104100.0
9.24 95772.0
9.35 108264.0
9.45 102712.0
9.56 111040.0
9.66 91608.0
9.77 108264.0
9.87 98548.0
9.98 112428.0
10.10 95772.0
10.20 116592.0
10.32 97160.0
10.42 91608.0
10.53 92996.0
10.63 104100.0
10.74 105488.0
10.85 109652.0
10.95 86056.0
11.06 102712.0
11.16 92996.0
11.27 111040.0
11.37 92996.0
11.48 101324.0
11.59 97160.0
11.69 90220.0
11.80 117980.0
11.90 91608.0
12.01 101324.0
12.12 115204.0
12.23 108264.0
12.34 98548.0
12.44 95772.0
12.55 105488.0
12.65 90220.0
12.76 104100.0
12.87 99936.0
12.99 91608.0
13.10 99936.0
13.20 91608.0
13.31 80504.0
13.41 112428.0
13.52 109652.0
13.62 94384.0
13.73 92996.0
13.84 106876.0
13.94 83280.0
14.05 112428.0
14.15 104100.0
14.26 115204.0
14.37 106876.0
14.48 104100.0
14.59 112428.0
14.69 91608.0
14.80 115204.0
14.90 94384.0
15.02 106876.0
15.12 104100.0
15.24 105488.0
15.35 115204.0
15.46 94384.0
15.57 112428.0
15.67 88832.0
15.78 123532.0
15.88 92996.0
15.99 108264.0
16.10 112428.0
16.20 98548.0
16.31 115204.0
16.41 92996.0
16.52 111040.0
16.62 88832.0
16.73 104100.0
16.85 98548.0
16.95 115204.0
17.06 111040.0
17.16 92996.0
17.27 113816.0
17.37 104100.0
17.48 108264.0
17.59 104100.0
17.69 104100.0
17.81 98548.0
17.91 91608.0
18.02 109652.0
18.12 90220.0
18.23 111040.0
18.34 113816.0
18.44 90220.0
18.55 113816.0
18.65 87444.0
18.76 122144.0
18.88 109652.0
18.99 112428.0
19.10 115204.0
19.20 101324.0
19.31 112428.0
19.41 86056.0
19.52 108264.0
19.62 92996.0
19.73 111040.0
19.84 113816.0
19.95 87444.0
20.06 108264.0
20.16 92996.0
20.27 112428.0
20.37 79116.0
20.48 105488.0
20.60 105488.0
20.70 94384.0
20.81 105488.0
20.91 81892.0
21.02 115204.0
21.12 86056.0
21.23 105488.0
21.34 95772.0
21.44 106876.0
21.55 104100.0
21.65 101324.0
21.76 109652.0
21.87 106876.0
21.98 87444.0
22.10 113816.0
22.20 112428.0
22.31 108264.0
22.42 88832.0
22.53 106876.0
22.63 95772.0
22.74 98548.0
22.85 115204.0
22.95 102712.0
23.06 111040.0
23.17 99936.0
23.28 113816.0
23.39 86056.0
23.50 104100.0
23.61 106876.0
23.71 106876.0
23.82 106876.0
23.92 104100.0
24.03 115204.0
24.13 97160.0
24.24 116592.0
24.36 115204.0
24.46 94384.0
24.57 101324.0
24.67 90220.0
24.78 90220.0
24.88 111040.0
24.99 97160.0
25.10 101324.0
25.20 104100.0
25.31 105488.0
25.41 108264.0
25.53 101324.0
25.63 101324.0
25.74 115204.0
25.85 106876.0
25.95 108264.0
26.06 88832.0
26.17 105488.0
26.28 106876.0
26.38 105488.0
26.49 105488.0
26.60 102712.0
26.70 104100.0
26.82 116592.0
26.92 106876.0
27.03 116592.0
27.13 108264.0
27.24 105488.0
27.35 109652.0
27.46 112428.0
27.57 86056.0
27.67 111040.0
27.78 122144.0
27.88 98548.0
27.99 113816.0
28.10 92996.0
28.20 101324.0
28.31 116592.0
28.41 104100.0
28.52 117980.0
28.62 102712.0
28.73 98548.0
28.84 126308.0
28.94 104100.0
29.05 123532.0
29.15 91608.0
29.26 122144.0
29.37 124920.0
29.48 102712.0
29.59 106876.0
29.69 105488.0
29.80 115204.0
29.90 113816.0
