0.16 98548.0
0.28 105488.0
0.38 105488.0
0.49 99936.0
0.60 98548.0
0.70 95772.0
0.81 104100.0
0.91 90220.0
1.02 106876.0
1.13 108264.0
1.24 87444.0
1.35 98548.0
1.45 99936.0
1.56 101324.0
1.66 109652.0
1.77 105488.0
1.88 116592.0
1.99 95772.0
2.10 97160.0
2.20 99936.0
2.31 102712.0
2.41 83280.0
2.52 119368.0
2.63 104100.0
2.74 88832.0
2.85 87444.0
2.95 95772.0
3.07 105488.0
3.17 83280.0
3.28 105488.0
3.38 80504.0
3.49 112428.0
3.60 83280.0
3.70 102712.0
3.81 106876.0
3.91 79116.0
4.02 92996.0
4.13 94384.0
4.24 116592.0
4.36 116592.0
4.46 108264.0
4.57 116592.0
4.68 87444.0
4.79 98548.0
4.89 95772.0
5.00 90220.0
5.11 94384.0
5.21 111040.0
5.32 117980.0
5.42 87444.0
5.53 106876.0
5.63 104100.0
5.74 90220.0
5.85 113816.0
5.95 95772.0
6.06 98548.0
6.16 98548.0
6.27 101324.0
6.38 109652.0
6.49 136024.0
6.60 99936.0
6.70 83280.0
6.81 106876.0
6.91 91608.0
7.02 112428.0
7.13 102712.0
7.24 92996.0
7.35 108264.0
7.45 104100.0
7.56 95772.0
7.66 86056.0
7.77 106876.0
7.88 108264.0
7.99 108264.0
8.10 95772.0
8.20 101324.0
8.31 113816.0
8.41 88832.0
8.52 109652.0
8.63 104100.0
8.74 97160.0
8.85 97160.0
8.95 80504.0
9.06 101324.0
9.16 95772.0
9.27 109652.0
9.38 109652.0
9.49 106876.0
9.60 101324.0
9.70 86056.0
9.81 105488.0
9.91 91608.0
10.02 109652.0
10.13 104100.0
10.24 116592.0
10.35 108264.0
10.45 112428.0
10.56 105488.0
10.66 108264.0
10.77 92996.0
10.88 104100.0
11.00 94384.0
11.11 95772.0
11.21 111040.0
11.32 112428.0
11.42 99936.0
11.53 105488.0
11.64 105488.0
11.75 131860.0
11.86 99936.0
11.96 119368.0
12.07 120756.0
12.17 99936.0
12.28 95772.0
12.38 92996.0
12.49 86056.0
12.60 124920.0
12.70 91608.0
12.81 116592.0
12.91 90220.0
13.03 116592.0
13.13 113816.0
13.25 119368.0
13.36 109652.0
13.46 94384.0
13.57 109652.0
13.67 90220.0
13.78 112428.0
13.88 79116.0
13.99 105488.0
14.10 119368.0
14.20 92996.0
14.31 111040.0
14.41 102712.0
14.52 98548.0
14.63 104100.0
14.74 109652.0
14.86 104100.0
14.96 99936.0
15.07 92996.0
15.17 90220.0
15.28 111040.0
15.38 90220.0
15.49 101324.0
15.60 111040.0
15.70 88832.0
15.81 116592.0
15.91 104100.0
16.02 95772.0
16.13 105488.0
16.24 92996.0
16.35 130472.0
16.45 102712.0
16.56 108264.0
16.66 101324.0
16.77 117980.0
16.88 106876.0
16.99 90220.0
17.10 127696.0
17.21 101324.0
17.32 106876.0
17.42 95772.0
17.53 97160.0
17.63 94384.0
17.74 94384.0
17.85 95772.0
17.95 92996.0
18.06 104100.0
18.16 81892.0
18.27 102712.0
18.38 108264.0
18.49 88832.0
18.60 104100.0
18.70 112428.0
18.81 102712.0
18.91 101324.0
19.02 112428.0
19.13 104100.0
19.24 99936.0
19.35 97160.0
19.45 112428.0
19.56 112428.0
19.66 98548.0
19.78 123532.0
19.88 117980.0
19.99 115204.0
20.11 105488.0
20.21 108264.0
20.32 95772.0
20.42 92996.0
20.54 109652.0
20.64 113816.0
20.75 99936.0
20.86 97160.0
20.96 81892.0
21.07 113816.0
21.17 97160.0
21.29 108264.0
21.39 102712.0
21.50 115204.0
21.61 95772.0
21.72 94384.0
21.83 115204.0
21.93 90220.0
22.04 117980.0
22.14 104100.0
22.25 123532.0
22.36 116592.0
22.46 105488.0
22.57 123532.0
22.67 99936.0
22.78 120756.0
22.88 113816.0
22.99 117980.0
23.10 113816.0
23.20 81892.0
23.31 123532.0
23.41 106876.0
23.52 108264.0
23.63 123532.0
23.74 115204.0
23.85 112428.0
23.95 92996.0
24.06 104100.0
24.16 76340.0
24.27 102712.0
24.38 115204.0
24.49 94384.0
24.60 91608.0
24.70 97160.0
24.81 98548.0
24.91 87444.0
25.02 112428.0
25.13 111040.0
25.24 112428.0
25.35 115204.0
25.45 97160.0
25.56 102712.0
25.66 94384.0
25.77 116592.0
25.88 99936.0
25.99 104100.0
26.10 106876.0
26.20 95772.0
26.31 120756.0
26.41 99936.0
26.52 105488.0
26.63 120756.0
26.75 97160.0
26.86 113816.0
26.96 94384.0
27.07 105488.0
27.17 97160.0
27.28 80504.0
27.38 98548.0
27.49 90220.0
27.60 97160.0
27.70 92996.0
27.81 106876.0
27.92 86056.0
28.03 105488.0
28.13 97160.0
28.24 108264.0
28.35 102712.0
28.45 90220.0
28.56 112428.0
28.66 95772.0
28.77 101324.0
28.88 101324.0
28.99 112428.0
29.10 102712.0
29.20 98548.0
29.31 98548.0
29.41 91608.0
29.52 91608.0
29.63 101324.0
29.74 115204.0
29.85 108264.0
29.95 97160.0
