0.10 125115.22
0.20 125115.22
0.30 125115.22
0.40 125115.22
0.50 125115.22
0.60 125115.22
0.70 125115.22
0.80 125115.22
0.90 125115.22
1.00 125115.22
1.10 114797.96
1.20 114797.96
1.30 114797.96
1.40 114797.96
1.50 114797.96
1.60 114797.96
1.70 114797.96
1.80 114797.96
1.90 114797.96
2.00 114797.96
2.10 119098.98
2.20 119098.98
2.30 119098.98
2.40 119098.98
2.50 119098.98
2.60 119098.98
2.70 119098.98
2.80 119098.98
2.90 119098.98
3.00 119098.98
3.10 109418.46
3.20 109418.46
3.30 109418.46
3.40 109418.46
3.50 109418.46
3.60 109418.46
3.70 109418.46
3.80 109418.46
3.90 109418.46
4.00 109418.46
4.10 120420.35
4.20 120420.35
4.30 120420.35
4.40 120420.35
4.50 120420.35
4.60 120420.35
4.70 120420.35
4.80 120420.35
4.90 120420.35
5.00 120420.35
5.10 127265.32
5.20 127265.32
5.30 127265.32
5.40 127265.32
5.50 127265.32
5.60 127265.32
5.70 127265.32
5.80 127265.32
5.90 127265.32
6.00 127265.32
6.10 108801.72
6.20 108801.72
6.30 108801.72
6.40 108801.72
6.50 108801.72
6.60 108801.72
6.70 108801.72
6.80 108801.72
6.90 108801.72
7.00 108801.72
7.10 125727.48
7.20 125727.48
7.30 125727.48
7.40 125727.48
7.50 125727.48
7.60 125727.48
7.70 125727.48
7.80 125727.48
7.90 125727.48
8.00 125727.48
8.10 97664.29
8.20 97664.29
8.30 97664.29
8.40 97664.29
8.50 97664.29
8.60 97664.29
8.70 97664.29
8.80 97664.29
8.90 97664.29
9.00 97664.29
9.10 134161.03
9.20 134161.03
9.30 134161.03
9.40 134161.03
9.50 134161.03
9.60 134161.03
9.70 134161.03
9.80 134161.03
9.90 134161.03
10.00 134161.03
10.10 123953.15
10.20 123953.15
10.30 123953.15
10.40 123953.15
10.50 123953.15
10.60 123953.15
10.70 123953.15
10.80 123953.15
10.90 123953.15
11.00 123953.15
11.10 126246.18
11.20 126246.18
11.30 126246.18
11.40 126246.18
11.50 126246.18
11.60 126246.18
11.70 126246.18
11.80 126246.18
11.90 126246.18
12.00 126246.18
12.10 117468.97
12.20 117468.97
12.30 117468.97
12.40 117468.97
12.50 117468.97
12.60 117468.97
12.70 117468.97
12.80 117468.97
12.90 117468.97
13.00 117468.97
13.10 128404.69
13.20 128404.69
13.30 128404.69
13.40 128404.69
13.50 128404.69
13.60 128404.69
13.70 128404.69
13.80 128404.69
13.90 128404.69
14.00 128404.69
14.10 125442.02
14.20 125442.02
14.30 125442.02
14.40 125442.02
14.50 125442.02
14.60 125442.02
14.70 125442.02
14.80 125442.02
14.90 125442.02
15.00 125442.02
15.10 73989.59
15.20 73989.59
15.30 73989.59
15.40 73989.59
15.50 73989.59
15.60 73989.59
15.70 73989.59
15.80 73989.59
15.90 73989.59
16.00 73989.59
16.10 132300.61
16.20 132300.61
16.30 132300.61
16.40 132300.61
16.50 132300.61
16.60 132300.61
16.70 132300.61
16.80 132300.61
16.90 132300.61
17.00 132300.61
17.10 128606.99
17.20 128606.99
17.30 128606.99
17.40 128606.99
17.50 128606.99
17.60 128606.99
17.70 128606.99
17.80 128606.99
17.90 128606.99
18.00 128606.99
18.10 107516.44
18.20 107516.44
18.30 107516.44
18.40 107516.44
18.50 107516.44
18.60 107516.44
18.70 107516.44
18.80 107516.44
18.90 107516.44
19.00 107516.44
19.10 107235.73
19.20 107235.73
19.30 107235.73
19.40 107235.73
19.50 107235.73
19.60 107235.73
19.70 107235.73
19.80 107235.73
19.90 107235.73
20.00 107235.73
20.10 110011.52
20.20 110011.52
20.30 110011.52
20.40 110011.52
20.50 110011.52
20.60 110011.52
20.70 110011.52
20.80 110011.52
20.90 110011.52
21.00 110011.52
21.10 62008.70
21.20 62008.70
21.30 62008.70
21.40 62008.70
21.50 62008.70
21.60 62008.70
21.70 62008.70
21.80 62008.70
21.90 62008.70
22.00 62008.70
22.10 113427.67
22.20 113427.67
22.30 113427.67
22.40 113427.67
22.50 113427.67
22.60 113427.67
22.70 113427.67
22.80 113427.67
22.90 113427.67
23.00 113427.67
23.10 129688.30
23.20 129688.30
23.30 129688.30
23.40 129688.30
23.50 129688.30
23.60 129688.30
23.70 129688.30
23.80 129688.30
23.90 129688.30
24.00 129688.30
24.10 124884.19
24.20 124884.19
24.30 124884.19
24.40 124884.19
24.50 124884.19
24.60 124884.19
24.70 124884.19
24.80 124884.19
24.90 124884.19
25.00 124884.19
25.10 121501.46
25.20 121501.46
25.30 121501.46
25.40 121501.46
25.50 121501.46
25.60 121501.46
25.70 121501.46
25.80 121501.46
25.90 121501.46
26.00 121501.46
26.10 111669.44
26.20 111669.44
26.30 111669.44
26.40 111669.44
26.50 111669.44
26.60 111669.44
26.70 111669.44
26.80 111669.44
26.90 111669.44
27.00 111669.44
27.10 110124.12
27.20 110124.12
27.30 110124.12
27.40 110124.12
27.50 110124.12
27.60 110124.12
27.70 110124.12
27.80 110124.12
27.90 110124.12
28.00 110124.12
28.10 107727.18
28.20 107727.18
28.30 107727.18
28.40 107727.18
28.50 107727.18
28.60 107727.18
28.70 107727.18
28.80 107727.18
28.90 107727.18
29.00 107727.18
29.10 114368.90
29.20 114368.90
29.30 114368.90
29.40 114368.90
29.50 114368.90
29.60 114368.90
29.70 114368.90
29.80 114368.90
29.90 114368.90
30.00 114368.90
