0.12 86056.0
0.23 80504.0
0.34 68012.0
0.44 92996.0
0.55 91608.0
0.65 79116.0
0.76 95772.0
0.87 94384.0
0.98 104100.0
1.09 97160.0
1.19 90220.0
1.30 111040.0
1.40 95772.0
1.51 87444.0
1.62 104100.0
1.73 98548.0
1.84 116592.0
1.94 94384.0
2.05 123532.0
2.15 98548.0
2.26 104100.0
2.37 90220.0
2.48 86056.0
2.59 99936.0
2.69 69400.0
2.80 95772.0
2.90 87444.0
3.01 90220.0
3.12 94384.0
3.23 106876.0
3.34 123532.0
3.44 99936.0
3.55 99936.0
3.65 91608.0
3.76 104100.0
3.87 88832.0
3.98 108264.0
4.09 91608.0
4.19 87444.0
4.30 109652.0
4.40 80504.0
4.51 101324.0
4.62 88832.0
4.73 88832.0
4.84 87444.0
4.94 94384.0
5.05 86056.0
5.15 84668.0
5.26 77728.0
5.37 108264.0
5.48 104100.0
5.59 102712.0
5.69 109652.0
5.80 116592.0
5.90 90220.0
6.01 109652.0
6.12 95772.0
6.23 105488.0
6.34 72176.0
6.44 70788.0
6.55 79116.0
6.65 94384.0
6.76 97160.0
6.87 92996.0
6.98 99936.0
7.09 97160.0
7.19 98548.0
7.30 111040.0
7.40 87444.0
7.51 111040.0
7.62 105488.0
7.73 94384.0
7.84 106876.0
7.94 88832.0
8.05 111040.0
8.15 92996.0
8.26 120756.0
8.37 108264.0
8.48 111040.0
8.59 102712.0
8.69 92996.0
8.80 99936.0
8.90 91608.0
9.01 77728.0
9.12 92996.0
9.23 87444.0
9.34 101324.0
9.44 73564.0
9.55 84668.0
9.65 79116.0
9.76 77728.0
9.87 106876.0
9.98 86056.0
10.09 86056.0
10.19 86056.0
10.30 77728.0
10.40 90220.0
10.51 92996.0
10.62 101324.0
10.73 106876.0
10.84 102712.0
10.94 88832.0
11.05 86056.0
11.15 84668.0
11.26 92996.0
11.37 94384.0
11.48 99936.0
11.59 98548.0
11.69 95772.0
11.80 91608.0
11.90 105488.0
12.01 104100.0
12.13 95772.0
12.24 68012.0
12.35 99936.0
12.45 74952.0
12.56 51356.0
12.66 49968.0
12.77 80504.0
12.87 65236.0
12.98 91608.0
13.09 92996.0
13.19 94384.0
13.30 102712.0
13.40 79116.0
13.51 101324.0
13.62 102712.0
13.73 108264.0
13.84 92996.0
13.94 79116.0
14.05 98548.0
14.15 83280.0
14.26 101324.0
14.37 126308.0
14.48 105488.0
14.59 104100.0
14.69 91608.0
14.80 92996.0
14.90 90220.0
15.01 95772.0
15.12 119368.0
15.23 104100.0
15.34 101324.0
15.44 92996.0
15.55 87444.0
15.65 76340.0
15.76 88832.0
15.87 112428.0
15.98 98548.0
16.09 111040.0
16.19 92996.0
16.30 94384.0
16.40 77728.0
16.51 86056.0
16.62 86056.0
16.73 102712.0
16.84 99936.0
16.94 87444.0
17.05 97160.0
17.15 92996.0
17.26 81892.0
17.37 98548.0
17.48 99936.0
17.59 91608.0
17.69 81892.0
17.80 102712.0
17.90 92996.0
18.01 94384.0
18.12 104100.0
18.23 86056.0
18.34 97160.0
18.44 74952.0
18.55 73564.0
18.65 80504.0
18.76 122144.0
18.87 102712.0
18.98 92996.0
19.09 113816.0
19.19 92996.0
19.30 99936.0
19.40 92996.0
19.51 109652.0
19.62 106876.0
19.73 95772.0
19.84 108264.0
19.94 99936.0
20.05 106876.0
20.15 99936.0
20.26 98548.0
20.37 76340.0
20.48 86056.0
20.59 86056.0
20.69 91608.0
20.80 104100.0
20.90 97160.0
21.01 104100.0
21.12 97160.0
21.23 115204.0
21.34 113816.0
21.44 91608.0
21.55 102712.0
21.65 94384.0
21.76 84668.0
21.87 104100.0
21.98 101324.0
22.09 99936.0
22.19 81892.0
22.30 90220.0
22.40 98548.0
22.51 91608.0
22.62 99936.0
22.73 105488.0
22.84 98548.0
22.94 81892.0
23.05 83280.0
23.15 81892.0
23.26 91608.0
23.37 86056.0
23.48 76340.0
23.59 94384.0
23.69 72176.0
23.80 106876.0
23.90 90220.0
24.01 101324.0
24.12 87444.0
24.23 109652.0
24.34 101324.0
24.44 113816.0
24.55 116592.0
24.65 91608.0
24.76 95772.0
24.87 97160.0
24.98 79116.0
25.09 95772.0
25.19 91608.0
25.30 91608.0
25.40 80504.0
25.51 88832.0
25.62 94384.0
25.73 102712.0
25.84 98548.0
25.94 94384.0
26.05 101324.0
26.15 87444.0
26.26 87444.0
26.37 87444.0
26.48 99936.0
26.59 105488.0
26.69 81892.0
26.80 115204.0
26.90 101324.0
27.01 88832.0
27.12 106876.0
27.23 81892.0
27.34 104100.0
27.44 84668.0
27.55 97160.0
27.65 92996.0
27.76 88832.0
27.87 91608.0
27.98 84668.0
28.09 73564.0
28.19 92996.0
28.30 102712.0
28.40 74952.0
28.51 91608.0
28.62 83280.0
28.73 101324.0
28.84 95772.0
28.94 74952.0
29.05 92996.0
29.15 77728.0
29.26 94384.0
29.37 98548.0
29.48 95772.0
29.59 101324.0
29.69 98548.0
29.80 99936.0
29.90 84668.0
30.01 109652.0
30.12 106876.0
30.23 111040.0
30.34 86056.0
30.44 111040.0
30.55 104100.0
30.65 81892.0
30.76 92996.0
30.87 117980.0
30.98 102712.0
31.09 90220.0
31.19 79116.0
31.30 104100.0
31.40 80504.0
31.51 91608.0
31.62 106876.0
31.73 101324.0
31.84 98548.0
31.94 84668.0
32.05 115204.0
32.15 73564.0
32.26 109652.0
32.37 108264.0
32.48 97160.0
32.59 86056.0
32.69 69400.0
32.80 87444.0
32.90 91608.0
33.01 102712.0
33.12 104100.0
33.23 95772.0
33.34 106876.0
33.44 99936.0
33.55 92996.0
33.65 105488.0
33.76 111040.0
33.87 95772.0
33.98 97160.0
34.09 99936.0
34.19 98548.0
34.30 112428.0
34.40 72176.0
34.51 112428.0
34.62 101324.0
34.73 95772.0
34.84 113816.0
34.94 95772.0
35.05 105488.0
35.15 90220.0
35.26 92996.0
35.37 91608.0
35.48 111040.0
35.59 108264.0
35.69 81892.0
35.80 109652.0
35.90 99936.0
36.01 94384.0
36.12 117980.0
36.23 115204.0
36.34 101324.0
36.44 90220.0
36.55 97160.0
36.65 101324.0
36.76 90220.0
36.87 97160.0
36.98 104100.0
37.09 69400.0
37.19 59684.0
37.30 70788.0
37.40 86056.0
37.51 87444.0
37.62 102712.0
37.73 98548.0
37.84 101324.0
37.94 86056.0
38.05 88832.0
38.15 98548.0
38.26 97160.0
38.37 101324.0
38.48 105488.0
38.59 87444.0
38.69 98548.0
38.80 87444.0
38.90 76340.0
39.01 90220.0
39.12 97160.0
39.23 94384.0
39.34 105488.0
39.44 97160.0
39.55 99936.0
39.65 90220.0
39.76 95772.0
39.87 95772.0
39.98 95772.0
40.09 92996.0
40.19 99936.0
40.30 90220.0
40.40 88832.0
40.51 104100.0
40.62 105488.0
40.73 90220.0
40.84 90220.0
40.94 84668.0
41.05 112428.0
41.15 77728.0
41.26 86056.0
41.37 94384.0
41.48 97160.0
41.59 98548.0
41.69 87444.0
41.80 98548.0
41.90 99936.0
42.01 102712.0
42.13 84668.0
42.24 101324.0
42.35 99936.0
42.45 77728.0
42.56 108264.0
42.66 66624.0
42.77 88832.0
42.87 77728.0
42.98 77728.0
43.09 84668.0
43.19 79116.0
43.30 88832.0
43.40 83280.0
43.51 83280.0
43.62 101324.0
43.73 97160.0
43.84 84668.0
43.94 97160.0
44.05 86056.0
44.15 91608.0
44.26 66624.0
44.37 99936.0
44.48 95772.0
44.59 92996.0
44.69 68012.0
44.80 81892.0
44.90 76340.0
45.01 80504.0
45.12 92996.0
45.23 95772.0
45.34 104100.0
45.44 84668.0
45.55 120756.0
45.65 73564.0
45.76 80504.0
45.87 95772.0
45.98 68012.0
46.09 80504.0
46.19 90220.0
46.30 95772.0
46.40 94384.0
46.51 88832.0
46.62 113816.0
46.73 105488.0
46.84 109652.0
46.94 102712.0
47.05 92996.0
47.15 109652.0
47.26 87444.0
47.37 94384.0
47.48 86056.0
47.59 83280.0
47.69 77728.0
47.80 95772.0
47.90 62460.0
48.01 94384.0
48.12 113816.0
48.23 98548.0
48.34 97160.0
48.44 109652.0
48.55 88832.0
48.65 76340.0
48.76 90220.0
48.87 86056.0
48.98 92996.0
49.09 90220.0
49.19 97160.0
49.30 87444.0
49.40 99936.0
49.51 90220.0
49.62 79116.0
49.73 91608.0
49.84 81892.0
49.94 86056.0
50.05 95772.0
50.15 81892.0
50.26 77728.0
50.37 88832.0
50.48 92996.0
50.59 76340.0
50.69 72176.0
50.80 81892.0
50.90 73564.0
51.01 86056.0
51.12 79116.0
51.23 79116.0
51.34 79116.0
51.44 81892.0
51.55 83280.0
51.65 72176.0
51.76 74952.0
51.87 80504.0
51.98 72176.0
52.09 94384.0
52.19 83280.0
52.30 68012.0
52.40 94384.0
52.51 95772.0
52.62 80504.0
52.73 94384.0
52.84 77728.0
52.94 65236.0
53.05 76340.0
53.15 79116.0
53.26 79116.0
53.37 94384.0
53.48 86056.0
53.59 73564.0
53.69 76340.0
53.80 91608.0
53.90 69400.0
54.01 88832.0
54.12 87444.0
54.23 86056.0
54.34 74952.0
54.44 86056.0
54.55 65236.0
54.65 56908.0
54.76 65236.0
54.87 56908.0
54.98 65236.0
55.09 69400.0
55.19 76340.0
55.30 68012.0
55.41 76340.0
55.52 70788.0
55.62 69400.0
55.73 79116.0
55.84 90220.0
55.94 65236.0
56.05 66624.0
56.15 76340.0
56.26 61072.0
56.37 74952.0
56.48 72176.0
56.59 76340.0
56.69 47192.0
56.80 72176.0
56.90 59684.0
57.01 94384.0
57.12 88832.0
57.23 84668.0
57.34 77728.0
57.45 72176.0
57.56 79116.0
57.66 66624.0
57.77 81892.0
57.87 77728.0
57.98 74952.0
58.09 87444.0
58.19 74952.0
58.30 83280.0
58.40 70788.0
58.51 83280.0
58.62 62460.0
58.73 91608.0
58.84 88832.0
58.94 74952.0
59.05 84668.0
59.15 79116.0
59.26 73564.0
59.37 90220.0
59.48 99936.0
59.59 105488.0
59.69 77728.0
59.80 52744.0
59.90 69400.0
