0.16 49968.0
0.27 56908.0
0.39 109652.0
0.50 102712.0
0.61 102712.0
0.71 81892.0
0.82 83280.0
0.92 92996.0
1.03 92996.0
1.13 80504.0
1.25 61072.0
1.36 106876.0
1.46 48580.0
1.57 86056.0
1.68 95772.0
1.79 99936.0
1.89 88832.0
2.00 97160.0
2.11 102712.0
2.21 87444.0
2.32 101324.0
2.42 101324.0
2.53 104100.0
2.63 98548.0
2.74 106876.0
2.85 84668.0
2.95 95772.0
3.06 97160.0
3.16 80504.0
3.27 90220.0
3.39 90220.0
3.50 99936.0
3.61 104100.0
3.71 62460.0
3.82 81892.0
3.92 77728.0
4.03 95772.0
4.13 91608.0
4.24 87444.0
4.35 90220.0
4.45 94384.0
4.56 97160.0
4.66 80504.0
4.77 95772.0
4.88 83280.0
4.99 113816.0
5.10 98548.0
5.20 80504.0
5.31 99936.0
5.41 97160.0
5.52 91608.0
5.63 102712.0
5.74 86056.0
5.85 90220.0
5.95 80504.0
6.06 94384.0
6.16 65236.0
6.27 95772.0
6.38 99936.0
6.49 90220.0
6.60 86056.0
6.70 84668.0
6.81 109652.0
6.91 80504.0
7.02 88832.0
7.13 109652.0
7.24 94384.0
7.35 95772.0
7.45 83280.0
7.56 97160.0
7.66 74952.0
7.77 95772.0
7.88 91608.0
7.99 105488.0
8.10 92996.0
8.20 104100.0
8.31 94384.0
8.42 108264.0
8.53 104100.0
8.63 72176.0
8.74 92996.0
8.85 102712.0
8.95 73564.0
9.06 72176.0
9.16 86056.0
9.27 80504.0
9.38 70788.0
9.49 111040.0
9.60 106876.0
9.71 76340.0
9.82 97160.0
9.92 94384.0
10.03 91608.0
10.13 108264.0
10.24 106876.0
10.35 92996.0
10.45 90220.0
10.56 92996.0
10.67 112428.0
10.78 90220.0
10.88 73564.0
10.99 97160.0
11.10 79116.0
11.20 90220.0
11.31 95772.0
11.41 90220.0
11.52 105488.0
11.63 91608.0
11.74 92996.0
11.85 95772.0
11.95 95772.0
12.06 108264.0
12.16 111040.0
12.28 87444.0
12.38 84668.0
12.49 104100.0
12.60 99936.0
12.70 83280.0
12.81 94384.0
12.91 76340.0
13.02 87444.0
13.13 92996.0
13.24 72176.0
13.35 115204.0
13.45 99936.0
13.56 63848.0
13.66 73564.0
13.77 90220.0
13.88 87444.0
13.99 98548.0
14.10 99936.0
14.20 86056.0
14.31 105488.0
14.41 99936.0
14.52 101324.0
14.63 98548.0
14.74 98548.0
14.85 92996.0
14.95 79116.0
15.07 81892.0
15.17 87444.0
15.28 87444.0
15.38 87444.0
15.49 112428.0
15.60 90220.0
15.70 84668.0
15.81 109652.0
15.91 81892.0
16.03 98548.0
16.13 102712.0
16.24 99936.0
16.35 116592.0
16.45 98548.0
16.56 84668.0
16.66 92996.0
16.77 91608.0
16.88 79116.0
17.00 77728.0
17.11 92996.0
17.21 88832.0
17.32 104100.0
17.42 91608.0
17.53 101324.0
17.63 91608.0
17.74 102712.0
17.85 115204.0
17.95 90220.0
18.06 87444.0
18.16 76340.0
18.27 81892.0
18.38 99936.0
18.49 94384.0
18.60 83280.0
18.70 88832.0
18.81 88832.0
18.91 95772.0
19.02 88832.0
19.13 91608.0
19.24 104100.0
19.35 116592.0
19.45 97160.0
19.56 126308.0
19.66 104100.0
19.77 106876.0
19.88 101324.0
19.99 109652.0
20.11 94384.0
20.21 77728.0
20.32 117980.0
20.42 80504.0
20.53 74952.0
20.63 77728.0
20.74 77728.0
20.85 104100.0
20.95 97160.0
21.27 36088.0
21.38 265108.0
21.49 40252.0
21.60 44416.0
21.70 76340.0
21.81 105488.0
21.91 79116.0
22.02 81892.0
22.13 105488.0
22.24 108264.0
22.35 98548.0
22.45 81892.0
22.56 95772.0
22.66 65236.0
22.77 86056.0
22.89 122144.0
23.00 70788.0
23.11 83280.0
23.21 79116.0
23.32 86056.0
23.42 70788.0
23.53 102712.0
23.63 92996.0
23.74 95772.0
23.85 101324.0
23.95 80504.0
24.06 66624.0
24.16 92996.0
24.27 113816.0
24.38 104100.0
24.49 98548.0
24.60 87444.0
24.70 79116.0
24.81 108264.0
24.91 101324.0
25.02 109652.0
25.13 98548.0
25.24 101324.0
25.35 91608.0
25.45 79116.0
25.56 91608.0
25.66 111040.0
25.77 87444.0
25.88 101324.0
25.99 83280.0
26.10 84668.0
26.20 83280.0
26.31 102712.0
26.41 80504.0
26.52 120756.0
26.63 106876.0
26.74 106876.0
26.85 86056.0
26.96 112428.0
27.07 116592.0
27.17 106876.0
27.28 94384.0
27.38 98548.0
27.49 97160.0
27.60 92996.0
27.70 72176.0
27.81 70788.0
27.92 54132.0
28.03 120756.0
28.13 48580.0
28.25 59684.0
28.36 79116.0
28.46 101324.0
28.57 95772.0
28.67 90220.0
28.78 92996.0
28.88 97160.0
28.99 113816.0
29.11 104100.0
29.21 77728.0
29.32 83280.0
29.42 79116.0
29.53 83280.0
29.63 90220.0
29.74 99936.0
29.85 99936.0
29.95 81892.0
30.06 112428.0
30.16 101324.0
30.27 79116.0
30.38 101324.0
30.49 68012.0
30.60 104100.0
30.70 68012.0
30.81 119368.0
30.91 70788.0
31.02 88832.0
31.13 105488.0
31.24 115204.0
31.35 119368.0
31.45 86056.0
31.56 104100.0
31.66 83280.0
31.77 72176.0
31.88 76340.0
31.99 66624.0
32.10 68012.0
32.20 70788.0
32.31 80504.0
32.41 90220.0
32.52 88832.0
32.63 108264.0
32.74 92996.0
32.85 87444.0
32.96 79116.0
33.08 86056.0
33.18 66624.0
33.29 84668.0
33.39 94384.0
33.50 113816.0
33.61 54132.0
33.71 87444.0
33.82 111040.0
33.92 77728.0
34.03 61072.0
34.13 70788.0
34.24 95772.0
34.35 98548.0
34.45 86056.0
34.56 91608.0
34.66 90220.0
34.77 113816.0
34.88 84668.0
34.99 86056.0
35.10 97160.0
35.20 97160.0
35.31 113816.0
35.41 99936.0
35.52 83280.0
35.63 95772.0
35.74 95772.0
35.85 99936.0
35.95 84668.0
36.06 112428.0
36.16 91608.0
36.27 117980.0
36.58 49968.0
36.68 251228.0
36.79 201260.0
36.89 106876.0
37.00 101324.0
37.11 108264.0
37.21 92996.0
37.32 112428.0
37.42 92996.0
37.53 95772.0
37.63 102712.0
37.74 108264.0
37.85 119368.0
37.95 101324.0
38.06 104100.0
38.16 97160.0
38.27 108264.0
38.38 111040.0
38.49 115204.0
38.60 116592.0
38.70 105488.0
38.81 122144.0
38.91 105488.0
39.02 108264.0
39.13 119368.0
39.24 95772.0
39.35 104100.0
39.45 79116.0
39.56 105488.0
39.66 91608.0
39.77 94384.0
39.88 102712.0
39.99 119368.0
40.10 94384.0
40.20 99936.0
40.31 101324.0
40.41 105488.0
40.53 113816.0
40.63 99936.0
40.74 97160.0
40.85 109652.0
40.95 81892.0
41.06 106876.0
41.16 102712.0
41.27 113816.0
41.38 104100.0
41.49 108264.0
41.60 113816.0
41.70 104100.0
41.81 105488.0
41.91 95772.0
42.02 98548.0
42.13 92996.0
42.24 102712.0
42.35 98548.0
42.45 84668.0
42.56 108264.0
42.66 88832.0
42.77 87444.0
42.88 113816.0
42.99 99936.0
43.10 87444.0
43.20 87444.0
43.31 105488.0
43.41 73564.0
43.52 109652.0
43.63 104100.0
43.74 87444.0
43.85 116592.0
43.95 92996.0
44.06 102712.0
44.16 90220.0
44.27 95772.0
44.38 88832.0
44.49 105488.0
44.60 95772.0
44.70 77728.0
44.81 98548.0
44.91 113816.0
45.02 99936.0
45.13 105488.0
45.24 108264.0
45.36 111040.0
45.46 109652.0
45.57 109652.0
45.67 99936.0
45.78 99936.0
45.88 106876.0
45.99 123532.0
46.10 109652.0
46.20 98548.0
46.31 88832.0
46.41 86056.0
46.52 94384.0
46.63 94384.0
46.74 94384.0
46.85 86056.0
46.95 77728.0
47.06 94384.0
47.16 68012.0
47.27 76340.0
47.38 83280.0
47.49 113816.0
47.60 109652.0
47.70 97160.0
47.81 86056.0
47.91 101324.0
48.02 120756.0
48.13 104100.0
48.24 113816.0
48.35 113816.0
48.45 92996.0
48.56 117980.0
48.66 84668.0
48.77 99936.0
48.89 111040.0
49.00 122144.0
49.11 115204.0
49.21 102712.0
49.32 123532.0
49.42 104100.0
49.53 91608.0
49.63 112428.0
49.74 97160.0
49.85 105488.0
49.95 117980.0
50.06 111040.0
50.16 91608.0
50.27 109652.0
50.38 106876.0
50.49 111040.0
50.60 113816.0
50.70 94384.0
50.81 116592.0
50.91 99936.0
51.02 101324.0
51.13 101324.0
51.24 119368.0
51.35 112428.0
51.45 104100.0
51.56 113816.0
51.66 88832.0
51.77 105488.0
51.88 108264.0
51.99 94384.0
52.10 122144.0
52.20 102712.0
52.31 112428.0
52.41 99936.0
52.52 113816.0
52.63 123532.0
52.74 109652.0
52.85 116592.0
52.95 92996.0
53.06 109652.0
53.16 87444.0
53.28 126308.0
53.38 108264.0
53.49 124920.0
53.60 113816.0
53.70 95772.0
53.81 102712.0
53.91 104100.0
54.02 94384.0
54.13 112428.0
54.24 113816.0
54.35 116592.0
54.45 84668.0
54.56 88832.0
54.66 98548.0
54.77 102712.0
54.88 112428.0
54.99 95772.0
55.10 91608.0
55.20 98548.0
55.31 88832.0
55.42 84668.0
55.53 66624.0
55.63 76340.0
55.74 115204.0
55.85 97160.0
55.95 94384.0
56.06 106876.0
56.16 104100.0
56.27 108264.0
56.38 116592.0
56.49 112428.0
56.60 105488.0
56.70 92996.0
56.81 111040.0
56.91 113816.0
57.02 98548.0
57.13 116592.0
57.24 111040.0
57.35 101324.0
57.45 104100.0
57.57 99936.0
57.67 108264.0
57.78 99936.0
57.88 101324.0
57.99 99936.0
58.10 113816.0
58.20 101324.0
58.31 106876.0
58.41 80504.0
58.52 115204.0
58.64 70788.0
58.75 113816.0
58.86 99936.0
58.98 90220.0
59.09 98548.0
59.19 104100.0
59.30 86056.0
59.40 97160.0
59.51 111040.0
59.62 90220.0
59.72 77728.0
59.83 123532.0
59.93 97160.0
