0.16 81892.0
0.27 104100.0
0.38 91608.0
0.49 105488.0
0.60 95772.0
0.71 104100.0
0.82 117980.0
0.92 81892.0
1.04 86056.0
1.14 77728.0
1.25 104100.0
1.36 105488.0
1.47 87444.0
1.59 116592.0
1.70 97160.0
1.81 105488.0
1.91 79116.0
2.02 102712.0
2.13 109652.0
2.24 109652.0
2.35 105488.0
2.45 95772.0
2.56 106876.0
2.66 83280.0
2.77 104100.0
2.88 99936.0
2.99 111040.0
3.10 105488.0
3.20 81892.0
3.31 97160.0
3.41 98548.0
3.52 109652.0
3.63 98548.0
3.74 88832.0
3.85 106876.0
3.95 86056.0
4.06 102712.0
4.16 95772.0
4.27 99936.0
4.38 94384.0
4.49 99936.0
4.60 95772.0
4.70 76340.0
4.82 106876.0
4.92 94384.0
5.04 102712.0
5.14 102712.0
5.25 109652.0
5.36 92996.0
5.46 79116.0
5.57 88832.0
5.67 91608.0
5.78 91608.0
5.88 88832.0
5.99 94384.0
6.11 104100.0
6.21 86056.0
6.32 92996.0
6.42 88832.0
6.53 92996.0
6.63 91608.0
6.74 104100.0
6.85 98548.0
6.95 76340.0
7.06 98548.0
7.16 69400.0
7.27 91608.0
7.38 92996.0
7.49 108264.0
7.60 98548.0
7.70 80504.0
7.81 109652.0
7.91 97160.0
8.02 76340.0
8.13 120756.0
8.24 87444.0
8.35 97160.0
8.45 99936.0
8.56 94384.0
8.66 106876.0
8.78 92996.0
8.88 79116.0
8.99 91608.0
9.10 106876.0
9.20 94384.0
9.31 106876.0
9.41 81892.0
9.52 104100.0
9.63 98548.0
9.74 98548.0
9.85 105488.0
9.95 88832.0
10.06 104100.0
10.17 86056.0
10.28 108264.0
10.39 87444.0
10.50 101324.0
10.61 99936.0
10.71 87444.0
10.82 97160.0
10.92 92996.0
11.03 97160.0
11.14 87444.0
11.25 101324.0
11.36 99936.0
11.46 91608.0
11.57 92996.0
11.67 87444.0
11.78 101324.0
11.88 112428.0
11.99 91608.0
12.10 91608.0
12.20 97160.0
12.31 95772.0
12.41 95772.0
12.52 111040.0
12.63 92996.0
12.74 109652.0
12.85 91608.0
12.95 83280.0
13.06 91608.0
13.16 101324.0
13.27 101324.0
13.38 104100.0
13.49 106876.0
13.60 99936.0
13.70 98548.0
13.81 97160.0
13.91 111040.0
14.02 101324.0
14.13 95772.0
14.24 86056.0
14.35 90220.0
14.45 91608.0
14.56 102712.0
14.66 105488.0
14.77 104100.0
14.88 108264.0
14.99 80504.0
15.10 106876.0
15.20 84668.0
15.31 86056.0
15.41 79116.0
15.52 72176.0
15.63 90220.0
15.74 92996.0
15.85 101324.0
15.95 86056.0
16.06 92996.0
16.16 95772.0
16.27 77728.0
16.38 105488.0
16.49 105488.0
16.60 87444.0
16.70 84668.0
16.94 12492.0
17.05 262332.0
17.16 116592.0
17.27 112428.0
17.38 95772.0
17.50 84668.0
17.61 105488.0
17.71 74952.0
17.82 90220.0
17.92 81892.0
18.03 86056.0
18.13 91608.0
18.24 102712.0
18.35 84668.0
18.45 98548.0
18.56 104100.0
18.66 94384.0
18.77 97160.0
18.89 95772.0
19.00 112428.0
19.11 108264.0
19.21 79116.0
19.32 83280.0
19.42 101324.0
19.53 95772.0
19.63 98548.0
19.74 108264.0
19.85 92996.0
19.95 81892.0
20.07 70788.0
20.17 88832.0
20.28 91608.0
20.38 84668.0
20.49 99936.0
20.60 101324.0
20.70 97160.0
20.81 92996.0
20.91 94384.0
21.02 95772.0
21.13 94384.0
21.24 91608.0
21.35 101324.0
21.45 87444.0
21.56 105488.0
21.67 97160.0
21.78 109652.0
21.88 86056.0
21.99 104100.0
22.10 74952.0
22.20 76340.0
22.31 72176.0
22.41 88832.0
22.52 116592.0
22.63 98548.0
22.74 117980.0
22.85 101324.0
22.95 81892.0
23.06 106876.0
23.16 101324.0
23.27 99936.0
23.39 101324.0
23.50 90220.0
23.61 99936.0
23.71 91608.0
23.82 106876.0
23.92 94384.0
24.03 105488.0
24.13 95772.0
24.24 116592.0
24.35 91608.0
24.45 101324.0
24.56 116592.0
24.66 91608.0
24.77 99936.0
24.88 95772.0
24.99 95772.0
25.10 106876.0
25.20 102712.0
25.31 101324.0
25.41 102712.0
25.52 74952.0
25.63 94384.0
25.74 108264.0
25.86 80504.0
26.06 2776.0
26.16 267884.0
26.27 134636.0
26.38 101324.0
26.49 97160.0
26.60 117980.0
26.71 94384.0
26.82 106876.0
26.92 87444.0
27.03 111040.0
27.13 97160.0
27.24 98548.0
27.35 112428.0
27.45 98548.0
27.56 106876.0
27.66 94384.0
27.77 92996.0
27.88 92996.0
28.00 90220.0
28.11 109652.0
28.21 77728.0
28.32 91608.0
28.42 99936.0
28.68 9716.0
28.79 295644.0
28.89 102712.0
29.00 94384.0
29.11 106876.0
29.21 94384.0
29.32 86056.0
29.42 94384.0
29.54 106876.0
29.64 95772.0
29.75 97160.0
29.86 80504.0
29.96 90220.0
30.07 97160.0
30.17 94384.0
30.28 98548.0
30.39 81892.0
30.50 106876.0
30.92 69400.0
31.03 291480.0
31.13 165172.0
31.24 95772.0
31.36 104100.0
31.46 80504.0
31.57 104100.0
31.67 92996.0
31.78 106876.0
31.88 87444.0
32.00 99936.0
32.11 99936.0
32.21 79116.0
32.32 84668.0
32.42 101324.0
32.53 104100.0
32.64 95772.0
32.75 112428.0
32.86 102712.0
32.97 87444.0
33.08 109652.0
33.18 88832.0
33.29 113816.0
33.40 80504.0
33.51 99936.0
33.62 98548.0
33.72 94384.0
33.83 108264.0
33.93 88832.0
34.04 108264.0
34.14 95772.0
34.25 95772.0
34.36 98548.0
34.46 92996.0
34.57 109652.0
34.67 90220.0
34.78 87444.0
34.88 76340.0
35.00 83280.0
35.11 120756.0
35.22 86056.0
35.33 106876.0
35.43 91608.0
35.54 108264.0
35.64 90220.0
35.75 91608.0
35.86 106876.0
35.96 87444.0
36.07 111040.0
36.17 95772.0
36.28 105488.0
36.39 97160.0
36.50 104100.0
36.61 84668.0
36.71 95772.0
36.82 88832.0
36.93 90220.0
37.04 102712.0
37.14 86056.0
37.25 99936.0
37.36 106876.0
37.46 94384.0
37.57 92996.0
37.67 72176.0
37.78 92996.0
37.88 90220.0
37.99 83280.0
38.10 91608.0
38.20 90220.0
38.31 88832.0
38.41 88832.0
38.52 104100.0
38.63 95772.0
38.74 104100.0
38.85 97160.0
38.95 101324.0
39.06 99936.0
39.16 92996.0
39.27 95772.0
39.38 77728.0
39.49 106876.0
39.60 90220.0
39.70 73564.0
39.81 86056.0
39.91 80504.0
40.02 92996.0
40.13 104100.0
40.24 106876.0
40.35 94384.0
40.45 88832.0
40.56 112428.0
40.66 65236.0
40.77 91608.0
40.88 101324.0
40.99 101324.0
41.10 91608.0
41.20 88832.0
41.31 74952.0
41.41 80504.0
41.52 98548.0
41.63 98548.0
41.74 83280.0
41.85 116592.0
41.95 86056.0
42.06 86056.0
42.16 77728.0
42.27 92996.0
42.38 91608.0
42.49 95772.0
42.60 109652.0
42.71 87444.0
42.82 99936.0
42.92 79116.0
43.03 79116.0
43.13 101324.0
43.24 86056.0
43.35 94384.0
43.45 83280.0
43.56 91608.0
43.66 73564.0
43.77 105488.0
43.88 99936.0
43.99 76340.0
44.10 106876.0
44.20 80504.0
44.31 83280.0
44.41 81892.0
44.52 86056.0
44.63 113816.0
44.74 108264.0
44.85 84668.0
44.95 65236.0
45.06 108264.0
45.16 77728.0
45.27 98548.0
45.38 56908.0
45.49 55520.0
45.60 63848.0
45.70 102712.0
45.81 109652.0
45.91 87444.0
46.02 86056.0
46.13 86056.0
46.24 92996.0
46.35 98548.0
46.45 91608.0
46.56 98548.0
46.66 79116.0
46.77 65236.0
46.88 91608.0
46.99 87444.0
47.10 101324.0
47.20 91608.0
47.32 76340.0
47.42 91608.0
47.53 92996.0
47.63 80504.0
47.74 106876.0
47.85 91608.0
47.95 80504.0
48.06 90220.0
48.16 73564.0
48.27 91608.0
48.38 81892.0
48.49 55520.0
48.60 51356.0
48.70 49968.0
48.81 72176.0
48.91 87444.0
49.02 95772.0
49.13 95772.0
49.24 84668.0
49.35 73564.0
49.45 97160.0
49.56 97160.0
49.66 94384.0
49.77 84668.0
49.88 90220.0
49.99 73564.0
50.10 87444.0
50.20 76340.0
50.31 94384.0
50.42 83280.0
50.53 102712.0
50.63 62460.0
50.74 94384.0
50.85 104100.0
50.95 95772.0
51.07 106876.0
51.17 88832.0
51.29 102712.0
51.39 83280.0
51.50 86056.0
51.61 95772.0
51.71 83280.0
51.82 99936.0
51.92 90220.0
52.03 108264.0
52.13 84668.0
52.24 101324.0
52.35 102712.0
52.45 92996.0
52.56 98548.0
52.66 90220.0
52.77 111040.0
52.88 90220.0
52.99 94384.0
53.11 90220.0
53.21 90220.0
53.32 105488.0
53.42 81892.0
53.53 99936.0
53.64 90220.0
53.76 106876.0
53.87 108264.0
53.97 94384.0
54.08 90220.0
54.18 90220.0
54.29 98548.0
54.39 90220.0
54.50 87444.0
54.61 97160.0
54.71 86056.0
54.82 119368.0
54.92 86056.0
55.03 94384.0
55.13 91608.0
55.24 101324.0
55.36 98548.0
55.46 97160.0
55.57 102712.0
55.67 98548.0
55.78 99936.0
55.88 81892.0
55.99 84668.0
56.10 94384.0
56.20 86056.0
56.32 87444.0
56.42 111040.0
56.53 95772.0
56.63 101324.0
56.74 90220.0
56.85 112428.0
56.95 86056.0
57.06 98548.0
57.16 91608.0
57.28 94384.0
57.38 95772.0
57.49 104100.0
57.61 97160.0
57.71 70788.0
57.82 98548.0
57.92 88832.0
58.03 76340.0
58.13 116592.0
58.25 98548.0
58.36 113816.0
58.46 81892.0
58.57 102712.0
58.67 79116.0
58.78 99936.0
58.88 92996.0
58.99 94384.0
59.10 111040.0
59.20 102712.0
59.31 119368.0
59.41 76340.0
59.52 76340.0
59.63 86056.0
59.74 105488.0
59.85 101324.0
59.95 72176.0
