0.10 49459.20
0.20 49459.20
0.30 49459.20
0.40 49459.20
0.50 49459.20
0.60 49459.20
0.70 49459.20
0.80 49459.20
0.90 49459.20
1.00 49459.20
1.10 91648.00
1.20 91648.00
1.30 91648.00
1.40 91648.00
1.50 91648.00
1.60 91648.00
1.70 91648.00
1.80 91648.00
1.90 91648.00
2.00 91648.00
2.10 66560.00
2.20 66560.00
2.30 66560.00
2.40 66560.00
2.50 66560.00
2.60 66560.00
2.70 66560.00
2.80 66560.00
2.90 66560.00
3.00 66560.00
3.10 45568.00
3.20 45568.00
3.30 45568.00
3.40 45568.00
3.50 45568.00
3.60 45568.00
3.70 45568.00
3.80 45568.00
3.90 45568.00
4.00 45568.00
4.10 27852.80
4.20 27852.80
4.30 27852.80
4.40 27852.80
4.50 27852.80
4.60 27852.80
4.70 27852.80
4.80 27852.80
4.90 27852.80
5.00 27852.80
5.10 11776.00
5.20 11776.00
5.30 11776.00
5.40 11776.00
5.50 11776.00
5.60 11776.00
5.70 11776.00
5.80 11776.00
5.90 11776.00
6.00 11776.00
6.10 12902.40
6.20 12902.40
6.30 12902.40
6.40 12902.40
6.50 12902.40
6.60 12902.40
6.70 12902.40
6.80 12902.40
6.90 12902.40
7.00 12902.40
7.10 8601.60
7.20 8601.60
7.30 8601.60
7.40 8601.60
7.50 8601.60
7.60 8601.60
7.70 8601.60
7.80 8601.60
7.90 8601.60
8.00 8601.60
8.10 10956.80
8.20 10956.80
8.30 10956.80
8.40 10956.80
8.50 10956.80
8.60 10956.80
8.70 10956.80
8.80 10956.80
8.90 10956.80
9.00 10956.80
9.10 15872.00
9.20 15872.00
9.30 15872.00
9.40 15872.00
9.50 15872.00
9.60 15872.00
9.70 15872.00
9.80 15872.00
9.90 15872.00
10.00 15872.00
10.10 37171.20
10.20 37171.20
10.30 37171.20
10.40 37171.20
10.50 37171.20
10.60 37171.20
10.70 37171.20
10.80 37171.20
10.90 37171.20
11.00 37171.20
11.10 53350.40
11.20 53350.40
11.30 53350.40
11.40 53350.40
11.50 53350.40
11.60 53350.40
11.70 53350.40
11.80 53350.40
11.90 53350.40
12.00 53350.40
12.10 42700.80
12.20 42700.80
12.30 42700.80
12.40 42700.80
12.50 42700.80
12.60 42700.80
12.70 42700.80
12.80 42700.80
12.90 42700.80
13.00 42700.80
13.10 52940.80
13.20 52940.80
13.30 52940.80
13.40 52940.80
13.50 52940.80
13.60 52940.80
13.70 52940.80
13.80 52940.80
13.90 52940.80
14.00 52940.80
14.10 47923.20
14.20 47923.20
14.30 47923.20
14.40 47923.20
14.50 47923.20
14.60 47923.20
14.70 47923.20
14.80 47923.20
14.90 47923.20
15.00 47923.20
15.10 32256.00
15.20 32256.00
15.30 32256.00
15.40 32256.00
15.50 32256.00
15.60 32256.00
15.70 32256.00
15.80 32256.00
15.90 32256.00
16.00 32256.00
16.10 2867.20
16.20 2867.20
16.30 2867.20
16.40 2867.20
16.50 2867.20
16.60 2867.20
16.70 2867.20
16.80 2867.20
16.90 2867.20
17.00 2867.20
17.10 117145.60
17.20 117145.60
17.30 117145.60
17.40 117145.60
17.50 117145.60
17.60 117145.60
17.70 117145.60
17.80 117145.60
17.90 117145.60
18.00 117145.60
18.10 69939.20
18.20 69939.20
18.30 69939.20
18.40 69939.20
18.50 69939.20
18.60 69939.20
18.70 69939.20
18.80 69939.20
18.90 69939.20
19.00 69939.20
19.10 62976.00
19.20 62976.00
19.30 62976.00
19.40 62976.00
19.50 62976.00
19.60 62976.00
19.70 62976.00
19.80 62976.00
19.90 62976.00
20.00 62976.00
20.10 66457.60
20.20 66457.60
20.30 66457.60
20.40 66457.60
20.50 66457.60
20.60 66457.60
20.70 66457.60
20.80 66457.60
20.90 66457.60
21.00 66457.60
21.10 614.40
21.20 614.40
21.30 614.40
21.40 614.40
21.50 614.40
21.60 614.40
21.70 614.40
21.80 614.40
21.90 614.40
22.00 614.40
22.10 110284.80
22.20 110284.80
22.30 110284.80
22.40 110284.80
22.50 110284.80
22.60 110284.80
22.70 110284.80
22.80 110284.80
22.90 110284.80
23.00 110284.80
23.10 51200.00
23.20 51200.00
23.30 51200.00
23.40 51200.00
23.50 51200.00
23.60 51200.00
23.70 51200.00
23.80 51200.00
23.90 51200.00
24.00 51200.00
24.10 58572.80
24.20 58572.80
24.30 58572.80
24.40 58572.80
24.50 58572.80
24.60 58572.80
24.70 58572.80
24.80 58572.80
24.90 58572.80
25.00 58572.80
25.10 74342.40
25.20 74342.40
25.30 74342.40
25.40 74342.40
25.50 74342.40
25.60 74342.40
25.70 74342.40
25.80 74342.40
25.90 74342.40
26.00 74342.40
26.10 60416.00
26.20 60416.00
26.30 60416.00
26.40 60416.00
26.50 60416.00
26.60 60416.00
26.70 60416.00
26.80 60416.00
26.90 60416.00
27.00 60416.00
27.10 72089.60
27.20 72089.60
27.30 72089.60
27.40 72089.60
27.50 72089.60
27.60 72089.60
27.70 72089.60
27.80 72089.60
27.90 72089.60
28.00 72089.60
28.10 66048.00
28.20 66048.00
28.30 66048.00
28.40 66048.00
28.50 66048.00
28.60 66048.00
28.70 66048.00
28.80 66048.00
28.90 66048.00
29.00 66048.00
29.10 75980.80
29.20 75980.80
29.30 75980.80
29.40 75980.80
29.50 75980.80
29.60 75980.80
29.70 75980.80
29.80 75980.80
29.90 75980.80
30.00 75980.80
30.10 69939.20
30.20 69939.20
30.30 69939.20
30.40 69939.20
30.50 69939.20
30.60 69939.20
30.70 69939.20
30.80 69939.20
30.90 69939.20
31.00 69939.20
31.10 65740.80
31.20 65740.80
31.30 65740.80
31.40 65740.80
31.50 65740.80
31.60 65740.80
31.70 65740.80
31.80 65740.80
31.90 65740.80
32.00 65740.80
32.10 48230.40
32.20 48230.40
32.30 48230.40
32.40 48230.40
32.50 48230.40
32.60 48230.40
32.70 48230.40
32.80 48230.40
32.90 48230.40
33.00 48230.40
33.10 62566.40
33.20 62566.40
33.30 62566.40
33.40 62566.40
33.50 62566.40
33.60 62566.40
33.70 62566.40
33.80 62566.40
33.90 62566.40
34.00 62566.40
34.10 72089.60
34.20 72089.60
34.30 72089.60
34.40 72089.60
34.50 72089.60
34.60 72089.60
34.70 72089.60
34.80 72089.60
34.90 72089.60
35.00 72089.60
35.10 79667.20
35.20 79667.20
35.30 79667.20
35.40 79667.20
35.50 79667.20
35.60 79667.20
35.70 79667.20
35.80 79667.20
35.90 79667.20
36.00 79667.20
36.10 70144.00
36.20 70144.00
36.30 70144.00
36.40 70144.00
36.50 70144.00
36.60 70144.00
36.70 70144.00
36.80 70144.00
36.90 70144.00
37.00 70144.00
37.10 60723.20
37.20 60723.20
37.30 60723.20
37.40 60723.20
37.50 60723.20
37.60 60723.20
37.70 60723.20
37.80 60723.20
37.90 60723.20
38.00 60723.20
38.10 83968.00
38.20 83968.00
38.30 83968.00
38.40 83968.00
38.50 83968.00
38.60 83968.00
38.70 83968.00
38.80 83968.00
38.90 83968.00
39.00 83968.00
39.10 71475.20
39.20 71475.20
39.30 71475.20
39.40 71475.20
39.50 71475.20
39.60 71475.20
39.70 71475.20
39.80 71475.20
39.90 71475.20
40.00 71475.20
40.10 75980.80
40.20 75980.80
40.30 75980.80
40.40 75980.80
40.50 75980.80
40.60 75980.80
40.70 75980.80
40.80 75980.80
40.90 75980.80
41.00 75980.80
41.10 77516.80
41.20 77516.80
41.30 77516.80
41.40 77516.80
41.50 77516.80
41.60 77516.80
41.70 77516.80
41.80 77516.80
41.90 77516.80
42.00 77516.80
42.10 73420.80
42.20 73420.80
42.30 73420.80
42.40 73420.80
42.50 73420.80
42.60 73420.80
42.70 73420.80
42.80 73420.80
42.90 73420.80
43.00 73420.80
43.10 31129.60
43.20 31129.60
43.30 31129.60
43.40 31129.60
43.50 31129.60
43.60 31129.60
43.70 31129.60
43.80 31129.60
43.90 31129.60
44.00 31129.60
44.10 72294.40
44.20 72294.40
44.30 72294.40
44.40 72294.40
44.50 72294.40
44.60 72294.40
44.70 72294.40
44.80 72294.40
44.90 72294.40
45.00 72294.40
45.10 76390.40
45.20 76390.40
45.30 76390.40
45.40 76390.40
45.50 76390.40
45.60 76390.40
45.70 76390.40
45.80 76390.40
45.90 76390.40
46.00 76390.40
46.10 77414.40
46.20 77414.40
46.30 77414.40
46.40 77414.40
46.50 77414.40
46.60 77414.40
46.70 77414.40
46.80 77414.40
46.90 77414.40
47.00 77414.40
47.10 71065.60
47.20 71065.60
47.30 71065.60
47.40 71065.60
47.50 71065.60
47.60 71065.60
47.70 71065.60
47.80 71065.60
47.90 71065.60
48.00 71065.60
48.10 67686.40
48.20 67686.40
48.30 67686.40
48.40 67686.40
48.50 67686.40
48.60 67686.40
48.70 67686.40
48.80 67686.40
48.90 67686.40
49.00 67686.40
49.10 75161.60
49.20 75161.60
49.30 75161.60
49.40 75161.60
49.50 75161.60
49.60 75161.60
49.70 75161.60
49.80 75161.60
49.90 75161.60
50.00 75161.60
50.10 76390.40
50.20 76390.40
50.30 76390.40
50.40 76390.40
50.50 76390.40
50.60 76390.40
50.70 76390.40
50.80 76390.40
50.90 76390.40
51.00 76390.40
51.10 83763.20
51.20 83763.20
51.30 83763.20
51.40 83763.20
51.50 83763.20
51.60 83763.20
51.70 83763.20
51.80 83763.20
51.90 83763.20
52.00 83763.20
52.10 79462.40
52.20 79462.40
52.30 79462.40
52.40 79462.40
52.50 79462.40
52.60 79462.40
52.70 79462.40
52.80 79462.40
52.90 79462.40
53.00 79462.40
53.10 67379.20
53.20 67379.20
53.30 67379.20
53.40 67379.20
53.50 67379.20
53.60 67379.20
53.70 67379.20
53.80 67379.20
53.90 67379.20
54.00 67379.20
54.10 65843.20
54.20 65843.20
54.30 65843.20
54.40 65843.20
54.50 65843.20
54.60 65843.20
54.70 65843.20
54.80 65843.20
54.90 65843.20
55.00 65843.20
55.10 68096.00
55.20 68096.00
55.30 68096.00
55.40 68096.00
55.50 68096.00
55.60 68096.00
55.70 68096.00
55.80 68096.00
55.90 68096.00
56.00 68096.00
56.10 57651.20
56.20 57651.20
56.30 57651.20
56.40 57651.20
56.50 57651.20
56.60 57651.20
56.70 57651.20
56.80 57651.20
56.90 57651.20
57.00 57651.20
57.10 29388.80
57.20 29388.80
57.30 29388.80
57.40 29388.80
57.50 29388.80
57.60 29388.80
57.70 29388.80
57.80 29388.80
57.90 29388.80
58.00 29388.80
58.10 112640.00
58.20 112640.00
58.30 112640.00
58.40 112640.00
58.50 112640.00
58.60 112640.00
58.70 112640.00
58.80 112640.00
58.90 112640.00
59.00 112640.00
59.10 79872.00
59.20 79872.00
59.30 79872.00
59.40 79872.00
59.50 79872.00
59.60 79872.00
59.70 79872.00
59.80 79872.00
59.90 79872.00
60.00 79872.00
60.10 80179.20
60.20 80179.20
60.30 80179.20
60.40 80179.20
60.50 80179.20
60.60 80179.20
60.70 80179.20
60.80 80179.20
60.90 80179.20
61.00 80179.20
61.10 88371.20
61.20 88371.20
61.30 88371.20
61.40 88371.20
61.50 88371.20
61.60 88371.20
61.70 88371.20
61.80 88371.20
61.90 88371.20
62.00 88371.20
62.10 87142.40
62.20 87142.40
62.30 87142.40
62.40 87142.40
62.50 87142.40
62.60 87142.40
62.70 87142.40
62.80 87142.40
62.90 87142.40
63.00 87142.40
63.10 84787.20
63.20 84787.20
63.30 84787.20
63.40 84787.20
63.50 84787.20
63.60 84787.20
63.70 84787.20
63.80 84787.20
63.90 84787.20
64.00 84787.20
64.10 78745.60
64.20 78745.60
64.30 78745.60
64.40 78745.60
64.50 78745.60
64.60 78745.60
64.70 78745.60
64.80 78745.60
64.90 78745.60
65.00 78745.60
65.10 76595.20
65.20 76595.20
65.30 76595.20
65.40 76595.20
65.50 76595.20
65.60 76595.20
65.70 76595.20
65.80 76595.20
65.90 76595.20
66.00 76595.20
66.10 39628.80
66.20 39628.80
66.30 39628.80
66.40 39628.80
66.50 39628.80
66.60 39628.80
66.70 39628.80
66.80 39628.80
66.90 39628.80
67.00 39628.80
67.10 122777.60
67.20 122777.60
67.30 122777.60
67.40 122777.60
67.50 122777.60
67.60 122777.60
67.70 122777.60
67.80 122777.60
67.90 122777.60
68.00 122777.60
68.10 79667.20
68.20 79667.20
68.30 79667.20
68.40 79667.20
68.50 79667.20
68.60 79667.20
68.70 79667.20
68.80 79667.20
68.90 79667.20
69.00 79667.20
69.10 63488.00
69.20 63488.00
69.30 63488.00
69.40 63488.00
69.50 63488.00
69.60 63488.00
69.70 63488.00
69.80 63488.00
69.90 63488.00
70.00 63488.00
70.10 67993.60
70.20 67993.60
70.30 67993.60
70.40 67993.60
70.50 67993.60
70.60 67993.60
70.70 67993.60
70.80 67993.60
70.90 67993.60
71.00 67993.60
71.10 62156.80
71.20 62156.80
71.30 62156.80
71.40 62156.80
71.50 62156.80
71.60 62156.80
71.70 62156.80
71.80 62156.80
71.90 62156.80
72.00 62156.80
72.10 54886.40
72.20 54886.40
72.30 54886.40
72.40 54886.40
72.50 54886.40
72.60 54886.40
72.70 54886.40
72.80 54886.40
72.90 54886.40
73.00 54886.40
73.10 51200.00
73.20 51200.00
73.30 51200.00
73.40 51200.00
73.50 51200.00
73.60 51200.00
73.70 51200.00
73.80 51200.00
73.90 51200.00
74.00 51200.00
74.10 49356.80
74.20 49356.80
74.30 49356.80
74.40 49356.80
74.50 49356.80
74.60 49356.80
74.70 49356.80
74.80 49356.80
74.90 49356.80
75.00 49356.80
75.10 72704.00
75.20 72704.00
75.30 72704.00
75.40 72704.00
75.50 72704.00
75.60 72704.00
75.70 72704.00
75.80 72704.00
75.90 72704.00
76.00 72704.00
76.10 83251.20
76.20 83251.20
76.30 83251.20
76.40 83251.20
76.50 83251.20
76.60 83251.20
76.70 83251.20
76.80 83251.20
76.90 83251.20
77.00 83251.20
77.10 83660.80
77.20 83660.80
77.30 83660.80
77.40 83660.80
77.50 83660.80
77.60 83660.80
77.70 83660.80
77.80 83660.80
77.90 83660.80
78.00 83660.80
78.10 83660.80
78.20 83660.80
78.30 83660.80
78.40 83660.80
78.50 83660.80
78.60 83660.80
78.70 83660.80
78.80 83660.80
78.90 83660.80
79.00 83660.80
79.10 87961.60
79.20 87961.60
79.30 87961.60
79.40 87961.60
79.50 87961.60
79.60 87961.60
79.70 87961.60
79.80 87961.60
79.90 87961.60
80.00 87961.60
80.10 76800.00
80.20 76800.00
80.30 76800.00
80.40 76800.00
80.50 76800.00
80.60 76800.00
80.70 76800.00
80.80 76800.00
80.90 76800.00
81.00 76800.00
81.10 87347.20
81.20 87347.20
81.30 87347.20
81.40 87347.20
81.50 87347.20
81.60 87347.20
81.70 87347.20
81.80 87347.20
81.90 87347.20
82.00 87347.20
82.10 92774.40
82.20 92774.40
82.30 92774.40
82.40 92774.40
82.50 92774.40
82.60 92774.40
82.70 92774.40
82.80 92774.40
82.90 92774.40
83.00 92774.40
83.10 90214.40
83.20 90214.40
83.30 90214.40
83.40 90214.40
83.50 90214.40
83.60 90214.40
83.70 90214.40
83.80 90214.40
83.90 90214.40
84.00 90214.40
84.10 34406.40
84.20 34406.40
84.30 34406.40
84.40 34406.40
84.50 34406.40
84.60 34406.40
84.70 34406.40
84.80 34406.40
84.90 34406.40
85.00 34406.40
85.10 149401.60
85.20 149401.60
85.30 149401.60
85.40 149401.60
85.50 149401.60
85.60 149401.60
85.70 149401.60
85.80 149401.60
85.90 149401.60
86.00 149401.60
86.10 91033.60
86.20 91033.60
86.30 91033.60
86.40 91033.60
86.50 91033.60
86.60 91033.60
86.70 91033.60
86.80 91033.60
86.90 91033.60
87.00 91033.60
87.10 90316.80
87.20 90316.80
87.30 90316.80
87.40 90316.80
87.50 90316.80
87.60 90316.80
87.70 90316.80
87.80 90316.80
87.90 90316.80
88.00 90316.80
88.10 32256.00
88.20 32256.00
88.30 32256.00
88.40 32256.00
88.50 32256.00
88.60 32256.00
88.70 32256.00
88.80 32256.00
88.90 32256.00
89.00 32256.00
89.10 144998.40
89.20 144998.40
89.30 144998.40
89.40 144998.40
89.50 144998.40
89.60 144998.40
89.70 144998.40
89.80 144998.40
89.90 144998.40
90.00 144998.40
90.10 89292.80
90.20 89292.80
90.30 89292.80
90.40 89292.80
90.50 89292.80
90.60 89292.80
90.70 89292.80
90.80 89292.80
90.90 89292.80
91.00 89292.80
91.10 91545.60
91.20 91545.60
91.30 91545.60
91.40 91545.60
91.50 91545.60
91.60 91545.60
91.70 91545.60
91.80 91545.60
91.90 91545.60
92.00 91545.60
92.10 85913.60
92.20 85913.60
92.30 85913.60
92.40 85913.60
92.50 85913.60
92.60 85913.60
92.70 85913.60
92.80 85913.60
92.90 85913.60
93.00 85913.60
93.10 86425.60
93.20 86425.60
93.30 86425.60
93.40 86425.60
93.50 86425.60
93.60 86425.60
93.70 86425.60
93.80 86425.60
93.90 86425.60
94.00 86425.60
94.10 84889.60
94.20 84889.60
94.30 84889.60
94.40 84889.60
94.50 84889.60
94.60 84889.60
94.70 84889.60
94.80 84889.60
94.90 84889.60
95.00 84889.60
95.10 80691.20
95.20 80691.20
95.30 80691.20
95.40 80691.20
95.50 80691.20
95.60 80691.20
95.70 80691.20
95.80 80691.20
95.90 80691.20
96.00 80691.20
96.10 79769.60
96.20 79769.60
96.30 79769.60
96.40 79769.60
96.50 79769.60
96.60 79769.60
96.70 79769.60
96.80 79769.60
96.90 79769.60
97.00 79769.60
97.10 77414.40
97.20 77414.40
97.30 77414.40
97.40 77414.40
97.50 77414.40
97.60 77414.40
97.70 77414.40
97.80 77414.40
97.90 77414.40
98.00 77414.40
98.10 80486.40
98.20 80486.40
98.30 80486.40
98.40 80486.40
98.50 80486.40
98.60 80486.40
98.70 80486.40
98.80 80486.40
98.90 80486.40
99.00 80486.40
99.10 80076.80
99.20 80076.80
99.30 80076.80
99.40 80076.80
99.50 80076.80
99.60 80076.80
99.70 80076.80
99.80 80076.80
99.90 80076.80
100.00 80076.80
100.10 82841.60
100.20 82841.60
100.30 82841.60
100.40 82841.60
100.50 82841.60
100.60 82841.60
100.70 82841.60
100.80 82841.60
100.90 82841.60
101.00 82841.60
101.10 60211.20
101.20 60211.20
101.30 60211.20
101.40 60211.20
101.50 60211.20
101.60 60211.20
101.70 60211.20
101.80 60211.20
101.90 60211.20
102.00 60211.20
102.10 99225.60
102.20 99225.60
102.30 99225.60
102.40 99225.60
102.50 99225.60
102.60 99225.60
102.70 99225.60
102.80 99225.60
102.90 99225.60
103.00 99225.60
103.10 73625.60
103.20 73625.60
103.30 73625.60
103.40 73625.60
103.50 73625.60
103.60 73625.60
103.70 73625.60
103.80 73625.60
103.90 73625.60
104.00 73625.60
104.10 42291.20
104.20 42291.20
104.30 42291.20
104.40 42291.20
104.50 42291.20
104.60 42291.20
104.70 42291.20
104.80 42291.20
104.90 42291.20
105.00 42291.20
105.10 111001.60
105.20 111001.60
105.30 111001.60
105.40 111001.60
105.50 111001.60
105.60 111001.60
105.70 111001.60
105.80 111001.60
105.90 111001.60
106.00 111001.60
106.10 76800.00
106.20 76800.00
106.30 76800.00
106.40 76800.00
106.50 76800.00
106.60 76800.00
106.70 76800.00
106.80 76800.00
106.90 76800.00
107.00 76800.00
107.10 69939.20
107.20 69939.20
107.30 69939.20
107.40 69939.20
107.50 69939.20
107.60 69939.20
107.70 69939.20
107.80 69939.20
107.90 69939.20
108.00 69939.20
108.10 72294.40
108.20 72294.40
108.30 72294.40
108.40 72294.40
108.50 72294.40
108.60 72294.40
108.70 72294.40
108.80 72294.40
108.90 72294.40
109.00 72294.40
109.10 77107.20
109.20 77107.20
109.30 77107.20
109.40 77107.20
109.50 77107.20
109.60 77107.20
109.70 77107.20
109.80 77107.20
109.90 77107.20
110.00 77107.20
110.10 70041.60
110.20 70041.60
110.30 70041.60
110.40 70041.60
110.50 70041.60
110.60 70041.60
110.70 70041.60
110.80 70041.60
110.90 70041.60
111.00 70041.60
111.10 102707.20
111.20 102707.20
111.30 102707.20
111.40 102707.20
111.50 102707.20
111.60 102707.20
111.70 102707.20
111.80 102707.20
111.90 102707.20
112.00 102707.20
112.10 78745.60
112.20 78745.60
112.30 78745.60
112.40 78745.60
112.50 78745.60
112.60 78745.60
112.70 78745.60
112.80 78745.60
112.90 78745.60
113.00 78745.60
113.10 88064.00
113.20 88064.00
113.30 88064.00
113.40 88064.00
113.50 88064.00
113.60 88064.00
113.70 88064.00
113.80 88064.00
113.90 88064.00
114.00 88064.00
114.10 83251.20
114.20 83251.20
114.30 83251.20
114.40 83251.20
114.50 83251.20
114.60 83251.20
114.70 83251.20
114.80 83251.20
114.90 83251.20
115.00 83251.20
115.10 84480.00
115.20 84480.00
115.30 84480.00
115.40 84480.00
115.50 84480.00
115.60 84480.00
115.70 84480.00
115.80 84480.00
115.90 84480.00
116.00 84480.00
116.10 81100.80
116.20 81100.80
116.30 81100.80
116.40 81100.80
116.50 81100.80
116.60 81100.80
116.70 81100.80
116.80 81100.80
116.90 81100.80
117.00 81100.80
117.10 82841.60
117.20 82841.60
117.30 82841.60
117.40 82841.60
117.50 82841.60
117.60 82841.60
117.70 82841.60
117.80 82841.60
117.90 82841.60
118.00 82841.60
118.10 68608.00
118.20 68608.00
118.30 68608.00
118.40 68608.00
118.50 68608.00
118.60 68608.00
118.70 68608.00
118.80 68608.00
118.90 68608.00
119.00 68608.00
119.10 41881.60
119.20 41881.60
119.30 41881.60
119.40 41881.60
119.50 41881.60
119.60 41881.60
119.70 41881.60
119.80 41881.60
119.90 41881.60
120.00 41881.60
