0.16 98548.0
0.27 94384.0
0.38 102712.0
0.49 95772.0
0.60 86056.0
0.70 88832.0
0.81 90220.0
0.91 84668.0
1.02 94384.0
1.13 86056.0
1.24 74952.0
1.35 99936.0
1.45 74952.0
1.56 70788.0
1.66 65236.0
1.77 90220.0
1.88 86056.0
2.00 88832.0
2.11 92996.0
2.21 73564.0
2.32 90220.0
2.42 84668.0
2.53 74952.0
2.64 65236.0
2.75 81892.0
2.86 80504.0
2.96 66624.0
3.07 68012.0
3.17 55520.0
3.28 58296.0
3.39 73564.0
3.50 70788.0
3.61 76340.0
3.71 80504.0
3.82 63848.0
3.92 45804.0
4.03 66624.0
4.13 80504.0
4.24 74952.0
4.35 69400.0
4.45 54132.0
4.56 47192.0
4.66 31924.0
4.77 44416.0
4.88 33312.0
4.99 61072.0
5.10 74952.0
5.20 62460.0
5.31 63848.0
5.41 61072.0
5.52 66624.0
5.63 68012.0
5.74 72176.0
5.85 74952.0
5.95 62460.0
6.06 73564.0
6.16 59684.0
6.28 56908.0
6.38 55520.0
6.49 73564.0
6.60 66624.0
6.70 70788.0
6.81 80504.0
6.91 73564.0
7.02 61072.0
7.13 73564.0
7.24 79116.0
7.35 62460.0
7.45 65236.0
7.56 65236.0
7.66 74952.0
7.77 87444.0
7.88 77728.0
7.99 98548.0
8.10 81892.0
8.20 76340.0
8.31 88832.0
8.42 80504.0
8.53 84668.0
8.63 68012.0
8.74 84668.0
8.85 72176.0
8.95 69400.0
9.06 79116.0
9.16 56908.0
9.27 77728.0
9.38 70788.0
9.49 81892.0
9.60 86056.0
9.70 63848.0
9.81 69400.0
9.91 76340.0
10.03 83280.0
10.13 77728.0
10.24 74952.0
10.35 90220.0
10.45 66624.0
10.56 84668.0
10.66 80504.0
10.77 80504.0
10.88 77728.0
10.99 62460.0
11.10 83280.0
11.20 58296.0
11.31 59684.0
11.41 52744.0
11.52 58296.0
11.63 44416.0
11.74 54132.0
11.85 62460.0
11.95 43028.0
12.06 56908.0
12.16 80504.0
12.27 73564.0
12.38 69400.0
12.49 73564.0
12.60 61072.0
12.70 79116.0
12.81 72176.0
12.91 58296.0
13.02 69400.0
13.13 61072.0
13.24 79116.0
13.35 56908.0
13.45 45804.0
13.56 74952.0
13.66 61072.0
13.77 56908.0
13.88 72176.0
13.99 63848.0
14.10 63848.0
14.20 72176.0
14.31 63848.0
14.41 62460.0
14.52 63848.0
14.63 58296.0
14.74 90220.0
14.85 74952.0
14.96 63848.0
15.07 72176.0
15.17 59684.0
15.29 29148.0
15.39 41640.0
15.50 74952.0
15.61 66624.0
15.72 62460.0
15.83 84668.0
15.93 62460.0
16.04 81892.0
16.14 66624.0
16.25 66624.0
16.36 70788.0
16.46 59684.0
16.57 74952.0
16.67 66624.0
16.78 69400.0
16.88 86056.0
16.99 72176.0
17.10 80504.0
17.20 62460.0
17.31 90220.0
17.42 59684.0
17.53 77728.0
17.63 66624.0
17.74 66624.0
17.85 90220.0
17.95 73564.0
18.07 84668.0
18.17 76340.0
18.28 68012.0
18.38 83280.0
18.49 79116.0
18.60 83280.0
18.70 65236.0
18.81 56908.0
18.91 56908.0
19.02 47192.0
19.13 68012.0
19.24 51356.0
19.35 66624.0
19.45 59684.0
19.56 88832.0
19.66 59684.0
19.77 84668.0
19.88 76340.0
19.99 62460.0
20.10 76340.0
20.20 58296.0
20.31 70788.0
20.41 73564.0
20.52 69400.0
20.63 61072.0
20.74 74952.0
20.85 62460.0
20.95 56908.0
21.06 56908.0
21.16 54132.0
21.28 70788.0
21.38 66624.0
21.49 66624.0
21.60 66624.0
21.70 65236.0
21.81 70788.0
21.91 74952.0
22.02 76340.0
22.13 70788.0
22.24 81892.0
22.36 87444.0
22.46 41640.0
22.57 69400.0
22.67 40252.0
22.78 77728.0
22.88 70788.0
22.99 72176.0
23.10 80504.0
23.20 77728.0
23.31 69400.0
23.41 77728.0
23.52 81892.0
23.63 72176.0
23.74 87444.0
23.85 74952.0
23.95 70788.0
24.06 84668.0
24.17 68012.0
24.28 88832.0
24.38 68012.0
24.49 73564.0
24.60 66624.0
24.70 76340.0
24.81 83280.0
24.91 77728.0
25.02 68012.0
25.13 73564.0
25.24 72176.0
25.35 62460.0
25.45 70788.0
25.56 72176.0
25.66 58296.0
25.77 79116.0
25.88 69400.0
25.99 62460.0
26.10 70788.0
26.20 68012.0
26.31 68012.0
26.41 74952.0
26.52 97160.0
26.63 58296.0
26.91 16656.0
27.02 206812.0
27.13 74952.0
27.24 63848.0
27.35 87444.0
27.45 74952.0
27.56 73564.0
27.66 80504.0
27.77 76340.0
27.88 81892.0
27.99 83280.0
28.11 86056.0
28.21 90220.0
28.32 77728.0
28.42 59684.0
28.53 66624.0
28.63 87444.0
28.74 77728.0
28.85 72176.0
28.96 73564.0
29.07 84668.0
29.17 69400.0
29.28 77728.0
29.38 79116.0
29.49 69400.0
29.60 74952.0
29.70 66624.0
29.81 70788.0
29.91 59684.0
30.02 73564.0
30.13 69400.0
30.24 66624.0
30.35 66624.0
30.45 87444.0
30.56 72176.0
30.66 61072.0
30.77 76340.0
30.88 62460.0
30.99 70788.0
31.10 76340.0
31.20 74952.0
31.31 79116.0
31.42 73564.0
31.53 73564.0
31.63 59684.0
31.74 66624.0
31.85 83280.0
31.95 54132.0
32.06 70788.0
32.16 55520.0
32.27 56908.0
32.38 70788.0
32.49 80504.0
32.60 69400.0
32.70 66624.0
32.81 63848.0
32.91 63848.0
33.02 65236.0
33.13 63848.0
33.24 69400.0
33.35 73564.0
33.45 52744.0
33.56 69400.0
33.66 51356.0
33.77 52744.0
33.88 56908.0
33.99 38864.0
34.10 69400.0
34.20 54132.0
34.31 70788.0
34.41 65236.0
34.52 74952.0
34.63 70788.0
34.74 74952.0
34.85 65236.0
34.95 61072.0
35.06 68012.0
35.16 68012.0
35.27 77728.0
35.38 72176.0
35.49 63848.0
35.60 52744.0
35.70 66624.0
35.81 63848.0
35.91 65236.0
36.03 72176.0
36.13 62460.0
36.24 81892.0
36.35 56908.0
36.45 43028.0
36.56 62460.0
36.66 70788.0
36.78 61072.0
36.88 81892.0
36.99 63848.0
37.10 73564.0
37.20 73564.0
37.31 68012.0
37.41 74952.0
37.52 83280.0
37.63 73564.0
37.74 77728.0
37.85 92996.0
37.95 69400.0
38.06 94384.0
38.16 72176.0
38.27 94384.0
38.38 77728.0
38.49 90220.0
38.60 59684.0
38.70 55520.0
38.81 52744.0
38.91 40252.0
39.02 41640.0
39.13 45804.0
39.24 63848.0
39.35 74952.0
39.45 62460.0
39.57 73564.0
39.67 69400.0
39.78 73564.0
39.89 80504.0
40.01 79116.0
40.12 84668.0
40.22 49968.0
40.33 86056.0
40.43 77728.0
40.54 54132.0
40.64 77728.0
40.75 68012.0
40.86 69400.0
40.96 38864.0
41.07 69400.0
41.17 66624.0
41.28 51356.0
41.38 33312.0
41.49 51356.0
41.60 47192.0
41.71 61072.0
41.82 62460.0
41.92 54132.0
42.03 72176.0
42.13 58296.0
42.24 86056.0
42.35 81892.0
42.45 70788.0
42.56 90220.0
42.66 59684.0
42.77 65236.0
42.88 87444.0
42.99 80504.0
43.10 74952.0
43.20 63848.0
43.31 74952.0
43.41 51356.0
43.52 63848.0
43.63 66624.0
43.74 90220.0
43.85 77728.0
43.95 63848.0
44.06 77728.0
44.16 52744.0
44.27 61072.0
44.39 80504.0
44.50 49968.0
44.61 99936.0
44.71 69400.0
44.82 80504.0
44.92 69400.0
45.03 79116.0
45.13 69400.0
45.24 66624.0
45.35 87444.0
45.45 76340.0
45.56 87444.0
45.66 87444.0
45.77 94384.0
45.88 97160.0
45.99 84668.0
46.10 84668.0
46.20 79116.0
46.32 88832.0
46.42 80504.0
46.53 72176.0
46.63 74952.0
46.74 79116.0
46.85 84668.0
46.95 79116.0
47.06 77728.0
47.16 87444.0
47.27 90220.0
47.38 81892.0
47.49 52744.0
47.60 37476.0
47.70 33312.0
47.81 41640.0
47.91 30536.0
48.03 40252.0
48.13 33312.0
48.24 40252.0
48.36 30536.0
48.46 36088.0
48.57 33312.0
48.67 40252.0
48.78 38864.0
48.88 41640.0
48.99 40252.0
49.10 40252.0
49.20 37476.0
49.31 38864.0
49.41 36088.0
49.52 48580.0
49.63 36088.0
49.74 31924.0
49.85 41640.0
49.96 34700.0
50.07 38864.0
50.17 31924.0
50.28 37476.0
50.38 33312.0
50.49 43028.0
50.60 34700.0
50.70 30536.0
50.81 30536.0
50.91 29148.0
51.02 27760.0
51.13 40252.0
51.24 33312.0
51.35 34700.0
51.45 34700.0
51.56 23596.0
51.66 38864.0
51.77 54132.0
51.88 41640.0
51.99 40252.0
52.10 43028.0
52.20 33312.0
52.31 38864.0
52.42 37476.0
52.53 43028.0
52.63 36088.0
52.74 40252.0
52.85 36088.0
52.95 40252.0
53.06 41640.0
53.16 40252.0
53.27 44416.0
53.38 40252.0
53.49 45804.0
53.60 49968.0
53.70 41640.0
53.81 45804.0
53.91 23596.0
54.02 29148.0
54.14 34700.0
54.26 27760.0
54.37 23596.0
54.47 37476.0
54.58 33312.0
54.68 26372.0
54.80 38864.0
54.90 40252.0
55.02 40252.0
55.13 38864.0
55.24 43028.0
55.35 47192.0
55.45 38864.0
55.56 37476.0
55.66 38864.0
55.77 30536.0
55.88 36088.0
55.99 34700.0
56.10 47192.0
56.20 33312.0
56.31 45804.0
56.41 34700.0
56.52 41640.0
56.63 43028.0
56.74 41640.0
56.85 52744.0
56.95 38864.0
57.06 41640.0
57.16 27760.0
57.27 33312.0
57.38 29148.0
57.49 45804.0
57.60 34700.0
57.70 26372.0
57.81 37476.0
57.91 36088.0
58.02 30536.0
58.13 33312.0
58.24 31924.0
58.35 36088.0
58.46 36088.0
58.57 37476.0
58.68 40252.0
58.79 45804.0
58.89 40252.0
59.00 44416.0
59.11 37476.0
59.21 29148.0
59.32 37476.0
59.42 29148.0
59.53 37476.0
59.63 43028.0
59.74 45804.0
59.85 44416.0
59.95 36088.0
60.06 40252.0
60.16 40252.0
60.27 31924.0
60.38 36088.0
60.49 40252.0
60.60 31924.0
60.70 31924.0
60.81 38864.0
60.91 31924.0
61.02 34700.0
61.13 41640.0
61.24 29148.0
61.35 27760.0
61.46 29148.0
61.57 33312.0
61.67 38864.0
61.78 56908.0
61.88 48580.0
61.99 43028.0
62.11 44416.0
62.21 40252.0
62.32 47192.0
62.42 41640.0
62.53 36088.0
62.63 34700.0
62.74 27760.0
62.86 40252.0
62.96 36088.0
63.07 41640.0
63.17 38864.0
63.28 40252.0
63.38 36088.0
63.49 37476.0
63.60 37476.0
63.70 30536.0
63.81 31924.0
63.91 38864.0
64.02 49968.0
64.13 33312.0
64.24 37476.0
64.35 40252.0
64.45 41640.0
64.56 29148.0
64.66 31924.0
64.77 40252.0
64.88 33312.0
65.00 36088.0
65.11 33312.0
65.21 27760.0
65.32 27760.0
65.42 24984.0
65.54 26372.0
65.64 30536.0
65.76 27760.0
65.87 31924.0
65.99 22208.0
66.10 31924.0
66.21 24984.0
66.33 34700.0
66.43 29148.0
66.54 36088.0
66.64 31924.0
66.75 33312.0
66.86 27760.0
66.96 34700.0
67.07 34700.0
67.17 23596.0
67.28 36088.0
67.38 22208.0
67.49 29148.0
67.60 27760.0
67.70 24984.0
67.81 29148.0
67.91 26372.0
68.02 44416.0
68.13 55520.0
68.25 33312.0
68.36 44416.0
68.46 44416.0
68.58 33312.0
68.68 26372.0
68.79 26372.0
68.90 20820.0
69.01 27760.0
69.12 29148.0
69.22 24984.0
69.33 23596.0
69.43 20820.0
69.54 22208.0
69.64 19432.0
69.77 27760.0
69.88 20820.0
69.99 20820.0
70.10 27760.0
70.21 22208.0
70.33 20820.0
70.43 22208.0
70.55 19432.0
70.65 19432.0
70.76 19432.0
70.87 27760.0
70.97 18044.0
71.08 24984.0
71.18 23596.0
71.29 24984.0
71.39 19432.0
71.50 13880.0
71.61 15268.0
71.71 20820.0
71.82 43028.0
71.92 23596.0
72.03 26372.0
72.13 31924.0
72.24 38864.0
72.35 37476.0
72.45 37476.0
72.57 44416.0
72.67 31924.0
72.78 40252.0
72.89 27760.0
73.00 36088.0
73.11 34700.0
73.21 37476.0
73.32 34700.0
73.42 29148.0
73.53 33312.0
73.63 30536.0
73.74 38864.0
73.85 37476.0
73.95 27760.0
74.06 38864.0
74.16 41640.0
74.27 41640.0
74.38 23596.0
74.49 29148.0
74.60 31924.0
74.70 29148.0
74.81 30536.0
74.91 30536.0
75.02 33312.0
75.13 29148.0
75.24 38864.0
75.35 24984.0
75.45 37476.0
75.57 48580.0
75.67 8328.0
75.78 11104.0
75.88 20820.0
75.99 34700.0
76.10 26372.0
76.20 36088.0
76.31 48580.0
76.41 49968.0
76.52 45804.0
76.63 34700.0
76.74 40252.0
76.85 34700.0
76.96 26372.0
77.07 20820.0
77.17 24984.0
77.28 30536.0
77.38 23596.0
77.49 19432.0
77.62 31924.0
77.72 9716.0
77.83 23596.0
77.93 24984.0
78.04 36088.0
78.14 29148.0
78.25 33312.0
78.36 41640.0
78.46 29148.0
78.57 40252.0
78.67 33312.0
78.79 34700.0
78.89 26372.0
79.00 36088.0
79.11 26372.0
79.21 26372.0
79.32 29148.0
79.44 5552.0
79.55 13880.0
79.65 9716.0
79.78 18044.0
79.91 13880.0
80.02 8328.0
80.15 8328.0
80.26 6940.0
80.37 9716.0
80.47 19432.0
80.61 19432.0
80.71 15268.0
80.82 19432.0
80.94 20820.0
81.05 31924.0
81.15 13880.0
81.26 34700.0
81.37 62460.0
81.47 36088.0
81.58 56908.0
81.68 47192.0
81.79 73564.0
81.89 72176.0
82.00 88832.0
82.11 72176.0
82.21 61072.0
82.32 65236.0
82.42 70788.0
82.53 72176.0
82.63 54132.0
82.74 58296.0
82.85 70788.0
82.95 66624.0
83.06 62460.0
83.16 51356.0
83.27 61072.0
83.38 68012.0
83.49 61072.0
83.60 48580.0
83.70 38864.0
83.81 68012.0
83.91 56908.0
84.02 79116.0
84.13 69400.0
84.24 48580.0
84.35 54132.0
84.45 45804.0
84.56 51356.0
84.66 55520.0
84.77 73564.0
84.88 66624.0
84.99 72176.0
85.10 68012.0
85.20 66624.0
85.31 63848.0
85.41 45804.0
85.52 76340.0
85.63 68012.0
85.74 61072.0
85.85 62460.0
85.95 59684.0
86.06 58296.0
86.16 51356.0
86.27 55520.0
86.38 54132.0
86.49 56908.0
86.60 49968.0
86.70 59684.0
86.81 56908.0
86.91 48580.0
87.02 62460.0
87.13 54132.0
87.24 59684.0
87.35 62460.0
87.45 54132.0
87.56 59684.0
87.67 49968.0
87.78 62460.0
87.88 72176.0
87.99 79116.0
88.10 74952.0
88.20 70788.0
88.31 79116.0
88.41 74952.0
88.52 74952.0
88.63 69400.0
88.74 73564.0
88.85 84668.0
88.95 80504.0
89.06 86056.0
89.16 72176.0
89.27 111040.0
89.39 113816.0
89.50 94384.0
89.61 73564.0
89.71 65236.0
89.82 66624.0
89.92 81892.0
90.03 88832.0
90.13 88832.0
90.24 97160.0
90.35 91608.0
90.45 80504.0
90.56 105488.0
90.66 95772.0
90.77 87444.0
90.88 81892.0
90.99 72176.0
91.10 87444.0
91.20 84668.0
91.31 72176.0
91.41 74952.0
91.52 88832.0
91.64 72176.0
91.76 95772.0
91.87 56908.0
91.97 63848.0
92.08 87444.0
92.18 77728.0
92.29 84668.0
92.39 58296.0
92.50 91608.0
92.61 88832.0
92.71 80504.0
92.82 94384.0
92.92 86056.0
93.03 87444.0
93.13 87444.0
93.24 84668.0
93.37 80504.0
93.47 99936.0
93.58 84668.0
93.68 83280.0
93.79 88832.0
93.89 90220.0
94.00 84668.0
94.11 88832.0
94.21 80504.0
94.32 84668.0
94.42 98548.0
94.53 111040.0
94.63 84668.0
94.74 102712.0
94.85 80504.0
94.95 69400.0
95.06 88832.0
95.16 76340.0
95.27 90220.0
95.38 83280.0
95.49 77728.0
95.60 81892.0
95.70 76340.0
95.81 98548.0
95.92 72176.0
96.03 98548.0
96.13 76340.0
96.24 81892.0
96.35 73564.0
96.45 83280.0
96.56 88832.0
96.66 84668.0
96.77 86056.0
96.88 98548.0
96.99 77728.0
97.10 101324.0
97.20 81892.0
97.31 101324.0
97.41 66624.0
97.52 88832.0
97.63 90220.0
97.74 79116.0
97.85 80504.0
97.95 66624.0
98.06 94384.0
98.16 72176.0
98.27 70788.0
98.38 84668.0
98.49 72176.0
98.60 80504.0
98.70 61072.0
98.81 62460.0
98.91 70788.0
99.02 55520.0
99.13 49968.0
99.24 87444.0
99.35 87444.0
99.45 81892.0
99.56 80504.0
99.66 79116.0
99.77 90220.0
99.89 88832.0
100.01 97160.0
100.12 92996.0
100.22 87444.0
100.33 92996.0
100.43 66624.0
100.54 90220.0
100.64 87444.0
100.75 56908.0
100.87 81892.0
100.97 79116.0
101.08 99936.0
101.18 87444.0
101.29 101324.0
101.40 79116.0
101.51 113816.0
101.63 101324.0
101.74 87444.0
101.86 86056.0
101.96 81892.0
102.07 86056.0
102.17 88832.0
102.28 77728.0
102.38 62460.0
102.49 91608.0
102.60 97160.0
102.70 83280.0
102.81 69400.0
102.91 80504.0
103.02 74952.0
103.13 73564.0
103.24 94384.0
103.35 62460.0
103.45 63848.0
103.56 68012.0
103.66 45804.0
103.77 68012.0
103.88 84668.0
103.99 73564.0
104.10 62460.0
104.20 88832.0
104.31 76340.0
104.41 68012.0
104.52 81892.0
104.63 81892.0
104.74 74952.0
104.85 77728.0
104.95 91608.0
105.06 91608.0
105.16 77728.0
105.27 69400.0
105.38 86056.0
105.49 70788.0
105.60 43028.0
105.70 49968.0
105.82 56908.0
105.92 49968.0
106.03 52744.0
106.13 70788.0
106.24 98548.0
106.35 86056.0
106.45 86056.0
106.56 94384.0
106.67 81892.0
106.78 84668.0
106.88 72176.0
106.99 56908.0
107.10 72176.0
107.20 80504.0
107.31 97160.0
107.41 81892.0
107.52 86056.0
107.63 70788.0
107.74 90220.0
107.85 88832.0
107.95 87444.0
108.06 83280.0
108.16 65236.0
108.27 90220.0
108.38 83280.0
108.49 99936.0
108.60 66624.0
108.70 73564.0
108.81 84668.0
108.91 77728.0
109.02 70788.0
109.13 70788.0
109.24 87444.0
109.36 101324.0
109.46 80504.0
109.57 80504.0
109.67 83280.0
109.78 90220.0
109.88 77728.0
109.99 79116.0
110.10 101324.0
110.20 76340.0
110.32 84668.0
110.42 74952.0
110.53 86056.0
110.63 49968.0
110.74 54132.0
110.85 91608.0
110.95 90220.0
111.06 88832.0
111.16 87444.0
111.27 83280.0
111.38 90220.0
111.49 90220.0
111.60 73564.0
111.70 88832.0
111.81 102712.0
111.91 101324.0
112.03 99936.0
112.13 95772.0
112.25 102712.0
112.36 94384.0
112.46 70788.0
112.57 73564.0
112.67 87444.0
112.78 84668.0
112.88 74952.0
112.99 90220.0
113.10 56908.0
113.20 73564.0
113.31 65236.0
113.41 65236.0
113.52 102712.0
113.63 63848.0
113.74 77728.0
113.85 80504.0
113.95 79116.0
114.06 83280.0
114.16 73564.0
114.27 80504.0
114.38 80504.0
114.49 73564.0
114.60 88832.0
114.70 66624.0
114.81 84668.0
114.91 84668.0
115.02 88832.0
115.13 91608.0
115.24 104100.0
115.35 101324.0
115.45 72176.0
115.56 76340.0
115.66 56908.0
115.77 83280.0
115.88 86056.0
115.99 76340.0
116.10 73564.0
116.20 72176.0
116.31 74952.0
116.41 65236.0
116.52 76340.0
116.63 80504.0
116.74 88832.0
116.85 84668.0
116.95 73564.0
117.06 81892.0
117.16 76340.0
117.27 91608.0
117.38 95772.0
117.49 79116.0
117.60 99936.0
117.70 83280.0
117.81 86056.0
117.91 66624.0
118.02 84668.0
118.13 84668.0
118.24 74952.0
118.35 84668.0
118.45 74952.0
118.56 74952.0
118.66 84668.0
118.77 65236.0
118.88 86056.0
118.99 77728.0
119.10 65236.0
119.20 58296.0
119.31 77728.0
119.41 73564.0
119.52 62460.0
119.63 54132.0
119.74 77728.0
119.85 77728.0
119.95 58296.0
