0.31 1388.0
0.55 2776.0
0.76 2776.0
0.94 1388.0
1.11 1388.0
1.29 1388.0
1.43 1388.0
1.54 1388.0
1.70 1388.0
1.93 1388.0
2.11 1388.0
2.22 1388.0
2.52 1388.0
2.74 1388.0
3.06 2776.0
3.24 1388.0
3.36 1388.0
3.51 1388.0
3.69 1388.0
3.85 1388.0
4.02 1388.0
4.17 1388.0
4.32 1388.0
4.63 1388.0
4.84 1388.0
4.97 1388.0
5.40 1388.0
5.61 1388.0
5.75 1388.0
5.94 1388.0
6.13 1388.0
6.27 1388.0
6.40 1388.0
6.57 1388.0
6.79 1388.0
7.12 1388.0
7.25 1388.0
7.50 1388.0
7.66 1388.0
7.97 1388.0
8.14 1388.0
8.26 1388.0
8.39 1388.0
8.57 1388.0
8.79 2776.0
8.92 1388.0
9.16 2776.0
9.30 1388.0
9.51 1388.0
9.65 1388.0
9.85 1388.0
10.05 1388.0
10.25 1388.0
10.38 1388.0
10.50 1388.0
10.61 1388.0
10.78 1388.0
10.96 1388.0
11.14 2776.0
11.33 1388.0
11.45 1388.0
11.57 1388.0
11.69 1388.0
11.87 2776.0
11.99 1388.0
12.17 2776.0
12.30 1388.0
12.52 2776.0
12.65 1388.0
12.89 1388.0
13.07 1388.0
13.19 1388.0
13.34 1388.0
13.48 1388.0
13.67 1388.0
13.94 4164.0
14.18 1388.0
14.47 1388.0
14.71 2776.0
15.10 1388.0
15.25 1388.0
15.60 1388.0
15.98 1388.0
16.26 1388.0
16.97 1388.0
17.27 1388.0
17.69 1388.0
18.09 1388.0
18.39 1388.0
18.75 1388.0
18.96 1388.0
19.11 1388.0
19.36 1388.0
19.57 1388.0
19.80 1388.0
20.04 1388.0
20.21 1388.0
20.53 1388.0
20.92 1388.0
21.33 1388.0
21.82 1388.0
22.02 1388.0
22.30 1388.0
22.49 1388.0
22.67 1388.0
22.85 1388.0
23.28 1388.0
23.44 1388.0
23.59 1388.0
23.80 1388.0
24.08 1388.0
24.21 1388.0
24.33 1388.0
24.48 1388.0
24.58 1388.0
24.70 1388.0
24.85 1388.0
24.98 1388.0
25.17 1388.0
25.46 2776.0
25.69 1388.0
25.86 1388.0
26.07 1388.0
26.33 2776.0
26.45 1388.0
26.73 2776.0
26.88 1388.0
27.22 2776.0
27.43 2776.0
27.57 1388.0
27.77 2776.0
27.91 1388.0
28.06 2776.0
28.21 1388.0
28.49 2776.0
28.64 1388.0
28.76 2776.0
28.90 1388.0
29.02 1388.0
29.13 1388.0
29.27 2776.0
29.44 1388.0
29.57 1388.0
29.78 1388.0
29.99 2776.0
