0.18 6940.0
0.30 4164.0
0.42 4164.0
0.54 5552.0
0.65 5552.0
0.77 6940.0
0.88 5552.0
1.00 6940.0
1.11 6940.0
1.21 5552.0
1.35 5552.0
1.45 6940.0
1.56 5552.0
1.66 4164.0
1.77 5552.0
1.88 5552.0
1.98 5552.0
2.09 5552.0
2.20 6940.0
2.32 6940.0
2.43 6940.0
2.56 5552.0
2.67 6940.0
2.78 5552.0
2.91 6940.0
3.02 6940.0
3.13 5552.0
3.25 6940.0
3.39 5552.0
3.51 8328.0
3.63 6940.0
3.73 5552.0
3.86 6940.0
3.97 6940.0
4.09 6940.0
4.19 6940.0
4.30 5552.0
4.41 6940.0
4.54 8328.0
4.65 5552.0
4.76 5552.0
4.89 6940.0
5.00 4164.0
5.12 5552.0
5.22 5552.0
5.33 5552.0
5.44 6940.0
5.55 6940.0
5.67 6940.0
5.78 5552.0
5.90 5552.0
6.02 5552.0
6.15 8328.0
6.28 6940.0
6.39 6940.0
6.51 5552.0
6.63 6940.0
6.73 4164.0
6.86 5552.0
6.96 4164.0
7.07 5552.0
7.18 6940.0
7.30 6940.0
7.45 8328.0
7.57 6940.0
7.68 6940.0
7.80 6940.0
7.93 6940.0
8.04 4164.0
8.15 5552.0
8.29 6940.0
8.41 6940.0
8.53 5552.0
8.65 6940.0
8.75 5552.0
8.87 6940.0
8.97 5552.0
9.08 6940.0
9.18 5552.0
9.31 8328.0
9.42 6940.0
9.54 6940.0
9.66 6940.0
9.77 6940.0
9.88 6940.0
9.98 5552.0
10.11 8328.0
10.24 6940.0
10.35 5552.0
10.46 6940.0
10.57 5552.0
10.68 4164.0
10.79 6940.0
10.91 6940.0
11.02 6940.0
11.13 6940.0
11.26 6940.0
11.38 6940.0
11.48 5552.0
11.61 8328.0
11.73 6940.0
11.85 6940.0
11.97 6940.0
12.08 6940.0
12.18 13880.0
12.29 6940.0
12.41 4164.0
12.55 2776.0
12.67 5552.0
12.78 6940.0
12.89 5552.0
13.02 6940.0
13.15 5552.0
13.25 6940.0
13.38 6940.0
13.48 5552.0
13.61 5552.0
13.72 4164.0
13.84 6940.0
13.94 4164.0
14.07 4164.0
14.17 5552.0
14.29 5552.0
14.42 6940.0
14.53 4164.0
14.65 4164.0
14.76 5552.0
14.88 5552.0
15.01 4164.0
15.15 5552.0
15.25 4164.0
15.37 5552.0
15.49 4164.0
15.64 5552.0
15.76 4164.0
15.88 5552.0
15.99 4164.0
16.13 5552.0
16.23 2776.0
16.37 4164.0
16.47 5552.0
16.60 4164.0
16.70 5552.0
16.82 4164.0
16.92 2776.0
17.03 4164.0
17.16 4164.0
17.27 2776.0
17.39 2776.0
17.50 4164.0
17.62 5552.0
17.72 2776.0
17.86 5552.0
17.96 4164.0
18.07 5552.0
18.17 6940.0
18.28 8328.0
18.39 9716.0
18.50 6940.0
18.62 8328.0
18.73 5552.0
18.84 6940.0
18.94 2776.0
19.05 6940.0
19.17 5552.0
19.32 5552.0
19.43 4164.0
19.55 4164.0
19.67 5552.0
19.81 5552.0
19.91 5552.0
20.03 5552.0
20.22 5552.0
20.33 1388.0
20.44 4164.0
20.55 4164.0
20.71 2776.0
20.87 4164.0
21.00 2776.0
21.14 2776.0
21.25 4164.0
21.37 2776.0
21.53 2776.0
21.65 5552.0
21.84 2776.0
21.96 2776.0
22.10 4164.0
22.20 2776.0
22.32 4164.0
22.47 5552.0
22.60 5552.0
22.73 4164.0
22.85 4164.0
22.99 5552.0
23.12 5552.0
23.25 5552.0
23.38 5552.0
23.50 8328.0
23.63 5552.0
23.77 6940.0
23.89 6940.0
24.01 4164.0
24.12 5552.0
24.23 5552.0
24.37 5552.0
24.49 5552.0
24.61 6940.0
24.72 9716.0
24.83 5552.0
24.98 5552.0
25.12 6940.0
25.22 5552.0
25.33 5552.0
25.43 4164.0
25.57 5552.0
25.68 5552.0
25.79 6940.0
25.93 5552.0
26.05 6940.0
26.16 5552.0
26.28 5552.0
26.43 5552.0
26.55 4164.0
26.67 5552.0
26.80 5552.0
26.96 5552.0
27.07 4164.0
27.20 6940.0
27.32 6940.0
27.42 5552.0
27.53 4164.0
27.65 6940.0
27.75 5552.0
27.87 5552.0
27.97 4164.0
28.10 5552.0
28.20 4164.0
28.34 5552.0
28.44 5552.0
28.58 6940.0
28.71 5552.0
28.83 6940.0
28.93 6940.0
29.07 6940.0
29.17 5552.0
29.29 4164.0
29.40 4164.0
29.58 4164.0
29.71 5552.0
29.84 6940.0
29.95 5552.0
