0.25 2776.0
0.35 1388.0
0.55 2776.0
0.68 2776.0
0.84 2776.0
1.00 2776.0
1.19 2776.0
1.34 2776.0
1.52 2776.0
1.63 1388.0
1.86 2776.0
1.99 1388.0
2.14 1388.0
2.42 1388.0
2.65 2776.0
2.77 1388.0
2.91 2776.0
3.04 2776.0
3.14 2776.0
3.27 2776.0
3.38 2776.0
3.55 5552.0
3.66 2776.0
3.78 4164.0
3.91 4164.0
4.02 2776.0
4.14 4164.0
4.26 4164.0
4.38 2776.0
4.50 2776.0
4.65 2776.0
4.81 4164.0
4.92 4164.0
5.04 2776.0
5.22 2776.0
5.34 5552.0
5.45 2776.0
5.57 4164.0
5.68 5552.0
5.81 6940.0
5.93 4164.0
6.06 5552.0
6.19 4164.0
6.30 2776.0
6.43 4164.0
6.57 2776.0
6.71 2776.0
6.86 2776.0
6.99 2776.0
7.14 2776.0
7.26 2776.0
7.36 2776.0
7.49 4164.0
7.62 4164.0
7.76 2776.0
7.91 4164.0
8.05 4164.0
8.18 4164.0
8.30 4164.0
8.40 5552.0
8.52 5552.0
8.63 5552.0
8.77 4164.0
8.87 2776.0
9.01 4164.0
9.12 2776.0
9.25 4164.0
9.39 4164.0
9.51 2776.0
9.62 2776.0
9.79 4164.0
9.90 2776.0
10.03 2776.0
10.18 4164.0
10.30 2776.0
10.42 1388.0
10.54 1388.0
10.69 2776.0
10.82 2776.0
10.96 2776.0
11.07 2776.0
11.19 2776.0
11.36 4164.0
11.50 4164.0
11.64 2776.0
11.79 1388.0
11.92 1388.0
12.10 4164.0
12.25 4164.0
12.38 2776.0
12.55 4164.0
12.65 2776.0
12.82 2776.0
12.95 2776.0
13.10 2776.0
13.23 2776.0
13.37 4164.0
13.53 4164.0
13.66 2776.0
13.83 4164.0
13.98 2776.0
14.11 2776.0
14.27 4164.0
14.39 4164.0
14.53 4164.0
14.64 1388.0
14.81 4164.0
14.92 2776.0
15.03 2776.0
15.17 4164.0
15.38 4164.0
15.54 4164.0
15.83 2776.0
16.07 2776.0
16.23 2776.0
16.41 1388.0
16.58 2776.0
16.69 1388.0
16.82 1388.0
16.96 1388.0
17.13 2776.0
17.30 2776.0
17.46 2776.0
17.64 2776.0
17.78 1388.0
17.94 1388.0
18.06 1388.0
18.19 1388.0
18.40 2776.0
18.54 1388.0
18.73 2776.0
18.85 1388.0
18.96 1388.0
19.09 2776.0
19.25 2776.0
19.35 1388.0
19.48 2776.0
19.58 2776.0
19.72 2776.0
19.88 2776.0
20.01 2776.0
20.14 1388.0
20.27 2776.0
20.41 2776.0
20.57 2776.0
20.72 2776.0
20.83 2776.0
20.95 2776.0
21.10 4164.0
21.28 4164.0
21.38 2776.0
21.56 2776.0
21.68 2776.0
21.81 2776.0
21.96 4164.0
22.09 2776.0
22.22 2776.0
22.35 4164.0
22.50 2776.0
22.61 2776.0
22.75 2776.0
22.91 2776.0
23.10 4164.0
23.26 2776.0
23.38 2776.0
23.54 2776.0
23.67 1388.0
23.83 2776.0
23.96 4164.0
24.09 1388.0
24.21 2776.0
24.32 4164.0
24.45 4164.0
24.61 4164.0
24.73 2776.0
24.86 4164.0
24.99 4164.0
25.14 4164.0
25.25 2776.0
25.39 2776.0
25.53 4164.0
25.63 2776.0
25.76 2776.0
25.87 2776.0
25.98 2776.0
26.09 2776.0
26.24 2776.0
26.36 2776.0
26.49 2776.0
26.59 1388.0
26.73 2776.0
26.90 2776.0
27.05 2776.0
27.23 2776.0
27.41 2776.0
27.52 2776.0
27.64 4164.0
27.80 4164.0
27.91 4164.0
28.07 4164.0
28.21 4164.0
28.38 4164.0
28.51 2776.0
28.65 2776.0
28.79 2776.0
28.91 2776.0
29.03 2776.0
29.17 2776.0
29.30 2776.0
29.45 2776.0
29.57 2776.0
29.73 2776.0
29.83 2776.0
