0.30 2776.0
0.43 2776.0
0.56 2776.0
0.67 2776.0
0.84 2776.0
0.99 4164.0
1.10 2776.0
1.21 2776.0
1.33 2776.0
1.43 4164.0
1.56 4164.0
1.71 4164.0
1.86 4164.0
1.96 2776.0
2.18 4164.0
2.38 2776.0
2.53 2776.0
2.67 2776.0
2.80 2776.0
2.94 2776.0
3.06 5552.0
3.16 4164.0
3.28 4164.0
3.39 2776.0
3.53 2776.0
3.64 2776.0
3.80 2776.0
3.99 2776.0
4.12 1388.0
4.28 2776.0
4.46 2776.0
4.58 2776.0
4.68 2776.0
4.86 4164.0
4.96 1388.0
5.13 2776.0
5.26 1388.0
5.48 2776.0
5.65 1388.0
5.77 1388.0
5.90 1388.0
6.01 1388.0
6.14 1388.0
6.31 1388.0
6.51 1388.0
6.72 1388.0
6.97 2776.0
7.17 2776.0
7.29 1388.0
7.40 1388.0
7.55 1388.0
7.71 1388.0
7.92 1388.0
8.19 1388.0
8.37 1388.0
8.50 1388.0
8.62 1388.0
8.82 2776.0
8.96 1388.0
9.11 1388.0
9.22 1388.0
9.39 1388.0
9.55 1388.0
9.66 1388.0
9.77 1388.0
9.92 1388.0
10.04 1388.0
10.18 2776.0
10.29 1388.0
10.45 2776.0
10.60 1388.0
10.72 1388.0
10.90 2776.0
11.02 2776.0
11.14 2776.0
11.26 2776.0
11.39 4164.0
11.52 4164.0
11.62 2776.0
11.74 4164.0
11.86 4164.0
11.97 4164.0
12.09 4164.0
12.23 5552.0
12.39 4164.0
12.50 2776.0
12.64 5552.0
12.79 5552.0
12.90 5552.0
13.01 2776.0
13.14 5552.0
13.31 6940.0
13.41 2776.0
13.53 2776.0
13.66 1388.0
13.79 2776.0
13.91 2776.0
14.03 2776.0
14.13 4164.0
14.25 4164.0
14.37 5552.0
14.48 4164.0
14.65 2776.0
14.84 2776.0
14.99 2776.0
15.16 2776.0
15.27 1388.0
15.37 1388.0
15.67 2776.0
15.80 1388.0
15.99 1388.0
16.18 2776.0
16.30 1388.0
16.48 2776.0
16.60 1388.0
16.72 1388.0
16.97 2776.0
17.11 1388.0
17.27 2776.0
17.47 2776.0
17.66 2776.0
17.80 2776.0
17.96 2776.0
18.15 2776.0
18.27 2776.0
18.45 2776.0
18.58 1388.0
18.68 1388.0
18.89 1388.0
19.02 1388.0
19.19 1388.0
19.33 1388.0
19.45 2776.0
19.61 1388.0
19.78 1388.0
19.96 1388.0
20.19 1388.0
20.41 2776.0
20.65 2776.0
20.79 1388.0
21.00 2776.0
21.24 1388.0
21.35 1388.0
21.55 1388.0
21.78 1388.0
21.91 1388.0
22.03 2776.0
22.13 6940.0
22.25 6940.0
22.38 12492.0
22.50 6940.0
22.61 12492.0
22.73 11104.0
22.84 8328.0
22.97 8328.0
23.09 4164.0
23.26 6940.0
23.39 5552.0
23.50 4164.0
23.61 11104.0
23.72 6940.0
23.83 5552.0
23.94 6940.0
24.05 8328.0
24.15 13880.0
24.26 9716.0
24.38 8328.0
24.89 4164.0
25.01 36088.0
25.56 6940.0
25.67 37476.0
25.79 6940.0
25.90 5552.0
26.01 5552.0
26.14 5552.0
26.25 6940.0
26.36 2776.0
26.47 2776.0
26.60 6940.0
26.73 5552.0
26.85 5552.0
26.96 4164.0
27.09 4164.0
27.22 2776.0
27.35 5552.0
27.46 4164.0
27.57 8328.0
27.67 4164.0
27.79 5552.0
27.91 2776.0
28.02 4164.0
28.14 11104.0
28.26 11104.0
28.37 12492.0
28.49 11104.0
28.60 12492.0
28.70 11104.0
28.82 11104.0
28.92 5552.0
29.05 6940.0
29.16 12492.0
29.28 11104.0
29.41 4164.0
29.57 6940.0
