0.23 8328.0
0.34 5552.0
0.44 6940.0
0.55 5552.0
0.67 2776.0
0.78 2776.0
0.90 6940.0
1.02 6940.0
1.15 6940.0
1.26 5552.0
1.38 5552.0
1.51 8328.0
1.62 6940.0
1.76 5552.0
1.88 5552.0
1.99 6940.0
2.10 6940.0
2.21 5552.0
2.33 8328.0
2.44 8328.0
2.56 6940.0
2.66 6940.0
2.78 11104.0
2.89 4164.0
3.00 12492.0
3.12 13880.0
3.22 11104.0
3.35 11104.0
3.45 9716.0
3.57 18044.0
3.68 15268.0
3.79 16656.0
3.90 13880.0
4.01 12492.0
4.12 13880.0
4.23 11104.0
4.34 9716.0
4.45 13880.0
4.56 11104.0
4.67 11104.0
4.78 8328.0
4.88 9716.0
4.99 6940.0
5.11 5552.0
5.21 5552.0
5.34 6940.0
5.47 6940.0
5.59 13880.0
5.71 6940.0
5.83 11104.0
5.93 5552.0
6.05 13880.0
6.17 4164.0
6.29 5552.0
6.41 4164.0
6.52 8328.0
6.66 9716.0
6.78 5552.0
6.88 8328.0
7.01 8328.0
7.12 12492.0
7.23 9716.0
7.34 6940.0
7.44 6940.0
7.55 11104.0
7.65 6940.0
7.76 8328.0
7.88 6940.0
7.99 9716.0
8.10 12492.0
8.21 9716.0
8.32 11104.0
8.51 5552.0
8.64 5552.0
8.75 5552.0
8.88 5552.0
9.03 4164.0
9.16 5552.0
9.28 4164.0
9.42 4164.0
9.54 5552.0
9.65 4164.0
9.78 5552.0
9.89 4164.0
10.00 6940.0
10.13 6940.0
10.25 6940.0
10.39 6940.0
10.52 5552.0
10.63 6940.0
10.75 6940.0
10.87 6940.0
10.98 5552.0
11.09 5552.0
11.20 4164.0
11.32 6940.0
11.42 5552.0
11.55 5552.0
11.66 8328.0
11.77 11104.0
11.93 6940.0
12.06 4164.0
12.16 2776.0
12.29 5552.0
12.40 5552.0
12.54 5552.0
12.65 2776.0
12.78 6940.0
12.89 5552.0
13.01 5552.0
13.13 5552.0
13.24 6940.0
13.35 6940.0
13.46 5552.0
13.60 6940.0
13.70 5552.0
13.83 6940.0
13.93 4164.0
14.05 6940.0
14.18 5552.0
14.30 6940.0
14.41 5552.0
14.53 5552.0
14.64 4164.0
14.76 6940.0
14.88 6940.0
15.00 6940.0
15.12 5552.0
15.23 4164.0
15.35 6940.0
15.45 5552.0
15.56 5552.0
15.66 5552.0
15.81 8328.0
15.92 5552.0
16.03 5552.0
16.14 6940.0
16.26 4164.0
16.38 6940.0
16.50 5552.0
16.63 6940.0
16.77 6940.0
16.90 6940.0
17.01 5552.0
17.15 6940.0
17.26 5552.0
17.38 5552.0
17.51 6940.0
17.64 6940.0
17.77 5552.0
17.90 5552.0
18.01 6940.0
18.14 5552.0
18.26 6940.0
18.39 5552.0
18.50 4164.0
18.61 6940.0
18.72 5552.0
18.83 4164.0
18.95 5552.0
19.08 6940.0
19.22 6940.0
19.33 6940.0
19.45 5552.0
19.58 6940.0
19.69 5552.0
19.80 5552.0
19.91 6940.0
20.04 6940.0
20.14 4164.0
20.25 6940.0
20.37 8328.0
20.48 5552.0
20.61 9716.0
20.71 8328.0
20.83 8328.0
20.93 6940.0
21.04 4164.0
21.19 5552.0
21.30 5552.0
21.40 5552.0
21.51 6940.0
21.63 6940.0
21.74 5552.0
21.86 6940.0
21.99 8328.0
22.10 6940.0
22.26 5552.0
22.39 6940.0
22.50 5552.0
22.63 6940.0
22.75 6940.0
22.88 6940.0
22.99 8328.0
23.10 4164.0
23.21 6940.0
23.32 6940.0
23.43 8328.0
23.54 6940.0
23.65 4164.0
23.78 6940.0
23.89 6940.0
24.00 6940.0
24.12 6940.0
24.24 6940.0
24.35 6940.0
24.45 9716.0
24.56 9716.0
24.66 8328.0
24.79 5552.0
24.89 6940.0
25.00 6940.0
25.11 11104.0
25.21 12492.0
25.32 11104.0
25.44 9716.0
25.56 16656.0
25.67 12492.0
25.79 15268.0
25.89 9716.0
26.01 13880.0
26.12 6940.0
26.22 4164.0
26.35 5552.0
26.45 11104.0
26.57 13880.0
26.67 12492.0
26.78 8328.0
26.88 9716.0
27.01 12492.0
27.13 5552.0
27.25 13880.0
27.36 9716.0
27.47 5552.0
27.58 12492.0
27.69 5552.0
27.81 5552.0
27.93 11104.0
28.05 4164.0
28.19 6940.0
28.34 4164.0
28.45 6940.0
28.56 8328.0
28.70 5552.0
28.82 5552.0
28.94 2776.0
29.05 6940.0
29.16 5552.0
29.29 8328.0
29.39 5552.0
29.51 12492.0
29.62 9716.0
29.73 6940.0
29.84 12492.0
29.94 15268.0
