0.05 26372.00
0.15 37476.00
0.26 38864.00
0.37 31924.00
0.48 33312.00
0.59 26372.00
0.69 30536.00
0.80 36088.00
0.90 40252.00
1.01 38864.00
1.13 41640.00
1.24 24984.00
1.35 23596.00
1.46 26372.00
1.57 38864.00
1.67 38864.00
1.78 36088.00
1.88 34700.00
1.99 44416.00
2.11 40252.00
2.21 30536.00
2.32 33312.00
2.43 33312.00
2.54 29148.00
2.64 26372.00
2.75 22208.00
2.86 26372.00
2.96 30536.00
3.07 29148.00
3.17 24984.00
3.28 29148.00
3.38 23596.00
3.49 30536.00
3.60 26372.00
3.70 29148.00
3.81 38864.00
3.91 26372.00
4.02 29148.00
4.12 19432.00
4.24 33312.00
4.35 34700.00
4.45 30536.00
4.56 29148.00
4.66 23596.00
4.77 22208.00
4.87 24984.00
4.98 24984.00
5.09 27760.00
5.19 22208.00
5.30 29148.00
5.40 24984.00
5.51 22208.00
5.62 27760.00
5.73 33312.00
5.84 26372.00
5.94 26372.00
6.05 27760.00
6.15 22208.00
6.26 23596.00
6.37 26372.00
6.48 30536.00
6.59 27760.00
6.69 20820.00
6.80 20820.00
6.90 22208.00
7.01 20820.00
7.12 26372.00
7.23 27760.00
7.34 24984.00
7.44 22208.00
7.55 26372.00
7.65 20820.00
7.76 16656.00
7.87 19432.00
7.98 22208.00
8.09 20820.00
8.19 20820.00
8.31 20820.00
8.41 20820.00
8.53 26372.00
8.63 26372.00
8.74 23596.00
8.85 20820.00
8.95 18044.00
9.06 26372.00
9.18 22208.00
9.29 23596.00
9.39 19432.00
9.50 31924.00
9.61 26372.00
9.71 29148.00
9.82 29148.00
9.92 26372.00
10.03 24984.00
10.13 24984.00
10.24 33312.00
10.35 36088.00
10.45 36088.00
10.56 38864.00
10.66 29148.00
10.77 23596.00
10.87 29148.00
10.98 34700.00
11.09 43028.00
11.19 24984.00
11.30 29148.00
11.40 34700.00
11.51 29148.00
11.62 24984.00
11.73 31924.00
11.84 29148.00
11.94 18044.00
12.05 24984.00
12.15 37476.00
12.26 34700.00
12.37 41640.00
12.49 44416.00
12.60 52744.00
12.70 37476.00
12.81 44416.00
12.91 37476.00
13.02 43028.00
13.12 45804.00
13.23 43028.00
13.34 47192.00
13.45 38864.00
13.56 55520.00
13.66 47192.00
13.77 49968.00
13.87 52744.00
13.98 62460.00
14.09 65236.00
14.19 52744.00
14.30 58296.00
14.40 58296.00
14.51 49968.00
14.62 61072.00
14.73 62460.00
14.84 49968.00
14.94 54132.00
15.05 56908.00
15.15 37476.00
15.26 37476.00
15.37 45804.00
15.48 43028.00
15.59 40252.00
15.69 36088.00
15.80 49968.00
15.90 48580.00
16.01 44416.00
16.12 41640.00
16.23 58296.00
16.34 44416.00
16.44 34700.00
16.55 43028.00
16.66 43028.00
16.77 47192.00
16.87 37476.00
16.98 51356.00
17.09 38864.00
17.19 51356.00
17.30 65236.00
17.40 73564.00
17.51 45804.00
17.62 66624.00
17.73 84668.00
17.84 62460.00
17.94 34700.00
18.05 45804.00
18.15 41640.00
18.26 43028.00
18.37 47192.00
18.48 49968.00
18.59 40252.00
18.69 34700.00
18.81 69400.00
18.91 59684.00
19.02 56908.00
19.12 45804.00
19.23 51356.00
19.34 40252.00
19.45 43028.00
19.56 59684.00
19.67 44416.00
19.78 51356.00
19.88 37476.00
19.99 48580.00
20.10 56908.00
20.20 44416.00
20.31 58296.00
20.41 70788.00
20.52 68012.00
20.63 56908.00
20.74 49968.00
20.85 45804.00
20.95 47192.00
21.06 43028.00
21.16 44416.00
21.27 59684.00
21.37 61072.00
21.48 55520.00
21.60 58296.00
21.71 48580.00
21.82 48580.00
21.93 41640.00
22.04 52744.00
22.14 66624.00
22.25 69400.00
22.36 48580.00
22.46 37476.00
22.57 61072.00
22.67 54132.00
22.78 49968.00
22.88 56908.00
22.99 69400.00
23.10 48580.00
23.20 47192.00
23.31 49968.00
23.41 38864.00
23.52 49968.00
23.62 48580.00
23.73 56908.00
23.84 43028.00
23.94 40252.00
24.05 37476.00
24.15 45804.00
24.26 52744.00
24.37 47192.00
24.49 38864.00
24.60 51356.00
24.70 43028.00
24.81 55520.00
24.91 48580.00
25.02 51356.00
25.12 38864.00
25.23 40252.00
25.35 41640.00
25.45 45804.00
25.56 48580.00
25.66 58296.00
25.77 55520.00
25.87 45804.00
25.98 66624.00
26.09 73564.00
26.19 59684.00
26.30 54132.00
26.40 44416.00
26.51 38864.00
26.62 34700.00
26.73 43028.00
26.84 54132.00
26.94 51356.00
27.05 51356.00
27.15 47192.00
27.26 62460.00
27.37 66624.00
27.48 83280.00
27.59 79116.00
27.69 58296.00
27.80 62460.00
27.90 58296.00
28.01 54132.00
28.12 51356.00
28.24 54132.00
28.35 63848.00
28.45 58296.00
28.56 63848.00
28.66 56908.00
28.77 69400.00
28.87 47192.00
28.98 58296.00
29.09 54132.00
29.19 43028.00
29.30 45804.00
29.40 44416.00
29.51 55520.00
29.62 45804.00
29.73 56908.00
29.84 48580.00
29.94 59684.00
