0.19 80504.0
0.30 84668.0
0.40 80504.0
0.51 69400.0
0.62 84668.0
0.73 70788.0
0.84 70788.0
0.94 76340.0
1.05 88832.0
1.15 73564.0
1.26 76340.0
1.37 74952.0
1.48 98548.0
1.59 81892.0
1.69 62460.0
1.80 87444.0
1.91 97160.0
2.02 86056.0
2.12 86056.0
2.23 88832.0
2.35 90220.0
2.45 77728.0
2.56 101324.0
2.66 94384.0
2.77 90220.0
2.87 86056.0
2.98 97160.0
3.09 87444.0
3.19 76340.0
3.31 88832.0
3.41 88832.0
3.52 83280.0
3.62 77728.0
3.73 74952.0
3.84 72176.0
3.94 59684.0
4.05 80504.0
4.15 72176.0
4.26 69400.0
4.37 62460.0
4.48 74952.0
4.59 70788.0
4.69 77728.0
4.80 77728.0
4.90 73564.0
5.01 62460.0
5.12 74952.0
5.23 76340.0
5.34 86056.0
5.44 72176.0
5.55 29148.0
5.65 70788.0
5.76 80504.0
5.87 68012.0
5.98 58296.0
6.09 48580.0
6.20 38864.0
6.31 44416.0
6.41 34700.0
6.52 38864.0
6.62 37476.0
6.73 41640.0
6.84 41640.0
6.95 23596.0
7.06 33312.0
7.16 18044.0
7.27 24984.0
7.37 26372.0
7.48 27760.0
7.60 27760.0
7.70 20820.0
7.81 22208.0
7.91 26372.0
8.02 22208.0
8.12 19432.0
8.23 23596.0
8.35 30536.0
8.45 22208.0
8.56 22208.0
8.66 23596.0
8.77 41640.0
8.87 31924.0
8.98 23596.0
9.09 44416.0
9.19 36088.0
9.30 44416.0
9.40 68012.0
9.51 77728.0
9.62 61072.0
9.73 72176.0
9.84 61072.0
9.94 54132.0
10.05 68012.0
10.15 69400.0
10.26 43028.0
10.37 68012.0
10.48 65236.0
10.59 65236.0
10.69 65236.0
10.80 69400.0
10.90 65236.0
11.01 79116.0
11.12 59684.0
11.23 74952.0
11.34 73564.0
11.44 62460.0
11.55 65236.0
11.65 70788.0
11.76 62460.0
11.87 77728.0
11.98 73564.0
12.09 70788.0
12.19 59684.0
12.30 94384.0
12.40 69400.0
12.51 68012.0
12.62 65236.0
12.73 55520.0
12.84 63848.0
12.95 43028.0
13.06 77728.0
13.16 73564.0
13.27 68012.0
13.38 38864.0
13.49 43028.0
13.60 41640.0
13.70 51356.0
13.81 31924.0
13.91 59684.0
14.02 66624.0
14.12 59684.0
14.23 63848.0
14.34 69400.0
14.44 72176.0
14.55 74952.0
14.65 62460.0
14.76 66624.0
14.87 66624.0
14.98 76340.0
15.09 83280.0
15.19 66624.0
15.30 72176.0
15.40 74952.0
15.51 72176.0
15.62 62460.0
15.73 59684.0
15.84 36088.0
15.94 37476.0
16.06 47192.0
16.17 36088.0
16.28 37476.0
16.38 36088.0
16.49 34700.0
16.60 31924.0
16.70 34700.0
16.81 33312.0
16.91 40252.0
17.02 36088.0
17.12 38864.0
17.23 37476.0
17.35 43028.0
17.45 37476.0
17.56 37476.0
17.66 30536.0
17.77 34700.0
17.87 30536.0
17.98 30536.0
18.09 33312.0
18.19 29148.0
18.30 29148.0
18.40 26372.0
18.51 56908.0
18.62 69400.0
18.73 41640.0
18.84 70788.0
18.96 59684.0
19.07 49968.0
19.17 48580.0
19.28 72176.0
19.38 74952.0
19.49 70788.0
19.60 65236.0
19.70 51356.0
19.81 59684.0
19.91 40252.0
20.02 52744.0
20.12 62460.0
20.23 66624.0
20.34 66624.0
20.44 61072.0
20.55 69400.0
20.65 70788.0
20.76 73564.0
20.87 58296.0
20.98 66624.0
21.10 65236.0
21.20 70788.0
21.31 63848.0
21.41 54132.0
21.52 59684.0
21.62 72176.0
21.73 73564.0
21.84 76340.0
21.94 70788.0
22.05 73564.0
22.15 74952.0
22.26 62460.0
22.37 66624.0
22.48 66624.0
22.59 86056.0
22.70 65236.0
22.81 90220.0
22.91 63848.0
23.02 77728.0
23.12 72176.0
23.23 72176.0
23.34 73564.0
23.44 73564.0
23.55 84668.0
23.65 76340.0
23.76 73564.0
23.87 61072.0
23.98 92996.0
24.09 94384.0
24.19 72176.0
24.30 90220.0
24.40 76340.0
24.51 61072.0
24.62 72176.0
24.73 92996.0
24.84 77728.0
24.94 54132.0
25.05 84668.0
25.15 62460.0
25.26 68012.0
25.37 86056.0
25.48 55520.0
25.59 81892.0
25.69 69400.0
25.80 34700.0
25.90 16656.0
26.02 23596.0
26.12 29148.0
26.23 36088.0
26.34 38864.0
26.44 24984.0
26.55 37476.0
26.65 40252.0
26.76 34700.0
26.87 41640.0
26.99 22208.0
27.10 22208.0
27.21 22208.0
27.32 36088.0
27.42 24984.0
27.53 33312.0
27.63 22208.0
27.74 31924.0
27.85 33312.0
27.95 29148.0
28.06 30536.0
28.16 29148.0
28.27 30536.0
28.37 29148.0
28.48 29148.0
28.60 30536.0
28.70 26372.0
28.81 31924.0
28.91 33312.0
29.02 24984.0
29.12 20820.0
29.23 24984.0
29.34 20820.0
29.44 18044.0
29.55 20820.0
29.65 24984.0
29.77 23596.0
29.87 20820.0
29.98 36088.0
