0.12 62460.0
0.22 65236.0
0.33 55520.0
0.43 54132.0
0.54 54132.0
0.64 69400.0
0.75 31924.0
0.86 66624.0
0.96 43028.0
1.07 58296.0
1.17 72176.0
1.28 69400.0
1.38 56908.0
1.49 49968.0
1.60 63848.0
1.70 48580.0
1.82 27760.0
1.92 48580.0
2.03 40252.0
2.13 62460.0
2.24 69400.0
2.35 66624.0
2.45 62460.0
2.56 66624.0
2.66 61072.0
2.77 59684.0
2.88 49968.0
2.99 65236.0
3.10 84668.0
3.20 30536.0
3.31 29148.0
3.41 72176.0
3.52 54132.0
3.64 59684.0
3.75 74952.0
3.86 59684.0
3.96 74952.0
4.07 59684.0
4.17 54132.0
4.28 73564.0
4.38 55520.0
4.50 52744.0
4.61 52744.0
4.71 38864.0
4.82 54132.0
4.92 24984.0
5.03 56908.0
5.13 49968.0
5.24 55520.0
5.35 59684.0
5.45 49968.0
5.57 58296.0
5.67 52744.0
5.78 54132.0
5.88 49968.0
5.99 54132.0
6.10 81892.0
6.20 62460.0
6.32 48580.0
6.42 49968.0
6.53 61072.0
6.63 54132.0
6.74 41640.0
6.85 69400.0
6.95 65236.0
7.06 63848.0
7.16 66624.0
7.27 72176.0
7.38 80504.0
7.49 81892.0
7.60 77728.0
7.70 40252.0
7.81 38864.0
7.91 49968.0
8.02 61072.0
8.13 49968.0
8.24 61072.0
8.35 48580.0
8.45 29148.0
8.56 72176.0
8.66 52744.0
8.77 66624.0
8.88 77728.0
8.99 76340.0
9.10 87444.0
9.20 65236.0
9.31 80504.0
9.41 66624.0
9.52 86056.0
9.63 70788.0
9.74 54132.0
9.85 44416.0
9.95 36088.0
10.06 49968.0
10.16 51356.0
10.27 36088.0
10.38 40252.0
10.49 51356.0
10.60 38864.0
10.70 45804.0
10.81 56908.0
10.91 79116.0
11.02 79116.0
11.13 65236.0
11.24 61072.0
11.35 59684.0
11.45 61072.0
11.56 70788.0
11.67 36088.0
11.78 38864.0
11.88 20820.0
11.99 27760.0
12.10 36088.0
12.20 40252.0
12.31 34700.0
12.41 26372.0
12.52 52744.0
12.64 59684.0
12.75 73564.0
12.86 69400.0
12.96 74952.0
13.07 61072.0
13.17 68012.0
13.28 76340.0
13.38 61072.0
13.49 61072.0
13.60 52744.0
13.70 52744.0
13.81 59684.0
13.91 55520.0
14.02 63848.0
14.13 70788.0
14.24 66624.0
14.35 69400.0
14.45 70788.0
14.56 63848.0
14.66 52744.0
14.77 36088.0
14.88 58296.0
14.99 69400.0
15.10 73564.0
15.20 63848.0
15.31 59684.0
15.41 59684.0
15.52 65236.0
15.63 76340.0
15.74 66624.0
15.85 79116.0
15.95 55520.0
16.07 61072.0
16.18 58296.0
16.29 61072.0
16.39 44416.0
16.50 63848.0
16.61 70788.0
16.71 56908.0
16.82 73564.0
16.92 68012.0
17.03 62460.0
17.13 58296.0
17.24 59684.0
17.35 72176.0
17.45 47192.0
17.56 59684.0
17.66 58296.0
17.78 44416.0
17.88 37476.0
17.99 62460.0
18.10 59684.0
18.20 52744.0
18.32 63848.0
18.42 43028.0
18.53 51356.0
18.63 56908.0
18.74 49968.0
18.85 31924.0
18.95 34700.0
19.06 33312.0
19.16 19432.0
19.27 30536.0
19.38 31924.0
19.49 27760.0
19.60 56908.0
19.70 31924.0
19.82 45804.0
19.92 27760.0
20.03 44416.0
20.13 41640.0
20.24 43028.0
20.35 40252.0
20.45 41640.0
20.56 41640.0
20.66 37476.0
20.77 54132.0
20.88 38864.0
20.99 37476.0
21.10 52744.0
21.20 56908.0
21.31 72176.0
21.42 41640.0
21.53 59684.0
21.63 40252.0
21.74 34700.0
21.85 31924.0
21.95 47192.0
22.06 66624.0
22.17 54132.0
22.28 65236.0
22.39 63848.0
22.50 68012.0
22.61 58296.0
22.72 65236.0
22.83 80504.0
22.93 70788.0
23.04 59684.0
23.14 72176.0
23.25 27760.0
23.36 30536.0
23.46 40252.0
23.57 66624.0
23.67 68012.0
23.78 77728.0
23.88 51356.0
23.99 41640.0
24.10 38864.0
24.20 33312.0
24.31 76340.0
24.41 76340.0
24.52 58296.0
24.63 56908.0
24.74 88832.0
24.85 63848.0
24.95 69400.0
25.06 68012.0
25.16 54132.0
25.27 62460.0
25.38 72176.0
25.49 63848.0
25.60 66624.0
25.70 68012.0
25.81 62460.0
25.91 72176.0
26.02 72176.0
26.13 77728.0
26.24 79116.0
26.35 68012.0
26.45 62460.0
26.56 47192.0
26.66 79116.0
26.77 62460.0
26.88 58296.0
26.99 66624.0
27.10 74952.0
27.20 56908.0
27.31 69400.0
27.41 49968.0
27.52 56908.0
27.63 41640.0
27.74 47192.0
27.85 48580.0
27.95 37476.0
28.07 48580.0
28.17 40252.0
28.28 38864.0
28.38 43028.0
28.50 34700.0
28.61 41640.0
28.71 22208.0
28.82 54132.0
28.92 20820.0
29.03 43028.0
29.13 41640.0
29.24 44416.0
29.35 30536.0
29.45 38864.0
29.56 52744.0
29.66 40252.0
29.77 58296.0
29.88 33312.0
29.99 61072.0
