0.16 36088.0
0.27 44416.0
0.39 45804.0
0.50 43028.0
0.61 55520.0
0.72 45804.0
0.83 44416.0
0.94 47192.0
1.05 41640.0
1.15 37476.0
1.26 61072.0
1.37 45804.0
1.47 45804.0
1.58 52744.0
1.68 45804.0
1.79 61072.0
1.89 52744.0
2.00 49968.0
2.11 38864.0
2.21 31924.0
2.32 41640.0
2.42 41640.0
2.53 43028.0
2.63 37476.0
2.74 52744.0
2.85 48580.0
2.95 36088.0
3.06 49968.0
3.16 48580.0
3.27 58296.0
3.38 44416.0
3.49 47192.0
3.60 58296.0
3.70 58296.0
3.81 72176.0
3.91 61072.0
4.02 74952.0
4.13 79116.0
4.24 77728.0
4.35 84668.0
4.45 61072.0
4.56 83280.0
4.66 74952.0
4.77 54132.0
4.88 54132.0
4.99 44416.0
5.10 49968.0
5.21 48580.0
5.32 61072.0
5.42 41640.0
5.53 69400.0
5.63 49968.0
5.74 55520.0
5.86 87444.0
5.97 76340.0
6.08 86056.0
6.18 62460.0
6.29 54132.0
6.39 59684.0
6.50 65236.0
6.61 62460.0
6.71 45804.0
6.82 51356.0
6.92 45804.0
7.03 48580.0
7.13 62460.0
7.24 62460.0
7.36 69400.0
7.46 63848.0
7.57 74952.0
7.67 63848.0
7.79 77728.0
7.89 68012.0
8.00 68012.0
8.11 74952.0
8.21 58296.0
8.32 65236.0
8.42 56908.0
8.53 90220.0
8.63 77728.0
8.74 70788.0
8.85 73564.0
8.95 81892.0
9.06 55520.0
9.16 47192.0
9.27 66624.0
9.38 68012.0
9.49 73564.0
9.61 88832.0
9.71 74952.0
9.82 88832.0
9.92 86056.0
10.03 86056.0
10.13 51356.0
10.24 59684.0
10.35 69400.0
10.45 77728.0
10.56 72176.0
10.66 47192.0
10.77 66624.0
10.89 65236.0
11.00 76340.0
11.11 61072.0
11.21 55520.0
11.32 65236.0
11.42 55520.0
11.53 66624.0
11.63 56908.0
11.74 84668.0
11.85 73564.0
11.95 59684.0
12.06 59684.0
12.16 62460.0
12.27 47192.0
12.38 59684.0
12.49 58296.0
12.60 61072.0
12.70 59684.0
12.81 54132.0
12.91 55520.0
13.02 61072.0
13.13 61072.0
13.24 72176.0
13.35 66624.0
13.45 45804.0
13.56 54132.0
13.67 54132.0
13.78 37476.0
13.88 45804.0
14.00 49968.0
14.11 65236.0
14.21 59684.0
14.32 73564.0
14.42 66624.0
14.53 79116.0
14.63 65236.0
14.74 73564.0
14.86 73564.0
14.96 62460.0
15.07 58296.0
15.17 73564.0
15.28 54132.0
15.38 73564.0
15.50 51356.0
15.61 66624.0
15.71 49968.0
15.82 62460.0
15.92 45804.0
16.03 52744.0
16.13 61072.0
16.24 63848.0
16.35 81892.0
16.45 79116.0
16.56 76340.0
16.66 56908.0
16.77 56908.0
16.88 59684.0
16.99 70788.0
17.10 70788.0
17.20 63848.0
17.31 58296.0
17.41 51356.0
17.52 77728.0
17.63 66624.0
17.74 59684.0
17.85 70788.0
17.95 63848.0
18.06 59684.0
18.17 52744.0
18.28 63848.0
18.38 63848.0
18.49 66624.0
18.60 66624.0
18.70 61072.0
18.81 62460.0
18.91 51356.0
19.02 65236.0
19.13 65236.0
19.24 69400.0
19.36 68012.0
19.46 76340.0
19.57 69400.0
19.67 74952.0
19.78 84668.0
19.88 70788.0
19.99 70788.0
20.10 79116.0
20.20 72176.0
20.32 59684.0
20.43 58296.0
20.54 70788.0
20.64 51356.0
20.75 70788.0
20.86 59684.0
20.96 44416.0
21.07 59684.0
21.17 49968.0
21.29 36088.0
21.39 52744.0
21.50 58296.0
21.61 72176.0
21.71 56908.0
21.82 63848.0
21.92 38864.0
22.03 62460.0
22.13 52744.0
22.24 68012.0
22.35 79116.0
22.46 63848.0
22.57 59684.0
22.67 52744.0
22.78 63848.0
22.88 56908.0
22.99 66624.0
23.10 69400.0
23.21 54132.0
23.32 59684.0
23.42 40252.0
23.53 62460.0
23.64 59684.0
23.75 70788.0
23.86 69400.0
23.96 62460.0
24.07 58296.0
24.17 51356.0
24.28 48580.0
24.38 47192.0
24.49 47192.0
24.60 56908.0
24.70 52744.0
24.81 70788.0
24.91 54132.0
25.02 76340.0
25.13 70788.0
25.24 61072.0
25.35 72176.0
25.45 48580.0
25.56 70788.0
25.66 66624.0
25.77 76340.0
25.88 56908.0
25.99 56908.0
26.10 68012.0
26.20 61072.0
26.32 68012.0
26.42 70788.0
26.53 61072.0
26.63 48580.0
26.74 55520.0
26.85 48580.0
26.95 43028.0
27.06 56908.0
27.16 74952.0
27.27 80504.0
27.38 68012.0
27.49 62460.0
27.60 63848.0
27.70 61072.0
27.82 61072.0
27.92 63848.0
28.03 76340.0
28.13 40252.0
28.24 55520.0
28.35 61072.0
28.45 52744.0
28.56 73564.0
28.66 55520.0
28.77 47192.0
28.88 47192.0
28.99 54132.0
29.10 59684.0
29.20 66624.0
29.31 79116.0
29.41 73564.0
29.52 65236.0
29.63 73564.0
29.75 80504.0
29.86 92996.0
29.96 80504.0
