0.13 61072.0
0.24 70788.0
0.35 48580.0
0.45 62460.0
0.56 63848.0
0.66 56908.0
0.77 63848.0
0.87 56908.0
0.98 52744.0
1.09 43028.0
1.19 34700.0
1.30 47192.0
1.40 52744.0
1.51 52744.0
1.62 66624.0
1.73 47192.0
1.84 47192.0
1.94 59684.0
2.05 52744.0
2.15 54132.0
2.26 56908.0
2.38 69400.0
2.49 73564.0
2.60 68012.0
2.75 56908.0
2.86 58296.0
2.96 41640.0
3.07 45804.0
3.17 45804.0
3.28 58296.0
3.38 48580.0
3.49 70788.0
3.60 45804.0
3.70 52744.0
3.81 33312.0
3.91 41640.0
4.02 40252.0
4.12 43028.0
4.24 27760.0
4.35 63848.0
4.45 54132.0
4.56 49968.0
4.66 65236.0
4.77 69400.0
4.87 43028.0
4.98 54132.0
5.09 41640.0
5.19 27760.0
5.30 40252.0
5.40 47192.0
5.51 51356.0
5.62 51356.0
5.73 56908.0
5.84 52744.0
5.94 62460.0
6.06 38864.0
6.16 26372.0
6.27 30536.0
6.37 29148.0
6.48 56908.0
6.59 54132.0
6.69 68012.0
6.80 49968.0
6.91 43028.0
7.03 63848.0
7.13 63848.0
7.24 63848.0
7.35 69400.0
7.45 56908.0
7.56 70788.0
7.67 58296.0
7.78 73564.0
7.88 69400.0
7.99 79116.0
8.10 72176.0
8.20 73564.0
8.31 79116.0
8.41 52744.0
8.52 83280.0
8.62 73564.0
8.73 74952.0
8.84 77728.0
8.94 72176.0
9.05 81892.0
9.15 73564.0
9.26 70788.0
9.37 79116.0
9.48 77728.0
9.59 65236.0
9.69 56908.0
9.80 49968.0
9.90 51356.0
10.01 47192.0
10.12 38864.0
10.23 45804.0
10.35 56908.0
10.45 59684.0
10.56 33312.0
10.67 26372.0
10.78 66624.0
10.88 56908.0
10.99 45804.0
11.11 54132.0
11.21 49968.0
11.32 47192.0
11.42 52744.0
11.53 44416.0
11.63 43028.0
11.74 44416.0
11.85 55520.0
11.95 41640.0
12.06 40252.0
12.16 58296.0
12.27 61072.0
12.37 58296.0
12.48 68012.0
12.59 65236.0
12.69 41640.0
12.80 62460.0
12.90 49968.0
13.01 54132.0
13.13 40252.0
13.24 68012.0
13.35 58296.0
13.45 47192.0
13.56 48580.0
13.66 58296.0
13.77 55520.0
13.87 47192.0
13.98 59684.0
14.09 72176.0
14.19 45804.0
14.30 65236.0
14.40 38864.0
14.51 54132.0
14.62 31924.0
14.73 48580.0
14.84 65236.0
14.94 51356.0
15.05 26372.0
15.15 23596.0
15.26 23596.0
15.37 30536.0
15.48 52744.0
15.59 59684.0
15.69 49968.0
15.81 62460.0
15.91 48580.0
16.02 59684.0
16.12 52744.0
16.23 68012.0
16.34 68012.0
16.44 58296.0
16.55 58296.0
16.66 68012.0
16.77 76340.0
16.87 63848.0
16.98 80504.0
17.09 76340.0
17.19 49968.0
17.30 80504.0
17.40 59684.0
17.51 30536.0
17.62 37476.0
17.73 65236.0
17.84 43028.0
17.94 49968.0
18.05 73564.0
18.15 79116.0
18.26 37476.0
18.37 72176.0
18.48 44416.0
18.59 44416.0
18.69 66624.0
18.80 73564.0
18.90 62460.0
19.01 66624.0
19.13 65236.0
19.24 68012.0
19.35 65236.0
19.45 51356.0
19.56 38864.0
19.66 65236.0
19.77 49968.0
19.87 66624.0
19.98 76340.0
20.10 68012.0
20.20 76340.0
20.31 74952.0
20.41 61072.0
20.52 66624.0
20.62 56908.0
20.73 73564.0
20.84 66624.0
20.94 70788.0
21.05 73564.0
21.15 58296.0
21.26 73564.0
21.37 56908.0
21.49 66624.0
21.60 73564.0
21.70 61072.0
21.81 65236.0
21.91 56908.0
22.02 59684.0
22.13 59684.0
22.25 63848.0
22.36 48580.0
22.46 65236.0
22.57 63848.0
22.67 56908.0
22.79 58296.0
22.89 72176.0
23.00 72176.0
23.11 62460.0
23.21 61072.0
23.32 61072.0
23.42 68012.0
23.53 59684.0
23.63 68012.0
23.74 65236.0
23.85 59684.0
23.95 63848.0
24.06 69400.0
24.17 56908.0
24.28 69400.0
24.38 65236.0
24.49 65236.0
24.60 56908.0
24.70 77728.0
24.81 72176.0
24.91 68012.0
25.03 66624.0
25.13 76340.0
25.24 80504.0
25.35 74952.0
25.45 66624.0
25.56 61072.0
25.67 72176.0
25.79 77728.0
25.89 48580.0
26.01 68012.0
26.13 68012.0
26.24 74952.0
26.35 59684.0
26.45 55520.0
26.56 49968.0
26.66 48580.0
26.77 59684.0
26.87 58296.0
26.98 68012.0
27.09 69400.0
27.19 62460.0
27.30 79116.0
27.40 62460.0
27.51 72176.0
27.63 72176.0
27.74 70788.0
27.85 69400.0
27.95 70788.0
28.06 59684.0
28.17 61072.0
28.33 77728.0
28.62 1388.0
28.73 210976.0
28.84 44416.0
28.94 43028.0
29.05 63848.0
29.15 55520.0
29.26 47192.0
29.37 56908.0
29.48 61072.0
29.59 66624.0
29.69 58296.0
29.80 58296.0
29.90 58296.0
