0.22 56908.0
0.33 55520.0
0.43 58296.0
0.54 54132.0
0.64 56908.0
0.75 58296.0
0.86 72176.0
0.98 72176.0
1.09 63848.0
1.19 58296.0
1.30 69400.0
1.40 49968.0
1.51 63848.0
1.61 55520.0
1.72 66624.0
1.83 56908.0
1.93 49968.0
2.05 55520.0
2.15 55520.0
2.26 58296.0
2.36 54132.0
2.47 62460.0
2.58 52744.0
2.68 52744.0
2.79 58296.0
2.89 63848.0
3.00 58296.0
3.11 66624.0
3.22 63848.0
3.33 62460.0
3.43 55520.0
3.55 63848.0
3.65 62460.0
3.76 61072.0
3.86 65236.0
3.98 69400.0
4.09 65236.0
4.19 61072.0
4.30 65236.0
4.40 56908.0
4.51 59684.0
4.61 56908.0
4.72 58296.0
4.83 56908.0
4.94 55520.0
5.05 62460.0
5.15 45804.0
5.26 69400.0
5.36 49968.0
5.47 68012.0
5.58 73564.0
5.69 68012.0
5.80 65236.0
5.90 62460.0
6.01 63848.0
6.11 45804.0
6.22 61072.0
6.33 54132.0
6.43 58296.0
6.54 56908.0
6.64 54132.0
6.75 66624.0
6.86 62460.0
6.98 58296.0
7.09 63848.0
7.19 44416.0
7.30 56908.0
7.40 55520.0
7.51 52744.0
7.61 51356.0
7.72 55520.0
7.83 55520.0
7.93 59684.0
8.04 54132.0
8.14 58296.0
8.25 52744.0
8.36 68012.0
8.47 70788.0
8.58 58296.0
8.68 65236.0
8.79 48580.0
8.89 45804.0
9.00 59684.0
9.11 54132.0
9.22 52744.0
9.33 56908.0
9.43 45804.0
9.55 49968.0
9.66 51356.0
9.77 45804.0
9.87 54132.0
9.98 51356.0
10.09 52744.0
10.19 56908.0
10.30 62460.0
10.40 56908.0
10.51 62460.0
10.61 51356.0
10.73 61072.0
10.84 65236.0
10.95 58296.0
11.06 72176.0
11.16 58296.0
11.27 62460.0
11.37 54132.0
11.48 59684.0
11.59 59684.0
11.69 58296.0
11.80 56908.0
11.90 62460.0
12.01 62460.0
12.11 51356.0
12.22 65236.0
12.34 70788.0
12.44 74952.0
12.55 63848.0
12.65 51356.0
12.76 62460.0
12.86 52744.0
12.97 56908.0
13.08 47192.0
13.18 43028.0
13.29 56908.0
13.40 45804.0
13.51 49968.0
13.62 54132.0
13.73 55520.0
13.84 61072.0
13.94 56908.0
14.05 66624.0
14.15 49968.0
14.26 54132.0
14.36 48580.0
14.47 54132.0
14.58 66624.0
14.68 59684.0
14.79 58296.0
14.90 62460.0
15.01 70788.0
15.11 65236.0
15.22 66624.0
15.33 58296.0
15.43 61072.0
15.54 61072.0
15.64 59684.0
15.75 61072.0
15.86 69400.0
15.97 73564.0
16.08 74952.0
16.18 51356.0
16.29 68012.0
16.39 62460.0
16.50 65236.0
16.61 66624.0
16.72 61072.0
16.83 44416.0
16.93 44416.0
17.04 61072.0
17.14 51356.0
17.25 63848.0
17.36 70788.0
17.47 59684.0
17.58 58296.0
17.68 65236.0
17.79 66624.0
17.89 55520.0
18.00 65236.0
18.11 73564.0
18.22 69400.0
18.33 65236.0
18.44 58296.0
18.56 70788.0
18.66 65236.0
18.77 61072.0
18.87 48580.0
18.98 62460.0
19.10 55520.0
19.20 54132.0
19.31 49968.0
19.41 40252.0
19.52 54132.0
19.62 37476.0
19.73 49968.0
19.84 52744.0
19.94 48580.0
20.05 54132.0
20.15 49968.0
20.26 52744.0
20.36 44416.0
20.47 47192.0
20.58 47192.0
20.68 41640.0
20.79 54132.0
20.89 48580.0
21.01 48580.0
21.11 52744.0
21.22 56908.0
21.33 51356.0
21.43 43028.0
21.54 47192.0
21.64 43028.0
21.75 40252.0
21.86 58296.0
21.97 59684.0
22.08 55520.0
22.18 43028.0
22.29 45804.0
22.39 52744.0
22.50 61072.0
22.61 51356.0
22.72 55520.0
22.83 52744.0
22.93 52744.0
23.04 47192.0
23.14 44416.0
23.25 52744.0
23.36 51356.0
23.47 48580.0
23.58 56908.0
23.68 51356.0
23.79 59684.0
23.89 49968.0
24.00 56908.0
24.11 61072.0
24.22 47192.0
24.33 61072.0
24.43 54132.0
24.54 58296.0
24.64 48580.0
24.75 56908.0
24.87 56908.0
24.98 61072.0
25.09 45804.0
25.19 51356.0
25.30 56908.0
25.41 52744.0
25.52 58296.0
25.62 38864.0
25.73 63848.0
25.84 55520.0
25.94 55520.0
26.05 54132.0
26.15 48580.0
26.26 62460.0
26.36 55520.0
26.47 52744.0
26.59 55520.0
26.69 58296.0
26.80 51356.0
26.90 56908.0
27.01 56908.0
27.11 49968.0
27.22 54132.0
27.33 58296.0
27.43 47192.0
27.54 51356.0
27.64 49968.0
27.75 55520.0
27.87 55520.0
27.98 61072.0
28.09 54132.0
28.20 55520.0
28.31 65236.0
28.41 49968.0
28.52 52744.0
28.62 44416.0
28.73 59684.0
28.84 54132.0
28.94 55520.0
29.05 52744.0
29.15 48580.0
29.26 55520.0
29.36 52744.0
29.47 54132.0
29.58 59684.0
29.68 61072.0
29.79 61072.0
29.89 59684.0
30.00 58296.0
