0.16 41640.0
0.27 69400.0
0.37 61072.0
0.48 54132.0
0.60 49968.0
0.70 54132.0
0.81 55520.0
0.91 30536.0
1.02 26372.0
1.12 27760.0
1.23 19432.0
1.34 13880.0
1.44 16656.0
1.56 15268.0
1.66 19432.0
1.77 26372.0
1.87 23596.0
1.98 23596.0
2.09 48580.0
2.19 34700.0
2.30 34700.0
2.41 33312.0
2.52 54132.0
2.63 37476.0
2.74 36088.0
2.85 30536.0
2.95 23596.0
3.06 40252.0
3.17 29148.0
3.28 26372.0
3.38 23596.0
3.49 29148.0
3.60 23596.0
3.70 23596.0
3.81 29148.0
3.92 48580.0
4.03 38864.0
4.14 34700.0
4.25 58296.0
4.36 70788.0
4.46 63848.0
4.58 43028.0
4.68 66624.0
4.79 79116.0
4.89 55520.0
5.00 41640.0
5.11 33312.0
5.21 37476.0
5.32 20820.0
5.42 24984.0
5.53 29148.0
5.63 36088.0
5.74 36088.0
5.85 47192.0
5.95 44416.0
6.06 94384.0
6.16 45804.0
6.27 77728.0
6.37 34700.0
6.48 44416.0
6.59 55520.0
6.69 65236.0
6.80 61072.0
6.90 77728.0
7.01 49968.0
7.13 48580.0
7.24 106876.0
7.35 87444.0
7.46 52744.0
7.57 68012.0
7.67 74952.0
7.78 66624.0
7.88 80504.0
7.99 70788.0
8.10 40252.0
8.20 52744.0
8.31 63848.0
8.41 63848.0
8.52 61072.0
8.62 74952.0
8.73 37476.0
8.84 40252.0
8.94 24984.0
9.05 44416.0
9.15 26372.0
9.26 30536.0
9.37 34700.0
9.49 49968.0
9.60 37476.0
9.70 27760.0
9.82 47192.0
9.92 65236.0
10.03 47192.0
10.13 36088.0
10.24 48580.0
10.35 58296.0
10.45 44416.0
10.56 59684.0
10.66 33312.0
10.77 68012.0
10.87 72176.0
10.98 24984.0
11.09 41640.0
11.19 26372.0
11.30 45804.0
11.40 34700.0
11.51 30536.0
11.63 23596.0
11.74 65236.0
11.85 41640.0
11.95 38864.0
12.07 37476.0
12.17 52744.0
12.28 51356.0
12.38 76340.0
12.50 76340.0
12.61 79116.0
12.71 69400.0
12.82 81892.0
12.92 76340.0
13.03 74952.0
13.13 52744.0
13.25 41640.0
13.36 37476.0
13.46 41640.0
13.57 45804.0
13.67 73564.0
13.78 59684.0
13.88 65236.0
13.99 86056.0
14.10 63848.0
14.20 62460.0
14.32 87444.0
14.43 49968.0
14.54 36088.0
14.64 33312.0
14.75 62460.0
14.86 72176.0
14.96 52744.0
15.07 47192.0
15.17 58296.0
15.28 65236.0
15.38 58296.0
15.49 81892.0
15.60 77728.0
15.70 68012.0
15.81 81892.0
15.91 69400.0
16.02 95772.0
16.12 79116.0
16.23 81892.0
16.34 66624.0
16.44 68012.0
16.55 91608.0
16.65 84668.0
16.76 90220.0
16.87 88832.0
16.98 73564.0
17.10 83280.0
17.20 88832.0
17.31 65236.0
17.41 33312.0
17.52 45804.0
17.62 33312.0
17.74 38864.0
17.85 47192.0
17.95 52744.0
18.06 83280.0
18.16 51356.0
18.27 91608.0
18.37 87444.0
18.48 72176.0
18.59 68012.0
18.69 56908.0
18.80 51356.0
18.90 81892.0
19.01 95772.0
19.12 76340.0
19.23 76340.0
19.35 79116.0
19.45 81892.0
19.56 79116.0
19.66 66624.0
19.77 92996.0
19.87 77728.0
19.98 94384.0
20.09 94384.0
20.19 74952.0
20.30 73564.0
20.40 52744.0
20.51 69400.0
20.62 66624.0
20.73 66624.0
20.84 76340.0
20.94 68012.0
21.05 63848.0
21.15 63848.0
21.26 70788.0
21.37 72176.0
21.49 68012.0
21.60 76340.0
21.70 74952.0
21.81 84668.0
21.91 56908.0
22.02 66624.0
22.12 55520.0
22.23 72176.0
22.34 61072.0
22.44 61072.0
22.55 72176.0
22.65 61072.0
22.76 59684.0
22.87 76340.0
22.98 56908.0
23.09 61072.0
23.19 61072.0
23.30 65236.0
23.40 77728.0
23.51 55520.0
23.62 59684.0
23.73 90220.0
23.84 77728.0
23.94 41640.0
24.05 56908.0
24.15 47192.0
24.26 36088.0
24.37 58296.0
24.48 80504.0
24.59 61072.0
24.69 54132.0
24.80 27760.0
24.91 37476.0
25.03 23596.0
25.13 38864.0
25.24 24984.0
25.35 47192.0
25.45 55520.0
25.56 49968.0
25.66 30536.0
25.77 38864.0
25.87 59684.0
25.98 36088.0
26.09 30536.0
26.19 37476.0
26.30 68012.0
26.40 40252.0
26.51 34700.0
26.62 36088.0
26.73 34700.0
26.84 43028.0
26.94 37476.0
27.05 37476.0
27.15 54132.0
27.26 40252.0
27.38 70788.0
27.50 69400.0
27.61 69400.0
27.71 69400.0
27.83 48580.0
27.93 55520.0
28.04 58296.0
28.14 49968.0
28.25 27760.0
28.36 6940.0
28.47 12492.0
28.59 20820.0
28.69 19432.0
28.80 26372.0
28.90 30536.0
29.01 56908.0
29.12 54132.0
29.23 61072.0
29.34 52744.0
29.44 62460.0
29.55 79116.0
29.65 52744.0
29.76 62460.0
29.87 62460.0
29.98 51356.0
