0.17 13880.0
0.28 23596.0
0.38 20820.0
0.50 24984.0
0.61 33312.0
0.71 43028.0
0.83 34700.0
0.94 38864.0
1.05 36088.0
1.15 22208.0
1.26 31924.0
1.37 48580.0
1.48 45804.0
1.60 41640.0
1.71 36088.0
1.82 29148.0
1.92 31924.0
2.03 47192.0
2.13 44416.0
2.24 59684.0
2.35 33312.0
2.46 27760.0
2.57 29148.0
2.67 31924.0
2.78 31924.0
2.88 33312.0
2.99 38864.0
3.10 47192.0
3.20 26372.0
3.31 26372.0
3.41 29148.0
3.52 58296.0
3.62 54132.0
3.73 37476.0
3.84 41640.0
3.94 55520.0
4.05 83280.0
4.15 61072.0
4.26 45804.0
4.37 62460.0
4.48 73564.0
4.59 68012.0
4.69 48580.0
4.80 65236.0
4.90 49968.0
5.01 44416.0
5.12 36088.0
5.23 45804.0
5.35 56908.0
5.45 41640.0
5.56 62460.0
5.66 77728.0
5.77 102712.0
5.87 70788.0
5.98 61072.0
6.09 43028.0
6.20 27760.0
6.31 56908.0
6.41 68012.0
6.53 74952.0
6.63 56908.0
6.74 59684.0
6.85 91608.0
6.95 58296.0
7.06 49968.0
7.16 43028.0
7.27 47192.0
7.38 56908.0
7.49 68012.0
7.60 65236.0
7.70 48580.0
7.81 62460.0
7.91 55520.0
8.02 47192.0
8.12 31924.0
8.23 68012.0
8.34 72176.0
8.44 68012.0
8.55 47192.0
8.65 36088.0
8.76 47192.0
8.87 47192.0
8.98 40252.0
9.09 33312.0
9.19 48580.0
9.30 41640.0
9.40 44416.0
9.51 79116.0
9.62 59684.0
9.73 61072.0
9.85 33312.0
9.96 19432.0
10.07 26372.0
10.17 37476.0
10.28 59684.0
10.39 37476.0
10.50 49968.0
10.61 55520.0
10.71 87444.0
10.83 59684.0
10.93 68012.0
11.04 109652.0
11.14 73564.0
11.25 105488.0
11.36 33312.0
11.46 47192.0
11.57 37476.0
11.67 34700.0
11.78 26372.0
11.88 30536.0
11.99 29148.0
12.10 41640.0
12.20 31924.0
12.31 34700.0
12.41 38864.0
12.53 51356.0
12.64 37476.0
12.75 30536.0
12.86 36088.0
12.97 29148.0
13.08 31924.0
13.18 34700.0
13.29 27760.0
13.39 40252.0
13.50 49968.0
13.61 34700.0
13.71 19432.0
13.82 27760.0
13.92 56908.0
14.04 36088.0
14.14 66624.0
14.25 81892.0
14.36 69400.0
14.46 69400.0
14.57 37476.0
14.67 44416.0
14.78 49968.0
14.88 79116.0
15.00 94384.0
15.11 80504.0
15.21 102712.0
15.32 77728.0
15.42 45804.0
15.53 49968.0
15.63 45804.0
15.74 23596.0
15.85 70788.0
15.95 79116.0
16.06 94384.0
16.16 74952.0
16.27 97160.0
16.37 26372.0
16.48 26372.0
16.59 56908.0
16.69 52744.0
16.80 92996.0
16.90 80504.0
17.01 86056.0
17.12 99936.0
17.23 109652.0
17.34 66624.0
17.44 29148.0
17.55 84668.0
17.65 72176.0
17.76 61072.0
17.87 112428.0
17.98 92996.0
18.09 69400.0
18.19 83280.0
18.30 69400.0
18.40 56908.0
18.51 97160.0
18.62 113816.0
18.73 122144.0
18.84 98548.0
18.94 102712.0
19.05 104100.0
19.15 54132.0
19.26 81892.0
19.37 102712.0
19.48 106876.0
19.59 106876.0
19.69 91608.0
19.80 99936.0
19.90 104100.0
20.01 104100.0
20.12 49968.0
20.23 65236.0
20.34 95772.0
20.44 63848.0
20.55 106876.0
20.65 90220.0
20.76 90220.0
20.88 72176.0
20.99 74952.0
21.10 51356.0
21.20 45804.0
21.31 69400.0
21.41 51356.0
21.52 52744.0
21.62 66624.0
21.73 77728.0
21.84 48580.0
21.94 41640.0
22.05 79116.0
22.15 45804.0
22.26 52744.0
22.37 79116.0
22.48 56908.0
22.59 49968.0
22.69 73564.0
22.80 33312.0
22.90 18044.0
23.01 43028.0
23.12 70788.0
23.24 24984.0
23.35 62460.0
23.45 58296.0
23.56 47192.0
23.66 36088.0
23.77 74952.0
23.87 34700.0
23.98 37476.0
24.09 38864.0
24.19 19432.0
24.30 34700.0
24.40 61072.0
24.52 65236.0
24.62 63848.0
24.73 70788.0
24.84 43028.0
24.94 27760.0
25.05 76340.0
25.15 63848.0
25.26 61072.0
25.37 68012.0
25.48 86056.0
25.59 51356.0
25.69 81892.0
25.80 58296.0
25.90 45804.0
26.01 48580.0
26.12 59684.0
26.23 62460.0
26.34 80504.0
26.44 68012.0
26.55 79116.0
26.65 58296.0
26.76 56908.0
26.87 79116.0
26.98 81892.0
27.09 87444.0
27.19 65236.0
27.30 84668.0
27.40 101324.0
27.51 97160.0
27.62 38864.0
27.74 63848.0
27.85 91608.0
27.95 52744.0
28.06 116592.0
28.16 113816.0
28.27 87444.0
28.37 104100.0
28.48 70788.0
28.59 55520.0
28.69 44416.0
28.80 86056.0
28.90 79116.0
29.01 88832.0
29.12 120756.0
29.23 115204.0
29.34 88832.0
29.44 65236.0
29.55 43028.0
29.66 31924.0
29.77 36088.0
29.87 58296.0
29.98 41640.0
