0.10 105233.15
0.20 105233.15
0.30 105233.15
0.40 105233.15
0.50 105233.15
0.60 105233.15
0.70 105233.15
0.80 105233.15
0.90 105233.15
1.00 105233.15
1.10 35524.54
1.20 35524.54
1.30 35524.54
1.40 35524.54
1.50 35524.54
1.60 35524.54
1.70 35524.54
1.80 35524.54
1.90 35524.54
2.00 35524.54
2.10 97644.82
2.20 97644.82
2.30 97644.82
2.40 97644.82
2.50 97644.82
2.60 97644.82
2.70 97644.82
2.80 97644.82
2.90 97644.82
3.00 97644.82
3.10 98416.72
3.20 98416.72
3.30 98416.72
3.40 98416.72
3.50 98416.72
3.60 98416.72
3.70 98416.72
3.80 98416.72
3.90 98416.72
4.00 98416.72
4.10 52098.95
4.20 52098.95
4.30 52098.95
4.40 52098.95
4.50 52098.95
4.60 52098.95
4.70 52098.95
4.80 52098.95
4.90 52098.95
5.00 52098.95
5.10 44224.72
5.20 44224.72
5.30 44224.72
5.40 44224.72
5.50 44224.72
5.60 44224.72
5.70 44224.72
5.80 44224.72
5.90 44224.72
6.00 44224.72
6.10 97865.79
6.20 97865.79
6.30 97865.79
6.40 97865.79
6.50 97865.79
6.60 97865.79
6.70 97865.79
6.80 97865.79
6.90 97865.79
7.00 97865.79
7.10 69425.20
7.20 69425.20
7.30 69425.20
7.40 69425.20
7.50 69425.20
7.60 69425.20
7.70 69425.20
7.80 69425.20
7.90 69425.20
8.00 69425.20
8.10 102870.19
8.20 102870.19
8.30 102870.19
8.40 102870.19
8.50 102870.19
8.60 102870.19
8.70 102870.19
8.80 102870.19
8.90 102870.19
9.00 102870.19
9.10 72941.14
9.20 72941.14
9.30 72941.14
9.40 72941.14
9.50 72941.14
9.60 72941.14
9.70 72941.14
9.80 72941.14
9.90 72941.14
10.00 72941.14
10.10 48559.19
10.20 48559.19
10.30 48559.19
10.40 48559.19
10.50 48559.19
10.60 48559.19
10.70 48559.19
10.80 48559.19
10.90 48559.19
11.00 48559.19
11.10 120441.25
11.20 120441.25
11.30 120441.25
11.40 120441.25
11.50 120441.25
11.60 120441.25
11.70 120441.25
11.80 120441.25
11.90 120441.25
12.00 120441.25
12.10 114546.67
12.20 114546.67
12.30 114546.67
12.40 114546.67
12.50 114546.67
12.60 114546.67
12.70 114546.67
12.80 114546.67
12.90 114546.67
13.00 114546.67
13.10 114883.87
13.20 114883.87
13.30 114883.87
13.40 114883.87
13.50 114883.87
13.60 114883.87
13.70 114883.87
13.80 114883.87
13.90 114883.87
14.00 114883.87
14.10 98752.09
14.20 98752.09
14.30 98752.09
14.40 98752.09
14.50 98752.09
14.60 98752.09
14.70 98752.09
14.80 98752.09
14.90 98752.09
15.00 98752.09
15.10 118900.71
15.20 118900.71
15.30 118900.71
15.40 118900.71
15.50 118900.71
15.60 118900.71
15.70 118900.71
15.80 118900.71
15.90 118900.71
16.00 118900.71
16.10 120235.06
16.20 120235.06
16.30 120235.06
16.40 120235.06
16.50 120235.06
16.60 120235.06
16.70 120235.06
16.80 120235.06
16.90 120235.06
17.00 120235.06
17.10 107598.68
17.20 107598.68
17.30 107598.68
17.40 107598.68
17.50 107598.68
17.60 107598.68
17.70 107598.68
17.80 107598.68
17.90 107598.68
18.00 107598.68
18.10 115397.82
18.20 115397.82
18.30 115397.82
18.40 115397.82
18.50 115397.82
18.60 115397.82
18.70 115397.82
18.80 115397.82
18.90 115397.82
19.00 115397.82
19.10 118738.11
19.20 118738.11
19.30 118738.11
19.40 118738.11
19.50 118738.11
19.60 118738.11
19.70 118738.11
19.80 118738.11
19.90 118738.11
20.00 118738.11
20.10 120041.84
20.20 120041.84
20.30 120041.84
20.40 120041.84
20.50 120041.84
20.60 120041.84
20.70 120041.84
20.80 120041.84
20.90 120041.84
21.00 120041.84
21.10 96713.49
21.20 96713.49
21.30 96713.49
21.40 96713.49
21.50 96713.49
21.60 96713.49
21.70 96713.49
21.80 96713.49
21.90 96713.49
22.00 96713.49
22.10 130699.70
22.20 130699.70
22.30 130699.70
22.40 130699.70
22.50 130699.70
22.60 130699.70
22.70 130699.70
22.80 130699.70
22.90 130699.70
23.00 130699.70
23.10 29677.38
23.20 29677.38
23.30 29677.38
23.40 29677.38
23.50 29677.38
23.60 29677.38
23.70 29677.38
23.80 29677.38
23.90 29677.38
24.00 29677.38
24.10 25918.93
24.20 25918.93
24.30 25918.93
24.40 25918.93
24.50 25918.93
24.60 25918.93
24.70 25918.93
24.80 25918.93
24.90 25918.93
25.00 25918.93
25.10 59100.40
25.20 59100.40
25.30 59100.40
25.40 59100.40
25.50 59100.40
25.60 59100.40
25.70 59100.40
25.80 59100.40
25.90 59100.40
26.00 59100.40
26.10 100097.05
26.20 100097.05
26.30 100097.05
26.40 100097.05
26.50 100097.05
26.60 100097.05
26.70 100097.05
26.80 100097.05
26.90 100097.05
27.00 100097.05
27.10 28852.92
27.20 28852.92
27.30 28852.92
27.40 28852.92
27.50 28852.92
27.60 28852.92
27.70 28852.92
27.80 28852.92
27.90 28852.92
28.00 28852.92
28.10 21533.50
28.20 21533.50
28.30 21533.50
28.40 21533.50
28.50 21533.50
28.60 21533.50
28.70 21533.50
28.80 21533.50
28.90 21533.50
29.00 21533.50
29.10 28262.07
29.20 28262.07
29.30 28262.07
29.40 28262.07
29.50 28262.07
29.60 28262.07
29.70 28262.07
29.80 28262.07
29.90 28262.07
30.00 28262.07
