0.10 160387.11
0.20 160387.11
0.30 160387.11
0.40 160387.11
0.50 160387.11
0.60 160387.11
0.70 160387.11
0.80 160387.11
0.90 160387.11
1.00 160387.11
1.10 119278.36
1.20 119278.36
1.30 119278.36
1.40 119278.36
1.50 119278.36
1.60 119278.36
1.70 119278.36
1.80 119278.36
1.90 119278.36
2.00 119278.36
2.10 148163.38
2.20 148163.38
2.30 148163.38
2.40 148163.38
2.50 148163.38
2.60 148163.38
2.70 148163.38
2.80 148163.38
2.90 148163.38
3.00 148163.38
3.10 154590.94
3.20 154590.94
3.30 154590.94
3.40 154590.94
3.50 154590.94
3.60 154590.94
3.70 154590.94
3.80 154590.94
3.90 154590.94
4.00 154590.94
4.10 153730.42
4.20 153730.42
4.30 153730.42
4.40 153730.42
4.50 153730.42
4.60 153730.42
4.70 153730.42
4.80 153730.42
4.90 153730.42
5.00 153730.42
5.10 137719.12
5.20 137719.12
5.30 137719.12
5.40 137719.12
5.50 137719.12
5.60 137719.12
5.70 137719.12
5.80 137719.12
5.90 137719.12
6.00 137719.12
6.10 177874.81
6.20 177874.81
6.30 177874.81
6.40 177874.81
6.50 177874.81
6.60 177874.81
6.70 177874.81
6.80 177874.81
6.90 177874.81
7.00 177874.81
7.10 158872.33
7.20 158872.33
7.30 158872.33
7.40 158872.33
7.50 158872.33
7.60 158872.33
7.70 158872.33
7.80 158872.33
7.90 158872.33
8.00 158872.33
8.10 170147.31
8.20 170147.31
8.30 170147.31
8.40 170147.31
8.50 170147.31
8.60 170147.31
8.70 170147.31
8.80 170147.31
8.90 170147.31
9.00 170147.31
9.10 140324.51
9.20 140324.51
9.30 140324.51
9.40 140324.51
9.50 140324.51
9.60 140324.51
9.70 140324.51
9.80 140324.51
9.90 140324.51
10.00 140324.51
10.10 161128.85
10.20 161128.85
10.30 161128.85
10.40 161128.85
10.50 161128.85
10.60 161128.85
10.70 161128.85
10.80 161128.85
10.90 161128.85
11.00 161128.85
11.10 174388.18
11.20 174388.18
11.30 174388.18
11.40 174388.18
11.50 174388.18
11.60 174388.18
11.70 174388.18
11.80 174388.18
11.90 174388.18
12.00 174388.18
12.10 178364.78
12.20 178364.78
12.30 178364.78
12.40 178364.78
12.50 178364.78
12.60 178364.78
12.70 178364.78
12.80 178364.78
12.90 178364.78
13.00 178364.78
13.10 151741.79
13.20 151741.79
13.30 151741.79
13.40 151741.79
13.50 151741.79
13.60 151741.79
13.70 151741.79
13.80 151741.79
13.90 151741.79
14.00 151741.79
14.10 165492.03
14.20 165492.03
14.30 165492.03
14.40 165492.03
14.50 165492.03
14.60 165492.03
14.70 165492.03
14.80 165492.03
14.90 165492.03
15.00 165492.03
15.10 162712.35
15.20 162712.35
15.30 162712.35
15.40 162712.35
15.50 162712.35
15.60 162712.35
15.70 162712.35
15.80 162712.35
15.90 162712.35
16.00 162712.35
16.10 159928.70
16.20 159928.70
16.30 159928.70
16.40 159928.70
16.50 159928.70
16.60 159928.70
16.70 159928.70
16.80 159928.70
16.90 159928.70
17.00 159928.70
17.10 144485.37
17.20 144485.37
17.30 144485.37
17.40 144485.37
17.50 144485.37
17.60 144485.37
17.70 144485.37
17.80 144485.37
17.90 144485.37
18.00 144485.37
18.10 157267.14
18.20 157267.14
18.30 157267.14
18.40 157267.14
18.50 157267.14
18.60 157267.14
18.70 157267.14
18.80 157267.14
18.90 157267.14
19.00 157267.14
19.10 0.00
19.20 0.00
19.30 0.00
19.40 0.00
19.50 0.00
19.60 0.00
19.70 0.00
19.80 0.00
19.90 0.00
20.00 0.00
20.10 0.00
20.20 0.00
20.30 0.00
20.40 0.00
20.50 0.00
20.60 0.00
20.70 0.00
20.80 0.00
20.90 0.00
21.00 0.00
21.10 2827.80
21.20 2827.80
21.30 2827.80
21.40 2827.80
21.50 2827.80
21.60 2827.80
21.70 2827.80
21.80 2827.80
21.90 2827.80
22.00 2827.80
22.10 433753.86
22.20 433753.86
22.30 433753.86
22.40 433753.86
22.50 433753.86
22.60 433753.86
22.70 433753.86
22.80 433753.86
22.90 433753.86
23.00 433753.86
23.10 142587.92
23.20 142587.92
23.30 142587.92
23.40 142587.92
23.50 142587.92
23.60 142587.92
23.70 142587.92
23.80 142587.92
23.90 142587.92
24.00 142587.92
24.10 102280.33
24.20 102280.33
24.30 102280.33
24.40 102280.33
24.50 102280.33
24.60 102280.33
24.70 102280.33
24.80 102280.33
24.90 102280.33
25.00 102280.33
25.10 145325.31
25.20 145325.31
25.30 145325.31
25.40 145325.31
25.50 145325.31
25.60 145325.31
25.70 145325.31
25.80 145325.31
25.90 145325.31
26.00 145325.31
26.10 141568.40
26.20 141568.40
26.30 141568.40
26.40 141568.40
26.50 141568.40
26.60 141568.40
26.70 141568.40
26.80 141568.40
26.90 141568.40
27.00 141568.40
27.10 148792.63
27.20 148792.63
27.30 148792.63
27.40 148792.63
27.50 148792.63
27.60 148792.63
27.70 148792.63
27.80 148792.63
27.90 148792.63
28.00 148792.63
28.10 141765.43
28.20 141765.43
28.30 141765.43
28.40 141765.43
28.50 141765.43
28.60 141765.43
28.70 141765.43
28.80 141765.43
28.90 141765.43
29.00 141765.43
29.10 153890.90
29.20 153890.90
29.30 153890.90
29.40 153890.90
29.50 153890.90
29.60 153890.90
29.70 153890.90
29.80 153890.90
29.90 153890.90
30.00 153890.90
