0.20 1388.0
0.42 1388.0
0.60 2776.0
0.73 1388.0
0.92 1388.0
1.10 1388.0
1.26 2776.0
1.39 2776.0
1.57 2776.0
1.70 2776.0
1.86 2776.0
1.98 1388.0
2.10 2776.0
2.25 2776.0
2.38 2776.0
2.51 2776.0
2.63 2776.0
2.79 4164.0
2.89 2776.0
3.00 2776.0
3.16 4164.0
3.27 2776.0
3.40 2776.0
3.54 2776.0
3.74 2776.0
3.89 2776.0
4.00 2776.0
4.14 2776.0
4.29 4164.0
4.42 2776.0
4.57 2776.0
4.72 4164.0
4.88 4164.0
5.00 1388.0
5.11 2776.0
5.26 1388.0
5.43 4164.0
5.59 2776.0
5.70 4164.0
5.83 2776.0
5.93 1388.0
6.06 2776.0
6.16 2776.0
6.31 2776.0
6.41 2776.0
6.55 2776.0
6.71 2776.0
6.85 2776.0
6.98 2776.0
7.10 2776.0
7.22 2776.0
7.35 2776.0
7.49 1388.0
7.64 2776.0
7.75 1388.0
7.94 2776.0
8.11 2776.0
8.24 2776.0
8.37 2776.0
8.52 2776.0
8.71 2776.0
8.84 2776.0
8.98 2776.0
9.11 2776.0
9.21 2776.0
9.34 2776.0
9.44 1388.0
9.59 2776.0
9.73 2776.0
9.87 2776.0
10.00 2776.0
10.12 2776.0
10.23 2776.0
10.34 4164.0
10.48 2776.0
10.59 2776.0
10.69 1388.0
10.83 4164.0
10.93 1388.0
11.10 4164.0
11.22 4164.0
11.35 2776.0
11.47 4164.0
11.58 2776.0
11.68 2776.0
11.84 4164.0
12.02 2776.0
12.15 2776.0
12.30 4164.0
12.45 6940.0
12.57 4164.0
12.70 4164.0
12.83 4164.0
13.35 1388.0
13.45 12492.0
13.59 4164.0
13.69 1388.0
14.32 2776.0
14.43 2776.0
14.55 11104.0
14.69 2776.0
14.81 2776.0
14.91 2776.0
15.04 2776.0
15.21 4164.0
15.34 2776.0
15.47 2776.0
15.62 4164.0
15.94 1388.0
16.05 12492.0
16.20 4164.0
16.32 4164.0
16.45 5552.0
16.59 4164.0
16.76 2776.0
16.93 5552.0
17.07 2776.0
17.19 1388.0
17.31 4164.0
17.42 4164.0
17.55 4164.0
17.68 4164.0
17.79 4164.0
17.92 4164.0
18.03 5552.0
18.13 2776.0
18.24 2776.0
18.37 4164.0
18.47 1388.0
18.62 2776.0
18.76 2776.0
18.87 2776.0
19.01 2776.0
19.14 2776.0
19.26 2776.0
19.38 5552.0
19.54 4164.0
19.65 2776.0
19.80 4164.0
19.93 2776.0
20.06 2776.0
20.20 2776.0
20.33 2776.0
20.47 4164.0
20.61 2776.0
20.74 2776.0
20.85 2776.0
20.97 2776.0
21.08 2776.0
21.19 2776.0
21.34 4164.0
21.44 4164.0
21.57 4164.0
21.71 4164.0
21.82 2776.0
21.95 4164.0
22.10 4164.0
22.22 4164.0
22.34 1388.0
22.49 2776.0
22.64 2776.0
22.75 2776.0
22.86 2776.0
22.96 2776.0
23.08 4164.0
23.24 4164.0
23.37 4164.0
23.49 4164.0
23.61 4164.0
23.71 2776.0
23.83 2776.0
23.96 5552.0
24.09 2776.0
24.22 4164.0
24.36 4164.0
24.47 4164.0
24.60 4164.0
24.76 5552.0
24.93 2776.0
25.04 2776.0
25.14 2776.0
25.27 4164.0
25.39 4164.0
25.51 4164.0
25.67 4164.0
25.79 2776.0
25.93 4164.0
26.06 4164.0
26.17 4164.0
26.29 4164.0
26.41 4164.0
26.52 2776.0
26.63 2776.0
26.85 2776.0
26.99 4164.0
27.12 4164.0
27.23 5552.0
27.36 6940.0
27.47 5552.0
27.59 9716.0
27.71 5552.0
27.82 5552.0
27.95 6940.0
28.07 5552.0
28.19 5552.0
28.31 6940.0
28.43 4164.0
28.55 2776.0
28.65 2776.0
28.78 4164.0
28.91 2776.0
29.05 6940.0
29.18 4164.0
29.29 6940.0
29.42 6940.0
29.60 5552.0
29.71 5552.0
29.82 4164.0
29.94 2776.0
30.07 2776.0
30.21 4164.0
30.32 2776.0
30.42 2776.0
30.54 4164.0
30.66 4164.0
30.79 4164.0
30.89 4164.0
31.03 5552.0
31.14 2776.0
31.27 5552.0
31.39 4164.0
31.52 4164.0
31.64 2776.0
31.83 4164.0
31.93 4164.0
32.04 5552.0
32.15 4164.0
32.26 4164.0
32.37 4164.0
32.49 4164.0
32.62 5552.0
32.72 2776.0
32.86 5552.0
32.98 4164.0
33.12 4164.0
33.24 2776.0
33.36 4164.0
33.49 2776.0
33.63 2776.0
33.75 2776.0
33.92 1388.0
34.07 2776.0
34.19 2776.0
34.32 4164.0
34.45 2776.0
34.59 2776.0
34.73 2776.0
34.86 4164.0
34.97 2776.0
35.12 4164.0
35.24 2776.0
35.37 2776.0
35.47 2776.0
35.61 2776.0
35.72 2776.0
35.88 2776.0
36.07 2776.0
36.21 4164.0
36.32 2776.0
36.46 2776.0
36.58 4164.0
36.69 2776.0
36.81 2776.0
37.01 4164.0
37.15 2776.0
37.28 2776.0
37.42 4164.0
37.57 2776.0
37.67 4164.0
37.79 2776.0
37.91 2776.0
38.04 2776.0
38.16 2776.0
38.30 4164.0
38.49 4164.0
38.62 2776.0
38.72 2776.0
38.84 2776.0
39.01 4164.0
39.16 4164.0
39.30 2776.0
39.42 2776.0
39.53 2776.0
39.65 2776.0
39.81 5552.0
39.94 4164.0
40.12 2776.0
40.59 1388.0
40.77 8328.0
40.91 2776.0
41.08 2776.0
41.20 2776.0
41.34 2776.0
41.68 1388.0
41.84 9716.0
41.96 2776.0
42.12 4164.0
42.25 2776.0
42.37 2776.0
42.47 2776.0
42.65 2776.0
42.78 1388.0
42.88 1388.0
43.00 2776.0
43.17 2776.0
43.32 2776.0
43.44 1388.0
43.62 2776.0
43.72 1388.0
43.84 2776.0
44.00 2776.0
44.19 2776.0
44.35 2776.0
44.46 2776.0
44.59 2776.0
44.75 2776.0
44.90 4164.0
45.03 2776.0
45.14 2776.0
45.29 4164.0
45.39 1388.0
45.52 2776.0
45.63 2776.0
45.78 2776.0
45.88 4164.0
46.02 4164.0
46.15 4164.0
46.30 4164.0
46.41 2776.0
46.55 4164.0
46.69 2776.0
46.80 2776.0
46.90 4164.0
47.03 5552.0
47.16 2776.0
47.31 4164.0
47.42 4164.0
47.55 5552.0
47.69 4164.0
47.81 4164.0
47.91 5552.0
48.02 5552.0
48.14 8328.0
48.25 9716.0
48.36 4164.0
48.46 5552.0
48.57 4164.0
48.67 2776.0
48.80 4164.0
48.91 4164.0
49.03 5552.0
49.14 4164.0
49.27 5552.0
49.39 5552.0
49.50 5552.0
49.61 4164.0
49.73 4164.0
49.87 4164.0
49.99 2776.0
50.11 2776.0
50.22 4164.0
50.33 4164.0
50.46 5552.0
50.57 4164.0
50.68 4164.0
50.82 4164.0
50.92 4164.0
51.03 5552.0
51.14 5552.0
51.27 4164.0
51.41 2776.0
51.55 4164.0
51.66 4164.0
51.80 4164.0
51.90 2776.0
52.09 4164.0
52.25 4164.0
52.36 1388.0
52.50 2776.0
52.63 4164.0
52.78 4164.0
52.89 2776.0
53.00 2776.0
53.14 4164.0
53.28 4164.0
53.40 2776.0
53.58 2776.0
53.69 2776.0
53.81 2776.0
53.95 4164.0
54.10 5552.0
54.22 5552.0
54.35 4164.0
54.45 2776.0
54.57 4164.0
54.68 4164.0
54.82 4164.0
54.95 2776.0
55.10 2776.0
55.31 2776.0
55.42 4164.0
55.57 5552.0
55.67 2776.0
55.79 2776.0
55.91 4164.0
56.03 4164.0
56.20 5552.0
56.35 4164.0
56.55 4164.0
57.11 4164.0
57.29 13880.0
57.39 4164.0
57.52 4164.0
57.63 4164.0
57.76 4164.0
57.88 4164.0
57.99 5552.0
58.10 5552.0
58.20 4164.0
58.31 5552.0
58.41 2776.0
58.53 5552.0
58.63 4164.0
58.76 4164.0
58.89 4164.0
59.00 2776.0
59.12 4164.0
59.28 2776.0
59.41 4164.0
59.52 2776.0
59.66 2776.0
59.81 4164.0
59.91 2776.0
60.04 2776.0
60.22 2776.0
60.36 2776.0
60.49 2776.0
60.66 2776.0
60.82 2776.0
60.95 2776.0
61.06 2776.0
61.17 2776.0
61.33 4164.0
61.43 2776.0
61.58 2776.0
61.71 2776.0
61.88 2776.0
62.02 2776.0
62.14 2776.0
62.26 2776.0
62.39 2776.0
62.56 2776.0
62.72 4164.0
62.85 2776.0
62.96 2776.0
63.10 4164.0
63.23 2776.0
63.36 4164.0
63.50 4164.0
63.66 2776.0
63.79 2776.0
63.90 2776.0
64.03 2776.0
64.16 4164.0
64.37 4164.0
64.53 4164.0
64.65 1388.0
64.76 2776.0
64.95 4164.0
65.08 2776.0
65.21 2776.0
65.35 1388.0
65.54 1388.0
65.70 2776.0
65.90 2776.0
66.11 2776.0
66.30 2776.0
66.50 2776.0
66.63 1388.0
66.78 1388.0
66.88 1388.0
67.00 1388.0
67.16 2776.0
67.30 1388.0
67.44 2776.0
67.57 1388.0
67.67 1388.0
67.78 1388.0
67.92 2776.0
68.11 1388.0
68.29 2776.0
68.41 1388.0
68.54 1388.0
68.64 1388.0
68.76 1388.0
68.89 1388.0
69.09 2776.0
69.21 1388.0
69.40 1388.0
69.54 1388.0
69.67 1388.0
69.84 1388.0
70.03 2776.0
70.29 2776.0
70.48 2776.0
70.67 2776.0
70.86 2776.0
71.01 1388.0
71.16 1388.0
71.30 1388.0
71.47 1388.0
71.72 2776.0
71.95 1388.0
72.22 2776.0
72.45 1388.0
72.56 1388.0
72.74 1388.0
72.87 1388.0
73.02 1388.0
73.16 1388.0
73.28 1388.0
73.39 1388.0
73.57 1388.0
73.69 1388.0
73.81 1388.0
73.91 1388.0
74.05 1388.0
74.23 1388.0
74.37 1388.0
74.55 1388.0
74.76 1388.0
74.96 1388.0
75.21 1388.0
75.32 1388.0
75.45 1388.0
75.59 1388.0
75.84 1388.0
76.01 1388.0
76.20 1388.0
76.39 1388.0
76.62 2776.0
76.78 1388.0
76.89 1388.0
77.13 1388.0
77.24 1388.0
77.50 2776.0
77.68 1388.0
77.88 2776.0
78.03 1388.0
78.14 1388.0
78.34 2776.0
78.53 1388.0
78.65 1388.0
78.78 1388.0
78.90 1388.0
79.03 1388.0
79.16 1388.0
79.28 1388.0
79.42 1388.0
79.58 1388.0
79.68 1388.0
79.85 1388.0
80.09 2776.0
80.23 1388.0
80.34 1388.0
80.52 1388.0
80.74 2776.0
80.99 2776.0
81.12 1388.0
81.30 1388.0
81.40 1388.0
81.66 1388.0
81.78 1388.0
82.02 2776.0
82.19 1388.0
82.39 1388.0
82.54 1388.0
82.65 1388.0
82.76 1388.0
82.94 1388.0
83.10 1388.0
83.20 1388.0
83.36 1388.0
83.56 1388.0
83.73 1388.0
84.01 1388.0
84.18 1388.0
84.34 1388.0
84.67 1388.0
84.81 1388.0
85.07 1388.0
85.26 1388.0
85.51 1388.0
85.68 1388.0
85.88 1388.0
86.21 2776.0
86.37 1388.0
86.51 1388.0
86.62 1388.0
86.77 1388.0
86.98 2776.0
87.18 1388.0
87.34 1388.0
87.45 1388.0
87.59 1388.0
87.69 1388.0
87.90 1388.0
88.12 2776.0
88.41 1388.0
88.62 1388.0
88.74 1388.0
88.96 1388.0
89.17 1388.0
89.31 1388.0
89.46 1388.0
89.69 1388.0
89.88 1388.0
89.99 1388.0
90.15 1388.0
90.38 2776.0
90.61 2776.0
90.75 1388.0
90.93 2776.0
91.08 2776.0
91.24 2776.0
91.43 2776.0
91.60 2776.0
91.70 1388.0
91.81 1388.0
91.92 1388.0
92.11 2776.0
92.21 1388.0
92.38 2776.0
93.03 1388.0
93.16 1388.0
93.39 5552.0
93.52 1388.0
93.67 2776.0
93.86 2776.0
94.11 2776.0
94.33 2776.0
94.58 1388.0
94.96 1388.0
95.21 1388.0
95.44 1388.0
95.79 1388.0
95.94 1388.0
96.16 1388.0
96.38 1388.0
96.61 1388.0
96.80 1388.0
96.99 1388.0
97.15 1388.0
97.32 1388.0
97.50 1388.0
97.74 1388.0
97.95 1388.0
98.11 1388.0
98.22 1388.0
98.35 1388.0
98.49 1388.0
98.64 1388.0
98.80 1388.0
98.91 1388.0
99.04 1388.0
99.25 1388.0
99.52 1388.0
99.68 1388.0
99.91 1388.0
100.09 1388.0
100.21 1388.0
100.35 1388.0
100.61 1388.0
100.81 1388.0
101.05 1388.0
101.19 1388.0
101.35 1388.0
101.57 2776.0
101.78 2776.0
101.88 1388.0
102.01 1388.0
102.13 1388.0
102.26 1388.0
102.38 1388.0
102.51 1388.0
102.64 1388.0
102.81 2776.0
102.94 1388.0
103.09 1388.0
103.22 1388.0
103.34 1388.0
103.50 1388.0
103.63 1388.0
103.84 2776.0
104.01 1388.0
104.15 1388.0
104.35 1388.0
104.58 1388.0
104.70 1388.0
104.87 1388.0
105.00 1388.0
105.13 1388.0
105.25 1388.0
105.53 2776.0
105.66 1388.0
105.78 1388.0
106.02 2776.0
106.17 2776.0
106.34 1388.0
106.62 1388.0
106.81 2776.0
106.99 1388.0
107.20 1388.0
107.32 1388.0
107.55 1388.0
107.69 1388.0
107.85 1388.0
108.03 1388.0
108.14 1388.0
108.32 1388.0
108.43 1388.0
108.61 2776.0
108.76 2776.0
108.87 1388.0
109.09 2776.0
109.22 2776.0
109.42 2776.0
109.56 1388.0
109.72 1388.0
109.89 2776.0
110.00 1388.0
110.16 1388.0
110.31 1388.0
110.49 1388.0
110.60 1388.0
110.73 1388.0
110.96 1388.0
111.16 2776.0
111.28 1388.0
111.39 1388.0
111.57 1388.0
111.76 2776.0
111.96 1388.0
112.19 2776.0
112.32 1388.0
112.60 2776.0
112.74 2776.0
112.93 2776.0
113.07 2776.0
113.25 2776.0
113.43 2776.0
113.56 2776.0
114.33 2776.0
114.55 8328.0
114.67 1388.0
114.85 1388.0
114.97 1388.0
115.16 1388.0
115.29 1388.0
115.42 1388.0
115.53 1388.0
115.68 1388.0
115.85 2776.0
115.96 1388.0
116.11 2776.0
116.27 2776.0
116.40 1388.0
116.52 1388.0
116.64 1388.0
116.86 2776.0
117.04 2776.0
117.18 1388.0
117.33 1388.0
117.48 1388.0
117.67 1388.0
117.80 1388.0
118.07 1388.0
118.40 1388.0
118.60 1388.0
118.86 1388.0
119.03 1388.0
119.19 1388.0
119.39 1388.0
119.55 1388.0
119.72 1388.0
119.90 1388.0
