2
4
6
9
11
13
16
18
20
23
25
27
30
32
34
37
39
41
44
46
48
51
53
55
58
60
62
65
67
69
72
74
76
79
81
83
86
88
90
93
95
97
100
102
104
106
109
111
113
115
118
120
122
125
127
129
131
134
136
138
140
143
145
147
150
152
154
156
159
161
163
165
168
170
172
175
177
179
181
184
186
188
190
193
195
197
200
202
204
206
209
211
213
215
218
220
222
225
227
229
231
234
236
238
240
243
245
247
250
252
254
256
259
261
263
265
268
270
272
275
277
279
281
284
286
288
290
293
295
297
300
302
304
306
309
311
313
315
318
320
322
325
327
329
331
334
336
338
340
343
345
347
350
352
354
356
359
361
363
365
368
370
372
375
377
379
381
384
386
388
390
393
395
397
400
402
404
406
409
411
413
415
418
420
422
425
427
429
431
434
436
438
440
443
445
447
450
452
454
456
459
461
463
465
468
470
472
475
477
479
481
484
486
488
490
493
495
497
500
502
504
506
509
511
513
515
518
520
522
525
527
529
531
534
536
538
540
543
545
547
550
552
554
556
559
561
563
565
568
570
572
575
577
579
581
584
586
588
590
593
595
597
600
602
604
606
609
611
613
615
618
620
622
625
627
629
631
634
636
638
640
643
645
647
649
652
654
656
659
661
663
665
668
670
672
674
677
679
681
684
686
688
690
693
695
697
700
702
704
706
709
711
713
715
718
720
722
725
727
729
731
734
736
738
740
743
745
747
750
752
754
756
759
761
763
765
768
770
772
775
777
779
781
784
786
788
790
793
795
797
800
802
804
806
809
811
813
815
818
820
822
825
827
829
831
834
836
838
840
843
845
847
850
852
854
856
859
861
863
865
868
870
872
875
877
879
881
884
886
888
890
893
895
897
900
902
904
906
909
911
913
915
918
920
922
925
927
929
931
934
936
938
940
943
945
947
950
952
954
956
959
961
963
965
968
970
972
975
977
979
981
984
986
988
990
993
995
997
1000
1002
1004
1006
1008
1010
1012
1014
1017
1019
1021
1023
1025
1027
1029
1031
1034
1036
1038
1040
1042
1044
1046
1048
1051
1053
1055
1057
1059
1061
1063
1065
1068
1070
1072
1074
1076
1078
1080
1082
1085
1087
1089
1091
1093
1095
1097
1100
1102
1104
1106
1108
1110
1112
1114
1117
1119
1121
1123
1125
1127
1129
1131
1134
1136
1138
1140
1142
1144
1146
1148
1151
1153
1155
1157
1159
1161
1163
1165
1168
1170
1172
1174
1176
1178
1180
1182
1185
1187
1189
1191
1193
1195
1197
1200
1202
1204
1206
1208
1210
1212
1214
1216
1218
1220
1222
1225
1227
1229
1231
1233
1235
1237
1239
1241
1243
1245
1247
1250
1252
1254
1256
1258
1260
1262
1264
1266
1268
1270
1272
1275
1277
1279
1281
1283
1285
1287
1289
1291
1293
1295
1297
1300
1302
1304
1306
1308
1310
1312
1314
1317
1319
1321
1323
1325
1327
1329
1331
1334
1336
1338
1340
1342
1344
1346
1348
1351
1353
1355
1357
1359
1361
1363
1365
1368
1370
1372
1374
1376
1378
1380
1382
1385
1387
1389
1391
1393
1395
1397
1400
1402
1404
1406
1408
1410
1412
1414
1417
1419
1421
1423
1425
1427
1429
1431
1434
1436
1438
1440
1442
1444
1446
1448
1451
1453
1455
1457
1459
1461
1463
1465
1468
1470
1472
1474
1476
1478
1480
1482
1485
1487
1489
1491
1493
1495
1497
1500
1502
1504
1506
1508
1510
1512
1514
1517
1519
1521
1523
1525
1527
1529
1531
1534
1536
1538
1540
1542
1544
1546
1548
1551
1553
1555
1557
1559
1561
1563
1565
1568
1570
1572
1574
1576
1578
1580
1582
1585
1587
1589
1591
1593
1595
1597
1600
1602
1604
1606
1608
1610
1612
1614
1617
1619
1621
1623
1625
1627
1629
1631
1634
1636
1638
1640
1642
1644
1646
1648
1651
1653
1655
1657
1659
1661
1663
1665
1668
1670
1672
1674
1676
1678
1680
1682
1685
1687
1689
1691
1693
1695
1697
1700
1702
1704
1706
1708
1710
1712
1714
1717
1719
1721
1723
1725
1727
1729
1731
1734
1736
1738
1740
1742
1744
1746
1748
1751
1753
1755
1757
1759
1761
1763
1765
1768
1770
1772
1774
1776
1778
1780
1782
1785
1787
1789
1791
1793
1795
1797
1800
1802
1804
1806
1808
1810
1812
1814
1816
1818
1820
1822
1825
1827
1829
1831
1833
1835
1837
1839
1841
1843
1845
1847
1850
1852
1854
1856
1858
1860
1862
1864
1866
1868
1870
1872
1875
1877
1879
1881
1883
1885
1887
1889
1891
1893
1895
1897
1900
1902
1904
1906
1908
1910
1912
1914
1917
1919
1921
1923
1925
1927
1929
1931
1934
1936
1938
1940
1942
1944
1946
1948
1951
1953
1955
1957
1959
1961
1963
1965
1968
1970
1972
1974
1976
1978
1980
1982
1985
1987
1989
1991
1993
1995
1997
2000
2002
2004
2006
2008
2010
2012
2014
2016
2018
2020
2022
2024
2026
2028
2030
2032
2034
2036
2038
2040
2042
2044
2046
2048
2051
2053
2055
2057
2059
2061
2063
2065
2067
2069
2071
2073
2075
2077
2079
2081
2083
2085
2087
2089
2091
2093
2095
2097
2100
2102
2104
2106
2108
2110
2112
2114
2116
2118
2120
2122
2124
2126
2128
2130
2132
2134
2136
2138
2140
2142
2144
2146
2148
2151
2153
2155
2157
2159
2161
2163
2165
2167
2169
2171
2173
2175
2177
2179
2181
2183
2185
2187
2189
2191
2193
2195
2197
2200
2202
2204
2206
2208
2210
2212
2214
2216
2218
2220
2222
2224
2226
2228
2230
2232
2234
2236
2238
2240
2242
2244
2246
2248
2251
2253
2255
2257
2259
2261
2263
2265
2267
2269
2271
2273
2275
2277
2279
2281
2283
2285
2287
2289
2291
2293
2295
2297
2300
2301
2304
2306
2308
2309
2312
2314
2316
2317
2320
2322
2324
2325
2328
2330
2332
2333
2336
2338
2340
2341
2344
2346
2348
2349
2352
2354
2356
2357
2360
2362
2364
2365
2368
2370
2372
2373
2376
2378
2380
2381
2384
2386
2388
2389
2392
2394
2396
2397
2400
2402
2404
2406
2408
2410
2412
2414
2416
2418
2420
2422
2424
2426
2428
2430
2432
2434
2436
2438
2440
2442
2444
2446
2448
2451
2453
2455
2457
2459
2461
2463
2465
2467
2469
2471
2473
2475
2477
2479
2481
2483
2485
2487
2489
2491
2493
2495
2497
2500
2502
2504
2506
2508
2510
2512
2514
2516
2518
2520
2522
2524
2526
2528
2530
2532
2534
2536
2538
2540
2542
2544
2546
2548
2551
2553
2555
2557
2559
2561
2563
2565
2567
2569
2571
2573
2575
2577
2579
2581
2583
2585
2587
2589
2591
2593
2595
2597
2600
2602
2604
2606
2608
2610
2612
2614
2616
2618
2620
2622
2624
2626
2628
2630
2632
2634
2636
2638
2640
2642
2644
2646
2648
2651
2653
2655
2657
2659
2661
2663
2665
2667
2669
2671
2673
2675
2677
2679
2681
2683
2685
2687
2689
2691
2693
2695
2697
2700
2702
2704
2706
2708
2710
2712
2714
2716
2718
2720
2722
2724
2726
2728
2730
2732
2734
2736
2738
2740
2742
2744
2746
2748
2751
2753
2755
2757
2759
2761
2763
2765
2767
2769
2771
2773
2775
2777
2779
2781
2783
2785
2787
2789
2791
2793
2795
2797
2800
2802
2804
2806
2808
2810
2812
2814
2816
2818
2820
2822
2824
2826
2828
2830
2832
2834
2836
2838
2840
2842
2844
2846
2848
2851
2853
2855
2857
2859
2861
2863
2865
2867
2869
2871
2873
2875
2877
2879
2881
2883
2885
2887
2889
2891
2893
2895
2897
2900
2902
2904
2905
2908
2910
2912
2913
2916
2918
2920
2921
2924
2926
2928
2929
2932
2934
2936
2937
2940
2942
2944
2945
2948
2950
2952
2953
2956
2958
2960
2961
2964
2966
2968
2969
2972
2974
2976
2977
2980
2982
2984
2985
2988
2990
2992
2994
2996
2998
3000
3002
3004
3006
3008
3010
3012
3014
3016
3018
3020
3022
3024
3026
3028
3030
3032
3034
3036
3038
3040
3042
3044
3046
3048
3051
3053
3055
3057
3059
3061
3063
3065
3067
3069
3071
3073
3075
3077
3079
3081
3083
3085
3087
3089
3091
3093
3095
3097
3100
3102
3104
3106
3108
3110
3112
3114
3116
3118
3120
3122
3124
3126
3128
3130
3132
3134
3136
3138
3140
3142
3144
3146
3148
3151
3153
3155
3157
3159
3161
3163
3165
3167
3169
3171
3173
3175
3177
3179
3181
3183
3185
3187
3189
3191
3193
3195
3197
3200
3202
3204
3206
3208
3210
3212
3214
3216
3218
3220
3222
3224
3226
3228
3230
3232
3234
3236
3238
3240
3242
3244
3246
3248
3251
3253
3255
3257
3259
3261
3263
3265
3267
3269
3271
3273
3275
3277
3279
3281
3283
3285
3287
3289
3291
3293
3295
3297
3300
3302
3304
3306
3308
3310
3312
3314
3316
3318
3320
3322
3324
3326
3328
3330
3332
3334
3336
3338
3340
3342
3344
3346
3348
3351
3353
3355
3357
3359
3361
3363
3365
3367
3369
3371
3373
3375
3377
3379
3381
3383
3385
3387
3389
3391
3393
3395
3397
3400
3402
3404
3406
3408
3410
3412
3414
3416
3418
3420
3422
3424
3426
3428
3430
3432
3434
3436
3438
3440
3442
3444
3446
3448
3451
3453
3455
3457
3459
3461
3463
3465
3467
3469
3471
3473
3475
3477
3479
3481
3483
3485
3487
3489
3491
3493
3495
3497
3500
3502
3504
3506
3508
3510
3512
3514
3516
3518
3520
3522
3524
3526
3528
3530
3532
3534
3536
3538
3540
3542
3544
3546
3548
3551
3553
3555
3557
3559
3561
3563
3565
3567
3569
3571
3573
3575
3577
3579
3581
3583
3585
3587
3589
3591
3593
3595
3597
3600
3602
3604
3606
3608
3610
3612
3614
3616
3618
3620
3622
3624
3626
3628
3630
3632
3634
3636
3638
3640
3642
3644
3646
3648
3650
3652
3654
3656
3658
3660
3662
3664
3666
3668
3670
3672
3674
3676
3678
3680
3682
3684
3686
3688
3690
3692
3694
3696
3698
3700
3702
3704
3706
3708
3710
3712
3714
3716
3718
3720
3722
3724
3726
3728
3730
3732
3734
3736
3738
3740
3742
3744
3746
3748
3751
3753
3755
3757
3759
3761
3763
3765
3767
3769
3771
3773
3775
3777
3779
3781
3783
3785
3787
3789
3791
3793
3795
3797
3800
3802
3804
3806
3808
3810
3812
3814
3816
3818
3820
3822
3824
3826
3828
3830
3832
3834
3836
3838
3840
3842
3844
3846
3848
3851
3853
3855
3857
3859
3861
3863
3865
3867
3869
3871
3873
3875
3877
3879
3881
3883
3885
3887
3889
3891
3893
3895
3897
3900
3902
3904
3906
3908
3910
3912
3914
3916
3918
3920
3922
3924
3926
3928
3930
3932
3934
3936
3938
3940
3942
3944
3946
3948
3951
3953
3955
3957
3959
3961
3963
3965
3967
3969
3971
3973
3975
3977
3979
3981
3983
3985
3987
3989
3991
3993
3995
3997
4000
4002
4004
4006
4008
4010
4012
4014
4016
4018
4020
4022
4024
4026
4028
4030
4032
4034
4036
4038
4040
4042
4044
4046
4048
4051
4053
4055
4057
4059
4061
4063
4065
4067
4069
4071
4073
4075
4077
4079
4081
4083
4085
4087
4089
4091
4093
4095
4097
4100
4102
4104
4106
4108
4110
4112
4114
4116
4118
4120
4122
4124
4126
4128
4130
4132
4134
4136
4138
4140
4142
4144
4146
4148
4151
4153
4155
4157
4159
4161
4163
4165
4167
4169
4171
4173
4175
4177
4179
4181
4183
4185
4187
4189
4191
4193
4195
4197
4200
4202
4204
4206
4208
4210
4212
4214
4216
4218
4220
4222
4225
4227
4229
4231
4233
4235
4237
4239
4241
4243
4245
4247
4250
4252
4254
4256
4258
4260
4262
4264
4266
4268
4270
4272
4275
4277
4279
4281
4283
4285
4287
4289
4291
4293
4295
4297
4300
4302
4304
4306
4308
4310
4312
4314
4316
4318
4320
4322
4324
4326
4328
4330
4332
4334
4336
4338
4340
4342
4344
4346
4348
4351
4353
4355
4357
4359
4361
4363
4365
4367
4369
4371
4373
4375
4377
4379
4381
4383
4385
4387
4389
4391
4393
4395
4397
4400
4402
4404
4406
4408
4410
4412
4414
4416
4418
4420
4422
4424
4426
4428
4430
4432
4434
4436
4438
4440
4442
4444
4446
4448
4451
4453
4455
4457
4459
4461
4463
4465
4467
4469
4471
4473
4475
4477
4479
4481
4483
4485
4487
4489
4491
4493
4495
4497
4500
4502
4504
4506
4508
4510
4512
4514
4516
4518
4520
4522
4524
4526
4528
4530
4532
4534
4536
4538
4540
4542
4544
4546
4548
4551
4553
4555
4557
4559
4561
4563
4565
4567
4569
4571
4573
4575
4577
4579
4581
4583
4585
4587
4589
4591
4593
4595
4597
4600
4602
4604
4606
4608
4610
4612
4614
4616
4618
4620
4622
4624
4626
4628
4630
4632
4634
4636
4638
4640
4642
4644
4646
4648
4651
4653
4655
4657
4659
4661
4663
4665
4667
4669
4671
4673
4675
4677
4679
4681
4683
4685
4687
4689
4691
4693
4695
4697
4700
4702
4704
4706
4708
4710
4712
4714
4716
4718
4720
4722
4724
4726
4728
4730
4732
4734
4736
4738
4740
4742
4744
4746
4748
4751
4753
4755
4757
4759
4761
4763
4765
4767
4769
4771
4773
4775
4777
4779
4781
4783
4785
4787
4789
4791
4793
4795
4797
4800
4802
4804
4806
4808
4810
4812
4814
4816
4818
4820
4822
4825
4827
4829
4831
4833
4835
4837
4839
4841
4843
4845
4847
4850
4852
4854
4856
4858
4860
4862
4864
4866
4868
4870
4872
4875
4877
4879
4881
4883
4885
4887
4889
4891
4893
4895
4897
4900
4902
4904
4906
4908
4910
4912
4914
4916
4918
4920
4922
4924
4926
4928
4930
4932
4934
4936
4938
4940
4942
4944
4946
4948
4951
4953
4955
4957
4959
4961
4963
4965
4967
4969
4971
4973
4975
4977
4979
4981
4983
4985
4987
4989
4991
4993
4995
4997
5000
5002
5004
5006
5008
5010
5013
5015
5017
5019
5021
5023
5026
5028
5030
5032
5034
5036
5039
5041
5043
5045
5047
5050
5052
5054
5056
5058
5060
5063
5065
5067
5069
5071
5073
5076
5078
5080
5082
5084
5086
5089
5091
5093
5095
5097
5100
5102
5104
5106
5108
5110
5113
5115
5117
5119
5121
5123
5126
5128
5130
5132
5134
5136
5139
5141
5143
5145
5147
5150
5152
5154
5156
5158
5160
5163
5165
5167
5169
5171
5173
5176
5178
5180
5182
5184
5186
5189
5191
5193
5195
5197
5200
5202
5204
5206
5208
5211
5213
5215
5217
5220
5222
5224
5226
5228
5231
5233
5235
5237
5240
5242
5244
5246
5248
5251
5253
5255
5257
5260
5262
5264
5266
5268
5271
5273
5275
5277
5280
5282
5284
5286
5288
5291
5293
5295
5297
5300
5302
5304
5306
5308
5310
5313
5315
5317
5319
5321
5323
5326
5328
5330
5332
5334
5336
5339
5341
5343
5345
5347
5350
5352
5354
5356
5358
5360
5363
5365
5367
5369
5371
5373
5376
5378
5380
5382
5384
5386
5389
5391
5393
5395
5397
5400
5402
5404
5406
5408
5410
5413
5415
5417
5419
5421
5423
5426
5428
5430
5432
5434
5436
5439
5441
5443
5445
5447
5450
5452
5454
5456
5458
5460
5463
5465
5467
5469
5471
5473
5476
5478
5480
5482
5484
5486
5489
5491
5493
5495
5497
5500
5502
5504
5506
5508
5510
5513
5515
5517
5519
5521
5523
5526
5528
5530
5532
5534
5536
5539
5541
5543
5545
5547
5550
5552
5554
5556
5558
5560
5563
5565
5567
5569
5571
5573
5576
5578
5580
5582
5584
5586
5589
5591
5593
5595
5597
5600
5602
5604
5606
5608
5611
5613
5615
5617
5620
5622
5624
5626
5628
5631
5633
5635
5637
5640
5642
5644
5646
5648
5651
5653
5655
5657
5660
5662
5664
5666
5668
5671
5673
5675
5677
5680
5682
5684
5686
5688
5691
5693
5695
5697
5700
5702
5704
5706
5708
5710
5713
5715
5717
5719
5721
5723
5726
5728
5730
5732
5734
5736
5739
5741
5743
5745
5747
5750
5752
5754
5756
5758
5760
5763
5765
5767
5769
5771
5773
5776
5778
5780
5782
5784
5786
5789
5791
5793
5795
5797
5800
5802
5804
5806
5808
5810
5813
5815
5817
5819
5821
5823
5826
5828
5830
5832
5834
5836
5839
5841
5843
5845
5847
5850
5852
5854
5856
5858
5860
5863
5865
5867
5869
5871
5873
5876
5878
5880
5882
5884
5886
5889
5891
5893
5895
5897
5900
5902
5904
5906
5908
5911
5913
5915
5917
5920
5922
5924
5926
5928
5931
5933
5935
5937
5940
5942
5944
5946
5948
5951
5953
5955
5957
5960
5962
5964
5966
5968
5971
5973
5975
5977
5980
5982
5984
5986
5988
5991
5993
5995
5997
6000
6002
6004
6006
6008
6010
6012
6014
6016
6018
6020
6022
6024
6026
6028
6030
6032
6034
6036
6038
6040
6042
6044
6046
6048
6050
6052
6053
6056
6058
6060
6061
6064
6066
6068
6069
6072
6074
6076
6077
6080
6082
6084
6085
6088
6090
6092
6093
6096
6098
6100
6102
6104
6106
6108
6110
6112
6114
6116
6118
6120
6122
6124
6126
6128
6130
6132
6134
6136
6138
6140
6142
6144
6146
6148
6151
6153
6155
6157
6159
6161
6163
6165
6167
6169
6171
6173
6175
6177
6179
6181
6183
6185
6187
6189
6191
6193
6195
6197
6200
6202
6204
6206
6208
6210
6212
6214
6216
6218
6220
6222
6224
6226
6228
6230
6232
6234
6236
6238
6240
6242
6244
6246
6248
6250
6252
6254
6256
6258
6260
6262
6264
6266
6268
6270
6272
6274
6276
6278
6280
6282
6284
6286
6288
6290
6292
6294
6296
6298
6300
6302
6304
6306
6308
6310
6312
6314
6316
6318
6320
6322
6324
6326
6328
6330
6332
6334
6336
6338
6340
6342
6344
6346
6348
6351
6353
6355
6357
6359
6361
6363
6365
6367
6369
6371
6373
6375
6377
6379
6381
6383
6385
6387
6389
6391
6393
6395
6397
6400
6402
6404
6406
6408
6410
6412
6414
6416
6418
6420
6422
6424
6426
6428
6430
6432
6434
6436
6438
6440
6442
6444
6446
6448
6450
6452
6454
6456
6458
6460
6462
6464
6466
6468
6470
6472
6474
6476
6478
6480
6482
6484
6486
6488
6490
6492
6494
6496
6498
6500
6502
6504
6506
6508
6510
6512
6514
6516
6518
6520
6522
6524
6526
6528
6530
6532
6534
6536
6538
6540
6542
6544
6546
6548
6551
6553
6555
6557
6559
6561
6563
6565
6567
6569
6571
6573
6575
6577
6579
6581
6583
6585
6587
6589
6591
6593
6595
6597
6600
6601
6604
6606
6608
6609
6612
6614
6616
6617
6620
6622
6624
6625
6628
6630
6632
6633
6636
6638
6640
6641
6644
6646
6648
6649
6652
6654
6656
6658
6660
6662
6664
6666
6668
6670
6672
6674
6676
6678
6680
6682
6684
6686
6688
6690
6692
6694
6696
6698
6700
6702
6704
6706
6708
6710
6712
6714
6716
6718
6720
6722
6724
6726
6728
6730
6732
6734
6736
6738
6740
6742
6744
6746
6748
6751
6753
6755
6757
6759
6761
6763
6765
6767
6769
6771
6773
6775
6777
6779
6781
6783
6785
6787
6789
6791
6793
6795
6797
6800
6802
6804
6806
6808
6810
6812
6814
6816
6818
6820
6822
6824
6826
6828
6830
6832
6834
6836
6838
6840
6842
6844
6846
6848
6850
6852
6854
6856
6858
6860
6862
6864
6866
6868
6870
6872
6874
6876
6878
6880
6882
6884
6886
6888
6890
6892
6894
6896
6898
6900
6902
6904
6906
6908
6910
6912
6914
6916
6918
6920
6922
6924
6926
6928
6930
6932
6934
6936
6938
6940
6942
6944
6946
6948
6951
6953
6955
6957
6959
6961
6963
6965
6967
6969
6971
6973
6975
6977
6979
6981
6983
6985
6987
6989
6991
6993
6995
6997
7000
7002
7004
7006
7008
7010
7012
7014
7016
7018
7020
7022
7025
7027
7029
7031
7033
7035
7037
7039
7041
7043
7045
7047
7050
7052
7054
7056
7058
7060
7062
7064
7066
7068
7070
7072
7074
7077
7079
7081
7083
7085
7087
7089
7091
7093
7095
7097
7100
7102
7104
7106
7108
7110
7112
7114
7117
7119
7121
7123
7125
7127
7129
7131
7134
7136
7138
7140
7142
7144
7146
7148
7151
7153
7155
7157
7159
7161
7163
7165
7168
7170
7172
7174
7176
7178
7180
7182
7185
7187
7189
7191
7193
7195
7197
7200
7202
7204
7206
7208
7210
7212
7214
7216
7218
7220
7222
7225
7227
7229
7231
7233
7235
7237
7239
7241
7243
7245
7247
7250
7252
7254
7256
7258
7260
7262
7264
7266
7268
7270
7272
7275
7277
7279
7281
7283
7285
7287
7289
7291
7293
7295
7297
7300
7302
7304
7306
7308
7310
7312
7314
7317
7319
7321
7323
7325
7327
7329
7331
7334
7336
7338
7340
7342
7344
7346
7348
7351
7353
7355
7357
7359
7361
7363
7365
7368
7370
7372
7374
7376
7378
7380
7382
7385
7387
7389
7391
7393
7395
7397
7400
7402
7404
7406
7408
7410
7412
7414
7416
7418
7420
7422
7425
7427
7429
7431
7433
7435
7437
7439
7441
7443
7445
7447
7450
7452
7454
7456
7458
7460
7462
7464
7466
7468
7470
7472
7475
7477
7479
7481
7483
7485
7487
7489
7491
7493
7495
7497
7500
7502
7504
7506
7508
7510
7512
7514
7517
7519
7521
7523
7525
7527
7529
7531
7534
7536
7538
7540
7542
7544
7546
7548
7551
7553
7555
7557
7559
7561
7563
7565
7568
7570
7572
7574
7576
7578
7580
7582
7585
7587
7589
7591
7593
7595
7597
7600
7602
7604
7606
7608
7610
7612
7614
7616
7618
7620
7622
7625
7627
7629
7631
7633
7635
7637
7639
7641
7643
7645
7647
7650
7652
7654
7656
7658
7660
7662
7664
7666
7668
7670
7672
7675
7677
7679
7681
7683
7685
7687
7689
7691
7693
7695
7697
7700
7702
7704
7706
7708
7710
7712
7714
7717
7719
7721
7723
7725
7727
7729
7731
7734
7736
7738
7740
7742
7744
7746
7748
7751
7753
7755
7757
7759
7761
7763
7765
7768
7770
7772
7774
7776
7778
7780
7782
7785
7787
7789
7791
7793
7795
7797
7800
7802
7804
7806
7808
7810
7812
7814
7816
7818
7820
7822
7825
7827
7829
7831
7833
7835
7837
7839
7841
7843
7845
7847
7850
7852
7854
7856
7858
7860
7862
7864
7866
7868
7870
7872
7875
7877
7879
7881
7883
7885
7887
7889
7891
7893
7895
7897
7900
7902
7904
7906
7908
7910
7912
7914
7917
7919
7921
7923
7925
7927
7929
7931
7934
7936
7938
7940
7942
7944
7946
7948
7951
7953
7955
7957
7959
7961
7963
7965
7968
7970
7972
7974
7976
7978
7980
7982
7985
7987
7989
7991
7993
7995
7997
8000
8003
8007
8011
8014
8018
8022
8025
8029
8033
8037
8040
8044
8048
8051
8055
8059
8062
8066
8070
8074
8077
8081
8085
8088
8092
8096
8100
8103
8107
8111
8115
8119
8123
8126
8130
8134
8138
8142
8146
8149
8153
8157
8161
8165
8169
8173
8176
8180
8184
8188
8192
8196
8200
8203
8207
8211
8214
8218
8222
8225
8229
8233
8237
8240
8244
8248
8251
8255
8259
8262
8266
8270
8274
8277
8281
8285
8288
8292
8296
8300
8303
8307
8311
8314
8318
8322
8325
8329
8333
8337
8340
8344
8348
8351
8355
8359
8362
8366
8370
8374
8377
8381
8385
8388
8392
8396
8400
8403
8407
8411
8415
8419
8423
8426
8430
8434
8438
8442
8446
8450
8453
8457
8461
8465
8469
8473
8476
8480
8484
8488
8492
8496
8500
8503
8507
8511
8514
8518
8522
8525
8529
8533
8537
8540
8544
8548
8551
8555
8559
8562
8566
8570
8574
8577
8581
8585
8588
8592
8596
8600
8603
8607
8611
8615
8619
8623
8626
8630
8634
8638
8642
8646
8649
8653
8657
8661
8665
8669
8673
8676
8680
8684
8688
8692
8696
8700
8703
8707
8711
8714
8718
8722
8725
8729
8733
8737
8740
8744
8748
8751
8755
8759
8762
8766
8770
8774
8777
8781
8785
8788
8792
8796
8800
8803
8807
8811
8815
8819
8823
8826
8830
8834
8838
8842
8846
8850
8853
8857
8861
8865
8869
8873
8876
8880
8884
8888
8892
8896
8900
8903
8907
8911
8914
8918
8922
8925
8929
8933
8937
8940
8944
8948
8951
8955
8959
8962
8966
8970
8974
8977
8981
8985
8988
8992
8996
9000
9003
9007
9011
9015
9019
9023
9026
9030
9034
9038
9042
9046
9050
9053
9057
9061
9065
9069
9073
9076
9080
9084
9088
9092
9096
9100
9103
9107
9111
9114
9118
9122
9125
9129
9133
9137
9140
9144
9148
9151
9155
9159
9162
9166
9170
9174
9177
9181
9185
9188
9192
9196
9200
9203
9207
9211
9215
9219
9223
9226
9230
9234
9238
9242
9246
9250
9253
9257
9261
9265
9269
9273
9276
9280
9284
9288
9292
9296
9300
9303
9307
9311
9315
9319
9323
9326
9330
9334
9338
9342
9346
9350
9353
9357
9361
9365
9369
9373
9376
9380
9384
9388
9392
9396
9400
9403
9407
9411
9415
9419
9423
9426
9430
9434
9438
9442
9446
9450
9453
9457
9461
9465
9469
9473
9476
9480
9484
9488
9492
9496
9500
9503
9507
9511
9514
9518
9522
9525
9529
9533
9537
9540
9544
9548
9551
9555
9559
9562
9566
9570
9574
9577
9581
9585
9588
9592
9596
9600
9603
9607
9611
9615
9619
9623
9626
9630
9634
9638
9642
9646
9649
9653
9657
9661
9665
9669
9673
9676
9680
9684
9688
9692
9696
9700
9703
9707
9711
9715
9719
9723
9726
9730
9734
9738
9742
9746
9750
9753
9757
9761
9765
9769
9773
9776
9780
9784
9788
9792
9796
9800
9803
9807
9811
9814
9818
9822
9825
9829
9833
9837
9840
9844
9848
9851
9855
9859
9862
9866
9870
9874
9877
9881
9885
9888
9892
9896
9900
9903
9907
9911
9915
9919
9923
9926
9930
9934
9938
9942
9946
9950
9953
9957
9961
9965
9969
9973
9976
9980
9984
9988
9992
9996
10000
10002
10004
10006
10008
10010
10012
10014
10016
10018
10020
10022
10025
10027
10029
10031
10033
10035
10037
10039
10041
10043
10045
10047
10050
10052
10054
10056
10058
10060
10062
10064
10066
10068
10070
10072
10075
10077
10079
10081
10083
10085
10087
10089
10091
10093
10095
10097
10100
10102
10104
10106
10108
10110
10112
10114
10116
10118
10120
10122
10125
10127
10129
10131
10133
10135
10137
10139
10141
10143
10145
10147
10149
10152
10154
10156
10158
10160
10162
10164
10166
10168
10170
10172
10174
10177
10179
10181
10183
10185
10187
10189
10191
10193
10195
10197
10200
10202
10204
10206
10208
10210
10212
10214
10216
10218
10220
10222
10225
10227
10229
10231
10233
10235
10237
10239
10241
10243
10245
10247
10250
10252
10254
10256
10258
10260
10262
10264
10266
10268
10270
10272
10275
10277
10279
10281
10283
10285
10287
10289
10291
10293
10295
10297
10300
10302
10304
10306
10308
10310
10312
10314
10316
10318
10320
10322
10325
10327
10329
10331
10333
10335
10337
10339
10341
10343
10345
10347
10350
10352
10354
10356
10358
10360
10362
10364
10366
10368
10370
10372
10375
10377
10379
10381
10383
10385
10387
10389
10391
10393
10395
10397
10400
10402
10404
10406
10408
10410
10412
10414
10416
10418
10420
10422
10424
10426
10428
10430
10432
10434
10436
10438
10440
10442
10444
10446
10448
10451
10453
10455
10457
10459
10461
10463
10465
10467
10469
10471
10473
10475
10477
10479
10481
10483
10485
10487
10489
10491
10493
10495
10497
10500
10502
10504
10506
10508
10510
10512
10514
10516
10518
10520
10522
10525
10527
10529
10531
10533
10535
10537
10539
10541
10543
10545
10547
10550
10552
10554
10556
10558
10560
10562
10564
10566
10568
10570
10572
10575
10577
10579
10581
10583
10585
10587
10589
10591
10593
10595
10597
10600
10602
10604
10606
10608
10610
10612
10614
10616
10618
10620
10622
10625
10627
10629
10631
10633
10635
10637
10639
10641
10643
10645
10647
10649
10652
10654
10656
10658
10660
10662
10664
10666
10668
10670
10672
10674
10677
10679
10681
10683
10685
10687
10689
10691
10693
10695
10697
10700
10702
10704
10706
10708
10710
10712
10714
10716
10718
10720
10722
10725
10727
10729
10731
10733
10735
10737
10739
10741
10743
10745
10747
10750
10752
10754
10756
10758
10760
10762
10764
10766
10768
10770
10772
10775
10777
10779
10781
10783
10785
10787
10789
10791
10793
10795
10797
10800
10802
10804
10806
10808
10810
10812
10814
10816
10818
10820
10822
10825
10827
10829
10831
10833
10835
10837
10839
10841
10843
10845
10847
10850
10852
10854
10856
10858
10860
10862
10864
10866
10868
10870
10872
10875
10877
10879
10881
10883
10885
10887
10889
10891
10893
10895
10897
10900
10902
10904
10906
10908
10910
10912
10914
10916
10918
10920
10922
10925
10927
10929
10931
10933
10935
10937
10939
10941
10943
10945
10947
10950
10952
10954
10956
10958
10960
10962
10964
10966
10968
10970
10972
10975
10977
10979
10981
10983
10985
10987
10989
10991
10993
10995
10997
11000
11002
11004
11006
11008
11011
11013
11015
11017
11020
11022
11024
11026
11028
11031
11033
11035
11037
11040
11042
11044
11046
11048
11051
11053
11055
11057
11060
11062
11064
11066
11068
11071
11073
11075
11077
11080
11082
11084
11086
11088
11091
11093
11095
11097
11100
11102
11104
11106
11108
11110
11113
11115
11117
11119
11121
11123
11126
11128
11130
11132
11134
11136
11139
11141
11143
11145
11147
11149
11152
11154
11156
11158
11160
11163
11165
11167
11169
11171
11173
11176
11178
11180
11182
11184
11186
11189
11191
11193
11195
11197
11200
11202
11204
11206
11208
11211
11213
11215
11217
11219
11222
11224
11226
11228
11231
11233
11235
11237
11240
11242
11244
11246
11248
11251
11253
11255
11257
11260
11262
11264
11266
11268
11271
11273
11275
11277
11280
11282
11284
11286
11288
11291
11293
11295
11297
11300
11302
11304
11306
11308
11310
11313
11315
11317
11319
11321
11323
11326
11328
11330
11332
11334
11336
11339
11341
11343
11345
11347
11350
11352
11354
11356
11358
11360
11363
11365
11367
11369
11371
11373
11376
11378
11380
11382
11384
11386
11389
11391
11393
11395
11397
11400
11402
11404
11406
11408
11411
11413
11415
11417
11420
11422
11424
11426
11428
11431
11433
11435
11437
11440
11442
11444
11446
11448
11451
11453
11455
11457
11460
11462
11464
11466
11468
11471
11473
11475
11477
11480
11482
11484
11486
11488
11491
11493
11495
11497
11500
11502
11504
11506
11508
11511
11513
11515
11517
11520
11522
11524
11526
11528
11531
11533
11535
11537
11540
11542
11544
11546
11548
11551
11553
11555
11557
11560
11562
11564
11566
11568
11571
11573
11575
11577
11580
11582
11584
11586
11588
11591
11593
11595
11597
11600
11602
11604
11606
11608
11610
11613
11615
11617
11619
11621
11623
11626
11628
11630
11632
11634
11636
11639
11641
11643
11645
11647
11649
11652
11654
11656
11658
11660
11663
11665
11667
11669
11671
11673
11676
11678
11680
11682
11684
11686
11689
11691
11693
11695
11697
11700
11702
11704
11706
11708
11711
11713
11715
11717
11719
11722
11724
11726
11728
11731
11733
11735
11737
11740
11742
11744
11746
11748
11751
11753
11755
11757
11760
11762
11764
11766
11768
11771
11773
11775
11777
11780
11782
11784
11786
11788
11791
11793
11795
11797
11800
11802
11804
11806
11808
11810
11813
11815
11817
11819
11821
11823
11826
11828
11830
11832
11834
11836
11839
11841
11843
11845
11847
11850
11852
11854
11856
11858
11860
11863
11865
11867
11869
11871
11873
11876
11878
11880
11882
11884
11886
11889
11891
11893
11895
11897
11900
11902
11904
11906
11908
11911
11913
11915
11917
11920
11922
11924
11926
11928
11931
11933
11935
11937
11940
11942
11944
11946
11948
11951
11953
11955
11957
11960
11962
11964
11966
11968
11971
11973
11975
11977
11980
11982
11984
11986
11988
11991
11993
11995
11997
12000
12001
12003
12005
12007
12009
12011
12013
12015
12017
12019
12021
12023
12025
12026
12028
12030
12032
12034
12036
12038
12040
12042
12044
12046
12048
12050
12051
12053
12055
12057
12059
12061
12063
12065
12067
12069
12071
12073
12075
12076
12078
12080
12082
12084
12086
12088
12090
12092
12094
12096
12098
12100
12101
12103
12105
12107
12109
12111
12113
12115
12117
12119
12121
12123
12125
12127
12129
12131
12133
12135
12137
12139
12141
12143
12145
12147
12149
12150
12152
12154
12156
12158
12160
12162
12164
12166
12168
12170
12172
12174
12176
12178
12180
12182
12184
12186
12188
12190
12192
12194
12196
12198
12200
12201
12203
12205
12207
12209
12211
12213
12215
12217
12219
12221
12223
12225
12226
12228
12230
12232
12234
12236
12238
12240
12242
12244
12246
12248
12250
12251
12253
12255
12257
12259
12261
12263
12265
12267
12269
12271
12273
12275
12276
12278
12280
12282
12284
12286
12288
12290
12292
12294
12296
12298
12300
12301
12303
12305
12307
12309
12311
12313
12315
12317
12319
12321
12323
12325
12326
12328
12330
12332
12334
12336
12338
12340
12342
12344
12346
12348
12350
12351
12353
12355
12357
12359
12361
12363
12365
12367
12369
12371
12373
12375
12376
12378
12380
12382
12384
12386
12388
12390
12392
12394
12396
12398
12400
12401
12403
12405
12407
12409
12411
12413
12415
12417
12419
12421
12423
12425
12427
12429
12431
12433
12435
12437
12439
12441
12443
12445
12447
12449
12450
12452
12454
12456
12458
12460
12462
12464
12466
12468
12470
12472
12474
12476
12478
12480
12482
12484
12486
12488
12490
12492
12494
12496
12498
12500
12501
12503
12505
12507
12509
12511
12513
12515
12517
12519
12521
12523
12525
12526
12528
12530
12532
12534
12536
12538
12540
12542
12544
12546
12548
12550
12551
12553
12555
12557
12559
12561
12563
12565
12567
12569
12571
12573
12575
12576
12578
12580
12582
12584
12586
12588
12590
12592
12594
12596
12598
12600
12601
12603
12605
12607
12609
12611
12613
12615
12617
12619
12621
12623
12625
12627
12629
12631
12633
12635
12637
12639
12641
12643
12645
12647
12649
12650
12652
12654
12656
12658
12660
12662
12664
12666
12668
12670
12672
12674
12676
12678
12680
12682
12684
12686
12688
12690
12692
12694
12696
12698
12700
12701
12703
12705
12707
12709
12711
12713
12715
12717
12719
12721
12723
12725
12726
12728
12730
12732
12734
12736
12738
12740
12742
12744
12746
12748
12750
12751
12753
12755
12757
12759
12761
12763
12765
12767
12769
12771
12773
12775
12776
12778
12780
12782
12784
12786
12788
12790
12792
12794
12796
12798
12800
12801
12803
12805
12807
12809
12811
12813
12815
12817
12819
12821
12823
12825
12826
12828
12830
12832
12834
12836
12838
12840
12842
12844
12846
12848
12850
12851
12853
12855
12857
12859
12861
12863
12865
12867
12869
12871
12873
12875
12876
12878
12880
12882
12884
12886
12888
12890
12892
12894
12896
12898
12900
12901
12903
12905
12907
12909
12911
12913
12915
12917
12919
12921
12923
12925
12927
12929
12931
12933
12935
12937
12939
12941
12943
12945
12947
12949
12950
12952
12954
12956
12958
12960
12962
12964
12966
12968
12970
12972
12974
12976
12978
12980
12982
12984
12986
12988
12990
12992
12994
12996
12998
13000
13002
13004
13006
13008
13010
13012
13014
13016
13018
13020
13022
13024
13026
13028
13030
13032
13034
13036
13038
13040
13042
13044
13046
13048
13050
13052
13054
13056
13058
13060
13062
13064
13065
13068
13070
13072
13074
13076
13078
13080
13081
13084
13086
13088
13090
13092
13094
13096
13097
13100
13101
13103
13105
13107
13109
13111
13113
13115
13117
13119
13121
13123
13125
13127
13129
13131
13133
13135
13137
13139
13141
13143
13145
13147
13149
13150
13152
13154
13156
13158
13160
13162
13164
13166
13168
13170
13172
13174
13176
13178
13180
13182
13184
13186
13188
13190
13192
13194
13196
13198
13200
13202
13203
13206
13208
13209
13212
13213
13216
13218
13219
13222
13224
13226
13228
13230
13232
13234
13236
13238
13240
13242
13244
13246
13248
13250
13252
13254
13256
13258
13260
13262
13264
13266
13268
13270
13272
13274
13276
13278
13280
13282
13284
13286
13288
13290
13292
13294
13296
13298
13300
13302
13304
13306
13308
13310
13312
13314
13316
13318
13320
13322
13324
13326
13328
13330
13332
13334
13336
13338
13340
13342
13344
13346
13348
13350
13352
13354
13356
13358
13360
13362
13364
13366
13368
13370
13372
13374
13376
13378
13380
13382
13384
13386
13388
13390
13392
13394
13396
13398
13400
13402
13404
13406
13408
13410
13412
13414
13416
13418
13420
13422
13424
13426
13428
13430
13432
13434
13436
13438
13440
13442
13444
13446
13448
13450
13452
13454
13456
13458
13460
13462
13464
13466
13468
13470
13472
13474
13476
13478
13480
13482
13484
13486
13488
13490
13492
13494
13496
13498
13500
13502
13504
13506
13508
13510
13512
13514
13516
13518
13520
13522
13524
13526
13528
13530
13532
13534
13536
13538
13540
13542
13544
13546
13548
13550
13552
13554
13556
13558
13560
13562
13564
13565
13568
13570
13572
13574
13576
13578
13580
13581
13584
13586
13588
13590
13592
13594
13596
13597
13600
13602
13604
13606
13607
13610
13612
13613
13616
13618
13620
13622
13623
13626
13628
13629
13632
13634
13636
13638
13639
13642
13644
13645
13648
13650
13652
13654
13655
13658
13660
13661
13664
13665
13668
13670
13671
13674
13676
13677
13680
13681
13684
13686
13687
13690
13692
13693
13696
13697
13700
13702
13703
13706
13708
13709
13712
13713
13716
13718
13719
13722
13724
13726
13728
13730
13732
13734
13736
13738
13740
13742
13744
13746
13748
13750
13752
13754
13756
13758
13760
13762
13764
13766
13768
13770
13772
13774
13776
13778
13780
13782
13784
13786
13788
13790
13792
13794
13796
13798
13800
13801
13803
13805
13807
13809
13811
13813
13815
13817
13819
13821
13823
13825
13827
13829
13831
13833
13835
13837
13839
13841
13843
13845
13847
13849
13850
13852
13854
13856
13858
13860
13862
13864
13866
13868
13870
13872
13874
13876
13878
13880
13882
13884
13886
13888
13890
13892
13894
13896
13898
13900
13902
13904
13906
13908
13910
13912
13914
13916
13918
13920
13922
13924
13926
13928
13930
13932
13934
13936
13938
13940
13942
13944
13946
13948
13950
13952
13954
13956
13958
13960
13962
13964
13966
13968
13970
13972
13974
13976
13978
13980
13982
13984
13986
13988
13990
13992
13994
13996
13998
14000
14001
14003
14005
14007
14009
14011
14013
14015
14017
14019
14021
14023
14025
14027
14029
14031
14033
14035
14037
14039
14041
14043
14045
14047
14049
14050
14052
14054
14056
14058
14060
14062
14064
14066
14068
14070
14072
14074
14076
14078
14080
14082
14084
14086
14088
14090
14092
14094
14096
14098
14100
14101
14103
14105
14107
14109
14111
14113
14115
14117
14119
14121
14123
14125
14126
14128
14130
14132
14134
14136
14138
14140
14142
14144
14146
14148
14149
14151
14153
14155
14157
14159
14161
14163
14165
14167
14169
14171
14173
14174
14176
14178
14180
14182
14184
14186
14188
14190
14192
14194
14196
14198
14200
14201
14203
14205
14207
14209
14211
14213
14215
14217
14219
14221
14223
14225
14227
14229
14231
14233
14235
14237
14239
14241
14243
14245
14247
14249
14250
14252
14254
14256
14258
14260
14262
14264
14266
14268
14270
14272
14274
14276
14278
14280
14282
14284
14286
14288
14290
14292
14294
14296
14298
14300
14301
14303
14305
14307
14309
14311
14313
14315
14317
14319
14321
14323
14325
14326
14328
14330
14332
14334
14336
14338
14340
14342
14344
14346
14348
14350
14351
14353
14355
14357
14359
14361
14363
14365
14367
14369
14371
14373
14375
14376
14378
14380
14382
14384
14386
14388
14390
14392
14394
14396
14398
14400
14401
14403
14405
14407
14409
14411
14413
14415
14417
14419
14421
14423
14425
14426
14428
14430
14432
14434
14436
14438
14440
14442
14444
14446
14448
14450
14451
14453
14455
14457
14459
14461
14463
14465
14467
14469
14471
14473
14475
14476
14478
14480
14482
14484
14486
14488
14490
14492
14494
14496
14498
14500
14501
14503
14505
14507
14509
14511
14513
14515
14517
14519
14521
14523
14525
14527
14529
14531
14533
14535
14537
14539
14541
14543
14545
14547
14549
14550
14552
14554
14556
14558
14560
14562
14564
14566
14568
14570
14572
14574
14576
14578
14580
14582
14584
14586
14588
14590
14592
14594
14596
14598
14600
14601
14603
14605
14607
14609
14611
14613
14615
14617
14619
14621
14623
14625
14626
14628
14630
14632
14634
14636
14638
14640
14642
14644
14646
14648
14649
14651
14653
14655
14657
14659
14661
14663
14665
14667
14669
14671
14673
14674
14676
14678
14680
14682
14684
14686
14688
14690
14692
14694
14696
14698
14700
14701
14703
14705
14707
14709
14711
14713
14715
14717
14719
14721
14723
14725
14727
14729
14731
14733
14735
14737
14739
14741
14743
14745
14747
14749
14750
14752
14754
14756
14758
14760
14762
14764
14766
14768
14770
14772
14774
14776
14778
14780
14782
14784
14786
14788
14790
14792
14794
14796
14798
14800
14801
14803
14805
14807
14809
14811
14813
14815
14817
14819
14821
14823
14825
14826
14828
14830
14832
14834
14836
14838
14840
14842
14844
14846
14848
14850
14851
14853
14855
14857
14859
14861
14863
14865
14867
14869
14871
14873
14875
14876
14878
14880
14882
14884
14886
14888
14890
14892
14894
14896
14898
14900
14901
14903
14905
14907
14909
14911
14913
14915
14917
14919
14921
14923
14925
14926
14928
14930
14932
14934
14936
14938
14940
14942
14944
14946
14948
14950
14951
14953
14955
14957
14959
14961
14963
14965
14967
14969
14971
14973
14975
14976
14978
14980
14982
14984
14986
14988
14990
14992
14994
14996
14998
15000
15001
15003
15005
15007
15009
15011
15013
15015
15017
15019
15021
15023
15025
15026
15028
15030
15032
15034
15036
15038
15040
15042
15044
15046
15048
15050
15051
15053
15055
15057
15059
15061
15063
15065
15067
15069
15071
15073
15075
15076
15078
15080
15082
15084
15086
15088
15090
15092
15094
15096
15098
15100
15101
15103
15105
15107
15109
15111
15113
15115
15117
15119
15121
15123
15125
15126
15128
15130
15132
15134
15136
15138
15140
15142
15144
15146
15148
15149
15151
15153
15155
15157
15159
15161
15163
15165
15167
15169
15171
15173
15174
15176
15178
15180
15182
15184
15186
15188
15190
15192
15194
15196
15198
15200
15201
15203
15205
15207
15209
15211
15213
15215
15217
15219
15221
15223
15225
15226
15228
15230
15232
15234
15236
15238
15240
15242
15244
15246
15248
15250
15251
15253
15255
15257
15259
15261
15263
15265
15267
15269
15271
15273
15275
15276
15278
15280
15282
15284
15286
15288
15290
15292
15294
15296
15298
15300
15301
15303
15305
15307
15309
15311
15313
15315
15316
15318
15320
15322
15324
15326
15328
15330
15332
15333
15335
15337
15339
15341
15343
15345
15347
15349
15350
15352
15354
15356
15358
15360
15362
15364
15366
15367
15369
15371
15373
15375
15377
15379
15381
15383
15384
15386
15388
15390
15392
15394
15396
15398
15400
15401
15403
15405
15407
15409
15411
15413
15415
15417
15419
15421
15423
15425
15426
15428
15430
15432
15434
15436
15438
15440
15442
15444
15446
15448
15450
15451
15453
15455
15457
15459
15461
15463
15465
15467
15469
15471
15473
15475
15476
15478
15480
15482
15484
15486
15488
15490
15492
15494
15496
15498
15500
15501
15503
15505
15507
15509
15511
15513
15515
15517
15519
15521
15523
15525
15526
15528
15530
15532
15534
15536
15538
15540
15542
15544
15546
15548
15550
15551
15553
15555
15557
15559
15561
15563
15565
15567
15569
15571
15573
15575
15576
15578
15580
15582
15584
15586
15588
15590
15592
15594
15596
15598
15600
15601
15603
15605
15607
15609
15611
15613
15615
15617
15619
15621
15623
15625
15626
15628
15630
15632
15634
15636
15638
15640
15642
15644
15646
15648
15649
15651
15653
15655
15657
15659
15661
15663
15665
15667
15669
15671
15673
15674
15676
15678
15680
15682
15684
15686
15688
15690
15692
15694
15696
15698
15700
15701
15703
15705
15707
15709
15711
15713
15715
15717
15719
15721
15723
15725
15726
15728
15730
15732
15734
15736
15738
15740
15742
15744
15746
15748
15750
15751
15753
15755
15757
15759
15761
15763
15765
15767
15769
15771
15773
15775
15776
15778
15780
15782
15784
15786
15788
15790
15792
15794
15796
15798
15800
15801
15803
15805
15807
15809
15811
15813
15815
15816
15818
15820
15822
15824
15826
15828
15830
15832
15833
15835
15837
15839
15841
15843
15845
15847
15849
15850
15852
15854
15856
15858
15860
15862
15864
15866
15867
15869
15871
15873
15875
15877
15879
15881
15883
15884
15886
15888
15890
15892
15894
15896
15898
15900
15901
15903
15905
15907
15909
15911
15913
15915
15917
15919
15921
15923
15925
15926
15928
15930
15932
15934
15936
15938
15940
15942
15944
15946
15948
15950
15951
15953
15955
15957
15959
15961
15963
15965
15967
15969
15971
15973
15975
15976
15978
15980
15982
15984
15986
15988
15990
15992
15994
15996
15998
16000
16002
16004
16006
16008
16010
16012
16014
16016
16018
16020
16022
16024
16026
16028
16030
16032
16034
16036
16038
16040
16042
16044
16046
16048
16051
16053
16055
16057
16059
16061
16063
16065
16067
16069
16071
16073
16075
16077
16079
16081
16083
16085
16087
16089
16091
16093
16095
16097
16100
16102
16104
16106
16108
16110
16112
16114
16116
16118
16120
16122
16125
16127
16129
16131
16133
16135
16137
16139
16141
16143
16145
16147
16149
16152
16154
16156
16158
16160
16162
16164
16166
16168
16170
16172
16175
16177
16179
16181
16183
16185
16187
16189
16191
16193
16195
16197
16200
16202
16204
16206
16208
16210
16212
16214
16216
16218
16220
16222
16224
16226
16228
16230
16232
16234
16236
16238
16240
16242
16244
16246
16248
16251
16253
16255
16257
16259
16261
16263
16265
16267
16269
16271
16273
16275
16277
16279
16281
16283
16285
16287
16289
16291
16293
16295
16297
16300
16302
16304
16306
16308
16310
16312
16314
16316
16318
16320
16322
16324
16326
16328
16330
16332
16334
16336
16338
16340
16342
16344
16346
16348
16351
16353
16355
16357
16359
16361
16363
16365
16367
16369
16371
16373
16375
16377
16379
16381
16383
16385
16387
16389
16391
16393
16395
16397
16400
16402
16404
16406
16408
16410
16412
16414
16416
16418
16420
16422
16424
16426
16428
16430
16432
16434
16436
16438
16440
16442
16444
16446
16448
16451
16453
16455
16457
16459
16461
16463
16465
16467
16469
16471
16473
16475
16477
16479
16481
16483
16485
16487
16489
16491
16493
16495
16497
16500
16502
16504
16506
16508
16510
16512
16514
16516
16518
16520
16522
16525
16527
16529
16531
16533
16535
16537
16539
16541
16543
16545
16547
16550
16552
16554
16556
16558
16560
16562
16564
16566
16568
16570
16572
16575
16577
16579
16581
16583
16585
16587
16589
16591
16593
16595
16597
16600
16602
16604
16606
16608
16610
16612
16614
16616
16618
16620
16622
16624
16626
16628
16630
16632
16634
16636
16638
16640
16642
16644
16646
16648
16651
16653
16655
16657
16659
16661
16663
16665
16667
16669
16671
16673
16675
16677
16679
16681
16683
16685
16687
16689
16691
16693
16695
16697
16700
16702
16704
16706
16708
16710
16712
16714
16716
16718
16720
16722
16724
16726
16728
16730
16732
16734
16736
16738
16740
16742
16744
16746
16748
16751
16753
16755
16757
16759
16761
16763
16765
16767
16769
16771
16773
16775
16777
16779
16781
16783
16785
16787
16789
16791
16793
16795
16797
16800
16802
16804
16806
16808
16810
16812
16814
16816
16818
16820
16822
16825
16827
16829
16831
16833
16835
16837
16839
16841
16843
16845
16847
16850
16852
16854
16856
16858
16860
16862
16864
16866
16868
16870
16872
16875
16877
16879
16881
16883
16885
16887
16889
16891
16893
16895
16897
16900
16902
16904
16906
16908
16910
16912
16914
16916
16918
16920
16922
16924
16926
16928
16930
16932
16934
16936
16938
16940
16942
16944
16946
16948
16951
16953
16955
16957
16959
16961
16963
16965
16967
16969
16971
16973
16975
16977
16979
16981
16983
16985
16987
16989
16991
16993
16995
16997
17000
17001
17003
17005
17007
17009
17011
17013
17015
17017
17019
17021
17023
17025
17026
17028
17030
17032
17034
17036
17038
17040
17042
17044
17046
17048
17050
17051
17053
17055
17057
17059
17061
17063
17065
17067
17069
17071
17073
17075
17076
17078
17080
17082
17084
17086
17088
17090
17092
17094
17096
17098
17100
17101
17103
17105
17107
17109
17111
17113
17115
17117
17119
17121
17123
17125
17127
17129
17131
17133
17135
17137
17139
17141
17143
17145
17147
17149
17150
17152
17154
17156
17158
17160
17162
17164
17166
17168
17170
17172
17174
17176
17178
17180
17182
17184
17186
17188
17190
17192
17194
17196
17198
17200
17201
17203
17205
17207
17209
17211
17213
17215
17217
17219
17221
17223
17225
17227
17229
17231
17233
17235
17237
17239
17241
17243
17245
17247
17249
17250
17252
17254
17256
17258
17260
17262
17264
17266
17268
17270
17272
17274
17276
17278
17280
17282
17284
17286
17288
17290
17292
17294
17296
17298
17300
17301
17303
17305
17307
17309
17311
17313
17315
17317
17319
17321
17323
17325
17326
17328
17330
17332
17334
17336
17338
17340
17342
17344
17346
17348
17350
17351
17353
17355
17357
17359
17361
17363
17365
17367
17369
17371
17373
17375
17376
17378
17380
17382
17384
17386
17388
17390
17392
17394
17396
17398
17400
17401
17403
17405
17407
17409
17411
17413
17415
17417
17419
17421
17423
17425
17427
17429
17431
17433
17435
17437
17439
17441
17443
17445
17447
17449
17450
17452
17454
17456
17458
17460
17462
17464
17466
17468
17470
17472
17474
17476
17478
17480
17482
17484
17486
17488
17490
17492
17494
17496
17498
17500
17501
17503
17505
17507
17509
17511
17513
17515
17517
17519
17521
17523
17525
17526
17528
17530
17532
17534
17536
17538
17540
17542
17544
17546
17548
17550
17551
17553
17555
17557
17559
17561
17563
17565
17567
17569
17571
17573
17575
17576
17578
17580
17582
17584
17586
17588
17590
17592
17594
17596
17598
17600
17601
17603
17605
17607
17609
17611
17613
17615
17617
17619
17621
17623
17625
17627
17629
17631
17633
17635
17637
17639
17641
17643
17645
17647
17649
17650
17652
17654
17656
17658
17660
17662
17664
17666
17668
17670
17672
17674
17676
17678
17680
17682
17684
17686
17688
17690
17692
17694
17696
17698
17700
17701
17703
17705
17707
17709
17711
17713
17715
17717
17719
17721
17723
17725
17727
17729
17731
17733
17735
17737
17739
17741
17743
17745
17747
17749
17750
17752
17754
17756
17758
17760
17762
17764
17766
17768
17770
17772
17774
17776
17778
17780
17782
17784
17786
17788
17790
17792
17794
17796
17798
17800
17801
17803
17805
17807
17809
17811
17813
17815
17817
17819
17821
17823
17825
17826
17828
17830
17832
17834
17836
17838
17840
17842
17844
17846
17848
17850
17851
17853
17855
17857
17859
17861
17863
17865
17867
17869
17871
17873
17875
17876
17878
17880
17882
17884
17886
17888
17890
17892
17894
17896
17898
17900
17901
17903
17905
17907
17909
17911
17913
17915
17917
17919
17921
17923
17925
17927
17929
17931
17933
17935
17937
17939
17941
17943
17945
17947
17949
17950
17952
17954
17956
17958
17960
17962
17964
17966
17968
17970
17972
17974
17976
17978
17980
17982
17984
17986
17988
17990
17992
17994
17996
17998
18000
18001
18003
18005
18007
18009
18011
18013
18015
18017
18019
18021
18023
18025
18026
18028
18030
18032
18034
18036
18038
18040
18042
18044
18046
18048
18050
18051
18053
18055
18057
18059
18061
18063
18065
18067
18069
18071
18073
18075
18076
18078
18080
18082
18084
18086
18088
18090
18092
18094
18096
18098
18100
18101
18103
18105
18107
18109
18111
18113
18115
18117
18119
18121
18123
18125
18126
18128
18130
18132
18134
18136
18138
18140
18142
18144
18146
18148
18150
18151
18153
18155
18157
18159
18161
18163
18165
18167
18169
18171
18173
18175
18176
18178
18180
18182
18184
18186
18188
18190
18192
18194
18196
18198
18200
18201
18203
18205
18207
18209
18211
18213
18215
18217
18219
18221
18223
18225
18226
18228
18230
18232
18234
18236
18238
18240
18242
18244
18246
18248
18250
18251
18253
18255
18257
18259
18261
18263
18265
18267
18269
18271
18273
18275
18276
18278
18280
18282
18284
18286
18288
18290
18292
18294
18296
18298
18300
18301
18303
18305
18307
18309
18311
18313
18315
18317
18319
18321
18323
18325
18326
18328
18330
18332
18334
18336
18338
18340
18342
18344
18346
18348
18350
18351
18353
18355
18357
18359
18361
18363
18365
18367
18369
18371
18373
18375
18376
18378
18380
18382
18384
18386
18388
18390
18392
18394
18396
18398
18400
18401
18403
18405
18407
18409
18411
18413
18415
18417
18419
18421
18423
18424
18426
18428
18430
18432
18434
18436
18438
18440
18442
18444
18446
18448
18450
18451
18453
18455
18457
18459
18461
18463
18465
18467
18469
18471
18473
18475
18476
18478
18480
18482
18484
18486
18488
18490
18492
18494
18496
18498
18500
18501
18503
18505
18507
18509
18511
18513
18515
18517
18519
18521
18523
18525
18526
18528
18530
18532
18534
18536
18538
18540
18542
18544
18546
18548
18550
18551
18553
18555
18557
18559
18561
18563
18565
18567
18569
18571
18573
18575
18576
18578
18580
18582
18584
18586
18588
18590
18592
18594
18596
18598
18600
18601
18603
18605
18607
18609
18611
18613
18615
18617
18619
18621
18623
18625
18626
18628
18630
18632
18634
18636
18638
18640
18642
18644
18646
18648
18650
18651
18653
18655
18657
18659
18661
18663
18665
18667
18669
18671
18673
18675
18676
18678
18680
18682
18684
18686
18688
18690
18692
18694
18696
18698
18700
18701
18703
18705
18707
18709
18711
18713
18715
18717
18719
18721
18723
18725
18726
18728
18730
18732
18734
18736
18738
18740
18742
18744
18746
18748
18750
18751
18753
18755
18757
18759
18761
18763
18765
18767
18769
18771
18773
18775
18776
18778
18780
18782
18784
18786
18788
18790
18792
18794
18796
18798
18800
18801
18803
18805
18807
18809
18811
18813
18815
18817
18819
18821
18823
18825
18826
18828
18830
18832
18834
18836
18838
18840
18842
18844
18846
18848
18850
18851
18853
18855
18857
18859
18861
18863
18865
18867
18869
18871
18873
18875
18876
18878
18880
18882
18884
18886
18888
18890
18892
18894
18896
18898
18900
18901
18903
18905
18907
18909
18911
18913
18915
18917
18919
18921
18923
18924
18926
18928
18930
18932
18934
18936
18938
18940
18942
18944
18946
18948
18950
18951
18953
18955
18957
18959
18961
18963
18965
18967
18969
18971
18973
18975
18976
18978
18980
18982
18984
18986
18988
18990
18992
18994
18996
18998
19000
19002
19004
19006
19008
19010
19012
19014
19016
19018
19020
19022
19024
19026
19028
19030
19032
19034
19036
19038
19040
19042
19044
19046
19048
19050
19052
19054
19056
19058
19060
19062
19064
19066
19068
19070
19072
19074
19076
19078
19080
19082
19084
19086
19088
19090
19092
19094
19096
19098
19100
19102
19104
19106
19108
19110
19112
19114
19116
19118
19120
19122
19124
19126
19128
19130
19132
19134
19136
19138
19140
19142
19144
19146
19148
19150
19152
19154
19156
19158
19160
19162
19164
19166
19168
19170
19172
19174
19176
19178
19180
19182
19184
19186
19188
19190
19192
19194
19195
19198
19200
19202
19204
19206
19208
19210
19212
19214
19216
19218
19220
19222
19224
19226
19227
19230
19232
19234
19236
19238
19240
19242
19244
19246
19248
19250
19252
19254
19256
19258
19260
19262
19264
19266
19268
19270
19272
19274
19276
19278
19280
19282
19284
19286
19288
19290
19292
19294
19296
19298
19300
19302
19304
19306
19308
19310
19312
19314
19316
19318
19320
19322
19324
19326
19328
19330
19332
19334
19336
19338
19340
19342
19344
19346
19348
19350
19352
19354
19355
19358
19360
19362
19364
19366
19368
19369
19372
19374
19375
19378
19380
19381
19384
19386
19387
19390
19392
19394
19395
19398
19400
19401
19404
19406
19407
19410
19412
19413
19416
19418
19419
19422
19424
19426
19427
19430
19432
19433
19436
19438
19439
19442
19444
19445
19448
19450
19452
19454
19456
19458
19460
19462
19464
19466
19468
19470
19472
19474
19476
19477
19480
19482
19484
19486
19488
19490
19492
19494
19496
19498
19500
19502
19504
19506
19508
19510
19512
19514
19516
19518
19520
19522
19524
19526
19528
19530
19532
19534
19536
19538
19540
19542
19544
19546
19548
19550
19552
19554
19556
19558
19560
19562
19564
19566
19568
19570
19572
19574
19576
19578
19580
19582
19584
19586
19588
19590
19592
19594
19596
19598
19600
19602
19604
19606
19608
19610
19612
19614
19616
19618
19620
19622
19624
19626
19628
19630
19632
19634
19636
19638
19640
19642
19644
19646
19648
19650
19652
19654
19656
19658
19660
19662
19664
19666
19668
19670
19672
19674
19676
19678
19680
19682
19684
19686
19688
19690
19692
19694
19695
19698
19700
19702
19704
19706
19708
19710
19712
19714
19716
19718
19720
19722
19724
19726
19727
19730
19732
19734
19736
19738
19740
19742
19744
19746
19748
19750
19752
19754
19756
19758
19760
19762
19764
19766
19768
19770
19772
19774
19776
19778
19780
19782
19784
19786
19788
19790
19792
19794
19796
19798
19800
19802
19804
19806
19808
19810
19812
19814
19816
19818
19820
19822
19824
19826
19828
19830
19832
19834
19836
19838
19840
19842
19844
19846
19848
19851
19853
19855
19857
19859
19861
19863
19865
19867
19869
19871
19873
19875
19877
19879
19881
19883
19885
19887
19889
19891
19893
19895
19897
19900
19901
19904
19906
19907
19910
19912
19913
19916
19918
19919
19922
19924
19926
19927
19930
19932
19933
19936
19938
19939
19942
19944
19945
19948
19950
19952
19954
19956
19958
19960
19962
19964
19966
19968
19970
19972
19974
19976
19977
19980
19982
19984
19986
19988
19990
19992
19994
19996
19998
20000
20001
20003
20005
20007
20009
20011
20013
20015
20017
20019
20021
20023
20025
20027
20029
20031
20033
20035
20037
20039
20041
20043
20045
20047
20049
20050
20052
20054
20056
20058
20060
20062
20064
20066
20068
20070
20072
20074
20076
20078
20080
20082
20084
20086
20088
20090
20092
20094
20096
20098
20100
20102
20104
20106
20108
20110
20112
20114
20116
20118
20120
20122
20124
20126
20128
20130
20132
20134
20136
20138
20140
20142
20144
20146
20148
20150
20152
20154
20156
20158
20160
20162
20164
20166
20168
20170
20172
20174
20176
20178
20180
20182
20184
20186
20188
20190
20192
20194
20195
20198
20200
20201
20203
20205
20207
20209
20211
20213
20215
20217
20219
20221
20223
20225
20227
20229
20231
20233
20235
20237
20239
20241
20243
20245
20247
20249
20250
20252
20254
20256
20258
20260
20262
20264
20266
20268
20270
20272
20274
20276
20278
20280
20282
20284
20286
20288
20290
20292
20294
20296
20298
20300
20301
20303
20305
20307
20309
20311
20313
20315
20317
20319
20321
20323
20325
20327
20329
20331
20333
20335
20337
20339
20341
20343
20345
20347
20349
20350
20352
20354
20356
20358
20360
20362
20364
20366
20368
20370
20372
20374
20376
20378
20380
20382
20384
20386
20388
20390
20392
20394
20396
20398
20400
20401
20404
20406
20407
20410
20412
20413
20416
20418
20419
20422
20424
20426
20427
20430
20432
20433
20436
20438
20439
20442
20444
20445
20448
20450
20452
20454
20456
20458
20460
20462
20464
20466
20468
20470
20472
20474
20476
20477
20480
20482
20484
20486
20488
20490
20492
20494
20496
20498
20500
20501
20503
20505
20507
20509
20511
20513
20515
20517
20519
20521
20523
20525
20527
20529
20531
20533
20535
20537
20539
20541
20543
20545
20547
20549
20550
20552
20554
20556
20558
20560
20562
20564
20566
20568
20570
20572
20574
20576
20578
20580
20582
20584
20586
20588
20590
20592
20594
20596
20598
20600
20602
20604
20606
20608
20610
20612
20614
20616
20618
20620
20622
20624
20626
20628
20630
20632
20634
20636
20638
20640
20642
20644
20646
20648
20650
20652
20654
20656
20658
20660
20662
20664
20666
20668
20670
20672
20674
20676
20678
20680
20682
20684
20686
20688
20690
20692
20694
20695
20698
20700
20701
20703
20705
20707
20709
20711
20713
20715
20717
20719
20721
20723
20725
20727
20729
20731
20733
20735
20737
20739
20741
20743
20745
20747
20749
20750
20752
20754
20756
20758
20760
20762
20764
20766
20768
20770
20772
20774
20776
20778
20780
20782
20784
20786
20788
20790
20792
20794
20796
20798
20800
20802
20804
20806
20808
20810
20812
20814
20816
20818
20820
20822
20824
20826
20828
20830
20832
20834
20836
20838
20840
20842
20844
20846
20848
20850
20852
20854
20855
20858
20860
20862
20864
20866
20868
20869
20872
20874
20875
20878
20880
20881
20884
20886
20887
20890
20892
20894
20895
20898
20900
20901
20903
20905
20907
20909
20911
20913
20915
20917
20919
20921
20923
20925
20927
20929
20931
20933
20935
20937
20939
20941
20943
20945
20947
20949
20950
20952
20954
20956
20958
20960
20962
20964
20966
20968
20970
20972
20974
20976
20978
20980
20982
20984
20986
20988
20990
20992
20994
20996
20998
21000
21002
21004
21006
21008
21010
21012
21014
21016
21018
21020
21022
21024
21026
21028
21030
21032
21034
21036
21038
21040
21042
21044
21046
21048
21050
21052
21054
21056
21058
21060
21062
21064
21066
21068
21070
21072
21074
21076
21078
21080
21082
21084
21086
21088
21090
21092
21094
21096
21098
21100
21102
21104
21106
21108
21110
21112
21114
21116
21118
21120
21122
21124
21126
21128
21130
21132
21134
21136
21138
21140
21142
21144
21146
21148
21150
21152
21154
21156
21158
21160
21162
21164
21166
21168
21170
21172
21174
21176
21178
21180
21182
21184
21186
21188
21190
21192
21194
21195
21198
21200
21201
21203
21205
21207
21209
21211
21213
21215
21217
21219
21221
21223
21225
21227
21229
21231
21233
21235
21237
21239
21241
21243
21245
21247
21249
21250
21252
21254
21256
21258
21260
21262
21264
21266
21268
21270
21272
21274
21276
21278
21280
21282
21284
21286
21288
21290
21292
21294
21296
21298
21300
21302
21304
21306
21308
21310
21312
21314
21316
21318
21320
21322
21324
21326
21328
21330
21332
21334
21336
21338
21340
21342
21344
21346
21348
21350
21352
21354
21355
21358
21360
21362
21364
21366
21368
21369
21372
21374
21375
21378
21380
21381
21384
21386
21387
21390
21392
21394
21395
21398
21400
21401
21404
21406
21407
21410
21412
21413
21416
21418
21419
21422
21424
21426
21427
21430
21432
21433
21436
21438
21439
21442
21444
21445
21448
21450
21452
21454
21456
21458
21460
21462
21464
21466
21468
21470
21472
21474
21476
21477
21480
21482
21484
21486
21488
21490
21492
21494
21496
21498
21500
21502
21504
21506
21508
21510
21512
21514
21516
21518
21520
21522
21524
21526
21528
21530
21532
21534
21536
21538
21540
21542
21544
21546
21548
21550
21552
21554
21556
21558
21560
21562
21564
21566
21568
21570
21572
21574
21576
21578
21580
21582
21584
21586
21588
21590
21592
21594
21596
21598
21600
21601
21603
21605
21607
21609
21611
21613
21615
21617
21619
21621
21623
21625
21627
21629
21631
21633
21635
21637
21639
21641
21643
21645
21647
21649
21650
21652
21654
21656
21658
21660
21662
21664
21666
21668
21670
21672
21674
21676
21678
21680
21682
21684
21686
21688
21690
21692
21694
21696
21698
21700
21702
21704
21706
21708
21710
21712
21714
21716
21718
21720
21722
21724
21726
21727
21730
21732
21734
21736
21738
21740
21742
21744
21746
21748
21750
21752
21754
21756
21758
21760
21762
21764
21766
21768
21770
21772
21774
21776
21778
21780
21782
21784
21786
21788
21790
21792
21794
21796
21798
21800
21802
21804
21806
21808
21810
21812
21814
21816
21818
21820
21822
21824
21826
21828
21830
21832
21834
21836
21838
21840
21842
21844
21846
21848
21850
21852
21854
21855
21858
21860
21862
21864
21866
21868
21869
21872
21874
21875
21878
21880
21881
21884
21886
21887
21890
21892
21894
21895
21898
21900
21901
21904
21906
21907
21910
21912
21913
21916
21918
21919
21922
21924
21926
21927
21930
21932
21933
21936
21938
21939
21942
21944
21945
21948
21950
21952
21954
21956
21958
21960
21962
21964
21966
21968
21970
21972
21974
21976
21977
21980
21982
21984
21986
21988
21990
21992
21994
21996
21998
22000
22001
22003
22005
22007
22009
22011
22013
22015
22017
22019
22021
22023
22025
22026
22028
22030
22032
22034
22036
22038
22040
22042
22044
22046
22048
22050
22051
22053
22055
22057
22059
22061
22063
22065
22067
22069
22071
22073
22075
22076
22078
22080
22082
22084
22086
22088
22090
22092
22094
22096
22098
22100
22101
22103
22105
22107
22109
22111
22113
22115
22117
22119
22121
22123
22125
22127
22129
22131
22133
22135
22137
22139
22141
22143
22145
22147
22149
22150
22152
22154
22156
22158
22160
22162
22164
22166
22168
22170
22172
22174
22176
22178
22180
22182
22184
22186
22188
22190
22192
22194
22196
22198
22200
22201
22203
22205
22207
22209
22211
22213
22215
22217
22219
22221
22223
22225
22227
22229
22231
22233
22235
22237
22239
22241
22243
22245
22247
22249
22250
22252
22254
22256
22258
22260
22262
22264
22266
22268
22270
22272
22274
22276
22278
22280
22282
22284
22286
22288
22290
22292
22294
22296
22298
22300
22301
22303
22305
22307
22309
22311
22313
22315
22317
22319
22321
22323
22325
22326
22328
22330
22332
22334
22336
22338
22340
22342
22344
22346
22348
22350
22351
22353
22355
22357
22359
22361
22363
22365
22367
22369
22371
22373
22375
22376
22378
22380
22382
22384
22386
22388
22390
22392
22394
22396
22398
22400
22401
22403
22405
22407
22409
22411
22413
22415
22417
22419
22421
22423
22425
22427
22429
22431
22433
22435
22437
22439
22441
22443
22445
22447
22449
22450
22452
22454
22456
22458
22460
22462
22464
22466
22468
22470
22472
22474
22476
22478
22480
22482
22484
22486
22488
22490
22492
22494
22496
22498
22500
22501
22503
22505
22507
22509
22511
22513
22515
22517
22519
22521
22523
22525
22527
22529
22531
22533
22535
22537
22539
22541
22543
22545
22547
22549
22550
22552
22554
22556
22558
22560
22562
22564
22566
22568
22570
22572
22574
22576
22578
22580
22582
22584
22586
22588
22590
22592
22594
22596
22598
22600
22601
22603
22605
22607
22609
22611
22613
22615
22617
22619
22621
22623
22625
22626
22628
22630
22632
22634
22636
22638
22640
22642
22644
22646
22648
22650
22651
22653
22655
22657
22659
22661
22663
22665
22667
22669
22671
22673
22675
22676
22678
22680
22682
22684
22686
22688
22690
22692
22694
22696
22698
22700
22701
22703
22705
22707
22709
22711
22713
22715
22717
22719
22721
22723
22725
22727
22729
22731
22733
22735
22737
22739
22741
22743
22745
22747
22749
22750
22752
22754
22756
22758
22760
22762
22764
22766
22768
22770
22772
22774
22776
22778
22780
22782
22784
22786
22788
22790
22792
22794
22796
22798
22800
22801
22803
22805
22807
22809
22811
22813
22815
22817
22819
22821
22823
22825
22827
22829
22831
22833
22835
22837
22839
22841
22843
22845
22847
22849
22850
22852
22854
22856
22858
22860
22862
22864
22866
22868
22870
22872
22874
22876
22878
22880
22882
22884
22886
22888
22890
22892
22894
22896
22898
22900
22901
22903
22905
22907
22909
22911
22913
22915
22917
22919
22921
22923
22925
22927
22929
22931
22933
22935
22937
22939
22941
22943
22945
22947
22949
22950
22952
22954
22956
22958
22960
22962
22964
22966
22968
22970
22972
22974
22976
22978
22980
22982
22984
22986
22988
22990
22992
22994
22996
22998
23000
23001
23003
23005
23007
23009
23011
23013
23015
23017
23019
23021
23023
23025
23026
23028
23030
23032
23034
23036
23038
23040
23042
23044
23046
23048
23050
23051
23053
23055
23057
23059
23061
23063
23065
23067
23069
23071
23073
23075
23076
23078
23080
23082
23084
23086
23088
23090
23092
23094
23096
23098
23100
23101
23103
23105
23107
23109
23111
23113
23115
23117
23119
23121
23123
23125
23127
23129
23131
23133
23135
23137
23139
23141
23143
23145
23147
23149
23150
23152
23154
23156
23158
23160
23162
23164
23166
23168
23170
23172
23174
23176
23178
23180
23182
23184
23186
23188
23190
23192
23194
23196
23198
23200
23201
23203
23205
23207
23209
23211
23213
23215
23217
23219
23221
23223
23225
23226
23228
23230
23232
23234
23236
23238
23240
23242
23244
23246
23248
23250
23251
23253
23255
23257
23259
23261
23263
23265
23267
23269
23271
23273
23275
23276
23278
23280
23282
23284
23286
23288
23290
23292
23294
23296
23298
23300
23301
23303
23305
23307
23309
23311
23313
23315
23317
23319
23321
23323
23325
23327
23329
23331
23333
23335
23337
23339
23341
23343
23345
23347
23349
23350
23352
23354
23356
23358
23360
23362
23364
23366
23368
23370
23372
23374
23376
23378
23380
23382
23384
23386
23388
23390
23392
23394
23396
23398
23400
23401
23403
23405
23407
23409
23411
23413
23415
23417
23419
23421
23423
23425
23427
23429
23431
23433
23435
23437
23439
23441
23443
23445
23447
23449
23450
23452
23454
23456
23458
23460
23462
23464
23466
23468
23470
23472
23474
23476
23478
23480
23482
23484
23486
23488
23490
23492
23494
23496
23498
23500
23501
23503
23505
23507
23509
23511
23513
23515
23517
23519
23521
23523
23525
23526
23528
23530
23532
23534
23536
23538
23540
23542
23544
23546
23548
23550
23551
23553
23555
23557
23559
23561
23563
23565
23567
23569
23571
23573
23575
23576
23578
23580
23582
23584
23586
23588
23590
23592
23594
23596
23598
23600
23601
23603
23605
23607
23609
23611
23613
23615
23617
23619
23621
23623
23625
23627
23629
23631
23633
23635
23637
23639
23641
23643
23645
23647
23649
23650
23652
23654
23656
23658
23660
23662
23664
23666
23668
23670
23672
23674
23676
23678
23680
23682
23684
23686
23688
23690
23692
23694
23696
23698
23700
23701
23703
23705
23707
23709
23711
23713
23715
23717
23719
23721
23723
23725
23727
23729
23731
23733
23735
23737
23739
23741
23743
23745
23747
23749
23750
23752
23754
23756
23758
23760
23762
23764
23766
23768
23770
23772
23774
23776
23778
23780
23782
23784
23786
23788
23790
23792
23794
23796
23798
23800
23801
23803
23805
23807
23809
23811
23813
23815
23817
23819
23821
23823
23825
23826
23828
23830
23832
23834
23836
23838
23840
23842
23844
23846
23848
23850
23851
23853
23855
23857
23859
23861
23863
23865
23867
23869
23871
23873
23875
23876
23878
23880
23882
23884
23886
23888
23890
23892
23894
23896
23898
23900
23901
23903
23905
23907
23909
23911
23913
23915
23917
23919
23921
23923
23925
23927
23929
23931
23933
23935
23937
23939
23941
23943
23945
23947
23949
23950
23952
23954
23956
23958
23960
23962
23964
23966
23968
23970
23972
23974
23976
23978
23980
23982
23984
23986
23988
23990
23992
23994
23996
23998
24000
24001
24003
24005
24007
24009
24011
24013
24015
24017
24019
24021
24023
24025
24027
24029
24031
24033
24035
24037
24039
24041
24043
24045
24047
24049
24050
24052
24054
24056
24058
24060
24062
24064
24066
24068
24070
24072
24074
24076
24078
24080
24082
24084
24086
24088
24090
24092
24094
24096
24098
24100
24101
24103
24105
24107
24109
24111
24113
24115
24117
24119
24121
24123
24125
24127
24129
24131
24133
24135
24137
24139
24141
24143
24145
24147
24149
24150
24152
24154
24156
24158
24160
24162
24164
24166
24168
24170
24172
24174
24176
24178
24180
24182
24184
24186
24188
24190
24192
24194
24196
24198
24200
24201
24203
24205
24207
24209
24211
24213
24215
24217
24219
24221
24223
24225
24227
24229
24231
24233
24235
24237
24239
24241
24243
24245
24247
24249
24250
24252
24254
24256
24258
24260
24262
24264
24266
24268
24270
24272
24274
24276
24278
24280
24282
24284
24286
24288
24290
24292
24294
24296
24298
24300
24301
24303
24305
24307
24309
24311
24313
24315
24317
24319
24321
24323
24325
24327
24329
24331
24333
24335
24337
24339
24341
24343
24345
24347
24349
24350
24352
24354
24356
24358
24360
24362
24364
24366
24368
24370
24372
24374
24376
24378
24380
24382
24384
24386
24388
24390
24392
24394
24396
24398
24400
24401
24403
24405
24407
24409
24411
24413
24415
24417
24419
24421
24423
24425
24427
24429
24431
24433
24435
24437
24439
24441
24443
24445
24447
24449
24450
24452
24454
24456
24458
24460
24462
24464
24466
24468
24470
24472
24474
24476
24478
24480
24482
24484
24486
24488
24490
24492
24494
24496
24498
24500
24501
24503
24505
24507
24509
24511
24513
24515
24517
24519
24521
24523
24525
24527
24529
24531
24533
24535
24537
24539
24541
24543
24545
24547
24549
24550
24552
24554
24556
24558
24560
24562
24564
24566
24568
24570
24572
24574
24576
24578
24580
24582
24584
24586
24588
24590
24592
24594
24596
24598
24600
24602
24604
24606
24608
24610
24612
24614
24616
24618
24620
24622
24624
24626
24628
24630
24632
24634
24636
24638
24640
24642
24644
24646
24648
24650
24652
24654
24656
24658
24660
24662
24664
24666
24668
24670
24672
24674
24676
24678
24680
24682
24684
24686
24688
24690
24692
24694
24695
24698
24700
24701
24703
24705
24707
24709
24711
24713
24715
24717
24719
24721
24723
24725
24727
24729
24731
24733
24735
24737
24739
24741
24743
24745
24747
24749
24750
24752
24754
24756
24758
24760
24762
24764
24766
24768
24770
24772
24774
24776
24778
24780
24782
24784
24786
24788
24790
24792
24794
24796
24798
24800
24801
24803
24805
24807
24809
24811
24813
24815
24817
24819
24821
24823
24825
24827
24829
24831
24833
24835
24837
24839
24841
24843
24845
24847
24849
24850
24852
24854
24856
24858
24860
24862
24864
24866
24868
24870
24872
24874
24876
24878
24880
24882
24884
24886
24888
24890
24892
24894
24896
24898
24900
24901
24903
24905
24907
24909
24911
24913
24915
24917
24919
24921
24923
24925
24927
24929
24931
24933
24935
24937
24939
24941
24943
24945
24947
24949
24950
24952
24954
24956
24958
24960
24962
24964
24966
24968
24970
24972
24974
24976
24978
24980
24982
24984
24986
24988
24990
24992
24994
24996
24998
25000
25001
25003
25005
25007
25009
25011
25013
25015
25017
25019
25021
25023
25025
25027
25029
25031
25033
25035
25037
25039
25041
25043
25045
25047
25049
25050
25052
25054
25056
25058
25060
25062
25064
25066
25068
25070
25072
25074
25076
25078
25080
25082
25084
25086
25088
25090
25092
25094
25096
25098
25100
25101
25103
25105
25107
25109
25111
25113
25115
25117
25119
25121
25123
25125
25127
25129
25131
25133
25135
25137
25139
25141
25143
25145
25147
25149
25150
25152
25154
25156
25158
25160
25162
25164
25166
25168
25170
25172
25174
25176
25178
25180
25182
25184
25186
25188
25190
25192
25194
25196
25198
25200
25202
25204
25206
25208
25210
25212
25214
25216
25218
25220
25222
25224
25226
25227
25230
25232
25234
25236
25238
25240
25242
25244
25246
25248
25250
25252
25254
25256
25258
25260
25262
25264
25266
25268
25270
25272
25274
25276
25278
25280
25282
25284
25286
25288
25290
25292
25294
25296
25298
25300
25301
25303
25305
25307
25309
25311
25313
25315
25317
25319
25321
25323
25325
25327
25329
25331
25333
25335
25337
25339
25341
25343
25345
25347
25349
25350
25352
25354
25356
25358
25360
25362
25364
25366
25368
25370
25372
25374
25376
25378
25380
25382
25384
25386
25388
25390
25392
25394
25396
25398
25400
25401
25403
25405
25407
25409
25411
25413
25415
25417
25419
25421
25423
25425
25427
25429
25431
25433
25435
25437
25439
25441
25443
25445
25447
25449
25450
25452
25454
25456
25458
25460
25462
25464
25466
25468
25470
25472
25474
25476
25478
25480
25482
25484
25486
25488
25490
25492
25494
25496
25498
25500
25502
25504
25506
25508
25510
25512
25514
25516
25518
25520
25522
25524
25526
25528
25530
25532
25534
25536
25538
25540
25542
25544
25546
25548
25550
25552
25554
25556
25558
25560
25562
25564
25566
25568
25570
25572
25574
25576
25578
25580
25582
25584
25586
25588
25590
25592
25594
25596
25598
25600
25601
25603
25605
25607
25609
25611
25613
25615
25617
25619
25621
25623
25625
25627
25629
25631
25633
25635
25637
25639
25641
25643
25645
25647
25649
25650
25652
25654
25656
25658
25660
25662
25664
25666
25668
25670
25672
25674
25676
25678
25680
25682
25684
25686
25688
25690
25692
25694
25696
25698
25700
25701
25703
25705
25707
25709
25711
25713
25715
25717
25719
25721
25723
25725
25727
25729
25731
25733
25735
25737
25739
25741
25743
25745
25747
25749
25750
25752
25754
25756
25758
25760
25762
25764
25766
25768
25770
25772
25774
25776
25778
25780
25782
25784
25786
25788
25790
25792
25794
25796
25798
25800
25802
25804
25806
25808
25810
25812
25814
25816
25818
25820
25822
25824
25826
25828
25830
25832
25834
25836
25838
25840
25842
25844
25846
25848
25850
25852
25854
25855
25858
25860
25862
25864
25866
25868
25869
25872
25874
25875
25878
25880
25881
25884
25886
25887
25890
25892
25894
25895
25898
25900
25901
25903
25905
25907
25909
25911
25913
25915
25917
25919
25921
25923
25925
25927
25929
25931
25933
25935
25937
25939
25941
25943
25945
25947
25949
25950
25952
25954
25956
25958
25960
25962
25964
25966
25968
25970
25972
25974
25976
25978
25980
25982
25984
25986
25988
25990
25992
25994
25996
25998
26000
26001
26003
26005
26007
26009
26011
26013
26015
26017
26019
26021
26023
26025
26026
26028
26030
26032
26034
26036
26038
26040
26042
26044
26046
26048
26050
26051
26053
26055
26057
26059
26061
26063
26065
26067
26069
26071
26073
26075
26076
26078
26080
26082
26084
26086
26088
26090
26092
26094
26096
26098
26100
26101
26103
26105
26107
26109
26111
26113
26115
26117
26119
26121
26123
26125
26126
26128
26130
26132
26134
26136
26138
26140
26142
26144
26146
26148
26150
26151
26153
26155
26157
26159
26161
26163
26165
26167
26169
26171
26173
26175
26176
26178
26180
26182
26184
26186
26188
26190
26192
26194
26196
26198
26200
26201
26203
26205
26207
26209
26211
26213
26215
26217
26219
26221
26223
26225
26227
26229
26231
26233
26235
26237
26239
26241
26243
26245
26247
26249
26250
26252
26254
26256
26258
26260
26262
26264
26266
26268
26270
26272
26274
26276
26278
26280
26282
26284
26286
26288
26290
26292
26294
26296
26298
26300
26301
26303
26305
26307
26309
26311
26313
26315
26317
26319
26321
26323
26325
26326
26328
26330
26332
26334
26336
26338
26340
26342
26344
26346
26348
26350
26351
26353
26355
26357
26359
26361
26363
26365
26367
26369
26371
26373
26375
26376
26378
26380
26382
26384
26386
26388
26390
26392
26394
26396
26398
26400
26401
26403
26405
26407
26409
26411
26413
26415
26417
26419
26421
26423
26424
26426
26428
26430
26432
26434
26436
26438
26440
26442
26444
26446
26448
26450
26451
26453
26455
26457
26459
26461
26463
26465
26467
26469
26471
26473
26475
26476
26478
26480
26482
26484
26486
26488
26490
26492
26494
26496
26498
26500
26501
26503
26505
26507
26509
26511
26513
26515
26517
26519
26521
26523
26525
26526
26528
26530
26532
26534
26536
26538
26540
26542
26544
26546
26548
26550
26551
26553
26555
26557
26559
26561
26563
26565
26567
26569
26571
26573
26575
26576
26578
26580
26582
26584
26586
26588
26590
26592
26594
26596
26598
26600
26601
26603
26605
26607
26609
26611
26613
26615
26617
26619
26621
26623
26625
26626
26628
26630
26632
26634
26636
26638
26640
26642
26644
26646
26648
26650
26651
26653
26655
26657
26659
26661
26663
26665
26667
26669
26671
26673
26675
26676
26678
26680
26682
26684
26686
26688
26690
26692
26694
26696
26698
26700
26701
26703
26705
26707
26709
26711
26713
26715
26717
26719
26721
26723
26725
26727
26729
26731
26733
26735
26737
26739
26741
26743
26745
26747
26749
26750
26752
26754
26756
26758
26760
26762
26764
26766
26768
26770
26772
26774
26776
26778
26780
26782
26784
26786
26788
26790
26792
26794
26796
26798
26800
26801
26803
26805
26807
26809
26811
26813
26815
26817
26819
26821
26823
26825
26826
26828
26830
26832
26834
26836
26838
26840
26842
26844
26846
26848
26850
26851
26853
26855
26857
26859
26861
26863
26865
26867
26869
26871
26873
26875
26876
26878
26880
26882
26884
26886
26888
26890
26892
26894
26896
26898
26900
26901
26903
26905
26907
26909
26911
26913
26915
26917
26919
26921
26923
26924
26926
26928
26930
26932
26934
26936
26938
26940
26942
26944
26946
26948
26950
26951
26953
26955
26957
26959
26961
26963
26965
26967
26969
26971
26973
26975
26976
26978
26980
26982
26984
26986
26988
26990
26992
26994
26996
26998
27000
27002
27004
27006
27008
27010
27013
27015
27017
27019
27021
27023
27026
27028
27030
27032
27034
27036
27039
27041
27043
27045
27047
27050
27052
27054
27056
27058
27060
27063
27065
27067
27069
27071
27073
27076
27078
27080
27082
27084
27086
27089
27091
27093
27095
27097
27100
27102
27104
27106
27108
27110
27113
27115
27117
27119
27121
27123
27126
27128
27130
27132
27134
27136
27139
27141
27143
27145
27147
27150
27152
27154
27156
27158
27160
27163
27165
27167
27169
27171
27173
27176
27178
27180
27182
27184
27186
27189
27191
27193
27195
27197
27200
27202
27204
27206
27208
27210
27213
27215
27217
27219
27221
27223
27226
27228
27230
27232
27234
27236
27239
27241
27243
27245
27247
27250
27252
27254
27256
27258
27260
27263
27265
27267
27269
27271
27273
27276
27278
27280
27282
27284
27286
27289
27291
27293
27295
27297
27300
27302
27304
27306
27308
27311
27313
27315
27317
27320
27322
27324
27326
27328
27331
27333
27335
27337
27340
27342
27344
27346
27348
27351
27353
27355
27357
27360
27362
27364
27366
27368
27371
27373
27375
27377
27380
27382
27384
27386
27388
27391
27393
27395
27397
27400
27402
27404
27406
27408
27410
27413
27415
27417
27419
27421
27423
27426
27428
27430
27432
27434
27436
27439
27441
27443
27445
27447
27450
27452
27454
27456
27458
27460
27463
27465
27467
27469
27471
27473
27476
27478
27480
27482
27484
27486
27489
27491
27493
27495
27497
27500
27502
27504
27506
27508
27510
27513
27515
27517
27519
27521
27523
27526
27528
27530
27532
27534
27536
27539
27541
27543
27545
27547
27550
27552
27554
27556
27558
27560
27563
27565
27567
27569
27571
27573
27576
27578
27580
27582
27584
27586
27589
27591
27593
27595
27597
27600
27602
27604
27606
27608
27610
27613
27615
27617
27619
27621
27623
27626
27628
27630
27632
27634
27636
27639
27641
27643
27645
27647
27650
27652
27654
27656
27658
27660
27663
27665
27667
27669
27671
27673
27676
27678
27680
27682
27684
27686
27689
27691
27693
27695
27697
27700
27702
27704
27706
27708
27710
27713
27715
27717
27719
27721
27723
27726
27728
27730
27732
27734
27736
27739
27741
27743
27745
27747
27750
27752
27754
27756
27758
27760
27763
27765
27767
27769
27771
27773
27776
27778
27780
27782
27784
27786
27789
27791
27793
27795
27797
27800
27802
27804
27806
27808
27810
27813
27815
27817
27819
27821
27823
27826
27828
27830
27832
27834
27836
27839
27841
27843
27845
27847
27850
27852
27854
27856
27858
27860
27863
27865
27867
27869
27871
27873
27876
27878
27880
27882
27884
27886
27889
27891
27893
27895
27897
27900
27902
27904
27906
27908
27911
27913
27915
27917
27919
27922
27924
27926
27928
27931
27933
27935
27937
27939
27942
27944
27946
27948
27951
27953
27955
27957
27960
27962
27964
27966
27968
27971
27973
27975
27977
27980
27982
27984
27986
27988
27991
27993
27995
27997
28000
28001
28003
28005
28007
28009
28011
28013
28015
28017
28019
28021
28023
28025
28027
28029
28031
28033
28035
28037
28039
28041
28043
28045
28047
28049
28050
28052
28054
28056
28058
28060
28062
28064
28066
28068
28070
28072
28074
28076
28078
28080
28082
28084
28086
28088
28090
28092
28094
28096
28098
28100
28101
28103
28105
28107
28109
28111
28113
28115
28117
28119
28121
28123
28125
28127
28129
28131
28133
28135
28137
28139
28141
28143
28145
28147
28149
28150
28152
28154
28156
28158
28160
28162
28164
28166
28168
28170
28172
28174
28176
28178
28180
28182
28184
28186
28188
28190
28192
28194
28196
28198
28200
28201
28203
28205
28207
28209
28211
28213
28215
28217
28219
28221
28223
28225
28227
28229
28231
28233
28235
28237
28239
28241
28243
28245
28247
28249
28250
28252
28254
28256
28258
28260
28262
28264
28266
28268
28270
28272
28274
28276
28278
28280
28282
28284
28286
28288
28290
28292
28294
28296
28298
28300
28302
28304
28306
28308
28310
28312
28314
28316
28318
28320
28322
28324
28326
28328
28330
28332
28334
28336
28338
28340
28342
28344
28346
28348
28350
28352
28354
28355
28358
28360
28362
28364
28366
28368
28369
28372
28374
28375
28378
28380
28381
28384
28386
28387
28390
28392
28394
28395
28398
28400
28401
28403
28405
28407
28409
28411
28413
28415
28417
28419
28421
28423
28425
28427
28429
28431
28433
28435
28437
28439
28441
28443
28445
28447
28449
28450
28452
28454
28456
28458
28460
28462
28464
28466
28468
28470
28472
28474
28476
28478
28480
28482
28484
28486
28488
28490
28492
28494
28496
28498
28500
28501
28503
28505
28507
28509
28511
28513
28515
28517
28519
28521
28523
28525
28527
28529
28531
28533
28535
28537
28539
28541
28543
28545
28547
28549
28550
28552
28554
28556
28558
28560
28562
28564
28566
28568
28570
28572
28574
28576
28578
28580
28582
28584
28586
28588
28590
28592
28594
28596
28598
28600
28602
28604
28606
28608
28610
28612
28614
28616
28618
28620
28622
28624
28626
28628
28630
28632
28634
28636
28638
28640
28642
28644
28646
28648
28650
28652
28654
28656
28658
28660
28662
28664
28666
28668
28670
28672
28674
28676
28678
28680
28682
28684
28686
28688
28690
28692
28694
28695
28698
28700
28701
28703
28705
28707
28709
28711
28713
28715
28717
28719
28721
28723
28725
28727
28729
28731
28733
28735
28737
28739
28741
28743
28745
28747
28749
28750
28752
28754
28756
28758
28760
28762
28764
28766
28768
28770
28772
28774
28776
28778
28780
28782
28784
28786
28788
28790
28792
28794
28796
28798
28800
28801
28803
28805
28807
28809
28811
28813
28815
28817
28819
28821
28823
28825
28827
28829
28831
28833
28835
28837
28839
28841
28843
28845
28847
28849
28850
28852
28854
28856
28858
28860
28862
28864
28866
28868
28870
28872
28874
28876
28878
28880
28882
28884
28886
28888
28890
28892
28894
28896
28898
28900
28901
28903
28905
28907
28909
28911
28913
28915
28917
28919
28921
28923
28925
28927
28929
28931
28933
28935
28937
28939
28941
28943
28945
28947
28949
28950
28952
28954
28956
28958
28960
28962
28964
28966
28968
28970
28972
28974
28976
28978
28980
28982
28984
28986
28988
28990
28992
28994
28996
28998
29000
29001
29003
29005
29007
29009
29011
29013
29015
29017
29019
29021
29023
29025
29027
29029
29031
29033
29035
29037
29039
29041
29043
29045
29047
29049
29050
29052
29054
29056
29058
29060
29062
29064
29066
29068
29070
29072
29074
29076
29078
29080
29082
29084
29086
29088
29090
29092
29094
29096
29098
29100
29101
29103
29105
29107
29109
29111
29113
29115
29117
29119
29121
29123
29125
29127
29129
29131
29133
29135
29137
29139
29141
29143
29145
29147
29149
29150
29152
29154
29156
29158
29160
29162
29164
29166
29168
29170
29172
29174
29176
29178
29180
29182
29184
29186
29188
29190
29192
29194
29196
29198
29200
29201
29203
29205
29207
29209
29211
29213
29215
29217
29219
29221
29223
29225
29227
29229
29231
29233
29235
29237
29239
29241
29243
29245
29247
29249
29250
29252
29254
29256
29258
29260
29262
29264
29266
29268
29270
29272
29274
29276
29278
29280
29282
29284
29286
29288
29290
29292
29294
29296
29298
29300
29301
29303
29305
29307
29309
29311
29313
29315
29317
29319
29321
29323
29325
29327
29329
29331
29333
29335
29337
29339
29341
29343
29345
29347
29349
29350
29352
29354
29356
29358
29360
29362
29364
29366
29368
29370
29372
29374
29376
29378
29380
29382
29384
29386
29388
29390
29392
29394
29396
29398
29400
29401
29403
29405
29407
29409
29411
29413
29415
29417
29419
29421
29423
29425
29427
29429
29431
29433
29435
29437
29439
29441
29443
29445
29447
29449
29450
29452
29454
29456
29458
29460
29462
29464
29466
29468
29470
29472
29474
29476
29478
29480
29482
29484
29486
29488
29490
29492
29494
29496
29498
29500
29501
29503
29505
29507
29509
29511
29513
29515
29517
29519
29521
29523
29525
29527
29529
29531
29533
29535
29537
29539
29541
29543
29545
29547
29549
29550
29552
29554
29556
29558
29560
29562
29564
29566
29568
29570
29572
29574
29576
29578
29580
29582
29584
29586
29588
29590
29592
29594
29596
29598
29600
29601
29603
29605
29607
29609
29611
29613
29615
29617
29619
29621
29623
29625
29627
29629
29631
29633
29635
29637
29639
29641
29643
29645
29647
29649
29650
29652
29654
29656
29658
29660
29662
29664
29666
29668
29670
29672
29674
29676
29678
29680
29682
29684
29686
29688
29690
29692
29694
29696
29698
29700
29701
29703
29705
29707
29709
29711
29713
29715
29717
29719
29721
29723
29725
29727
29729
29731
29733
29735
29737
29739
29741
29743
29745
29747
29749
29750
29752
29754
29756
29758
29760
29762
29764
29766
29768
29770
29772
29774
29776
29778
29780
29782
29784
29786
29788
29790
29792
29794
29796
29798
29800
29801
29803
29805
29807
29809
29811
29813
29815
29817
29819
29821
29823
29825
29826
29828
29830
29832
29834
29836
29838
29840
29842
29844
29846
29848
29850
29851
29853
29855
29857
29859
29861
29863
29865
29867
29869
29871
29873
29875
29876
29878
29880
29882
29884
29886
29888
29890
29892
29894
29896
29898
29900
29901
29903
29905
29907
29909
29911
29913
29915
29917
29919
29921
29923
29925
29927
29929
29931
29933
29935
29937
29939
29941
29943
29945
29947
29949
29950
29952
29954
29956
29958
29960
29962
29964
29966
29968
29970
29972
29974
29976
29978
29980
29982
29984
29986
29988
29990
29992
29994
29996
29998
30000
