0.11 58296.00
0.22 55520.00
0.33 56908.00
0.43 44416.00
0.54 43028.00
0.64 30536.00
0.75 26372.00
0.87 33312.00
0.99 34700.00
1.10 29148.00
1.20 26372.00
1.32 29148.00
1.42 30536.00
1.53 27760.00
1.63 27760.00
1.75 24984.00
1.86 55520.00
1.97 43028.00
2.08 38864.00
2.18 37476.00
2.29 62460.00
2.39 40252.00
2.51 52744.00
2.61 41640.00
2.72 59684.00
2.83 63848.00
2.94 56908.00
3.05 61072.00
3.15 45804.00
3.26 62460.00
3.36 52744.00
3.47 58296.00
3.58 56908.00
3.68 56908.00
3.79 48580.00
3.89 47192.00
4.00 56908.00
4.11 55520.00
4.22 55520.00
4.33 58296.00
4.43 49968.00
4.54 51356.00
4.65 43028.00
4.77 58296.00
4.87 56908.00
4.98 40252.00
5.09 47192.00
5.19 38864.00
5.30 58296.00
5.40 41640.00
5.51 45804.00
5.61 36088.00
5.72 47192.00
5.83 43028.00
5.93 41640.00
6.04 48580.00
6.14 40252.00
6.25 51356.00
6.36 56908.00
6.47 61072.00
6.58 52744.00
6.68 40252.00
6.79 45804.00
6.89 37476.00
7.00 56908.00
7.11 54132.00
7.22 52744.00
7.33 44416.00
7.44 40252.00
7.55 59684.00
7.65 51356.00
7.76 49968.00
7.86 48580.00
7.97 43028.00
8.08 51356.00
8.18 47192.00
8.29 55520.00
8.39 47192.00
8.50 58296.00
8.61 49968.00
8.72 45804.00
8.83 55520.00
8.93 54132.00
9.04 47192.00
9.14 52744.00
9.25 59684.00
9.36 56908.00
9.47 55520.00
9.58 47192.00
9.68 43028.00
9.79 55520.00
9.90 52744.00
10.02 56908.00
10.12 47192.00
10.23 59684.00
10.34 49968.00
10.44 45804.00
10.55 49968.00
10.65 44416.00
10.76 56908.00
10.86 49968.00
10.97 49968.00
11.08 45804.00
11.18 49968.00
11.29 51356.00
11.39 49968.00
11.50 45804.00
11.61 47192.00
11.72 54132.00
11.83 54132.00
11.93 44416.00
12.04 51356.00
12.14 47192.00
12.25 54132.00
12.36 55520.00
12.47 49968.00
12.58 49968.00
12.68 43028.00
12.79 61072.00
12.89 52744.00
13.00 52744.00
13.11 52744.00
13.22 52744.00
13.33 56908.00
13.43 48580.00
13.54 59684.00
13.65 47192.00
13.76 56908.00
13.86 52744.00
13.97 59684.00
14.08 40252.00
14.18 48580.00
14.29 52744.00
14.39 36088.00
14.50 54132.00
14.61 48580.00
14.72 44416.00
14.83 56908.00
14.93 48580.00
15.04 55520.00
15.14 48580.00
15.25 51356.00
15.36 54132.00
15.47 58296.00
15.58 58296.00
15.68 47192.00
15.79 54132.00
15.89 45804.00
16.00 54132.00
16.11 58296.00
16.22 61072.00
16.33 59684.00
16.43 54132.00
16.54 65236.00
16.64 52744.00
16.75 68012.00
16.86 58296.00
16.97 56908.00
17.08 52744.00
17.18 47192.00
17.30 31924.00
17.40 30536.00
17.51 40252.00
17.61 33312.00
17.72 31924.00
17.83 33312.00
17.93 24984.00
18.04 24984.00
18.14 19432.00
18.25 23596.00
18.36 26372.00
18.47 24984.00
18.58 23596.00
18.68 24984.00
18.79 26372.00
18.89 27760.00
19.00 29148.00
19.11 26372.00
19.22 27760.00
19.33 23596.00
19.43 24984.00
19.54 27760.00
19.64 27760.00
19.75 24984.00
19.86 24984.00
19.97 31924.00
20.08 27760.00
20.18 27760.00
20.29 24984.00
20.39 29148.00
20.50 33312.00
20.61 30536.00
20.72 31924.00
20.83 26372.00
20.93 22208.00
21.04 34700.00
21.14 26372.00
21.25 18044.00
21.36 27760.00
21.48 56908.00
21.59 33312.00
21.69 34700.00
21.80 37476.00
21.90 27760.00
22.01 29148.00
22.11 23596.00
22.22 26372.00
22.33 30536.00
22.43 23596.00
22.54 36088.00
22.64 23596.00
22.75 23596.00
22.86 27760.00
22.97 22208.00
23.09 27760.00
23.19 22208.00
23.30 23596.00
23.40 20820.00
23.51 26372.00
23.61 23596.00
23.73 31924.00
23.84 29148.00
23.94 29148.00
24.05 23596.00
24.15 24984.00
24.26 29148.00
24.36 29148.00
24.47 26372.00
24.58 24984.00
24.68 30536.00
24.79 26372.00
24.89 27760.00
25.00 20820.00
25.12 27760.00
25.23 30536.00
25.34 33312.00
25.44 24984.00
25.55 27760.00
25.65 31924.00
25.76 26372.00
25.86 27760.00
25.97 26372.00
26.08 31924.00
26.18 24984.00
26.29 31924.00
26.39 24984.00
26.50 27760.00
26.61 31924.00
26.73 29148.00
26.84 26372.00
26.94 26372.00
27.05 20820.00
27.15 26372.00
27.26 29148.00
27.36 20820.00
27.47 27760.00
27.58 30536.00
27.68 27760.00
27.79 24984.00
27.89 29148.00
28.00 31924.00
28.11 27760.00
28.23 26372.00
28.34 26372.00
28.44 24984.00
28.55 26372.00
28.65 26372.00
28.76 24984.00
28.86 24984.00
28.97 38864.00
29.08 30536.00
29.18 22208.00
29.29 26372.00
29.40 26372.00
29.51 33312.00
29.61 22208.00
29.72 24984.00
29.84 24984.00
29.94 24984.00
