0.20 86835.20
0.30 86835.20
0.40 86835.20
0.50 86835.20
0.60 86835.20
0.70 86835.20
0.80 86835.20
0.90 86835.20
1.00 86835.20
1.10 64307.20
1.20 64307.20
1.30 64307.20
1.40 64307.20
1.50 64307.20
1.60 64307.20
1.70 64307.20
1.80 64307.20
1.90 64307.20
2.00 64307.20
2.10 58982.40
2.20 58982.40
2.30 58982.40
2.40 58982.40
2.50 58982.40
2.60 58982.40
2.70 58982.40
2.80 58982.40
2.90 58982.40
3.00 58982.40
3.10 62259.20
3.20 62259.20
3.30 62259.20
3.40 62259.20
3.50 62259.20
3.60 62259.20
3.70 62259.20
3.80 62259.20
3.90 62259.20
4.00 62259.20
4.10 20582.40
4.20 20582.40
4.30 20582.40
4.40 20582.40
4.50 20582.40
4.60 20582.40
4.70 20582.40
4.80 20582.40
4.90 20582.40
5.00 20582.40
5.10 104857.60
5.20 104857.60
5.30 104857.60
5.40 104857.60
5.50 104857.60
5.60 104857.60
5.70 104857.60
5.80 104857.60
5.90 104857.60
6.00 104857.60
6.10 67379.20
6.20 67379.20
6.30 67379.20
6.40 67379.20
6.50 67379.20
6.60 67379.20
6.70 67379.20
6.80 67379.20
6.90 67379.20
7.00 67379.20
7.10 65433.60
7.20 65433.60
7.30 65433.60
7.40 65433.60
7.50 65433.60
7.60 65433.60
7.70 65433.60
7.80 65433.60
7.90 65433.60
8.00 65433.60
8.10 65433.60
8.20 65433.60
8.30 65433.60
8.40 65433.60
8.50 65433.60
8.60 65433.60
8.70 65433.60
8.80 65433.60
8.90 65433.60
9.00 65433.60
9.10 63283.20
9.20 63283.20
9.30 63283.20
9.40 63283.20
9.50 63283.20
9.60 63283.20
9.70 63283.20
9.80 63283.20
9.90 63283.20
10.00 63283.20
10.10 60928.00
10.20 60928.00
10.30 60928.00
10.40 60928.00
10.50 60928.00
10.60 60928.00
10.70 60928.00
10.80 60928.00
10.90 60928.00
11.00 60928.00
11.10 58675.20
11.20 58675.20
11.30 58675.20
11.40 58675.20
11.50 58675.20
11.60 58675.20
11.70 58675.20
11.80 58675.20
11.90 58675.20
12.00 58675.20
12.10 54784.00
12.20 54784.00
12.30 54784.00
12.40 54784.00
12.50 54784.00
12.60 54784.00
12.70 54784.00
12.80 54784.00
12.90 54784.00
13.00 54784.00
13.10 63488.00
13.20 63488.00
13.30 63488.00
13.40 63488.00
13.50 63488.00
13.60 63488.00
13.70 63488.00
13.80 63488.00
13.90 63488.00
14.00 63488.00
14.10 57036.80
14.20 57036.80
14.30 57036.80
14.40 57036.80
14.50 57036.80
14.60 57036.80
14.70 57036.80
14.80 57036.80
14.90 57036.80
15.00 57036.80
15.10 72908.80
15.20 72908.80
15.30 72908.80
15.40 72908.80
15.50 72908.80
15.60 72908.80
15.70 72908.80
15.80 72908.80
15.90 72908.80
16.00 72908.80
16.10 66867.20
16.20 66867.20
16.30 66867.20
16.40 66867.20
16.50 66867.20
16.60 66867.20
16.70 66867.20
16.80 66867.20
16.90 66867.20
17.00 66867.20
17.10 68505.60
17.20 68505.60
17.30 68505.60
17.40 68505.60
17.50 68505.60
17.60 68505.60
17.70 68505.60
17.80 68505.60
17.90 68505.60
18.00 68505.60
18.10 61849.60
18.20 61849.60
18.30 61849.60
18.40 61849.60
18.50 61849.60
18.60 61849.60
18.70 61849.60
18.80 61849.60
18.90 61849.60
19.00 61849.60
19.10 51200.00
19.20 51200.00
19.30 51200.00
19.40 51200.00
19.50 51200.00
19.60 51200.00
19.70 51200.00
19.80 51200.00
19.90 51200.00
20.00 51200.00
20.10 64614.40
20.20 64614.40
20.30 64614.40
20.40 64614.40
20.50 64614.40
20.60 64614.40
20.70 64614.40
20.80 64614.40
20.90 64614.40
21.00 64614.40
21.10 70144.00
21.20 70144.00
21.30 70144.00
21.40 70144.00
21.50 70144.00
21.60 70144.00
21.70 70144.00
21.80 70144.00
21.90 70144.00
22.00 70144.00
22.10 71577.60
22.20 71577.60
22.30 71577.60
22.40 71577.60
22.50 71577.60
22.60 71577.60
22.70 71577.60
22.80 71577.60
22.90 71577.60
23.00 71577.60
23.10 73625.60
23.20 73625.60
23.30 73625.60
23.40 73625.60
23.50 73625.60
23.60 73625.60
23.70 73625.60
23.80 73625.60
23.90 73625.60
24.00 73625.60
24.10 70348.80
24.20 70348.80
24.30 70348.80
24.40 70348.80
24.50 70348.80
24.60 70348.80
24.70 70348.80
24.80 70348.80
24.90 70348.80
25.00 70348.80
25.10 73523.20
25.20 73523.20
25.30 73523.20
25.40 73523.20
25.50 73523.20
25.60 73523.20
25.70 73523.20
25.80 73523.20
25.90 73523.20
26.00 73523.20
26.10 71168.00
26.20 71168.00
26.30 71168.00
26.40 71168.00
26.50 71168.00
26.60 71168.00
26.70 71168.00
26.80 71168.00
26.90 71168.00
27.00 71168.00
27.10 73113.60
27.20 73113.60
27.30 73113.60
27.40 73113.60
27.50 73113.60
27.60 73113.60
27.70 73113.60
27.80 73113.60
27.90 73113.60
28.00 73113.60
28.10 71987.20
28.20 71987.20
28.30 71987.20
28.40 71987.20
28.50 71987.20
28.60 71987.20
28.70 71987.20
28.80 71987.20
28.90 71987.20
29.00 71987.20
29.10 26624.00
29.20 26624.00
29.30 26624.00
29.40 26624.00
29.50 26624.00
29.60 26624.00
29.70 26624.00
29.80 26624.00
29.90 26624.00
30.00 26624.00
