0.10 56115.20
0.20 56115.20
0.30 56115.20
0.40 56115.20
0.50 56115.20
0.60 56115.20
0.70 56115.20
0.80 56115.20
0.90 56115.20
1.00 56115.20
1.10 14336.00
1.20 14336.00
1.30 14336.00
1.40 14336.00
1.50 14336.00
1.60 14336.00
1.70 14336.00
1.80 14336.00
1.90 14336.00
2.00 14336.00
2.10 101683.20
2.20 101683.20
2.30 101683.20
2.40 101683.20
2.50 101683.20
2.60 101683.20
2.70 101683.20
2.80 101683.20
2.90 101683.20
3.00 101683.20
3.10 59904.00
3.20 59904.00
3.30 59904.00
3.40 59904.00
3.50 59904.00
3.60 59904.00
3.70 59904.00
3.80 59904.00
3.90 59904.00
4.00 59904.00
4.10 17817.60
4.20 17817.60
4.30 17817.60
4.40 17817.60
4.50 17817.60
4.60 17817.60
4.70 17817.60
4.80 17817.60
4.90 17817.60
5.00 17817.60
5.10 102502.40
5.20 102502.40
5.30 102502.40
5.40 102502.40
5.50 102502.40
5.60 102502.40
5.70 102502.40
5.80 102502.40
5.90 102502.40
6.00 102502.40
6.10 62361.60
6.20 62361.60
6.30 62361.60
6.40 62361.60
6.50 62361.60
6.60 62361.60
6.70 62361.60
6.80 62361.60
6.90 62361.60
7.00 62361.60
7.10 61132.80
7.20 61132.80
7.30 61132.80
7.40 61132.80
7.50 61132.80
7.60 61132.80
7.70 61132.80
7.80 61132.80
7.90 61132.80
8.00 61132.80
8.10 61747.20
8.20 61747.20
8.30 61747.20
8.40 61747.20
8.50 61747.20
8.60 61747.20
8.70 61747.20
8.80 61747.20
8.90 61747.20
9.00 61747.20
9.10 61030.40
9.20 61030.40
9.30 61030.40
9.40 61030.40
9.50 61030.40
9.60 61030.40
9.70 61030.40
9.80 61030.40
9.90 61030.40
10.00 61030.40
10.10 61132.80
10.20 61132.80
10.30 61132.80
10.40 61132.80
10.50 61132.80
10.60 61132.80
10.70 61132.80
10.80 61132.80
10.90 61132.80
11.00 61132.80
11.10 59392.00
11.20 59392.00
11.30 59392.00
11.40 59392.00
11.50 59392.00
11.60 59392.00
11.70 59392.00
11.80 59392.00
11.90 59392.00
12.00 59392.00
12.10 56832.00
12.20 56832.00
12.30 56832.00
12.40 56832.00
12.50 56832.00
12.60 56832.00
12.70 56832.00
12.80 56832.00
12.90 56832.00
13.00 56832.00
13.10 56627.20
13.20 56627.20
13.30 56627.20
13.40 56627.20
13.50 56627.20
13.60 56627.20
13.70 56627.20
13.80 56627.20
13.90 56627.20
14.00 56627.20
14.10 60928.00
14.20 60928.00
14.30 60928.00
14.40 60928.00
14.50 60928.00
14.60 60928.00
14.70 60928.00
14.80 60928.00
14.90 60928.00
15.00 60928.00
15.10 59187.20
15.20 59187.20
15.30 59187.20
15.40 59187.20
15.50 59187.20
15.60 59187.20
15.70 59187.20
15.80 59187.20
15.90 59187.20
16.00 59187.20
16.10 59801.60
16.20 59801.60
16.30 59801.60
16.40 59801.60
16.50 59801.60
16.60 59801.60
16.70 59801.60
16.80 59801.60
16.90 59801.60
17.00 59801.60
17.10 63488.00
17.20 63488.00
17.30 63488.00
17.40 63488.00
17.50 63488.00
17.60 63488.00
17.70 63488.00
17.80 63488.00
17.90 63488.00
18.00 63488.00
18.10 61132.80
18.20 61132.80
18.30 61132.80
18.40 61132.80
18.50 61132.80
18.60 61132.80
18.70 61132.80
18.80 61132.80
18.90 61132.80
19.00 61132.80
19.10 45875.20
19.20 45875.20
19.30 45875.20
19.40 45875.20
19.50 45875.20
19.60 45875.20
19.70 45875.20
19.80 45875.20
19.90 45875.20
20.00 45875.20
20.10 31641.60
20.20 31641.60
20.30 31641.60
20.40 31641.60
20.50 31641.60
20.60 31641.60
20.70 31641.60
20.80 31641.60
20.90 31641.60
21.00 31641.60
21.10 68403.20
21.20 68403.20
21.30 68403.20
21.40 68403.20
21.50 68403.20
21.60 68403.20
21.70 68403.20
21.80 68403.20
21.90 68403.20
22.00 68403.20
22.10 63897.60
22.20 63897.60
22.30 63897.60
22.40 63897.60
22.50 63897.60
22.60 63897.60
22.70 63897.60
22.80 63897.60
22.90 63897.60
23.00 63897.60
23.10 62668.80
23.20 62668.80
23.30 62668.80
23.40 62668.80
23.50 62668.80
23.60 62668.80
23.70 62668.80
23.80 62668.80
23.90 62668.80
24.00 62668.80
24.10 61337.60
24.20 61337.60
24.30 61337.60
24.40 61337.60
24.50 61337.60
24.60 61337.60
24.70 61337.60
24.80 61337.60
24.90 61337.60
25.00 61337.60
25.10 60928.00
25.20 60928.00
25.30 60928.00
25.40 60928.00
25.50 60928.00
25.60 60928.00
25.70 60928.00
25.80 60928.00
25.90 60928.00
26.00 60928.00
26.10 24473.60
26.20 24473.60
26.30 24473.60
26.40 24473.60
26.50 24473.60
26.60 24473.60
26.70 24473.60
26.80 24473.60
26.90 24473.60
27.00 24473.60
27.10 73625.60
27.20 73625.60
27.30 73625.60
27.40 73625.60
27.50 73625.60
27.60 73625.60
27.70 73625.60
27.80 73625.60
27.90 73625.60
28.00 73625.60
28.10 48128.00
28.20 48128.00
28.30 48128.00
28.40 48128.00
28.50 48128.00
28.60 48128.00
28.70 48128.00
28.80 48128.00
28.90 48128.00
29.00 48128.00
29.10 39628.80
29.20 39628.80
29.30 39628.80
29.40 39628.80
29.50 39628.80
29.60 39628.80
29.70 39628.80
29.80 39628.80
29.90 39628.80
30.00 39628.80
