0.15 31924.0
0.26 43028.0
0.37 40252.0
0.47 31924.0
0.58 31924.0
0.68 24984.0
0.79 20820.0
0.89 31924.0
1.00 43028.0
1.11 30536.0
1.21 26372.0
1.32 45804.0
1.42 23596.0
1.53 33312.0
1.63 24984.0
1.74 41640.0
1.85 44416.0
1.95 18044.0
2.06 34700.0
2.16 41640.0
2.28 56908.0
2.38 27760.0
2.49 38864.0
2.60 13880.0
2.70 34700.0
2.81 36088.0
2.91 38864.0
3.02 43028.0
3.14 40252.0
3.25 36088.0
3.37 52744.0
3.47 26372.0
3.60 9716.0
3.70 30536.0
3.81 38864.0
3.92 31924.0
4.03 30536.0
4.13 33312.0
4.24 36088.0
4.36 24984.0
4.46 29148.0
4.57 37476.0
4.67 24984.0
4.79 23596.0
4.89 22208.0
5.00 22208.0
5.11 16656.0
5.21 22208.0
5.32 37476.0
5.42 33312.0
5.53 22208.0
5.63 18044.0
5.75 31924.0
5.86 26372.0
5.96 18044.0
6.07 26372.0
6.17 20820.0
6.28 34700.0
6.38 18044.0
6.49 26372.0
6.60 41640.0
6.70 38864.0
6.81 22208.0
6.91 26372.0
7.02 36088.0
7.13 23596.0
7.24 26372.0
7.35 34700.0
7.45 36088.0
7.57 36088.0
7.67 19432.0
7.78 55520.0
7.88 27760.0
7.99 22208.0
8.10 40252.0
8.20 34700.0
8.31 29148.0
8.41 12492.0
8.52 23596.0
8.63 31924.0
8.74 30536.0
8.86 24984.0
8.96 26372.0
9.07 36088.0
9.17 23596.0
9.28 19432.0
9.38 29148.0
9.49 33312.0
9.60 20820.0
9.70 26372.0
9.81 36088.0
9.91 29148.0
10.02 24984.0
10.13 33312.0
10.24 37476.0
10.35 49968.0
10.45 29148.0
10.56 31924.0
10.66 44416.0
10.78 40252.0
10.88 52744.0
10.99 45804.0
11.10 54132.0
11.20 43028.0
11.31 51356.0
11.41 55520.0
11.53 61072.0
11.63 56908.0
11.74 63848.0
11.85 58296.0
11.95 51356.0
12.06 33312.0
12.16 44416.0
12.27 33312.0
12.39 29148.0
12.50 23596.0
12.62 23596.0
12.72 29148.0
12.83 24984.0
12.93 27760.0
13.04 38864.0
13.14 30536.0
13.26 23596.0
13.37 20820.0
13.48 5552.0
13.61 5552.0
13.71 8328.0
13.82 5552.0
13.92 19432.0
14.04 15268.0
14.14 13880.0
14.25 12492.0
14.37 16656.0
14.47 13880.0
14.58 11104.0
14.68 12492.0
14.79 16656.0
14.89 13880.0
15.00 12492.0
15.11 6940.0
15.22 6940.0
15.36 12492.0
15.49 8328.0
15.60 15268.0
15.71 9716.0
15.84 11104.0
15.94 9716.0
16.05 16656.0
16.16 11104.0
16.28 15268.0
16.40 18044.0
16.51 20820.0
16.64 13880.0
16.78 20820.0
16.90 8328.0
17.01 9716.0
17.12 12492.0
17.22 19432.0
17.33 15268.0
17.43 12492.0
17.54 16656.0
17.64 24984.0
17.75 18044.0
17.86 34700.0
17.96 24984.0
18.08 26372.0
18.18 16656.0
18.29 30536.0
18.39 22208.0
18.50 16656.0
18.61 26372.0
18.71 22208.0
18.84 5552.0
18.99 9716.0
19.10 8328.0
19.24 4164.0
19.35 8328.0
19.46 5552.0
19.58 9716.0
19.69 5552.0
19.80 5552.0
19.91 6940.0
20.04 5552.0
20.16 5552.0
20.28 8328.0
20.38 5552.0
20.49 8328.0
20.60 8328.0
20.71 8328.0
20.83 11104.0
20.93 11104.0
21.04 9716.0
21.15 16656.0
21.26 16656.0
21.37 22208.0
21.48 24984.0
21.59 24984.0
21.69 9716.0
21.80 12492.0
21.90 11104.0
22.02 6940.0
22.14 11104.0
22.25 19432.0
22.36 9716.0
22.47 9716.0
22.58 20820.0
22.68 11104.0
22.79 13880.0
22.89 9716.0
23.00 19432.0
23.11 18044.0
23.22 20820.0
23.33 19432.0
23.44 22208.0
23.55 20820.0
23.65 15268.0
23.76 19432.0
23.87 20820.0
23.97 11104.0
24.09 16656.0
24.19 8328.0
24.31 8328.0
24.41 13880.0
24.52 13880.0
24.63 15268.0
24.74 13880.0
24.86 12492.0
24.96 23596.0
25.09 16656.0
25.19 6940.0
25.30 11104.0
25.40 13880.0
25.51 13880.0
25.63 19432.0
25.74 23596.0
25.85 23596.0
25.95 26372.0
26.06 20820.0
26.17 20820.0
26.28 13880.0
26.38 13880.0
26.50 16656.0
26.61 24984.0
26.72 16656.0
26.83 22208.0
26.93 23596.0
27.04 15268.0
27.14 23596.0
27.25 22208.0
27.36 24984.0
27.46 16656.0
27.58 18044.0
27.68 12492.0
27.79 15268.0
27.90 27760.0
28.01 13880.0
28.12 27760.0
28.26 16656.0
28.37 15268.0
28.48 33312.0
28.60 12492.0
28.70 19432.0
28.81 33312.0
28.91 27760.0
29.02 24984.0
29.13 22208.0
29.24 16656.0
29.35 18044.0
29.45 16656.0
29.56 30536.0
29.67 19432.0
29.78 24984.0
29.88 20820.0
29.99 31924.0
30.10 31924.0
30.20 26372.0
30.31 16656.0
30.41 20820.0
30.53 26372.0
30.63 24984.0
30.74 65236.0
30.85 43028.0
30.95 34700.0
31.06 54132.0
31.16 45804.0
31.28 55520.0
31.38 63848.0
31.50 63848.0
31.61 54132.0
31.71 48580.0
31.82 61072.0
31.92 54132.0
32.03 65236.0
32.13 62460.0
32.24 59684.0
32.35 47192.0
32.45 55520.0
32.56 61072.0
32.66 52744.0
32.77 52744.0
32.88 49968.0
32.99 66624.0
33.10 55520.0
33.20 44416.0
33.31 37476.0
33.41 26372.0
33.52 30536.0
33.63 40252.0
33.74 44416.0
33.85 54132.0
33.95 68012.0
34.06 58296.0
34.16 54132.0
34.27 58296.0
34.38 45804.0
34.49 54132.0
34.60 55520.0
34.71 61072.0
34.82 59684.0
34.92 36088.0
35.03 44416.0
35.13 52744.0
35.24 47192.0
35.35 66624.0
35.45 37476.0
35.56 58296.0
35.66 59684.0
35.78 70788.0
35.88 49968.0
35.99 44416.0
36.10 51356.0
36.20 63848.0
36.31 49968.0
36.41 58296.0
36.52 66624.0
36.63 63848.0
36.74 63848.0
36.85 65236.0
36.95 72176.0
37.06 58296.0
37.17 48580.0
37.28 51356.0
37.38 45804.0
37.49 47192.0
37.61 58296.0
37.71 56908.0
37.82 74952.0
37.92 54132.0
38.03 62460.0
38.13 38864.0
38.24 43028.0
38.35 58296.0
38.46 62460.0
38.57 73564.0
38.67 76340.0
38.79 80504.0
38.89 63848.0
39.00 62460.0
39.11 41640.0
39.21 62460.0
39.32 65236.0
39.43 41640.0
39.54 51356.0
39.64 44416.0
39.75 66624.0
39.86 40252.0
39.97 56908.0
40.09 69400.0
40.19 73564.0
40.30 56908.0
40.40 76340.0
40.51 73564.0
40.62 72176.0
40.72 54132.0
40.83 58296.0
40.93 43028.0
41.04 41640.0
41.14 41640.0
41.25 52744.0
41.36 61072.0
41.46 49968.0
41.57 58296.0
41.67 63848.0
41.78 56908.0
41.88 63848.0
41.99 61072.0
42.10 61072.0
42.20 73564.0
42.31 70788.0
42.41 72176.0
42.52 80504.0
42.63 66624.0
42.74 74952.0
42.85 70788.0
42.95 59684.0
43.06 73564.0
43.16 69400.0
43.28 65236.0
43.38 45804.0
43.49 48580.0
43.60 59684.0
43.70 55520.0
43.81 63848.0
43.92 61072.0
44.03 68012.0
44.13 70788.0
44.24 70788.0
44.35 80504.0
44.45 59684.0
44.56 68012.0
44.66 55520.0
44.77 73564.0
44.88 58296.0
44.99 44416.0
45.10 37476.0
45.20 33312.0
45.31 26372.0
45.41 37476.0
45.52 58296.0
45.63 36088.0
45.74 43028.0
45.85 47192.0
45.95 37476.0
46.06 38864.0
46.16 20820.0
46.27 43028.0
46.38 61072.0
46.49 56908.0
46.60 49968.0
46.70 66624.0
46.81 58296.0
46.91 47192.0
47.02 61072.0
47.13 54132.0
47.24 54132.0
47.35 29148.0
47.46 47192.0
47.57 33312.0
47.67 30536.0
47.78 40252.0
47.88 52744.0
48.00 38864.0
48.11 66624.0
48.21 40252.0
48.32 47192.0
48.42 37476.0
48.53 44416.0
48.63 54132.0
48.74 45804.0
48.85 40252.0
48.95 20820.0
49.06 52744.0
49.16 40252.0
49.27 34700.0
49.38 37476.0
49.49 36088.0
49.60 31924.0
49.70 24984.0
49.81 26372.0
49.92 26372.0
50.03 51356.0
50.13 33312.0
50.24 43028.0
50.35 34700.0
50.45 33312.0
50.56 56908.0
50.66 55520.0
50.77 43028.0
50.88 59684.0
50.99 54132.0
51.10 61072.0
51.20 52744.0
51.31 62460.0
51.41 41640.0
51.53 63848.0
51.63 56908.0
51.74 55520.0
51.85 59684.0
51.95 54132.0
52.06 44416.0
52.16 24984.0
52.27 31924.0
52.38 45804.0
52.49 41640.0
52.60 52744.0
52.70 61072.0
52.81 72176.0
52.91 48580.0
53.02 59684.0
53.13 43028.0
53.24 44416.0
53.35 40252.0
53.45 37476.0
53.56 58296.0
53.66 52744.0
53.77 56908.0
53.88 66624.0
53.99 61072.0
54.10 44416.0
54.20 31924.0
54.31 43028.0
54.41 43028.0
54.52 33312.0
54.63 54132.0
54.74 55520.0
54.85 51356.0
54.95 51356.0
55.07 48580.0
55.17 61072.0
55.28 66624.0
55.38 54132.0
55.49 45804.0
55.60 62460.0
55.70 47192.0
55.81 47192.0
55.91 36088.0
56.02 37476.0
56.13 37476.0
56.24 37476.0
56.35 45804.0
56.45 33312.0
56.56 38864.0
56.66 31924.0
56.77 36088.0
56.88 29148.0
56.99 22208.0
57.10 34700.0
57.21 31924.0
57.32 36088.0
57.42 30536.0
57.53 33312.0
57.63 40252.0
57.74 51356.0
57.85 63848.0
57.95 37476.0
58.06 40252.0
58.17 31924.0
58.29 24984.0
58.39 30536.0
58.50 37476.0
58.62 34700.0
58.72 31924.0
58.83 31924.0
58.93 24984.0
59.04 36088.0
59.14 38864.0
59.26 40252.0
59.37 40252.0
59.47 26372.0
59.58 41640.0
59.68 30536.0
59.80 33312.0
59.90 33312.0
60.01 34700.0
60.12 27760.0
60.22 20820.0
60.33 26372.0
60.43 34700.0
60.54 52744.0
60.64 52744.0
60.75 58296.0
60.87 38864.0
60.97 41640.0
61.08 44416.0
61.18 41640.0
61.29 40252.0
61.39 30536.0
61.50 33312.0
61.61 45804.0
61.71 47192.0
61.82 37476.0
61.92 43028.0
62.03 44416.0
62.13 27760.0
62.24 43028.0
62.35 43028.0
62.45 49968.0
62.56 61072.0
62.66 37476.0
62.77 37476.0
62.89 43028.0
63.00 58296.0
63.11 34700.0
63.21 40252.0
63.32 38864.0
63.42 36088.0
63.53 33312.0
63.63 34700.0
63.74 58296.0
63.85 59684.0
63.95 34700.0
64.06 37476.0
64.16 38864.0
64.27 44416.0
64.38 44416.0
64.49 40252.0
64.60 41640.0
64.70 40252.0
64.81 43028.0
64.91 37476.0
65.02 55520.0
65.13 47192.0
65.24 51356.0
65.37 27760.0
65.47 9716.0
65.58 40252.0
65.68 36088.0
65.79 37476.0
65.89 27760.0
66.00 54132.0
66.11 47192.0
66.21 47192.0
66.32 55520.0
66.42 38864.0
66.53 55520.0
66.63 61072.0
66.74 49968.0
66.85 38864.0
66.96 45804.0
67.07 65236.0
67.17 45804.0
67.28 77728.0
67.38 40252.0
67.49 40252.0
67.60 58296.0
67.70 43028.0
67.81 48580.0
67.91 41640.0
68.02 44416.0
68.13 45804.0
68.24 49968.0
68.35 55520.0
68.45 61072.0
68.57 54132.0
68.67 52744.0
68.78 59684.0
68.88 48580.0
68.99 73564.0
69.11 41640.0
69.21 37476.0
69.32 41640.0
69.42 43028.0
69.53 49968.0
69.63 48580.0
69.74 61072.0
69.85 55520.0
69.95 41640.0
70.06 49968.0
70.17 49968.0
70.28 70788.0
70.38 44416.0
70.49 47192.0
70.60 37476.0
70.70 54132.0
70.81 56908.0
70.91 49968.0
71.03 47192.0
71.13 48580.0
71.24 36088.0
71.35 56908.0
71.45 43028.0
71.56 44416.0
71.66 43028.0
71.77 40252.0
71.88 47192.0
71.99 41640.0
72.10 56908.0
72.20 38864.0
72.32 40252.0
72.42 43028.0
72.53 43028.0
72.63 38864.0
72.74 55520.0
72.85 54132.0
72.95 40252.0
73.06 52744.0
73.16 61072.0
73.27 48580.0
73.38 47192.0
73.49 47192.0
73.60 40252.0
73.70 48580.0
73.81 77728.0
73.91 52744.0
74.02 48580.0
74.13 40252.0
74.24 38864.0
74.35 61072.0
74.45 37476.0
74.56 31924.0
74.66 36088.0
74.77 61072.0
74.88 65236.0
74.99 59684.0
75.10 62460.0
75.20 51356.0
75.31 52744.0
75.41 63848.0
75.52 61072.0
75.63 51356.0
75.74 51356.0
75.85 55520.0
75.95 54132.0
76.06 81892.0
76.16 74952.0
76.27 59684.0
76.38 54132.0
76.49 52744.0
76.60 79116.0
76.70 74952.0
76.81 61072.0
76.91 51356.0
77.02 51356.0
77.13 59684.0
77.24 73564.0
77.35 59684.0
77.45 47192.0
77.56 54132.0
77.66 69400.0
77.77 54132.0
77.89 68012.0
78.00 59684.0
78.11 54132.0
78.21 54132.0
78.32 59684.0
78.42 34700.0
78.53 48580.0
78.64 51356.0
78.75 66624.0
78.86 51356.0
78.97 63848.0
79.08 51356.0
79.18 56908.0
79.29 79116.0
79.40 56908.0
79.51 69400.0
79.62 47192.0
79.73 31924.0
79.84 70788.0
79.94 37476.0
80.05 72176.0
80.15 61072.0
80.26 65236.0
80.37 70788.0
80.47 41640.0
80.58 49968.0
80.68 37476.0
80.79 61072.0
80.89 55520.0
81.00 44416.0
81.11 36088.0
81.21 44416.0
81.32 49968.0
81.42 59684.0
81.53 48580.0
81.63 34700.0
81.74 31924.0
81.85 38864.0
81.95 40252.0
82.06 38864.0
82.16 38864.0
82.28 55520.0
82.38 34700.0
82.49 41640.0
82.60 41640.0
82.70 38864.0
82.81 37476.0
82.91 43028.0
83.02 63848.0
83.13 49968.0
83.24 41640.0
83.35 74952.0
83.45 56908.0
83.56 59684.0
83.66 62460.0
83.77 70788.0
83.88 62460.0
83.99 74952.0
84.10 72176.0
84.20 66624.0
84.31 63848.0
84.41 63848.0
84.52 74952.0
84.63 80504.0
84.74 62460.0
84.85 69400.0
84.95 43028.0
85.07 58296.0
85.17 65236.0
85.28 65236.0
85.38 59684.0
85.49 54132.0
85.60 52744.0
85.70 45804.0
85.81 56908.0
85.91 43028.0
86.02 54132.0
86.13 59684.0
86.25 55520.0
86.36 52744.0
86.46 44416.0
86.57 24984.0
86.67 62460.0
86.78 48580.0
86.88 52744.0
86.99 44416.0
87.10 29148.0
87.20 31924.0
87.31 72176.0
87.41 62460.0
87.52 62460.0
87.63 74952.0
87.74 73564.0
87.85 61072.0
87.95 52744.0
88.06 58296.0
88.16 55520.0
88.27 63848.0
88.38 44416.0
88.49 48580.0
88.60 58296.0
88.70 55520.0
88.81 66624.0
88.91 65236.0
89.02 48580.0
89.13 45804.0
89.24 54132.0
89.35 61072.0
89.45 52744.0
89.56 49968.0
89.66 47192.0
89.77 45804.0
89.88 58296.0
89.99 61072.0
90.10 44416.0
90.20 55520.0
90.31 45804.0
90.41 45804.0
90.52 48580.0
90.63 55520.0
90.74 62460.0
90.86 68012.0
90.96 43028.0
91.07 44416.0
91.17 49968.0
91.28 61072.0
91.38 58296.0
91.50 66624.0
91.61 49968.0
91.71 56908.0
91.82 79116.0
91.92 68012.0
92.03 65236.0
92.13 51356.0
92.25 55520.0
92.36 56908.0
92.46 54132.0
92.57 65236.0
92.67 69400.0
92.79 66624.0
92.89 49968.0
93.00 45804.0
93.11 62460.0
93.21 52744.0
93.32 65236.0
93.42 59684.0
93.53 55520.0
93.63 47192.0
93.74 66624.0
93.85 65236.0
93.95 63848.0
94.06 66624.0
94.17 52744.0
94.28 45804.0
94.38 56908.0
94.49 58296.0
94.60 59684.0
94.70 58296.0
94.82 56908.0
94.92 54132.0
95.03 61072.0
95.13 58296.0
95.24 69400.0
95.35 58296.0
95.45 49968.0
95.56 45804.0
95.67 66624.0
95.78 69400.0
95.88 59684.0
95.99 61072.0
96.10 45804.0
96.20 52744.0
96.31 68012.0
96.41 63848.0
96.52 58296.0
96.63 65236.0
96.74 55520.0
96.85 63848.0
96.95 65236.0
97.06 68012.0
97.16 65236.0
97.27 66624.0
97.38 55520.0
97.49 54132.0
97.60 66624.0
97.70 70788.0
97.81 73564.0
97.91 65236.0
98.02 49968.0
98.13 59684.0
98.24 72176.0
98.35 68012.0
98.45 69400.0
98.57 61072.0
98.67 48580.0
98.78 55520.0
98.88 62460.0
98.99 79116.0
99.10 73564.0
99.20 61072.0
99.31 55520.0
99.41 54132.0
99.52 81892.0
99.63 69400.0
99.74 79116.0
99.85 70788.0
99.95 52744.0
100.06 54132.0
100.16 65236.0
100.27 66624.0
100.38 77728.0
100.49 54132.0
100.60 62460.0
100.70 48580.0
100.81 77728.0
100.91 72176.0
101.02 55520.0
101.13 51356.0
101.24 16656.0
101.35 29148.0
101.46 27760.0
101.57 59684.0
101.67 52744.0
101.78 41640.0
101.88 45804.0
101.99 66624.0
102.10 58296.0
102.20 61072.0
102.31 77728.0
102.41 66624.0
102.52 62460.0
102.63 70788.0
102.74 80504.0
102.85 84668.0
102.95 69400.0
103.06 59684.0
103.16 54132.0
103.27 62460.0
103.38 77728.0
103.50 68012.0
103.61 70788.0
103.71 44416.0
103.82 54132.0
103.92 48580.0
104.03 73564.0
104.13 61072.0
104.24 66624.0
104.35 65236.0
104.45 69400.0
104.56 72176.0
104.66 63848.0
104.77 74952.0
104.88 66624.0
104.99 59684.0
105.10 68012.0
105.20 59684.0
105.31 68012.0
105.42 61072.0
105.53 77728.0
105.63 58296.0
105.74 68012.0
105.85 77728.0
105.95 73564.0
106.06 66624.0
106.16 51356.0
106.27 61072.0
106.38 59684.0
106.49 63848.0
106.60 80504.0
106.70 69400.0
106.81 65236.0
106.91 54132.0
107.02 69400.0
107.13 72176.0
107.24 77728.0
107.35 73564.0
107.45 56908.0
107.56 65236.0
107.66 51356.0
107.77 65236.0
107.88 84668.0
107.99 62460.0
108.10 90220.0
108.20 54132.0
108.31 55520.0
108.41 69400.0
108.53 86056.0
108.63 70788.0
108.74 84668.0
108.85 63848.0
108.95 55520.0
109.06 63848.0
109.16 63848.0
109.27 70788.0
109.38 70788.0
109.49 49968.0
109.60 58296.0
109.70 63848.0
109.81 51356.0
109.91 40252.0
110.02 49968.0
110.13 55520.0
110.24 41640.0
110.35 48580.0
110.45 47192.0
110.56 49968.0
110.66 40252.0
110.78 44416.0
110.88 29148.0
110.99 29148.0
111.10 30536.0
111.20 41640.0
111.32 48580.0
111.42 37476.0
111.53 62460.0
111.63 55520.0
111.74 66624.0
111.85 54132.0
111.95 58296.0
112.06 55520.0
112.16 61072.0
112.27 58296.0
112.38 63848.0
112.49 73564.0
112.60 66624.0
112.70 51356.0
112.81 65236.0
112.91 59684.0
113.02 69400.0
113.13 66624.0
113.24 72176.0
113.35 45804.0
113.45 41640.0
113.56 52744.0
113.66 52744.0
113.77 73564.0
113.88 74952.0
113.99 45804.0
114.10 40252.0
114.20 63848.0
114.32 58296.0
114.42 58296.0
114.53 59684.0
114.63 45804.0
114.74 38864.0
114.85 79116.0
114.95 87444.0
115.06 80504.0
115.16 62460.0
115.28 72176.0
115.38 59684.0
115.49 77728.0
115.60 58296.0
115.70 49968.0
115.81 72176.0
115.91 45804.0
116.02 52744.0
116.13 55520.0
116.24 62460.0
116.35 62460.0
116.45 59684.0
116.56 54132.0
116.67 51356.0
116.78 66624.0
116.88 55520.0
116.99 61072.0
117.11 62460.0
117.21 56908.0
117.32 74952.0
117.42 70788.0
117.53 84668.0
117.63 81892.0
117.74 63848.0
117.85 62460.0
117.95 69400.0
118.06 80504.0
118.16 77728.0
118.27 80504.0
118.38 63848.0
118.49 58296.0
118.60 81892.0
118.70 63848.0
118.81 77728.0
118.91 65236.0
119.02 59684.0
119.13 45804.0
119.24 59684.0
119.35 73564.0
119.45 68012.0
119.56 56908.0
119.66 51356.0
119.77 31924.0
119.88 49968.0
119.99 66624.0
