0.16 49968.0
0.27 45804.0
0.38 55520.0
0.49 59684.0
0.60 48580.0
0.70 44416.0
0.81 45804.0
0.91 44416.0
1.03 56908.0
1.13 49968.0
1.24 52744.0
1.35 51356.0
1.45 45804.0
1.56 47192.0
1.66 37476.0
1.77 40252.0
1.88 49968.0
1.99 49968.0
2.10 47192.0
2.20 47192.0
2.31 56908.0
2.41 49968.0
2.52 59684.0
2.63 44416.0
2.74 63848.0
2.85 45804.0
2.95 55520.0
3.07 63848.0
3.17 48580.0
3.28 51356.0
3.38 38864.0
3.49 40252.0
3.60 52744.0
3.70 44416.0
3.81 51356.0
3.91 43028.0
4.02 47192.0
4.13 55520.0
4.24 47192.0
4.35 49968.0
4.45 48580.0
4.56 40252.0
4.66 49968.0
4.77 40252.0
4.88 54132.0
4.99 56908.0
5.10 52744.0
5.20 44416.0
5.31 52744.0
5.41 47192.0
5.52 59684.0
5.63 51356.0
5.74 52744.0
5.86 56908.0
5.96 44416.0
6.07 43028.0
6.17 48580.0
6.28 47192.0
6.38 41640.0
6.49 52744.0
6.61 56908.0
6.71 52744.0
6.82 52744.0
6.92 49968.0
7.04 58296.0
7.15 47192.0
7.26 51356.0
7.37 48580.0
7.47 56908.0
7.58 55520.0
7.68 52744.0
7.79 62460.0
7.89 52744.0
8.00 47192.0
8.11 49968.0
8.21 47192.0
8.32 51356.0
8.42 48580.0
8.53 48580.0
8.63 37476.0
8.74 41640.0
8.85 48580.0
8.95 44416.0
9.06 55520.0
9.16 51356.0
9.27 58296.0
9.38 52744.0
9.49 58296.0
9.60 48580.0
9.70 48580.0
9.81 52744.0
9.91 38864.0
10.02 47192.0
10.13 55520.0
10.24 51356.0
10.35 49968.0
10.45 45804.0
10.56 49968.0
10.66 44416.0
10.77 55520.0
10.88 54132.0
10.99 54132.0
11.10 54132.0
11.20 54132.0
11.31 47192.0
11.41 43028.0
11.52 47192.0
11.63 40252.0
11.74 49968.0
11.85 52744.0
11.95 40252.0
12.06 54132.0
12.16 43028.0
12.27 47192.0
12.38 54132.0
12.49 49968.0
12.60 54132.0
12.70 52744.0
12.81 58296.0
12.91 54132.0
13.02 48580.0
13.13 54132.0
13.24 48580.0
13.35 58296.0
13.45 48580.0
13.56 58296.0
13.66 51356.0
13.77 40252.0
13.88 43028.0
13.99 54132.0
14.10 55520.0
14.20 51356.0
14.31 65236.0
14.41 56908.0
14.52 54132.0
14.63 47192.0
14.74 54132.0
14.85 58296.0
14.95 43028.0
15.06 51356.0
15.16 54132.0
15.27 51356.0
15.38 49968.0
15.49 47192.0
15.60 56908.0
15.70 43028.0
15.81 48580.0
15.91 49968.0
16.02 47192.0
16.13 44416.0
16.24 55520.0
16.35 47192.0
16.45 43028.0
16.56 61072.0
16.66 49968.0
16.78 49968.0
16.88 51356.0
16.99 51356.0
17.10 47192.0
17.20 38864.0
17.31 47192.0
17.41 49968.0
17.52 51356.0
17.63 58296.0
17.74 54132.0
17.85 58296.0
17.95 48580.0
18.06 56908.0
18.16 37476.0
18.27 47192.0
18.38 55520.0
18.49 55520.0
18.60 45804.0
18.70 40252.0
18.81 55520.0
18.91 49968.0
19.02 51356.0
19.13 56908.0
19.24 49968.0
19.35 54132.0
19.45 41640.0
19.56 52744.0
19.66 51356.0
19.77 49968.0
19.88 47192.0
19.99 51356.0
20.10 47192.0
20.20 44416.0
20.31 47192.0
20.41 52744.0
20.52 51356.0
20.64 49968.0
20.75 56908.0
20.86 40252.0
20.96 51356.0
21.07 51356.0
21.17 45804.0
21.28 49968.0
21.38 41640.0
21.49 48580.0
21.60 49968.0
21.70 45804.0
21.81 49968.0
21.91 54132.0
22.02 45804.0
22.13 55520.0
22.25 49968.0
22.36 48580.0
22.46 44416.0
22.57 47192.0
22.67 51356.0
22.78 52744.0
22.88 47192.0
22.99 56908.0
23.10 56908.0
23.20 52744.0
23.31 49968.0
23.41 49968.0
23.52 54132.0
23.63 55520.0
23.74 45804.0
23.85 52744.0
23.95 48580.0
24.07 49968.0
24.17 51356.0
24.28 61072.0
24.38 47192.0
24.49 51356.0
24.60 62460.0
24.70 47192.0
24.81 55520.0
24.91 49968.0
25.02 54132.0
25.13 45804.0
25.24 49968.0
25.35 49968.0
25.45 38864.0
25.56 43028.0
25.66 36088.0
25.78 49968.0
25.88 51356.0
25.99 54132.0
26.10 47192.0
26.20 38864.0
26.31 48580.0
26.41 38864.0
26.52 48580.0
26.63 51356.0
26.74 52744.0
26.85 54132.0
26.95 45804.0
27.06 56908.0
27.16 43028.0
27.27 45804.0
27.38 51356.0
27.49 52744.0
27.60 55520.0
27.70 48580.0
27.81 49968.0
27.91 45804.0
28.02 56908.0
28.13 51356.0
28.24 43028.0
28.35 51356.0
28.45 55520.0
28.56 51356.0
28.66 52744.0
28.77 49968.0
28.88 51356.0
29.00 45804.0
29.11 59684.0
29.21 51356.0
29.33 48580.0
29.44 54132.0
29.55 59684.0
29.65 62460.0
29.76 55520.0
29.87 52744.0
29.97 49968.0
30.08 48580.0
30.18 41640.0
30.29 48580.0
30.39 38864.0
30.50 48580.0
30.61 49968.0
30.71 54132.0
30.82 51356.0
30.92 48580.0
31.03 61072.0
31.13 52744.0
31.24 58296.0
31.36 63848.0
31.46 44416.0
31.57 45804.0
31.67 54132.0
31.78 54132.0
31.89 48580.0
32.00 47192.0
32.11 54132.0
32.21 54132.0
32.32 61072.0
32.42 45804.0
32.53 62460.0
32.63 43028.0
32.74 56908.0
32.85 51356.0
32.95 56908.0
33.07 58296.0
33.17 48580.0
33.28 52744.0
33.38 54132.0
33.49 51356.0
33.60 51356.0
33.71 49968.0
33.82 62460.0
33.92 54132.0
34.03 55520.0
34.13 58296.0
34.24 56908.0
34.35 51356.0
34.45 51356.0
34.56 52744.0
34.67 48580.0
34.78 65236.0
34.88 47192.0
34.99 55520.0
35.10 58296.0
35.20 49968.0
35.31 54132.0
35.41 54132.0
35.52 58296.0
35.63 55520.0
35.74 59684.0
35.85 49968.0
35.95 58296.0
36.06 59684.0
36.16 48580.0
36.27 55520.0
36.38 45804.0
36.49 55520.0
36.60 52744.0
36.70 48580.0
36.81 45804.0
36.92 45804.0
37.03 56908.0
37.13 52744.0
37.24 51356.0
37.35 48580.0
37.45 43028.0
37.56 45804.0
37.66 47192.0
37.77 49968.0
37.88 49968.0
37.99 41640.0
38.10 48580.0
38.20 44416.0
38.31 51356.0
38.41 45804.0
38.52 58296.0
38.63 48580.0
38.74 52744.0
38.85 61072.0
38.96 49968.0
39.08 65236.0
39.18 59684.0
39.29 51356.0
39.39 51356.0
39.50 55520.0
39.61 55520.0
39.71 54132.0
39.82 52744.0
39.92 51356.0
40.03 59684.0
40.13 52744.0
40.24 54132.0
40.35 55520.0
40.45 43028.0
40.56 55520.0
40.66 51356.0
40.77 58296.0
40.88 61072.0
40.99 49968.0
41.10 62460.0
41.20 41640.0
41.31 61072.0
41.41 56908.0
41.52 56908.0
41.63 44416.0
41.74 54132.0
41.86 61072.0
41.96 51356.0
42.07 55520.0
42.17 47192.0
42.28 48580.0
42.38 51356.0
42.49 51356.0
42.60 56908.0
42.70 43028.0
42.81 49968.0
42.91 45804.0
43.02 58296.0
43.13 49968.0
43.24 52744.0
43.36 55520.0
43.46 47192.0
43.57 55520.0
43.67 52744.0
43.78 56908.0
43.88 48580.0
43.99 55520.0
44.10 58296.0
44.20 52744.0
44.31 54132.0
44.41 47192.0
44.53 56908.0
44.63 55520.0
44.74 52744.0
44.85 56908.0
44.95 54132.0
45.06 54132.0
45.16 52744.0
45.27 63848.0
45.38 58296.0
45.50 58296.0
45.61 52744.0
45.71 59684.0
45.82 52744.0
45.92 37476.0
46.03 55520.0
46.13 66624.0
46.24 69400.0
46.36 65236.0
46.46 47192.0
46.57 52744.0
46.67 47192.0
46.78 51356.0
46.88 51356.0
47.00 54132.0
47.11 66624.0
47.21 52744.0
47.32 48580.0
47.43 58296.0
47.54 58296.0
47.64 54132.0
47.75 54132.0
47.86 55520.0
47.96 41640.0
48.08 54132.0
48.18 55520.0
48.29 49968.0
48.39 45804.0
48.50 65236.0
48.61 49968.0
48.71 52744.0
48.82 52744.0
48.92 40252.0
49.03 56908.0
49.13 52744.0
49.25 54132.0
49.36 61072.0
49.46 49968.0
49.57 44416.0
49.67 49968.0
49.78 58296.0
49.88 48580.0
49.99 55520.0
50.10 59684.0
50.20 52744.0
50.31 54132.0
50.41 49968.0
50.52 55520.0
50.63 54132.0
50.75 55520.0
50.86 61072.0
50.96 45804.0
51.07 62460.0
51.17 51356.0
51.28 56908.0
51.38 44416.0
51.49 52744.0
51.60 52744.0
51.70 45804.0
51.81 58296.0
51.91 48580.0
52.02 59684.0
52.13 58296.0
52.24 55520.0
52.35 52744.0
52.45 44416.0
52.56 47192.0
52.66 54132.0
52.77 48580.0
52.88 48580.0
52.99 36088.0
53.11 51356.0
53.21 55520.0
53.32 52744.0
53.42 41640.0
53.53 54132.0
53.63 45804.0
53.74 58296.0
53.85 47192.0
53.95 47192.0
54.06 58296.0
54.16 51356.0
54.27 56908.0
54.39 52744.0
54.50 59684.0
54.61 48580.0
54.71 36088.0
54.82 40252.0
54.92 51356.0
55.03 48580.0
55.13 37476.0
55.25 47192.0
55.36 43028.0
55.46 47192.0
55.57 59684.0
55.67 49968.0
55.78 47192.0
55.88 43028.0
55.99 52744.0
56.10 69400.0
56.20 45804.0
56.31 55520.0
56.41 43028.0
56.52 48580.0
56.63 51356.0
56.74 54132.0
56.85 59684.0
56.95 48580.0
57.06 51356.0
57.16 41640.0
57.27 56908.0
57.38 58296.0
57.49 54132.0
57.61 44416.0
57.71 47192.0
57.82 48580.0
57.92 49968.0
58.03 55520.0
58.13 44416.0
58.24 62460.0
58.35 55520.0
58.45 49968.0
58.56 48580.0
58.66 40252.0
58.77 54132.0
58.88 56908.0
58.99 55520.0
59.10 45804.0
59.20 45804.0
59.31 54132.0
59.41 49968.0
59.52 41640.0
59.64 51356.0
59.75 58296.0
59.86 51356.0
59.96 48580.0
60.07 48580.0
60.17 43028.0
60.28 58296.0
60.38 48580.0
60.49 56908.0
60.60 52744.0
60.70 54132.0
60.81 52744.0
60.91 49968.0
61.02 58296.0
61.13 48580.0
61.24 55520.0
61.35 52744.0
61.45 51356.0
61.56 48580.0
61.66 43028.0
61.77 58296.0
61.88 51356.0
61.99 48580.0
62.10 51356.0
62.21 48580.0
62.32 55520.0
62.42 43028.0
62.53 48580.0
62.63 45804.0
62.74 58296.0
62.85 55520.0
62.95 62460.0
63.06 55520.0
63.17 47192.0
63.28 54132.0
63.38 41640.0
63.49 52744.0
63.60 55520.0
63.70 58296.0
63.81 59684.0
63.91 48580.0
64.02 48580.0
64.13 54132.0
64.24 48580.0
64.35 55520.0
64.45 51356.0
64.56 58296.0
64.66 47192.0
64.77 58296.0
64.88 58296.0
65.00 52744.0
65.11 54132.0
65.21 54132.0
65.32 54132.0
65.42 48580.0
65.53 51356.0
65.63 48580.0
65.74 54132.0
65.85 49968.0
65.95 48580.0
66.06 58296.0
66.16 36088.0
66.27 51356.0
66.38 58296.0
66.49 54132.0
66.60 51356.0
66.70 40252.0
66.81 51356.0
66.91 48580.0
67.02 56908.0
67.13 49968.0
67.24 56908.0
67.35 51356.0
67.45 41640.0
67.57 52744.0
67.67 45804.0
67.78 47192.0
67.88 48580.0
67.99 45804.0
68.10 58296.0
68.20 44416.0
68.32 49968.0
68.42 54132.0
68.53 47192.0
68.63 45804.0
68.74 51356.0
68.85 49968.0
68.95 58296.0
69.06 56908.0
69.16 45804.0
69.27 52744.0
69.39 58296.0
69.50 52744.0
69.61 48580.0
69.72 45804.0
69.83 52744.0
69.93 40252.0
70.04 43028.0
70.14 48580.0
70.25 45804.0
70.36 55520.0
70.46 51356.0
70.57 45804.0
70.67 40252.0
70.78 54132.0
70.88 44416.0
70.99 43028.0
71.10 52744.0
71.20 40252.0
71.31 51356.0
71.41 48580.0
71.52 56908.0
71.64 56908.0
71.75 58296.0
71.86 48580.0
71.96 59684.0
72.07 54132.0
72.17 47192.0
72.28 51356.0
72.38 54132.0
72.49 59684.0
72.60 52744.0
72.70 49968.0
72.82 51356.0
72.92 54132.0
73.03 55520.0
73.13 43028.0
73.24 59684.0
73.35 51356.0
73.45 45804.0
73.56 51356.0
73.66 45804.0
73.77 63848.0
73.88 62460.0
73.99 54132.0
74.10 52744.0
74.20 55520.0
74.31 56908.0
74.41 48580.0
74.52 52744.0
74.63 51356.0
74.74 51356.0
74.85 59684.0
74.95 51356.0
75.06 51356.0
75.16 40252.0
75.27 58296.0
75.38 56908.0
75.49 58296.0
75.60 54132.0
75.70 47192.0
75.81 47192.0
75.92 44416.0
76.03 61072.0
76.13 48580.0
76.24 52744.0
76.35 49968.0
76.45 41640.0
76.56 47192.0
76.66 43028.0
76.77 52744.0
76.88 51356.0
76.99 45804.0
77.10 51356.0
77.20 48580.0
77.31 49968.0
77.41 48580.0
77.52 43028.0
77.63 47192.0
77.74 52744.0
77.85 51356.0
77.95 44416.0
78.06 54132.0
78.16 47192.0
78.27 51356.0
78.38 54132.0
78.49 55520.0
78.60 55520.0
78.70 48580.0
78.81 55520.0
78.91 51356.0
79.02 51356.0
79.13 52744.0
79.24 56908.0
79.35 45804.0
79.45 56908.0
79.56 54132.0
79.66 48580.0
79.77 58296.0
79.88 59684.0
79.99 54132.0
80.10 59684.0
80.20 45804.0
80.31 51356.0
80.41 41640.0
80.52 59684.0
80.63 48580.0
80.74 49968.0
80.85 56908.0
80.95 43028.0
81.06 44416.0
81.16 52744.0
81.27 56908.0
81.38 56908.0
81.49 48580.0
81.60 47192.0
81.70 48580.0
81.81 56908.0
81.91 49968.0
82.02 58296.0
82.13 44416.0
82.24 45804.0
82.35 59684.0
82.45 45804.0
82.56 55520.0
82.66 48580.0
82.77 56908.0
82.88 54132.0
82.99 51356.0
83.10 47192.0
83.20 44416.0
83.31 48580.0
83.41 54132.0
83.52 51356.0
83.63 47192.0
83.74 55520.0
83.85 51356.0
83.95 49968.0
84.06 55520.0
84.16 41640.0
84.27 48580.0
84.38 59684.0
84.49 58296.0
84.60 56908.0
84.70 49968.0
84.81 54132.0
84.91 40252.0
85.02 56908.0
85.13 56908.0
85.24 56908.0
85.35 49968.0
85.45 48580.0
85.57 52744.0
85.67 52744.0
85.79 52744.0
85.89 41640.0
86.00 58296.0
86.11 56908.0
86.21 40252.0
86.32 54132.0
86.42 52744.0
86.53 55520.0
86.63 49968.0
86.74 59684.0
86.85 58296.0
86.95 43028.0
87.06 54132.0
87.16 36088.0
87.27 47192.0
87.38 52744.0
87.49 51356.0
87.60 56908.0
87.70 44416.0
87.81 58296.0
87.91 41640.0
88.02 58296.0
88.13 55520.0
88.24 52744.0
88.35 52744.0
88.45 55520.0
88.57 48580.0
88.67 47192.0
88.78 49968.0
88.88 52744.0
88.99 61072.0
89.10 52744.0
89.20 49968.0
89.31 54132.0
89.41 55520.0
89.52 49968.0
89.63 52744.0
89.74 54132.0
89.85 47192.0
89.95 58296.0
90.06 49968.0
90.17 52744.0
90.28 48580.0
90.38 54132.0
90.49 55520.0
90.60 54132.0
90.70 47192.0
90.81 45804.0
90.91 52744.0
91.02 54132.0
91.13 59684.0
91.24 56908.0
91.35 47192.0
91.45 51356.0
91.56 49968.0
91.66 51356.0
91.77 49968.0
91.88 58296.0
91.99 61072.0
92.10 58296.0
92.20 52744.0
92.31 56908.0
92.41 51356.0
92.52 55520.0
92.64 55520.0
92.75 52744.0
92.86 49968.0
92.96 44416.0
93.07 56908.0
93.17 45804.0
93.28 52744.0
93.38 48580.0
93.49 52744.0
93.60 48580.0
93.70 49968.0
93.81 48580.0
93.91 51356.0
94.02 54132.0
94.13 54132.0
94.24 59684.0
94.35 51356.0
94.45 54132.0
94.56 52744.0
94.66 48580.0
94.77 49968.0
94.88 55520.0
94.99 55520.0
95.10 56908.0
95.20 48580.0
95.31 55520.0
95.41 48580.0
95.52 55520.0
95.63 44416.0
95.74 58296.0
95.85 51356.0
95.95 52744.0
96.06 52744.0
96.16 54132.0
96.27 47192.0
96.38 52744.0
96.49 56908.0
96.60 54132.0
96.70 49968.0
96.81 52744.0
96.91 43028.0
97.02 51356.0
97.13 55520.0
97.24 68012.0
97.35 68012.0
97.45 43028.0
97.56 47192.0
97.66 51356.0
97.77 51356.0
97.88 48580.0
97.99 48580.0
98.10 49968.0
98.20 48580.0
98.31 58296.0
98.41 47192.0
98.52 56908.0
98.63 51356.0
98.75 52744.0
98.87 61072.0
98.97 47192.0
99.08 54132.0
99.19 55520.0
99.30 48580.0
99.40 44416.0
99.51 45804.0
99.62 54132.0
99.72 44416.0
99.83 51356.0
99.93 51356.0
100.04 55520.0
100.14 43028.0
100.25 52744.0
100.36 54132.0
100.46 47192.0
100.57 59684.0
100.67 41640.0
100.79 58296.0
100.89 48580.0
101.00 55520.0
101.11 44416.0
101.21 52744.0
101.32 54132.0
101.42 54132.0
101.53 61072.0
101.63 47192.0
101.74 52744.0
101.85 49968.0
101.95 40252.0
102.06 55520.0
102.16 44416.0
102.27 55520.0
102.38 45804.0
102.49 55520.0
102.60 55520.0
102.70 54132.0
102.81 48580.0
102.91 49968.0
103.02 51356.0
103.13 54132.0
103.24 63848.0
103.35 56908.0
103.45 52744.0
103.57 52744.0
103.67 62460.0
103.78 51356.0
103.88 40252.0
103.99 54132.0
104.10 59684.0
104.20 52744.0
104.31 48580.0
104.41 49968.0
104.52 55520.0
104.63 56908.0
104.74 54132.0
104.85 56908.0
104.95 48580.0
105.06 63848.0
105.16 52744.0
105.27 59684.0
105.39 58296.0
105.51 59684.0
105.62 51356.0
105.72 51356.0
105.83 54132.0
105.93 47192.0
106.04 52744.0
106.14 51356.0
106.25 58296.0
106.36 52744.0
106.46 55520.0
106.57 62460.0
106.67 51356.0
106.78 49968.0
106.88 45804.0
106.99 54132.0
107.11 47192.0
107.21 49968.0
107.33 55520.0
107.43 43028.0
107.54 66624.0
107.64 44416.0
107.75 45804.0
107.86 45804.0
107.96 48580.0
108.07 45804.0
108.17 49968.0
108.29 54132.0
108.39 49968.0
108.50 48580.0
108.61 56908.0
108.72 48580.0
108.83 58296.0
108.93 45804.0
109.04 54132.0
109.14 47192.0
109.25 47192.0
109.36 61072.0
109.46 49968.0
109.58 52744.0
109.68 45804.0
109.79 45804.0
109.89 43028.0
110.00 56908.0
110.11 54132.0
110.21 47192.0
110.32 52744.0
110.42 44416.0
110.53 52744.0
110.63 43028.0
110.74 49968.0
110.85 52744.0
110.95 41640.0
111.06 58296.0
111.16 49968.0
111.27 54132.0
111.38 49968.0
111.49 56908.0
111.60 52744.0
111.70 49968.0
111.81 44416.0
111.91 51356.0
112.02 59684.0
112.13 55520.0
112.24 54132.0
112.36 58296.0
112.46 52744.0
112.57 52744.0
112.67 58296.0
112.78 59684.0
112.88 43028.0
112.99 54132.0
113.11 54132.0
113.21 56908.0
113.32 51356.0
113.42 43028.0
113.53 52744.0
113.63 48580.0
113.75 54132.0
113.86 52744.0
113.96 44416.0
114.07 51356.0
114.17 48580.0
114.28 55520.0
114.38 45804.0
114.49 49968.0
114.60 44416.0
114.70 43028.0
114.81 43028.0
114.91 41640.0
115.02 49968.0
115.13 56908.0
115.24 51356.0
115.35 48580.0
115.45 45804.0
115.56 54132.0
115.66 45804.0
115.77 58296.0
115.88 52744.0
115.99 54132.0
116.10 47192.0
116.20 38864.0
116.31 44416.0
116.41 45804.0
116.52 47192.0
116.63 58296.0
116.74 44416.0
116.85 51356.0
116.95 38864.0
117.06 44416.0
117.16 49968.0
117.27 49968.0
117.38 43028.0
117.49 55520.0
117.60 47192.0
117.70 47192.0
117.82 51356.0
117.92 43028.0
118.03 48580.0
118.13 44416.0
118.24 44416.0
118.35 43028.0
118.45 40252.0
118.56 43028.0
118.66 45804.0
118.77 49968.0
118.88 51356.0
118.99 48580.0
119.10 48580.0
119.21 52744.0
119.32 52744.0
119.42 41640.0
119.53 44416.0
119.63 41640.0
119.74 41640.0
119.85 47192.0
119.95 48580.0
