0.13 101324.0
0.24 109652.0
0.35 95772.0
0.45 108264.0
0.56 116592.0
0.66 104100.0
0.77 99936.0
0.88 77728.0
0.99 62460.0
1.10 62460.0
1.20 86056.0
1.31 94384.0
1.41 106876.0
1.52 86056.0
1.63 101324.0
1.74 101324.0
1.85 115204.0
1.95 69400.0
2.06 127696.0
2.16 91608.0
2.27 97160.0
2.38 104100.0
2.49 109652.0
2.60 117980.0
2.70 97160.0
2.81 111040.0
2.91 111040.0
3.02 108264.0
3.13 111040.0
3.24 113816.0
3.35 112428.0
3.45 88832.0
3.56 116592.0
3.66 106876.0
3.77 108264.0
3.88 120756.0
3.99 108264.0
4.10 123532.0
4.20 101324.0
4.31 113816.0
4.41 92996.0
4.52 95772.0
4.63 101324.0
4.74 116592.0
4.85 94384.0
4.95 109652.0
5.06 98548.0
5.16 105488.0
5.27 112428.0
5.38 123532.0
5.49 111040.0
5.60 99936.0
5.70 99936.0
5.82 113816.0
5.92 111040.0
6.04 109652.0
6.14 84668.0
6.25 88832.0
6.36 115204.0
6.46 83280.0
6.57 115204.0
6.67 99936.0
6.78 106876.0
6.89 105488.0
7.00 95772.0
7.11 130472.0
7.21 92996.0
7.32 117980.0
7.42 98548.0
7.53 94384.0
7.63 87444.0
7.74 102712.0
7.85 94384.0
7.96 101324.0
8.07 97160.0
8.17 91608.0
8.28 81892.0
8.38 91608.0
8.49 72176.0
8.60 88832.0
8.70 73564.0
8.81 51356.0
8.91 40252.0
9.02 45804.0
9.13 40252.0
9.25 51356.0
9.37 56908.0
9.47 54132.0
9.58 49968.0
9.68 45804.0
9.79 54132.0
9.89 56908.0
10.00 48580.0
10.11 49968.0
10.21 65236.0
10.32 113816.0
10.42 52744.0
10.53 92996.0
10.63 87444.0
10.74 123532.0
10.85 98548.0
10.95 99936.0
11.06 98548.0
11.16 73564.0
11.27 116592.0
11.38 95772.0
11.49 108264.0
11.60 108264.0
11.70 108264.0
11.81 111040.0
11.91 105488.0
12.02 111040.0
12.13 131860.0
12.24 106876.0
12.35 104100.0
12.45 101324.0
12.56 95772.0
12.66 92996.0
12.77 109652.0
12.88 115204.0
12.99 92996.0
13.10 109652.0
13.20 97160.0
13.31 116592.0
13.41 102712.0
13.52 92996.0
13.63 101324.0
13.74 94384.0
13.85 109652.0
13.95 90220.0
14.06 102712.0
14.16 99936.0
14.27 117980.0
14.38 105488.0
14.49 108264.0
14.60 70788.0
14.70 94384.0
14.81 87444.0
14.91 74952.0
15.02 109652.0
15.13 94384.0
15.24 97160.0
15.35 87444.0
15.45 66624.0
15.56 73564.0
15.66 69400.0
15.77 108264.0
15.88 109652.0
15.99 111040.0
16.10 86056.0
16.20 91608.0
16.31 113816.0
16.41 87444.0
16.52 94384.0
16.63 127696.0
16.74 109652.0
16.85 102712.0
16.95 88832.0
17.06 102712.0
17.16 74952.0
17.27 108264.0
17.38 113816.0
17.50 106876.0
17.61 102712.0
17.71 87444.0
17.82 99936.0
17.92 95772.0
18.03 104100.0
18.13 95772.0
18.24 91608.0
18.35 106876.0
18.45 70788.0
18.56 94384.0
18.66 94384.0
18.77 105488.0
18.88 97160.0
18.99 108264.0
19.10 119368.0
19.20 86056.0
19.31 108264.0
19.41 79116.0
19.52 108264.0
19.63 90220.0
19.74 92996.0
19.85 88832.0
19.95 84668.0
20.06 117980.0
20.16 66624.0
20.27 83280.0
20.38 88832.0
20.49 88832.0
20.60 87444.0
20.70 84668.0
20.81 104100.0
20.91 77728.0
21.02 94384.0
21.13 86056.0
21.24 101324.0
21.35 95772.0
21.45 99936.0
21.56 101324.0
21.66 97160.0
21.77 101324.0
21.89 54132.0
22.00 44416.0
22.11 36088.0
22.21 36088.0
22.32 40252.0
22.42 38864.0
22.53 45804.0
22.63 43028.0
22.74 51356.0
22.85 45804.0
22.96 44416.0
23.07 44416.0
23.17 40252.0
23.28 45804.0
23.38 36088.0
23.49 49968.0
23.60 44416.0
23.70 33312.0
23.82 40252.0
23.92 30536.0
24.03 44416.0
24.13 70788.0
24.25 58296.0
24.36 61072.0
24.46 72176.0
24.57 95772.0
24.67 68012.0
24.94 16656.0
25.05 278988.0
25.15 83280.0
25.26 98548.0
25.37 43028.0
25.47 65236.0
25.58 83280.0
25.68 90220.0
25.79 81892.0
25.89 86056.0
26.00 72176.0
26.11 94384.0
26.21 90220.0
26.32 101324.0
26.42 90220.0
26.53 104100.0
26.63 92996.0
26.75 101324.0
26.86 94384.0
26.96 77728.0
27.07 102712.0
27.17 87444.0
27.28 88832.0
27.38 86056.0
27.49 83280.0
27.60 86056.0
27.70 61072.0
27.81 73564.0
27.91 88832.0
28.02 87444.0
28.13 87444.0
28.24 94384.0
28.35 80504.0
28.45 77728.0
28.56 99936.0
28.66 73564.0
28.77 91608.0
28.89 102712.0
29.00 113816.0
29.11 95772.0
29.21 84668.0
29.32 92996.0
29.42 92996.0
29.53 109652.0
29.63 83280.0
29.75 101324.0
29.86 102712.0
29.96 72176.0
30.07 92996.0
30.17 86056.0
30.28 105488.0
30.38 84668.0
30.49 74952.0
30.60 79116.0
30.70 72176.0
30.81 73564.0
30.91 72176.0
31.02 66624.0
31.13 81892.0
31.24 98548.0
31.35 76340.0
31.45 62460.0
31.56 69400.0
31.66 72176.0
31.77 111040.0
31.88 81892.0
31.99 86056.0
32.10 95772.0
32.20 77728.0
32.31 87444.0
32.41 69400.0
32.52 65236.0
32.63 86056.0
32.75 77728.0
32.86 54132.0
32.96 61072.0
33.07 81892.0
33.17 95772.0
33.28 98548.0
33.38 68012.0
33.49 63848.0
33.60 66624.0
33.70 54132.0
33.81 56908.0
33.91 56908.0
34.03 66624.0
34.14 58296.0
34.25 41640.0
34.36 73564.0
34.47 73564.0
34.58 58296.0
34.68 55520.0
34.79 47192.0
34.89 51356.0
35.01 74952.0
35.12 74952.0
35.23 84668.0
35.34 86056.0
35.44 73564.0
35.55 61072.0
35.65 63848.0
35.76 56908.0
35.87 66624.0
35.97 74952.0
36.08 74952.0
36.18 48580.0
36.29 58296.0
36.39 70788.0
36.50 94384.0
36.62 52744.0
36.72 92996.0
36.83 81892.0
36.93 77728.0
37.04 58296.0
37.14 49968.0
37.25 91608.0
37.36 41640.0
37.46 38864.0
37.57 68012.0
37.68 62460.0
37.79 62460.0
37.89 69400.0
38.00 73564.0
38.11 84668.0
38.23 86056.0
38.34 61072.0
38.44 65236.0
38.55 37476.0
38.65 55520.0
38.76 81892.0
38.87 61072.0
38.97 52744.0
39.08 49968.0
39.18 43028.0
39.29 51356.0
39.39 66624.0
39.50 56908.0
39.61 33312.0
39.71 29148.0
39.83 48580.0
39.93 22208.0
40.04 44416.0
40.14 63848.0
40.25 45804.0
40.36 72176.0
40.46 40252.0
40.57 73564.0
40.67 54132.0
40.78 55520.0
40.89 97160.0
41.00 90220.0
41.11 69400.0
41.21 87444.0
41.32 81892.0
41.42 79116.0
41.53 70788.0
41.63 81892.0
41.74 84668.0
41.85 83280.0
41.95 83280.0
42.06 92996.0
42.16 84668.0
42.27 92996.0
42.38 90220.0
42.49 83280.0
42.60 73564.0
42.70 74952.0
42.82 59684.0
42.92 73564.0
43.03 81892.0
43.13 86056.0
43.24 98548.0
43.35 69400.0
43.45 69400.0
43.57 84668.0
43.67 74952.0
43.78 111040.0
43.88 98548.0
43.99 87444.0
44.12 40252.0
44.22 29148.0
44.33 88832.0
44.43 72176.0
44.54 69400.0
44.64 63848.0
44.75 73564.0
44.86 73564.0
44.97 62460.0
45.10 40252.0
45.20 48580.0
45.31 94384.0
45.41 90220.0
45.52 72176.0
45.63 87444.0
45.74 84668.0
45.85 72176.0
45.95 65236.0
46.06 84668.0
46.16 70788.0
46.27 81892.0
46.38 95772.0
46.49 95772.0
46.61 86056.0
46.71 88832.0
46.82 86056.0
46.92 74952.0
47.04 91608.0
47.14 77728.0
47.25 80504.0
47.36 72176.0
47.46 84668.0
47.57 83280.0
47.67 87444.0
47.78 88832.0
47.88 72176.0
47.99 83280.0
48.10 77728.0
48.20 70788.0
48.31 79116.0
48.41 77728.0
48.52 80504.0
48.63 79116.0
48.74 74952.0
48.85 84668.0
48.95 79116.0
49.06 65236.0
49.16 45804.0
49.27 43028.0
49.40 49968.0
49.51 33312.0
49.62 44416.0
49.72 41640.0
49.83 47192.0
49.94 41640.0
50.06 51356.0
50.16 51356.0
50.30 30536.0
50.41 38864.0
50.52 36088.0
50.63 40252.0
50.75 41640.0
50.86 48580.0
50.96 26372.0
51.07 38864.0
51.17 36088.0
51.29 20820.0
51.39 8328.0
51.50 29148.0
51.61 47192.0
51.71 15268.0
51.82 43028.0
51.92 24984.0
52.05 31924.0
52.15 18044.0
52.26 36088.0
52.37 47192.0
52.47 52744.0
52.58 45804.0
52.69 48580.0
52.80 51356.0
52.90 19432.0
53.01 22208.0
53.12 34700.0
53.22 37476.0
53.33 43028.0
53.43 37476.0
53.55 49968.0
53.65 33312.0
53.76 45804.0
53.87 31924.0
53.97 33312.0
54.08 48580.0
54.18 19432.0
54.30 27760.0
54.41 74952.0
54.52 34700.0
54.63 48580.0
54.74 58296.0
55.25 8328.0
55.36 173500.0
55.46 24984.0
55.57 24984.0
55.67 36088.0
55.78 49968.0
55.88 31924.0
55.99 48580.0
56.10 54132.0
56.20 27760.0
56.31 16656.0
56.41 16656.0
56.52 55520.0
56.63 36088.0
56.74 45804.0
56.85 80504.0
56.95 63848.0
57.06 56908.0
57.17 92996.0
57.28 97160.0
57.38 45804.0
57.49 91608.0
57.61 73564.0
57.71 45804.0
57.82 113816.0
57.93 79116.0
58.05 88832.0
58.15 91608.0
58.26 91608.0
58.37 108264.0
58.47 86056.0
58.58 112428.0
58.68 95772.0
58.79 88832.0
58.89 101324.0
59.01 97160.0
59.12 97160.0
59.22 95772.0
59.33 99936.0
59.43 69400.0
59.54 95772.0
59.64 73564.0
59.75 97160.0
59.87 108264.0
59.97 91608.0
