0.16 95772.0
0.27 84668.0
0.38 108264.0
0.49 91608.0
0.60 94384.0
0.70 94384.0
0.81 97160.0
0.91 62460.0
1.02 101324.0
1.13 108264.0
1.24 91608.0
1.35 83280.0
1.45 86056.0
1.56 90220.0
1.66 86056.0
1.77 94384.0
1.88 83280.0
1.99 94384.0
2.10 92996.0
2.20 74952.0
2.31 70788.0
2.41 48580.0
2.52 62460.0
2.63 74952.0
2.74 84668.0
2.85 77728.0
2.95 72176.0
3.06 72176.0
3.16 68012.0
3.27 99936.0
3.38 94384.0
3.49 81892.0
3.60 77728.0
3.70 69400.0
3.81 81892.0
3.91 70788.0
4.02 86056.0
4.13 91608.0
4.24 99936.0
4.35 84668.0
4.45 77728.0
4.56 83280.0
4.66 69400.0
4.77 80504.0
4.88 81892.0
4.99 83280.0
5.10 91608.0
5.20 88832.0
5.31 94384.0
5.41 84668.0
5.52 70788.0
5.63 102712.0
5.74 105488.0
5.85 86056.0
5.95 62460.0
6.06 76340.0
6.16 86056.0
6.28 90220.0
6.38 69400.0
6.49 76340.0
6.60 94384.0
6.70 72176.0
6.81 77728.0
6.91 76340.0
7.02 94384.0
7.13 72176.0
7.24 62460.0
7.35 83280.0
7.45 51356.0
7.56 55520.0
7.66 27760.0
7.77 56908.0
7.88 105488.0
7.99 80504.0
8.10 66624.0
8.20 101324.0
8.31 80504.0
8.41 83280.0
8.52 81892.0
8.63 87444.0
8.74 86056.0
8.85 88832.0
8.95 77728.0
9.06 81892.0
9.16 72176.0
9.27 73564.0
9.38 80504.0
9.49 95772.0
9.60 76340.0
9.70 56908.0
9.81 109652.0
9.91 86056.0
10.02 84668.0
10.13 98548.0
10.24 101324.0
10.35 102712.0
10.45 76340.0
10.56 108264.0
10.66 91608.0
10.77 65236.0
10.88 111040.0
10.99 92996.0
11.11 108264.0
11.21 81892.0
11.32 87444.0
11.42 104100.0
11.53 97160.0
11.63 76340.0
11.74 88832.0
11.85 95772.0
11.95 84668.0
12.06 90220.0
12.16 72176.0
12.27 74952.0
12.38 72176.0
12.49 68012.0
12.60 66624.0
12.70 70788.0
12.81 61072.0
12.91 44416.0
13.02 49968.0
13.13 56908.0
13.25 59684.0
13.36 51356.0
13.46 29148.0
13.57 55520.0
13.67 43028.0
13.78 41640.0
13.88 51356.0
13.99 47192.0
14.10 87444.0
14.20 84668.0
14.31 80504.0
14.41 90220.0
14.52 87444.0
14.63 61072.0
14.74 99936.0
14.85 86056.0
14.95 72176.0
15.06 68012.0
15.16 86056.0
15.27 95772.0
15.38 94384.0
15.49 105488.0
15.60 101324.0
15.70 88832.0
15.81 83280.0
15.92 70788.0
16.03 84668.0
16.13 65236.0
16.24 90220.0
16.35 98548.0
16.45 84668.0
16.56 86056.0
16.66 76340.0
16.77 94384.0
16.88 97160.0
16.99 95772.0
17.10 94384.0
17.20 87444.0
17.31 108264.0
17.41 81892.0
17.52 119368.0
17.63 94384.0
17.74 83280.0
17.85 95772.0
17.95 73564.0
18.06 91608.0
18.16 83280.0
18.27 101324.0
18.38 84668.0
18.49 94384.0
18.60 83280.0
18.70 68012.0
18.81 105488.0
18.92 90220.0
19.03 95772.0
19.13 90220.0
19.24 95772.0
19.35 101324.0
19.45 90220.0
19.56 99936.0
19.66 97160.0
19.77 79116.0
19.89 81892.0
20.00 87444.0
20.11 112428.0
20.21 97160.0
20.32 104100.0
20.42 86056.0
20.53 92996.0
20.63 97160.0
20.74 98548.0
20.85 99936.0
20.95 102712.0
21.06 106876.0
21.16 83280.0
21.27 109652.0
21.38 105488.0
21.49 92996.0
21.60 108264.0
21.70 90220.0
21.81 111040.0
21.91 94384.0
22.02 104100.0
22.13 86056.0
22.24 84668.0
22.35 81892.0
22.45 87444.0
22.56 90220.0
22.66 83280.0
22.77 80504.0
22.88 102712.0
22.99 91608.0
23.10 72176.0
23.20 63848.0
23.32 52744.0
23.42 37476.0
23.53 65236.0
23.63 30536.0
23.74 43028.0
23.85 43028.0
23.95 61072.0
24.06 87444.0
24.16 84668.0
24.27 109652.0
24.38 116592.0
24.49 101324.0
24.60 83280.0
24.70 95772.0
24.81 87444.0
24.91 98548.0
25.02 99936.0
25.13 91608.0
25.24 90220.0
25.35 65236.0
25.45 56908.0
25.56 83280.0
25.67 83280.0
25.78 102712.0
25.88 72176.0
25.99 108264.0
26.10 95772.0
26.20 102712.0
26.31 83280.0
26.41 101324.0
26.52 109652.0
26.63 101324.0
26.74 109652.0
26.85 99936.0
26.95 87444.0
27.06 95772.0
27.16 81892.0
27.27 99936.0
27.38 117980.0
27.49 111040.0
27.60 115204.0
27.70 94384.0
27.81 111040.0
27.91 106876.0
28.02 105488.0
28.13 115204.0
28.24 99936.0
28.35 87444.0
28.45 88832.0
28.57 98548.0
28.67 104100.0
28.78 97160.0
28.88 86056.0
28.99 98548.0
29.10 104100.0
29.20 95772.0
29.31 104100.0
29.41 70788.0
29.52 123532.0
29.63 109652.0
29.74 99936.0
29.85 112428.0
29.95 109652.0
30.06 102712.0
30.16 104100.0
30.27 98548.0
30.38 81892.0
30.49 106876.0
30.60 70788.0
30.70 99936.0
30.81 88832.0
30.91 73564.0
31.02 86056.0
31.13 117980.0
31.24 102712.0
31.35 87444.0
31.45 99936.0
31.56 94384.0
31.66 88832.0
31.77 99936.0
31.88 102712.0
31.99 101324.0
32.10 105488.0
32.20 108264.0
32.31 97160.0
32.41 83280.0
32.52 105488.0
32.63 55520.0
32.74 52744.0
32.85 56908.0
32.95 33312.0
33.06 37476.0
33.16 44416.0
33.27 48580.0
33.38 45804.0
33.49 47192.0
33.60 40252.0
33.70 70788.0
33.81 105488.0
33.92 48580.0
34.03 59684.0
34.13 48580.0
34.24 56908.0
34.35 76340.0
34.45 83280.0
34.56 87444.0
34.66 84668.0
34.77 83280.0
34.88 84668.0
34.99 62460.0
35.10 68012.0
35.20 47192.0
35.31 79116.0
35.41 72176.0
35.52 95772.0
35.63 95772.0
35.74 102712.0
35.85 91608.0
35.95 76340.0
36.07 97160.0
36.17 81892.0
36.28 101324.0
36.38 83280.0
36.49 88832.0
36.60 97160.0
36.70 66624.0
36.81 81892.0
36.91 87444.0
37.03 95772.0
37.14 98548.0
37.25 104100.0
37.36 94384.0
37.46 88832.0
37.57 81892.0
37.67 69400.0
37.78 77728.0
37.88 80504.0
37.99 87444.0
38.10 69400.0
38.20 86056.0
38.31 92996.0
38.41 66624.0
38.52 105488.0
38.63 66624.0
38.74 91608.0
38.86 101324.0
38.96 84668.0
39.07 84668.0
39.17 70788.0
39.28 99936.0
39.38 77728.0
39.49 99936.0
39.60 88832.0
39.70 91608.0
39.81 98548.0
39.91 51356.0
40.02 55520.0
40.13 58296.0
40.24 79116.0
40.35 80504.0
40.45 84668.0
40.56 81892.0
40.66 91608.0
40.77 92996.0
40.88 98548.0
40.99 70788.0
41.10 113816.0
41.20 102712.0
41.31 104100.0
41.41 88832.0
41.52 98548.0
41.63 117980.0
41.74 102712.0
41.85 120756.0
41.96 102712.0
42.07 83280.0
42.17 84668.0
42.28 95772.0
42.38 76340.0
42.49 80504.0
42.60 84668.0
42.70 74952.0
42.81 83280.0
42.91 55520.0
43.02 77728.0
43.13 66624.0
43.25 69400.0
43.36 54132.0
43.46 56908.0
43.57 54132.0
43.67 55520.0
43.78 79116.0
43.88 94384.0
43.99 94384.0
44.10 111040.0
44.20 92996.0
44.31 97160.0
44.41 84668.0
44.52 106876.0
44.63 113816.0
44.74 104100.0
44.85 106876.0
44.95 92996.0
45.06 120756.0
45.16 86056.0
45.27 95772.0
45.38 115204.0
45.49 83280.0
45.60 105488.0
45.70 98548.0
45.81 86056.0
45.91 99936.0
46.02 97160.0
46.13 74952.0
46.24 86056.0
46.35 83280.0
46.45 41640.0
46.56 59684.0
46.66 37476.0
46.77 49968.0
46.88 41640.0
46.99 33312.0
47.10 51356.0
47.20 44416.0
47.31 48580.0
47.41 41640.0
47.52 48580.0
47.63 81892.0
47.74 66624.0
47.85 86056.0
47.95 83280.0
48.06 86056.0
48.16 66624.0
48.27 86056.0
48.38 74952.0
48.49 97160.0
48.60 81892.0
48.70 98548.0
48.81 77728.0
48.91 80504.0
49.02 86056.0
49.13 90220.0
49.24 102712.0
49.35 77728.0
49.45 83280.0
49.56 95772.0
49.66 61072.0
49.77 116592.0
49.89 81892.0
50.00 99936.0
50.12 92996.0
50.22 97160.0
50.33 91608.0
50.43 68012.0
50.54 81892.0
50.64 95772.0
50.75 91608.0
50.86 98548.0
50.96 88832.0
51.07 94384.0
51.17 91608.0
51.28 69400.0
51.38 98548.0
51.49 87444.0
51.60 104100.0
51.70 79116.0
51.81 90220.0
51.91 79116.0
52.02 87444.0
52.13 79116.0
52.24 83280.0
52.35 108264.0
52.45 87444.0
52.56 79116.0
52.67 77728.0
52.78 92996.0
52.88 69400.0
52.99 79116.0
53.10 77728.0
53.20 90220.0
53.31 76340.0
53.41 91608.0
53.52 106876.0
53.63 86056.0
53.74 90220.0
53.85 79116.0
53.95 87444.0
54.06 81892.0
54.16 76340.0
54.27 101324.0
54.38 102712.0
54.49 83280.0
54.60 91608.0
54.70 73564.0
54.81 99936.0
54.91 76340.0
55.02 87444.0
55.13 98548.0
55.24 94384.0
55.35 76340.0
55.45 69400.0
55.56 63848.0
55.66 34700.0
55.77 69400.0
55.88 61072.0
55.99 83280.0
56.10 101324.0
56.20 81892.0
56.31 86056.0
56.41 65236.0
56.52 106876.0
56.63 101324.0
56.74 92996.0
56.85 98548.0
56.95 79116.0
57.06 111040.0
57.16 69400.0
57.27 99936.0
57.38 86056.0
57.49 105488.0
57.60 95772.0
57.70 99936.0
57.81 105488.0
57.91 79116.0
58.02 88832.0
58.13 98548.0
58.24 95772.0
58.35 111040.0
58.45 72176.0
58.56 106876.0
58.66 77728.0
58.77 108264.0
58.88 98548.0
58.99 102712.0
59.10 119368.0
59.20 91608.0
59.31 102712.0
59.41 94384.0
59.52 106876.0
59.63 106876.0
59.74 119368.0
59.85 95772.0
59.95 99936.0
