0.20 79116.0
0.31 97160.0
0.41 80504.0
0.52 90220.0
0.63 88832.0
0.74 87444.0
0.85 88832.0
0.96 94384.0
1.08 95772.0
1.18 84668.0
1.29 87444.0
1.39 74952.0
1.50 102712.0
1.61 92996.0
1.71 84668.0
1.82 102712.0
1.92 79116.0
2.03 101324.0
2.13 80504.0
2.24 106876.0
2.35 98548.0
2.45 86056.0
2.57 104100.0
2.67 88832.0
2.78 91608.0
2.88 84668.0
2.99 84668.0
3.10 105488.0
3.20 88832.0
3.31 86056.0
3.41 92996.0
3.52 88832.0
3.64 97160.0
3.75 92996.0
3.86 91608.0
3.96 90220.0
4.08 102712.0
4.18 95772.0
4.29 95772.0
4.39 84668.0
4.50 91608.0
4.61 102712.0
4.72 95772.0
4.83 94384.0
4.93 92996.0
5.04 79116.0
5.14 79116.0
5.25 92996.0
5.36 92996.0
5.46 84668.0
5.57 99936.0
5.67 80504.0
5.78 104100.0
5.88 97160.0
5.99 94384.0
6.10 104100.0
6.20 88832.0
6.31 91608.0
6.41 92996.0
6.52 95772.0
6.63 101324.0
6.74 90220.0
6.85 101324.0
6.95 97160.0
7.06 99936.0
7.16 92996.0
7.27 73564.0
7.38 83280.0
7.49 84668.0
7.60 98548.0
7.70 94384.0
7.81 99936.0
7.91 87444.0
8.02 94384.0
8.13 87444.0
8.24 108264.0
8.35 90220.0
8.45 84668.0
8.56 95772.0
8.66 91608.0
8.77 98548.0
8.88 86056.0
8.99 90220.0
9.10 81892.0
9.20 104100.0
9.31 90220.0
9.41 77728.0
9.52 109652.0
9.63 95772.0
9.74 101324.0
9.85 97160.0
9.95 68012.0
10.07 59684.0
10.17 56908.0
10.28 66624.0
10.38 81892.0
10.49 94384.0
10.60 98548.0
10.70 77728.0
10.81 94384.0
10.91 88832.0
11.02 87444.0
11.13 86056.0
11.24 91608.0
11.35 99936.0
11.45 70788.0
11.56 79116.0
11.66 79116.0
11.77 101324.0
11.88 98548.0
12.00 90220.0
12.11 90220.0
12.21 84668.0
12.32 70788.0
12.42 88832.0
12.53 87444.0
12.63 74952.0
12.74 76340.0
12.85 79116.0
12.95 79116.0
13.07 90220.0
13.17 84668.0
13.28 81892.0
13.38 87444.0
13.49 98548.0
13.60 84668.0
13.70 79116.0
13.81 92996.0
13.92 91608.0
14.03 104100.0
14.13 70788.0
14.24 99936.0
14.35 87444.0
14.45 86056.0
14.56 88832.0
14.66 86056.0
14.77 95772.0
14.88 81892.0
15.00 94384.0
15.11 88832.0
15.21 66624.0
15.32 91608.0
15.42 80504.0
15.53 102712.0
15.63 99936.0
15.74 101324.0
15.85 98548.0
15.95 86056.0
16.06 94384.0
16.16 87444.0
16.27 69400.0
16.38 87444.0
16.49 80504.0
16.60 79116.0
16.70 81892.0
16.81 88832.0
16.91 70788.0
17.02 69400.0
17.13 70788.0
17.24 74952.0
17.35 98548.0
17.45 80504.0
17.56 84668.0
17.66 87444.0
17.77 83280.0
17.88 91608.0
17.99 86056.0
18.10 88832.0
18.20 81892.0
18.31 87444.0
18.41 76340.0
18.52 79116.0
18.63 91608.0
18.74 68012.0
18.85 65236.0
18.95 66624.0
19.06 80504.0
19.16 83280.0
19.27 88832.0
19.38 94384.0
19.49 76340.0
19.60 81892.0
19.70 72176.0
19.81 69400.0
19.91 98548.0
20.02 74952.0
20.13 91608.0
20.24 94384.0
20.35 81892.0
20.45 83280.0
20.56 83280.0
20.66 91608.0
20.77 81892.0
20.88 86056.0
20.99 94384.0
21.11 90220.0
21.21 74952.0
21.32 72176.0
21.42 73564.0
21.53 80504.0
21.64 74952.0
21.75 90220.0
21.86 94384.0
21.96 69400.0
22.07 77728.0
22.17 80504.0
22.28 87444.0
22.38 72176.0
22.49 84668.0
22.60 92996.0
22.70 70788.0
22.81 108264.0
22.91 83280.0
23.02 91608.0
23.13 84668.0
23.24 79116.0
23.35 92996.0
23.45 79116.0
23.56 81892.0
23.66 87444.0
23.77 80504.0
23.88 95772.0
23.99 88832.0
24.10 83280.0
24.20 68012.0
24.31 84668.0
24.41 80504.0
24.52 66624.0
24.63 90220.0
24.74 69400.0
24.85 76340.0
24.95 81892.0
25.06 81892.0
25.16 69400.0
25.27 88832.0
25.39 72176.0
25.50 87444.0
25.61 90220.0
25.71 68012.0
25.82 81892.0
25.92 69400.0
26.03 106876.0
26.13 90220.0
26.24 98548.0
26.35 86056.0
26.45 70788.0
26.56 102712.0
26.66 79116.0
26.77 84668.0
26.88 84668.0
26.99 81892.0
27.10 76340.0
27.20 88832.0
27.31 81892.0
27.41 80504.0
27.52 87444.0
27.64 84668.0
27.75 90220.0
27.86 68012.0
27.96 70788.0
28.07 72176.0
28.17 79116.0
28.28 76340.0
28.38 66624.0
28.49 68012.0
28.60 87444.0
28.70 77728.0
28.81 80504.0
28.91 49968.0
29.02 43028.0
29.13 69400.0
29.24 65236.0
29.35 54132.0
29.45 45804.0
29.56 43028.0
29.66 44416.0
29.77 33312.0
29.88 47192.0
29.99 58296.0
30.10 62460.0
30.20 79116.0
30.31 74952.0
30.41 66624.0
30.52 86056.0
30.63 77728.0
30.74 81892.0
30.85 79116.0
30.96 79116.0
31.07 98548.0
31.17 68012.0
31.28 83280.0
31.38 83280.0
31.49 62460.0
31.60 84668.0
31.70 68012.0
31.81 81892.0
31.91 66624.0
32.02 81892.0
32.13 91608.0
32.24 86056.0
32.35 70788.0
32.45 72176.0
32.56 77728.0
32.67 74952.0
32.78 88832.0
32.88 84668.0
32.99 88832.0
33.10 86056.0
33.20 81892.0
33.31 90220.0
33.41 83280.0
33.52 80504.0
33.63 70788.0
33.74 68012.0
33.86 70788.0
33.96 63848.0
34.07 56908.0
34.17 70788.0
34.28 59684.0
34.38 54132.0
34.49 55520.0
34.60 38864.0
34.70 44416.0
34.81 44416.0
34.91 41640.0
35.02 43028.0
35.13 37476.0
35.24 45804.0
35.35 49968.0
35.45 38864.0
35.56 54132.0
35.66 44416.0
35.77 44416.0
35.88 41640.0
35.99 45804.0
36.10 49968.0
36.20 45804.0
36.31 49968.0
36.41 77728.0
36.52 76340.0
36.64 79116.0
36.75 77728.0
36.86 92996.0
36.96 72176.0
37.07 80504.0
37.17 70788.0
37.28 79116.0
37.38 66624.0
37.49 58296.0
37.60 77728.0
37.70 79116.0
37.81 72176.0
37.91 62460.0
38.02 81892.0
38.13 81892.0
38.24 70788.0
38.35 86056.0
38.45 61072.0
38.56 88832.0
38.66 84668.0
38.77 79116.0
38.88 88832.0
39.00 95772.0
39.11 92996.0
39.21 74952.0
39.32 88832.0
39.42 76340.0
39.53 86056.0
39.63 74952.0
39.74 88832.0
39.85 104100.0
39.95 84668.0
40.06 65236.0
40.16 80504.0
40.27 83280.0
40.38 76340.0
40.49 77728.0
40.60 83280.0
40.70 77728.0
40.82 72176.0
40.92 69400.0
41.04 94384.0
41.14 79116.0
41.25 90220.0
41.36 88832.0
41.46 83280.0
41.57 88832.0
41.67 66624.0
41.78 98548.0
41.88 76340.0
41.99 76340.0
42.10 72176.0
42.20 73564.0
42.31 79116.0
42.41 87444.0
42.52 101324.0
42.63 91608.0
42.74 86056.0
42.85 95772.0
42.95 76340.0
43.06 87444.0
43.16 88832.0
43.27 84668.0
43.38 106876.0
43.49 90220.0
43.60 95772.0
43.70 63848.0
43.81 92996.0
43.91 62460.0
44.02 54132.0
44.13 81892.0
44.25 79116.0
44.36 87444.0
44.46 74952.0
44.57 84668.0
44.67 87444.0
44.78 90220.0
44.88 73564.0
44.99 87444.0
45.10 92996.0
45.20 77728.0
45.31 101324.0
45.41 66624.0
45.52 87444.0
45.63 79116.0
45.78 90220.0
46.03 1388.0
46.13 224856.0
46.24 176276.0
46.36 101324.0
46.47 87444.0
46.58 84668.0
46.68 88832.0
46.79 95772.0
46.89 68012.0
47.00 104100.0
47.11 94384.0
47.21 76340.0
47.32 81892.0
47.42 70788.0
47.53 76340.0
47.63 73564.0
47.74 83280.0
47.85 69400.0
47.95 77728.0
48.06 84668.0
48.16 79116.0
48.27 84668.0
48.38 95772.0
48.49 91608.0
48.60 77728.0
48.70 77728.0
48.81 74952.0
48.91 62460.0
49.02 65236.0
49.13 70788.0
49.24 74952.0
49.35 69400.0
49.45 59684.0
49.56 73564.0
49.66 80504.0
49.77 81892.0
49.88 90220.0
50.00 80504.0
50.11 87444.0
50.21 76340.0
50.32 79116.0
50.42 66624.0
50.54 59684.0
50.64 63848.0
50.75 76340.0
50.86 74952.0
50.96 62460.0
51.07 76340.0
51.17 76340.0
51.28 68012.0
51.38 73564.0
51.50 72176.0
51.62 86056.0
51.72 66624.0
51.83 62460.0
51.93 69400.0
52.04 86056.0
52.14 61072.0
52.25 80504.0
52.36 74952.0
52.46 69400.0
52.57 65236.0
52.67 65236.0
52.78 76340.0
52.88 77728.0
52.99 72176.0
53.10 95772.0
53.20 80504.0
53.31 98548.0
53.41 80504.0
53.52 109652.0
53.63 102712.0
53.74 92996.0
53.85 88832.0
53.95 83280.0
54.06 87444.0
54.16 79116.0
54.27 77728.0
54.38 79116.0
54.49 74952.0
54.60 87444.0
54.70 83280.0
54.81 79116.0
54.91 83280.0
55.02 80504.0
55.13 74952.0
55.24 73564.0
55.35 76340.0
55.45 69400.0
55.56 87444.0
55.66 65236.0
55.77 77728.0
55.88 90220.0
56.00 95772.0
56.11 84668.0
56.21 77728.0
56.32 83280.0
56.42 68012.0
56.53 73564.0
56.63 80504.0
56.74 79116.0
56.85 63848.0
56.95 69400.0
57.06 76340.0
57.16 68012.0
57.27 84668.0
57.38 99936.0
57.49 83280.0
57.60 79116.0
57.70 68012.0
57.82 88832.0
57.92 83280.0
58.03 77728.0
58.13 72176.0
58.24 76340.0
58.35 91608.0
58.45 66624.0
58.56 97160.0
58.66 74952.0
58.77 95772.0
58.88 86056.0
59.00 88832.0
59.11 104100.0
59.21 83280.0
59.32 99936.0
59.42 59684.0
59.53 90220.0
59.63 86056.0
59.74 72176.0
59.85 90220.0
59.95 79116.0
