0.12 86056.0
0.23 65236.0
0.34 79116.0
0.44 69400.0
0.55 91608.0
0.65 80504.0
0.76 79116.0
0.87 72176.0
0.98 77728.0
1.09 94384.0
1.19 81892.0
1.30 101324.0
1.40 86056.0
1.51 81892.0
1.62 72176.0
1.73 79116.0
1.84 70788.0
1.95 62460.0
2.06 86056.0
2.16 49968.0
2.27 79116.0
2.38 56908.0
2.49 68012.0
2.60 68012.0
2.70 54132.0
2.81 99936.0
2.91 59684.0
3.02 62460.0
3.12 62460.0
3.23 56908.0
3.34 58296.0
3.44 63848.0
3.55 58296.0
3.65 49968.0
3.76 51356.0
3.87 45804.0
3.98 61072.0
4.09 40252.0
4.19 44416.0
4.30 80504.0
4.40 79116.0
4.51 81892.0
4.62 95772.0
4.73 92996.0
4.84 99936.0
4.94 86056.0
5.05 92996.0
5.15 87444.0
5.26 83280.0
5.37 87444.0
5.48 87444.0
5.59 81892.0
5.69 92996.0
5.80 105488.0
5.90 101324.0
6.01 98548.0
6.12 94384.0
6.23 115204.0
6.34 97160.0
6.44 62460.0
6.55 94384.0
6.66 101324.0
6.77 95772.0
6.87 87444.0
6.98 94384.0
7.09 92996.0
7.19 81892.0
7.30 98548.0
7.41 94384.0
7.52 101324.0
7.62 86056.0
7.73 76340.0
7.84 98548.0
7.94 77728.0
8.05 95772.0
8.15 84668.0
8.26 98548.0
8.37 92996.0
8.48 90220.0
8.59 92996.0
8.70 91608.0
8.81 88832.0
8.92 80504.0
9.03 88832.0
9.13 81892.0
9.24 97160.0
9.35 90220.0
9.45 73564.0
9.56 92996.0
9.66 102712.0
9.77 81892.0
9.87 91608.0
9.98 92996.0
10.09 86056.0
10.19 83280.0
10.30 99936.0
10.41 74952.0
10.52 97160.0
10.62 90220.0
10.74 66624.0
10.85 95772.0
10.95 79116.0
11.06 108264.0
11.16 83280.0
11.27 105488.0
11.38 86056.0
11.49 105488.0
11.60 95772.0
11.70 86056.0
11.81 84668.0
11.91 97160.0
12.02 86056.0
12.12 83280.0
12.23 98548.0
12.34 105488.0
12.44 84668.0
12.55 106876.0
12.65 88832.0
12.77 99936.0
12.87 97160.0
12.98 98548.0
13.10 91608.0
13.20 98548.0
13.31 104100.0
13.41 86056.0
13.52 94384.0
13.62 83280.0
13.73 94384.0
13.84 97160.0
13.94 87444.0
14.05 94384.0
14.15 98548.0
14.26 95772.0
14.37 94384.0
14.48 91608.0
14.59 111040.0
14.69 80504.0
14.80 76340.0
14.90 104100.0
15.01 106876.0
15.12 102712.0
15.23 109652.0
15.34 104100.0
15.44 84668.0
15.55 102712.0
15.65 105488.0
15.76 109652.0
15.88 101324.0
15.99 98548.0
16.10 104100.0
16.20 98548.0
16.31 108264.0
16.41 83280.0
16.52 99936.0
16.62 88832.0
16.73 98548.0
16.84 91608.0
16.94 94384.0
17.05 101324.0
17.15 90220.0
17.26 83280.0
17.37 99936.0
17.48 94384.0
17.59 106876.0
17.69 91608.0
17.81 94384.0
17.91 98548.0
18.02 112428.0
18.12 105488.0
18.23 111040.0
18.34 108264.0
18.44 87444.0
18.55 97160.0
18.65 101324.0
18.77 95772.0
18.87 102712.0
18.98 106876.0
19.09 102712.0
19.19 98548.0
19.30 91608.0
19.40 77728.0
19.51 102712.0
19.62 105488.0
19.73 97160.0
19.84 108264.0
19.94 102712.0
20.05 91608.0
20.15 90220.0
20.26 102712.0
20.37 106876.0
20.48 102712.0
20.59 108264.0
20.69 86056.0
20.81 101324.0
20.91 109652.0
21.02 99936.0
21.12 95772.0
21.23 99936.0
21.34 109652.0
21.45 83280.0
21.56 92996.0
21.66 94384.0
21.78 98548.0
21.88 88832.0
21.99 99936.0
22.10 99936.0
22.20 92996.0
22.31 97160.0
22.41 98548.0
22.52 106876.0
22.62 95772.0
22.73 86056.0
22.84 105488.0
22.94 90220.0
23.05 97160.0
23.15 105488.0
23.26 99936.0
23.37 109652.0
23.48 102712.0
23.59 112428.0
23.69 108264.0
23.80 105488.0
23.90 90220.0
24.01 101324.0
24.12 99936.0
24.23 109652.0
24.34 90220.0
24.44 88832.0
24.55 94384.0
24.65 92996.0
24.77 106876.0
24.88 99936.0
24.99 102712.0
25.10 101324.0
25.20 84668.0
25.31 113816.0
25.41 92996.0
25.52 81892.0
25.62 74952.0
25.73 79116.0
25.84 109652.0
25.94 77728.0
26.05 99936.0
26.15 91608.0
26.26 101324.0
26.37 102712.0
26.48 94384.0
26.59 98548.0
26.69 95772.0
26.80 116592.0
26.90 91608.0
27.01 119368.0
27.12 104100.0
27.23 104100.0
27.34 102712.0
27.44 94384.0
27.55 95772.0
27.65 83280.0
27.76 105488.0
27.87 102712.0
27.98 90220.0
28.09 101324.0
28.19 113816.0
28.30 106876.0
28.40 91608.0
28.52 90220.0
28.62 102712.0
28.73 105488.0
28.84 101324.0
28.94 87444.0
29.05 111040.0
29.15 92996.0
29.26 101324.0
29.37 104100.0
29.48 111040.0
29.59 109652.0
29.70 113816.0
29.82 124920.0
29.92 101324.0
30.03 94384.0
30.13 101324.0
30.24 105488.0
30.35 86056.0
30.45 101324.0
30.57 98548.0
30.67 112428.0
30.78 111040.0
30.88 106876.0
31.00 115204.0
31.11 101324.0
31.21 84668.0
31.32 90220.0
31.42 84668.0
31.53 102712.0
31.63 102712.0
31.74 94384.0
31.85 105488.0
31.95 88832.0
32.08 90220.0
32.18 76340.0
32.29 72176.0
32.39 70788.0
32.50 84668.0
32.61 97160.0
32.71 98548.0
32.82 102712.0
32.92 104100.0
33.03 97160.0
33.13 98548.0
33.24 105488.0
33.35 108264.0
33.45 81892.0
33.56 94384.0
33.66 99936.0
33.77 94384.0
33.87 88832.0
33.98 104100.0
34.10 95772.0
34.20 102712.0
34.31 104100.0
34.41 81892.0
34.52 105488.0
34.62 94384.0
34.73 111040.0
34.84 104100.0
34.94 91608.0
35.05 81892.0
35.15 84668.0
35.26 98548.0
35.37 92996.0
35.48 86056.0
35.59 106876.0
35.70 88832.0
35.81 95772.0
35.91 84668.0
36.02 95772.0
36.12 86056.0
36.23 97160.0
36.34 84668.0
36.44 92996.0
36.55 95772.0
36.65 98548.0
36.76 91608.0
36.87 108264.0
36.98 80504.0
37.09 91608.0
37.19 84668.0
37.30 63848.0
37.40 52744.0
37.51 70788.0
37.62 77728.0
37.73 55520.0
37.84 45804.0
37.94 54132.0
38.05 70788.0
38.15 61072.0
38.26 62460.0
38.37 94384.0
38.49 95772.0
38.60 112428.0
38.70 92996.0
38.81 77728.0
38.91 98548.0
39.02 92996.0
39.12 84668.0
39.23 79116.0
39.34 86056.0
39.44 62460.0
39.55 92996.0
39.65 87444.0
39.76 91608.0
39.87 87444.0
39.98 91608.0
40.09 87444.0
40.19 72176.0
40.30 83280.0
40.40 81892.0
40.51 98548.0
40.62 91608.0
40.73 86056.0
40.84 77728.0
40.94 98548.0
41.05 69400.0
41.15 74952.0
41.26 76340.0
41.37 63848.0
41.48 88832.0
41.61 86056.0
41.71 81892.0
41.82 69400.0
41.92 80504.0
42.03 87444.0
42.13 72176.0
42.24 79116.0
42.35 80504.0
42.45 87444.0
42.56 92996.0
42.66 77728.0
42.77 66624.0
42.87 81892.0
42.98 76340.0
43.09 83280.0
43.19 79116.0
43.30 77728.0
43.40 70788.0
43.51 81892.0
43.62 74952.0
43.73 80504.0
43.84 84668.0
43.94 73564.0
44.05 68012.0
44.15 74952.0
44.26 79116.0
44.37 88832.0
44.48 72176.0
44.60 84668.0
44.70 48580.0
44.81 76340.0
44.91 65236.0
45.02 90220.0
45.12 77728.0
45.24 99936.0
45.35 92996.0
45.45 66624.0
45.56 99936.0
45.66 86056.0
45.77 83280.0
45.87 79116.0
45.98 95772.0
46.09 87444.0
46.19 87444.0
46.30 68012.0
46.40 76340.0
46.51 80504.0
46.62 79116.0
46.73 68012.0
46.84 86056.0
46.94 76340.0
47.05 90220.0
47.15 79116.0
47.26 83280.0
47.37 74952.0
47.48 73564.0
47.59 72176.0
47.69 66624.0
47.80 76340.0
47.90 76340.0
48.01 70788.0
48.12 88832.0
48.23 74952.0
48.34 81892.0
48.44 55520.0
48.55 77728.0
48.65 63848.0
48.76 80504.0
48.87 70788.0
48.98 56908.0
49.09 81892.0
49.19 58296.0
49.30 76340.0
49.40 70788.0
49.51 83280.0
49.62 86056.0
49.73 51356.0
49.84 44416.0
49.94 33312.0
50.05 44416.0
50.15 41640.0
50.26 45804.0
50.37 34700.0
50.48 61072.0
50.59 94384.0
50.69 66624.0
50.80 49968.0
50.90 80504.0
51.01 99936.0
51.12 66624.0
51.23 47192.0
51.34 38864.0
51.44 79116.0
51.55 92996.0
51.65 80504.0
51.76 83280.0
51.87 88832.0
51.98 88832.0
52.09 81892.0
52.19 87444.0
52.30 86056.0
52.41 80504.0
52.52 101324.0
52.62 87444.0
52.73 84668.0
52.84 83280.0
52.94 69400.0
53.05 65236.0
53.15 51356.0
53.26 94384.0
53.37 86056.0
53.48 70788.0
53.59 62460.0
53.69 47192.0
53.80 40252.0
53.90 43028.0
54.01 74952.0
54.12 87444.0
54.23 84668.0
54.34 90220.0
54.44 73564.0
54.55 94384.0
54.65 80504.0
54.76 84668.0
54.87 101324.0
54.98 94384.0
55.09 47192.0
55.19 37476.0
55.30 37476.0
55.40 47192.0
55.51 40252.0
55.62 47192.0
55.73 63848.0
55.84 101324.0
55.94 69400.0
56.05 51356.0
56.15 44416.0
56.26 48580.0
56.37 43028.0
56.48 45804.0
56.59 38864.0
56.70 40252.0
56.81 51356.0
56.92 43028.0
57.03 47192.0
57.13 45804.0
57.24 87444.0
57.35 76340.0
57.46 59684.0
57.57 76340.0
57.67 55520.0
57.78 41640.0
57.88 37476.0
57.99 43028.0
58.10 41640.0
58.20 38864.0
58.31 41640.0
58.41 41640.0
58.52 54132.0
58.62 33312.0
58.73 77728.0
58.84 51356.0
58.94 36088.0
59.05 45804.0
59.15 52744.0
59.26 66624.0
59.37 59684.0
59.49 59684.0
59.60 66624.0
59.70 52744.0
59.81 66624.0
59.91 41640.0
