0.10 18612.20
0.20 18612.20
0.30 18612.20
0.40 18612.20
0.50 18612.20
0.60 12058.60
0.70 12058.60
0.80 12058.60
0.90 12058.60
1.00 12058.60
1.10 15204.40
1.20 15204.40
1.30 15204.40
1.40 15204.40
1.50 15204.40
1.60 20709.40
1.70 20709.40
1.80 20709.40
1.90 20709.40
2.00 20709.40
2.10 21495.80
2.20 21495.80
2.30 21495.80
2.40 21495.80
2.50 21495.80
2.60 19136.50
2.70 19136.50
2.80 19136.50
2.90 19136.50
3.00 19136.50
3.10 16777.20
3.20 16777.20
3.30 16777.20
3.40 16777.20
3.50 16777.20
3.60 17301.50
3.70 17301.50
3.80 17301.50
3.90 17301.50
4.00 17301.50
4.10 21495.80
4.20 21495.80
4.30 21495.80
4.40 21495.80
4.50 21495.80
4.60 11796.50
4.70 11796.50
4.80 11796.50
4.90 11796.50
5.00 11796.50
5.10 21758.00
5.20 21758.00
5.30 21758.00
5.40 21758.00
5.50 21758.00
5.60 18612.20
5.70 18612.20
5.80 18612.20
5.90 18612.20
6.00 18612.20
6.10 13893.60
6.20 13893.60
6.30 13893.60
6.40 13893.60
6.50 13893.60
6.60 20185.10
6.70 20185.10
6.80 20185.10
6.90 20185.10
7.00 20185.10
7.10 15204.40
7.20 15204.40
7.30 15204.40
7.40 15204.40
7.50 15204.40
7.60 19922.90
7.70 19922.90
7.80 19922.90
7.90 19922.90
8.00 19922.90
8.10 19922.90
8.20 19922.90
8.30 19922.90
8.40 19922.90
8.50 19922.90
8.60 14680.10
8.70 14680.10
8.80 14680.10
8.90 14680.10
9.00 14680.10
9.10 9437.20
9.20 9437.20
9.30 9437.20
9.40 9437.20
9.50 9437.20
9.60 12320.80
9.70 12320.80
9.80 12320.80
9.90 12320.80
10.00 12320.80
10.10 19660.80
10.20 19660.80
10.30 19660.80
10.40 19660.80
10.50 19660.80
10.60 15204.40
10.70 15204.40
10.80 15204.40
10.90 15204.40
11.00 15204.40
11.10 21495.80
11.20 21495.80
11.30 21495.80
11.40 21495.80
11.50 21495.80
11.60 18874.40
11.70 18874.40
11.80 18874.40
11.90 18874.40
12.00 18874.40
12.10 29884.40
12.20 29884.40
12.30 29884.40
12.40 29884.40
12.50 29884.40
12.60 40108.00
12.70 40108.00
12.80 40108.00
12.90 40108.00
13.00 40108.00
13.10 70516.70
13.20 70516.70
13.30 70516.70
13.40 70516.70
13.50 70516.70
13.60 38273.00
13.70 38273.00
13.80 38273.00
13.90 38273.00
14.00 38273.00
14.10 35389.40
14.20 35389.40
14.30 35389.40
14.40 35389.40
14.50 35389.40
14.60 32505.90
14.70 32505.90
14.80 32505.90
14.90 32505.90
15.00 32505.90
15.10 44040.20
15.20 44040.20
15.30 44040.20
15.40 44040.20
15.50 44040.20
15.60 17039.40
15.70 17039.40
15.80 17039.40
15.90 17039.40
16.00 17039.40
16.10 28573.70
16.20 28573.70
16.30 28573.70
16.40 28573.70
16.50 28573.70
16.60 30933.00
16.70 30933.00
16.80 30933.00
16.90 30933.00
17.00 30933.00
17.10 22020.10
17.20 22020.10
17.30 22020.10
17.40 22020.10
17.50 22020.10
17.60 41943.00
17.70 41943.00
17.80 41943.00
17.90 41943.00
18.00 41943.00
18.10 19398.70
18.20 19398.70
18.30 19398.70
18.40 19398.70
18.50 19398.70
18.60 29622.30
18.70 29622.30
18.80 29622.30
18.90 29622.30
19.00 29622.30
19.10 32768.00
19.20 32768.00
19.30 32768.00
19.40 32768.00
19.50 32768.00
19.60 35913.70
19.70 35913.70
19.80 35913.70
19.90 35913.70
20.00 35913.70
20.10 19660.80
20.20 19660.80
20.30 19660.80
20.40 19660.80
20.50 19660.80
20.60 39059.50
20.70 39059.50
20.80 39059.50
20.90 39059.50
21.00 39059.50
21.10 41156.60
21.20 41156.60
21.30 41156.60
21.40 41156.60
21.50 41156.60
21.60 19136.50
21.70 19136.50
21.80 19136.50
21.90 19136.50
22.00 19136.50
22.10 33292.30
22.20 33292.30
22.30 33292.30
22.40 33292.30
22.50 33292.30
22.60 23855.10
22.70 23855.10
22.80 23855.10
22.90 23855.10
23.00 23855.10
23.10 28573.70
23.20 28573.70
23.30 28573.70
23.40 28573.70
23.50 28573.70
23.60 5242.90
23.70 5242.90
23.80 5242.90
23.90 5242.90
24.00 5242.90
24.10 26738.70
24.20 26738.70
24.30 26738.70
24.40 26738.70
24.50 26738.70
24.60 34078.70
24.70 34078.70
24.80 34078.70
24.90 34078.70
25.00 34078.70
25.10 35913.70
25.20 35913.70
25.30 35913.70
25.40 35913.70
25.50 35913.70
25.60 36700.20
25.70 36700.20
25.80 36700.20
25.90 36700.20
26.00 36700.20
26.10 43778.00
26.20 43778.00
26.30 43778.00
26.40 43778.00
26.50 43778.00
26.60 55574.50
26.70 55574.50
26.80 55574.50
26.90 55574.50
27.00 55574.50
27.10 41680.90
27.20 41680.90
27.30 41680.90
27.40 41680.90
27.50 41680.90
27.60 32505.90
27.70 32505.90
27.80 32505.90
27.90 32505.90
28.00 32505.90
28.10 5242.90
28.20 5242.90
28.30 5242.90
28.40 5242.90
28.50 5242.90
28.60 51380.20
28.70 51380.20
28.80 51380.20
28.90 51380.20
29.00 51380.20
29.10 40108.00
29.20 40108.00
29.30 40108.00
29.40 40108.00
29.50 40108.00
29.60 43515.90
29.70 43515.90
29.80 43515.90
29.90 43515.90
30.00 43515.90
