0.10 59506.70
0.20 59506.70
0.30 59506.70
0.40 59506.70
0.50 59506.70
0.60 53739.50
0.70 53739.50
0.80 53739.50
0.90 53739.50
1.00 53739.50
1.10 34603.00
1.20 34603.00
1.30 34603.00
1.40 34603.00
1.50 34603.00
1.60 31457.30
1.70 31457.30
1.80 31457.30
1.90 31457.30
2.00 31457.30
2.10 45088.80
2.20 45088.80
2.30 45088.80
2.40 45088.80
2.50 45088.80
2.60 48758.80
2.70 48758.80
2.80 48758.80
2.90 48758.80
3.00 48758.80
3.10 24903.70
3.20 24903.70
3.30 24903.70
3.40 24903.70
3.50 24903.70
3.60 58982.40
3.70 58982.40
3.80 58982.40
3.90 58982.40
4.00 58982.40
4.10 18612.20
4.20 18612.20
4.30 18612.20
4.40 18612.20
4.50 18612.20
4.60 23330.80
4.70 23330.80
4.80 23330.80
4.90 23330.80
5.00 23330.80
5.10 17301.50
5.20 17301.50
5.30 17301.50
5.40 17301.50
5.50 17301.50
5.60 23330.80
5.70 23330.80
5.80 23330.80
5.90 23330.80
6.00 23330.80
6.10 11534.30
6.20 11534.30
6.30 11534.30
6.40 11534.30
6.50 11534.30
6.60 14680.10
6.70 14680.10
6.80 14680.10
6.90 14680.10
7.00 14680.10
7.10 21495.80
7.20 21495.80
7.30 21495.80
7.40 21495.80
7.50 21495.80
7.60 26476.50
7.70 26476.50
7.80 26476.50
7.90 26476.50
8.00 26476.50
8.10 25690.10
8.20 25690.10
8.30 25690.10
8.40 25690.10
8.50 25690.10
8.60 27525.10
8.70 27525.10
8.80 27525.10
8.90 27525.10
9.00 27525.10
9.10 30670.80
9.20 30670.80
9.30 30670.80
9.40 30670.80
9.50 30670.80
9.60 33554.40
9.70 33554.40
9.80 33554.40
9.90 33554.40
10.00 33554.40
10.10 24903.70
10.20 24903.70
10.30 24903.70
10.40 24903.70
10.50 24903.70
10.60 23068.70
10.70 23068.70
10.80 23068.70
10.90 23068.70
11.00 23068.70
11.10 35389.40
11.20 35389.40
11.30 35389.40
11.40 35389.40
11.50 35389.40
11.60 27000.80
11.70 27000.80
11.80 27000.80
11.90 27000.80
12.00 27000.80
12.10 24117.20
12.20 24117.20
12.30 24117.20
12.40 24117.20
12.50 24117.20
12.60 17301.50
12.70 17301.50
12.80 17301.50
12.90 17301.50
13.00 17301.50
13.10 24379.40
13.20 24379.40
13.30 24379.40
13.40 24379.40
13.50 24379.40
13.60 16777.20
13.70 16777.20
13.80 16777.20
13.90 16777.20
14.00 16777.20
14.10 31195.10
14.20 31195.10
14.30 31195.10
14.40 31195.10
14.50 31195.10
14.60 29360.10
14.70 29360.10
14.80 29360.10
14.90 29360.10
15.00 29360.10
15.10 35389.40
15.20 35389.40
15.30 35389.40
15.40 35389.40
15.50 35389.40
15.60 26738.70
15.70 26738.70
15.80 26738.70
15.90 26738.70
16.00 26738.70
16.10 34865.20
16.20 34865.20
16.30 34865.20
16.40 34865.20
16.50 34865.20
16.60 40632.30
16.70 40632.30
16.80 40632.30
16.90 40632.30
17.00 40632.30
17.10 15204.40
17.20 15204.40
17.30 15204.40
17.40 15204.40
17.50 15204.40
17.60 33292.30
17.70 33292.30
17.80 33292.30
17.90 33292.30
18.00 33292.30
18.10 62652.40
18.20 62652.40
18.30 62652.40
18.40 62652.40
18.50 62652.40
18.60 11534.30
18.70 11534.30
18.80 11534.30
18.90 11534.30
19.00 11534.30
19.10 19922.90
19.20 19922.90
19.30 19922.90
19.40 19922.90
19.50 19922.90
19.60 32505.90
19.70 32505.90
19.80 32505.90
19.90 32505.90
20.00 32505.90
20.10 42729.50
20.20 42729.50
20.30 42729.50
20.40 42729.50
20.50 42729.50
20.60 22282.20
20.70 22282.20
20.80 22282.20
20.90 22282.20
21.00 22282.20
21.10 18350.10
21.20 18350.10
21.30 18350.10
21.40 18350.10
21.50 18350.10
21.60 46137.30
21.70 46137.30
21.80 46137.30
21.90 46137.30
22.00 46137.30
22.10 28573.70
22.20 28573.70
22.30 28573.70
22.40 28573.70
22.50 28573.70
22.60 30670.80
22.70 30670.80
22.80 30670.80
22.90 30670.80
23.00 30670.80
23.10 40894.50
23.20 40894.50
23.30 40894.50
23.40 40894.50
23.50 40894.50
23.60 41156.60
23.70 41156.60
23.80 41156.60
23.90 41156.60
24.00 41156.60
24.10 15466.50
24.20 15466.50
24.30 15466.50
24.40 15466.50
24.50 15466.50
24.60 16252.90
24.70 16252.90
24.80 16252.90
24.90 16252.90
25.00 16252.90
25.10 20971.50
25.20 20971.50
25.30 20971.50
25.40 20971.50
25.50 20971.50
25.60 43778.00
25.70 43778.00
25.80 43778.00
25.90 43778.00
26.00 43778.00
26.10 21495.80
26.20 21495.80
26.30 21495.80
26.40 21495.80
26.50 21495.80
26.60 24117.20
26.70 24117.20
26.80 24117.20
26.90 24117.20
27.00 24117.20
27.10 33816.60
27.20 33816.60
27.30 33816.60
27.40 33816.60
27.50 33816.60
27.60 19398.70
27.70 19398.70
27.80 19398.70
27.90 19398.70
28.00 19398.70
28.10 27263.00
28.20 27263.00
28.30 27263.00
28.40 27263.00
28.50 27263.00
28.60 32505.90
28.70 32505.90
28.80 32505.90
28.90 32505.90
29.00 32505.90
29.10 9437.20
29.20 9437.20
29.30 9437.20
29.40 9437.20
29.50 9437.20
29.60 24641.50
29.70 24641.50
29.80 24641.50
29.90 24641.50
30.00 24641.50
