0.10 23068.70
0.20 23068.70
0.30 23068.70
0.40 23068.70
0.50 23068.70
0.60 51118.10
0.70 51118.10
0.80 51118.10
0.90 51118.10
1.00 51118.10
1.10 17825.80
1.20 17825.80
1.30 17825.80
1.40 17825.80
1.50 17825.80
1.60 37224.40
1.70 37224.40
1.80 37224.40
1.90 37224.40
2.00 37224.40
2.10 19922.90
2.20 19922.90
2.30 19922.90
2.40 19922.90
2.50 19922.90
2.60 27263.00
2.70 27263.00
2.80 27263.00
2.90 27263.00
3.00 27263.00
3.10 22282.20
3.20 22282.20
3.30 22282.20
3.40 22282.20
3.50 22282.20
3.60 38797.30
3.70 38797.30
3.80 38797.30
3.90 38797.30
4.00 38797.30
4.10 22806.50
4.20 22806.50
4.30 22806.50
4.40 22806.50
4.50 22806.50
4.60 14942.20
4.70 14942.20
4.80 14942.20
4.90 14942.20
5.00 14942.20
5.10 41680.90
5.20 41680.90
5.30 41680.90
5.40 41680.90
5.50 41680.90
5.60 24117.20
5.70 24117.20
5.80 24117.20
5.90 24117.20
6.00 24117.20
6.10 17563.60
6.20 17563.60
6.30 17563.60
6.40 17563.60
6.50 17563.60
6.60 22282.20
6.70 22282.20
6.80 22282.20
6.90 22282.20
7.00 22282.20
7.10 35651.60
7.20 35651.60
7.30 35651.60
7.40 35651.60
7.50 35651.60
7.60 33554.40
7.70 33554.40
7.80 33554.40
7.90 33554.40
8.00 33554.40
8.10 29360.10
8.20 29360.10
8.30 29360.10
8.40 29360.10
8.50 29360.10
8.60 26738.70
8.70 26738.70
8.80 26738.70
8.90 26738.70
9.00 26738.70
9.10 33554.40
9.20 33554.40
9.30 33554.40
9.40 33554.40
9.50 33554.40
9.60 13369.30
9.70 13369.30
9.80 13369.30
9.90 13369.30
10.00 13369.30
10.10 23068.70
10.20 23068.70
10.30 23068.70
10.40 23068.70
10.50 23068.70
10.60 19398.70
10.70 19398.70
10.80 19398.70
10.90 19398.70
11.00 19398.70
11.10 19136.50
11.20 19136.50
11.30 19136.50
11.40 19136.50
11.50 19136.50
11.60 18087.90
11.70 18087.90
11.80 18087.90
11.90 18087.90
12.00 18087.90
12.10 55312.40
12.20 55312.40
12.30 55312.40
12.40 55312.40
12.50 55312.40
12.60 63963.10
12.70 63963.10
12.80 63963.10
12.90 63963.10
13.00 63963.10
13.10 68157.40
13.20 68157.40
13.30 68157.40
13.40 68157.40
13.50 68157.40
13.60 26476.50
13.70 26476.50
13.80 26476.50
13.90 26476.50
14.00 26476.50
14.10 51380.20
14.20 51380.20
14.30 51380.20
14.40 51380.20
14.50 51380.20
14.60 53739.50
14.70 53739.50
14.80 53739.50
14.90 53739.50
15.00 53739.50
15.10 22020.10
15.20 22020.10
15.30 22020.10
15.40 22020.10
15.50 22020.10
15.60 86245.40
15.70 86245.40
15.80 86245.40
15.90 86245.40
16.00 86245.40
16.10 81788.90
16.20 81788.90
16.30 81788.90
16.40 81788.90
16.50 81788.90
16.60 17301.50
16.70 17301.50
16.80 17301.50
16.90 17301.50
17.00 17301.50
17.10 41680.90
17.20 41680.90
17.30 41680.90
17.40 41680.90
17.50 41680.90
17.60 59506.70
17.70 59506.70
17.80 59506.70
17.90 59506.70
18.00 59506.70
18.10 28835.80
18.20 28835.80
18.30 28835.80
18.40 28835.80
18.50 28835.80
18.60 63701.00
18.70 63701.00
18.80 63701.00
18.90 63701.00
19.00 63701.00
19.10 61079.60
19.20 61079.60
19.30 61079.60
19.40 61079.60
19.50 61079.60
19.60 75497.50
19.70 75497.50
19.80 75497.50
19.90 75497.50
20.00 75497.50
20.10 5242.90
20.20 5242.90
20.30 5242.90
20.40 5242.90
20.50 5242.90
20.60 66322.40
20.70 66322.40
20.80 66322.40
20.90 66322.40
21.00 66322.40
21.10 86507.50
21.20 86507.50
21.30 86507.50
21.40 86507.50
21.50 86507.50
21.60 49283.10
21.70 49283.10
21.80 49283.10
21.90 49283.10
22.00 49283.10
22.10 28835.80
22.20 28835.80
22.30 28835.80
22.40 28835.80
22.50 28835.80
22.60 29884.40
22.70 29884.40
22.80 29884.40
22.90 29884.40
23.00 29884.40
23.10 16252.90
23.20 16252.90
23.30 16252.90
23.40 16252.90
23.50 16252.90
23.60 83623.90
23.70 83623.90
23.80 83623.90
23.90 83623.90
24.00 83623.90
24.10 67895.30
24.20 67895.30
24.30 67895.30
24.40 67895.30
24.50 67895.30
24.60 66322.40
24.70 66322.40
24.80 66322.40
24.90 66322.40
25.00 66322.40
25.10 58720.30
25.20 58720.30
25.30 58720.30
25.40 58720.30
25.50 58720.30
25.60 40108.00
25.70 40108.00
25.80 40108.00
25.90 40108.00
26.00 40108.00
26.10 14417.90
26.20 14417.90
26.30 14417.90
26.40 14417.90
26.50 14417.90
26.60 40632.30
26.70 40632.30
26.80 40632.30
26.90 40632.30
27.00 40632.30
27.10 57933.80
27.20 57933.80
27.30 57933.80
27.40 57933.80
27.50 57933.80
27.60 48234.50
27.70 48234.50
27.80 48234.50
27.90 48234.50
28.00 48234.50
28.10 5767.20
28.20 5767.20
28.30 5767.20
28.40 5767.20
28.50 5767.20
28.60 35389.40
28.70 35389.40
28.80 35389.40
28.90 35389.40
29.00 35389.40
29.10 5242.90
29.20 5242.90
29.30 5242.90
29.40 5242.90
29.50 5242.90
29.60 39321.60
29.70 39321.60
29.80 39321.60
29.90 39321.60
30.00 39321.60
