0.17 115204.0
0.28 145740.0
0.38 101324.0
0.49 130472.0
0.60 148516.0
0.70 112428.0
0.81 126308.0
0.91 126308.0
1.02 140188.0
1.12 141576.0
1.24 127696.0
1.35 126308.0
1.45 141576.0
1.56 130472.0
1.66 113816.0
1.77 126308.0
1.87 101324.0
1.99 130472.0
2.10 147128.0
2.20 117980.0
2.31 159620.0
2.41 111040.0
2.52 130472.0
2.62 123532.0
2.73 142964.0
2.84 127696.0
2.94 119368.0
3.05 108264.0
3.15 122144.0
3.27 137412.0
3.37 119368.0
3.48 117980.0
3.59 156844.0
3.69 120756.0
3.80 144352.0
3.90 134636.0
4.01 145740.0
4.12 106876.0
4.23 117980.0
4.35 134636.0
4.45 130472.0
4.56 138800.0
4.66 120756.0
4.77 136024.0
4.87 124920.0
4.98 140188.0
5.09 142964.0
5.19 117980.0
5.30 138800.0
5.40 109652.0
5.51 147128.0
5.62 124920.0
5.73 116592.0
5.84 79116.0
5.94 65236.0
6.05 105488.0
6.15 140188.0
6.26 149904.0
6.37 116592.0
6.48 141576.0
6.59 126308.0
6.69 123532.0
6.80 138800.0
6.90 116592.0
7.01 144352.0
7.12 122144.0
7.23 145740.0
7.34 136024.0
7.44 119368.0
7.55 152680.0
7.66 138800.0
7.77 122144.0
7.87 104100.0
7.98 148516.0
8.09 120756.0
8.20 145740.0
8.31 155456.0
8.41 123532.0
8.52 137412.0
8.62 134636.0
8.73 105488.0
8.84 136024.0
8.94 126308.0
9.05 119368.0
9.15 119368.0
9.26 131860.0
9.37 112428.0
9.48 105488.0
9.59 119368.0
9.69 108264.0
9.80 142964.0
9.90 133248.0
10.01 133248.0
10.12 156844.0
10.23 130472.0
10.34 122144.0
10.44 120756.0
10.56 141576.0
10.66 127696.0
10.77 145740.0
10.87 123532.0
10.98 136024.0
11.09 127696.0
11.19 140188.0
11.30 145740.0
11.40 101324.0
11.51 122144.0
11.62 147128.0
11.73 151292.0
11.84 124920.0
11.94 129084.0
12.05 133248.0
12.15 122144.0
12.26 123532.0
12.37 122144.0
12.48 162396.0
12.59 126308.0
12.69 142964.0
12.80 141576.0
12.90 113816.0
13.01 144352.0
13.12 133248.0
13.24 130472.0
13.35 134636.0
13.46 87444.0
13.57 147128.0
13.67 130472.0
13.78 120756.0
13.88 129084.0
13.99 126308.0
14.10 98548.0
14.20 62460.0
14.31 104100.0
14.41 112428.0
14.52 134636.0
14.62 127696.0
14.73 136024.0
14.84 117980.0
14.94 80504.0
15.06 131860.0
15.16 151292.0
15.27 144352.0
15.37 127696.0
15.48 145740.0
15.59 130472.0
15.69 134636.0
15.80 131860.0
15.90 137412.0
16.01 138800.0
16.12 126308.0
16.23 133248.0
16.35 136024.0
16.45 124920.0
16.56 141576.0
16.66 137412.0
16.77 152680.0
16.87 129084.0
16.98 140188.0
17.09 133248.0
17.19 131860.0
17.30 136024.0
17.40 130472.0
17.51 126308.0
17.62 159620.0
17.74 138800.0
17.85 136024.0
17.95 155456.0
18.06 126308.0
18.16 105488.0
18.27 102712.0
18.37 126308.0
18.48 163784.0
18.59 140188.0
18.69 141576.0
18.81 141576.0
18.92 131860.0
19.03 144352.0
19.13 129084.0
19.24 133248.0
19.36 122144.0
19.46 123532.0
19.57 134636.0
19.67 113816.0
19.78 138800.0
19.88 124920.0
19.99 129084.0
20.10 161008.0
20.20 104100.0
20.32 142964.0
20.42 113816.0
20.53 152680.0
20.63 131860.0
20.74 154068.0
20.85 120756.0
20.95 136024.0
21.06 151292.0
21.16 119368.0
21.28 159620.0
21.38 142964.0
21.50 151292.0
21.61 155456.0
21.71 145740.0
21.82 144352.0
21.92 126308.0
22.03 147128.0
22.13 127696.0
22.24 133248.0
22.35 144352.0
22.45 122144.0
22.56 133248.0
22.66 126308.0
22.77 129084.0
22.87 123532.0
22.98 154068.0
23.09 144352.0
23.19 124920.0
23.30 140188.0
23.40 111040.0
23.51 148516.0
23.62 137412.0
23.73 130472.0
23.84 149904.0
23.95 116592.0
24.06 151292.0
24.16 98548.0
24.27 149904.0
24.37 130472.0
24.48 145740.0
24.59 126308.0
24.69 141576.0
24.80 136024.0
24.90 122144.0
25.01 106876.0
25.12 136024.0
25.23 138800.0
25.34 149904.0
25.44 99936.0
25.55 120756.0
25.65 137412.0
25.76 151292.0
25.87 147128.0
25.98 140188.0
26.09 131860.0
26.19 141576.0
26.30 129084.0
26.40 142964.0
26.51 154068.0
26.62 144352.0
26.73 134636.0
26.84 124920.0
26.94 120756.0
27.05 131860.0
27.15 98548.0
27.26 123532.0
27.37 141576.0
27.48 119368.0
27.59 155456.0
27.69 122144.0
27.80 154068.0
27.90 144352.0
28.01 138800.0
28.12 147128.0
28.23 130472.0
28.34 145740.0
28.44 129084.0
28.55 145740.0
28.65 117980.0
28.76 138800.0
28.87 126308.0
28.98 142964.0
29.09 123532.0
29.19 138800.0
29.30 148516.0
29.40 115204.0
29.51 129084.0
29.63 145740.0
29.74 136024.0
29.85 167948.0
29.96 134636.0
