3
6
10
13
16
20
23
26
30
33
36
40
43
46
50
53
56
60
63
66
70
73
76
80
83
86
90
93
96
100
103
106
110
113
116
120
123
126
130
133
136
140
143
146
150
153
156
160
163
166
170
173
176
180
183
186
190
193
196
200
203
206
209
212
216
219
222
225
229
232
235
238
241
245
248
251
254
258
261
264
267
270
274
277
280
283
287
290
293
296
300
303
306
310
313
316
320
323
326
330
333
336
340
343
346
350
353
356
360
363
366
370
373
376
380
383
386
390
393
396
400
403
406
409
412
416
419
422
425
429
432
435
438
441
445
448
451
454
458
461
464
467
470
474
477
480
483
487
490
493
496
500
504
509
514
519
523
528
533
538
542
547
552
557
561
566
571
576
580
585
590
595
600
604
609
614
619
623
628
633
638
642
647
652
657
661
666
671
676
680
685
690
695
700
704
709
713
718
722
727
731
736
740
745
750
754
759
763
768
772
777
781
786
790
795
800
804
809
814
819
823
828
833
838
842
847
852
857
861
866
871
876
880
885
890
895
900
904
909
914
919
923
928
933
938
942
947
952
957
961
966
971
976
980
985
990
995
1000
1002
1004
1007
1010
1012
1015
1017
1020
1022
1025
1027
1030
1032
1035
1037
1040
1042
1045
1047
1050
1052
1055
1057
1060
1062
1065
1067
1070
1072
1075
1077
1080
1082
1085
1087
1090
1092
1095
1097
1100
1102
1104
1107
1109
1112
1114
1117
1119
1121
1124
1126
1129
1131
1134
1136
1139
1141
1143
1146
1148
1151
1153
1156
1158
1160
1163
1165
1168
1170
1173
1175
1178
1180
1182
1185
1187
1190
1192
1195
1197
1200
1202
1205
1207
1210
1212
1214
1217
1220
1222
1225
1227
1230
1232
1234
1237
1240
1242
1245
1247
1250
1252
1255
1257
1260
1262
1265
1267
1270
1272
1275
1277
1280
1282
1285
1287
1290
1292
1295
1297
1300
1302
1305
1307
1310
1312
1315
1317
1320
1322
1325
1327
1330
1332
1335
1337
1340
1342
1345
1347
1350
1352
1355
1357
1359
1362
1365
1367
1369
1372
1375
1377
1380
1382
1385
1387
1390
1392
1395
1397
1400
1402
1404
1407
1410
1412
1415
1417
1420
1422
1424
1427
1430
1432
1435
1437
1440
1442
1444
1447
1450
1452
1455
1457
1460
1462
1464
1467
1470
1472
1475
1477
1480
1482
1484
1487
1490
1492
1495
1497
1500
1505
1510
1515
1520
1525
1530
1535
1540
1545
1550
1555
1560
1565
1570
1575
1580
1585
1590
1595
1600
1605
1610
1615
1620
1625
1630
1635
1640
1645
1650
1655
1660
1665
1670
1675
1680
1685
1690
1695
1700
1705
1710
1714
1720
1725
1730
1734
1740
1745
1750
1755
1760
1765
1770
1775
1780
1785
1790
1795
1800
1805
1810
1815
1820
1825
1830
1835
1840
1845
1850
1855
1859
1865
1869
1875
1880
1885
1890
1895
1900
1904
1910
1915
1920
1924
1930
1935
1940
1944
1950
1955
1960
1964
1970
1975
1980
1984
1990
1995
2000
2004
2009
2013
2018
2022
2027
2031
2036
2040
2045
2050
2054
2059
2063
2068
2072
2077
2081
2086
2090
2095
2100
2104
2109
2113
2118
2122
2127
2131
2136
2140
2145
2150
2154
2159
2163
2168
2172
2177
2181
2186
2190
2195
2200
2204
2209
2213
2218
2222
2227
2231
2236
2240
2245
2250
2254
2259
2263
2268
2272
2277
2281
2286
2290
2295
2300
2304
2309
2313
2318
2322
2327
2331
2336
2340
2345
2349
2354
2359
2363
2368
2372
2377
2381
2386
2390
2395
2400
2404
2409
2413
2418
2422
2427
2431
2436
2440
2445
2450
2454
2459
2463
2468
2472
2477
2481
2486
2490
2495
2500
2505
2510
2515
2520
2525
2530
2535
2540
2545
2550
2555
2560
2565
2570
2575
2580
2585
2590
2595
2600
2605
2610
2615
2620
2625
2630
2635
2640
2645
2650
2655
2660
2665
2670
2675
2680
2685
2690
2695
2700
2705
2710
2715
2720
2725
2730
2735
2740
2745
2750
2755
2760
2765
2770
2775
2780
2784
2790
2795
2800
2804
2809
2815
2820
2824
2830
2835
2840
2844
2849
2855
2860
2864
2870
2875
2880
2885
2889
2895
2900
2905
2910
2915
2921
2926
2931
2936
2942
2947
2952
2957
2963
2968
2973
2978
2984
2989
2994
3000
3001
3002
3004
3005
3007
3008
3009
3011
3012
3014
3015
3016
3018
3019
3021
3022
3023
3025
3026
3028
3029
3030
3032
3033
3035
3036
3038
3039
3040
3042
3043
3045
3046
3047
3049
3050
3052
3053
3054
3056
3057
3059
3060
3061
3063
3064
3066
3067
3069
3070
3071
3073
3074
3076
3077
3078
3080
3081
3083
3084
3085
3087
3088
3090
3091
3092
3094
3095
3097
3098
3100
3101
3102
3104
3105
3107
3108
3109
3111
3112
3114
3115
3116
3118
3119
3121
3122
3123
3125
3126
3128
3129
3130
3132
3133
3135
3136
3138
3139
3140
3142
3143
3145
3146
3147
3149
3150
3152
3153
3154
3156
3157
3159
3160
3161
3163
3164
3166
3167
3169
3170
3171
3173
3174
3176
3177
3178
3180
3181
3183
3184
3185
3187
3188
3190
3191
3192
3194
3195
3197
3198
3200
3201
3202
3204
3205
3207
3208
3209
3211
3212
3214
3215
3216
3218
3219
3221
3222
3223
3225
3226
3228
3229
3230
3232
3233
3235
3236
3238
3239
3240
3242
3243
3245
3246
3247
3249
3250
3252
3253
3254
3256
3257
3259
3260
3261
3263
3264
3266
3267
3269
3270
3271
3273
3274
3276
3277
3278
3280
3281
3283
3284
3285
3287
3288
3290
3291
3292
3294
3295
3297
3298
3300
3301
3302
3304
3305
3307
3308
3309
3311
3312
3314
3315
3316
3318
3319
3321
3322
3323
3325
3326
3328
3329
3330
3332
3333
3335
3336
3338
3339
3340
3342
3343
3345
3346
3347
3349
3350
3352
3353
3354
3356
3357
3359
3360
3361
3363
3364
3366
3367
3369
3370
3371
3373
3374
3376
3377
3378
3380
3381
3383
3384
3385
3387
3388
3390
3391
3392
3394
3395
3397
3398
3400
3401
3402
3404
3405
3407
3408
3410
3411
3412
3414
3415
3417
3418
3420
3421
3422
3424
3425
3427
3428
3429
3431
3432
3434
3435
3437
3438
3440
3441
3442
3444
3445
3447
3448
3450
3451
3452
3454
3455
3457
3458
3460
3461
3462
3464
3465
3467
3468
3469
3471
3472
3474
3475
3477
3478
3480
3481
3482
3484
3485
3487
3488
3490
3491
3492
3494
3495
3497
3498
3500
3501
3502
3504
3505
3507
3508
3510
3511
3513
3514
3516
3517
3519
3520
3522
3523
3525
3526
3527
3529
3530
3532
3533
3535
3536
3538
3539
3541
3542
3544
3545
3547
3548
3550
3551
3552
3554
3555
3557
3558
3560
3561
3563
3564
3566
3567
3569
3570
3572
3573
3575
3576
3577
3579
3580
3582
3583
3585
3586
3588
3589
3591
3592
3594
3595
3597
3598
3600
3601
3602
3604
3605
3607
3608
3610
3611
3613
3614
3616
3617
3619
3620
3622
3623
3625
3626
3627
3629
3630
3632
3633
3635
3636
3638
3639
3641
3642
3644
3645
3647
3648
3650
3651
3652
3654
3655
3657
3658
3660
3661
3663
3664
3666
3667
3669
3670
3672
3673
3675
3676
3677
3679
3680
3682
3683
3685
3686
3688
3689
3691
3692
3694
3695
3697
3698
3700
3701
3702
3704
3705
3707
3708
3710
3711
3713
3714
3716
3717
3719
3720
3722
3723
3725
3726
3727
3729
3730
3732
3733
3735
3736
3738
3739
3741
3742
3744
3745
3747
3748
3750
3751
3752
3754
3755
3757
3758
3760
3761
3763
3764
3766
3767
3769
3770
3772
3773
3775
3776
3777
3779
3780
3782
3783
3785
3786
3788
3789
3791
3792
3794
3795
3797
3798
3800
3801
3802
3804
3805
3807
3808
3810
3811
3813
3814
3816
3817
3819
3820
3822
3823
3824
3826
3827
3829
3830
3832
3833
3835
3836
3838
3839
3841
3842
3844
3845
3847
3848
3849
3851
3852
3854
3855
3857
3858
3860
3861
3863
3864
3866
3867
3869
3870
3872
3873
3875
3876
3877
3879
3880
3882
3883
3885
3886
3888
3889
3891
3892
3894
3895
3897
3898
3900
3901
3902
3904
3905
3907
3908
3910
3911
3913
3914
3916
3917
3919
3920
3922
3923
3925
3926
3928
3929
3931
3932
3934
3935
3937
3938
3940
3941
3943
3944
3946
3947
3949
3950
3952
3953
3955
3956
3958
3959
3961
3962
3964
3965
3967
3968
3970
3971
3973
3974
3976
3977
3979
3980
3982
3983
3985
3986
3988
3989
3991
3992
3994
3995
3997
3998
4000
4002
4004
4007
4009
4012
4014
4017
4019
4021
4024
4026
4029
4031
4034
4036
4039
4041
4043
4046
4048
4051
4053
4056
4058
4060
4063
4065
4068
4070
4073
4075
4078
4080
4082
4085
4087
4090
4092
4095
4097
4100
4102
4104
4107
4109
4112
4114
4117
4119
4121
4124
4126
4129
4131
4134
4136
4139
4141
4143
4146
4148
4151
4153
4156
4158
4160
4163
4165
4168
4170
4173
4175
4178
4180
4182
4185
4187
4190
4192
4195
4197
4200
4202
4204
4207
4209
4212
4214
4217
4219
4221
4224
4226
4229
4231
4234
4236
4239
4241
4243
4246
4248
4251
4253
4256
4258
4260
4263
4265
4268
4270
4273
4275
4278
4280
4282
4285
4287
4290
4292
4295
4297
4300
4302
4305
4307
4310
4312
4314
4317
4320
4322
4325
4327
4330
4332
4335
4337
4340
4342
4345
4347
4350
4352
4355
4357
4360
4362
4365
4367
4370
4372
4375
4377
4380
4382
4385
4387
4390
4392
4395
4397
4400
4402
4404
4407
4409
4412
4414
4417
4419
4421
4424
4426
4429
4431
4434
4436
4439
4441
4443
4446
4448
4451
4453
4456
4458
4460
4463
4465
4468
4470
4473
4475
4478
4480
4482
4485
4487
4490
4492
4495
4497
4500
4501
4503
4505
4506
4508
4510
4511
4513
4515
4516
4518
4520
4521
4523
4525
4526
4528
4530
4531
4533
4535
4536
4538
4540
4541
4543
4545
4546
4548
4550
4551
4553
4555
4556
4558
4560
4561
4563
4564
4566
4568
4569
4571
4573
4574
4576
4578
4580
4581
4583
4585
4586
4588
4590
4591
4593
4595
4596
4598
4600
4601
4603
4604
4606
4608
4609
4611
4613
4614
4616
4618
4620
4621
4623
4625
4626
4628
4630
4631
4633
4635
4636
4638
4640
4641
4643
4645
4646
4648
4650
4651
4653
4655
4656
4658
4660
4661
4663
4665
4666
4668
4670
4671
4673
4675
4676
4678
4680
4681
4683
4685
4686
4688
4690
4691
4693
4695
4696
4698
4700
4701
4703
4705
4706
4708
4710
4711
4713
4715
4716
4718
4720
4721
4723
4725
4726
4728
4730
4731
4733
4735
4736
4738
4740
4741
4743
4745
4746
4748
4750
4751
4753
4755
4756
4758
4760
4761
4763
4765
4766
4768
4770
4771
4773
4775
4776
4778
4780
4781
4783
4785
4786
4788
4790
4791
4793
4795
4796
4798
4800
4801
4803
4805
4806
4808
4810
4811
4813
4814
4816
4818
4820
4821
4823
4825
4826
4828
4830
4831
4833
4835
4836
4838
4840
4841
4843
4845
4846
4848
4850
4851
4853
4855
4856
4858
4860
4861
4863
4865
4866
4868
4870
4871
4873
4875
4876
4878
4880
4881
4883
4885
4886
4888
4890
4891
4893
4895
4896
4898
4900
4901
4903
4905
4906
4908
4910
4911
4913
4915
4916
4918
4920
4921
4923
4925
4926
4928
4930
4931
4933
4935
4936
4938
4940
4941
4943
4945
4946
4948
4950
4951
4953
4955
4956
4958
4960
4961
4963
4965
4966
4968
4970
4971
4973
4975
4976
4978
4980
4981
4983
4985
4986
4988
4990
4991
4993
4995
4996
4998
5000
5004
5008
5012
5016
5020
5024
5028
5032
5036
5040
5044
5048
5052
5056
5060
5064
5068
5072
5076
5080
5084
5088
5092
5096
5100
5103
5107
5111
5115
5119
5123
5126
5130
5134
5138
5142
5146
5150
5153
5157
5161
5165
5169
5173
5176
5180
5184
5188
5192
5196
5200
5203
5207
5211
5215
5219
5223
5226
5230
5234
5238
5242
5246
5250
5253
5257
5261
5265
5269
5273
5276
5280
5284
5288
5292
5296
5300
5304
5308
5312
5316
5320
5324
5328
5332
5336
5340
5344
5348
5352
5356
5360
5364
5368
5372
5376
5380
5384
5388
5392
5396
5400
5403
5407
5411
5415
5419
5423
5426
5430
5434
5438
5442
5446
5450
5453
5457
5461
5465
5469
5473
5476
5480
5484
5488
5492
5496
5500
5503
5507
5511
5514
5518
5522
5525
5529
5533
5537
5540
5544
5548
5551
5555
5559
5562
5566
5570
5574
5577
5581
5585
5588
5592
5596
5600
5603
5607
5610
5614
5617
5621
5625
5628
5632
5635
5639
5642
5646
5650
5653
5657
5660
5664
5667
5671
5675
5678
5682
5685
5689
5692
5696
5700
5703
5707
5711
5714
5718
5722
5725
5729
5733
5737
5740
5744
5748
5751
5755
5759
5762
5766
5770
5774
5777
5781
5785
5788
5792
5796
5800
5803
5807
5811
5814
5818
5822
5825
5829
5833
5837
5840
5844
5848
5851
5855
5859
5862
5866
5870
5874
5877
5881
5885
5888
5892
5896
5900
5903
5907
5911
5914
5918
5922
5925
5929
5933
5937
5940
5944
5948
5951
5955
5959
5962
5966
5970
5974
5977
5981
5985
5988
5992
5996
6000
6001
6002
6003
6004
6006
6007
6008
6009
6010
6012
6013
6014
6015
6017
6018
6019
6020
6021
6023
6024
6025
6026
6028
6029
6030
6031
6032
6034
6035
6036
6037
6039
6040
6041
6042
6043
6045
6046
6047
6048
6050
6051
6052
6053
6054
6056
6057
6058
6059
6060
6062
6063
6064
6065
6067
6068
6069
6070
6071
6073
6074
6075
6076
6078
6079
6080
6081
6082
6084
6085
6086
6087
6089
6090
6091
6092
6093
6095
6096
6097
6098
6100
6101
6102
6103
6104
6106
6107
6108
6109
6111
6112
6113
6114
6116
6117
6118
6119
6120
6122
6123
6124
6125
6127
6128
6129
6130
6132
6133
6134
6135
6137
6138
6139
6140
6141
6143
6144
6145
6146
6148
6149
6150
6151
6153
6154
6155
6156
6158
6159
6160
6161
6162
6164
6165
6166
6167
6169
6170
6171
6172
6174
6175
6176
6177
6179
6180
6181
6182
6183
6185
6186
6187
6188
6190
6191
6192
6193
6195
6196
6197
6198
6200
6201
6202
6203
6204
6206
6207
6208
6209
6211
6212
6213
6214
6216
6217
6218
6219
6220
6222
6223
6224
6225
6227
6228
6229
6230
6232
6233
6234
6235
6237
6238
6239
6240
6241
6243
6244
6245
6246
6248
6249
6250
6251
6253
6254
6255
6256
6258
6259
6260
6261
6262
6264
6265
6266
6267
6269
6270
6271
6272
6274
6275
6276
6277
6279
6280
6281
6282
6283
6285
6286
6287
6288
6290
6291
6292
6293
6295
6296
6297
6298
6300
6301
6302
6303
6304
6306
6307
6308
6309
6310
6312
6313
6314
6315
6317
6318
6319
6320
6321
6323
6324
6325
6326
6328
6329
6330
6331
6332
6334
6335
6336
6337
6339
6340
6341
6342
6343
6345
6346
6347
6348
6350
6351
6352
6353
6354
6356
6357
6358
6359
6360
6362
6363
6364
6365
6367
6368
6369
6370
6371
6373
6374
6375
6376
6378
6379
6380
6381
6382
6384
6385
6386
6387
6389
6390
6391
6392
6393
6395
6396
6397
6398
6400
6401
6402
6403
6404
6406
6407
6408
6409
6411
6412
6413
6414
6416
6417
6418
6419
6420
6422
6423
6424
6425
6427
6428
6429
6430
6432
6433
6434
6435
6437
6438
6439
6440
6441
6443
6444
6445
6446
6448
6449
6450
6451
6453
6454
6455
6456
6458
6459
6460
6461
6462
6464
6465
6466
6467
6469
6470
6471
6472
6474
6475
6476
6477
6479
6480
6481
6482
6483
6485
6486
6487
6488
6490
6491
6492
6493
6495
6496
6497
6498
6500
6501
6502
6503
6505
6506
6507
6509
6510
6511
6512
6514
6515
6516
6518
6519
6520
6522
6523
6524
6525
6527
6528
6529
6531
6532
6533
6535
6536
6537
6538
6540
6541
6542
6544
6545
6546
6548
6549
6550
6551
6553
6554
6555
6557
6558
6559
6561
6562
6563
6564
6566
6567
6568
6570
6571
6572
6574
6575
6576
6577
6579
6580
6581
6583
6584
6585
6587
6588
6589
6590
6592
6593
6594
6596
6597
6598
6600
6601
6602
6603
6605
6606
6607
6608
6610
6611
6612
6614
6615
6616
6617
6619
6620
6621
6623
6624
6625
6626
6628
6629
6630
6632
6633
6634
6635
6637
6638
6639
6641
6642
6643
6644
6646
6647
6648
6650
6651
6652
6653
6655
6656
6657
6658
6660
6661
6662
6664
6665
6666
6667
6669
6670
6671
6673
6674
6675
6676
6678
6679
6680
6682
6683
6684
6685
6687
6688
6689
6691
6692
6693
6694
6696
6697
6698
6700
6701
6702
6703
6705
6706
6707
6708
6710
6711
6712
6714
6715
6716
6717
6719
6720
6721
6723
6724
6725
6726
6728
6729
6730
6732
6733
6734
6735
6737
6738
6739
6741
6742
6743
6744
6746
6747
6748
6750
6751
6752
6753
6755
6756
6757
6758
6760
6761
6762
6764
6765
6766
6767
6769
6770
6771
6773
6774
6775
6776
6778
6779
6780
6782
6783
6784
6785
6787
6788
6789
6791
6792
6793
6794
6796
6797
6798
6800
6801
6802
6803
6805
6806
6807
6809
6810
6811
6812
6814
6815
6816
6818
6819
6820
6822
6823
6824
6825
6827
6828
6829
6831
6832
6833
6835
6836
6837
6838
6840
6841
6842
6844
6845
6846
6848
6849
6850
6851
6853
6854
6855
6857
6858
6859
6861
6862
6863
6864
6866
6867
6868
6870
6871
6872
6874
6875
6876
6877
6879
6880
6881
6883
6884
6885
6887
6888
6889
6890
6892
6893
6894
6896
6897
6898
6900
6901
6902
6903
6905
6906
6907
6908
6910
6911
6912
6914
6915
6916
6917
6919
6920
6921
6923
6924
6925
6926
6928
6929
6930
6932
6933
6934
6935
6937
6938
6939
6941
6942
6943
6944
6946
6947
6948
6950
6951
6952
6953
6955
6956
6957
6958
6960
6961
6962
6964
6965
6966
6967
6969
6970
6971
6973
6974
6975
6976
6978
6979
6980
6982
6983
6984
6985
6987
6988
6989
6991
6992
6993
6994
6996
6997
6998
7000
7001
7002
7003
7005
7006
7007
7008
7010
7011
7012
7013
7015
7016
7017
7018
7020
7021
7022
7024
7025
7026
7027
7029
7030
7031
7032
7034
7035
7036
7037
7039
7040
7041
7043
7044
7045
7046
7048
7049
7050
7051
7053
7054
7055
7056
7058
7059
7060
7062
7063
7064
7065
7067
7068
7069
7070
7072
7073
7074
7075
7077
7078
7079
7081
7082
7083
7084
7086
7087
7088
7089
7091
7092
7093
7094
7096
7097
7098
7100
7101
7102
7103
7104
7106
7107
7108
7109
7111
7112
7113
7114
7116
7117
7118
7120
7121
7122
7123
7125
7126
7127
7128
7130
7131
7132
7133
7135
7136
7137
7138
7140
7141
7142
7143
7145
7146
7147
7148
7150
7151
7152
7153
7155
7156
7157
7158
7160
7161
7162
7163
7165
7166
7167
7168
7170
7171
7172
7173
7175
7176
7177
7178
7180
7181
7182
7183
7185
7186
7187
7188
7190
7191
7192
7193
7195
7196
7197
7198
7200
7201
7202
7203
7205
7206
7207
7208
7210
7211
7212
7213
7215
7216
7217
7218
7220
7221
7222
7224
7225
7226
7227
7229
7230
7231
7232
7234
7235
7236
7237
7239
7240
7241
7243
7244
7245
7246
7248
7249
7250
7251
7253
7254
7255
7256
7258
7259
7260
7262
7263
7264
7265
7267
7268
7269
7270
7272
7273
7274
7275
7277
7278
7279
7281
7282
7283
7284
7286
7287
7288
7289
7291
7292
7293
7294
7296
7297
7298
7300
7301
7302
7303
7305
7306
7307
7308
7310
7311
7312
7313
7314
7316
7317
7318
7320
7321
7322
7323
7325
7326
7327
7328
7330
7331
7332
7333
7335
7336
7337
7338
7340
7341
7342
7343
7345
7346
7347
7348
7350
7351
7352
7353
7355
7356
7357
7358
7360
7361
7362
7363
7365
7366
7367
7368
7370
7371
7372
7373
7375
7376
7377
7378
7380
7381
7382
7383
7385
7386
7387
7388
7390
7391
7392
7393
7395
7396
7397
7398
7400
7401
7402
7403
7405
7406
7407
7408
7410
7411
7412
7413
7415
7416
7417
7418
7420
7421
7422
7424
7425
7426
7427
7429
7430
7431
7432
7434
7435
7436
7437
7439
7440
7441
7443
7444
7445
7446
7448
7449
7450
7451
7453
7454
7455
7456
7458
7459
7460
7462
7463
7464
7465
7467
7468
7469
7470
7472
7473
7474
7475
7477
7478
7479
7481
7482
7483
7484
7486
7487
7488
7489
7491
7492
7493
7494
7496
7497
7498
7500
7502
7505
7508
7510
7513
7516
7518
7521
7524
7527
7529
7532
7535
7537
7540
7543
7545
7548
7551
7554
7556
7559
7562
7564
7567
7570
7572
7575
7578
7581
7583
7586
7589
7591
7594
7597
7600
7602
7605
7608
7610
7613
7616
7618
7621
7624
7627
7629
7632
7635
7637
7640
7643
7645
7648
7651
7654
7656
7659
7662
7664
7667
7670
7672
7675
7678
7681
7683
7686
7689
7691
7694
7697
7700
7702
7705
7708
7711
7713
7716
7719
7722
7725
7727
7730
7733
7736
7738
7741
7744
7747
7750
7752
7755
7758
7761
7763
7766
7769
7772
7775
7777
7780
7783
7786
7788
7791
7794
7797
7800
7802
7805
7808
7810
7813
7816
7818
7821
7824
7827
7829
7832
7835
7837
7840
7843
7845
7848
7851
7854
7856
7859
7862
7864
7867
7870
7872
7875
7878
7881
7883
7886
7889
7891
7894
7897
7900
7902
7905
7908
7910
7913
7916
7918
7921
7924
7927
7929
7932
7935
7937
7940
7943
7945
7948
7951
7954
7956
7959
7962
7964
7967
7970
7972
7975
7978
7981
7983
7986
7989
7991
7994
7997
8000
8003
8006
8010
8013
8017
8020
8024
8027
8031
8034
8037
8041
8044
8048
8051
8055
8058
8062
8065
8068
8072
8075
8079
8082
8086
8089
8093
8096
8100
8103
8106
8109
8113
8116
8119
8123
8126
8129
8133
8136
8139
8143
8146
8149
8153
8156
8160
8163
8166
8170
8173
8176
8180
8183
8186
8189
8193
8196
8200
8203
8206
8210
8213
8217
8220
8224
8227
8231
8234
8237
8241
8244
8248
8251
8255
8258
8262
8265
8268
8272
8275
8279
8282
8286
8289
8293
8296
8300
8303
8306
8310
8313
8316
8320
8323
8326
8330
8333
8336
8340
8343
8346
8350
8353
8356
8360
8363
8366
8370
8373
8376
8380
8383
8386
8390
8393
8396
8400
8403
8406
8410
8413
8416
8420
8423
8426
8430
8433
8436
8440
8443
8446
8450
8453
8456
8460
8463
8466
8470
8473
8476
8480
8483
8486
8490
8493
8496
8500
8501
8503
8504
8506
8507
8509
8510
8512
8513
8515
8516
8518
8519
8521
8522
8524
8525
8527
8528
8530
8531
8533
8534
8536
8537
8539
8540
8542
8543
8545
8546
8548
8550
8551
8553
8554
8556
8557
8559
8560
8562
8563
8565
8566
8568
8569
8571
8572
8574
8575
8577
8578
8580
8581
8583
8584
8586
8587
8589
8590
8592
8593
8595
8596
8598
8600
8601
8602
8604
8605
8607
8608
8610
8611
8613
8614
8616
8617
8619
8620
8622
8623
8625
8626
8628
8629
8631
8632
8634
8635
8637
8638
8640
8641
8643
8644
8646
8647
8649
8650
8652
8653
8655
8656
8658
8659
8661
8662
8664
8665
8667
8668
8670
8671
8673
8674
8676
8677
8679
8680
8682
8683
8685
8686
8688
8689
8691
8692
8694
8695
8697
8698
8700
8701
8703
8704
8706
8707
8709
8710
8712
8713
8715
8716
8718
8719
8721
8722
8724
8725
8727
8728
8730
8731
8733
8734
8736
8737
8739
8740
8742
8743
8745
8746
8748
8750
8751
8753
8754
8756
8757
8759
8760
8762
8763
8765
8766
8768
8769
8771
8772
8774
8775
8777
8778
8780
8781
8783
8784
8786
8787
8789
8790
8792
8793
8795
8796
8798
8800
8801
8802
8804
8805
8807
8808
8810
8811
8813
8814
8816
8817
8819
8820
8822
8823
8825
8826
8828
8829
8831
8832
8834
8835
8837
8838
8840
8841
8843
8844
8846
8847
8849
8850
8852
8853
8855
8856
8858
8859
8861
8862
8864
8865
8867
8868
8870
8871
8873
8874
8876
8877
8879
8880
8882
8883
8885
8886
8888
8889
8891
8892
8894
8895
8897
8898
8900
8901
8903
8904
8906
8907
8909
8910
8912
8913
8915
8916
8918
8919
8921
8922
8924
8925
8927
8928
8930
8931
8933
8934
8936
8937
8939
8940
8942
8943
8945
8946
8948
8950
8951
8953
8954
8956
8957
8959
8960
8962
8963
8965
8966
8968
8969
8971
8972
8974
8975
8977
8978
8980
8981
8983
8984
8986
8987
8989
8990
8992
8993
8995
8996
8998
9000
9002
9004
9007
9009
9012
9014
9017
9019
9021
9024
9026
9029
9031
9034
9036
9039
9041
9043
9046
9048
9051
9053
9056
9058
9060
9063
9065
9068
9070
9073
9075
9078
9080
9082
9085
9087
9090
9092
9095
9097
9100
9102
9104
9107
9109
9112
9114
9117
9119
9121
9124
9126
9129
9131
9134
9136
9139
9141
9143
9146
9148
9151
9153
9156
9158
9160
9163
9165
9168
9170
9173
9175
9178
9180
9182
9185
9187
9190
9192
9195
9197
9200
9202
9204
9207
9209
9212
9214
9217
9219
9221
9224
9226
9229
9231
9234
9236
9239
9241
9243
9246
9248
9251
9253
9256
9258
9260
9263
9265
9268
9270
9273
9275
9278
9280
9282
9285
9287
9290
9292
9295
9297
9300
9302
9304
9307
9309
9312
9314
9317
9319
9321
9324
9326
9329
9331
9334
9336
9339
9341
9343
9346
9348
9351
9353
9356
9358
9360
9363
9365
9368
9370
9373
9375
9378
9380
9382
9385
9387
9390
9392
9395
9397
9400
9402
9404
9407
9409
9412
9414
9417
9419
9421
9424
9426
9429
9431
9434
9436
9439
9441
9443
9446
9448
9451
9453
9456
9458
9460
9463
9465
9468
9470
9473
9475
9478
9480
9482
9485
9487
9490
9492
9495
9497
9500
9501
9502
9504
9505
9507
9508
9509
9511
9512
9514
9515
9516
9518
9519
9521
9522
9523
9525
9526
9528
9529
9530
9532
9533
9535
9536
9538
9539
9540
9542
9543
9545
9546
9547
9549
9550
9552
9553
9554
9556
9557
9559
9560
9561
9563
9564
9566
9567
9569
9570
9571
9573
9574
9576
9577
9578
9580
9581
9583
9584
9585
9587
9588
9590
9591
9592
9594
9595
9597
9598
9600
9601
9602
9604
9605
9606
9608
9609
9611
9612
9613
9615
9616
9618
9619
9620
9622
9623
9625
9626
9627
9629
9630
9631
9633
9634
9636
9637
9638
9640
9641
9643
9644
9645
9647
9648
9649
9651
9652
9654
9655
9656
9658
9659
9661
9662
9663
9665
9666
9668
9669
9670
9672
9673
9674
9676
9677
9679
9680
9681
9683
9684
9686
9687
9688
9690
9691
9693
9694
9695
9697
9698
9700
9701
9702
9704
9705
9707
9708
9709
9711
9712
9714
9715
9716
9718
9719
9721
9722
9723
9725
9726
9728
9729
9730
9732
9733
9735
9736
9738
9739
9740
9742
9743
9745
9746
9747
9749
9750
9752
9753
9754
9756
9757
9759
9760
9761
9763
9764
9766
9767
9769
9770
9771
9773
9774
9776
9777
9778
9780
9781
9783
9784
9785
9787
9788
9790
9791
9792
9794
9795
9797
9798
9800
9801
9802
9804
9805
9806
9808
9809
9811
9812
9813
9815
9816
9818
9819
9820
9822
9823
9825
9826
9827
9829
9830
9831
9833
9834
9836
9837
9838
9840
9841
9843
9844
9845
9847
9848
9850
9851
9852
9854
9855
9856
9858
9859
9861
9862
9863
9865
9866
9868
9869
9870
9872
9873
9875
9876
9877
9879
9880
9881
9883
9884
9886
9887
9888
9890
9891
9893
9894
9895
9897
9898
9900
9901
9902
9904
9905
9907
9908
9909
9911
9912
9914
9915
9916
9918
9919
9921
9922
9923
9925
9926
9928
9929
9930
9932
9933
9935
9936
9938
9939
9940
9942
9943
9945
9946
9947
9949
9950
9952
9953
9954
9956
9957
9959
9960
9961
9963
9964
9966
9967
9969
9970
9971
9973
9974
9976
9977
9978
9980
9981
9983
9984
9985
9987
9988
9990
9991
9992
9994
9995
9997
9998
10000
10001
10002
10003
10004
10005
10006
10007
10008
10009
10010
10011
10012
10013
10015
10016
10017
10018
10019
10020
10021
10022
10023
10024
10025
10026
10027
10029
10030
10031
10032
10033
10034
10035
10036
10037
10038
10039
10040
10041
10043
10044
10045
10046
10047
10048
10049
10050
10051
10052
10053
10054
10055
10056
10058
10059
10060
10061
10062
10063
10064
10065
10066
10067
10068
10069
10070
10072
10073
10074
10075
10076
10077
10078
10079
10080
10081
10082
10083
10084
10086
10087
10088
10089
10090
10091
10092
10093
10094
10095
10096
10097
10098
10100
10101
10102
10103
10104
10105
10106
10107
10108
10109
10110
10111
10113
10114
10115
10116
10117
10118
10119
10120
10121
10122
10123
10125
10126
10127
10128
10129
10130
10131
10132
10133
10134
10135
10136
10138
10139
10140
10141
10142
10143
10144
10145
10146
10147
10148
10149
10151
10152
10153
10154
10155
10156
10157
10158
10159
10160
10161
10163
10164
10165
10166
10167
10168
10169
10170
10171
10172
10173
10174
10176
10177
10178
10179
10180
10181
10182
10183
10184
10185
10186
10188
10189
10190
10191
10192
10193
10194
10195
10196
10197
10198
10200
10201
10202
10203
10204
10205
10206
10207
10208
10209
10210
10211
10213
10214
10215
10216
10217
10218
10219
10220
10221
10222
10223
10225
10226
10227
10228
10229
10230
10231
10232
10233
10234
10235
10236
10238
10239
10240
10241
10242
10243
10244
10245
10246
10247
10248
10250
10251
10252
10253
10254
10255
10256
10257
10258
10259
10260
10261
10263
10264
10265
10266
10267
10268
10269
10270
10271
10272
10273
10275
10276
10277
10278
10279
10280
10281
10282
10283
10284
10285
10286
10288
10289
10290
10291
10292
10293
10294
10295
10296
10297
10298
10300
10301
10302
10303
10304
10305
10306
10307
10308
10309
10310
10311
10313
10314
10315
10316
10317
10318
10319
10320
10321
10322
10323
10325
10326
10327
10328
10329
10330
10331
10332
10333
10334
10335
10336
10338
10339
10340
10341
10342
10343
10344
10345
10346
10347
10348
10350
10351
10352
10353
10354
10355
10356
10357
10358
10359
10360
10361
10363
10364
10365
10366
10367
10368
10369
10370
10371
10372
10373
10375
10376
10377
10378
10379
10380
10381
10382
10383
10384
10385
10386
10388
10389
10390
10391
10392
10393
10394
10395
10396
10397
10398
10400
10401
10402
10403
10404
10405
10406
10407
10408
10409
10410
10411
10412
10413
10415
10416
10417
10418
10419
10420
10421
10422
10423
10424
10425
10426
10427
10429
10430
10431
10432
10433
10434
10435
10436
10437
10438
10439
10440
10441
10443
10444
10445
10446
10447
10448
10449
10450
10451
10452
10453
10454
10455
10456
10458
10459
10460
10461
10462
10463
10464
10465
10466
10467
10468
10469
10470
10472
10473
10474
10475
10476
10477
10478
10479
10480
10481
10482
10483
10484
10486
10487
10488
10489
10490
10491
10492
10493
10494
10495
10496
10497
10498
10500
10503
10506
10509
10512
10516
10519
10522
10525
10529
10532
10535
10538
10541
10545
10548
10551
10554
10558
10561
10564
10567
10570
10574
10577
10580
10583
10587
10590
10593
10596
10600
10603
10606
10609
10612
10615
10618
10621
10625
10628
10631
10634
10637
10640
10643
10646
10649
10653
10656
10659
10662
10665
10668
10671
10674
10678
10681
10684
10687
10690
10693
10696
10700
10703
10706
10709
10712
10715
10718
10721
10725
10728
10731
10734
10737
10740
10743
10746
10750
10753
10756
10759
10762
10765
10768
10771
10775
10778
10781
10784
10787
10790
10793
10796
10800
10803
10806
10809
10812
10816
10819
10822
10825
10829
10832
10835
10838
10841
10845
10848
10851
10854
10858
10861
10864
10867
10870
10874
10877
10880
10883
10887
10890
10893
10896
10900
10903
10906
10909
10912
10915
10918
10921
10925
10928
10931
10934
10937
10940
10943
10946
10950
10953
10956
10959
10962
10965
10968
10971
10975
10978
10981
10984
10987
10990
10993
10996
11000
11002
11004
11006
11008
11010
11012
11014
11016
11018
11020
11022
11024
11026
11028
11030
11032
11034
11036
11038
11040
11042
11044
11046
11048
11050
11052
11054
11056
11058
11060
11062
11064
11065
11068
11070
11072
11074
11076
11078
11080
11081
11084
11086
11088
11090
11092
11094
11096
11097
11100
11102
11104
11106
11107
11110
11112
11113
11116
11118
11120
11122
11123
11126
11128
11129
11132
11134
11136
11138
11139
11142
11144
11145
11148
11150
11152
11154
11155
11158
11160
11161
11164
11165
11168
11170
11171
11174
11176
11177
11180
11181
11184
11186
11187
11190
11192
11193
11196
11197
11200
11202
11203
11206
11208
11209
11212
11213
11216
11218
11219
11222
11224
11226
11228
11230
11232
11234
11236
11238
11240
11242
11244
11246
11248
11250
11252
11254
11256
11258
11260
11262
11264
11266
11268
11270
11272
11274
11276
11278
11280
11282
11284
11286
11288
11290
11292
11294
11296
11298
11300
11302
11304
11306
11308
11310
11312
11314
11316
11318
11320
11322
11324
11326
11328
11330
11332
11334
11336
11338
11340
11342
11344
11346
11348
11350
11352
11354
11356
11358
11360
11362
11364
11366
11368
11370
11372
11374
11376
11378
11380
11382
11384
11386
11388
11390
11392
11394
11396
11398
11400
11402
11404
11406
11408
11410
11412
11414
11416
11418
11420
11422
11424
11426
11428
11430
11432
11434
11436
11438
11440
11442
11444
11446
11448
11450
11452
11454
11456
11458
11460
11462
11464
11466
11468
11470
11472
11474
11476
11478
11480
11482
11484
11486
11488
11490
11492
11494
11496
11498
11500
11501
11503
11504
11506
11508
11509
11511
11513
11514
11516
11518
11519
11521
11522
11524
11526
11527
11529
11531
11532
11534
11536
11537
11539
11540
11542
11544
11545
11547
11549
11550
11552
11554
11555
11557
11559
11560
11562
11563
11565
11567
11568
11570
11572
11573
11575
11577
11578
11580
11581
11583
11585
11586
11588
11590
11591
11593
11595
11596
11598
11600
11601
11603
11604
11606
11608
11609
11611
11612
11614
11616
11617
11619
11620
11622
11624
11625
11627
11629
11630
11632
11633
11635
11637
11638
11640
11641
11643
11645
11646
11648
11649
11651
11653
11654
11656
11658
11659
11661
11662
11664
11666
11667
11669
11670
11672
11674
11675
11677
11679
11680
11682
11683
11685
11687
11688
11690
11691
11693
11695
11696
11698
11700
11701
11703
11704
11706
11708
11709
11711
11713
11714
11716
11718
11719
11721
11722
11724
11726
11727
11729
11731
11732
11734
11736
11737
11739
11740
11742
11744
11745
11747
11749
11750
11752
11754
11755
11757
11759
11760
11762
11763
11765
11767
11768
11770
11772
11773
11775
11777
11778
11780
11781
11783
11785
11786
11788
11790
11791
11793
11795
11796
11798
11800
11801
11803
11804
11806
11808
11809
11811
11812
11814
11816
11817
11819
11820
11822
11824
11825
11827
11829
11830
11832
11833
11835
11837
11838
11840
11841
11843
11845
11846
11848
11850
11851
11853
11854
11856
11858
11859
11861
11862
11864
11866
11867
11869
11870
11872
11874
11875
11877
11879
11880
11882
11883
11885
11887
11888
11890
11891
11893
11895
11896
11898
11900
11901
11903
11904
11906
11908
11909
11911
11913
11914
11916
11918
11919
11921
11922
11924
11926
11927
11929
11931
11932
11934
11936
11937
11939
11940
11942
11944
11945
11947
11949
11950
11952
11954
11955
11957
11959
11960
11962
11963
11965
11967
11968
11970
11972
11973
11975
11977
11978
11980
11981
11983
11985
11986
11988
11990
11991
11993
11995
11996
11998
12000
12001
12003
12005
12007
12009
12010
12012
12014
12016
12018
12020
12021
12023
12025
12027
12029
12030
12032
12034
12036
12038
12040
12041
12043
12045
12047
12049
12050
12052
12054
12056
12058
12060
12061
12063
12065
12067
12069
12070
12072
12074
12076
12078
12080
12081
12083
12085
12087
12089
12090
12092
12094
12096
12098
12100
12101
12103
12105
12107
12109
12111
12112
12114
12116
12118
12120
12122
12124
12125
12127
12129
12131
12133
12135
12137
12138
12140
12142
12144
12146
12148
12149
12151
12153
12155
12157
12159
12161
12162
12164
12166
12168
12170
12172
12174
12175
12177
12179
12181
12183
12185
12187
12188
12190
12192
12194
12196
12198
12200
12201
12203
12205
12207
12209
12210
12212
12214
12216
12218
12219
12221
12223
12225
12227
12229
12230
12232
12234
12236
12238
12240
12241
12243
12245
12247
12249
12250
12252
12254
12256
12258
12260
12261
12263
12265
12267
12269
12270
12272
12274
12276
12278
12280
12281
12283
12285
12287
12289
12290
12292
12294
12296
12298
12300
12301
12303
12305
12307
12309
12311
12312
12314
12316
12318
12320
12322
12324
12325
12327
12329
12331
12333
12335
12337
12338
12340
12342
12344
12346
12348
12350
12351
12353
12355
12357
12359
12361
12362
12364
12366
12368
12370
12372
12374
12375
12377
12379
12381
12383
12385
12387
12388
12390
12392
12394
12396
12398
12400
12401
12403
12405
12407
12409
12410
12412
12414
12416
12418
12420
12421
12423
12425
12427
12429
12430
12432
12434
12436
12438
12440
12441
12443
12445
12447
12449
12450
12452
12454
12456
12458
12460
12461
12463
12465
12467
12469
12470
12472
12474
12476
12478
12480
12481
12483
12485
12487
12489
12490
12492
12494
12496
12498
12500
12502
12505
12508
12511
12514
12517
12520
12522
12525
12528
12531
12534
12537
12540
12542
12545
12548
12551
12554
12557
12560
12562
12565
12568
12571
12574
12577
12580
12582
12585
12588
12591
12594
12597
12600
12602
12605
12608
12611
12614
12617
12620
12622
12625
12628
12631
12634
12637
12639
12642
12645
12648
12651
12654
12657
12660
12662
12665
12668
12671
12674
12677
12680
12682
12685
12688
12691
12694
12697
12700
12702
12705
12708
12711
12714
12717
12719
12722
12725
12728
12731
12734
12737
12740
12742
12745
12748
12751
12754
12757
12760
12762
12765
12768
12771
12774
12777
12780
12782
12785
12788
12791
12794
12797
12800
12802
12805
12808
12811
12814
12817
12820
12822
12825
12828
12831
12834
12837
12840
12842
12845
12848
12851
12854
12857
12860
12862
12865
12868
12871
12874
12877
12880
12882
12885
12888
12891
12894
12897
12900
12902
12905
12908
12911
12914
12917
12920
12922
12925
12928
12931
12934
12937
12940
12942
12945
12948
12951
12954
12957
12960
12962
12965
12968
12971
12974
12977
12980
12982
12985
12988
12991
12994
12997
13000
13002
13005
13008
13011
13014
13017
13020
13022
13025
13028
13031
13034
13037
13040
13042
13045
13048
13051
13054
13057
13060
13062
13065
13068
13071
13074
13077
13080
13082
13085
13088
13091
13094
13097
13100
13102
13105
13108
13111
13114
13117
13120
13122
13125
13128
13131
13134
13137
13139
13142
13145
13148
13151
13154
13157
13160
13162
13165
13168
13171
13174
13177
13180
13182
13185
13188
13191
13194
13197
13200
13202
13205
13208
13211
13213
13216
13219
13222
13225
13227
13230
13233
13236
13238
13241
13244
13247
13250
13252
13255
13258
13261
13263
13266
13269
13272
13275
13277
13280
13283
13286
13288
13291
13294
13297
13300
13302
13305
13308
13311
13314
13317
13320
13322
13325
13328
13331
13334
13337
13340
13342
13345
13348
13351
13354
13357
13360
13362
13365
13368
13371
13374
13377
13380
13382
13385
13388
13391
13394
13397
13400
13402
13405
13408
13411
13414
13417
13420
13422
13425
13428
13431
13434
13437
13440
13442
13445
13448
13451
13454
13457
13460
13462
13465
13468
13471
13474
13477
13480
13482
13485
13488
13491
13494
13497
13500
13503
13507
13510
13514
13517
13521
13525
13528
13532
13535
13539
13542
13546
13550
13553
13557
13560
13564
13567
13571
13575
13578
13582
13585
13589
13592
13596
13600
13603
13607
13610
13614
13617
13621
13625
13628
13632
13635
13639
13642
13646
13649
13653
13657
13660
13664
13667
13671
13674
13678
13682
13685
13689
13692
13696
13700
13703
13707
13710
13714
13717
13721
13725
13728
13732
13735
13739
13742
13746
13750
13753
13757
13760
13764
13767
13771
13775
13778
13782
13785
13789
13792
13796
13800
13803
13807
13811
13814
13818
13822
13825
13829
13833
13837
13840
13844
13848
13851
13855
13859
13862
13866
13870
13874
13877
13881
13885
13888
13892
13896
13900
13903
13907
13910
13914
13917
13921
13925
13928
13932
13935
13939
13942
13946
13950
13953
13957
13960
13964
13967
13971
13975
13978
13982
13985
13989
13992
13996
14000
14002
14004
14006
14008
14010
14012
14014
14016
14018
14020
14022
14024
14026
14028
14030
14032
14034
14036
14038
14040
14042
14044
14046
14048
14050
14052
14054
14056
14058
14060
14062
14064
14065
14068
14070
14072
14074
14076
14078
14080
14081
14084
14086
14088
14090
14092
14094
14096
14097
14100
14102
14104
14106
14107
14110
14112
14113
14116
14118
14120
14122
14123
14126
14128
14129
14132
14134
14136
14138
14139
14142
14144
14145
14148
14150
14152
14154
14155
14158
14160
14161
14164
14165
14168
14170
14171
14174
14176
14177
14180
14181
14184
14186
14187
14190
14192
14193
14196
14197
14200
14202
14203
14206
14208
14209
14212
14213
14216
14218
14219
14222
14224
14226
14228
14230
14232
14234
14236
14238
14240
14242
14244
14246
14248
14250
14252
14254
14256
14258
14260
14262
14264
14266
14268
14270
14272
14274
14276
14278
14280
14282
14284
14286
14288
14290
14292
14294
14296
14298
14300
14302
14304
14306
14308
14310
14312
14314
14316
14318
14320
14322
14324
14326
14328
14330
14332
14334
14336
14338
14340
14342
14344
14346
14348
14350
14352
14354
14356
14358
14360
14362
14364
14366
14368
14370
14372
14374
14376
14378
14380
14382
14384
14386
14388
14390
14392
14394
14396
14398
14400
14402
14404
14406
14408
14410
14412
14414
14416
14418
14420
14422
14424
14426
14428
14430
14432
14434
14436
14438
14440
14442
14444
14446
14448
14450
14452
14454
14456
14458
14460
14462
14464
14466
14468
14470
14472
14474
14476
14478
14480
14482
14484
14486
14488
14490
14492
14494
14496
14498
14500
14502
14504
14506
14509
14511
14513
14516
14518
14520
14523
14525
14527
14530
14532
14534
14537
14539
14541
14544
14546
14548
14551
14553
14555
14558
14560
14562
14565
14567
14569
14572
14574
14576
14579
14581
14583
14586
14588
14590
14593
14595
14597
14600
14602
14604
14607
14609
14611
14614
14616
14619
14621
14623
14626
14628
14630
14633
14635
14638
14640
14642
14645
14647
14649
14652
14654
14657
14659
14661
14664
14666
14669
14671
14673
14676
14678
14680
14683
14685
14688
14690
14692
14695
14697
14700
14702
14704
14706
14709
14711
14713
14716
14718
14720
14723
14725
14727
14730
14732
14734
14737
14739
14741
14744
14746
14748
14751
14753
14755
14758
14760
14762
14765
14767
14769
14772
14774
14776
14779
14781
14783
14786
14788
14790
14793
14795
14797
14800
14802
14804
14806
14809
14811
14813
14816
14818
14820
14823
14825
14827
14830
14832
14834
14837
14839
14841
14844
14846
14848
14851
14853
14855
14858
14860
14862
14865
14867
14869
14872
14874
14876
14879
14881
14883
14886
14888
14890
14893
14895
14897
14900
14902
14904
14907
14909
14911
14914
14916
14919
14921
14923
14926
14928
14930
14933
14935
14938
14940
14942
14945
14947
14950
14952
14954
14957
14959
14961
14964
14966
14969
14971
14973
14976
14978
14980
14983
14985
14988
14990
14992
14995
14997
15000
15002
15004
15006
15009
15011
15013
15016
15018
15020
15023
15025
15027
15030
15032
15034
15037
15039
15041
15044
15046
15048
15051
15053
15055
15058
15060
15062
15065
15067
15069
15072
15074
15076
15079
15081
15083
15086
15088
15090
15093
15095
15097
15100
15102
15104
15106
15109
15111
15113
15116
15118
15120
15123
15125
15127
15130
15132
15134
15137
15139
15141
15144
15146
15148
15151
15153
15155
15158
15160
15162
15165
15167
15169
15172
15174
15176
15179
15181
15183
15186
15188
15190
15193
15195
15197
15200
15202
15204
15206
15209
15211
15213
15216
15218
15220
15223
15225
15227
15230
15232
15234
15237
15239
15241
15244
15246
15248
15251
15253
15255
15258
15260
15262
15265
15267
15269
15272
15274
15276
15279
15281
15283
15286
15288
15290
15293
15295
15297
15300
15302
15304
15306
15309
15311
15313
15316
15318
15320
15323
15325
15327
15330
15332
15334
15337
15339
15341
15344
15346
15348
15351
15353
15355
15358
15360
15362
15365
15367
15369
15372
15374
15376
15379
15381
15383
15386
15388
15390
15393
15395
15397
15400
15402
15404
15407
15409
15411
15414
15416
15419
15421
15423
15426
15428
15430
15433
15435
15438
15440
15442
15445
15447
15450
15452
15454
15457
15459
15461
15464
15466
15469
15471
15473
15476
15478
15480
15483
15485
15488
15490
15492
15495
15497
15500
15501
15503
15505
15507
15509
15511
15513
15515
15517
15519
15521
15523
15525
15526
15528
15530
15532
15534
15536
15538
15540
15542
15544
15546
15548
15550
15551
15553
15555
15557
15559
15561
15563
15565
15567
15569
15571
15573
15575
15576
15578
15580
15582
15584
15586
15588
15590
15592
15594
15596
15598
15600
15601
15603
15605
15607
15609
15611
15613
15615
15617
15619
15621
15623
15625
15627
15629
15631
15633
15635
15637
15639
15641
15643
15645
15647
15649
15650
15652
15654
15656
15658
15660
15662
15664
15666
15668
15670
15672
15674
15676
15678
15680
15682
15684
15686
15688
15690
15692
15694
15696
15698
15700
15701
15703
15705
15707
15709
15711
15713
15715
15717
15719
15721
15723
15725
15726
15728
15730
15732
15734
15736
15738
15740
15742
15744
15746
15748
15750
15751
15753
15755
15757
15759
15761
15763
15765
15767
15769
15771
15773
15775
15776
15778
15780
15782
15784
15786
15788
15790
15792
15794
15796
15798
15800
15801
15803
15805
15807
15809
15811
15813
15815
15817
15819
15821
15823
15825
15827
15829
15831
15833
15835
15837
15839
15841
15843
15845
15847
15849
15850
15852
15854
15856
15858
15860
15862
15864
15866
15868
15870
15872
15874
15876
15878
15880
15882
15884
15886
15888
15890
15892
15894
15896
15898
15900
15901
15903
15905
15907
15909
15911
15913
15915
15917
15919
15921
15923
15925
15927
15929
15931
15933
15935
15937
15939
15941
15943
15945
15947
15949
15950
15952
15954
15956
15958
15960
15962
15964
15966
15968
15970
15972
15974
15976
15978
15980
15982
15984
15986
15988
15990
15992
15994
15996
15998
16000
16001
16003
16005
16007
16008
16010
16012
16014
16015
16017
16019
16021
16022
16024
16026
16028
16029
16031
16033
16035
16036
16038
16040
16042
16043
16045
16047
16049
16050
16052
16054
16056
16057
16059
16061
16063
16064
16066
16068
16070
16071
16073
16075
16077
16078
16080
16082
16084
16085
16087
16089
16091
16092
16094
16096
16098
16100
16101
16103
16105
16107
16108
16110
16112
16114
16115
16117
16119
16121
16122
16124
16126
16128
16129
16131
16133
16135
16136
16138
16140
16142
16143
16145
16147
16149
16150
16152
16154
16156
16157
16159
16161
16163
16164
16166
16168
16170
16171
16173
16175
16177
16178
16180
16182
16184
16185
16187
16189
16191
16192
16194
16196
16198
16200
16201
16203
16205
16207
16208
16210
16212
16214
16216
16217
16219
16221
16223
16225
16226
16228
16230
16232
16233
16235
16237
16239
16241
16242
16244
16246
16248
16250
16251
16253
16255
16257
16258
16260
16262
16264
16266
16267
16269
16271
16273
16274
16276
16278
16280
16282
16283
16285
16287
16289
16291
16292
16294
16296
16298
16300
16301
16303
16305
16307
16308
16310
16312
16314
16315
16317
16319
16321
16322
16324
16326
16328
16329
16331
16333
16335
16336
16338
16340
16342
16343
16345
16347
16349
16350
16352
16354
16356
16357
16359
16361
16363
16364
16366
16368
16370
16371
16373
16375
16377
16378
16380
16382
16384
16385
16387
16389
16391
16392
16394
16396
16398
16400
16401
16403
16405
16407
16408
16410
16412
16414
16416
16417
16419
16421
16423
16424
16426
16428
16430
16432
16433
16435
16437
16439
16441
16442
16444
16446
16448
16450
16451
16453
16455
16457
16458
16460
16462
16464
16466
16467
16469
16471
16473
16475
16476
16478
16480
16482
16483
16485
16487
16489
16491
16492
16494
16496
16498
16500
16502
16504
16506
16508
16510
16512
16514
16516
16518
16520
16522
16524
16526
16528
16530
16532
16534
16536
16538
16540
16542
16544
16546
16548
16550
16552
16554
16556
16558
16560
16562
16564
16566
16568
16570
16572
16574
16576
16578
16580
16582
16584
16586
16588
16590
16592
16594
16596
16598
16600
16602
16604
16606
16608
16610
16612
16614
16616
16618
16620
16622
16624
16626
16628
16630
16632
16634
16636
16638
16640
16642
16644
16646
16648
16650
16652
16654
16656
16658
16660
16662
16664
16666
16668
16670
16672
16674
16676
16678
16680
16682
16684
16686
16688
16690
16692
16694
16695
16698
16700
16702
16704
16706
16708
16710
16712
16714
16716
16718
16720
16722
16724
16726
16727
16730
16732
16734
16736
16738
16740
16742
16744
16746
16748
16750
16752
16754
16756
16758
16760
16762
16764
16766
16768
16770
16772
16774
16776
16778
16780
16782
16784
16786
16788
16790
16792
16794
16796
16798
16800
16802
16804
16806
16808
16810
16812
16814
16816
16818
16820
16822
16824
16826
16828
16830
16832
16834
16836
16838
16840
16842
16844
16846
16848
16850
16852
16854
16855
16858
16860
16862
16864
16866
16868
16869
16872
16874
16875
16878
16880
16881
16884
16886
16887
16890
16892
16894
16895
16898
16900
16901
16904
16906
16907
16910
16912
16913
16916
16918
16919
16922
16924
16926
16927
16930
16932
16933
16936
16938
16939
16942
16944
16945
16948
16950
16952
16954
16956
16958
16960
16962
16964
16966
16968
16970
16972
16974
16976
16977
16980
16982
16984
16986
16988
16990
16992
16994
16996
16998
17000
17004
17008
17012
17016
17020
17024
17028
17032
17036
17040
17044
17048
17052
17056
17060
17064
17068
17072
17076
17080
17084
17088
17092
17096
17100
17104
17108
17112
17116
17120
17124
17128
17132
17136
17140
17144
17148
17152
17156
17160
17164
17168
17172
17176
17180
17184
17188
17192
17195
17200
17204
17208
17212
17216
17220
17224
17227
17232
17236
17240
17244
17248
17252
17256
17260
17264
17268
17272
17276
17280
17284
17288
17292
17296
17300
17304
17308
17312
17316
17320
17324
17328
17332
17336
17340
17344
17348
17352
17355
17360
17364
17368
17372
17375
17380
17384
17387
17392
17395
17400
17404
17408
17412
17416
17420
17424
17429
17433
17437
17441
17445
17450
17454
17458
17462
17466
17470
17475
17479
17483
17487
17491
17495
17500
17502
17505
17507
17510
17512
17515
17517
17520
17522
17525
17527
17530
17532
17535
17537
17540
17542
17545
17547
17550
17552
17555
17557
17560
17562
17565
17567
17570
17572
17575
17577
17580
17582
17585
17587
17590
17592
17595
17597
17600
17602
17605
17607
17610
17612
17615
17617
17620
17622
17625
17627
17630
17632
17635
17637
17640
17642
17645
17647
17650
17652
17655
17657
17660
17662
17665
17667
17670
17672
17675
17677
17680
17682
17685
17687
17689
17692
17695
17697
17700
17702
17705
17707
17710
17712
17715
17717
17720
17722
17725
17727
17730
17732
17735
17737
17740
17742
17745
17747
17750
17752
17755
17757
17760
17762
17765
17767
17770
17772
17775
17777
17780
17782
17785
17787
17790
17792
17795
17797
17800
17802
17805
17807
17810
17812
17815
17817
17820
17822
17825
17827
17830
17832
17835
17837
17840
17842
17845
17847
17850
17852
17855
17857
17860
17862
17865
17867
17869
17872
17875
17877
17880
17882
17884
17887
17890
17892
17895
17897
17900
17902
17904
17907
17910
17912
17915
17917
17919
17922
17924
17927
17930
17932
17935
17937
17939
17942
17945
17947
17950
17952
17955
17957
17960
17962
17965
17967
17970
17972
17975
17977
17980
17982
17985
17987
17990
17992
17995
17997
18000
18001
18003
18005
18006
18008
18010
18011
18013
18015
18016
18018
18020
18021
18023
18025
18026
18028
18030
18031
18033
18035
18036
18038
18040
18041
18043
18045
18046
18048
18050
18051
18053
18055
18056
18058
18060
18061
18063
18065
18066
18068
18070
18071
18073
18075
18076
18078
18080
18081
18083
18085
18086
18088
18090
18091
18093
18095
18096
18098
18100
18101
18103
18104
18106
18108
18109
18111
18113
18114
18116
18118
18119
18121
18122
18124
18126
18127
18129
18131
18132
18134
18136
18137
18139
18140
18142
18144
18145
18147
18149
18150
18152
18154
18155
18157
18159
18160
18162
18163
18165
18167
18168
18170
18172
18173
18175
18177
18178
18180
18181
18183
18185
18186
18188
18190
18191
18193
18195
18196
18198
18200
18201
18203
18204
18206
18208
18209
18211
18213
18214
18216
18218
18219
18221
18222
18224
18226
18227
18229
18231
18232
18234
18236
18237
18239
18240
18242
18244
18245
18247
18249
18250
18252
18254
18255
18257
18259
18260
18262
18263
18265
18267
18268
18270
18272
18273
18275
18277
18278
18280
18281
18283
18285
18286
18288
18290
18291
18293
18295
18296
18298
18300
18301
18303
18304
18306
18308
18309
18311
18313
18314
18316
18318
18319
18321
18322
18324
18326
18327
18329
18331
18332
18334
18336
18337
18339
18340
18342
18344
18345
18347
18349
18350
18352
18354
18355
18357
18359
18360
18362
18363
18365
18367
18368
18370
18372
18373
18375
18377
18378
18380
18381
18383
18385
18386
18388
18390
18391
18393
18395
18396
18398
18400
18401
18403
18404
18406
18408
18409
18411
18413
18414
18416
18418
18419
18421
18422
18424
18426
18427
18429
18431
18432
18434
18436
18437
18439
18440
18442
18444
18445
18447
18449
18450
18452
18454
18455
18457
18459
18460
18462
18463
18465
18467
18468
18470
18472
18473
18475
18477
18478
18480
18481
18483
18485
18486
18488
18490
18491
18493
18495
18496
18498
18500
18501
18503
18505
18506
18508
18510
18511
18513
18515
18516
18518
18520
18521
18523
18525
18526
18528
18530
18531
18533
18535
18536
18538
18540
18541
18543
18545
18546
18548
18550
18551
18553
18555
18556
18558
18560
18561
18563
18565
18566
18568
18570
18571
18573
18575
18576
18578
18580
18581
18583
18585
18586
18588
18590
18591
18593
18595
18596
18598
18600
18601
18603
18605
18606
18608
18610
18611
18613
18615
18616
18618
18620
18621
18623
18625
18626
18628
18630
18631
18633
18635
18636
18638
18640
18641
18643
18645
18646
18648
18650
18651
18653
18655
18656
18658
18660
18661
18663
18665
18666
18668
18670
18671
18673
18675
18676
18678
18680
18681
18683
18685
18686
18688
18689
18691
18693
18695
18696
18698
18700
18701
18703
18705
18706
18708
18710
18711
18713
18715
18716
18718
18720
18721
18723
18725
18726
18728
18730
18731
18733
18735
18736
18738
18740
18741
18743
18745
18746
18748
18750
18751
18753
18755
18756
18758
18760
18761
18763
18765
18766
18768
18770
18771
18773
18775
18776
18778
18780
18781
18783
18785
18786
18788
18790
18791
18793
18795
18796
18798
18800
18801
18803
18805
18806
18808
18810
18811
18813
18815
18816
18818
18820
18821
18823
18825
18826
18828
18830
18831
18833
18835
18836
18838
18840
18841
18843
18845
18846
18848
18850
18851
18853
18855
18856
18858
18860
18861
18863
18865
18866
18868
18869
18871
18873
18875
18876
18878
18880
18881
18883
18884
18886
18888
18890
18891
18893
18895
18896
18898
18900
18901
18903
18904
18906
18908
18910
18911
18913
18915
18916
18918
18919
18921
18923
18924
18926
18928
18930
18931
18933
18935
18936
18938
18939
18941
18943
18945
18946
18948
18950
18951
18953
18955
18956
18958
18960
18961
18963
18965
18966
18968
18970
18971
18973
18975
18976
18978
18980
18981
18983
18985
18986
18988
18990
18991
18993
18995
18996
18998
19000
19006
19013
19020
19026
19033
19040
19046
19053
19060
19066
19073
19080
19086
19093
19100
19107
19114
19121
19128
19135
19142
19150
19157
19164
19171
19178
19185
19192
19200
19207
19214
19221
19228
19235
19242
19250
19257
19264
19271
19278
19285
19292
19300
19306
19313
19320
19326
19333
19340
19346
19353
19360
19366
19373
19380
19386
19393
19400
19407
19414
19421
19428
19435
19442
19450
19457
19464
19471
19478
19485
19492
19500
19501
19502
19503
19504
19505
19506
19508
19509
19510
19511
19512
19513
19515
19516
19517
19518
19519
19520
19522
19523
19524
19525
19526
19527
19529
19530
19531
19532
19533
19534
19536
19537
19538
19539
19540
19541
19543
19544
19545
19546
19547
19548
19550
19551
19552
19553
19554
19555
19556
19558
19559
19560
19561
19562
19563
19565
19566
19567
19568
19569
19570
19572
19573
19574
19575
19576
19577
19579
19580
19581
19582
19583
19584
19586
19587
19588
19589
19590
19591
19593
19594
19595
19596
19597
19598
19600
19601
19602
19603
19604
19605
19606
19608
19609
19610
19611
19612
19613
19615
19616
19617
19618
19619
19620
19622
19623
19624
19625
19626
19627
19629
19630
19631
19632
19633
19634
19636
19637
19638
19639
19640
19641
19643
19644
19645
19646
19647
19648
19650
19651
19652
19653
19654
19655
19656
19658
19659
19660
19661
19662
19663
19665
19666
19667
19668
19669
19670
19672
19673
19674
19675
19676
19677
19679
19680
19681
19682
19683
19684
19686
19687
19688
19689
19690
19691
19693
19694
19695
19696
19697
19698
19700
19701
19702
19703
19704
19705
19707
19708
19709
19710
19711
19712
19714
19715
19716
19717
19718
19720
19721
19722
19723
19724
19725
19727
19728
19729
19730
19731
19732
19734
19735
19736
19737
19738
19740
19741
19742
19743
19744
19745
19747
19748
19749
19750
19751
19752
19754
19755
19756
19757
19758
19760
19761
19762
19763
19764
19765
19767
19768
19769
19770
19771
19772
19774
19775
19776
19777
19778
19780
19781
19782
19783
19784
19785
19787
19788
19789
19790
19791
19792
19794
19795
19796
19797
19798
19800
19801
19802
19803
19804
19805
19806
19808
19809
19810
19811
19812
19813
19815
19816
19817
19818
19819
19820
19822
19823
19824
19825
19826
19827
19829
19830
19831
19832
19833
19834
19836
19837
19838
19839
19840
19841
19843
19844
19845
19846
19847
19848
19850
19851
19852
19853
19854
19855
19856
19858
19859
19860
19861
19862
19863
19865
19866
19867
19868
19869
19870
19872
19873
19874
19875
19876
19877
19879
19880
19881
19882
19883
19884
19886
19887
19888
19889
19890
19891
19893
19894
19895
19896
19897
19898
19900
19901
19902
19903
19904
19905
19906
19908
19909
19910
19911
19912
19913
19915
19916
19917
19918
19919
19920
19922
19923
19924
19925
19926
19927
19929
19930
19931
19932
19933
19934
19936
19937
19938
19939
19940
19941
19943
19944
19945
19946
19947
19948
19950
19951
19952
19953
19954
19955
19956
19958
19959
19960
19961
19962
19963
19965
19966
19967
19968
19969
19970
19972
19973
19974
19975
19976
19977
19979
19980
19981
19982
19983
19984
19986
19987
19988
19989
19990
19991
19993
19994
19995
19996
19997
19998
20000
20006
20013
20020
20026
20033
20040
20046
20053
20060
20066
20073
20080
20086
20093
20100
20106
20113
20120
20126
20133
20140
20146
20153
20160
20166
20173
20180
20186
20193
20200
20206
20212
20218
20225
20231
20237
20243
20250
20256
20262
20268
20275
20281
20287
20293
20300
20306
20313
20320
20326
20333
20340
20346
20353
20360
20366
20373
20380
20386
20393
20400
20406
20413
20419
20426
20433
20439
20446
20453
20460
20466
20473
20480
20486
20493
20500
20501
20503
20504
20506
20507
20509
20510
20512
20513
20515
20516
20518
20520
20521
20523
20524
20526
20527
20529
20530
20532
20533
20535
20536
20538
20540
20541
20543
20544
20546
20547
20549
20550
20552
20553
20555
20556
20558
20560
20561
20563
20564
20566
20567
20569
20570
20572
20573
20575
20576
20578
20580
20581
20583
20584
20586
20587
20589
20590
20592
20593
20595
20596
20598
20600
20601
20603
20604
20606
20607
20609
20610
20612
20613
20615
20616
20618
20620
20621
20623
20624
20626
20627
20629
20630
20632
20633
20635
20636
20638
20640
20641
20643
20644
20646
20647
20649
20650
20652
20653
20655
20656
20658
20660
20661
20663
20664
20666
20667
20669
20670
20672
20673
20675
20676
20678
20680
20681
20683
20684
20686
20687
20689
20690
20692
20693
20695
20696
20698
20700
20701
20703
20704
20706
20707
20709
20710
20712
20713
20715
20716
20718
20719
20721
20722
20724
20725
20727
20728
20730
20731
20733
20734
20736
20737
20739
20740
20742
20743
20745
20746
20748
20750
20751
20753
20754
20756
20757
20759
20760
20762
20763
20765
20766
20768
20769
20771
20772
20774
20775
20777
20778
20780
20781
20783
20784
20786
20787
20789
20790
20792
20793
20795
20796
20798
20800
20801
20803
20804
20806
20807
20809
20810
20812
20813
20815
20816
20818
20820
20821
20823
20824
20826
20827
20829
20830
20832
20833
20835
20836
20838
20840
20841
20843
20844
20846
20847
20849
20850
20852
20853
20855
20856
20858
20860
20861
20863
20864
20866
20867
20869
20870
20872
20873
20875
20876
20878
20880
20881
20883
20884
20886
20887
20889
20890
20892
20893
20895
20896
20898
20900
20901
20903
20904
20906
20907
20909
20910
20912
20913
20915
20916
20918
20919
20921
20923
20924
20926
20927
20929
20930
20932
20933
20935
20936
20938
20939
20941
20943
20944
20946
20947
20949
20950
20952
20953
20955
20956
20958
20960
20961
20963
20964
20966
20967
20969
20970
20972
20973
20975
20976
20978
20980
20981
20983
20984
20986
20987
20989
20990
20992
20993
20995
20996
20998
21000
21007
21015
21023
21030
21038
21046
21053
21061
21069
21076
21084
21092
21100
21108
21116
21125
21133
21141
21150
21158
21166
21175
21183
21191
21200
21207
21215
21223
21230
21238
21246
21253
21261
21269
21276
21284
21292
21300
21307
21315
21323
21330
21338
21346
21353
21361
21369
21376
21384
21392
21400
21407
21415
21423
21430
21438
21446
21453
21461
21469
21476
21484
21492
21500
21501
21502
21503
21504
21505
21507
21508
21509
21510
21511
21513
21514
21515
21516
21517
21519
21520
21521
21522
21523
21525
21526
21527
21528
21529
21530
21532
21533
21534
21535
21536
21538
21539
21540
21541
21542
21544
21545
21546
21547
21548
21550
21551
21552
21553
21554
21555
21557
21558
21559
21560
21561
21563
21564
21565
21566
21567
21569
21570
21571
21572
21573
21575
21576
21577
21578
21579
21580
21582
21583
21584
21585
21586
21588
21589
21590
21591
21592
21594
21595
21596
21597
21598
21600
21601
21602
21603
21604
21605
21607
21608
21609
21610
21611
21612
21614
21615
21616
21617
21618
21620
21621
21622
21623
21624
21625
21627
21628
21629
21630
21631
21632
21634
21635
21636
21637
21638
21640
21641
21642
21643
21644
21645
21647
21648
21649
21650
21651
21652
21654
21655
21656
21657
21658
21660
21661
21662
21663
21664
21665
21667
21668
21669
21670
21671
21672
21674
21675
21676
21677
21678
21680
21681
21682
21683
21684
21685
21687
21688
21689
21690
21691
21692
21694
21695
21696
21697
21698
21700
21701
21702
21703
21704
21705
21707
21708
21709
21710
21711
21713
21714
21715
21716
21717
21719
21720
21721
21722
21723
21725
21726
21727
21728
21729
21730
21732
21733
21734
21735
21736
21738
21739
21740
21741
21742
21744
21745
21746
21747
21748
21750
21751
21752
21753
21754
21755
21757
21758
21759
21760
21761
21763
21764
21765
21766
21767
21769
21770
21771
21772
21773
21775
21776
21777
21778
21779
21780
21782
21783
21784
21785
21786
21788
21789
21790
21791
21792
21794
21795
21796
21797
21798
21800
21801
21802
21803
21804
21805
21807
21808
21809
21810
21811
21812
21814
21815
21816
21817
21818
21820
21821
21822
21823
21824
21825
21827
21828
21829
21830
21831
21832
21834
21835
21836
21837
21838
21840
21841
21842
21843
21844
21845
21847
21848
21849
21850
21851
21852
21854
21855
21856
21857
21858
21860
21861
21862
21863
21864
21865
21867
21868
21869
21870
21871
21872
21874
21875
21876
21877
21878
21880
21881
21882
21883
21884
21885
21887
21888
21889
21890
21891
21892
21894
21895
21896
21897
21898
21900
21901
21902
21903
21904
21905
21907
21908
21909
21910
21911
21912
21914
21915
21916
21917
21918
21919
21921
21922
21923
21924
21925
21927
21928
21929
21930
21931
21932
21934
21935
21936
21937
21938
21939
21941
21942
21943
21944
21945
21947
21948
21949
21950
21951
21952
21954
21955
21956
21957
21958
21960
21961
21962
21963
21964
21965
21967
21968
21969
21970
21971
21972
21974
21975
21976
21977
21978
21980
21981
21982
21983
21984
21985
21987
21988
21989
21990
21991
21992
21994
21995
21996
21997
21998
22000
22001
22002
22003
22004
22005
22006
22007
22008
22009
22010
22011
22012
22013
22014
22015
22016
22017
22018
22019
22020
22021
22022
22023
22024
22025
22026
22027
22028
22029
22030
22031
22032
22033
22034
22035
22036
22037
22038
22039
22040
22041
22042
22043
22044
22045
22046
22047
22048
22049
22050
22051
22052
22053
22054
22055
22056
22057
22058
22059
22060
22061
22062
22063
22064
22065
22066
22067
22068
22069
22070
22071
22072
22073
22074
22075
22076
22077
22078
22079
22080
22081
22082
22083
22084
22085
22086
22087
22088
22089
22090
22091
22092
22093
22094
22095
22096
22097
22098
22100
22101
22102
22103
22104
22105
22106
22107
22108
22109
22110
22111
22112
22113
22114
22115
22116
22117
22118
22119
22120
22121
22122
22123
22124
22125
22126
22127
22128
22129
22130
22131
22132
22133
22134
22135
22136
22137
22138
22139
22140
22141
22142
22143
22144
22145
22146
22147
22148
22149
22150
22151
22152
22153
22154
22155
22156
22157
22158
22159
22160
22161
22162
22163
22164
22165
22166
22167
22168
22169
22170
22171
22172
22173
22174
22175
22176
22177
22178
22179
22180
22181
22182
22183
22184
22185
22186
22187
22188
22189
22190
22191
22192
22193
22194
22195
22196
22197
22198
22200
22201
22202
22203
22204
22205
22206
22207
22208
22209
22210
22211
22212
22213
22214
22215
22216
22217
22218
22219
22220
22221
22222
22223
22224
22225
22226
22227
22228
22229
22230
22231
22232
22233
22234
22235
22236
22237
22238
22239
22240
22241
22242
22243
22244
22245
22246
22247
22248
22249
22250
22251
22252
22253
22254
22255
22256
22257
22258
22259
22260
22261
22262
22263
22264
22265
22266
22267
22268
22269
22270
22271
22272
22273
22274
22275
22276
22277
22278
22279
22280
22281
22282
22283
22284
22285
22286
22287
22288
22289
22290
22291
22292
22293
22294
22295
22296
22297
22298
22300
22301
22302
22303
22304
22305
22306
22307
22308
22309
22310
22311
22312
22313
22314
22315
22316
22317
22318
22319
22320
22321
22322
22323
22324
22325
22326
22327
22328
22329
22330
22331
22332
22333
22334
22335
22336
22337
22338
22339
22340
22341
22342
22343
22344
22345
22346
22347
22348
22349
22350
22351
22352
22353
22354
22355
22356
22357
22358
22359
22360
22361
22362
22363
22364
22365
22366
22367
22368
22369
22370
22371
22372
22373
22374
22375
22376
22377
22378
22379
22380
22381
22382
22383
22384
22385
22386
22387
22388
22389
22390
22391
22392
22393
22394
22395
22396
22397
22398
22400
22401
22402
22403
22404
22405
22406
22407
22408
22409
22410
22411
22412
22413
22414
22415
22416
22417
22418
22419
22420
22421
22422
22423
22424
22425
22426
22427
22428
22429
22430
22431
22432
22433
22434
22435
22436
22437
22438
22439
22440
22441
22442
22443
22444
22445
22446
22447
22448
22449
22450
22451
22452
22453
22454
22455
22456
22457
22458
22459
22460
22461
22462
22463
22464
22465
22466
22467
22468
22469
22470
22471
22472
22473
22474
22475
22476
22477
22478
22479
22480
22481
22482
22483
22484
22485
22486
22487
22488
22489
22490
22491
22492
22493
22494
22495
22496
22497
22498
22500
22501
22503
22505
22506
22508
22510
22511
22513
22515
22516
22518
22520
22522
22523
22525
22527
22528
22530
22532
22533
22535
22537
22538
22540
22542
22544
22545
22547
22549
22550
22552
22554
22555
22557
22559
22561
22562
22564
22566
22567
22569
22571
22572
22574
22576
22577
22579
22581
22583
22584
22586
22588
22589
22591
22593
22594
22596
22598
22600
22601
22603
22605
22606
22608
22610
22611
22613
22615
22616
22618
22620
22622
22623
22625
22627
22628
22630
22632
22633
22635
22637
22638
22640
22642
22644
22645
22647
22649
22650
22652
22654
22655
22657
22659
22661
22662
22664
22666
22667
22669
22671
22672
22674
22676
22677
22679
22681
22683
22684
22686
22688
22689
22691
22693
22694
22696
22698
22700
22701
22703
22705
22706
22708
22710
22712
22713
22715
22717
22718
22720
22722
22724
22725
22727
22729
22731
22732
22734
22736
22737
22739
22741
22743
22744
22746
22748
22750
22751
22753
22755
22756
22758
22760
22762
22763
22765
22767
22768
22770
22772
22774
22775
22777
22779
22781
22782
22784
22786
22787
22789
22791
22793
22794
22796
22798
22800
22801
22803
22805
22806
22808
22810
22811
22813
22815
22816
22818
22820
22822
22823
22825
22827
22828
22830
22832
22833
22835
22837
22838
22840
22842
22844
22845
22847
22849
22850
22852
22854
22855
22857
22859
22861
22862
22864
22866
22867
22869
22871
22872
22874
22876
22877
22879
22881
22883
22884
22886
22888
22889
22891
22893
22894
22896
22898
22900
22901
22903
22905
22906
22908
22910
22911
22913
22915
22916
22918
22920
22922
22923
22925
22927
22928
22930
22932
22933
22935
22937
22938
22940
22942
22944
22945
22947
22949
22950
22952
22954
22955
22957
22959
22961
22962
22964
22966
22967
22969
22971
22972
22974
22976
22977
22979
22981
22983
22984
22986
22988
22989
22991
22993
22994
22996
22998
23000
23008
23016
23025
23033
23041
23050
23058
23066
23075
23083
23091
23100
23109
23118
23127
23136
23145
23154
23163
23172
23181
23190
23200
23208
23216
23225
23233
23241
23250
23258
23266
23275
23283
23291
23300
23308
23316
23325
23333
23341
23350
23358
23366
23375
23383
23391
23400
23408
23416
23424
23433
23441
23450
23458
23466
23475
23483
23491
23500
23501
23503
23505
23506
23508
23510
23511
23513
23515
23516
23518
23520
23521
23523
23525
23526
23528
23530
23531
23533
23535
23536
23538
23540
23541
23543
23545
23546
23548
23550
23551
23553
23555
23556
23558
23560
23561
23563
23565
23566
23568
23570
23571
23573
23575
23576
23578
23580
23581
23583
23585
23586
23588
23590
23591
23593
23595
23596
23598
23600
23601
23603
23605
23606
23608
23610
23611
23613
23615
23616
23618
23620
23621
23623
23625
23626
23628
23630
23631
23633
23635
23636
23638
23640
23641
23643
23645
23646
23648
23650
23651
23653
23655
23656
23658
23660
23661
23663
23665
23666
23668
23670
23671
23673
23675
23676
23678
23680
23681
23683
23685
23686
23688
23689
23691
23693
23695
23696
23698
23700
23701
23703
23705
23706
23708
23710
23711
23713
23715
23716
23718
23720
23721
23723
23725
23726
23728
23730
23731
23733
23735
23736
23738
23740
23741
23743
23745
23746
23748
23750
23751
23753
23755
23756
23758
23760
23761
23763
23765
23766
23768
23770
23771
23773
23775
23776
23778
23780
23781
23783
23785
23786
23788
23790
23791
23793
23795
23796
23798
23800
23801
23803
23804
23806
23808
23809
23811
23813
23814
23816
23818
23819
23821
23822
23824
23826
23827
23829
23831
23832
23834
23836
23837
23839
23840
23842
23844
23845
23847
23849
23850
23852
23854
23855
23857
23859
23860
23862
23863
23865
23867
23868
23870
23872
23873
23875
23877
23878
23880
23881
23883
23885
23886
23888
23890
23891
23893
23895
23896
23898
23900
23901
23903
23904
23906
23908
23910
23911
23913
23915
23916
23918
23919
23921
23923
23924
23926
23928
23930
23931
23933
23935
23936
23938
23939
23941
23943
23945
23946
23948
23950
23951
23953
23955
23956
23958
23960
23961
23963
23965
23966
23968
23970
23971
23973
23975
23976
23978
23980
23981
23983
23985
23986
23988
23990
23991
23993
23995
23996
23998
24000
24001
24002
24003
24004
24006
24007
24008
24009
24010
24012
24013
24014
24015
24017
24018
24019
24020
24021
24023
24024
24025
24026
24028
24029
24030
24031
24032
24034
24035
24036
24037
24039
24040
24041
24042
24043
24045
24046
24047
24048
24050
24051
24052
24053
24054
24056
24057
24058
24059
24060
24062
24063
24064
24065
24067
24068
24069
24070
24071
24073
24074
24075
24076
24078
24079
24080
24081
24082
24084
24085
24086
24087
24089
24090
24091
24092
24093
24095
24096
24097
24098
24100
24101
24102
24103
24104
24106
24107
24108
24109
24110
24112
24113
24114
24115
24117
24118
24119
24120
24121
24123
24124
24125
24126
24128
24129
24130
24131
24132
24134
24135
24136
24137
24139
24140
24141
24142
24143
24145
24146
24147
24148
24150
24151
24152
24153
24154
24156
24157
24158
24159
24160
24162
24163
24164
24165
24167
24168
24169
24170
24171
24173
24174
24175
24176
24178
24179
24180
24181
24182
24184
24185
24186
24187
24189
24190
24191
24192
24193
24195
24196
24197
24198
24200
24201
24202
24203
24204
24206
24207
24208
24209
24210
24212
24213
24214
24215
24216
24218
24219
24220
24221
24222
24224
24225
24226
24227
24228
24230
24231
24232
24233
24234
24236
24237
24238
24239
24240
24242
24243
24244
24245
24246
24248
24249
24250
24251
24253
24254
24255
24256
24257
24259
24260
24261
24262
24263
24265
24266
24267
24268
24269
24271
24272
24273
24274
24275
24277
24278
24279
24280
24281
24283
24284
24285
24286
24287
24289
24290
24291
24292
24293
24295
24296
24297
24298
24300
24301
24302
24303
24304
24306
24307
24308
24309
24310
24312
24313
24314
24315
24317
24318
24319
24320
24321
24323
24324
24325
24326
24328
24329
24330
24331
24332
24334
24335
24336
24337
24339
24340
24341
24342
24343
24345
24346
24347
24348
24350
24351
24352
24353
24354
24356
24357
24358
24359
24360
24362
24363
24364
24365
24367
24368
24369
24370
24371
24373
24374
24375
24376
24378
24379
24380
24381
24382
24384
24385
24386
24387
24389
24390
24391
24392
24393
24395
24396
24397
24398
24400
24401
24402
24403
24404
24406
24407
24408
24409
24410
24412
24413
24414
24415
24417
24418
24419
24420
24421
24423
24424
24425
24426
24428
24429
24430
24431
24432
24434
24435
24436
24437
24439
24440
24441
24442
24443
24445
24446
24447
24448
24450
24451
24452
24453
24454
24456
24457
24458
24459
24460
24462
24463
24464
24465
24467
24468
24469
24470
24471
24473
24474
24475
24476
24478
24479
24480
24481
24482
24484
24485
24486
24487
24489
24490
24491
24492
24493
24495
24496
24497
24498
24500
24503
24507
24510
24514
24517
24521
24525
24528
24532
24535
24539
24542
24546
24550
24553
24557
24560
24564
24567
24571
24575
24578
24582
24585
24589
24592
24596
24600
24603
24607
24610
24614
24617
24621
24625
24628
24632
24635
24639
24642
24646
24650
24653
24657
24660
24664
24667
24671
24675
24678
24682
24685
24689
24692
24696
24700
24703
24707
24710
24714
24717
24721
24725
24728
24732
24735
24739
24742
24746
24750
24753
24757
24760
24764
24767
24771
24775
24778
24782
24785
24789
24792
24796
24800
24803
24807
24811
24814
24818
24822
24825
24829
24833
24837
24840
24844
24848
24851
24855
24859
24862
24866
24870
24874
24877
24881
24885
24888
24892
24896
24900
24903
24907
24910
24914
24917
24921
24924
24928
24932
24935
24939
24942
24946
24950
24953
24957
24960
24964
24967
24971
24975
24978
24982
24985
24989
24992
24996
25000
25001
25002
25004
25005
25006
25008
25009
25010
25012
25013
25014
25016
25017
25018
25020
25021
25022
25024
25025
25026
25028
25029
25030
25032
25033
25034
25036
25037
25038
25040
25041
25042
25044
25045
25046
25048
25049
25050
25052
25053
25054
25056
25057
25058
25060
25061
25062
25064
25065
25066
25068
25069
25070
25072
25073
25074
25076
25077
25078
25080
25081
25082
25084
25085
25086
25088
25089
25090
25092
25093
25094
25096
25097
25098
25100
25101
25102
25103
25105
25106
25107
25109
25110
25111
25113
25114
25115
25117
25118
25119
25121
25122
25123
25125
25126
25127
25128
25130
25131
25132
25134
25135
25136
25138
25139
25140
25142
25143
25144
25146
25147
25148
25150
25151
25152
25153
25155
25156
25157
25159
25160
25161
25163
25164
25165
25167
25168
25169
25171
25172
25173
25175
25176
25177
25178
25180
25181
25182
25184
25185
25186
25188
25189
25190
25192
25193
25194
25196
25197
25198
25200
25201
25202
25204
25205
25206
25208
25209
25210
25212
25213
25214
25216
25217
25218
25220
25221
25222
25224
25225
25226
25227
25229
25230
25232
25233
25234
25236
25237
25238
25240
25241
25242
25244
25245
25246
25248
25249
25250
25252
25253
25254
25256
25257
25258
25260
25261
25262
25264
25265
25266
25268
25269
25270
25272
25273
25274
25276
25277
25278
25280
25281
25282
25284
25285
25286
25288
25289
25290
25292
25293
25294
25296
25297
25298
25300
25301
25302
25304
25305
25306
25308
25309
25310
25312
25313
25314
25316
25317
25318
25320
25321
25322
25324
25325
25326
25328
25329
25330
25332
25333
25334
25336
25337
25338
25340
25341
25342
25344
25345
25346
25348
25349
25350
25352
25353
25354
25355
25357
25358
25360
25361
25362
25364
25365
25366
25368
25369
25370
25372
25373
25374
25375
25377
25378
25380
25381
25382
25384
25385
25386
25387
25389
25390
25392
25393
25394
25395
25397
25398
25400
25401
25402
25404
25405
25406
25407
25409
25410
25412
25413
25414
25416
25417
25418
25419
25421
25422
25424
25425
25426
25427
25429
25430
25432
25433
25434
25436
25437
25438
25439
25441
25442
25444
25445
25446
25448
25449
25450
25452
25453
25454
25456
25457
25458
25460
25461
25462
25464
25465
25466
25468
25469
25470
25472
25473
25474
25476
25477
25478
25480
25481
25482
25484
25485
25486
25488
25489
25490
25492
25493
25494
25496
25497
25498
25500
25501
25503
25505
25507
25509
25511
25512
25514
25516
25518
25520
25522
25524
25525
25527
25529
25531
25533
25535
25537
25538
25540
25542
25544
25546
25548
25550
25551
25553
25555
25557
25559
25561
25562
25564
25566
25568
25570
25572
25574
25575
25577
25579
25581
25583
25585
25587
25588
25590
25592
25594
25596
25598
25600
25601
25603
25605
25607
25609
25611
25612
25614
25616
25618
25620
25622
25624
25625
25627
25629
25631
25633
25635
25637
25638
25640
25642
25644
25646
25648
25650
25651
25653
25655
25657
25659
25661
25662
25664
25666
25668
25670
25672
25674
25675
25677
25679
25681
25683
25685
25687
25688
25690
25692
25694
25696
25698
25700
25701
25703
25705
25707
25709
25711
25713
25715
25716
25718
25720
25722
25724
25726
25728
25730
25732
25733
25735
25737
25739
25741
25743
25745
25747
25749
25750
25752
25754
25756
25758
25760
25762
25764
25766
25767
25769
25771
25773
25775
25777
25779
25781
25783
25784
25786
25788
25790
25792
25794
25796
25798
25800
25801
25803
25805
25807
25809
25811
25812
25814
25816
25818
25820
25822
25824
25825
25827
25829
25831
25833
25835
25837
25838
25840
25842
25844
25846
25848
25850
25851
25853
25855
25857
25859
25861
25862
25864
25866
25868
25870
25872
25874
25875
25877
25879
25881
25883
25885
25887
25888
25890
25892
25894
25896
25898
25900
25901
25903
25905
25907
25909
25911
25912
25914
25916
25918
25920
25922
25924
25925
25927
25929
25931
25933
25935
25937
25938
25940
25942
25944
25946
25948
25950
25951
25953
25955
25957
25959
25961
25962
25964
25966
25968
25970
25972
25974
25975
25977
25979
25981
25983
25985
25987
25988
25990
25992
25994
25996
25998
26000
26003
26007
26011
26014
26018
26022
26025
26029
26033
26037
26040
26044
26048
26051
26055
26059
26062
26066
26070
26074
26077
26081
26085
26088
26092
26096
26100
26103
26107
26110
26114
26117
26121
26125
26128
26132
26135
26139
26142
26146
26150
26153
26157
26160
26164
26167
26171
26175
26178
26182
26185
26189
26192
26196
26200
26203
26207
26211
26214
26218
26222
26225
26229
26233
26237
26240
26244
26248
26251
26255
26259
26262
26266
26270
26274
26277
26281
26285
26288
26292
26296
26300
26303
26307
26311
26314
26318
26322
26325
26329
26333
26337
26340
26344
26348
26351
26355
26359
26362
26366
26370
26374
26377
26381
26385
26388
26392
26396
26400
26403
26407
26411
26414
26418
26422
26425
26429
26433
26437
26440
26444
26448
26451
26455
26459
26462
26466
26470
26474
26477
26481
26485
26488
26492
26496
26500
26502
26504
26506
26508
26510
26512
26514
26517
26519
26521
26523
26525
26527
26529
26531
26534
26536
26538
26540
26542
26544
26546
26548
26551
26553
26555
26557
26559
26561
26563
26565
26568
26570
26572
26574
26576
26578
26580
26582
26585
26587
26589
26591
26593
26595
26597
26600
26602
26604
26606
26608
26610
26612
26614
26617
26619
26621
26623
26625
26627
26629
26631
26634
26636
26638
26640
26642
26644
26646
26648
26651
26653
26655
26657
26659
26661
26663
26665
26668
26670
26672
26674
26676
26678
26680
26682
26685
26687
26689
26691
26693
26695
26697
26700
26702
26704
26706
26708
26710
26712
26714
26717
26719
26721
26723
26725
26727
26729
26731
26734
26736
26738
26740
26742
26744
26746
26748
26751
26753
26755
26757
26759
26761
26763
26765
26768
26770
26772
26774
26776
26778
26780
26782
26785
26787
26789
26791
26793
26795
26797
26800
26802
26804
26806
26808
26810
26812
26814
26817
26819
26821
26823
26825
26827
26829
26831
26834
26836
26838
26840
26842
26844
26846
26848
26851
26853
26855
26857
26859
26861
26863
26865
26868
26870
26872
26874
26876
26878
26880
26882
26885
26887
26889
26891
26893
26895
26897
26900
26902
26904
26906
26908
26910
26912
26914
26917
26919
26921
26923
26925
26927
26929
26931
26934
26936
26938
26940
26942
26944
26946
26948
26951
26953
26955
26957
26959
26961
26963
26965
26968
26970
26972
26974
26976
26978
26980
26982
26985
26987
26989
26991
26993
26995
26997
27000
27003
27006
27009
27012
27016
27019
27022
27025
27029
27032
27035
27038
27041
27045
27048
27051
27054
27058
27061
27064
27067
27070
27074
27077
27080
27083
27087
27090
27093
27096
27100
27103
27106
27109
27112
27116
27119
27122
27125
27129
27132
27135
27138
27141
27145
27148
27151
27154
27158
27161
27164
27167
27170
27174
27177
27180
27183
27187
27190
27193
27196
27200
27203
27206
27209
27212
27216
27219
27222
27225
27229
27232
27235
27238
27241
27245
27248
27251
27254
27258
27261
27264
27267
27270
27274
27277
27280
27283
27287
27290
27293
27296
27300
27303
27306
27309
27312
27316
27319
27322
27325
27329
27332
27335
27338
27341
27345
27348
27351
27354
27358
27361
27364
27367
27370
27374
27377
27380
27383
27387
27390
27393
27396
27400
27403
27406
27409
27412
27416
27419
27422
27425
27429
27432
27435
27438
27441
27445
27448
27451
27454
27458
27461
27464
27467
27470
27474
27477
27480
27483
27487
27490
27493
27496
27500
27507
27514
27521
27528
27535
27542
27550
27557
27564
27571
27578
27585
27592
27600
27607
27614
27621
27628
27635
27642
27650
27657
27664
27671
27678
27685
27692
27700
27706
27713
27720
27726
27733
27740
27746
27753
27760
27766
27773
27780
27786
27793
27800
27807
27814
27821
27828
27835
27842
27850
27857
27864
27871
27878
27885
27892
27900
27907
27914
27921
27928
27935
27942
27950
27957
27964
27971
27978
27985
27992
28000
28005
28011
28017
28023
28029
28035
28041
28047
28052
28058
28064
28070
28076
28082
28088
28094
28100
28106
28112
28118
28125
28131
28137
28143
28150
28156
28162
28168
28175
28181
28187
28193
28200
28205
28211
28217
28223
28229
28235
28241
28247
28252
28258
28264
28270
28276
28282
28288
28294
28300
28305
28311
28317
28323
28329
28335
28341
28347
28352
28358
28364
28370
28376
28382
28388
28394
28400
28405
28411
28417
28423
28429
28435
28441
28447
28452
28458
28464
28470
28476
28482
28488
28494
28500
28502
28505
28507
28510
28513
28515
28518
28521
28523
28526
28528
28531
28534
28536
28539
28542
28544
28547
28550
28552
28555
28557
28560
28563
28565
28568
28571
28573
28576
28578
28581
28584
28586
28589
28592
28594
28597
28600
28602
28605
28608
28610
28613
28616
28618
28621
28624
28627
28629
28632
28635
28637
28640
28643
28645
28648
28651
28654
28656
28659
28662
28664
28667
28670
28672
28675
28678
28681
28683
28686
28689
28691
28694
28697
28700
28702
28705
28707
28710
28713
28715
28718
28721
28723
28726
28728
28731
28734
28736
28739
28742
28744
28747
28750
28752
28755
28757
28760
28763
28765
28768
28771
28773
28776
28778
28781
28784
28786
28789
28792
28794
28797
28800
28802
28805
28807
28810
28813
28815
28818
28821
28823
28826
28828
28831
28834
28836
28839
28842
28844
28847
28850
28852
28855
28857
28860
28863
28865
28868
28871
28873
28876
28878
28881
28884
28886
28889
28892
28894
28897
28900
28902
28905
28907
28910
28913
28915
28918
28921
28923
28926
28928
28931
28934
28936
28939
28942
28944
28947
28950
28952
28955
28957
28960
28963
28965
28968
28971
28973
28976
28978
28981
28984
28986
28989
28992
28994
28997
29000
29005
29011
29017
29023
29029
29035
29041
29047
29052
29058
29064
29070
29076
29082
29088
29094
29100
29105
29111
29116
29122
29127
29133
29138
29144
29150
29155
29161
29166
29172
29177
29183
29188
29194
29200
29205
29211
29216
29222
29227
29233
29238
29244
29250
29255
29261
29266
29272
29277
29283
29288
29294
29300
29305
29311
29316
29322
29327
29333
29338
29344
29350
29355
29361
29366
29372
29377
29383
29388
29394
29400
29405
29411
29416
29422
29427
29433
29438
29444
29450
29455
29461
29466
29472
29477
29483
29488
29494
29500
29502
29505
29508
29511
29513
29516
29519
29522
29525
29527
29530
29533
29536
29538
29541
29544
29547
29550
29552
29555
29558
29561
29563
29566
29569
29572
29575
29577
29580
29583
29586
29588
29591
29594
29597
29600
29602
29605
29608
29610
29613
29616
29618
29621
29624
29627
29629
29632
29635
29637
29640
29643
29645
29648
29651
29654
29656
29659
29662
29664
29667
29670
29672
29675
29678
29681
29683
29686
29689
29691
29694
29697
29700
29702
29705
29708
29711
29713
29716
29719
29722
29725
29727
29730
29733
29736
29738
29741
29744
29747
29750
29752
29755
29758
29761
29763
29766
29769
29772
29775
29777
29780
29783
29786
29788
29791
29794
29797
29800
29802
29805
29808
29810
29813
29816
29818
29821
29824
29827
29829
29832
29835
29837
29840
29843
29845
29848
29851
29854
29856
29859
29862
29864
29867
29870
29872
29875
29878
29881
29883
29886
29889
29891
29894
29897
29900
29902
29905
29908
29911
29913
29916
29919
29922
29924
29927
29930
29933
29936
29938
29941
29944
29947
29950
29952
29955
29958
29961
29963
29966
29969
29972
29975
29977
29980
29983
29986
29988
29991
29994
29997
30000
