0.10 135671.14
0.20 135671.14
0.30 135671.14
0.40 135671.14
0.50 135671.14
0.60 135671.14
0.70 135671.14
0.80 135671.14
0.90 135671.14
1.00 135671.14
1.10 142048.14
1.20 142048.14
1.30 142048.14
1.40 142048.14
1.50 142048.14
1.60 142048.14
1.70 142048.14
1.80 142048.14
1.90 142048.14
2.00 142048.14
2.10 144767.65
2.20 144767.65
2.30 144767.65
2.40 144767.65
2.50 144767.65
2.60 144767.65
2.70 144767.65
2.80 144767.65
2.90 144767.65
3.00 144767.65
3.10 143043.28
3.20 143043.28
3.30 143043.28
3.40 143043.28
3.50 143043.28
3.60 143043.28
3.70 143043.28
3.80 143043.28
3.90 143043.28
4.00 143043.28
4.10 158551.09
4.20 158551.09
4.30 158551.09
4.40 158551.09
4.50 158551.09
4.60 158551.09
4.70 158551.09
4.80 158551.09
4.90 158551.09
5.00 158551.09
5.10 160630.91
5.20 160630.91
5.30 160630.91
5.40 160630.91
5.50 160630.91
5.60 160630.91
5.70 160630.91
5.80 160630.91
5.90 160630.91
6.00 160630.91
6.10 143674.95
6.20 143674.95
6.30 143674.95
6.40 143674.95
6.50 143674.95
6.60 143674.95
6.70 143674.95
6.80 143674.95
6.90 143674.95
7.00 143674.95
7.10 111041.94
7.20 111041.94
7.30 111041.94
7.40 111041.94
7.50 111041.94
7.60 111041.94
7.70 111041.94
7.80 111041.94
7.90 111041.94
8.00 111041.94
8.10 163238.60
8.20 163238.60
8.30 163238.60
8.40 163238.60
8.50 163238.60
8.60 163238.60
8.70 163238.60
8.80 163238.60
8.90 163238.60
9.00 163238.60
9.10 150126.16
9.20 150126.16
9.30 150126.16
9.40 150126.16
9.50 150126.16
9.60 150126.16
9.70 150126.16
9.80 150126.16
9.90 150126.16
10.00 150126.16
10.10 138895.82
10.20 138895.82
10.30 138895.82
10.40 138895.82
10.50 138895.82
10.60 138895.82
10.70 138895.82
10.80 138895.82
10.90 138895.82
11.00 138895.82
11.10 136218.28
11.20 136218.28
11.30 136218.28
11.40 136218.28
11.50 136218.28
11.60 136218.28
11.70 136218.28
11.80 136218.28
11.90 136218.28
12.00 136218.28
12.10 133862.19
12.20 133862.19
12.30 133862.19
12.40 133862.19
12.50 133862.19
12.60 133862.19
12.70 133862.19
12.80 133862.19
12.90 133862.19
13.00 133862.19
13.10 144223.99
13.20 144223.99
13.30 144223.99
13.40 144223.99
13.50 144223.99
13.60 144223.99
13.70 144223.99
13.80 144223.99
13.90 144223.99
14.00 144223.99
14.10 141258.94
14.20 141258.94
14.30 141258.94
14.40 141258.94
14.50 141258.94
14.60 141258.94
14.70 141258.94
14.80 141258.94
14.90 141258.94
15.00 141258.94
15.10 131987.78
15.20 131987.78
15.30 131987.78
15.40 131987.78
15.50 131987.78
15.60 131987.78
15.70 131987.78
15.80 131987.78
15.90 131987.78
16.00 131987.78
16.10 154375.61
16.20 154375.61
16.30 154375.61
16.40 154375.61
16.50 154375.61
16.60 154375.61
16.70 154375.61
16.80 154375.61
16.90 154375.61
17.00 154375.61
17.10 110482.38
17.20 110482.38
17.30 110482.38
17.40 110482.38
17.50 110482.38
17.60 110482.38
17.70 110482.38
17.80 110482.38
17.90 110482.38
18.00 110482.38
18.10 86593.59
18.20 86593.59
18.30 86593.59
18.40 86593.59
18.50 86593.59
18.60 86593.59
18.70 86593.59
18.80 86593.59
18.90 86593.59
19.00 86593.59
19.10 105165.23
19.20 105165.23
19.30 105165.23
19.40 105165.23
19.50 105165.23
19.60 105165.23
19.70 105165.23
19.80 105165.23
19.90 105165.23
20.00 105165.23
20.10 143068.02
20.20 143068.02
20.30 143068.02
20.40 143068.02
20.50 143068.02
20.60 143068.02
20.70 143068.02
20.80 143068.02
20.90 143068.02
21.00 143068.02
21.10 160848.64
21.20 160848.64
21.30 160848.64
21.40 160848.64
21.50 160848.64
21.60 160848.64
21.70 160848.64
21.80 160848.64
21.90 160848.64
22.00 160848.64
22.10 180809.13
22.20 180809.13
22.30 180809.13
22.40 180809.13
22.50 180809.13
22.60 180809.13
22.70 180809.13
22.80 180809.13
22.90 180809.13
23.00 180809.13
23.10 144148.92
23.20 144148.92
23.30 144148.92
23.40 144148.92
23.50 144148.92
23.60 144148.92
23.70 144148.92
23.80 144148.92
23.90 144148.92
24.00 144148.92
24.10 156539.26
24.20 156539.26
24.30 156539.26
24.40 156539.26
24.50 156539.26
24.60 156539.26
24.70 156539.26
24.80 156539.26
24.90 156539.26
25.00 156539.26
25.10 110970.52
25.20 110970.52
25.30 110970.52
25.40 110970.52
25.50 110970.52
25.60 110970.52
25.70 110970.52
25.80 110970.52
25.90 110970.52
26.00 110970.52
26.10 157418.63
26.20 157418.63
26.30 157418.63
26.40 157418.63
26.50 157418.63
26.60 157418.63
26.70 157418.63
26.80 157418.63
26.90 157418.63
27.00 157418.63
27.10 140866.20
27.20 140866.20
27.30 140866.20
27.40 140866.20
27.50 140866.20
27.60 140866.20
27.70 140866.20
27.80 140866.20
27.90 140866.20
28.00 140866.20
28.10 92913.31
28.20 92913.31
28.30 92913.31
28.40 92913.31
28.50 92913.31
28.60 92913.31
28.70 92913.31
28.80 92913.31
28.90 92913.31
29.00 92913.31
29.10 76970.15
29.20 76970.15
29.30 76970.15
29.40 76970.15
29.50 76970.15
29.60 76970.15
29.70 76970.15
29.80 76970.15
29.90 76970.15
30.00 76970.15
