0.10 25088.00
0.20 25088.00
0.30 25088.00
0.40 25088.00
0.50 25088.00
0.60 25088.00
0.70 25088.00
0.80 25088.00
0.90 25088.00
1.00 25088.00
1.10 33587.20
1.20 33587.20
1.30 33587.20
1.40 33587.20
1.50 33587.20
1.60 33587.20
1.70 33587.20
1.80 33587.20
1.90 33587.20
2.00 33587.20
2.10 31232.00
2.20 31232.00
2.30 31232.00
2.40 31232.00
2.50 31232.00
2.60 31232.00
2.70 31232.00
2.80 31232.00
2.90 31232.00
3.00 31232.00
3.10 30720.00
3.20 30720.00
3.30 30720.00
3.40 30720.00
3.50 30720.00
3.60 30720.00
3.70 30720.00
3.80 30720.00
3.90 30720.00
4.00 30720.00
4.10 31539.20
4.20 31539.20
4.30 31539.20
4.40 31539.20
4.50 31539.20
4.60 31539.20
4.70 31539.20
4.80 31539.20
4.90 31539.20
5.00 31539.20
5.10 28467.20
5.20 28467.20
5.30 28467.20
5.40 28467.20
5.50 28467.20
5.60 28467.20
5.70 28467.20
5.80 28467.20
5.90 28467.20
6.00 28467.20
6.10 22016.00
6.20 22016.00
6.30 22016.00
6.40 22016.00
6.50 22016.00
6.60 22016.00
6.70 22016.00
6.80 22016.00
6.90 22016.00
7.00 22016.00
7.10 31232.00
7.20 31232.00
7.30 31232.00
7.40 31232.00
7.50 31232.00
7.60 31232.00
7.70 31232.00
7.80 31232.00
7.90 31232.00
8.00 31232.00
8.10 30720.00
8.20 30720.00
8.30 30720.00
8.40 30720.00
8.50 30720.00
8.60 30720.00
8.70 30720.00
8.80 30720.00
8.90 30720.00
9.00 30720.00
9.10 28876.80
9.20 28876.80
9.30 28876.80
9.40 28876.80
9.50 28876.80
9.60 28876.80
9.70 28876.80
9.80 28876.80
9.90 28876.80
10.00 28876.80
10.10 31129.60
10.20 31129.60
10.30 31129.60
10.40 31129.60
10.50 31129.60
10.60 31129.60
10.70 31129.60
10.80 31129.60
10.90 31129.60
11.00 31129.60
11.10 24985.60
11.20 24985.60
11.30 24985.60
11.40 24985.60
11.50 24985.60
11.60 24985.60
11.70 24985.60
11.80 24985.60
11.90 24985.60
12.00 24985.60
12.10 27545.60
12.20 27545.60
12.30 27545.60
12.40 27545.60
12.50 27545.60
12.60 27545.60
12.70 27545.60
12.80 27545.60
12.90 27545.60
13.00 27545.60
13.10 34304.00
13.20 34304.00
13.30 34304.00
13.40 34304.00
13.50 34304.00
13.60 34304.00
13.70 34304.00
13.80 34304.00
13.90 34304.00
14.00 34304.00
14.10 33177.60
14.20 33177.60
14.30 33177.60
14.40 33177.60
14.50 33177.60
14.60 33177.60
14.70 33177.60
14.80 33177.60
14.90 33177.60
15.00 33177.60
15.10 32665.60
15.20 32665.60
15.30 32665.60
15.40 32665.60
15.50 32665.60
15.60 32665.60
15.70 32665.60
15.80 32665.60
15.90 32665.60
16.00 32665.60
16.10 31539.20
16.20 31539.20
16.30 31539.20
16.40 31539.20
16.50 31539.20
16.60 31539.20
16.70 31539.20
16.80 31539.20
16.90 31539.20
17.00 31539.20
17.10 27750.40
17.20 27750.40
17.30 27750.40
17.40 27750.40
17.50 27750.40
17.60 27750.40
17.70 27750.40
17.80 27750.40
17.90 27750.40
18.00 27750.40
18.10 34304.00
18.20 34304.00
18.30 34304.00
18.40 34304.00
18.50 34304.00
18.60 34304.00
18.70 34304.00
18.80 34304.00
18.90 34304.00
19.00 34304.00
19.10 33689.60
19.20 33689.60
19.30 33689.60
19.40 33689.60
19.50 33689.60
19.60 33689.60
19.70 33689.60
19.80 33689.60
19.90 33689.60
20.00 33689.60
20.10 34816.00
20.20 34816.00
20.30 34816.00
20.40 34816.00
20.50 34816.00
20.60 34816.00
20.70 34816.00
20.80 34816.00
20.90 34816.00
21.00 34816.00
21.10 31539.20
21.20 31539.20
21.30 31539.20
21.40 31539.20
21.50 31539.20
21.60 31539.20
21.70 31539.20
21.80 31539.20
21.90 31539.20
22.00 31539.20
22.10 31129.60
22.20 31129.60
22.30 31129.60
22.40 31129.60
22.50 31129.60
22.60 31129.60
22.70 31129.60
22.80 31129.60
22.90 31129.60
23.00 31129.60
23.10 35430.40
23.20 35430.40
23.30 35430.40
23.40 35430.40
23.50 35430.40
23.60 35430.40
23.70 35430.40
23.80 35430.40
23.90 35430.40
24.00 35430.40
24.10 34099.20
24.20 34099.20
24.30 34099.20
24.40 34099.20
24.50 34099.20
24.60 34099.20
24.70 34099.20
24.80 34099.20
24.90 34099.20
25.00 34099.20
25.10 33177.60
25.20 33177.60
25.30 33177.60
25.40 33177.60
25.50 33177.60
25.60 33177.60
25.70 33177.60
25.80 33177.60
25.90 33177.60
26.00 33177.60
26.10 32256.00
26.20 32256.00
26.30 32256.00
26.40 32256.00
26.50 32256.00
26.60 32256.00
26.70 32256.00
26.80 32256.00
26.90 32256.00
27.00 32256.00
27.10 24576.00
27.20 24576.00
27.30 24576.00
27.40 24576.00
27.50 24576.00
27.60 24576.00
27.70 24576.00
27.80 24576.00
27.90 24576.00
28.00 24576.00
28.10 30003.20
28.20 30003.20
28.30 30003.20
28.40 30003.20
28.50 30003.20
28.60 30003.20
28.70 30003.20
28.80 30003.20
28.90 30003.20
29.00 30003.20
29.10 31846.40
29.20 31846.40
29.30 31846.40
29.40 31846.40
29.50 31846.40
29.60 31846.40
29.70 31846.40
29.80 31846.40
29.90 31846.40
30.00 31846.40
