0.10 195417.79
0.20 195417.79
0.30 195417.79
0.40 195417.79
0.50 195417.79
0.60 195417.79
0.70 195417.79
0.80 195417.79
0.90 195417.79
1.00 195417.79
1.10 448824.20
1.20 448824.20
1.30 448824.20
1.40 448824.20
1.50 448824.20
1.60 448824.20
1.70 448824.20
1.80 448824.20
1.90 448824.20
2.00 448824.20
2.10 344322.31
2.20 344322.31
2.30 344322.31
2.40 344322.31
2.50 344322.31
2.60 344322.31
2.70 344322.31
2.80 344322.31
2.90 344322.31
3.00 344322.31
3.10 282461.11
3.20 282461.11
3.30 282461.11
3.40 282461.11
3.50 282461.11
3.60 282461.11
3.70 282461.11
3.80 282461.11
3.90 282461.11
4.00 282461.11
4.10 118014.74
4.20 118014.74
4.30 118014.74
4.40 118014.74
4.50 118014.74
4.60 118014.74
4.70 118014.74
4.80 118014.74
4.90 118014.74
5.00 118014.74
5.10 188858.83
5.20 188858.83
5.30 188858.83
5.40 188858.83
5.50 188858.83
5.60 188858.83
5.70 188858.83
5.80 188858.83
5.90 188858.83
6.00 188858.83
6.10 290113.63
6.20 290113.63
6.30 290113.63
6.40 290113.63
6.50 290113.63
6.60 290113.63
6.70 290113.63
6.80 290113.63
6.90 290113.63
7.00 290113.63
7.10 327822.85
7.20 327822.85
7.30 327822.85
7.40 327822.85
7.50 327822.85
7.60 327822.85
7.70 327822.85
7.80 327822.85
7.90 327822.85
8.00 327822.85
8.10 344986.05
8.20 344986.05
8.30 344986.05
8.40 344986.05
8.50 344986.05
8.60 344986.05
8.70 344986.05
8.80 344986.05
8.90 344986.05
9.00 344986.05
9.10 292441.11
9.20 292441.11
9.30 292441.11
9.40 292441.11
9.50 292441.11
9.60 292441.11
9.70 292441.11
9.80 292441.11
9.90 292441.11
10.00 292441.11
10.10 318806.41
10.20 318806.41
10.30 318806.41
10.40 318806.41
10.50 318806.41
10.60 318806.41
10.70 318806.41
10.80 318806.41
10.90 318806.41
11.00 318806.41
11.10 256594.29
11.20 256594.29
11.30 256594.29
11.40 256594.29
11.50 256594.29
11.60 256594.29
11.70 256594.29
11.80 256594.29
11.90 256594.29
12.00 256594.29
12.10 247234.40
12.20 247234.40
12.30 247234.40
12.40 247234.40
12.50 247234.40
12.60 247234.40
12.70 247234.40
12.80 247234.40
12.90 247234.40
13.00 247234.40
13.10 370163.60
13.20 370163.60
13.30 370163.60
13.40 370163.60
13.50 370163.60
13.60 370163.60
13.70 370163.60
13.80 370163.60
13.90 370163.60
14.00 370163.60
14.10 340445.48
14.20 340445.48
14.30 340445.48
14.40 340445.48
14.50 340445.48
14.60 340445.48
14.70 340445.48
14.80 340445.48
14.90 340445.48
15.00 340445.48
15.10 341322.57
15.20 341322.57
15.30 341322.57
15.40 341322.57
15.50 341322.57
15.60 341322.57
15.70 341322.57
15.80 341322.57
15.90 341322.57
16.00 341322.57
16.10 283676.19
16.20 283676.19
16.30 283676.19
16.40 283676.19
16.50 283676.19
16.60 283676.19
16.70 283676.19
16.80 283676.19
16.90 283676.19
17.00 283676.19
17.10 291602.41
17.20 291602.41
17.30 291602.41
17.40 291602.41
17.50 291602.41
17.60 291602.41
17.70 291602.41
17.80 291602.41
17.90 291602.41
18.00 291602.41
18.10 342917.72
18.20 342917.72
18.30 342917.72
18.40 342917.72
18.50 342917.72
18.60 342917.72
18.70 342917.72
18.80 342917.72
18.90 342917.72
19.00 342917.72
19.10 310137.55
19.20 310137.55
19.30 310137.55
19.40 310137.55
19.50 310137.55
19.60 310137.55
19.70 310137.55
19.80 310137.55
19.90 310137.55
20.00 310137.55
20.10 358002.23
20.20 358002.23
20.30 358002.23
20.40 358002.23
20.50 358002.23
20.60 358002.23
20.70 358002.23
20.80 358002.23
20.90 358002.23
21.00 358002.23
21.10 313478.98
21.20 313478.98
21.30 313478.98
21.40 313478.98
21.50 313478.98
21.60 313478.98
21.70 313478.98
21.80 313478.98
21.90 313478.98
22.00 313478.98
22.10 242625.86
22.20 242625.86
22.30 242625.86
22.40 242625.86
22.50 242625.86
22.60 242625.86
22.70 242625.86
22.80 242625.86
22.90 242625.86
23.00 242625.86
23.10 404315.89
23.20 404315.89
23.30 404315.89
23.40 404315.89
23.50 404315.89
23.60 404315.89
23.70 404315.89
23.80 404315.89
23.90 404315.89
24.00 404315.89
24.10 294394.27
24.20 294394.27
24.30 294394.27
24.40 294394.27
24.50 294394.27
24.60 294394.27
24.70 294394.27
24.80 294394.27
24.90 294394.27
25.00 294394.27
25.10 349039.49
25.20 349039.49
25.30 349039.49
25.40 349039.49
25.50 349039.49
25.60 349039.49
25.70 349039.49
25.80 349039.49
25.90 349039.49
26.00 349039.49
26.10 257774.06
26.20 257774.06
26.30 257774.06
26.40 257774.06
26.50 257774.06
26.60 257774.06
26.70 257774.06
26.80 257774.06
26.90 257774.06
27.00 257774.06
27.10 362451.61
27.20 362451.61
27.30 362451.61
27.40 362451.61
27.50 362451.61
27.60 362451.61
27.70 362451.61
27.80 362451.61
27.90 362451.61
28.00 362451.61
28.10 210551.06
28.20 210551.06
28.30 210551.06
28.40 210551.06
28.50 210551.06
28.60 210551.06
28.70 210551.06
28.80 210551.06
28.90 210551.06
29.00 210551.06
29.10 434415.41
29.20 434415.41
29.30 434415.41
29.40 434415.41
29.50 434415.41
29.60 434415.41
29.70 434415.41
29.80 434415.41
29.90 434415.41
30.00 434415.41
