10
20
30
40
50
60
70
80
90
100
110
120
130
140
150
160
170
180
190
200
209
218
227
236
245
254
263
272
281
290
300
310
320
330
340
350
360
370
380
390
400
409
418
427
436
445
454
463
472
481
490
500
503
507
511
514
518
522
525
529
533
537
540
544
548
551
555
559
562
566
570
574
577
581
585
588
592
596
600
603
607
610
614
617
621
625
628
632
635
639
642
646
649
653
657
660
664
667
671
674
678
682
685
689
692
696
700
703
707
711
714
718
722
725
729
733
737
740
744
748
751
755
759
762
766
770
774
777
781
785
788
792
796
800
803
807
810
814
817
821
825
828
832
835
839
842
846
850
853
857
860
864
867
871
875
878
882
885
889
892
896
900
903
907
911
914
918
922
925
929
933
937
940
944
948
951
955
959
962
966
970
974
977
981
985
988
992
996
1000
1005
1011
1017
1023
1029
1035
1041
1047
1052
1058
1064
1070
1076
1082
1088
1094
1100
1106
1112
1118
1125
1131
1137
1143
1150
1156
1162
1168
1175
1181
1187
1193
1200
1205
1211
1217
1223
1229
1235
1241
1247
1252
1258
1264
1270
1276
1282
1288
1294
1300
1305
1311
1317
1323
1329
1335
1341
1347
1352
1358
1364
1370
1376
1382
1388
1394
1400
1406
1412
1418
1424
1431
1437
1443
1450
1456
1462
1468
1475
1481
1487
1493
1500
1505
1511
1516
1522
1527
1533
1538
1544
1550
1555
1561
1566
1572
1577
1583
1588
1594
1600
1605
1611
1616
1622
1627
1633
1638
1644
1650
1655
1661
1666
1672
1677
1683
1688
1694
1700
1705
1711
1716
1722
1727
1733
1738
1744
1750
1755
1761
1766
1772
1777
1783
1788
1794
1800
1805
1811
1816
1822
1827
1833
1838
1844
1850
1855
1861
1866
1872
1877
1883
1888
1894
1900
1905
1911
1916
1922
1927
1933
1938
1944
1950
1955
1961
1966
1972
1977
1983
1988
1994
2000
2005
2011
2016
2022
2027
2033
2038
2044
2050
2055
2061
2066
2072
2077
2083
2088
2094
2100
2105
2110
2115
2121
2126
2131
2136
2142
2147
2152
2157
2163
2168
2173
2178
2184
2189
2194
2200
2205
2211
2216
2222
2227
2233
2238
2244
2250
2255
2261
2266
2272
2277
2283
2288
2294
2300
2305
2310
2315
2321
2326
2331
2336
2342
2347
2352
2357
2363
2368
2373
2378
2384
2389
2394
2400
2405
2411
2416
2422
2427
2433
2438
2444
2450
2455
2461
2466
2472
2477
2483
2488
2494
2500
2505
2510
2515
2521
2526
2531
2536
2542
2547
2552
2557
2563
2568
2573
2578
2584
2589
2594
2600
2605
2610
2615
2621
2626
2631
2636
2642
2647
2652
2657
2663
2668
2673
2678
2684
2689
2694
2700
2705
2710
2715
2721
2726
2731
2736
2742
2747
2752
2757
2763
2768
2773
2778
2784
2789
2794
2800
2805
2811
2816
2822
2827
2833
2838
2844
2849
2855
2861
2866
2872
2877
2883
2888
2894
2900
2905
2910
2915
2921
2926
2931
2936
2942
2947
2952
2957
2963
2968
2973
2978
2984
2989
2994
3000
3007
3015
3023
3030
3038
3046
3053
3061
3069
3076
3084
3092
3100
3107
3115
3123
3130
3138
3146
3153
3161
3169
3176
3184
3192
3200
3207
3214
3221
3228
3235
3242
3250
3257
3264
3271
3278
3285
3292
3300
3307
3315
3323
3330
3338
3346
3353
3361
3369
3376
3384
3392
3400
3407
3415
3423
3430
3438
3446
3453
3461
3469
3476
3484
3492
3500
3510
3520
3530
3540
3550
3560
3570
3580
3590
3600
3609
3618
3627
3636
3645
3654
3663
3672
3681
3690
3700
3709
3718
3727
3736
3745
3754
3763
3772
3781
3790
3800
3809
3820
3830
3840
3849
3860
3870
3880
3889
3900
3909
3918
3927
3936
3945
3954
3963
3972
3981
3990
4000
4006
4012
4018
4025
4031
4037
4043
4050
4056
4062
4068
4074
4081
4087
4093
4100
4106
4113
4120
4126
4133
4140
4146
4153
4160
4166
4173
4180
4186
4193
4200
4206
4212
4218
4225
4231
4237
4243
4250
4256
4262
4268
4275
4281
4287
4293
4300
4306
4313
4320
4326
4333
4340
4346
4353
4360
4366
4373
4380
4386
4393
4400
4406
4412
4418
4425
4431
4437
4443
4450
4456
4462
4468
4475
4481
4487
4493
4500
4505
4510
4515
4520
4525
4530
4535
4540
4545
4550
4555
4560
4564
4569
4574
4580
4585
4590
4595
4600
4604
4609
4614
4620
4625
4630
4635
4640
4645
4650
4655
4660
4665
4670
4675
4680
4685
4690
4695
4700
4705
4710
4715
4720
4725
4730
4735
4740
4745
4750
4755
4760
4765
4770
4775
4780
4785
4790
4795
4800
4805
4810
4814
4820
4825
4830
4835
4840
4845
4850
4855
4860
4865
4870
4875
4880
4885
4890
4895
4900
4905
4910
4915
4921
4926
4931
4936
4942
4947
4952
4957
4963
4968
4973
4978
4984
4989
4994
5000
5002
5004
5007
5009
5012
5014
5017
5019
5021
5024
5026
5029
5031
5034
5036
5039
5041
5043
5046
5048
5051
5053
5056
5058
5060
5063
5065
5068
5070
5073
5075
5078
5080
5082
5085
5087
5090
5092
5095
5097
5100
5102
5104
5107
5109
5112
5114
5117
5119
5121
5124
5126
5129
5131
5134
5136
5139
5141
5143
5146
5148
5151
5153
5156
5158
5160
5163
5165
5168
5170
5173
5175
5178
5180
5182
5185
5187
5190
5192
5195
5197
5200
5202
5205
5207
5210
5212
5215
5217
5220
5222
5225
5227
5230
5232
5235
5237
5240
5242
5245
5247
5250
5252
5255
5257
5260
5262
5265
5267
5270
5272
5275
5277
5280
5282
5285
5287
5290
5292
5295
5297
5300
5302
5304
5307
5309
5312
5314
5317
5319
5321
5324
5326
5329
5331
5334
5336
5339
5341
5343
5346
5348
5351
5353
5356
5358
5360
5363
5365
5368
5370
5373
5375
5378
5380
5382
5385
5387
5390
5392
5395
5397
5400
5402
5405
5407
5410
5412
5415
5417
5420
5422
5425
5427
5430
5432
5435
5437
5440
5442
5445
5447
5450
5452
5455
5457
5460
5462
5465
5467
5470
5472
5475
5477
5480
5482
5485
5487
5490
5492
5495
5497
5500
5525
5550
5574
5600
5633
5666
5700
5725
5750
5775
5800
5833
5866
5900
5925
5950
5975
6000
6003
6006
6009
6012
6016
6019
6022
6025
6029
6032
6035
6038
6041
6045
6048
6051
6054
6058
6061
6064
6067
6070
6074
6077
6080
6083
6087
6090
6093
6096
6100
6103
6106
6109
6112
6116
6119
6122
6125
6129
6132
6135
6138
6141
6145
6148
6151
6154
6158
6161
6164
6167
6170
6174
6177
6180
6183
6187
6190
6193
6196
6200
6203
6206
6210
6213
6216
6220
6223
6226
6230
6233
6236
6240
6243
6246
6250
6253
6256
6260
6263
6266
6270
6273
6276
6280
6283
6286
6290
6293
6296
6300
6303
6306
6309
6312
6316
6319
6322
6325
6329
6332
6335
6338
6341
6345
6348
6351
6354
6358
6361
6364
6367
6370
6374
6377
6380
6383
6387
6390
6393
6396
6400
6403
6406
6409
6412
6416
6419
6422
6425
6429
6432
6435
6438
6441
6445
6448
6451
6454
6458
6461
6464
6467
6470
6474
6477
6480
6483
6487
6490
6493
6496
6500
6505
6510
6515
6521
6526
6531
6536
6542
6547
6552
6557
6563
6568
6573
6578
6584
6589
6594
6600
6605
6610
6615
6621
6626
6631
6636
6642
6647
6652
6657
6663
6668
6673
6678
6684
6689
6694
6700
6705
6710
6715
6721
6726
6731
6736
6742
6747
6752
6757
6763
6768
6773
6778
6784
6789
6794
6800
6805
6810
6815
6821
6826
6831
6836
6842
6847
6852
6857
6863
6868
6873
6878
6884
6889
6894
6900
6905
6910
6915
6921
6926
6931
6936
6942
6947
6952
6957
6963
6968
6973
6978
6984
6989
6994
7000
7008
7016
7025
7033
7041
7050
7058
7066
7074
7083
7091
7100
7107
7115
7123
7130
7138
7146
7153
7161
7169
7176
7184
7192
7200
7208
7216
7225
7233
7241
7250
7258
7266
7275
7283
7291
7300
7307
7315
7323
7330
7338
7346
7353
7361
7369
7376
7384
7392
7400
7407
7415
7423
7430
7438
7446
7453
7461
7469
7476
7484
7492
7500
7505
7510
7515
7521
7526
7531
7536
7542
7547
7552
7557
7563
7568
7573
7578
7584
7589
7594
7600
7605
7610
7615
7621
7626
7631
7636
7642
7647
7652
7657
7663
7668
7673
7678
7684
7689
7694
7700
7705
7710
7715
7721
7726
7731
7736
7742
7747
7752
7757
7763
7768
7773
7778
7784
7789
7794
7800
7805
7810
7814
7820
7825
7830
7835
7840
7845
7850
7855
7860
7865
7870
7875
7880
7885
7890
7895
7900
7905
7910
7915
7921
7926
7931
7936
7942
7947
7952
7957
7963
7968
7973
7978
7984
7989
7994
8000
8007
8014
8021
8028
8035
8042
8050
8057
8064
8071
8078
8085
8092
8100
8107
8114
8121
8128
8135
8142
8149
8157
8164
8171
8178
8185
8192
8200
8207
8214
8221
8228
8235
8242
8250
8257
8264
8271
8278
8285
8292
8300
8307
8314
8321
8328
8335
8342
8350
8357
8364
8371
8378
8385
8392
8400
8406
8413
8420
8426
8433
8440
8446
8453
8460
8466
8473
8480
8486
8493
8500
8511
8522
8533
8544
8555
8566
8577
8588
8600
8611
8622
8633
8644
8655
8666
8677
8688
8700
8709
8719
8730
8740
8750
8760
8770
8780
8790
8800
8811
8822
8833
8844
8855
8866
8877
8888
8900
8910
8920
8930
8940
8950
8960
8970
8980
8990
9000
9007
9015
9023
9030
9038
9046
9053
9061
9069
9076
9084
9092
9100
9107
9115
9123
9130
9138
9146
9153
9161
9169
9176
9184
9192
9200
9207
9215
9223
9230
9238
9246
9253
9261
9269
9276
9284
9292
9300
9308
9316
9325
9333
9341
9350
9358
9366
9375
9383
9391
9400
9407
9415
9423
9430
9438
9446
9453
9461
9469
9476
9484
9492
9500
9507
9514
9521
9528
9535
9542
9550
9557
9564
9571
9578
9585
9592
9600
9607
9614
9621
9628
9635
9642
9649
9657
9664
9671
9678
9685
9692
9700
9707
9715
9723
9730
9738
9746
9753
9761
9769
9776
9784
9792
9800
9807
9814
9821
9828
9835
9842
9850
9857
9864
9871
9878
9885
9892
9900
9907
9914
9921
9928
9935
9942
9950
9957
9964
9971
9978
9985
9992
10000
10005
10011
10016
10022
10027
10033
10038
10044
10050
10055
10061
10066
10072
10077
10083
10088
10094
10100
10105
10111
10116
10122
10127
10133
10138
10144
10149
10155
10161
10166
10172
10177
10183
10188
10194
10200
10205
10211
10216
10222
10227
10233
10238
10244
10250
10255
10261
10266
10272
10277
10283
10288
10294
10300
10305
10311
10316
10322
10327
10333
10338
10344
10350
10355
10361
10366
10372
10377
10383
10388
10394
10400
10405
10411
10416
10422
10427
10433
10438
10444
10450
10455
10461
10466
10472
10477
10483
10488
10494
10500
10505
10511
10517
10523
10529
10535
10541
10547
10552
10558
10564
10570
10576
10582
10588
10594
10600
10605
10611
10616
10622
10627
10633
10638
10644
10649
10655
10661
10666
10672
10677
10683
10688
10694
10700
10705
10711
10716
10722
10727
10733
10738
10744
10750
10755
10761
10766
10772
10777
10783
10788
10794
10800
10805
10811
10816
10822
10827
10833
10838
10844
10850
10855
10861
10866
10872
10877
10883
10888
10894
10900
10905
10911
10916
10922
10927
10933
10938
10944
10950
10955
10961
10966
10972
10977
10983
10988
10994
11000
11005
11011
11017
11023
11029
11035
11041
11047
11052
11058
11064
11070
11076
11082
11088
11094
11100
11105
11111
11117
11123
11129
11135
11141
11147
11152
11158
11164
11170
11176
11182
11188
11194
11200
11205
11211
11217
11223
11229
11235
11241
11247
11252
11258
11264
11270
11276
11282
11288
11294
11300
11306
11312
11318
11325
11331
11337
11343
11350
11356
11362
11368
11375
11381
11387
11393
11400
11405
11411
11417
11423
11429
11435
11441
11447
11452
11458
11464
11470
11476
11482
11488
11494
11500
11506
11512
11518
11525
11531
11537
11543
11550
11556
11562
11568
11575
11581
11587
11593
11600
11606
11613
11620
11626
11633
11639
11646
11653
11660
11666
11673
11680
11686
11693
11700
11706
11712
11718
11725
11731
11737
11743
11750
11756
11762
11768
11775
11781
11787
11793
11800
11806
11813
11820
11826
11833
11840
11846
11853
11860
11866
11873
11880
11886
11893
11900
11906
11913
11920
11926
11933
11940
11946
11953
11960
11966
11973
11980
11986
11993
12000
12007
12014
12021
12028
12035
12042
12050
12057
12064
12071
12078
12085
12092
12100
12107
12114
12121
12128
12135
12142
12149
12157
12164
12171
12178
12185
12192
12200
12207
12214
12221
12228
12235
12242
12250
12257
12264
12271
12278
12285
12292
12300
12307
12314
12321
12328
12335
12342
12350
12357
12364
12371
12378
12385
12392
12400
12407
12415
12423
12430
12438
12446
12453
12461
12469
12476
12484
12492
12500
12501
12502
12503
12504
12505
12507
12508
12509
12510
12511
12513
12514
12515
12516
12517
12519
12520
12521
12522
12523
12525
12526
12527
12528
12529
12530
12532
12533
12534
12535
12536
12538
12539
12540
12541
12542
12544
12545
12546
12547
12548
12550
12551
12552
12553
12554
12555
12557
12558
12559
12560
12561
12563
12564
12565
12566
12567
12569
12570
12571
12572
12573
12575
12576
12577
12578
12579
12580
12582
12583
12584
12585
12586
12588
12589
12590
12591
12592
12594
12595
12596
12597
12598
12600
12601
12602
12603
12604
12605
12607
12608
12609
12610
12611
12613
12614
12615
12616
12617
12619
12620
12621
12622
12623
12625
12626
12627
12628
12629
12630
12632
12633
12634
12635
12636
12638
12639
12640
12641
12642
12644
12645
12646
12647
12648
12649
12651
12652
12653
12654
12655
12657
12658
12659
12660
12661
12663
12664
12665
12666
12667
12669
12670
12671
12672
12673
12674
12676
12677
12678
12679
12680
12682
12683
12684
12685
12686
12688
12689
12690
12691
12692
12694
12695
12696
12697
12698
12700
12701
12702
12703
12704
12705
12707
12708
12709
12710
12711
12712
12714
12715
12716
12717
12718
12719
12721
12722
12723
12724
12725
12727
12728
12729
12730
12731
12732
12734
12735
12736
12737
12738
12740
12741
12742
12743
12744
12745
12747
12748
12749
12750
12751
12752
12754
12755
12756
12757
12758
12760
12761
12762
12763
12764
12765
12767
12768
12769
12770
12771
12772
12774
12775
12776
12777
12778
12780
12781
12782
12783
12784
12785
12787
12788
12789
12790
12791
12792
12794
12795
12796
12797
12798
12800
12801
12802
12803
12804
12805
12807
12808
12809
12810
12811
12813
12814
12815
12816
12817
12819
12820
12821
12822
12823
12825
12826
12827
12828
12829
12830
12832
12833
12834
12835
12836
12838
12839
12840
12841
12842
12844
12845
12846
12847
12848
12850
12851
12852
12853
12854
12855
12857
12858
12859
12860
12861
12863
12864
12865
12866
12867
12869
12870
12871
12872
12873
12875
12876
12877
12878
12879
12880
12882
12883
12884
12885
12886
12888
12889
12890
12891
12892
12894
12895
12896
12897
12898
12900
12901
12902
12903
12904
12905
12907
12908
12909
12910
12911
12913
12914
12915
12916
12917
12919
12920
12921
12922
12923
12925
12926
12927
12928
12929
12930
12932
12933
12934
12935
12936
12938
12939
12940
12941
12942
12944
12945
12946
12947
12948
12950
12951
12952
12953
12954
12955
12957
12958
12959
12960
12961
12963
12964
12965
12966
12967
12969
12970
12971
12972
12973
12975
12976
12977
12978
12979
12980
12982
12983
12984
12985
12986
12988
12989
12990
12991
12992
12994
12995
12996
12997
12998
13000
13002
13004
13006
13009
13011
13013
13016
13018
13020
13023
13025
13027
13030
13032
13034
13037
13039
13041
13044
13046
13048
13051
13053
13055
13058
13060
13062
13065
13067
13069
13072
13074
13076
13079
13081
13083
13086
13088
13090
13093
13095
13097
13100
13102
13104
13106
13109
13111
13113
13116
13118
13120
13123
13125
13127
13130
13132
13134
13137
13139
13141
13144
13146
13148
13151
13153
13155
13158
13160
13162
13165
13167
13169
13172
13174
13176
13179
13181
13183
13186
13188
13190
13193
13195
13197
13200
13202
13204
13206
13209
13211
13213
13215
13218
13220
13222
13225
13227
13229
13231
13234
13236
13238
13240
13243
13245
13247
13250
13252
13254
13256
13259
13261
13263
13265
13268
13270
13272
13275
13277
13279
13281
13284
13286
13288
13290
13293
13295
13297
13300
13302
13304
13306
13309
13311
13313
13316
13318
13320
13323
13325
13327
13330
13332
13334
13337
13339
13341
13344
13346
13348
13351
13353
13355
13358
13360
13362
13365
13367
13369
13372
13374
13376
13379
13381
13383
13386
13388
13390
13393
13395
13397
13400
13402
13404
13406
13409
13411
13413
13416
13418
13420
13423
13425
13427
13430
13432
13434
13437
13439
13441
13444
13446
13448
13451
13453
13455
13458
13460
13462
13465
13467
13469
13472
13474
13476
13479
13481
13483
13486
13488
13490
13493
13495
13497
13500
13502
13504
13506
13508
13510
13512
13514
13516
13518
13520
13522
13524
13526
13528
13530
13532
13534
13536
13538
13540
13542
13544
13546
13548
13551
13553
13555
13557
13559
13561
13563
13565
13567
13569
13571
13573
13575
13577
13579
13581
13583
13585
13587
13589
13591
13593
13595
13597
13600
13602
13604
13606
13608
13610
13612
13614
13616
13618
13620
13622
13625
13627
13629
13631
13633
13635
13637
13639
13641
13643
13645
13647
13649
13652
13654
13656
13658
13660
13662
13664
13666
13668
13670
13672
13674
13677
13679
13681
13683
13685
13687
13689
13691
13693
13695
13697
13700
13702
13704
13706
13708
13710
13712
13714
13716
13718
13720
13722
13725
13727
13729
13731
13733
13735
13737
13739
13741
13743
13745
13747
13750
13752
13754
13756
13758
13760
13762
13764
13766
13768
13770
13772
13775
13777
13779
13781
13783
13785
13787
13789
13791
13793
13795
13797
13800
13802
13804
13806
13808
13810
13812
13814
13816
13818
13820
13822
13825
13827
13829
13831
13833
13835
13837
13839
13841
13843
13845
13847
13850
13852
13854
13856
13858
13860
13862
13864
13866
13868
13870
13872
13875
13877
13879
13881
13883
13885
13887
13889
13891
13893
13895
13897
13900
13902
13904
13906
13908
13910
13912
13914
13916
13918
13920
13922
13924
13926
13928
13930
13932
13934
13936
13938
13940
13942
13944
13946
13948
13951
13953
13955
13957
13959
13961
13963
13965
13967
13969
13971
13973
13975
13977
13979
13981
13983
13985
13987
13989
13991
13993
13995
13997
14000
14033
14066
14100
14125
14149
14174
14200
14233
14266
14300
14325
14350
14375
14400
14433
14466
14500
14503
14507
14510
14514
14517
14521
14525
14528
14532
14535
14539
14542
14546
14550
14553
14557
14560
14564
14567
14571
14575
14578
14582
14585
14589
14592
14596
14600
14603
14607
14610
14614
14617
14621
14625
14628
14632
14635
14639
14642
14646
14649
14653
14657
14660
14664
14667
14671
14674
14678
14682
14685
14689
14692
14696
14700
14703
14707
14710
14714
14717
14721
14725
14728
14732
14735
14739
14742
14746
14750
14753
14757
14760
14764
14767
14771
14775
14778
14782
14785
14789
14792
14796
14800
14803
14807
14810
14814
14817
14821
14825
14828
14832
14835
14839
14842
14846
14850
14853
14857
14860
14864
14867
14871
14875
14878
14882
14885
14889
14892
14896
14900
14903
14907
14910
14914
14917
14921
14925
14928
14932
14935
14939
14942
14946
14950
14953
14957
14960
14964
14967
14971
14975
14978
14982
14985
14989
14992
14996
15000
15014
15028
15042
15057
15071
15085
15100
15114
15128
15142
15157
15171
15185
15200
15214
15228
15242
15257
15271
15285
15300
15314
15328
15342
15357
15371
15385
15400
15412
15425
15437
15450
15462
15475
15487
15500
15501
15502
15504
15505
15507
15508
15509
15511
15512
15514
15515
15516
15518
15519
15521
15522
15523
15525
15526
15528
15529
15530
15532
15533
15535
15536
15538
15539
15540
15542
15543
15545
15546
15547
15549
15550
15552
15553
15554
15556
15557
15559
15560
15561
15563
15564
15566
15567
15569
15570
15571
15573
15574
15576
15577
15578
15580
15581
15583
15584
15585
15587
15588
15590
15591
15592
15594
15595
15597
15598
15600
15601
15602
15604
15605
15606
15608
15609
15611
15612
15613
15615
15616
15618
15619
15620
15622
15623
15625
15626
15627
15629
15630
15631
15633
15634
15636
15637
15638
15640
15641
15643
15644
15645
15647
15648
15649
15651
15652
15654
15655
15656
15658
15659
15661
15662
15663
15665
15666
15668
15669
15670
15672
15673
15674
15676
15677
15679
15680
15681
15683
15684
15686
15687
15688
15690
15691
15693
15694
15695
15697
15698
15700
15701
15702
15704
15705
15707
15708
15709
15711
15712
15714
15715
15716
15718
15719
15721
15722
15723
15725
15726
15728
15729
15730
15732
15733
15735
15736
15738
15739
15740
15742
15743
15745
15746
15747
15749
15750
15752
15753
15754
15756
15757
15759
15760
15761
15763
15764
15766
15767
15769
15770
15771
15773
15774
15776
15777
15778
15780
15781
15783
15784
15785
15787
15788
15790
15791
15792
15794
15795
15797
15798
15800
15801
15802
15804
15805
15806
15808
15809
15811
15812
15813
15815
15816
15818
15819
15820
15822
15823
15825
15826
15827
15829
15830
15831
15833
15834
15836
15837
15838
15840
15841
15843
15844
15845
15847
15848
15850
15851
15852
15854
15855
15856
15858
15859
15861
15862
15863
15865
15866
15868
15869
15870
15872
15873
15875
15876
15877
15879
15880
15881
15883
15884
15886
15887
15888
15890
15891
15893
15894
15895
15897
15898
15900
15901
15902
15904
15905
15907
15908
15909
15911
15912
15914
15915
15916
15918
15919
15921
15922
15923
15925
15926
15928
15929
15930
15932
15933
15935
15936
15938
15939
15940
15942
15943
15945
15946
15947
15949
15950
15952
15953
15954
15956
15957
15959
15960
15961
15963
15964
15966
15967
15969
15970
15971
15973
15974
15976
15977
15978
15980
15981
15983
15984
15985
15987
15988
15990
15991
15992
15994
15995
15997
15998
16000
16002
16005
16008
16010
16013
16016
16018
16021
16024
16027
16029
16032
16035
16037
16040
16043
16045
16048
16051
16054
16056
16059
16062
16064
16067
16070
16072
16075
16078
16081
16083
16086
16089
16091
16094
16097
16100
16102
16105
16108
16110
16113
16116
16118
16121
16124
16127
16129
16132
16135
16137
16140
16143
16145
16148
16151
16154
16156
16159
16162
16164
16167
16170
16172
16175
16178
16181
16183
16186
16189
16191
16194
16197
16200
16202
16205
16207
16210
16213
16215
16218
16221
16223
16226
16228
16231
16234
16236
16239
16242
16244
16247
16250
16252
16255
16257
16260
16263
16265
16268
16271
16273
16276
16278
16281
16284
16286
16289
16292
16294
16297
16300
16302
16305
16308
16310
16313
16316
16318
16321
16324
16327
16329
16332
16335
16337
16340
16343
16345
16348
16351
16354
16356
16359
16362
16364
16367
16370
16372
16375
16378
16381
16383
16386
16389
16391
16394
16397
16400
16402
16405
16408
16410
16413
16416
16418
16421
16424
16427
16429
16432
16435
16437
16440
16443
16445
16448
16451
16454
16456
16459
16462
16464
16467
16470
16472
16475
16478
16481
16483
16486
16489
16491
16494
16497
16500
16503
16507
16511
16515
16519
16523
16526
16530
16534
16538
16542
16546
16550
16553
16557
16561
16565
16569
16573
16576
16580
16584
16588
16592
16596
16600
16603
16607
16611
16615
16619
16623
16626
16630
16634
16638
16642
16646
16650
16653
16657
16661
16665
16669
16673
16676
16680
16684
16688
16692
16696
16700
16703
16707
16711
16715
16719
16723
16726
16730
16734
16738
16742
16746
16750
16753
16757
16761
16765
16769
16773
16776
16780
16784
16788
16792
16796
16800
16803
16807
16811
16815
16819
16823
16826
16830
16834
16838
16842
16846
16850
16853
16857
16861
16865
16869
16873
16876
16880
16884
16888
16892
16896
16900
16903
16907
16911
16915
16919
16923
16926
16930
16934
16938
16942
16946
16950
16953
16957
16961
16965
16969
16973
16976
16980
16984
16988
16992
16996
17000
17001
17002
17004
17005
17007
17008
17010
17011
17012
17014
17015
17017
17018
17020
17021
17022
17024
17025
17027
17028
17030
17031
17032
17034
17035
17037
17038
17040
17041
17042
17044
17045
17047
17048
17050
17051
17052
17054
17055
17057
17058
17060
17061
17062
17064
17065
17067
17068
17070
17071
17072
17074
17075
17077
17078
17080
17081
17082
17084
17085
17087
17088
17090
17091
17092
17094
17095
17097
17098
17100
17101
17102
17104
17105
17107
17108
17109
17111
17112
17114
17115
17116
17118
17119
17121
17122
17123
17125
17126
17128
17129
17130
17132
17133
17135
17136
17138
17139
17140
17142
17143
17145
17146
17147
17149
17150
17152
17153
17154
17156
17157
17159
17160
17161
17163
17164
17166
17167
17169
17170
17171
17173
17174
17176
17177
17178
17180
17181
17183
17184
17185
17187
17188
17190
17191
17192
17194
17195
17197
17198
17200
17201
17202
17204
17205
17207
17208
17210
17211
17212
17214
17215
17217
17218
17220
17221
17222
17224
17225
17227
17228
17230
17231
17232
17234
17235
17237
17238
17240
17241
17242
17244
17245
17247
17248
17250
17251
17252
17254
17255
17257
17258
17260
17261
17262
17264
17265
17267
17268
17270
17271
17272
17274
17275
17277
17278
17280
17281
17282
17284
17285
17287
17288
17290
17291
17292
17294
17295
17297
17298
17300
17301
17302
17304
17305
17307
17308
17310
17311
17312
17314
17315
17317
17318
17320
17321
17322
17324
17325
17327
17328
17330
17331
17332
17334
17335
17337
17338
17340
17341
17342
17344
17345
17347
17348
17350
17351
17352
17354
17355
17357
17358
17360
17361
17362
17364
17365
17367
17368
17369
17371
17372
17374
17375
17377
17378
17380
17381
17382
17384
17385
17387
17388
17390
17391
17392
17394
17395
17397
17398
17400
17401
17402
17404
17405
17407
17408
17410
17411
17412
17414
17415
17417
17418
17419
17421
17422
17424
17425
17427
17428
17430
17431
17432
17434
17435
17437
17438
17439
17441
17442
17444
17445
17447
17448
17450
17451
17452
17454
17455
17457
17458
17460
17461
17462
17464
17465
17467
17468
17470
17471
17472
17474
17475
17477
17478
17480
17481
17482
17484
17485
17487
17488
17490
17491
17492
17494
17495
17497
17498
17500
17507
17515
17523
17530
17538
17546
17553
17561
17569
17576
17584
17592
17600
17608
17616
17625
17633
17641
17650
17658
17666
17675
17683
17691
17700
17707
17715
17723
17730
17738
17746
17753
17761
17769
17776
17784
17792
17800
17807
17815
17823
17830
17838
17846
17853
17861
17869
17876
17884
17892
17900
17907
17915
17923
17930
17938
17946
17953
17961
17969
17976
17984
17992
18000
18001
18002
18004
18005
18007
18008
18010
18011
18012
18014
18015
18017
18018
18020
18021
18022
18024
18025
18027
18028
18030
18031
18032
18034
18035
18037
18038
18040
18041
18042
18044
18045
18047
18048
18050
18051
18052
18054
18055
18057
18058
18060
18061
18062
18064
18065
18067
18068
18070
18071
18072
18074
18075
18077
18078
18080
18081
18082
18084
18085
18087
18088
18090
18091
18092
18094
18095
18097
18098
18100
18101
18102
18104
18105
18107
18108
18110
18111
18112
18114
18115
18117
18118
18120
18121
18122
18124
18125
18127
18128
18130
18131
18132
18134
18135
18137
18138
18140
18141
18142
18144
18145
18147
18148
18150
18151
18152
18154
18155
18157
18158
18160
18161
18162
18164
18165
18167
18168
18170
18171
18172
18174
18175
18177
18178
18180
18181
18182
18184
18185
18187
18188
18189
18191
18192
18194
18195
18197
18198
18200
18201
18202
18204
18205
18207
18208
18210
18211
18212
18214
18215
18217
18218
18220
18221
18222
18224
18225
18227
18228
18230
18231
18232
18234
18235
18237
18238
18240
18241
18242
18244
18245
18247
18248
18250
18251
18252
18254
18255
18257
18258
18260
18261
18262
18264
18265
18267
18268
18270
18271
18272
18274
18275
18277
18278
18280
18281
18282
18284
18285
18287
18288
18290
18291
18292
18294
18295
18297
18298
18300
18301
18302
18304
18305
18307
18308
18310
18311
18312
18314
18315
18317
18318
18320
18321
18322
18324
18325
18327
18328
18330
18331
18332
18334
18335
18337
18338
18340
18341
18342
18344
18345
18347
18348
18350
18351
18352
18354
18355
18357
18358
18360
18361
18362
18364
18365
18367
18368
18369
18371
18372
18374
18375
18377
18378
18380
18381
18382
18384
18385
18387
18388
18390
18391
18392
18394
18395
18397
18398
18400
18401
18402
18404
18405
18407
18408
18410
18411
18412
18414
18415
18417
18418
18419
18421
18422
18424
18425
18427
18428
18430
18431
18432
18434
18435
18437
18438
18439
18441
18442
18444
18445
18447
18448
18450
18451
18452
18454
18455
18457
18458
18460
18461
18462
18464
18465
18467
18468
18470
18471
18472
18474
18475
18477
18478
18480
18481
18482
18484
18485
18487
18488
18490
18491
18492
18494
18495
18497
18498
18500
18501
18503
18505
18507
18508
18510
18512
18514
18515
18517
18519
18521
18522
18524
18526
18528
18529
18531
18533
18535
18536
18538
18540
18542
18543
18545
18547
18549
18550
18552
18554
18556
18557
18559
18561
18563
18564
18566
18568
18570
18571
18573
18575
18577
18578
18580
18582
18584
18585
18587
18589
18591
18592
18594
18596
18598
18600
18601
18603
18605
18607
18608
18610
18612
18614
18615
18617
18619
18621
18622
18624
18626
18628
18629
18631
18633
18635
18636
18638
18640
18642
18643
18645
18647
18649
18650
18652
18654
18656
18657
18659
18661
18663
18664
18666
18668
18670
18671
18673
18675
18677
18678
18680
18682
18684
18685
18687
18689
18691
18692
18694
18696
18698
18700
18701
18703
18705
18707
18708
18710
18712
18714
18715
18717
18719
18721
18722
18724
18726
18728
18729
18731
18733
18735
18736
18738
18740
18742
18743
18745
18747
18749
18750
18752
18754
18756
18757
18759
18761
18763
18764
18766
18768
18770
18771
18773
18775
18777
18778
18780
18782
18784
18785
18787
18789
18791
18792
18794
18796
18798
18800
18801
18803
18805
18807
18808
18810
18812
18814
18815
18817
18819
18821
18822
18824
18826
18828
18829
18831
18833
18835
18836
18838
18840
18842
18843
18845
18847
18849
18850
18852
18854
18856
18857
18859
18861
18863
18864
18866
18868
18870
18871
18873
18875
18877
18878
18880
18882
18884
18885
18887
18889
18891
18892
18894
18896
18898
18900
18901
18903
18905
18907
18908
18910
18912
18914
18915
18917
18919
18921
18922
18924
18926
18928
18929
18931
18933
18935
18936
18938
18940
18942
18943
18945
18947
18949
18950
18952
18954
18956
18957
18959
18961
18963
18964
18966
18968
18970
18971
18973
18975
18977
18978
18980
18982
18984
18985
18987
18989
18991
18992
18994
18996
18998
19000
19002
19004
19007
19009
19012
19014
19017
19019
19021
19024
19026
19029
19031
19034
19036
19039
19041
19043
19046
19048
19051
19053
19056
19058
19060
19063
19065
19068
19070
19073
19075
19078
19080
19082
19085
19087
19090
19092
19095
19097
19100
19102
19105
19107
19110
19112
19115
19117
19120
19122
19125
19127
19130
19132
19135
19137
19140
19142
19145
19147
19150
19152
19155
19157
19160
19162
19165
19167
19170
19172
19175
19177
19180
19182
19185
19187
19189
19192
19195
19197
19200
19202
19204
19207
19209
19212
19214
19217
19219
19221
19224
19226
19229
19231
19234
19236
19239
19241
19243
19246
19248
19251
19253
19256
19258
19260
19263
19265
19268
19270
19273
19275
19278
19280
19282
19285
19287
19290
19292
19295
19297
19300
19302
19304
19307
19309
19312
19314
19317
19319
19321
19324
19326
19329
19331
19334
19336
19339
19341
19343
19346
19348
19351
19353
19356
19358
19360
19363
19365
19368
19370
19373
19375
19378
19380
19382
19385
19387
19390
19392
19395
19397
19400
19402
19404
19407
19410
19412
19415
19417
19419
19422
19424
19427
19430
19432
19435
19437
19439
19442
19445
19447
19450
19452
19455
19457
19460
19462
19465
19467
19470
19472
19475
19477
19480
19482
19485
19487
19490
19492
19495
19497
19500
19505
19510
19515
19521
19526
19531
19536
19542
19547
19552
19557
19563
19568
19573
19578
19584
19589
19594
19600
19605
19611
19616
19622
19627
19633
19638
19644
19650
19655
19661
19666
19672
19677
19683
19688
19694
19700
19705
19711
19716
19722
19727
19733
19738
19744
19750
19755
19761
19766
19772
19777
19783
19788
19794
19800
19805
19811
19816
19822
19827
19833
19838
19844
19850
19855
19861
19866
19872
19877
19883
19888
19894
19900
19905
19911
19916
19922
19927
19933
19938
19944
19950
19955
19961
19966
19972
19977
19983
19988
19994
20000
20001
20002
20004
20005
20007
20008
20010
20011
20013
20014
20016
20017
20019
20020
20022
20023
20025
20026
20028
20029
20031
20032
20034
20035
20037
20038
20040
20041
20043
20044
20046
20047
20049
20050
20052
20053
20055
20056
20058
20059
20061
20062
20064
20065
20067
20068
20070
20071
20073
20074
20076
20077
20079
20080
20082
20083
20085
20086
20088
20089
20091
20092
20094
20095
20097
20098
20100
20101
20103
20104
20106
20107
20109
20110
20112
20113
20115
20116
20118
20119
20121
20122
20124
20125
20127
20128
20130
20131
20133
20134
20136
20137
20139
20140
20142
20143
20145
20146
20148
20150
20151
20153
20154
20156
20157
20159
20160
20162
20163
20165
20166
20168
20169
20171
20172
20174
20175
20177
20178
20180
20181
20183
20184
20186
20187
20189
20190
20192
20193
20195
20196
20198
20200
20201
20203
20204
20206
20207
20209
20210
20212
20213
20215
20216
20218
20219
20221
20222
20224
20225
20227
20228
20230
20231
20233
20234
20236
20237
20239
20240
20242
20243
20245
20246
20248
20250
20251
20253
20254
20256
20257
20259
20260
20262
20263
20265
20266
20268
20269
20271
20272
20274
20275
20277
20278
20280
20281
20283
20284
20286
20287
20289
20290
20292
20293
20295
20296
20298
20300
20301
20303
20304
20306
20307
20309
20310
20312
20313
20315
20316
20318
20319
20321
20322
20324
20325
20327
20328
20330
20331
20333
20334
20336
20337
20339
20340
20342
20343
20345
20346
20348
20350
20351
20353
20354
20356
20357
20359
20360
20362
20363
20365
20366
20368
20369
20371
20372
20374
20375
20377
20378
20380
20381
20383
20384
20386
20387
20389
20390
20392
20393
20395
20396
20398
20400
20401
20403
20404
20406
20407
20409
20410
20412
20413
20415
20416
20418
20419
20421
20422
20424
20425
20427
20428
20430
20431
20433
20434
20436
20437
20439
20440
20442
20443
20445
20446
20448
20450
20451
20453
20454
20456
20457
20459
20460
20462
20463
20465
20466
20468
20469
20471
20472
20474
20475
20477
20478
20480
20481
20483
20484
20486
20487
20489
20490
20492
20493
20495
20496
20498
20500
20501
20502
20504
20505
20507
20508
20510
20511
20513
20514
20515
20517
20518
20520
20521
20523
20524
20526
20527
20528
20530
20531
20533
20534
20536
20537
20539
20540
20542
20543
20544
20546
20547
20549
20550
20552
20553
20555
20556
20557
20559
20560
20562
20563
20565
20566
20568
20569
20571
20572
20573
20575
20576
20578
20579
20581
20582
20584
20585
20586
20588
20589
20591
20592
20594
20595
20597
20598
20600
20601
20602
20604
20605
20607
20608
20610
20611
20613
20614
20615
20617
20618
20620
20621
20623
20624
20626
20627
20628
20630
20631
20633
20634
20636
20637
20639
20640
20642
20643
20644
20646
20647
20649
20650
20652
20653
20655
20656
20657
20659
20660
20662
20663
20665
20666
20668
20669
20671
20672
20673
20675
20676
20678
20679
20681
20682
20684
20685
20686
20688
20689
20691
20692
20694
20695
20697
20698
20700
20701
20702
20704
20705
20707
20708
20710
20711
20713
20714
20715
20717
20718
20720
20721
20723
20724
20726
20727
20728
20730
20731
20733
20734
20736
20737
20739
20740
20742
20743
20744
20746
20747
20749
20750
20752
20753
20755
20756
20757
20759
20760
20762
20763
20765
20766
20768
20769
20771
20772
20773
20775
20776
20778
20779
20781
20782
20784
20785
20786
20788
20789
20791
20792
20794
20795
20797
20798
20800
20801
20802
20804
20805
20807
20808
20810
20811
20813
20814
20815
20817
20818
20820
20821
20823
20824
20826
20827
20828
20830
20831
20833
20834
20836
20837
20839
20840
20842
20843
20844
20846
20847
20849
20850
20852
20853
20855
20856
20857
20859
20860
20862
20863
20865
20866
20868
20869
20871
20872
20873
20875
20876
20878
20879
20881
20882
20884
20885
20886
20888
20889
20891
20892
20894
20895
20897
20898
20900
20901
20902
20904
20905
20907
20908
20910
20911
20913
20914
20915
20917
20918
20920
20921
20923
20924
20926
20927
20928
20930
20931
20933
20934
20936
20937
20939
20940
20942
20943
20944
20946
20947
20949
20950
20952
20953
20955
20956
20957
20959
20960
20962
20963
20965
20966
20968
20969
20971
20972
20973
20975
20976
20978
20979
20981
20982
20984
20985
20986
20988
20989
20991
20992
20994
20995
20997
20998
21000
21001
21003
21005
21007
21009
21011
21013
21015
21017
21019
21021
21023
21025
21026
21028
21030
21032
21034
21036
21038
21040
21042
21044
21046
21048
21050
21051
21053
21055
21057
21059
21061
21063
21065
21067
21069
21071
21073
21075
21076
21078
21080
21082
21084
21086
21088
21090
21092
21094
21096
21098
21100
21101
21103
21105
21107
21109
21111
21113
21115
21117
21119
21121
21123
21125
21126
21128
21130
21132
21134
21136
21138
21140
21142
21144
21146
21148
21150
21151
21153
21155
21157
21159
21161
21163
21165
21167
21169
21171
21173
21175
21176
21178
21180
21182
21184
21186
21188
21190
21192
21194
21196
21198
21200
21201
21203
21205
21207
21209
21211
21213
21215
21217
21219
21221
21223
21225
21226
21228
21230
21232
21234
21236
21238
21240
21242
21244
21246
21248
21250
21251
21253
21255
21257
21259
21261
21263
21265
21267
21269
21271
21273
21275
21276
21278
21280
21282
21284
21286
21288
21290
21292
21294
21296
21298
21300
21301
21303
21305
21307
21309
21311
21313
21315
21317
21319
21321
21323
21325
21326
21328
21330
21332
21334
21336
21338
21340
21342
21344
21346
21348
21350
21351
21353
21355
21357
21359
21361
21363
21365
21367
21369
21371
21373
21375
21376
21378
21380
21382
21384
21386
21388
21390
21392
21394
21396
21398
21400
21401
21403
21405
21407
21409
21411
21413
21415
21417
21419
21421
21423
21424
21426
21428
21430
21432
21434
21436
21438
21440
21442
21444
21446
21448
21450
21451
21453
21455
21457
21459
21461
21463
21465
21467
21469
21471
21473
21475
21476
21478
21480
21482
21484
21486
21488
21490
21492
21494
21496
21498
21500
21502
21504
21506
21508
21510
21512
21514
21517
21519
21521
21523
21525
21527
21529
21531
21534
21536
21538
21540
21542
21544
21546
21548
21551
21553
21555
21557
21559
21561
21563
21565
21568
21570
21572
21574
21576
21578
21580
21582
21585
21587
21589
21591
21593
21595
21597
21600
21602
21604
21606
21608
21610
21613
21615
21617
21619
21621
21623
21626
21628
21630
21632
21634
21636
21639
21641
21643
21645
21647
21650
21652
21654
21656
21658
21660
21663
21665
21667
21669
21671
21673
21676
21678
21680
21682
21684
21686
21689
21691
21693
21695
21697
21700
21702
21704
21706
21708
21710
21712
21714
21717
21719
21721
21723
21725
21727
21729
21731
21734
21736
21738
21740
21742
21744
21746
21748
21751
21753
21755
21757
21759
21761
21763
21765
21768
21770
21772
21774
21776
21778
21780
21782
21785
21787
21789
21791
21793
21795
21797
21800
21802
21804
21806
21808
21810
21813
21815
21817
21819
21821
21823
21826
21828
21830
21832
21834
21836
21839
21841
21843
21845
21847
21850
21852
21854
21856
21858
21860
21863
21865
21867
21869
21871
21873
21876
21878
21880
21882
21884
21886
21889
21891
21893
21895
21897
21900
21902
21904
21906
21908
21910
21912
21914
21917
21919
21921
21923
21925
21927
21929
21931
21934
21936
21938
21940
21942
21944
21946
21948
21951
21953
21955
21957
21959
21961
21963
21965
21968
21970
21972
21974
21976
21978
21980
21982
21985
21987
21989
21991
21993
21995
21997
22000
22003
22006
22010
22013
22016
22020
22023
22026
22030
22033
22036
22040
22043
22046
22050
22053
22056
22060
22063
22066
22070
22073
22076
22080
22083
22086
22090
22093
22096
22100
22103
22106
22109
22112
22116
22119
22122
22125
22129
22132
22135
22138
22141
22145
22148
22151
22154
22158
22161
22164
22167
22170
22174
22177
22180
22183
22187
22190
22193
22196
22200
22203
22206
22210
22213
22216
22220
22223
22226
22230
22233
22236
22240
22243
22246
22250
22253
22256
22260
22263
22266
22270
22273
22276
22280
22283
22286
22290
22293
22296
22300
22303
22306
22309
22312
22316
22319
22322
22325
22329
22332
22335
22338
22341
22345
22348
22351
22354
22358
22361
22364
22367
22370
22374
22377
22380
22383
22387
22390
22393
22396
22400
22403
22406
22410
22413
22416
22419
22423
22426
22430
22433
22436
22439
22443
22446
22450
22453
22456
22460
22463
22466
22470
22473
22476
22480
22483
22486
22490
22493
22496
22500
22502
22504
22507
22509
22512
22514
22517
22519
22521
22524
22526
22529
22531
22534
22536
22539
22541
22543
22546
22548
22551
22553
22556
22558
22560
22563
22565
22568
22570
22573
22575
22578
22580
22582
22585
22587
22590
22592
22595
22597
22600
22602
22605
22607
22610
22612
22615
22617
22620
22622
22625
22627
22630
22632
22635
22637
22640
22642
22645
22647
22650
22652
22655
22657
22660
22662
22665
22667
22670
22672
22675
22677
22680
22682
22685
22687
22689
22692
22695
22697
22700
22702
22704
22707
22709
22712
22714
22717
22719
22721
22724
22726
22729
22731
22734
22736
22739
22741
22743
22746
22748
22751
22753
22756
22758
22760
22763
22765
22768
22770
22773
22775
22778
22780
22782
22785
22787
22790
22792
22795
22797
22800
22802
22805
22807
22810
22812
22815
22817
22820
22822
22825
22827
22830
22832
22835
22837
22840
22842
22845
22847
22850
22852
22855
22857
22860
22862
22865
22867
22869
22872
22875
22877
22880
22882
22884
22887
22890
22892
22895
22897
22900
22902
22904
22907
22910
22912
22915
22917
22919
22922
22924
22927
22930
22932
22935
22937
22939
22942
22945
22947
22950
22952
22955
22957
22960
22962
22965
22967
22970
22972
22975
22977
22980
22982
22985
22987
22990
22992
22995
22997
23000
23001
23003
23005
23007
23009
23011
23012
23014
23016
23018
23020
23022
23024
23025
23027
23029
23031
23033
23035
23037
23038
23040
23042
23044
23046
23048
23050
23051
23053
23055
23057
23059
23061
23062
23064
23066
23068
23070
23072
23074
23075
23077
23079
23081
23083
23085
23087
23088
23090
23092
23094
23096
23098
23100
23101
23103
23105
23107
23109
23111
23113
23115
23116
23118
23120
23122
23124
23126
23128
23130
23132
23133
23135
23137
23139
23141
23143
23145
23147
23149
23150
23152
23154
23156
23158
23160
23162
23164
23166
23167
23169
23171
23173
23175
23177
23179
23181
23183
23184
23186
23188
23190
23192
23194
23196
23198
23200
23201
23203
23205
23207
23209
23211
23212
23214
23216
23218
23220
23222
23224
23225
23227
23229
23231
23233
23235
23237
23238
23240
23242
23244
23246
23248
23250
23251
23253
23255
23257
23259
23261
23262
23264
23266
23268
23270
23272
23274
23275
23277
23279
23281
23283
23285
23287
23288
23290
23292
23294
23296
23298
23300
23301
23303
23305
23307
23309
23311
23313
23315
23316
23318
23320
23322
23324
23326
23328
23330
23332
23333
23335
23337
23339
23341
23343
23345
23347
23349
23350
23352
23354
23356
23358
23360
23362
23364
23366
23367
23369
23371
23373
23375
23377
23379
23381
23383
23384
23386
23388
23390
23392
23394
23396
23398
23400
23401
23403
23405
23407
23409
23411
23412
23414
23416
23418
23420
23422
23424
23425
23427
23429
23431
23433
23435
23437
23438
23440
23442
23444
23446
23448
23450
23451
23453
23455
23457
23459
23461
23462
23464
23466
23468
23470
23472
23474
23475
23477
23479
23481
23483
23485
23487
23488
23490
23492
23494
23496
23498
23500
23501
23502
23504
23505
23506
23508
23509
23510
23512
23513
23514
23516
23517
23518
23520
23521
23522
23524
23525
23526
23528
23529
23530
23532
23533
23534
23536
23537
23538
23540
23541
23542
23544
23545
23546
23548
23549
23550
23552
23553
23554
23556
23557
23558
23560
23561
23562
23564
23565
23566
23568
23569
23570
23572
23573
23574
23576
23577
23578
23580
23581
23582
23584
23585
23586
23588
23589
23590
23592
23593
23594
23596
23597
23598
23600
23601
23602
23604
23605
23606
23608
23609
23610
23612
23613
23614
23616
23617
23618
23620
23621
23622
23624
23625
23626
23628
23629
23630
23632
23633
23634
23636
23637
23638
23640
23641
23642
23644
23645
23646
23648
23649
23650
23652
23653
23654
23656
23657
23658
23660
23661
23662
23664
23665
23666
23668
23669
23670
23672
23673
23674
23676
23677
23678
23680
23681
23682
23684
23685
23686
23688
23689
23690
23692
23693
23694
23695
23697
23698
23700
23701
23702
23704
23705
23706
23708
23709
23710
23712
23713
23714
23716
23717
23718
23720
23721
23722
23724
23725
23726
23727
23729
23730
23732
23733
23734
23736
23737
23738
23740
23741
23742
23744
23745
23746
23748
23749
23750
23752
23753
23754
23756
23757
23758
23760
23761
23762
23764
23765
23766
23768
23769
23770
23772
23773
23774
23776
23777
23778
23780
23781
23782
23784
23785
23786
23788
23789
23790
23792
23793
23794
23796
23797
23798
23800
23801
23802
23804
23805
23806
23808
23809
23810
23812
23813
23814
23816
23817
23818
23820
23821
23822
23824
23825
23826
23828
23829
23830
23832
23833
23834
23836
23837
23838
23840
23841
23842
23844
23845
23846
23848
23849
23850
23852
23853
23854
23855
23857
23858
23860
23861
23862
23864
23865
23866
23868
23869
23870
23872
23873
23874
23875
23877
23878
23880
23881
23882
23884
23885
23886
23887
23889
23890
23892
23893
23894
23895
23897
23898
23900
23901
23902
23904
23905
23906
23907
23909
23910
23912
23913
23914
23916
23917
23918
23919
23921
23922
23924
23925
23926
23927
23929
23930
23932
23933
23934
23936
23937
23938
23939
23941
23942
23944
23945
23946
23948
23949
23950
23952
23953
23954
23956
23957
23958
23960
23961
23962
23964
23965
23966
23968
23969
23970
23972
23973
23974
23976
23977
23978
23980
23981
23982
23984
23985
23986
23988
23989
23990
23992
23993
23994
23996
23997
23998
24000
24004
24008
24012
24016
24020
24024
24028
24032
24036
24040
24044
24048
24052
24056
24060
24064
24068
24072
24076
24080
24084
24088
24092
24096
24100
24103
24107
24111
24115
24119
24123
24126
24130
24134
24138
24142
24146
24150
24153
24157
24161
24165
24169
24173
24176
24180
24184
24188
24192
24196
24200
24203
24207
24211
24215
24219
24223
24226
24230
24234
24238
24242
24246
24250
24253
24257
24261
24265
24269
24273
24276
24280
24284
24288
24292
24296
24300
24304
24308
24312
24316
24320
24324
24328
24332
24336
24340
24344
24348
24352
24355
24360
24364
24368
24372
24375
24380
24384
24387
24392
24395
24400
24403
24407
24411
24415
24419
24423
24426
24430
24434
24438
24442
24446
24450
24453
24457
24461
24465
24469
24473
24476
24480
24484
24488
24492
24496
24500
24501
24503
24505
24507
24508
24510
24512
24514
24516
24517
24519
24521
24523
24525
24526
24528
24530
24532
24533
24535
24537
24539
24541
24542
24544
24546
24548
24550
24551
24553
24555
24557
24558
24560
24562
24564
24566
24567
24569
24571
24573
24575
24576
24578
24580
24582
24583
24585
24587
24589
24591
24592
24594
24596
24598
24600
24601
24603
24605
24607
24608
24610
24612
24614
24616
24617
24619
24621
24623
24625
24626
24628
24630
24632
24633
24635
24637
24639
24641
24642
24644
24646
24648
24650
24651
24653
24655
24657
24658
24660
24662
24664
24666
24667
24669
24671
24673
24675
24676
24678
24680
24682
24683
24685
24687
24689
24691
24692
24694
24696
24698
24700
24701
24703
24705
24707
24709
24710
24712
24714
24716
24718
24720
24721
24723
24725
24727
24729
24730
24732
24734
24736
24738
24740
24741
24743
24745
24747
24749
24750
24752
24754
24756
24758
24760
24761
24763
24765
24767
24769
24770
24772
24774
24776
24778
24780
24781
24783
24785
24787
24789
24790
24792
24794
24796
24798
24800
24801
24803
24805
24807
24808
24810
24812
24814
24816
24817
24819
24821
24823
24825
24826
24828
24830
24832
24833
24835
24837
24839
24841
24842
24844
24846
24848
24850
24851
24853
24855
24857
24858
24860
24862
24864
24866
24867
24869
24871
24873
24875
24876
24878
24880
24882
24883
24885
24887
24889
24891
24892
24894
24896
24898
24900
24901
24903
24905
24907
24908
24910
24912
24914
24916
24917
24919
24921
24923
24924
24926
24928
24930
24932
24933
24935
24937
24939
24941
24942
24944
24946
24948
24950
24951
24953
24955
24957
24958
24960
24962
24964
24966
24967
24969
24971
24973
24975
24976
24978
24980
24982
24983
24985
24987
24989
24991
24992
24994
24996
24998
25000
25002
25004
25006
25008
25010
25012
25014
25017
25019
25021
25023
25025
25027
25029
25031
25034
25036
25038
25040
25042
25044
25046
25048
25051
25053
25055
25057
25059
25061
25063
25065
25068
25070
25072
25074
25076
25078
25080
25082
25085
25087
25089
25091
25093
25095
25097
25100
25102
25104
25106
25108
25110
25112
25114
25116
25118
25120
25122
25125
25127
25129
25131
25133
25135
25137
25139
25141
25143
25145
25147
25150
25152
25154
25156
25158
25160
25162
25164
25166
25168
25170
25172
25175
25177
25179
25181
25183
25185
25187
25189
25191
25193
25195
25197
25200
25202
25204
25206
25208
25210
25212
25214
25217
25219
25221
25223
25225
25227
25229
25231
25234
25236
25238
25240
25242
25244
25246
25248
25251
25253
25255
25257
25259
25261
25263
25265
25268
25270
25272
25274
25276
25278
25280
25282
25285
25287
25289
25291
25293
25295
25297
25300
25302
25304
25306
25308
25310
25312
25314
25316
25318
25320
25322
25325
25327
25329
25331
25333
25335
25337
25339
25341
25343
25345
25347
25350
25352
25354
25356
25358
25360
25362
25364
25366
25368
25370
25372
25375
25377
25379
25381
25383
25385
25387
25389
25391
25393
25395
25397
25400
25402
25404
25406
25408
25410
25412
25414
25417
25419
25421
25423
25425
25427
25429
25431
25434
25436
25438
25440
25442
25444
25446
25448
25451
25453
25455
25457
25459
25461
25463
25465
25468
25470
25472
25474
25476
25478
25480
25482
25485
25487
25489
25491
25493
25495
25497
25500
25501
25502
25504
25505
25507
25508
25510
25511
25512
25514
25515
25517
25518
25520
25521
25522
25524
25525
25527
25528
25530
25531
25532
25534
25535
25537
25538
25540
25541
25542
25544
25545
25547
25548
25550
25551
25552
25554
25555
25557
25558
25560
25561
25562
25564
25565
25567
25568
25570
25571
25572
25574
25575
25577
25578
25580
25581
25582
25584
25585
25587
25588
25590
25591
25592
25594
25595
25597
25598
25600
25601
25602
25604
25605
25607
25608
25610
25611
25613
25614
25615
25617
25618
25620
25621
25623
25624
25626
25627
25628
25630
25631
25633
25634
25636
25637
25639
25640
25642
25643
25644
25646
25647
25649
25650
25652
25653
25655
25656
25657
25659
25660
25662
25663
25665
25666
25668
25669
25671
25672
25673
25675
25676
25678
25679
25681
25682
25684
25685
25686
25688
25689
25691
25692
25694
25695
25697
25698
25700
25701
25702
25704
25705
25707
25708
25710
25711
25712
25714
25715
25717
25718
25720
25721
25722
25724
25725
25727
25728
25730
25731
25732
25734
25735
25737
25738
25740
25741
25742
25744
25745
25747
25748
25750
25751
25752
25754
25755
25757
25758
25760
25761
25762
25764
25765
25767
25768
25770
25771
25772
25774
25775
25777
25778
25780
25781
25782
25784
25785
25787
25788
25790
25791
25792
25794
25795
25797
25798
25800
25801
25802
25804
25805
25807
25808
25810
25811
25813
25814
25815
25817
25818
25820
25821
25823
25824
25826
25827
25828
25830
25831
25833
25834
25836
25837
25839
25840
25842
25843
25844
25846
25847
25849
25850
25852
25853
25855
25856
25857
25859
25860
25862
25863
25865
25866
25868
25869
25871
25872
25873
25875
25876
25878
25879
25881
25882
25884
25885
25886
25888
25889
25891
25892
25894
25895
25897
25898
25900
25901
25902
25904
25905
25907
25908
25910
25911
25913
25914
25915
25917
25918
25920
25921
25923
25924
25926
25927
25928
25930
25931
25933
25934
25936
25937
25939
25940
25942
25943
25944
25946
25947
25949
25950
25952
25953
25955
25956
25957
25959
25960
25962
25963
25965
25966
25968
25969
25971
25972
25973
25975
25976
25978
25979
25981
25982
25984
25985
25986
25988
25989
25991
25992
25994
25995
25997
25998
26000
26002
26004
26006
26008
26010
26013
26015
26017
26019
26021
26023
26026
26028
26030
26032
26034
26036
26039
26041
26043
26045
26047
26050
26052
26054
26056
26058
26060
26063
26065
26067
26069
26071
26073
26076
26078
26080
26082
26084
26086
26089
26091
26093
26095
26097
26100
26102
26104
26106
26108
26110
26113
26115
26117
26119
26121
26123
26126
26128
26130
26132
26134
26136
26139
26141
26143
26145
26147
26150
26152
26154
26156
26158
26160
26163
26165
26167
26169
26171
26173
26176
26178
26180
26182
26184
26186
26189
26191
26193
26195
26197
26200
26202
26204
26206
26208
26211
26213
26215
26217
26220
26222
26224
26226
26228
26231
26233
26235
26237
26240
26242
26244
26246
26248
26251
26253
26255
26257
26260
26262
26264
26266
26268
26271
26273
26275
26277
26280
26282
26284
26286
26288
26291
26293
26295
26297
26300
26302
26304
26306
26308
26310
26313
26315
26317
26319
26321
26323
26326
26328
26330
26332
26334
26336
26339
26341
26343
26345
26347
26350
26352
26354
26356
26358
26360
26363
26365
26367
26369
26371
26373
26376
26378
26380
26382
26384
26386
26389
26391
26393
26395
26397
26400
26402
26404
26406
26408
26411
26413
26415
26417
26419
26422
26424
26426
26428
26431
26433
26435
26437
26439
26442
26444
26446
26448
26451
26453
26455
26457
26460
26462
26464
26466
26468
26471
26473
26475
26477
26480
26482
26484
26486
26488
26491
26493
26495
26497
26500
26503
26506
26509
26512
26516
26519
26522
26525
26529
26532
26535
26538
26541
26545
26548
26551
26554
26558
26561
26564
26567
26570
26574
26577
26580
26583
26587
26590
26593
26596
26600
26603
26606
26610
26613
26616
26620
26623
26626
26630
26633
26636
26640
26643
26646
26650
26653
26656
26660
26663
26666
26670
26673
26676
26680
26683
26686
26689
26693
26696
26700
26703
26706
26710
26713
26716
26720
26723
26726
26730
26733
26736
26740
26743
26746
26750
26753
26756
26760
26763
26766
26770
26773
26776
26780
26783
26786
26790
26793
26796
26800
26803
26806
26810
26813
26816
26820
26823
26826
26830
26833
26836
26840
26843
26846
26850
26853
26856
26860
26863
26866
26869
26873
26876
26880
26883
26886
26890
26893
26896
26900
26903
26906
26909
26912
26916
26919
26922
26925
26929
26932
26935
26938
26941
26945
26948
26951
26954
26958
26961
26964
26967
26970
26974
26977
26980
26983
26987
26990
26993
26996
27000
27003
27007
27011
27014
27018
27022
27025
27029
27033
27037
27040
27044
27048
27051
27055
27059
27062
27066
27070
27074
27077
27081
27085
27088
27092
27096
27100
27103
27107
27111
27115
27119
27123
27126
27130
27134
27138
27142
27146
27150
27153
27157
27161
27165
27169
27173
27176
27180
27184
27188
27192
27196
27200
27203
27207
27211
27214
27218
27222
27225
27229
27233
27237
27240
27244
27248
27251
27255
27259
27262
27266
27270
27274
27277
27281
27285
27288
27292
27296
27300
27303
27307
27311
27314
27318
27322
27325
27329
27333
27337
27340
27344
27348
27351
27355
27359
27362
27366
27370
27374
27377
27381
27385
27388
27392
27396
27400
27403
27407
27411
27414
27418
27422
27425
27429
27433
27437
27440
27444
27448
27451
27455
27459
27462
27466
27470
27474
27477
27481
27485
27488
27492
27496
27500
27501
27503
27505
27507
27509
27511
27512
27514
27516
27518
27520
27522
27524
27525
27527
27529
27531
27533
27535
27537
27538
27540
27542
27544
27546
27548
27550
27551
27553
27555
27557
27559
27561
27562
27564
27566
27568
27570
27572
27574
27575
27577
27579
27581
27583
27585
27587
27588
27590
27592
27594
27596
27598
27600
27601
27603
27605
27607
27609
27611
27613
27615
27616
27618
27620
27622
27624
27626
27628
27630
27632
27633
27635
27637
27639
27641
27643
27645
27647
27649
27650
27652
27654
27656
27658
27660
27662
27664
27666
27667
27669
27671
27673
27675
27677
27679
27681
27683
27684
27686
27688
27690
27692
27694
27696
27698
27700
27701
27703
27705
27707
27709
27711
27712
27714
27716
27718
27720
27722
27724
27725
27727
27729
27731
27733
27735
27737
27738
27740
27742
27744
27746
27748
27750
27751
27753
27755
27757
27759
27761
27762
27764
27766
27768
27770
27772
27774
27775
27777
27779
27781
27783
27785
27787
27788
27790
27792
27794
27796
27798
27800
27801
27803
27805
27807
27809
27811
27812
27814
27816
27818
27820
27822
27824
27825
27827
27829
27831
27833
27835
27837
27838
27840
27842
27844
27846
27848
27850
27851
27853
27855
27857
27859
27861
27862
27864
27866
27868
27870
27872
27874
27875
27877
27879
27881
27883
27885
27887
27888
27890
27892
27894
27896
27898
27900
27901
27903
27905
27907
27909
27911
27913
27915
27916
27918
27920
27922
27924
27926
27928
27930
27932
27933
27935
27937
27939
27941
27943
27945
27947
27949
27950
27952
27954
27956
27958
27960
27962
27964
27966
27967
27969
27971
27973
27975
27977
27979
27981
27983
27984
27986
27988
27990
27992
27994
27996
27998
28000
28001
28003
28005
28006
28008
28010
28011
28013
28015
28016
28018
28020
28021
28023
28025
28026
28028
28030
28031
28033
28035
28036
28038
28040
28041
28043
28045
28046
28048
28050
28051
28053
28055
28056
28058
28060
28061
28063
28065
28066
28068
28070
28071
28073
28075
28076
28078
28080
28081
28083
28085
28086
28088
28090
28091
28093
28095
28096
28098
28100
28101
28103
28105
28106
28108
28110
28111
28113
28115
28116
28118
28120
28121
28123
28125
28126
28128
28130
28131
28133
28135
28136
28138
28140
28141
28143
28145
28146
28148
28150
28151
28153
28155
28156
28158
28160
28161
28163
28165
28166
28168
28170
28171
28173
28175
28176
28178
28180
28181
28183
28185
28186
28188
28189
28191
28193
28195
28196
28198
28200
28201
28203
28205
28206
28208
28210
28211
28213
28215
28216
28218
28220
28221
28223
28225
28226
28228
28230
28231
28233
28235
28236
28238
28240
28241
28243
28245
28246
28248
28250
28251
28253
28255
28256
28258
28260
28261
28263
28265
28266
28268
28270
28271
28273
28275
28276
28278
28280
28281
28283
28285
28286
28288
28290
28291
28293
28295
28296
28298
28300
28301
28303
28305
28306
28308
28310
28311
28313
28315
28316
28318
28320
28321
28323
28325
28326
28328
28330
28331
28333
28335
28336
28338
28340
28341
28343
28345
28346
28348
28350
28351
28353
28355
28356
28358
28360
28361
28363
28365
28366
28368
28369
28371
28373
28375
28376
28378
28380
28381
28383
28384
28386
28388
28390
28391
28393
28395
28396
28398
28400
28401
28403
28404
28406
28408
28410
28411
28413
28415
28416
28418
28419
28421
28423
28424
28426
28428
28430
28431
28433
28435
28436
28438
28439
28441
28443
28445
28446
28448
28450
28451
28453
28455
28456
28458
28460
28461
28463
28465
28466
28468
28470
28471
28473
28475
28476
28478
28480
28481
28483
28485
28486
28488
28490
28491
28493
28495
28496
28498
28500
28502
28504
28506
28509
28511
28513
28515
28518
28520
28522
28525
28527
28529
28531
28534
28536
28538
28540
28543
28545
28547
28550
28552
28554
28556
28559
28561
28563
28565
28568
28570
28572
28575
28577
28579
28581
28584
28586
28588
28590
28593
28595
28597
28600
28602
28604
28606
28609
28611
28613
28615
28618
28620
28622
28625
28627
28629
28631
28634
28636
28638
28640
28643
28645
28647
28650
28652
28654
28656
28659
28661
28663
28665
28668
28670
28672
28675
28677
28679
28681
28684
28686
28688
28690
28693
28695
28697
28700
28702
28704
28706
28709
28711
28713
28715
28718
28720
28722
28725
28727
28729
28731
28734
28736
28738
28740
28743
28745
28747
28750
28752
28754
28756
28759
28761
28763
28765
28768
28770
28772
28775
28777
28779
28781
28784
28786
28788
28790
28793
28795
28797
28800
28802
28804
28806
28809
28811
28813
28815
28818
28820
28822
28825
28827
28829
28831
28834
28836
28838
28840
28843
28845
28847
28850
28852
28854
28856
28859
28861
28863
28865
28868
28870
28872
28875
28877
28879
28881
28884
28886
28888
28890
28893
28895
28897
28900
28902
28904
28906
28909
28911
28913
28915
28918
28920
28922
28924
28927
28929
28931
28934
28936
28938
28940
28943
28945
28947
28950
28952
28954
28956
28959
28961
28963
28965
28968
28970
28972
28975
28977
28979
28981
28984
28986
28988
28990
28993
28995
28997
29000
29004
29009
29013
29018
29022
29027
29031
29036
29040
29045
29050
29054
29059
29063
29068
29072
29077
29081
29086
29090
29095
29100
29104
29109
29114
29119
29123
29128
29133
29138
29142
29147
29152
29157
29161
29166
29171
29176
29180
29185
29190
29195
29200
29204
29209
29214
29219
29223
29228
29233
29238
29242
29247
29252
29257
29261
29266
29271
29276
29280
29285
29290
29295
29300
29304
29309
29313
29318
29322
29327
29331
29336
29340
29345
29350
29354
29359
29363
29368
29372
29377
29381
29386
29390
29395
29400
29404
29409
29414
29419
29423
29428
29433
29438
29442
29447
29452
29457
29461
29466
29471
29476
29480
29485
29490
29495
29500
29502
29504
29506
29508
29511
29513
29515
29517
29520
29522
29524
29526
29528
29531
29533
29535
29537
29540
29542
29544
29546
29548
29551
29553
29555
29557
29560
29562
29564
29566
29568
29571
29573
29575
29577
29580
29582
29584
29586
29588
29591
29593
29595
29597
29600
29602
29604
29606
29608
29611
29613
29615
29617
29620
29622
29624
29626
29628
29631
29633
29635
29637
29640
29642
29644
29646
29648
29651
29653
29655
29657
29660
29662
29664
29666
29668
29671
29673
29675
29677
29680
29682
29684
29686
29688
29691
29693
29695
29697
29700
29702
29704
29706
29708
29711
29713
29715
29717
29720
29722
29724
29726
29728
29731
29733
29735
29737
29740
29742
29744
29746
29748
29751
29753
29755
29757
29760
29762
29764
29766
29768
29771
29773
29775
29777
29780
29782
29784
29786
29788
29791
29793
29795
29797
29800
29802
29804
29806
29808
29811
29813
29815
29817
29820
29822
29824
29826
29828
29831
29833
29835
29837
29840
29842
29844
29846
29848
29851
29853
29855
29857
29860
29862
29864
29866
29868
29871
29873
29875
29877
29880
29882
29884
29886
29888
29891
29893
29895
29897
29900
29902
29904
29906
29908
29911
29913
29915
29917
29919
29922
29924
29926
29928
29931
29933
29935
29937
29939
29942
29944
29946
29948
29951
29953
29955
29957
29960
29962
29964
29966
29968
29971
29973
29975
29977
29980
29982
29984
29986
29988
29991
29993
29995
29997
30000
