2
4
7
9
11
14
16
19
21
23
26
28
30
33
35
38
40
42
45
47
50
52
54
57
59
61
64
66
69
71
73
76
78
80
83
85
88
90
92
95
97
100
102
104
106
109
111
113
116
118
120
123
125
127
130
132
134
137
139
141
144
146
148
151
153
155
158
160
162
165
167
169
172
174
176
179
181
183
186
188
190
193
195
197
200
202
204
206
209
211
213
216
218
220
223
225
227
230
232
234
237
239
241
244
246
248
251
253
255
258
260
262
265
267
269
272
274
276
279
281
283
286
288
290
293
295
297
300
302
304
306
309
311
313
316
318
320
323
325
327
330
332
334
337
339
341
344
346
348
351
353
355
358
360
362
365
367
369
372
374
376
379
381
383
386
388
390
393
395
397
400
402
404
406
409
411
413
416
418
420
423
425
427
430
432
434
437
439
441
444
446
448
451
453
455
458
460
462
465
467
469
472
474
476
479
481
483
486
488
490
493
495
497
500
501
502
503
504
505
506
507
508
509
510
511
512
513
514
515
516
517
518
519
520
521
522
523
524
525
526
527
528
529
530
531
532
534
535
536
537
538
539
540
541
542
543
544
545
546
547
548
549
550
551
552
553
554
555
556
557
558
559
560
561
562
563
564
565
567
568
569
570
571
572
573
574
575
576
577
578
579
580
581
582
583
584
585
586
587
588
589
590
591
592
593
594
595
596
597
598
600
601
602
603
604
605
606
607
608
609
610
611
612
613
614
615
616
617
618
619
620
621
622
623
625
626
627
628
629
630
631
632
633
634
635
636
637
638
639
640
641
642
643
644
645
646
647
648
649
651
652
653
654
655
656
657
658
659
660
661
662
663
664
665
666
667
668
669
670
671
672
673
674
676
677
678
679
680
681
682
683
684
685
686
687
688
689
690
691
692
693
694
695
696
697
698
700
701
702
703
704
705
706
707
708
709
710
711
712
713
714
715
716
717
718
719
720
721
722
723
724
725
726
727
728
729
730
731
732
734
735
736
737
738
739
740
741
742
743
744
745
746
747
748
749
750
751
752
753
754
755
756
757
758
759
760
761
762
763
764
765
767
768
769
770
771
772
773
774
775
776
777
778
779
780
781
782
783
784
785
786
787
788
789
790
791
792
793
794
795
796
797
798
800
801
802
803
804
805
806
807
808
809
810
811
812
813
814
815
816
817
818
819
820
821
822
823
825
826
827
828
829
830
831
832
833
834
835
836
837
838
839
840
841
842
843
844
845
846
847
848
850
851
852
853
854
855
856
857
858
859
860
861
862
863
864
865
866
867
868
869
870
871
872
873
875
876
877
878
879
880
881
882
883
884
885
886
887
888
889
890
891
892
893
894
895
896
897
898
900
901
902
903
904
905
906
907
908
909
910
911
912
913
914
915
916
917
918
919
920
921
922
923
924
925
926
927
928
929
930
931
932
934
935
936
937
938
939
940
941
942
943
944
945
946
947
948
949
950
951
952
953
954
955
956
957
958
959
960
961
962
963
964
965
967
968
969
970
971
972
973
974
975
976
977
978
979
980
981
982
983
984
985
986
987
988
989
990
991
992
993
994
995
996
997
998
1000
1001
1003
1005
1007
1008
1010
1012
1014
1016
1017
1019
1021
1023
1025
1026
1028
1030
1032
1033
1035
1037
1039
1041
1042
1044
1046
1048
1050
1051
1053
1055
1057
1058
1060
1062
1064
1066
1067
1069
1071
1073
1075
1076
1078
1080
1082
1083
1085
1087
1089
1091
1092
1094
1096
1098
1100
1101
1103
1105
1107
1108
1110
1112
1114
1116
1117
1119
1121
1123
1125
1126
1128
1130
1132
1133
1135
1137
1139
1141
1142
1144
1146
1148
1150
1151
1153
1155
1157
1158
1160
1162
1164
1166
1167
1169
1171
1173
1175
1176
1178
1180
1182
1183
1185
1187
1189
1191
1192
1194
1196
1198
1200
1201
1203
1205
1207
1208
1210
1212
1214
1216
1217
1219
1221
1223
1225
1226
1228
1230
1232
1233
1235
1237
1239
1241
1242
1244
1246
1248
1250
1251
1253
1255
1257
1258
1260
1262
1264
1266
1267
1269
1271
1273
1275
1276
1278
1280
1282
1283
1285
1287
1289
1291
1292
1294
1296
1298
1300
1301
1303
1305
1307
1309
1310
1312
1314
1316
1318
1320
1321
1323
1325
1327
1329
1330
1332
1334
1336
1338
1340
1341
1343
1345
1347
1349
1350
1352
1354
1356
1358
1359
1361
1363
1365
1367
1369
1370
1372
1374
1376
1378
1380
1381
1383
1385
1387
1389
1390
1392
1394
1396
1398
1400
1401
1403
1405
1407
1408
1410
1412
1414
1416
1417
1419
1421
1423
1424
1426
1428
1430
1432
1433
1435
1437
1439
1441
1442
1444
1446
1448
1450
1451
1453
1455
1457
1458
1460
1462
1464
1466
1467
1469
1471
1473
1475
1476
1478
1480
1482
1483
1485
1487
1489
1491
1492
1494
1496
1498
1500
1501
1502
1503
1505
1506
1507
1508
1510
1511
1512
1514
1515
1516
1517
1519
1520
1521
1523
1524
1525
1526
1528
1529
1530
1532
1533
1534
1535
1537
1538
1539
1541
1542
1543
1544
1546
1547
1548
1550
1551
1552
1553
1555
1556
1557
1558
1560
1561
1562
1564
1565
1566
1567
1569
1570
1571
1573
1574
1575
1576
1578
1579
1580
1582
1583
1584
1585
1587
1588
1589
1591
1592
1593
1594
1596
1597
1598
1600
1601
1602
1603
1605
1606
1607
1608
1610
1611
1612
1614
1615
1616
1617
1619
1620
1621
1623
1624
1625
1626
1628
1629
1630
1632
1633
1634
1635
1637
1638
1639
1641
1642
1643
1644
1646
1647
1648
1650
1651
1652
1653
1655
1656
1657
1658
1660
1661
1662
1664
1665
1666
1667
1669
1670
1671
1673
1674
1675
1676
1678
1679
1680
1682
1683
1684
1685
1687
1688
1689
1691
1692
1693
1694
1696
1697
1698
1700
1701
1702
1703
1705
1706
1707
1709
1710
1711
1712
1714
1715
1716
1718
1719
1720
1722
1723
1724
1725
1727
1728
1729
1731
1732
1733
1735
1736
1737
1738
1740
1741
1742
1744
1745
1746
1748
1749
1750
1751
1753
1754
1755
1757
1758
1759
1761
1762
1763
1764
1766
1767
1768
1770
1771
1772
1774
1775
1776
1777
1779
1780
1781
1783
1784
1785
1787
1788
1789
1790
1792
1793
1794
1796
1797
1798
1800
1801
1802
1803
1805
1806
1807
1808
1810
1811
1812
1814
1815
1816
1817
1819
1820
1821
1823
1824
1825
1826
1828
1829
1830
1832
1833
1834
1835
1837
1838
1839
1841
1842
1843
1844
1846
1847
1848
1850
1851
1852
1853
1855
1856
1857
1858
1860
1861
1862
1864
1865
1866
1867
1869
1870
1871
1873
1874
1875
1876
1878
1879
1880
1882
1883
1884
1885
1887
1888
1889
1891
1892
1893
1894
1896
1897
1898
1900
1901
1902
1903
1905
1906
1907
1909
1910
1911
1912
1914
1915
1916
1918
1919
1920
1922
1923
1924
1925
1927
1928
1929
1931
1932
1933
1935
1936
1937
1938
1940
1941
1942
1944
1945
1946
1948
1949
1950
1951
1953
1954
1955
1957
1958
1959
1961
1962
1963
1964
1966
1967
1968
1970
1971
1972
1974
1975
1976
1977
1979
1980
1981
1983
1984
1985
1987
1988
1989
1990
1992
1993
1994
1996
1997
1998
2000
2001
2004
2006
2008
2009
2012
2014
2016
2017
2020
2022
2024
2025
2028
2030
2032
2033
2036
2038
2040
2041
2044
2046
2048
2050
2052
2054
2056
2058
2060
2062
2064
2066
2068
2070
2072
2074
2076
2078
2080
2082
2084
2086
2088
2090
2092
2094
2096
2098
2100
2102
2104
2106
2108
2110
2112
2114
2116
2118
2120
2122
2124
2126
2128
2130
2132
2134
2136
2138
2140
2142
2144
2146
2148
2151
2153
2155
2157
2159
2161
2163
2165
2167
2169
2171
2173
2175
2177
2179
2181
2183
2185
2187
2189
2191
2193
2195
2197
2200
2202
2204
2206
2208
2210
2212
2214
2216
2218
2220
2222
2224
2226
2228
2230
2232
2234
2236
2238
2240
2242
2244
2246
2248
2251
2253
2255
2257
2259
2261
2263
2265
2267
2269
2271
2273
2275
2277
2279
2281
2283
2285
2287
2289
2291
2293
2295
2297
2300
2301
2304
2306
2308
2309
2312
2314
2316
2317
2320
2322
2324
2325
2328
2330
2332
2333
2336
2338
2340
2341
2344
2346
2348
2349
2352
2354
2356
2357
2360
2362
2364
2365
2368
2370
2372
2373
2376
2378
2380
2381
2384
2386
2388
2389
2392
2394
2396
2397
2400
2402
2404
2406
2408
2410
2412
2414
2416
2418
2420
2422
2424
2426
2428
2430
2432
2434
2436
2438
2440
2442
2444
2446
2448
2451
2453
2455
2457
2459
2461
2463
2465
2467
2469
2471
2473
2475
2477
2479
2481
2483
2485
2487
2489
2491
2493
2495
2497
2500
2501
2503
2505
2507
2509
2511
2513
2515
2517
2519
2521
2523
2525
2527
2529
2531
2533
2535
2537
2539
2541
2543
2545
2547
2549
2550
2552
2554
2556
2558
2560
2562
2564
2566
2568
2570
2572
2574
2576
2578
2580
2582
2584
2586
2588
2590
2592
2594
2596
2598
2600
2601
2603
2605
2607
2609
2611
2613
2615
2617
2619
2621
2623
2625
2626
2628
2630
2632
2634
2636
2638
2640
2642
2644
2646
2648
2650
2651
2653
2655
2657
2659
2661
2663
2665
2667
2669
2671
2673
2675
2676
2678
2680
2682
2684
2686
2688
2690
2692
2694
2696
2698
2700
2701
2703
2705
2707
2709
2711
2713
2715
2717
2719
2721
2723
2725
2727
2729
2731
2733
2735
2737
2739
2741
2743
2745
2747
2749
2750
2752
2754
2756
2758
2760
2762
2764
2766
2768
2770
2772
2774
2776
2778
2780
2782
2784
2786
2788
2790
2792
2794
2796
2798
2800
2801
2803
2805
2807
2809
2811
2813
2815
2817
2819
2821
2823
2824
2826
2828
2830
2832
2834
2836
2838
2840
2842
2844
2846
2848
2849
2851
2853
2855
2857
2859
2861
2863
2865
2867
2869
2871
2873
2875
2876
2878
2880
2882
2884
2886
2888
2890
2892
2894
2896
2898
2900
2901
2903
2905
2907
2909
2911
2913
2915
2917
2919
2921
2923
2925
2926
2928
2930
2932
2934
2936
2938
2940
2942
2944
2946
2948
2950
2951
2953
2955
2957
2959
2961
2963
2965
2967
2969
2971
2973
2975
2976
2978
2980
2982
2984
2986
2988
2990
2992
2994
2996
2998
3000
3003
3006
3009
3012
3015
3018
3021
3025
3028
3031
3034
3037
3040
3043
3046
3050
3053
3056
3059
3062
3065
3068
3071
3075
3078
3081
3084
3087
3090
3093
3096
3100
3103
3106
3109
3112
3115
3118
3121
3125
3128
3131
3134
3137
3140
3143
3146
3150
3153
3156
3159
3162
3165
3168
3171
3175
3178
3181
3184
3187
3190
3193
3196
3200
3203
3206
3209
3212
3215
3218
3221
3225
3228
3231
3234
3237
3240
3243
3246
3250
3253
3256
3259
3262
3265
3268
3271
3275
3278
3281
3284
3287
3290
3293
3296
3300
3303
3306
3309
3312
3315
3318
3321
3324
3328
3331
3334
3337
3340
3343
3346
3349
3353
3356
3359
3362
3365
3368
3371
3375
3378
3381
3384
3387
3390
3393
3396
3400
3403
3406
3409
3412
3415
3418
3421
3425
3428
3431
3434
3437
3440
3443
3446
3450
3453
3456
3459
3462
3465
3468
3471
3475
3478
3481
3484
3487
3490
3493
3496
3500
3502
3504
3507
3509
3512
3514
3517
3519
3521
3524
3526
3529
3531
3534
3536
3539
3541
3543
3546
3548
3551
3553
3556
3558
3560
3563
3565
3568
3570
3573
3575
3578
3580
3582
3585
3587
3590
3592
3595
3597
3600
3602
3605
3607
3610
3612
3615
3617
3620
3622
3625
3627
3630
3632
3635
3637
3640
3642
3645
3647
3650
3652
3655
3657
3660
3662
3665
3667
3670
3672
3675
3677
3680
3682
3685
3687
3690
3692
3695
3697
3700
3702
3705
3707
3710
3712
3715
3717
3720
3722
3725
3727
3730
3732
3735
3737
3740
3742
3745
3747
3750
3752
3755
3757
3760
3762
3765
3767
3770
3772
3775
3777
3780
3782
3784
3787
3790
3792
3795
3797
3800
3802
3804
3807
3809
3812
3814
3817
3819
3821
3824
3826
3829
3831
3834
3836
3839
3841
3843
3846
3848
3851
3853
3856
3858
3860
3863
3865
3868
3870
3873
3875
3878
3880
3882
3885
3887
3890
3892
3895
3897
3900
3902
3905
3907
3910
3912
3915
3917
3920
3922
3925
3927
3929
3932
3935
3937
3940
3942
3945
3947
3950
3952
3955
3957
3960
3962
3965
3967
3969
3972
3975
3977
3980
3982
3985
3987
3990
3992
3995
3997
4000
4004
4008
4013
4017
4021
4026
4030
4034
4039
4043
4047
4052
4056
4060
4065
4069
4073
4078
4082
4086
4091
4095
4100
4104
4109
4113
4118
4122
4127
4131
4136
4140
4145
4150
4154
4159
4163
4168
4172
4177
4181
4186
4190
4195
4200
4204
4208
4213
4217
4221
4226
4230
4234
4239
4243
4247
4252
4256
4260
4265
4269
4273
4278
4282
4286
4291
4295
4300
4304
4309
4313
4318
4322
4327
4331
4336
4340
4345
4350
4354
4359
4363
4368
4372
4377
4381
4386
4390
4395
4400
4404
4408
4413
4417
4421
4426
4430
4434
4439
4443
4447
4452
4456
4460
4465
4469
4473
4478
4482
4486
4491
4495
4500
4505
4510
4515
4520
4525
4530
4535
4540
4545
4550
4555
4560
4564
4569
4574
4580
4585
4590
4595
4600
4605
4610
4615
4621
4626
4631
4636
4642
4647
4652
4657
4663
4668
4673
4678
4684
4689
4694
4700
4705
4710
4715
4720
4725
4730
4735
4740
4745
4750
4755
4760
4765
4770
4775
4780
4785
4790
4795
4800
4805
4810
4815
4821
4826
4831
4836
4842
4847
4852
4857
4863
4868
4873
4878
4884
4889
4894
4900
4905
4910
4915
4920
4925
4930
4935
4940
4945
4950
4955
4960
4965
4970
4975
4980
4985
4990
4995
5000
5033
5066
5100
5125
5150
5175
5200
5233
5266
5300
5325
5350
5375
5400
5433
5466
5500
5508
5516
5525
5533
5541
5550
5558
5566
5574
5583
5591
5600
5608
5616
5625
5633
5641
5650
5658
5666
5675
5683
5691
5700
5708
5716
5725
5733
5741
5750
5758
5766
5775
5783
5791
5800
5807
5815
5823
5830
5838
5846
5853
5861
5869
5876
5884
5892
5900
5908
5916
5925
5933
5941
5950
5958
5966
5975
5983
5991
6000
6006
6013
6020
6026
6033
6040
6046
6053
6060
6066
6073
6080
6086
6093
6100
6106
6112
6118
6125
6131
6137
6143
6150
6156
6162
6168
6175
6181
6187
6193
6200
6206
6212
6218
6225
6231
6237
6243
6250
6256
6262
6268
6275
6281
6287
6293
6300
6306
6313
6320
6326
6333
6340
6346
6353
6360
6366
6373
6380
6386
6393
6400
6406
6412
6418
6425
6431
6437
6443
6450
6456
6462
6468
6475
6481
6487
6493
6500
6505
6511
6517
6523
6529
6535
6541
6547
6552
6558
6564
6570
6576
6582
6588
6594
6600
6606
6612
6618
6625
6631
6637
6643
6650
6656
6662
6668
6675
6681
6687
6693
6700
6705
6711
6717
6723
6729
6735
6741
6747
6752
6758
6764
6770
6776
6782
6788
6794
6800
6806
6812
6818
6825
6831
6837
6843
6850
6856
6862
6868
6875
6881
6887
6893
6900
6906
6912
6918
6925
6931
6937
6943
6950
6956
6962
6968
6975
6981
6987
6993
7000
7009
7018
7027
7036
7045
7054
7063
7072
7081
7090
7100
7109
7118
7127
7136
7145
7154
7163
7172
7181
7190
7200
7210
7220
7230
7240
7250
7260
7270
7280
7290
7300
7309
7318
7327
7336
7345
7354
7363
7372
7381
7390
7400
7409
7418
7427
7436
7445
7454
7463
7472
7481
7490
7500
7502
7505
7507
7510
7513
7515
7518
7521
7523
7526
7528
7531
7534
7536
7539
7542
7544
7547
7550
7552
7555
7557
7560
7563
7565
7568
7571
7573
7576
7578
7581
7584
7586
7589
7592
7594
7597
7600
7602
7605
7607
7610
7612
7615
7617
7620
7623
7625
7628
7630
7633
7635
7638
7641
7643
7646
7648
7651
7653
7656
7658
7661
7664
7666
7669
7671
7674
7676
7679
7682
7684
7687
7689
7692
7694
7697
7700
7702
7705
7707
7710
7713
7715
7718
7721
7723
7726
7728
7731
7734
7736
7739
7742
7744
7747
7750
7752
7755
7757
7760
7763
7765
7768
7771
7773
7776
7778
7781
7784
7786
7789
7792
7794
7797
7800
7802
7805
7807
7810
7813
7815
7818
7821
7823
7826
7828
7831
7834
7836
7839
7842
7844
7847
7850
7852
7855
7857
7860
7863
7865
7868
7871
7873
7876
7878
7881
7884
7886
7889
7892
7894
7897
7900
7902
7905
7907
7910
7912
7915
7917
7920
7923
7925
7928
7930
7933
7935
7938
7941
7943
7946
7948
7951
7953
7956
7958
7961
7964
7966
7969
7971
7974
7976
7979
7982
7984
7987
7989
7992
7994
7997
8000
8002
8005
8008
8010
8013
8016
8018
8021
8024
8027
8029
8032
8035
8037
8040
8043
8045
8048
8051
8054
8056
8059
8062
8064
8067
8070
8072
8075
8078
8081
8083
8086
8089
8091
8094
8097
8100
8102
8105
8107
8110
8113
8115
8118
8121
8123
8126
8128
8131
8134
8136
8139
8142
8144
8147
8149
8152
8155
8157
8160
8163
8165
8168
8171
8173
8176
8178
8181
8184
8186
8189
8192
8194
8197
8200
8202
8205
8207
8210
8213
8215
8218
8221
8223
8226
8228
8231
8234
8236
8239
8242
8244
8247
8250
8252
8255
8257
8260
8263
8265
8268
8271
8273
8276
8278
8281
8284
8286
8289
8292
8294
8297
8300
8302
8305
8308
8310
8313
8316
8318
8321
8324
8327
8329
8332
8335
8337
8340
8343
8345
8348
8351
8354
8356
8359
8362
8364
8367
8370
8372
8375
8378
8381
8383
8386
8389
8391
8394
8397
8400
8402
8405
8407
8410
8413
8415
8418
8421
8423
8426
8428
8431
8434
8436
8439
8442
8444
8447
8450
8452
8455
8457
8460
8463
8465
8468
8471
8473
8476
8478
8481
8484
8486
8489
8492
8494
8497
8500
8503
8506
8509
8512
8515
8518
8521
8525
8528
8531
8534
8537
8540
8543
8546
8550
8553
8556
8559
8562
8565
8568
8571
8575
8578
8581
8584
8587
8590
8593
8596
8600
8603
8606
8609
8612
8615
8618
8621
8624
8627
8630
8633
8636
8639
8642
8645
8648
8651
8654
8657
8660
8663
8666
8669
8672
8675
8678
8681
8684
8687
8690
8693
8696
8700
8703
8706
8709
8712
8715
8718
8721
8724
8727
8730
8733
8736
8739
8742
8745
8748
8751
8754
8757
8760
8763
8766
8769
8772
8775
8778
8781
8784
8787
8790
8793
8796
8800
8803
8806
8809
8812
8815
8818
8821
8825
8828
8831
8834
8837
8840
8843
8846
8850
8853
8856
8859
8862
8865
8868
8871
8875
8878
8881
8884
8887
8890
8893
8896
8900
8903
8906
8909
8912
8915
8918
8921
8924
8927
8930
8933
8936
8939
8942
8945
8948
8951
8954
8957
8960
8963
8966
8969
8972
8975
8978
8981
8984
8987
8990
8993
8996
9000
9001
9003
9005
9007
9009
9011
9013
9015
9016
9018
9020
9022
9024
9026
9028
9030
9032
9033
9035
9037
9039
9041
9043
9045
9047
9049
9050
9052
9054
9056
9058
9060
9062
9064
9066
9067
9069
9071
9073
9075
9077
9079
9081
9083
9084
9086
9088
9090
9092
9094
9096
9098
9100
9101
9103
9105
9107
9109
9111
9113
9115
9116
9118
9120
9122
9124
9126
9128
9130
9132
9133
9135
9137
9139
9141
9143
9145
9147
9149
9150
9152
9154
9156
9158
9160
9162
9164
9166
9167
9169
9171
9173
9175
9177
9179
9181
9183
9184
9186
9188
9190
9192
9194
9196
9198
9200
9201
9203
9205
9207
9209
9211
9213
9215
9216
9218
9220
9222
9224
9226
9228
9230
9232
9233
9235
9237
9239
9241
9243
9245
9247
9249
9250
9252
9254
9256
9258
9260
9262
9264
9266
9267
9269
9271
9273
9275
9277
9279
9281
9283
9284
9286
9288
9290
9292
9294
9296
9298
9300
9301
9303
9305
9307
9309
9311
9313
9315
9316
9318
9320
9322
9324
9326
9328
9330
9332
9333
9335
9337
9339
9341
9343
9345
9347
9349
9350
9352
9354
9356
9358
9360
9362
9364
9366
9367
9369
9371
9373
9375
9377
9379
9381
9383
9384
9386
9388
9390
9392
9394
9396
9398
9400
9401
9403
9405
9407
9409
9411
9413
9415
9416
9418
9420
9422
9424
9426
9428
9430
9432
9433
9435
9437
9439
9441
9443
9445
9447
9449
9450
9452
9454
9456
9458
9460
9462
9464
9466
9467
9469
9471
9473
9475
9477
9479
9481
9483
9484
9486
9488
9490
9492
9494
9496
9498
9500
9509
9518
9527
9536
9545
9554
9563
9572
9581
9590
9600
9610
9620
9629
9639
9649
9660
9670
9680
9690
9700
9709
9718
9727
9736
9745
9754
9763
9772
9781
9790
9800
9809
9818
9827
9836
9845
9854
9863
9872
9881
9890
9900
9910
9920
9930
9940
9950
9960
9970
9980
9990
10000
10002
10005
10008
10010
10013
10016
10018
10021
10024
10027
10029
10032
10035
10037
10040
10043
10045
10048
10051
10054
10056
10059
10062
10064
10067
10070
10072
10075
10078
10081
10083
10086
10089
10091
10094
10097
10100
10102
10105
10108
10110
10113
10116
10118
10121
10124
10127
10129
10132
10135
10137
10140
10143
10145
10148
10151
10154
10156
10159
10162
10164
10167
10170
10172
10175
10178
10181
10183
10186
10189
10191
10194
10197
10200
10202
10205
10208
10211
10213
10216
10219
10222
10225
10227
10230
10233
10236
10238
10241
10244
10247
10250
10252
10255
10258
10261
10263
10266
10269
10272
10275
10277
10280
10283
10286
10288
10291
10294
10297
10300
10302
10305
10308
10310
10313
10316
10318
10321
10324
10327
10329
10332
10335
10337
10340
10343
10345
10348
10351
10354
10356
10359
10362
10364
10367
10370
10372
10375
10378
10381
10383
10386
10389
10391
10394
10397
10400
10402
10405
10408
10410
10413
10416
10418
10421
10424
10427
10429
10432
10435
10437
10440
10443
10445
10448
10451
10454
10456
10459
10462
10464
10467
10470
10472
10475
10478
10481
10483
10486
10489
10491
10494
10497
10500
10502
10505
10508
10511
10514
10517
10520
10523
10526
10529
10532
10535
10538
10541
10544
10547
10550
10552
10555
10558
10561
10564
10567
10570
10573
10576
10579
10582
10585
10588
10591
10594
10597
10600
10602
10605
10608
10611
10614
10617
10620
10622
10625
10628
10631
10634
10637
10639
10642
10645
10648
10651
10654
10657
10660
10662
10665
10668
10671
10674
10677
10680
10682
10685
10688
10691
10694
10697
10700
10702
10705
10708
10711
10714
10717
10720
10723
10726
10729
10732
10735
10738
10741
10744
10747
10750
10752
10755
10758
10761
10764
10767
10770
10773
10776
10779
10782
10785
10788
10791
10794
10797
10800
10802
10805
10808
10811
10814
10817
10820
10823
10826
10829
10832
10835
10838
10841
10844
10847
10850
10852
10855
10858
10861
10864
10867
10870
10873
10876
10879
10882
10885
10888
10891
10894
10897
10900
10902
10905
10908
10911
10914
10917
10920
10922
10925
10928
10931
10934
10937
10940
10942
10945
10948
10951
10954
10957
10960
10962
10965
10968
10971
10974
10977
10980
10982
10985
10988
10991
10994
10997
11000
11006
11012
11018
11025
11031
11037
11043
11050
11056
11062
11068
11075
11081
11087
11093
11100
11106
11113
11120
11126
11133
11139
11146
11153
11160
11166
11173
11180
11186
11193
11200
11206
11212
11218
11225
11231
11237
11243
11250
11256
11262
11268
11275
11281
11287
11293
11300
11306
11312
11318
11325
11331
11337
11343
11350
11356
11362
11368
11375
11381
11387
11393
11400
11406
11412
11418
11425
11431
11437
11443
11450
11456
11462
11468
11475
11481
11487
11493
11500
11502
11504
11506
11509
11511
11513
11516
11518
11520
11523
11525
11527
11530
11532
11534
11537
11539
11541
11544
11546
11548
11551
11553
11555
11558
11560
11562
11565
11567
11569
11572
11574
11576
11579
11581
11583
11586
11588
11590
11593
11595
11597
11600
11602
11604
11606
11609
11611
11613
11616
11618
11620
11623
11625
11627
11630
11632
11634
11637
11639
11641
11644
11646
11648
11651
11653
11655
11658
11660
11662
11665
11667
11669
11672
11674
11676
11679
11681
11683
11686
11688
11690
11693
11695
11697
11700
11702
11704
11706
11709
11711
11713
11716
11718
11720
11723
11725
11727
11730
11732
11734
11737
11739
11741
11744
11746
11748
11751
11753
11755
11758
11760
11762
11765
11767
11769
11772
11774
11776
11779
11781
11783
11786
11788
11790
11793
11795
11797
11800
11802
11804
11807
11809
11811
11814
11816
11819
11821
11823
11826
11828
11830
11833
11835
11838
11840
11842
11845
11847
11850
11852
11854
11857
11859
11861
11864
11866
11869
11871
11873
11876
11878
11880
11883
11885
11888
11890
11892
11895
11897
11900
11902
11904
11906
11909
11911
11913
11916
11918
11920
11923
11925
11927
11930
11932
11934
11937
11939
11941
11944
11946
11948
11951
11953
11955
11958
11960
11962
11965
11967
11969
11972
11974
11976
11979
11981
11983
11986
11988
11990
11993
11995
11997
12000
12003
12006
12009
12012
12015
12018
12021
12025
12028
12031
12034
12037
12040
12043
12046
12050
12053
12056
12059
12062
12065
12068
12071
12075
12078
12081
12084
12087
12090
12093
12096
12100
12103
12106
12109
12112
12115
12118
12121
12125
12128
12131
12134
12137
12140
12143
12146
12149
12153
12156
12159
12162
12165
12168
12171
12174
12178
12181
12184
12187
12190
12193
12196
12200
12203
12206
12209
12212
12216
12219
12222
12225
12229
12232
12235
12238
12241
12245
12248
12251
12254
12258
12261
12264
12267
12270
12274
12277
12280
12283
12287
12290
12293
12296
12300
12303
12306
12309
12312
12315
12318
12321
12325
12328
12331
12334
12337
12340
12343
12346
12350
12353
12356
12359
12362
12365
12368
12371
12375
12378
12381
12384
12387
12390
12393
12396
12400
12403
12406
12409
12412
12415
12418
12421
12425
12428
12431
12434
12437
12440
12443
12446
12450
12453
12456
12459
12462
12465
12468
12471
12475
12478
12481
12484
12487
12490
12493
12496
12500
12501
12503
12505
12507
12509
12511
12513
12515
12517
12519
12521
12523
12525
12526
12528
12530
12532
12534
12536
12538
12540
12542
12544
12546
12548
12550
12551
12553
12555
12557
12559
12561
12563
12565
12567
12569
12571
12573
12575
12576
12578
12580
12582
12584
12586
12588
12590
12592
12594
12596
12598
12600
12601
12603
12605
12607
12609
12611
12613
12615
12617
12619
12621
12623
12625
12626
12628
12630
12632
12634
12636
12638
12640
12642
12644
12646
12648
12649
12651
12653
12655
12657
12659
12661
12663
12665
12667
12669
12671
12673
12674
12676
12678
12680
12682
12684
12686
12688
12690
12692
12694
12696
12698
12700
12701
12703
12705
12707
12709
12711
12713
12715
12717
12719
12721
12723
12725
12726
12728
12730
12732
12734
12736
12738
12740
12742
12744
12746
12748
12750
12751
12753
12755
12757
12759
12761
12763
12765
12767
12769
12771
12773
12775
12776
12778
12780
12782
12784
12786
12788
12790
12792
12794
12796
12798
12800
12801
12803
12805
12807
12809
12811
12813
12815
12816
12818
12820
12822
12824
12826
12828
12830
12832
12833
12835
12837
12839
12841
12843
12845
12847
12849
12850
12852
12854
12856
12858
12860
12862
12864
12866
12867
12869
12871
12873
12875
12877
12879
12881
12883
12884
12886
12888
12890
12892
12894
12896
12898
12900
12901
12903
12905
12907
12909
12911
12913
12915
12917
12919
12921
12923
12925
12926
12928
12930
12932
12934
12936
12938
12940
12942
12944
12946
12948
12950
12951
12953
12955
12957
12959
12961
12963
12965
12967
12969
12971
12973
12975
12976
12978
12980
12982
12984
12986
12988
12990
12992
12994
12996
12998
13000
13005
13011
13017
13023
13029
13035
13041
13047
13052
13058
13064
13070
13076
13082
13088
13094
13100
13105
13111
13117
13123
13129
13135
13141
13147
13152
13158
13164
13170
13176
13182
13188
13194
13200
13205
13211
13217
13223
13229
13235
13241
13247
13252
13258
13264
13270
13276
13282
13288
13294
13300
13305
13311
13317
13323
13329
13335
13341
13347
13352
13358
13364
13370
13376
13382
13388
13394
13400
13405
13411
13416
13422
13427
13433
13438
13444
13450
13455
13461
13466
13472
13477
13483
13488
13494
13500
13505
13511
13516
13522
13527
13533
13538
13544
13550
13555
13561
13566
13572
13577
13583
13588
13594
13600
13605
13611
13616
13622
13627
13633
13638
13644
13649
13655
13661
13666
13672
13677
13683
13688
13694
13700
13705
13711
13716
13722
13727
13733
13738
13744
13750
13755
13761
13766
13772
13777
13783
13788
13794
13800
13805
13811
13816
13822
13827
13833
13838
13844
13850
13855
13861
13866
13872
13877
13883
13888
13894
13900
13905
13911
13916
13922
13927
13933
13938
13944
13950
13955
13961
13966
13972
13977
13983
13988
13994
14000
14009
14018
14027
14036
14045
14054
14063
14072
14081
14090
14100
14109
14118
14127
14136
14145
14154
14163
14172
14181
14190
14200
14209
14218
14227
14236
14245
14254
14263
14272
14281
14290
14300
14309
14318
14327
14336
14345
14354
14363
14372
14381
14390
14400
14409
14418
14427
14436
14445
14454
14463
14472
14481
14490
14500
14504
14508
14512
14516
14520
14525
14529
14533
14537
14541
14545
14550
14554
14558
14562
14566
14570
14575
14579
14583
14587
14591
14595
14600
14604
14608
14612
14616
14620
14625
14629
14633
14637
14641
14645
14649
14654
14658
14662
14666
14670
14674
14679
14683
14687
14691
14695
14700
14704
14708
14712
14716
14720
14725
14729
14733
14737
14741
14745
14750
14754
14758
14762
14766
14770
14775
14779
14783
14787
14791
14795
14800
14804
14808
14812
14816
14820
14825
14829
14833
14837
14841
14845
14850
14854
14858
14862
14866
14870
14875
14879
14883
14887
14891
14895
14900
14904
14908
14913
14917
14921
14926
14930
14934
14939
14943
14947
14952
14956
14960
14965
14969
14973
14978
14982
14986
14991
14995
15000
15006
15012
15018
15025
15031
15037
15043
15050
15056
15062
15068
15075
15081
15087
15093
15100
15106
15112
15118
15125
15131
15137
15143
15149
15156
15162
15168
15174
15181
15187
15193
15200
15206
15212
15218
15225
15231
15237
15243
15250
15256
15262
15268
15275
15281
15287
15293
15300
15306
15313
15320
15326
15333
15340
15346
15353
15360
15366
15373
15380
15386
15393
15400
15406
15412
15418
15425
15431
15437
15443
15450
15456
15462
15468
15475
15481
15487
15493
15500
15504
15508
15512
15516
15520
15525
15529
15533
15537
15541
15545
15550
15554
15558
15562
15566
15570
15575
15579
15583
15587
15591
15595
15600
15604
15607
15612
15616
15620
15623
15628
15632
15636
15639
15644
15648
15652
15655
15660
15664
15668
15671
15676
15680
15684
15687
15692
15696
15700
15704
15708
15712
15716
15720
15725
15729
15733
15737
15741
15745
15750
15754
15758
15762
15766
15770
15775
15779
15783
15787
15791
15795
15800
15804
15808
15812
15816
15820
15824
15828
15832
15836
15840
15844
15848
15852
15856
15860
15864
15868
15872
15876
15880
15884
15888
15892
15896
15900
15904
15908
15912
15916
15920
15925
15929
15933
15937
15941
15945
15950
15954
15958
15962
15966
15970
15975
15979
15983
15987
15991
15995
16000
16003
16006
16009
16012
16015
16018
16021
16024
16028
16031
16034
16037
16040
16043
16046
16050
16053
16056
16059
16062
16065
16068
16071
16075
16078
16081
16084
16087
16090
16093
16096
16100
16103
16106
16109
16112
16116
16119
16122
16125
16129
16132
16135
16138
16141
16145
16148
16151
16154
16158
16161
16164
16167
16170
16174
16177
16180
16183
16187
16190
16193
16196
16200
16203
16206
16209
16212
16216
16219
16222
16225
16229
16232
16235
16238
16241
16245
16248
16251
16254
16258
16261
16264
16267
16270
16274
16277
16280
16283
16287
16290
16293
16296
16300
16303
16306
16309
16312
16316
16319
16322
16325
16329
16332
16335
16338
16341
16345
16348
16351
16354
16358
16361
16364
16367
16370
16374
16377
16380
16383
16387
16390
16393
16396
16400
16403
16406
16409
16412
16415
16418
16421
16424
16428
16431
16434
16437
16440
16443
16446
16450
16453
16456
16459
16462
16465
16468
16471
16475
16478
16481
16484
16487
16490
16493
16496
16500
16504
16508
16513
16517
16521
16526
16530
16534
16539
16543
16547
16552
16556
16560
16565
16569
16573
16578
16582
16586
16591
16595
16600
16604
16609
16613
16618
16622
16627
16631
16636
16640
16645
16650
16654
16659
16663
16668
16672
16677
16681
16686
16690
16695
16700
16704
16708
16713
16717
16721
16726
16730
16734
16739
16743
16747
16752
16756
16760
16765
16769
16773
16778
16782
16786
16791
16795
16800
16804
16808
16813
16817
16821
16826
16830
16834
16839
16843
16847
16852
16856
16860
16865
16869
16873
16878
16882
16886
16891
16895
16900
16904
16908
16913
16917
16921
16926
16930
16934
16939
16943
16947
16952
16956
16960
16965
16969
16973
16978
16982
16986
16991
16995
17000
17009
17018
17027
17036
17045
17054
17063
17072
17081
17090
17100
17110
17120
17130
17140
17150
17160
17170
17180
17189
17200
17209
17218
17227
17236
17245
17254
17263
17272
17281
17290
17300
17309
17318
17327
17336
17345
17354
17363
17372
17381
17390
17400
17410
17419
17430
17439
17450
17460
17470
17480
17490
17500
17502
17505
17507
17510
17512
17515
17517
17520
17523
17525
17528
17530
17533
17535
17538
17541
17543
17546
17548
17551
17553
17556
17558
17561
17564
17566
17569
17571
17574
17576
17579
17582
17584
17587
17589
17592
17594
17597
17600
17602
17605
17607
17610
17613
17615
17618
17621
17623
17626
17628
17631
17634
17636
17639
17642
17644
17647
17650
17652
17655
17657
17660
17663
17665
17668
17671
17673
17676
17678
17681
17684
17686
17689
17692
17694
17697
17700
17702
17705
17707
17710
17713
17715
17718
17721
17723
17726
17728
17731
17734
17736
17739
17742
17744
17747
17750
17752
17755
17757
17760
17763
17765
17768
17771
17773
17776
17778
17781
17784
17786
17789
17792
17794
17797
17800
17802
17805
17807
17810
17813
17815
17818
17821
17823
17826
17828
17831
17834
17836
17839
17842
17844
17847
17850
17852
17855
17857
17860
17863
17865
17868
17871
17873
17876
17878
17881
17884
17886
17889
17892
17894
17897
17900
17902
17905
17907
17910
17913
17915
17918
17921
17923
17926
17928
17931
17934
17936
17939
17942
17944
17947
17950
17952
17955
17957
17960
17963
17965
17968
17971
17973
17976
17978
17981
17984
17986
17989
17992
17994
17997
18000
18033
18066
18100
18125
18150
18175
18200
18233
18266
18300
18325
18350
18375
18400
18433
18466
18500
18501
18503
18505
18507
18509
18511
18512
18514
18516
18518
18520
18522
18524
18525
18527
18529
18531
18533
18535
18537
18538
18540
18542
18544
18546
18548
18550
18551
18553
18555
18557
18559
18561
18562
18564
18566
18568
18570
18572
18574
18575
18577
18579
18581
18583
18585
18587
18588
18590
18592
18594
18596
18598
18600
18601
18603
18605
18607
18609
18611
18612
18614
18616
18618
18620
18622
18624
18625
18627
18629
18631
18633
18635
18637
18638
18640
18642
18644
18646
18648
18650
18651
18653
18655
18657
18659
18661
18662
18664
18666
18668
18670
18672
18674
18675
18677
18679
18681
18683
18685
18687
18688
18690
18692
18694
18696
18698
18700
18701
18703
18705
18707
18709
18711
18712
18714
18716
18718
18720
18722
18724
18725
18727
18729
18731
18733
18735
18737
18738
18740
18742
18744
18746
18748
18750
18751
18753
18755
18757
18759
18761
18762
18764
18766
18768
18770
18772
18774
18775
18777
18779
18781
18783
18785
18787
18788
18790
18792
18794
18796
18798
18800
18801
18803
18805
18807
18809
18811
18812
18814
18816
18818
18820
18822
18824
18825
18827
18829
18831
18833
18835
18837
18838
18840
18842
18844
18846
18848
18850
18851
18853
18855
18857
18859
18861
18862
18864
18866
18868
18870
18872
18874
18875
18877
18879
18881
18883
18885
18887
18888
18890
18892
18894
18896
18898
18900
18901
18903
18905
18907
18909
18911
18912
18914
18916
18918
18920
18922
18924
18925
18927
18929
18931
18933
18935
18937
18938
18940
18942
18944
18946
18948
18950
18951
18953
18955
18957
18959
18961
18962
18964
18966
18968
18970
18972
18974
18975
18977
18979
18981
18983
18985
18987
18988
18990
18992
18994
18996
18998
19000
19002
19005
19007
19010
19012
19015
19017
19020
19022
19025
19027
19030
19032
19035
19037
19040
19042
19045
19047
19050
19052
19055
19057
19060
19062
19065
19067
19070
19072
19075
19077
19080
19082
19085
19087
19090
19092
19095
19097
19100
19102
19105
19107
19110
19112
19115
19117
19120
19122
19125
19127
19130
19132
19135
19137
19140
19142
19145
19147
19150
19152
19155
19157
19160
19162
19165
19167
19170
19172
19175
19177
19180
19182
19185
19187
19189
19192
19195
19197
19200
19202
19205
19207
19210
19212
19215
19217
19220
19222
19225
19227
19230
19232
19235
19237
19240
19242
19245
19247
19250
19252
19255
19257
19260
19262
19265
19267
19270
19272
19275
19277
19280
19282
19285
19287
19290
19292
19295
19297
19300
19302
19305
19307
19310
19312
19315
19317
19320
19322
19325
19327
19330
19332
19335
19337
19340
19342
19345
19347
19350
19352
19355
19357
19360
19362
19365
19367
19369
19372
19375
19377
19380
19382
19384
19387
19390
19392
19395
19397
19400
19402
19404
19407
19410
19412
19415
19417
19419
19422
19424
19427
19430
19432
19435
19437
19439
19442
19445
19447
19450
19452
19455
19457
19460
19462
19465
19467
19470
19472
19475
19477
19480
19482
19485
19487
19490
19492
19495
19497
19500
19502
19504
19506
19508
19510
19512
19514
19516
19518
19520
19522
19525
19527
19529
19531
19533
19535
19537
19539
19541
19543
19545
19547
19550
19552
19554
19556
19558
19560
19562
19564
19566
19568
19570
19572
19575
19577
19579
19581
19583
19585
19587
19589
19591
19593
19595
19597
19600
19602
19604
19606
19608
19610
19612
19614
19617
19619
19621
19623
19625
19627
19629
19631
19634
19636
19638
19640
19642
19644
19646
19648
19651
19653
19655
19657
19659
19661
19663
19665
19668
19670
19672
19674
19676
19678
19680
19682
19685
19687
19689
19691
19693
19695
19697
19700
19702
19704
19706
19708
19710
19712
19714
19716
19718
19720
19722
19725
19727
19729
19731
19733
19735
19737
19739
19741
19743
19745
19747
19750
19752
19754
19756
19758
19760
19762
19764
19766
19768
19770
19772
19775
19777
19779
19781
19783
19785
19787
19789
19791
19793
19795
19797
19800
19802
19804
19806
19808
19810
19812
19814
19816
19818
19820
19822
19825
19827
19829
19831
19833
19835
19837
19839
19841
19843
19845
19847
19850
19852
19854
19856
19858
19860
19862
19864
19866
19868
19870
19872
19875
19877
19879
19881
19883
19885
19887
19889
19891
19893
19895
19897
19900
19902
19904
19906
19908
19910
19912
19914
19916
19918
19920
19922
19924
19927
19929
19931
19933
19935
19937
19939
19941
19943
19945
19947
19950
19952
19954
19956
19958
19960
19962
19964
19966
19968
19970
19972
19975
19977
19979
19981
19983
19985
19987
19989
19991
19993
19995
19997
20000
20002
20004
20006
20008
20010
20012
20014
20017
20019
20021
20023
20025
20027
20029
20031
20034
20036
20038
20040
20042
20044
20046
20048
20051
20053
20055
20057
20059
20061
20063
20065
20068
20070
20072
20074
20076
20078
20080
20082
20085
20087
20089
20091
20093
20095
20097
20100
20102
20104
20106
20108
20110
20112
20114
20117
20119
20121
20123
20125
20127
20129
20131
20134
20136
20138
20140
20142
20144
20146
20148
20151
20153
20155
20157
20159
20161
20163
20165
20168
20170
20172
20174
20176
20178
20180
20182
20185
20187
20189
20191
20193
20195
20197
20200
20202
20204
20206
20208
20210
20212
20214
20217
20219
20221
20223
20225
20227
20229
20231
20234
20236
20238
20240
20242
20244
20246
20248
20251
20253
20255
20257
20259
20261
20263
20265
20268
20270
20272
20274
20276
20278
20280
20282
20285
20287
20289
20291
20293
20295
20297
20300
20302
20304
20306
20308
20310
20313
20315
20317
20319
20321
20323
20326
20328
20330
20332
20334
20336
20339
20341
20343
20345
20347
20350
20352
20354
20356
20358
20360
20363
20365
20367
20369
20371
20373
20376
20378
20380
20382
20384
20386
20389
20391
20393
20395
20397
20400
20402
20404
20406
20408
20410
20412
20414
20417
20419
20421
20423
20425
20427
20429
20431
20434
20436
20438
20440
20442
20444
20446
20448
20451
20453
20455
20457
20459
20461
20463
20465
20468
20470
20472
20474
20476
20478
20480
20482
20485
20487
20489
20491
20493
20495
20497
20500
20502
20504
20507
20509
20511
20514
20516
20519
20521
20523
20526
20528
20530
20533
20535
20538
20540
20542
20545
20547
20550
20552
20554
20557
20559
20561
20564
20566
20569
20571
20573
20576
20578
20580
20583
20585
20588
20590
20592
20595
20597
20600
20602
20604
20607
20609
20612
20614
20617
20619
20621
20624
20626
20629
20631
20634
20636
20639
20641
20643
20646
20648
20651
20653
20656
20658
20660
20663
20665
20668
20670
20673
20675
20678
20680
20682
20685
20687
20690
20692
20695
20697
20700
20702
20704
20707
20709
20711
20714
20716
20719
20721
20723
20726
20728
20730
20733
20735
20738
20740
20742
20745
20747
20750
20752
20754
20757
20759
20761
20764
20766
20769
20771
20773
20776
20778
20780
20783
20785
20788
20790
20792
20795
20797
20800
20802
20804
20807
20809
20812
20814
20817
20819
20821
20824
20826
20829
20831
20834
20836
20839
20841
20843
20846
20848
20851
20853
20856
20858
20860
20863
20865
20868
20870
20873
20875
20878
20880
20882
20885
20887
20890
20892
20895
20897
20900
20902
20904
20907
20909
20912
20914
20917
20919
20921
20924
20926
20929
20931
20934
20936
20939
20941
20943
20946
20948
20951
20953
20956
20958
20960
20963
20965
20968
20970
20973
20975
20978
20980
20982
20985
20987
20990
20992
20995
20997
21000
21002
21005
21008
21011
21014
21017
21020
21023
21026
21029
21032
21035
21038
21041
21044
21047
21050
21052
21055
21058
21061
21064
21067
21070
21073
21076
21079
21082
21085
21088
21091
21094
21097
21100
21102
21105
21108
21111
21114
21117
21120
21123
21126
21129
21132
21135
21138
21141
21144
21147
21150
21152
21155
21158
21161
21164
21167
21170
21173
21176
21179
21182
21185
21188
21191
21194
21197
21200
21202
21205
21208
21211
21214
21217
21220
21223
21226
21229
21232
21235
21238
21241
21244
21247
21250
21252
21255
21258
21261
21264
21267
21270
21273
21276
21279
21282
21285
21288
21291
21294
21297
21300
21302
21305
21308
21311
21314
21317
21320
21323
21326
21329
21332
21335
21338
21341
21344
21347
21350
21352
21355
21358
21361
21364
21367
21370
21373
21376
21379
21382
21385
21388
21391
21394
21397
21400
21402
21405
21408
21411
21414
21417
21420
21423
21426
21429
21432
21435
21438
21441
21444
21447
21450
21452
21455
21458
21461
21464
21467
21470
21473
21476
21479
21482
21485
21488
21491
21494
21497
21500
21505
21511
21516
21522
21527
21533
21538
21544
21550
21555
21561
21566
21572
21577
21583
21588
21594
21600
21605
21611
21616
21622
21627
21633
21638
21644
21650
21655
21661
21666
21672
21677
21683
21688
21694
21700
21705
21711
21716
21722
21727
21733
21738
21744
21750
21755
21761
21766
21772
21777
21783
21788
21794
21800
21805
21811
21816
21822
21827
21833
21838
21844
21850
21855
21861
21866
21872
21877
21883
21888
21894
21900
21905
21911
21916
21922
21927
21933
21938
21944
21950
21955
21961
21966
21972
21977
21983
21988
21994
22000
22002
22004
22006
22009
22011
22013
22015
22018
22020
22022
22025
22027
22029
22031
22034
22036
22038
22040
22043
22045
22047
22050
22052
22054
22056
22059
22061
22063
22065
22068
22070
22072
22075
22077
22079
22081
22084
22086
22088
22090
22093
22095
22097
22100
22102
22104
22106
22109
22111
22113
22116
22118
22120
22123
22125
22127
22130
22132
22134
22137
22139
22141
22144
22146
22148
22151
22153
22155
22158
22160
22162
22165
22167
22169
22172
22174
22176
22179
22181
22183
22186
22188
22190
22193
22195
22197
22200
22202
22204
22206
22209
22211
22213
22215
22218
22220
22222
22225
22227
22229
22231
22234
22236
22238
22240
22243
22245
22247
22250
22252
22254
22256
22259
22261
22263
22265
22268
22270
22272
22275
22277
22279
22281
22284
22286
22288
22290
22293
22295
22297
22300
22302
22304
22306
22309
22311
22313
22315
22318
22320
22322
22325
22327
22329
22331
22334
22336
22338
22340
22343
22345
22347
22350
22352
22354
22356
22359
22361
22363
22365
22368
22370
22372
22375
22377
22379
22381
22384
22386
22388
22390
22393
22395
22397
22400
22402
22404
22406
22409
22411
22413
22416
22418
22420
22423
22425
22427
22430
22432
22434
22437
22439
22441
22444
22446
22448
22451
22453
22455
22458
22460
22462
22465
22467
22469
22472
22474
22476
22479
22481
22483
22486
22488
22490
22493
22495
22497
22500
22502
22505
22507
22510
22512
22515
22517
22520
22523
22525
22528
22530
22533
22535
22538
22541
22543
22546
22548
22551
22553
22556
22558
22561
22564
22566
22569
22571
22574
22576
22579
22582
22584
22587
22589
22592
22594
22597
22600
22602
22605
22607
22610
22613
22615
22618
22621
22623
22626
22628
22631
22634
22636
22639
22642
22644
22647
22650
22652
22655
22657
22660
22663
22665
22668
22671
22673
22676
22678
22681
22684
22686
22689
22692
22694
22697
22700
22702
22705
22707
22710
22712
22715
22717
22720
22723
22725
22728
22730
22733
22735
22738
22741
22743
22746
22748
22751
22753
22756
22758
22761
22764
22766
22769
22771
22774
22776
22779
22782
22784
22787
22789
22792
22794
22797
22800
22802
22805
22807
22810
22813
22815
22818
22821
22823
22826
22828
22831
22834
22836
22839
22842
22844
22847
22850
22852
22855
22857
22860
22863
22865
22868
22871
22873
22876
22878
22881
22884
22886
22889
22892
22894
22897
22900
22902
22905
22907
22910
22912
22915
22917
22920
22923
22925
22928
22930
22933
22935
22938
22941
22943
22946
22948
22951
22953
22956
22958
22961
22964
22966
22969
22971
22974
22976
22979
22982
22984
22987
22989
22992
22994
22997
23000
23002
23005
23007
23010
23013
23015
23018
23021
23023
23026
23028
23031
23034
23036
23039
23042
23044
23047
23050
23052
23055
23057
23060
23063
23065
23068
23071
23073
23076
23078
23081
23084
23086
23089
23092
23094
23097
23100
23102
23105
23108
23110
23113
23116
23118
23121
23124
23127
23129
23132
23135
23137
23140
23143
23145
23148
23151
23154
23156
23159
23162
23164
23167
23170
23172
23175
23178
23181
23183
23186
23189
23191
23194
23197
23200
23202
23205
23207
23210
23213
23215
23218
23221
23223
23226
23228
23231
23234
23236
23239
23242
23244
23247
23250
23252
23255
23257
23260
23263
23265
23268
23271
23273
23276
23278
23281
23284
23286
23289
23292
23294
23297
23300
23302
23305
23307
23310
23313
23315
23318
23321
23323
23326
23328
23331
23334
23336
23339
23342
23344
23347
23350
23352
23355
23357
23360
23363
23365
23368
23371
23373
23376
23378
23381
23384
23386
23389
23392
23394
23397
23400
23402
23405
23407
23410
23413
23415
23418
23421
23423
23426
23428
23431
23434
23436
23439
23442
23444
23447
23450
23452
23455
23457
23460
23463
23465
23468
23471
23473
23476
23478
23481
23484
23486
23489
23492
23494
23497
23500
23502
23504
23506
23508
23510
23512
23514
23516
23518
23520
23522
23524
23526
23528
23530
23532
23534
23536
23538
23540
23542
23544
23546
23548
23550
23552
23554
23556
23558
23560
23562
23564
23566
23568
23570
23572
23574
23576
23578
23580
23582
23584
23586
23588
23590
23592
23594
23596
23598
23600
23602
23604
23606
23608
23610
23612
23614
23616
23618
23620
23622
23624
23626
23628
23630
23632
23634
23636
23638
23640
23642
23644
23646
23648
23651
23653
23655
23657
23659
23661
23663
23665
23667
23669
23671
23673
23675
23677
23679
23681
23683
23685
23687
23689
23691
23693
23695
23697
23700
23702
23704
23706
23708
23710
23712
23714
23716
23718
23720
23722
23724
23726
23727
23730
23732
23734
23736
23738
23740
23742
23744
23746
23748
23750
23752
23754
23756
23758
23760
23762
23764
23766
23768
23770
23772
23774
23776
23778
23780
23782
23784
23786
23788
23790
23792
23794
23796
23798
23800
23802
23804
23806
23808
23810
23812
23814
23816
23818
23820
23822
23824
23826
23828
23830
23832
23834
23836
23838
23840
23842
23844
23846
23848
23850
23852
23854
23855
23858
23860
23862
23864
23866
23868
23869
23872
23874
23875
23878
23880
23881
23884
23886
23887
23890
23892
23894
23895
23898
23900
23902
23904
23906
23908
23910
23912
23914
23916
23918
23920
23922
23924
23926
23928
23930
23932
23934
23936
23938
23940
23942
23944
23946
23948
23951
23953
23955
23957
23959
23961
23963
23965
23967
23969
23971
23973
23975
23977
23979
23981
23983
23985
23987
23989
23991
23993
23995
23997
24000
24002
24005
24008
24011
24014
24017
24020
24022
24025
24028
24031
24034
24037
24040
24042
24045
24048
24051
24054
24057
24060
24062
24065
24068
24071
24074
24077
24080
24082
24085
24088
24091
24094
24097
24100
24102
24105
24108
24111
24114
24117
24120
24123
24126
24129
24132
24135
24138
24141
24144
24147
24150
24152
24155
24158
24161
24164
24167
24170
24173
24176
24179
24182
24185
24188
24191
24194
24197
24200
24202
24205
24208
24211
24214
24217
24220
24223
24226
24229
24232
24235
24238
24241
24244
24247
24250
24252
24255
24258
24261
24264
24267
24270
24273
24276
24279
24282
24285
24288
24291
24294
24297
24300
24302
24305
24308
24311
24314
24317
24320
24323
24326
24329
24332
24335
24338
24341
24344
24347
24350
24352
24355
24358
24361
24364
24367
24370
24373
24376
24379
24382
24385
24388
24391
24394
24397
24400
24402
24405
24408
24411
24414
24417
24419
24422
24425
24428
24431
24434
24437
24439
24442
24445
24448
24451
24454
24457
24460
24462
24465
24468
24471
24474
24477
24480
24482
24485
24488
24491
24494
24497
24500
24504
24509
24514
24519
24523
24528
24533
24538
24542
24547
24552
24557
24561
24566
24571
24576
24580
24585
24590
24595
24600
24604
24609
24614
24619
24623
24628
24633
24638
24642
24647
24652
24657
24661
24666
24671
24676
24680
24685
24690
24695
24700
24704
24709
24713
24718
24722
24727
24731
24736
24740
24745
24750
24754
24759
24763
24768
24772
24777
24781
24786
24790
24795
24800
24804
24809
24814
24819
24823
24828
24833
24838
24842
24847
24852
24857
24861
24866
24871
24876
24880
24885
24890
24895
24900
24904
24909
24914
24919
24923
24928
24933
24938
24942
24947
24952
24957
24961
24966
24971
24976
24980
24985
24990
24995
25000
25005
25011
25016
25022
25027
25033
25038
25044
25050
25055
25061
25066
25072
25077
25083
25088
25094
25100
25105
25111
25116
25122
25127
25133
25138
25144
25150
25155
25161
25166
25172
25177
25183
25188
25194
25200
25205
25211
25216
25222
25227
25233
25238
25244
25250
25255
25261
25266
25272
25277
25283
25288
25294
25300
25305
25311
25316
25322
25327
25333
25338
25344
25350
25355
25361
25366
25372
25377
25383
25388
25394
25400
25405
25411
25416
25422
25427
25433
25438
25444
25450
25455
25461
25466
25472
25477
25483
25488
25494
25500
25503
25507
25511
25515
25519
25523
25526
25530
25534
25538
25542
25546
25550
25553
25557
25561
25565
25569
25573
25576
25580
25584
25588
25592
25596
25600
25604
25608
25612
25616
25620
25624
25628
25632
25636
25640
25644
25648
25652
25656
25660
25664
25668
25672
25676
25680
25684
25688
25692
25695
25700
25703
25707
25711
25715
25719
25723
25726
25730
25734
25738
25742
25746
25750
25753
25757
25761
25765
25769
25773
25776
25780
25784
25788
25792
25796
25800
25804
25808
25812
25816
25820
25824
25828
25832
25836
25840
25844
25848
25852
25855
25860
25864
25868
25872
25875
25880
25884
25887
25892
25895
25900
25903
25907
25911
25915
25919
25923
25926
25930
25934
25938
25942
25946
25950
25953
25957
25961
25965
25969
25973
25976
25980
25984
25988
25992
25996
26000
26001
26003
26005
26007
26009
26011
26013
26015
26016
26018
26020
26022
26024
26026
26028
26030
26032
26033
26035
26037
26039
26041
26043
26045
26047
26049
26050
26052
26054
26056
26058
26060
26062
26064
26066
26067
26069
26071
26073
26075
26077
26079
26081
26083
26084
26086
26088
26090
26092
26094
26096
26098
26100
26101
26103
26105
26107
26109
26111
26113
26115
26116
26118
26120
26122
26124
26126
26128
26130
26132
26133
26135
26137
26139
26141
26143
26145
26147
26149
26150
26152
26154
26156
26158
26160
26162
26164
26166
26167
26169
26171
26173
26175
26177
26179
26181
26183
26184
26186
26188
26190
26192
26194
26196
26198
26200
26201
26203
26205
26207
26209
26211
26212
26214
26216
26218
26220
26222
26224
26225
26227
26229
26231
26233
26235
26237
26238
26240
26242
26244
26246
26248
26250
26251
26253
26255
26257
26259
26261
26262
26264
26266
26268
26270
26272
26274
26275
26277
26279
26281
26283
26285
26287
26288
26290
26292
26294
26296
26298
26300
26301
26303
26305
26307
26309
26311
26313
26315
26316
26318
26320
26322
26324
26326
26328
26330
26332
26333
26335
26337
26339
26341
26343
26345
26347
26349
26350
26352
26354
26356
26358
26360
26362
26364
26366
26367
26369
26371
26373
26375
26377
26379
26381
26383
26384
26386
26388
26390
26392
26394
26396
26398
26400
26401
26403
26405
26407
26409
26411
26413
26415
26416
26418
26420
26422
26424
26426
26428
26430
26432
26433
26435
26437
26439
26441
26443
26445
26447
26449
26450
26452
26454
26456
26458
26460
26462
26464
26466
26467
26469
26471
26473
26475
26477
26479
26481
26483
26484
26486
26488
26490
26492
26494
26496
26498
26500
26506
26513
26520
26526
26533
26540
26546
26553
26560
26566
26573
26580
26586
26593
26600
26607
26614
26621
26628
26635
26642
26650
26657
26664
26671
26678
26685
26692
26700
26706
26713
26720
26726
26733
26740
26746
26753
26760
26766
26773
26780
26786
26793
26800
26807
26814
26821
26828
26835
26842
26850
26857
26864
26871
26878
26885
26892
26900
26906
26913
26919
26926
26933
26939
26946
26953
26960
26966
26973
26980
26986
26993
27000
27006
27012
27018
27025
27031
27037
27043
27050
27056
27062
27068
27075
27081
27087
27093
27100
27106
27112
27118
27125
27131
27137
27143
27150
27156
27162
27168
27175
27181
27187
27193
27200
27205
27211
27217
27223
27229
27235
27241
27247
27252
27258
27264
27270
27276
27282
27288
27294
27300
27306
27312
27318
27325
27331
27337
27343
27350
27356
27362
27368
27375
27381
27387
27393
27400
27406
27412
27418
27424
27431
27437
27443
27450
27456
27462
27468
27475
27481
27487
27493
27500
27502
27504
27506
27509
27511
27513
27515
27518
27520
27522
27525
27527
27529
27531
27534
27536
27538
27540
27543
27545
27547
27550
27552
27554
27556
27559
27561
27563
27565
27568
27570
27572
27575
27577
27579
27581
27584
27586
27588
27590
27593
27595
27597
27600
27602
27604
27606
27609
27611
27613
27616
27618
27620
27623
27625
27627
27630
27632
27634
27637
27639
27641
27644
27646
27648
27651
27653
27655
27658
27660
27662
27665
27667
27669
27672
27674
27676
27679
27681
27683
27686
27688
27690
27693
27695
27697
27700
27702
27704
27706
27709
27711
27713
27715
27718
27720
27722
27725
27727
27729
27731
27734
27736
27738
27740
27743
27745
27747
27750
27752
27754
27756
27759
27761
27763
27765
27768
27770
27772
27775
27777
27779
27781
27784
27786
27788
27790
27793
27795
27797
27800
27802
27804
27806
27809
27811
27813
27816
27818
27820
27823
27825
27827
27830
27832
27834
27837
27839
27841
27844
27846
27848
27851
27853
27855
27858
27860
27862
27865
27867
27869
27872
27874
27876
27879
27881
27883
27886
27888
27890
27893
27895
27897
27900
27902
27904
27906
27909
27911
27913
27915
27918
27920
27922
27924
27927
27929
27931
27934
27936
27938
27940
27943
27945
27947
27950
27952
27954
27956
27959
27961
27963
27965
27968
27970
27972
27975
27977
27979
27981
27984
27986
27988
27990
27993
27995
27997
28000
28003
28007
28010
28014
28017
28021
28025
28028
28032
28035
28039
28042
28046
28050
28053
28057
28060
28064
28067
28071
28075
28078
28082
28085
28089
28092
28096
28100
28103
28106
28110
28113
28117
28120
28124
28127
28131
28134
28137
28141
28144
28148
28151
28155
28158
28162
28165
28168
28172
28175
28179
28182
28186
28189
28193
28196
28200
28203
28207
28210
28214
28217
28221
28225
28228
28232
28235
28239
28242
28246
28250
28253
28257
28260
28264
28267
28271
28275
28278
28282
28285
28289
28292
28296
28300
28303
28306
28310
28313
28317
28320
28324
28327
28331
28334
28337
28341
28344
28348
28351
28355
28358
28362
28365
28368
28372
28375
28379
28382
28386
28389
28393
28396
28400
28403
28407
28410
28414
28417
28421
28424
28428
28432
28435
28439
28442
28446
28450
28453
28457
28460
28464
28467
28471
28475
28478
28482
28485
28489
28492
28496
28500
28507
28515
28523
28530
28538
28546
28553
28561
28569
28576
28584
28592
28600
28608
28616
28625
28633
28641
28650
28658
28666
28675
28683
28691
28700
28708
28716
28725
28733
28741
28750
28758
28766
28775
28783
28791
28800
28807
28815
28823
28830
28838
28846
28853
28861
28869
28876
28884
28892
28900
28908
28916
28924
28933
28941
28950
28958
28966
28975
28983
28991
29000
29003
29007
29010
29014
29017
29021
29025
29028
29032
29035
29039
29042
29046
29050
29053
29057
29060
29064
29067
29071
29075
29078
29082
29085
29089
29092
29096
29100
29103
29107
29110
29114
29117
29121
29125
29128
29132
29135
29139
29142
29146
29150
29153
29157
29160
29164
29167
29171
29175
29178
29182
29185
29189
29192
29196
29200
29203
29207
29210
29214
29217
29221
29225
29228
29232
29235
29239
29242
29246
29250
29253
29257
29260
29264
29267
29271
29275
29278
29282
29285
29289
29292
29296
29300
29303
29307
29311
29314
29318
29322
29325
29329
29333
29337
29340
29344
29348
29351
29355
29359
29362
29366
29370
29374
29377
29381
29385
29388
29392
29396
29400
29403
29407
29410
29414
29417
29421
29424
29428
29432
29435
29439
29442
29446
29450
29453
29457
29460
29464
29467
29471
29475
29478
29482
29485
29489
29492
29496
29500
29503
29507
29510
29514
29517
29521
29525
29528
29532
29535
29539
29542
29546
29550
29553
29557
29560
29564
29567
29571
29575
29578
29582
29585
29589
29592
29596
29600
29603
29607
29611
29614
29618
29622
29625
29629
29633
29637
29640
29644
29648
29651
29655
29659
29662
29666
29670
29674
29677
29681
29685
29688
29692
29696
29700
29703
29707
29711
29714
29718
29722
29725
29729
29733
29737
29740
29744
29748
29751
29755
29759
29762
29766
29770
29774
29777
29781
29785
29788
29792
29796
29800
29803
29807
29810
29814
29817
29821
29825
29828
29832
29835
29839
29842
29846
29850
29853
29857
29860
29864
29867
29871
29875
29878
29882
29885
29889
29892
29896
29900
29903
29907
29911
29914
29918
29922
29925
29929
29933
29937
29940
29944
29948
29951
29955
29959
29962
29966
29970
29974
29977
29981
29985
29988
29992
29996
30000
