0.06 5552.00
0.18 6940.00
0.30 6940.00
0.42 6940.00
0.54 6940.00
0.64 6940.00
0.75 6940.00
0.87 9716.00
0.98 11104.00
1.10 13880.00
1.20 6940.00
1.31 8328.00
1.42 9716.00
1.57 8328.00
1.69 2776.00
1.82 6940.00
1.92 5552.00
2.03 5552.00
2.15 4164.00
2.27 8328.00
2.37 5552.00
2.48 9716.00
2.59 5552.00
2.69 4164.00
2.80 5552.00
2.90 4164.00
3.03 5552.00
3.15 6940.00
3.28 6940.00
3.39 5552.00
3.52 2776.00
3.63 6940.00
3.76 6940.00
3.88 6940.00
4.00 5552.00
4.13 8328.00
4.24 6940.00
4.35 5552.00
4.46 5552.00
4.59 6940.00
4.70 6940.00
4.81 5552.00
4.92 5552.00
5.03 5552.00
5.13 5552.00
5.25 12492.00
5.39 5552.00
5.51 5552.00
5.64 6940.00
5.77 6940.00
5.87 6940.00
6.00 5552.00
6.14 4164.00
6.25 9716.00
6.37 6940.00
6.49 5552.00
6.60 6940.00
6.71 9716.00
6.84 9716.00
6.95 6940.00
7.06 4164.00
7.16 4164.00
7.27 5552.00
7.38 5552.00
7.51 5552.00
7.63 8328.00
7.75 6940.00
7.88 8328.00
8.01 6940.00
8.15 8328.00
8.26 5552.00
8.37 4164.00
8.48 5552.00
8.62 5552.00
8.73 6940.00
8.85 5552.00
8.95 4164.00
9.06 5552.00
9.17 5552.00
9.28 6940.00
9.38 5552.00
9.50 5552.00
9.62 6940.00
9.76 6940.00
9.87 5552.00
9.98 6940.00
10.10 8328.00
10.22 6940.00
10.34 8328.00
10.44 8328.00
10.55 8328.00
10.65 6940.00
10.77 5552.00
10.89 5552.00
11.01 8328.00
11.13 9716.00
11.24 5552.00
11.35 11104.00
11.46 8328.00
11.57 6940.00
11.67 5552.00
11.80 8328.00
11.91 6940.00
12.04 5552.00
12.16 9716.00
12.27 8328.00
12.45 2776.00
12.61 2776.00
12.71 4164.00
12.82 6940.00
13.00 5552.00
13.14 4164.00
13.26 5552.00
13.38 5552.00
13.49 5552.00
13.62 6940.00
13.75 4164.00
13.87 6940.00
13.98 5552.00
14.10 6940.00
14.21 6940.00
14.32 5552.00
14.44 5552.00
14.55 5552.00
14.66 5552.00
14.79 5552.00
14.89 6940.00
15.01 8328.00
15.12 5552.00
15.24 6940.00
15.35 4164.00
15.46 6940.00
15.57 6940.00
15.69 5552.00
15.81 6940.00
15.92 5552.00
16.04 6940.00
16.14 5552.00
16.25 5552.00
16.36 6940.00
16.46 9716.00
16.58 12492.00
16.68 9716.00
16.79 8328.00
16.93 9716.00
17.04 11104.00
17.16 6940.00
17.30 5552.00
17.40 5552.00
17.52 2776.00
17.64 2776.00
17.75 2776.00
17.86 5552.00
17.96 5552.00
18.07 8328.00
18.17 6940.00
18.28 5552.00
18.38 5552.00
18.49 8328.00
18.64 4164.00
18.76 4164.00
18.89 6940.00
19.00 5552.00
19.11 6940.00
19.21 8328.00
19.33 5552.00
19.44 2776.00
19.55 4164.00
19.67 5552.00
19.80 6940.00
19.92 5552.00
20.04 6940.00
20.14 5552.00
20.25 5552.00
20.37 4164.00
20.49 4164.00
20.63 5552.00
20.79 4164.00
20.94 2776.00
21.12 4164.00
21.25 2776.00
21.36 4164.00
21.47 4164.00
21.58 2776.00
21.74 6940.00
21.85 4164.00
21.96 2776.00
22.10 5552.00
23.00 1388.00
23.11 62460.00
23.22 6940.00
23.35 6940.00
23.45 6940.00
23.57 8328.00
23.67 11104.00
23.78 8328.00
23.88 9716.00
23.99 11104.00
24.10 11104.00
24.20 13880.00
24.31 11104.00
24.42 13880.00
24.53 9716.00
24.63 9716.00
24.74 8328.00
24.87 9716.00
24.98 11104.00
25.09 12492.00
25.20 8328.00
25.31 15268.00
25.41 12492.00
25.52 9716.00
25.63 18044.00
25.75 13880.00
25.95 2776.00
26.08 8328.00
26.18 11104.00
26.30 5552.00
26.40 6940.00
26.51 8328.00
26.64 9716.00
26.75 9716.00
26.87 11104.00
26.98 11104.00
27.09 8328.00
27.19 9716.00
27.31 11104.00
27.41 8328.00
27.52 6940.00
27.63 12492.00
27.74 9716.00
27.85 8328.00
27.95 12492.00
28.07 12492.00
28.17 8328.00
28.28 8328.00
28.38 13880.00
28.50 11104.00
28.61 8328.00
28.73 6940.00
28.84 2776.00
28.94 6940.00
29.05 4164.00
29.64 1388.00
29.75 43028.00
29.88 12492.00
30.00 8328.00
