0.10 165431.03
0.20 169947.65
0.30 169947.65
0.40 169947.65
0.50 169947.65
0.60 169947.65
0.70 169947.65
0.80 169947.65
0.90 169947.65
1.00 169947.65
1.10 155137.92
1.20 155137.92
1.30 155137.92
1.40 155137.92
1.50 155137.92
1.60 155137.92
1.70 155137.92
1.80 155137.92
1.90 155137.92
2.00 155137.92
2.10 169922.89
2.20 169922.89
2.30 169922.89
2.40 169922.89
2.50 169922.89
2.60 169922.89
2.70 169922.89
2.80 169922.89
2.90 169922.89
3.00 169922.89
3.10 166548.36
3.20 166548.36
3.30 166548.36
3.40 166548.36
3.50 166548.36
3.60 166548.36
3.70 166548.36
3.80 166548.36
3.90 166548.36
4.00 166548.36
4.10 161270.44
4.20 161270.44
4.30 161270.44
4.40 161270.44
4.50 161270.44
4.60 161270.44
4.70 161270.44
4.80 161270.44
4.90 161270.44
5.00 161270.44
5.10 175765.80
5.20 175765.80
5.30 175765.80
5.40 175765.80
5.50 175765.80
5.60 175765.80
5.70 175765.80
5.80 175765.80
5.90 175765.80
6.00 175765.80
6.10 165451.97
6.20 165451.97
6.30 165451.97
6.40 165451.97
6.50 165451.97
6.60 165451.97
6.70 165451.97
6.80 165451.97
6.90 165451.97
7.00 165451.97
7.10 175612.55
7.20 175612.55
7.30 175612.55
7.40 175612.55
7.50 175612.55
7.60 175612.55
7.70 175612.55
7.80 175612.55
7.90 175612.55
8.00 175612.55
8.10 161076.46
8.20 161076.46
8.30 161076.46
8.40 161076.46
8.50 161076.46
8.60 161076.46
8.70 161076.46
8.80 161076.46
8.90 161076.46
9.00 161076.46
9.10 212923.06
9.20 212923.06
9.30 212923.06
9.40 212923.06
9.50 212923.06
9.60 212923.06
9.70 212923.06
9.80 212923.06
9.90 212923.06
10.00 212923.06
10.10 88798.53
10.20 88798.53
10.30 88798.53
10.40 88798.53
10.50 88798.53
10.60 88798.53
10.70 88798.53
10.80 88798.53
10.90 88798.53
11.00 88798.53
11.10 56220.71
11.20 56220.71
11.30 56220.71
11.40 56220.71
11.50 56220.71
11.60 56220.71
11.70 56220.71
11.80 56220.71
11.90 56220.71
12.00 56220.71
12.10 24948.66
12.20 24948.66
12.30 24948.66
12.40 24948.66
12.50 24948.66
12.60 24948.66
12.70 24948.66
12.80 24948.66
12.90 24948.66
13.00 24948.66
13.10 62412.79
13.20 62412.79
13.30 62412.79
13.40 62412.79
13.50 62412.79
13.60 62412.79
13.70 62412.79
13.80 62412.79
13.90 62412.79
14.00 62412.79
14.10 47212.14
14.20 47212.14
14.30 47212.14
14.40 47212.14
14.50 47212.14
14.60 47212.14
14.70 47212.14
14.80 47212.14
14.90 47212.14
15.00 47212.14
15.10 49382.19
15.20 49382.19
15.30 49382.19
15.40 49382.19
15.50 49382.19
15.60 49382.19
15.70 49382.19
15.80 49382.19
15.90 49382.19
16.00 49382.19
16.10 13802.95
16.20 13802.95
16.30 13802.95
16.40 13802.95
16.50 13802.95
16.60 13802.95
16.70 13802.95
16.80 13802.95
16.90 13802.95
17.00 13802.95
17.10 132281.35
17.20 132281.35
17.30 132281.35
17.40 132281.35
17.50 132281.35
17.60 132281.35
17.70 132281.35
17.80 132281.35
17.90 132281.35
18.00 132281.35
18.10 163668.47
18.20 163668.47
18.30 163668.47
18.40 163668.47
18.50 163668.47
18.60 163668.47
18.70 163668.47
18.80 163668.47
18.90 163668.47
19.00 163668.47
19.10 158573.34
19.20 158573.34
19.30 158573.34
19.40 158573.34
19.50 158573.34
19.60 158573.34
19.70 158573.34
19.80 158573.34
19.90 158573.34
20.00 158573.34
20.10 155750.97
20.20 155750.97
20.30 155750.97
20.40 155750.97
20.50 155750.97
20.60 155750.97
20.70 155750.97
20.80 155750.97
20.90 155750.97
21.00 155750.97
21.10 131356.33
21.20 131356.33
21.30 131356.33
21.40 131356.33
21.50 131356.33
21.60 131356.33
21.70 131356.33
21.80 131356.33
21.90 131356.33
22.00 131356.33
22.10 154039.35
22.20 154039.35
22.30 154039.35
22.40 154039.35
22.50 154039.35
22.60 154039.35
22.70 154039.35
22.80 154039.35
22.90 154039.35
23.00 154039.35
23.10 162608.07
23.20 162608.07
23.30 162608.07
23.40 162608.07
23.50 162608.07
23.60 162608.07
23.70 162608.07
23.80 162608.07
23.90 162608.07
24.00 162608.07
24.10 158682.10
24.20 158682.10
24.30 158682.10
24.40 158682.10
24.50 158682.10
24.60 158682.10
24.70 158682.10
24.80 158682.10
24.90 158682.10
25.00 158682.10
25.10 143667.59
25.20 143667.59
25.30 143667.59
25.40 143667.59
25.50 143667.59
25.60 143667.59
25.70 143667.59
25.80 143667.59
25.90 143667.59
26.00 143667.59
26.10 151967.16
26.20 151967.16
26.30 151967.16
26.40 151967.16
26.50 151967.16
26.60 151967.16
26.70 151967.16
26.80 151967.16
26.90 151967.16
27.00 151967.16
27.10 156347.19
27.20 156347.19
27.30 156347.19
27.40 156347.19
27.50 156347.19
27.60 156347.19
27.70 156347.19
27.80 156347.19
27.90 156347.19
28.00 156347.19
28.10 167440.07
28.20 167440.07
28.30 167440.07
28.40 167440.07
28.50 167440.07
28.60 167440.07
28.70 167440.07
28.80 167440.07
28.90 167440.07
29.00 167440.07
29.10 154761.07
29.20 154761.07
29.30 154761.07
29.40 154761.07
29.50 154761.07
29.60 154761.07
29.70 154761.07
29.80 154761.07
29.90 154761.07
30.00 154761.07
