0.19 56908.0
0.30 72176.0
0.40 52744.0
0.51 55520.0
0.62 54132.0
0.73 54132.0
0.84 47192.0
0.94 52744.0
1.05 44416.0
1.15 54132.0
1.26 72176.0
1.37 56908.0
1.48 79116.0
1.59 55520.0
1.69 49968.0
1.80 74952.0
1.90 74952.0
2.01 56908.0
2.12 81892.0
2.23 90220.0
2.34 79116.0
2.44 70788.0
2.55 61072.0
2.65 68012.0
2.76 87444.0
2.87 77728.0
2.98 76340.0
3.09 74952.0
3.20 69400.0
3.31 72176.0
3.41 56908.0
3.52 74952.0
3.62 74952.0
3.73 81892.0
3.84 92996.0
3.95 72176.0
4.06 92996.0
4.16 83280.0
4.27 84668.0
4.37 83280.0
4.48 90220.0
4.60 92996.0
4.70 106876.0
4.81 91608.0
4.91 74952.0
5.02 83280.0
5.13 68012.0
5.24 70788.0
5.35 65236.0
5.45 59684.0
5.56 61072.0
5.66 41640.0
5.77 70788.0
5.87 51356.0
5.98 54132.0
6.09 86056.0
6.19 36088.0
6.30 52744.0
6.40 55520.0
6.51 45804.0
6.63 38864.0
6.74 38864.0
6.85 58296.0
6.95 55520.0
7.06 87444.0
7.16 38864.0
7.27 59684.0
7.37 23596.0
7.48 55520.0
7.59 72176.0
7.69 56908.0
7.81 37476.0
7.91 22208.0
8.02 30536.0
8.12 61072.0
8.23 55520.0
8.34 44416.0
8.45 33312.0
8.56 70788.0
8.67 66624.0
8.78 59684.0
8.88 79116.0
8.99 76340.0
9.10 84668.0
9.20 61072.0
9.31 63848.0
9.41 59684.0
9.52 74952.0
9.63 73564.0
9.74 79116.0
9.85 61072.0
9.95 54132.0
10.06 55520.0
10.16 33312.0
10.28 47192.0
10.38 59684.0
10.49 76340.0
10.60 68012.0
10.71 56908.0
10.82 81892.0
10.93 81892.0
11.04 74952.0
11.14 80504.0
11.25 70788.0
11.36 92996.0
11.46 79116.0
11.57 76340.0
11.67 69400.0
11.78 49968.0
11.88 63848.0
11.99 61072.0
12.10 69400.0
12.20 62460.0
12.31 69400.0
12.41 56908.0
12.52 70788.0
12.62 51356.0
12.73 61072.0
12.84 69400.0
12.94 69400.0
13.05 62460.0
13.15 37476.0
13.26 69400.0
13.37 86056.0
13.48 62460.0
13.59 68012.0
13.69 59684.0
13.80 55520.0
13.90 47192.0
14.01 63848.0
14.12 54132.0
14.23 66624.0
14.34 69400.0
14.44 58296.0
14.56 68012.0
14.66 56908.0
14.77 56908.0
14.87 45804.0
14.98 70788.0
15.10 63848.0
15.20 54132.0
15.31 58296.0
15.41 63848.0
15.52 45804.0
15.63 56908.0
15.74 74952.0
15.85 62460.0
15.95 66624.0
16.06 74952.0
16.16 55520.0
16.27 65236.0
16.37 45804.0
16.48 33312.0
16.59 33312.0
16.69 49968.0
16.80 54132.0
16.90 44416.0
17.01 41640.0
17.12 41640.0
17.23 38864.0
17.34 30536.0
17.44 33312.0
17.55 19432.0
17.66 31924.0
17.77 55520.0
17.87 41640.0
17.98 68012.0
18.09 56908.0
18.19 76340.0
18.30 76340.0
18.41 88832.0
18.52 80504.0
18.62 62460.0
18.73 49968.0
18.84 73564.0
18.94 62460.0
19.05 80504.0
19.15 65236.0
19.26 47192.0
19.37 43028.0
19.48 44416.0
19.59 37476.0
19.69 45804.0
19.80 30536.0
19.90 29148.0
20.01 48580.0
20.13 30536.0
20.24 22208.0
20.35 37476.0
20.45 20820.0
20.57 19432.0
20.67 19432.0
20.78 36088.0
20.88 40252.0
20.99 41640.0
21.11 30536.0
21.21 30536.0
21.32 40252.0
21.42 40252.0
21.53 56908.0
21.63 38864.0
21.74 49968.0
21.85 55520.0
21.95 65236.0
22.06 70788.0
22.16 63848.0
22.27 73564.0
22.37 66624.0
22.48 84668.0
22.59 65236.0
22.70 38864.0
22.81 54132.0
22.91 62460.0
23.02 98548.0
23.12 87444.0
23.23 81892.0
23.34 98548.0
23.45 83280.0
23.56 94384.0
23.67 81892.0
23.78 81892.0
23.88 61072.0
23.99 76340.0
24.10 73564.0
24.20 90220.0
24.31 109652.0
24.41 94384.0
24.52 109652.0
24.62 61072.0
24.73 94384.0
24.84 48580.0
24.94 29148.0
25.05 20820.0
25.16 38864.0
25.27 80504.0
25.37 66624.0
25.48 76340.0
25.59 61072.0
25.69 59684.0
25.80 63848.0
25.90 68012.0
26.01 84668.0
26.12 70788.0
26.23 62460.0
26.34 63848.0
26.44 69400.0
26.55 65236.0
26.65 81892.0
26.77 68012.0
26.87 72176.0
26.98 94384.0
27.09 74952.0
27.19 62460.0
27.30 63848.0
27.40 56908.0
27.51 86056.0
27.62 87444.0
27.73 98548.0
27.84 83280.0
27.94 33312.0
28.05 55520.0
28.15 52744.0
28.26 66624.0
28.37 68012.0
28.48 45804.0
28.59 48580.0
28.69 40252.0
28.80 38864.0
28.90 40252.0
29.01 56908.0
29.12 44416.0
29.23 31924.0
29.34 76340.0
29.45 48580.0
29.57 51356.0
29.67 44416.0
29.78 79116.0
29.88 73564.0
29.99 95772.0
30.10 88832.0
30.20 83280.0
30.31 81892.0
30.42 77728.0
30.53 101324.0
30.63 98548.0
30.74 95772.0
30.85 88832.0
30.95 76340.0
31.06 80504.0
31.16 56908.0
31.27 86056.0
31.38 86056.0
31.49 88832.0
31.60 90220.0
31.70 81892.0
31.81 73564.0
31.91 74952.0
32.02 54132.0
32.13 38864.0
32.24 45804.0
32.35 66624.0
32.45 63848.0
32.56 77728.0
32.66 77728.0
32.77 61072.0
32.88 38864.0
32.99 41640.0
33.10 66624.0
33.20 65236.0
33.31 83280.0
33.41 80504.0
33.52 76340.0
33.62 73564.0
33.73 76340.0
33.84 83280.0
33.94 63848.0
34.06 74952.0
34.16 68012.0
34.27 55520.0
34.37 66624.0
34.48 72176.0
34.59 68012.0
34.69 69400.0
34.80 68012.0
34.91 54132.0
35.02 68012.0
35.12 62460.0
35.23 77728.0
35.35 66624.0
35.45 66624.0
35.56 61072.0
35.67 55520.0
35.78 30536.0
35.88 22208.0
35.99 37476.0
36.10 31924.0
36.20 23596.0
36.31 30536.0
36.41 29148.0
36.52 24984.0
36.64 26372.0
36.75 33312.0
36.86 22208.0
36.96 20820.0
37.11 13880.0
37.21 34700.0
37.32 30536.0
37.42 30536.0
37.53 45804.0
37.63 49968.0
37.75 43028.0
37.86 40252.0
37.96 34700.0
38.07 36088.0
38.17 30536.0
38.28 43028.0
38.38 38864.0
38.49 41640.0
38.61 33312.0
38.71 31924.0
38.83 34700.0
38.93 48580.0
39.04 90220.0
39.14 52744.0
39.25 47192.0
39.36 83280.0
39.47 63848.0
39.58 83280.0
39.68 69400.0
39.79 65236.0
39.89 27760.0
40.00 27760.0
40.11 37476.0
40.21 29148.0
40.32 30536.0
40.42 29148.0
40.53 41640.0
40.63 34700.0
40.74 44416.0
40.85 56908.0
40.96 52744.0
41.07 69400.0
41.17 49968.0
41.28 54132.0
41.38 36088.0
41.49 40252.0
41.60 31924.0
41.74 23596.0
41.85 79116.0
41.95 38864.0
42.06 52744.0
42.16 44416.0
42.27 74952.0
42.37 65236.0
42.48 73564.0
42.59 65236.0
42.69 48580.0
42.80 73564.0
42.90 41640.0
43.02 43028.0
43.12 26372.0
43.23 37476.0
43.34 31924.0
43.44 34700.0
43.56 31924.0
43.66 20820.0
43.77 24984.0
43.87 27760.0
43.98 27760.0
44.09 31924.0
44.20 24984.0
44.31 70788.0
44.41 62460.0
44.53 48580.0
44.63 61072.0
44.74 62460.0
44.85 52744.0
44.96 34700.0
45.07 36088.0
45.18 44416.0
45.29 40252.0
45.39 30536.0
45.50 29148.0
45.61 26372.0
45.71 18044.0
45.82 30536.0
45.92 31924.0
46.03 31924.0
46.13 23596.0
46.25 44416.0
46.36 86056.0
46.46 45804.0
46.57 47192.0
46.67 70788.0
46.78 80504.0
46.88 66624.0
46.99 51356.0
47.10 43028.0
47.20 43028.0
47.31 44416.0
47.41 36088.0
47.52 43028.0
47.62 33312.0
47.73 37476.0
47.84 27760.0
47.94 31924.0
48.05 48580.0
48.15 51356.0
48.26 34700.0
48.37 58296.0
48.48 58296.0
48.59 68012.0
48.69 49968.0
48.80 76340.0
48.90 29148.0
49.01 31924.0
49.12 29148.0
49.24 61072.0
49.36 76340.0
49.46 31924.0
49.57 30536.0
49.68 40252.0
49.79 24984.0
49.90 31924.0
50.02 34700.0
50.13 23596.0
50.24 43028.0
50.35 30536.0
50.45 41640.0
50.56 44416.0
50.66 41640.0
50.77 37476.0
50.87 23596.0
50.98 15268.0
51.09 23596.0
51.19 22208.0
51.30 20820.0
51.40 27760.0
51.51 47192.0
51.62 19432.0
51.73 19432.0
51.84 26372.0
51.94 16656.0
52.05 43028.0
52.15 33312.0
52.26 29148.0
52.37 24984.0
52.48 27760.0
52.59 34700.0
52.69 29148.0
52.80 38864.0
52.90 38864.0
53.01 24984.0
53.12 29148.0
53.23 26372.0
53.34 22208.0
53.44 16656.0
53.55 26372.0
53.65 19432.0
53.76 20820.0
53.87 18044.0
53.99 24984.0
54.10 13880.0
54.20 18044.0
54.31 16656.0
54.41 19432.0
54.53 30536.0
54.63 18044.0
54.74 36088.0
54.86 13880.0
54.98 22208.0
55.09 16656.0
55.19 22208.0
55.30 9716.0
55.40 22208.0
55.51 29148.0
55.62 26372.0
55.73 27760.0
55.84 30536.0
55.94 37476.0
56.06 29148.0
56.17 24984.0
56.28 19432.0
56.38 24984.0
56.50 31924.0
56.61 47192.0
56.71 34700.0
56.82 33312.0
56.93 13880.0
57.05 19432.0
57.15 23596.0
57.26 19432.0
57.37 29148.0
57.48 24984.0
57.60 15268.0
57.70 16656.0
57.83 12492.0
57.93 23596.0
58.04 24984.0
58.14 23596.0
58.25 36088.0
58.36 36088.0
58.47 30536.0
58.58 41640.0
58.68 31924.0
58.79 24984.0
58.89 34700.0
59.00 34700.0
59.11 41640.0
59.21 27760.0
59.32 23596.0
59.42 20820.0
59.53 27760.0
59.63 22208.0
59.74 22208.0
59.85 23596.0
59.95 20820.0
