0.20 24984.0
0.31 41640.0
0.41 20820.0
0.52 24984.0
0.62 29148.0
0.73 59684.0
0.84 37476.0
0.94 48580.0
1.05 73564.0
1.15 65236.0
1.26 83280.0
1.37 79116.0
1.48 68012.0
1.59 69400.0
1.69 54132.0
1.80 56908.0
1.90 54132.0
2.01 65236.0
2.12 59684.0
2.23 54132.0
2.34 40252.0
2.44 44416.0
2.55 45804.0
2.66 19432.0
2.77 40252.0
2.87 34700.0
2.98 34700.0
3.09 34700.0
3.19 33312.0
3.30 34700.0
3.40 23596.0
3.51 41640.0
3.63 54132.0
3.74 65236.0
3.85 58296.0
3.96 66624.0
4.07 79116.0
4.17 68012.0
4.28 65236.0
4.38 33312.0
4.49 45804.0
4.60 55520.0
4.70 43028.0
4.81 33312.0
4.91 22208.0
5.03 47192.0
5.13 36088.0
5.24 44416.0
5.35 31924.0
5.45 43028.0
5.56 40252.0
5.66 47192.0
5.77 49968.0
5.87 51356.0
5.98 34700.0
6.09 30536.0
6.19 22208.0
6.30 27760.0
6.40 51356.0
6.51 38864.0
6.64 31924.0
6.75 63848.0
6.86 45804.0
6.96 43028.0
7.07 52744.0
7.17 38864.0
7.28 49968.0
7.38 49968.0
7.49 49968.0
7.60 37476.0
7.71 52744.0
7.82 69400.0
7.92 43028.0
8.03 44416.0
8.13 20820.0
8.25 37476.0
8.36 37476.0
8.46 31924.0
8.57 44416.0
8.67 37476.0
8.78 41640.0
8.88 30536.0
8.99 38864.0
9.10 18044.0
9.20 22208.0
9.31 31924.0
9.41 29148.0
9.52 51356.0
9.62 31924.0
9.73 40252.0
9.84 36088.0
9.94 48580.0
10.05 34700.0
10.15 20820.0
10.26 56908.0
10.37 38864.0
10.48 34700.0
10.59 41640.0
10.69 56908.0
10.80 55520.0
10.91 27760.0
11.03 52744.0
11.13 48580.0
11.24 43028.0
11.35 51356.0
11.46 23596.0
11.57 19432.0
11.67 13880.0
11.78 31924.0
11.88 33312.0
11.99 38864.0
12.10 49968.0
12.20 52744.0
12.31 56908.0
12.41 52744.0
12.52 68012.0
12.63 43028.0
12.74 86056.0
12.85 74952.0
12.95 36088.0
13.07 59684.0
13.17 70788.0
13.28 61072.0
13.38 66624.0
13.49 69400.0
13.60 76340.0
13.70 63848.0
13.81 43028.0
13.91 56908.0
14.02 68012.0
14.12 59684.0
14.23 65236.0
14.34 55520.0
14.45 49968.0
14.56 63848.0
14.66 22208.0
14.77 59684.0
14.87 36088.0
14.98 34700.0
15.09 66624.0
15.19 44416.0
15.31 51356.0
15.41 49968.0
15.52 51356.0
15.62 24984.0
15.73 58296.0
15.84 56908.0
15.94 52744.0
16.05 59684.0
16.15 55520.0
16.26 62460.0
16.37 66624.0
16.48 55520.0
16.59 52744.0
16.69 41640.0
16.80 33312.0
16.90 40252.0
17.01 36088.0
17.12 54132.0
17.23 62460.0
17.34 72176.0
17.44 44416.0
17.55 61072.0
17.65 66624.0
17.76 56908.0
17.87 63848.0
17.98 45804.0
18.09 52744.0
18.19 44416.0
18.30 63848.0
18.40 63848.0
18.51 66624.0
18.62 52744.0
18.73 51356.0
18.84 74952.0
18.94 43028.0
19.05 70788.0
19.15 36088.0
19.26 40252.0
19.37 30536.0
19.48 44416.0
19.59 47192.0
19.69 43028.0
19.80 56908.0
19.90 47192.0
20.01 55520.0
20.12 58296.0
20.23 62460.0
20.34 51356.0
20.44 44416.0
20.55 47192.0
20.65 49968.0
20.76 61072.0
20.87 69400.0
20.98 43028.0
21.09 59684.0
21.19 48580.0
21.30 48580.0
21.40 43028.0
21.51 40252.0
21.62 72176.0
21.73 47192.0
21.84 16656.0
21.94 24984.0
22.05 30536.0
22.15 24984.0
22.26 43028.0
22.37 38864.0
22.48 33312.0
22.59 56908.0
22.69 43028.0
22.80 62460.0
22.90 59684.0
23.01 56908.0
23.12 61072.0
23.23 66624.0
23.35 59684.0
23.45 47192.0
23.56 52744.0
23.67 44416.0
23.78 33312.0
23.88 20820.0
24.00 24984.0
24.12 31924.0
24.23 30536.0
24.34 20820.0
24.44 15268.0
24.55 23596.0
24.66 18044.0
24.77 22208.0
24.87 19432.0
24.98 16656.0
25.11 20820.0
25.21 16656.0
25.32 22208.0
25.42 18044.0
25.53 16656.0
25.63 11104.0
25.74 12492.0
25.85 12492.0
25.96 13880.0
26.07 13880.0
26.17 13880.0
26.28 12492.0
26.38 18044.0
26.49 20820.0
26.60 20820.0
26.70 22208.0
26.81 20820.0
26.91 24984.0
27.02 33312.0
27.12 20820.0
27.23 22208.0
27.34 27760.0
27.44 18044.0
27.55 29148.0
27.65 38864.0
27.77 48580.0
27.87 33312.0
27.99 59684.0
28.10 54132.0
28.20 56908.0
28.31 61072.0
28.41 69400.0
28.52 70788.0
28.62 68012.0
28.73 48580.0
28.84 44416.0
28.94 30536.0
29.05 27760.0
29.16 22208.0
29.27 22208.0
29.37 24984.0
29.49 26372.0
29.60 20820.0
29.72 18044.0
29.83 19432.0
29.94 18044.0
30.06 12492.0
30.16 15268.0
30.27 19432.0
30.37 20820.0
30.48 27760.0
30.59 31924.0
30.69 44416.0
30.80 33312.0
30.91 45804.0
31.02 52744.0
31.12 36088.0
31.23 47192.0
31.35 45804.0
31.45 49968.0
31.56 61072.0
31.66 41640.0
31.77 49968.0
31.87 36088.0
31.98 40252.0
32.09 45804.0
32.19 59684.0
32.30 77728.0
32.40 52744.0
32.51 73564.0
32.62 62460.0
32.73 69400.0
32.84 55520.0
32.94 52744.0
33.05 58296.0
33.15 44416.0
33.26 54132.0
33.37 47192.0
33.48 34700.0
33.59 43028.0
33.69 49968.0
33.80 43028.0
33.90 29148.0
34.01 40252.0
34.12 26372.0
34.24 40252.0
34.35 41640.0
34.45 40252.0
34.56 30536.0
34.66 40252.0
34.77 30536.0
34.87 51356.0
34.98 59684.0
35.09 58296.0
35.19 24984.0
35.30 48580.0
35.40 52744.0
35.80 58296.0
35.90 142964.0
36.01 56908.0
36.12 54132.0
36.23 36088.0
36.34 55520.0
36.44 52744.0
36.56 61072.0
36.66 58296.0
36.77 69400.0
36.87 62460.0
36.98 51356.0
37.09 66624.0
37.19 43028.0
37.30 63848.0
37.40 34700.0
37.51 63848.0
37.62 47192.0
37.73 55520.0
37.84 48580.0
37.94 37476.0
38.05 38864.0
38.15 31924.0
38.26 56908.0
38.37 66624.0
38.48 49968.0
38.60 47192.0
38.70 45804.0
38.81 49968.0
38.91 65236.0
39.02 58296.0
39.12 52744.0
39.23 73564.0
39.34 61072.0
39.44 61072.0
39.55 58296.0
39.65 45804.0
39.76 52744.0
39.87 45804.0
39.98 55520.0
40.09 48580.0
40.19 45804.0
40.30 56908.0
40.40 48580.0
40.51 54132.0
40.62 51356.0
40.73 51356.0
40.84 68012.0
40.94 63848.0
41.05 73564.0
41.15 61072.0
41.26 73564.0
41.38 66624.0
41.49 68012.0
41.60 51356.0
41.70 62460.0
41.81 61072.0
41.92 48580.0
42.03 36088.0
42.13 29148.0
42.24 24984.0
42.35 30536.0
42.45 24984.0
42.56 26372.0
42.67 19432.0
42.78 20820.0
42.88 30536.0
42.99 20820.0
43.10 29148.0
43.20 20820.0
43.31 31924.0
43.41 41640.0
43.52 51356.0
43.62 24984.0
43.73 48580.0
43.84 61072.0
43.94 52744.0
44.05 55520.0
44.15 51356.0
44.26 72176.0
44.37 72176.0
44.48 72176.0
44.59 69400.0
44.69 47192.0
44.80 54132.0
44.90 47192.0
45.01 33312.0
45.12 34700.0
45.24 48580.0
45.35 23596.0
45.45 13880.0
45.56 20820.0
45.66 13880.0
45.77 22208.0
45.87 24984.0
45.99 26372.0
46.10 29148.0
46.21 34700.0
46.32 38864.0
46.42 29148.0
46.53 33312.0
46.63 27760.0
46.75 31924.0
46.86 30536.0
46.96 27760.0
47.07 29148.0
47.17 31924.0
47.28 30536.0
47.38 26372.0
47.49 51356.0
47.60 56908.0
47.70 47192.0
47.81 29148.0
47.91 37476.0
48.02 66624.0
48.12 72176.0
48.23 61072.0
48.34 63848.0
48.44 47192.0
48.55 47192.0
48.65 33312.0
48.77 31924.0
48.87 34700.0
48.98 27760.0
49.09 31924.0
49.19 24984.0
49.30 22208.0
49.40 31924.0
49.51 31924.0
49.62 36088.0
49.73 37476.0
49.84 31924.0
49.94 27760.0
50.05 34700.0
50.15 38864.0
50.26 33312.0
50.37 38864.0
50.48 38864.0
50.59 38864.0
50.69 24984.0
50.80 66624.0
50.90 48580.0
51.01 31924.0
51.12 52744.0
51.23 43028.0
51.34 58296.0
51.44 43028.0
51.55 34700.0
51.65 33312.0
51.76 29148.0
51.87 31924.0
51.98 27760.0
52.09 30536.0
52.19 20820.0
52.30 33312.0
52.40 36088.0
52.51 30536.0
52.62 51356.0
52.73 58296.0
52.84 86056.0
52.94 37476.0
53.05 77728.0
53.15 72176.0
53.26 48580.0
53.37 66624.0
53.48 63848.0
53.59 62460.0
53.69 61072.0
53.80 55520.0
53.90 59684.0
54.01 66624.0
54.12 68012.0
54.23 55520.0
54.34 86056.0
54.44 65236.0
54.55 79116.0
54.65 84668.0
54.76 77728.0
54.88 81892.0
54.99 84668.0
55.10 69400.0
55.20 83280.0
55.31 65236.0
55.41 55520.0
55.52 73564.0
55.62 55520.0
55.73 61072.0
55.84 66624.0
55.94 72176.0
56.05 62460.0
56.15 56908.0
56.26 77728.0
56.37 61072.0
56.48 72176.0
56.59 61072.0
56.69 58296.0
56.80 72176.0
56.90 68012.0
57.01 69400.0
57.12 58296.0
57.23 66624.0
57.34 81892.0
57.44 66624.0
57.55 81892.0
57.65 70788.0
57.76 73564.0
57.87 76340.0
57.98 81892.0
58.09 70788.0
58.19 58296.0
58.30 77728.0
58.40 72176.0
58.51 61072.0
58.62 74952.0
58.73 76340.0
58.84 69400.0
58.94 80504.0
59.05 61072.0
59.15 44416.0
59.26 47192.0
59.37 33312.0
59.48 41640.0
59.59 55520.0
59.69 30536.0
59.80 41640.0
59.90 43028.0
