0.20 16656.0
0.31 15268.0
0.41 15268.0
0.52 19432.0
0.62 16656.0
0.73 19432.0
0.84 9716.0
0.94 11104.0
1.06 15268.0
1.16 9716.0
1.27 18044.0
1.37 18044.0
1.48 22208.0
1.60 15268.0
1.72 19432.0
1.84 24984.0
1.94 16656.0
2.05 22208.0
2.16 22208.0
2.28 24984.0
2.38 18044.0
2.49 15268.0
2.60 18044.0
2.71 20820.0
2.83 20820.0
2.93 20820.0
3.04 15268.0
3.14 20820.0
3.25 19432.0
3.35 22208.0
3.46 18044.0
3.57 19432.0
3.67 13880.0
3.78 18044.0
3.88 16656.0
3.99 20820.0
4.10 26372.0
4.21 20820.0
4.32 16656.0
4.42 27760.0
4.53 20820.0
4.63 20820.0
4.74 23596.0
4.86 18044.0
4.98 19432.0
5.09 18044.0
5.19 22208.0
5.30 20820.0
5.40 19432.0
5.51 26372.0
5.63 15268.0
5.74 18044.0
5.85 20820.0
5.96 19432.0
6.07 24984.0
6.17 23596.0
6.28 37476.0
6.38 29148.0
6.50 34700.0
6.60 36088.0
6.71 40252.0
6.82 36088.0
6.93 23596.0
7.04 26372.0
7.15 23596.0
7.26 23596.0
7.36 33312.0
7.47 29148.0
7.59 33312.0
7.69 30536.0
7.80 33312.0
7.90 34700.0
8.01 36088.0
8.11 30536.0
8.22 33312.0
8.33 27760.0
8.43 29148.0
8.54 34700.0
8.64 27760.0
8.75 34700.0
8.85 26372.0
8.97 33312.0
9.08 34700.0
9.18 30536.0
9.29 29148.0
9.39 26372.0
9.50 29148.0
9.60 22208.0
9.71 27760.0
9.82 29148.0
9.92 29148.0
10.03 30536.0
10.13 22208.0
10.24 51356.0
10.36 52744.0
10.47 31924.0
10.58 36088.0
10.68 44416.0
10.79 48580.0
10.89 47192.0
11.00 27760.0
11.10 37476.0
11.21 41640.0
11.33 49968.0
11.43 38864.0
11.54 41640.0
11.64 45804.0
11.75 55520.0
11.85 56908.0
11.96 33312.0
12.07 29148.0
12.17 29148.0
12.28 36088.0
12.38 47192.0
12.49 45804.0
12.60 44416.0
12.71 49968.0
12.82 43028.0
12.93 49968.0
13.04 66624.0
13.14 52744.0
13.25 51356.0
13.35 51356.0
13.46 54132.0
13.57 38864.0
13.67 33312.0
13.78 55520.0
13.88 54132.0
13.99 61072.0
14.10 62460.0
14.21 56908.0
14.32 66624.0
14.42 54132.0
14.53 59684.0
14.63 56908.0
14.74 61072.0
14.85 79116.0
14.97 70788.0
15.08 27760.0
15.18 36088.0
15.29 49968.0
15.39 55520.0
15.50 51356.0
15.61 47192.0
15.72 49968.0
15.83 54132.0
15.93 44416.0
16.05 43028.0
16.15 41640.0
16.26 56908.0
16.36 41640.0
16.47 43028.0
16.58 43028.0
16.68 41640.0
16.79 43028.0
16.89 40252.0
17.01 49968.0
17.11 49968.0
17.22 44416.0
17.33 41640.0
17.43 40252.0
17.54 38864.0
17.64 48580.0
17.75 59684.0
17.85 55520.0
17.97 52744.0
18.08 56908.0
18.18 45804.0
18.29 55520.0
18.39 24984.0
18.50 45804.0
18.60 36088.0
18.71 38864.0
18.82 44416.0
18.93 40252.0
19.04 47192.0
19.14 56908.0
19.25 61072.0
19.35 56908.0
19.47 54132.0
19.58 44416.0
19.68 49968.0
19.79 59684.0
19.89 48580.0
20.00 49968.0
20.10 58296.0
20.21 49968.0
20.32 68012.0
20.42 56908.0
20.53 54132.0
20.63 34700.0
20.74 30536.0
20.85 43028.0
20.96 68012.0
21.07 62460.0
21.17 36088.0
21.28 61072.0
21.38 61072.0
21.49 69400.0
21.60 63848.0
21.71 65236.0
21.82 45804.0
21.92 47192.0
22.03 47192.0
22.13 70788.0
22.24 69400.0
22.35 61072.0
22.47 69400.0
22.59 69400.0
22.69 58296.0
22.80 66624.0
22.90 63848.0
23.01 68012.0
23.11 56908.0
23.22 63848.0
23.33 54132.0
23.43 58296.0
23.54 72176.0
23.64 62460.0
23.75 55520.0
23.85 51356.0
23.96 49968.0
24.07 59684.0
24.17 47192.0
24.28 45804.0
24.38 18044.0
24.50 31924.0
24.60 47192.0
24.71 43028.0
24.82 44416.0
24.92 41640.0
25.03 45804.0
25.13 37476.0
25.24 52744.0
25.36 44416.0
25.47 49968.0
25.58 55520.0
25.68 38864.0
25.79 40252.0
25.89 43028.0
26.00 43028.0
26.10 36088.0
26.21 47192.0
26.32 49968.0
26.42 51356.0
26.53 61072.0
26.63 56908.0
26.74 73564.0
26.85 72176.0
26.96 74952.0
27.07 74952.0
27.17 74952.0
27.28 66624.0
27.38 48580.0
27.49 61072.0
27.60 68012.0
27.71 65236.0
27.82 51356.0
27.92 65236.0
28.03 63848.0
28.13 49968.0
28.24 69400.0
28.35 62460.0
28.46 63848.0
28.57 65236.0
28.67 56908.0
28.78 79116.0
28.88 65236.0
28.99 68012.0
29.10 66624.0
29.22 65236.0
29.33 68012.0
29.43 56908.0
29.55 79116.0
29.65 61072.0
29.76 44416.0
29.86 66624.0
29.97 77728.0
30.08 58296.0
30.18 61072.0
30.29 63848.0
30.39 65236.0
30.50 59684.0
30.60 52744.0
30.71 70788.0
30.82 65236.0
30.92 56908.0
31.03 65236.0
31.13 76340.0
31.24 48580.0
31.35 61072.0
31.46 59684.0
31.57 44416.0
31.67 33312.0
31.78 47192.0
31.88 56908.0
31.99 51356.0
32.10 54132.0
32.21 58296.0
32.32 38864.0
32.43 40252.0
32.54 45804.0
32.64 27760.0
32.75 52744.0
32.85 62460.0
32.96 63848.0
33.07 45804.0
33.17 56908.0
33.28 63848.0
33.38 56908.0
33.49 51356.0
33.60 40252.0
33.71 55520.0
33.82 70788.0
33.92 49968.0
34.03 48580.0
34.13 29148.0
34.25 37476.0
34.35 34700.0
34.46 33312.0
34.57 30536.0
34.67 29148.0
34.78 31924.0
34.88 30536.0
34.99 29148.0
35.10 33312.0
35.21 27760.0
35.32 43028.0
35.42 61072.0
35.53 23596.0
35.63 38864.0
35.74 43028.0
35.85 38864.0
35.96 44416.0
36.07 44416.0
36.17 34700.0
36.28 31924.0
36.38 23596.0
36.49 19432.0
36.61 20820.0
36.72 22208.0
36.84 27760.0
36.94 36088.0
37.05 48580.0
37.15 47192.0
37.26 43028.0
37.36 45804.0
37.47 62460.0
37.58 30536.0
37.68 19432.0
37.79 18044.0
37.89 13880.0
38.00 19432.0
38.10 18044.0
38.21 23596.0
38.32 22208.0
38.43 30536.0
38.55 11104.0
38.66 15268.0
38.77 19432.0
38.87 22208.0
38.99 18044.0
39.10 23596.0
39.21 45804.0
39.32 45804.0
39.42 55520.0
39.53 62460.0
39.63 51356.0
39.74 59684.0
39.86 68012.0
39.97 66624.0
40.08 56908.0
40.18 54132.0
40.30 76340.0
40.40 52744.0
40.51 45804.0
40.62 29148.0
40.73 31924.0
40.84 48580.0
40.94 43028.0
41.05 51356.0
41.15 52744.0
41.26 54132.0
41.36 43028.0
41.47 48580.0
41.58 41640.0
41.68 43028.0
41.79 45804.0
41.89 37476.0
42.00 43028.0
42.10 47192.0
42.21 51356.0
42.32 47192.0
42.43 72176.0
42.54 58296.0
42.64 43028.0
42.75 41640.0
42.85 33312.0
42.96 58296.0
43.07 62460.0
43.17 63848.0
43.28 66624.0
43.38 34700.0
43.49 55520.0
43.60 54132.0
43.71 55520.0
43.82 65236.0
43.92 26372.0
44.03 43028.0
44.13 31924.0
44.24 23596.0
44.35 18044.0
44.46 44416.0
44.57 36088.0
44.67 37476.0
44.78 49968.0
44.88 38864.0
44.99 38864.0
45.10 44416.0
45.22 34700.0
45.33 37476.0
45.43 34700.0
45.54 36088.0
45.64 31924.0
45.75 36088.0
45.85 48580.0
45.96 41640.0
46.07 48580.0
46.18 62460.0
46.29 66624.0
46.39 52744.0
46.50 65236.0
46.60 56908.0
46.71 70788.0
46.82 45804.0
46.92 62460.0
47.03 58296.0
47.13 49968.0
47.24 55520.0
47.35 61072.0
47.46 47192.0
47.57 65236.0
47.67 55520.0
47.78 58296.0
47.88 56908.0
47.99 31924.0
48.10 47192.0
48.21 55520.0
48.32 69400.0
48.42 56908.0
48.53 81892.0
48.63 70788.0
48.74 76340.0
48.85 74952.0
48.96 73564.0
49.07 72176.0
49.17 56908.0
49.28 68012.0
49.38 61072.0
49.49 58296.0
49.60 49968.0
49.71 74952.0
49.82 56908.0
49.92 47192.0
50.03 62460.0
50.13 51356.0
50.24 49968.0
50.35 58296.0
50.46 56908.0
50.57 61072.0
50.67 52744.0
50.78 48580.0
50.88 38864.0
50.99 52744.0
51.10 41640.0
51.21 37476.0
51.32 38864.0
51.42 45804.0
51.53 43028.0
51.63 30536.0
51.75 40252.0
51.85 40252.0
51.96 38864.0
52.07 40252.0
52.18 34700.0
52.30 43028.0
52.40 38864.0
52.51 34700.0
52.61 43028.0
52.72 34700.0
52.83 37476.0
52.93 30536.0
53.04 27760.0
53.14 33312.0
53.26 43028.0
53.36 38864.0
53.47 48580.0
53.58 58296.0
53.68 48580.0
53.79 56908.0
53.89 43028.0
54.00 58296.0
54.10 58296.0
54.21 43028.0
54.32 70788.0
54.42 56908.0
54.53 47192.0
54.63 49968.0
54.74 33312.0
54.85 58296.0
54.96 70788.0
55.07 65236.0
55.17 52744.0
55.28 43028.0
55.38 29148.0
55.49 40252.0
55.60 44416.0
55.71 58296.0
55.83 38864.0
55.93 48580.0
56.04 49968.0
56.14 33312.0
56.25 31924.0
56.35 33312.0
56.46 37476.0
56.57 40252.0
56.67 26372.0
56.78 49968.0
56.88 54132.0
56.99 45804.0
57.11 52744.0
57.22 56908.0
57.33 56908.0
57.43 34700.0
57.54 40252.0
57.64 49968.0
57.75 36088.0
57.85 44416.0
57.96 58296.0
58.07 40252.0
58.17 29148.0
58.28 55520.0
58.38 48580.0
58.49 26372.0
58.60 20820.0
58.71 45804.0
58.82 36088.0
58.92 23596.0
59.04 12492.0
59.14 12492.0
59.25 16656.0
59.35 19432.0
59.46 20820.0
59.57 26372.0
59.67 16656.0
59.79 26372.0
59.89 33312.0
