0.20 34700.0
0.31 43028.0
0.41 29148.0
0.52 38864.0
0.62 31924.0
0.73 23596.0
0.84 34700.0
0.94 36088.0
1.05 29148.0
1.24 5552.0
1.36 80504.0
1.46 33312.0
1.61 26372.0
1.71 36088.0
1.82 45804.0
1.92 48580.0
2.03 43028.0
2.21 27760.0
2.32 54132.0
2.42 33312.0
2.57 15268.0
2.67 45804.0
2.78 59684.0
2.88 29148.0
2.99 48580.0
3.10 43028.0
3.20 45804.0
3.32 48580.0
3.42 47192.0
3.53 45804.0
3.63 38864.0
3.74 41640.0
3.91 29148.0
4.02 45804.0
4.12 33312.0
4.23 41640.0
4.63 15268.0
4.75 80504.0
4.86 33312.0
4.96 47192.0
5.07 44416.0
5.17 33312.0
5.28 36088.0
5.38 31924.0
5.67 37476.0
5.78 48580.0
5.88 37476.0
5.99 44416.0
6.10 38864.0
6.20 37476.0
6.31 8328.0
6.41 48580.0
6.52 49968.0
6.63 38864.0
6.74 49968.0
6.85 36088.0
6.95 38864.0
7.06 37476.0
7.16 33312.0
7.28 19432.0
7.39 51356.0
7.50 45804.0
7.61 49968.0
7.71 40252.0
7.86 12492.0
7.96 34700.0
8.07 36088.0
8.17 34700.0
8.28 37476.0
8.38 38864.0
8.49 44416.0
8.60 38864.0
8.71 36088.0
8.82 40252.0
8.92 36088.0
9.09 27760.0
9.19 33312.0
9.30 45804.0
9.40 31924.0
9.51 40252.0
9.62 48580.0
9.73 43028.0
9.93 37476.0
10.04 29148.0
10.14 44416.0
10.26 40252.0
10.43 22208.0
10.65 2776.0
10.77 80504.0
10.87 31924.0
10.98 38864.0
11.09 31924.0
11.21 23596.0
11.32 49968.0
11.42 31924.0
11.53 45804.0
11.63 38864.0
11.74 45804.0
11.85 45804.0
12.04 34700.0
12.14 38864.0
12.25 40252.0
12.36 41640.0
12.53 22208.0
12.63 49968.0
12.74 37476.0
12.85 36088.0
12.95 37476.0
13.12 33312.0
13.23 40252.0
13.34 49968.0
13.44 34700.0
13.55 44416.0
13.65 37476.0
13.76 38864.0
13.87 37476.0
13.98 37476.0
14.09 43028.0
14.23 20820.0
14.34 43028.0
14.44 43028.0
14.55 41640.0
14.65 45804.0
14.76 30536.0
14.87 38864.0
14.98 22208.0
15.09 41640.0
15.19 38864.0
15.30 38864.0
15.40 36088.0
15.51 31924.0
15.62 36088.0
15.73 33312.0
15.91 1388.0
16.02 52744.0
16.12 49968.0
16.23 41640.0
16.34 47192.0
16.53 30536.0
16.63 54132.0
16.74 49968.0
16.85 44416.0
16.95 33312.0
17.06 43028.0
17.16 36088.0
17.27 36088.0
17.37 33312.0
17.48 36088.0
17.61 19432.0
17.71 44416.0
17.82 49968.0
17.92 43028.0
18.07 36088.0
18.19 51356.0
18.30 62460.0
18.40 33312.0
18.57 27760.0
18.67 36088.0
18.78 36088.0
18.88 34700.0
18.99 41640.0
19.10 37476.0
19.20 33312.0
19.31 31924.0
19.41 15268.0
19.53 37476.0
19.64 37476.0
19.75 38864.0
19.91 26372.0
20.02 45804.0
20.12 41640.0
20.23 34700.0
20.34 51356.0
20.51 18044.0
20.62 49968.0
20.73 48580.0
20.84 31924.0
20.94 38864.0
21.11 36088.0
21.21 40252.0
21.32 47192.0
21.42 44416.0
21.59 16656.0
21.70 47192.0
21.83 56908.0
21.93 41640.0
22.04 41640.0
22.14 36088.0
22.25 45804.0
22.36 40252.0
22.46 41640.0
22.79 29148.0
22.91 80504.0
23.02 47192.0
23.15 27760.0
23.26 47192.0
23.37 40252.0
23.48 38864.0
23.59 36088.0
23.69 36088.0
23.88 44416.0
24.00 49968.0
24.11 47192.0
24.21 43028.0
24.32 43028.0
24.42 37476.0
24.54 37476.0
24.64 40252.0
24.75 36088.0
24.86 31924.0
24.99 20820.0
25.10 41640.0
25.20 36088.0
25.31 37476.0
25.47 22208.0
25.58 45804.0
25.68 36088.0
25.80 41640.0
25.90 44416.0
26.01 41640.0
26.12 38864.0
26.31 37476.0
26.41 43028.0
26.54 37476.0
26.64 36088.0
26.75 34700.0
26.86 54132.0
26.96 44416.0
27.07 44416.0
27.17 44416.0
27.28 40252.0
27.38 40252.0
27.49 36088.0
27.62 18044.0
27.73 47192.0
27.84 43028.0
27.94 38864.0
28.05 47192.0
28.22 27760.0
28.33 43028.0
28.44 47192.0
28.55 40252.0
28.65 20820.0
28.76 48580.0
28.87 40252.0
28.98 36088.0
29.09 16656.0
29.19 45804.0
29.30 48580.0
29.40 40252.0
29.51 43028.0
29.91 22208.0
30.19 80504.0
30.30 51356.0
30.40 33312.0
30.51 49968.0
30.62 55520.0
30.73 36088.0
30.84 54132.0
31.07 40252.0
31.17 47192.0
31.28 47192.0
31.38 34700.0
31.49 49968.0
31.60 43028.0
31.70 36088.0
31.81 44416.0
32.03 41640.0
32.13 44416.0
32.26 34700.0
32.37 52744.0
32.48 44416.0
32.59 51356.0
32.69 40252.0
32.80 40252.0
32.90 43028.0
33.01 38864.0
33.12 45804.0
33.23 2776.0
33.35 51356.0
33.45 45804.0
33.56 44416.0
33.70 15268.0
33.81 44416.0
33.91 48580.0
34.02 44416.0
34.12 37476.0
34.23 47192.0
34.34 51356.0
34.44 30536.0
34.55 43028.0
34.65 31924.0
34.76 31924.0
35.03 29148.0
35.13 47192.0
35.24 49968.0
35.35 56908.0
35.45 36088.0
35.57 51356.0
35.68 40252.0
35.79 49968.0
35.89 36088.0
36.00 43028.0
36.12 38864.0
36.27 19432.0
36.37 52744.0
36.48 51356.0
36.63 4164.0
36.74 51356.0
36.85 51356.0
36.95 40252.0
37.06 49968.0
37.22 12492.0
37.33 47192.0
37.43 44416.0
37.54 36088.0
37.64 45804.0
37.83 27760.0
37.93 43028.0
38.04 55520.0
38.14 41640.0
38.25 51356.0
38.36 43028.0
38.46 43028.0
38.57 38864.0
38.67 43028.0
38.78 44416.0
38.88 38864.0
39.03 16656.0
39.13 45804.0
39.24 43028.0
39.35 43028.0
39.46 37476.0
39.57 47192.0
39.67 45804.0
39.87 27760.0
39.99 47192.0
40.10 33312.0
40.20 20820.0
40.31 61072.0
40.58 18044.0
40.68 52744.0
40.79 54132.0
40.89 48580.0
41.00 45804.0
41.11 47192.0
41.21 44416.0
41.32 45804.0
41.42 37476.0
41.53 34700.0
41.63 36088.0
41.74 41640.0
41.85 29148.0
41.95 30536.0
42.06 31924.0
42.16 45804.0
42.29 43028.0
42.40 43028.0
42.53 19432.0
42.63 47192.0
42.74 54132.0
42.85 37476.0
42.95 45804.0
43.06 44416.0
43.16 48580.0
43.27 40252.0
43.49 48580.0
43.60 54132.0
43.73 26372.0
43.84 56908.0
43.94 47192.0
44.05 48580.0
44.15 41640.0
44.26 36088.0
44.37 49968.0
44.48 47192.0
44.59 47192.0
44.69 37476.0
44.81 6940.0
44.91 51356.0
45.02 44416.0
45.12 29148.0
45.23 47192.0
45.34 38864.0
45.44 40252.0
45.65 38864.0
45.77 51356.0
45.87 44416.0
45.98 47192.0
46.09 47192.0
46.19 37476.0
46.37 27760.0
46.48 61072.0
46.59 43028.0
46.70 36088.0
46.84 24984.0
46.94 43028.0
47.05 55520.0
47.15 34700.0
47.26 44416.0
47.37 43028.0
47.48 49968.0
47.69 38864.0
47.81 44416.0
47.91 41640.0
48.07 24984.0
48.18 56908.0
48.31 51356.0
48.41 43028.0
48.52 38864.0
48.62 41640.0
48.73 40252.0
48.84 38864.0
48.94 31924.0
49.05 34700.0
49.16 18044.0
49.27 41640.0
49.37 34700.0
49.48 34700.0
49.59 43028.0
49.69 36088.0
49.87 31924.0
49.98 54132.0
50.09 45804.0
50.19 48580.0
50.30 44416.0
50.41 37476.0
50.59 34700.0
50.69 36088.0
50.83 43028.0
50.93 48580.0
51.04 45804.0
51.14 43028.0
51.25 38864.0
51.36 40252.0
51.46 41640.0
51.67 37476.0
51.78 55520.0
51.88 43028.0
51.99 51356.0
52.10 43028.0
52.27 24984.0
52.37 41640.0
52.48 34700.0
52.59 44416.0
52.69 34700.0
52.80 41640.0
52.90 34700.0
53.01 38864.0
53.12 11104.0
53.23 55520.0
53.37 43028.0
53.48 59684.0
53.72 48580.0
53.83 52744.0
53.93 47192.0
54.04 43028.0
54.14 47192.0
54.25 47192.0
54.36 48580.0
54.46 43028.0
54.57 40252.0
54.67 36088.0
54.81 19432.0
54.91 47192.0
55.02 48580.0
55.12 41640.0
55.29 16656.0
55.39 54132.0
55.50 55520.0
55.61 37476.0
55.71 37476.0
55.82 43028.0
55.92 41640.0
56.03 40252.0
56.13 44416.0
56.24 43028.0
56.35 36088.0
56.49 18044.0
56.60 51356.0
56.73 29148.0
56.84 56908.0
56.94 52744.0
57.05 41640.0
57.15 43028.0
57.26 44416.0
57.37 48580.0
57.49 37476.0
57.60 43028.0
57.70 30536.0
57.82 18044.0
57.92 44416.0
58.03 41640.0
58.13 43028.0
58.24 40252.0
58.43 36088.0
58.54 44416.0
58.64 44416.0
58.75 41640.0
58.86 49968.0
59.03 16656.0
59.13 54132.0
59.25 41640.0
59.41 12492.0
59.52 51356.0
59.64 52744.0
59.77 58296.0
59.89 58296.0
60.00 47192.0
60.11 47192.0
60.25 13880.0
60.36 61072.0
60.46 48580.0
60.57 40252.0
60.67 52744.0
60.78 38864.0
60.88 33312.0
61.00 48580.0
61.11 38864.0
61.21 40252.0
61.33 37476.0
61.45 13880.0
61.56 30536.0
61.66 49968.0
61.81 16656.0
61.91 55520.0
62.02 49968.0
62.12 44416.0
62.23 48580.0
62.34 54132.0
62.44 30536.0
62.55 43028.0
62.65 40252.0
62.76 41640.0
62.91 18044.0
63.02 38864.0
63.12 38864.0
63.27 24984.0
63.37 49968.0
63.48 52744.0
63.59 38864.0
63.69 40252.0
63.80 40252.0
63.90 36088.0
64.01 13880.0
64.12 44416.0
64.23 43028.0
64.34 47192.0
64.44 36088.0
64.59 18044.0
64.69 48580.0
64.80 55520.0
64.90 41640.0
65.01 43028.0
65.12 40252.0
65.23 33312.0
65.34 16656.0
65.44 40252.0
65.55 51356.0
65.69 55520.0
65.80 56908.0
65.93 44416.0
66.04 45804.0
66.14 33312.0
66.25 43028.0
66.41 24984.0
66.52 47192.0
66.62 48580.0
66.73 55520.0
66.84 43028.0
66.94 31924.0
67.13 36088.0
67.24 44416.0
67.35 36088.0
67.45 41640.0
67.56 34700.0
67.73 34700.0
67.84 51356.0
67.94 44416.0
68.05 38864.0
68.15 37476.0
68.32 36088.0
68.42 43028.0
68.53 47192.0
68.63 40252.0
68.75 54132.0
68.86 43028.0
68.96 49968.0
69.07 44416.0
69.17 29148.0
69.28 30536.0
69.40 29148.0
69.51 48580.0
69.62 41640.0
69.77 18044.0
69.87 49968.0
69.98 49968.0
70.09 40252.0
70.19 37476.0
70.30 40252.0
70.40 38864.0
70.51 38864.0
70.62 8328.0
70.73 51356.0
70.84 36088.0
70.94 36088.0
71.05 40252.0
71.20 26372.0
71.32 43028.0
71.42 37476.0
71.53 34700.0
71.63 33312.0
71.75 45804.0
71.86 59684.0
72.07 24984.0
72.17 52744.0
72.28 38864.0
72.38 43028.0
72.49 33312.0
72.60 44416.0
72.70 30536.0
72.81 45804.0
72.91 4164.0
73.02 44416.0
73.12 34700.0
73.23 37476.0
73.34 36088.0
73.44 37476.0
73.55 31924.0
73.65 13880.0
73.76 33312.0
73.87 34700.0
73.99 41640.0
74.11 37476.0
74.21 43028.0
74.35 18044.0
74.58 19432.0
74.70 80504.0
74.81 51356.0
74.91 40252.0
75.02 40252.0
75.12 44416.0
75.31 26372.0
75.41 47192.0
75.52 49968.0
75.64 36088.0
75.75 56908.0
75.86 31924.0
75.96 38864.0
76.09 41640.0
76.27 38864.0
76.37 37476.0
76.48 38864.0
76.59 40252.0
76.69 33312.0
76.80 36088.0
76.90 26372.0
77.01 19432.0
77.12 36088.0
77.25 34700.0
77.48 11104.0
77.61 80504.0
77.71 48580.0
77.84 31924.0
77.94 36088.0
78.05 33312.0
78.15 19432.0
78.26 40252.0
78.37 36088.0
78.48 44416.0
78.61 9716.0
78.71 45804.0
78.82 44416.0
78.92 36088.0
79.03 38864.0
79.13 29148.0
79.33 45804.0
79.43 49968.0
79.55 47192.0
79.69 6940.0
79.80 48580.0
79.90 43028.0
80.01 47192.0
80.13 52744.0
80.24 54132.0
80.35 44416.0
80.45 31924.0
80.56 47192.0
80.77 38864.0
80.87 45804.0
80.98 38864.0
81.09 44416.0
81.20 24984.0
81.36 45804.0
81.46 33312.0
81.61 41640.0
81.72 38864.0
81.83 52744.0
81.93 45804.0
82.04 45804.0
82.14 47192.0
82.25 45804.0
82.37 36088.0
82.48 45804.0
82.82 40252.0
82.92 43028.0
83.03 55520.0
83.13 37476.0
83.24 52744.0
83.35 38864.0
83.45 33312.0
83.56 47192.0
83.66 38864.0
83.77 43028.0
83.87 33312.0
83.98 43028.0
84.19 41640.0
84.31 43028.0
84.41 33312.0
84.55 27760.0
84.65 43028.0
84.76 40252.0
84.87 41640.0
84.98 33312.0
85.09 41640.0
85.19 40252.0
85.30 30536.0
85.40 38864.0
85.51 31924.0
85.63 16656.0
85.74 38864.0
85.87 40252.0
85.98 41640.0
86.09 31924.0
86.19 43028.0
86.30 40252.0
86.47 27760.0
86.58 52744.0
86.68 48580.0
86.79 56908.0
86.89 34700.0
87.00 55520.0
87.11 38864.0
87.21 34700.0
87.32 11104.0
87.42 40252.0
87.53 44416.0
87.63 41640.0
87.74 44416.0
87.85 43028.0
87.95 47192.0
88.06 43028.0
88.26 38864.0
88.37 43028.0
88.48 37476.0
88.59 43028.0
88.69 34700.0
88.80 41640.0
88.90 45804.0
89.01 44416.0
89.13 1388.0
89.24 43028.0
89.35 38864.0
89.49 20820.0
89.60 48580.0
89.70 34700.0
89.81 41640.0
89.91 38864.0
90.02 34700.0
90.12 33312.0
90.23 41640.0
90.34 38864.0
90.44 41640.0
90.56 9716.0
90.66 40252.0
90.77 47192.0
90.87 30536.0
90.98 40252.0
91.09 40252.0
91.19 47192.0
91.30 37476.0
91.40 37476.0
91.51 27760.0
91.65 31924.0
91.76 36088.0
91.89 44416.0
92.00 48580.0
92.11 43028.0
92.21 34700.0
92.36 29148.0
92.46 43028.0
92.61 36088.0
92.71 47192.0
92.82 45804.0
92.92 34700.0
93.03 51356.0
93.13 41640.0
93.24 45804.0
93.35 47192.0
93.45 38864.0
93.64 9716.0
93.75 87444.0
93.87 40252.0
93.98 37476.0
94.09 33312.0
94.23 26372.0
94.34 38864.0
94.44 33312.0
94.55 41640.0
94.70 23596.0
94.81 47192.0
94.91 36088.0
95.02 44416.0
95.12 30536.0
95.23 31924.0
95.34 37476.0
95.44 34700.0
95.55 12492.0
95.65 33312.0
95.76 41640.0
95.87 41640.0
95.98 44416.0
96.09 45804.0
96.19 38864.0
96.40 34700.0
96.51 43028.0
96.62 36088.0
96.73 31924.0
96.84 40252.0
96.95 33312.0
97.11 30536.0
97.21 34700.0
97.33 37476.0
97.43 36088.0
97.58 34700.0
97.68 47192.0
97.79 40252.0
97.89 37476.0
98.00 47192.0
98.20 27760.0
98.31 66624.0
98.43 45804.0
98.55 40252.0
98.67 20820.0
98.79 44416.0
98.91 36088.0
99.02 63848.0
99.12 45804.0
99.23 55520.0
99.34 38864.0
99.44 40252.0
99.64 26372.0
99.77 44416.0
99.89 34700.0
100.00 61072.0
100.11 34700.0
100.21 49968.0
100.32 45804.0
100.48 15268.0
100.59 44416.0
100.69 37476.0
100.80 45804.0
100.90 49968.0
101.01 37476.0
101.12 47192.0
101.24 45804.0
101.35 48580.0
101.45 44416.0
101.56 45804.0
101.66 40252.0
101.77 47192.0
101.87 52744.0
102.16 13880.0
102.45 80504.0
102.56 52744.0
102.67 40252.0
102.83 30536.0
102.94 40252.0
103.07 38864.0
103.17 40252.0
103.42 27760.0
103.53 52744.0
103.64 56908.0
103.75 52744.0
103.86 49968.0
103.96 44416.0
104.07 48580.0
104.17 44416.0
104.28 51356.0
104.38 47192.0
104.49 49968.0
104.60 45804.0
104.70 51356.0
104.81 40252.0
104.91 47192.0
105.02 41640.0
105.12 41640.0
105.23 47192.0
105.34 47192.0
105.44 36088.0
105.55 47192.0
105.65 44416.0
105.76 45804.0
105.87 47192.0
105.98 38864.0
106.09 49968.0
106.19 31924.0
106.30 33312.0
106.40 36088.0
106.51 23596.0
106.62 27760.0
106.73 40252.0
106.84 48580.0
106.94 38864.0
107.07 1388.0
107.17 48580.0
107.28 47192.0
107.38 36088.0
107.55 29148.0
107.65 49968.0
107.77 45804.0
107.87 48580.0
107.98 48580.0
108.09 38864.0
108.27 31924.0
108.37 51356.0
108.48 51356.0
108.59 26372.0
108.75 31924.0
108.86 48580.0
108.97 27760.0
109.09 27760.0
109.20 24984.0
109.31 22208.0
109.41 18044.0
109.52 19432.0
109.62 27760.0
109.73 40252.0
109.85 44416.0
109.95 24984.0
110.06 16656.0
110.16 30536.0
110.27 38864.0
110.37 27760.0
110.48 43028.0
110.59 36088.0
110.70 30536.0
110.81 34700.0
110.91 30536.0
111.03 20820.0
111.30 30536.0
111.40 80504.0
111.52 34700.0
111.62 37476.0
111.73 8328.0
111.84 45804.0
111.94 37476.0
112.05 36088.0
112.21 30536.0
112.33 49968.0
112.43 65236.0
112.54 51356.0
112.64 36088.0
112.75 51356.0
112.86 44416.0
112.96 41640.0
113.07 40252.0
113.19 4164.0
113.30 37476.0
113.40 40252.0
113.51 45804.0
113.62 41640.0
113.90 23596.0
114.02 80504.0
114.13 37476.0
114.24 36088.0
114.35 18044.0
114.45 37476.0
114.56 41640.0
114.66 33312.0
114.77 29148.0
114.87 31924.0
114.98 22208.0
115.09 38864.0
115.19 34700.0
115.30 37476.0
115.40 37476.0
115.51 37476.0
115.62 45804.0
115.73 37476.0
115.89 24984.0
116.00 33312.0
116.12 38864.0
116.23 41640.0
116.34 38864.0
116.49 20820.0
116.60 48580.0
116.70 34700.0
116.81 40252.0
116.91 36088.0
117.11 30536.0
117.47 26372.0
117.59 79116.0
117.69 47192.0
117.80 47192.0
117.91 30536.0
118.02 48580.0
118.36 30536.0
118.47 80504.0
118.58 40252.0
118.68 34700.0
118.79 27760.0
118.89 26372.0
119.00 31924.0
119.12 31924.0
119.23 41640.0
119.34 33312.0
119.44 43028.0
119.60 20820.0
119.70 41640.0
119.81 37476.0
119.91 29148.0
