0.14 38864.0
0.25 55520.0
0.37 44416.0
0.52 22208.0
0.62 44416.0
0.73 52744.0
0.84 40252.0
0.94 37476.0
1.12 36088.0
1.23 31924.0
1.34 44416.0
1.44 41640.0
1.55 41640.0
1.65 34700.0
1.76 34700.0
1.87 40252.0
1.98 24984.0
2.09 26372.0
2.20 37476.0
2.31 47192.0
2.41 43028.0
2.52 33312.0
2.68 31924.0
2.79 47192.0
2.89 37476.0
3.00 52744.0
3.11 37476.0
3.21 40252.0
3.39 37476.0
3.50 30536.0
3.61 38864.0
3.71 37476.0
3.82 51356.0
3.92 37476.0
4.15 52744.0
4.26 55520.0
4.37 59684.0
4.48 29148.0
4.59 56908.0
4.69 38864.0
4.80 45804.0
4.90 45804.0
5.02 55520.0
5.12 41640.0
5.23 43028.0
5.34 37476.0
5.44 36088.0
5.62 37476.0
5.73 44416.0
5.84 38864.0
5.94 33312.0
6.05 36088.0
6.15 31924.0
6.26 31924.0
6.37 38864.0
6.48 33312.0
6.59 15268.0
6.69 34700.0
6.80 45804.0
6.90 38864.0
7.01 40252.0
7.18 31924.0
7.29 43028.0
7.39 41640.0
7.54 19432.0
7.64 36088.0
7.75 37476.0
7.86 51356.0
8.02 16656.0
8.12 41640.0
8.39 59684.0
8.50 61072.0
8.64 47192.0
8.75 61072.0
8.88 38864.0
8.99 69400.0
9.12 45804.0
9.23 73564.0
9.37 45804.0
9.48 69400.0
9.60 43028.0
9.70 55520.0
9.84 59684.0
9.94 61072.0
10.05 54132.0
10.15 34700.0
10.26 44416.0
10.37 51356.0
10.48 44416.0
10.59 51356.0
10.69 43028.0
10.92 47192.0
11.03 55520.0
11.13 52744.0
11.24 41640.0
11.35 54132.0
11.45 38864.0
11.56 55520.0
11.66 36088.0
11.77 58296.0
11.87 41640.0
11.98 44416.0
12.09 52744.0
12.19 43028.0
12.30 47192.0
12.40 54132.0
12.51 43028.0
12.62 55520.0
12.73 51356.0
12.84 49968.0
12.96 59684.0
13.08 55520.0
13.19 47192.0
13.33 8328.0
13.43 63848.0
13.56 52744.0
13.66 49968.0
13.81 58296.0
13.91 54132.0
14.04 54132.0
14.14 63848.0
14.30 52744.0
14.40 56908.0
14.54 51356.0
14.64 40252.0
14.75 47192.0
14.86 49968.0
14.96 44416.0
15.07 48580.0
15.17 47192.0
15.28 44416.0
15.38 41640.0
15.49 47192.0
15.60 54132.0
15.70 40252.0
15.81 48580.0
15.91 51356.0
16.02 33312.0
16.12 48580.0
16.24 47192.0
16.36 58296.0
16.47 47192.0
16.58 54132.0
16.68 37476.0
16.79 45804.0
16.89 54132.0
17.00 55520.0
17.11 38864.0
17.21 45804.0
17.32 47192.0
17.42 47192.0
17.54 52744.0
17.64 31924.0
17.75 29148.0
17.86 30536.0
18.02 13880.0
18.13 48580.0
18.24 52744.0
18.35 36088.0
18.45 41640.0
18.56 44416.0
18.66 36088.0
18.77 2776.0
18.87 44416.0
18.98 52744.0
19.09 40252.0
19.19 44416.0
19.30 45804.0
19.40 31924.0
19.51 52744.0
19.62 36088.0
19.73 18044.0
19.84 36088.0
19.94 33312.0
20.05 52744.0
20.15 44416.0
20.26 40252.0
20.37 33312.0
20.48 13880.0
20.59 55520.0
20.69 37476.0
20.80 49968.0
20.90 47192.0
21.01 55520.0
21.12 48580.0
21.23 43028.0
21.34 51356.0
21.54 30536.0
21.64 55520.0
21.90 56908.0
22.01 63848.0
22.15 54132.0
22.26 62460.0
22.38 51356.0
22.49 59684.0
22.62 49968.0
22.73 47192.0
22.84 52744.0
22.94 30536.0
23.05 48580.0
23.15 36088.0
23.26 45804.0
23.37 43028.0
23.48 36088.0
23.59 52744.0
23.70 48580.0
23.81 47192.0
23.91 52744.0
24.02 44416.0
24.12 37476.0
24.23 44416.0
24.34 49968.0
24.46 36088.0
24.57 45804.0
24.67 24984.0
24.79 55520.0
24.89 54132.0
25.00 40252.0
25.17 22208.0
25.28 51356.0
25.38 44416.0
25.52 56908.0
25.62 45804.0
25.77 20820.0
25.87 47192.0
25.98 47192.0
26.09 43028.0
26.19 37476.0
26.30 48580.0
26.54 43028.0
26.64 44416.0
26.76 56908.0
26.88 55520.0
27.12 54132.0
27.24 80504.0
27.37 47192.0
27.48 72176.0
27.60 45804.0
27.72 66624.0
27.96 51356.0
28.07 62460.0
28.20 52744.0
28.31 43028.0
28.41 47192.0
28.57 13880.0
28.67 72176.0
28.80 45804.0
28.90 58296.0
29.04 51356.0
29.14 48580.0
29.29 19432.0
29.39 52744.0
29.50 52744.0
29.61 55520.0
29.71 38864.0
29.82 58296.0
29.92 38864.0
30.15 52744.0
30.27 45804.0
30.39 56908.0
30.50 51356.0
30.65 54132.0
30.76 58296.0
30.88 49968.0
30.99 54132.0
31.10 49968.0
31.20 38864.0
31.31 41640.0
31.59 33312.0
31.69 26372.0
31.80 47192.0
31.90 34700.0
32.01 38864.0
32.12 40252.0
32.24 54132.0
32.35 47192.0
32.45 44416.0
32.62 18044.0
32.73 62460.0
32.84 47192.0
32.94 41640.0
33.06 36088.0
33.16 30536.0
33.27 37476.0
33.37 40252.0
33.48 44416.0
33.60 47192.0
33.70 43028.0
33.81 44416.0
33.91 43028.0
34.02 37476.0
34.12 29148.0
34.23 34700.0
34.34 31924.0
34.44 38864.0
34.56 47192.0
34.66 38864.0
34.77 38864.0
34.87 41640.0
34.98 55520.0
35.09 45804.0
35.19 43028.0
35.30 65236.0
35.40 31924.0
35.51 58296.0
35.64 44416.0
35.75 59684.0
35.88 48580.0
35.99 66624.0
36.24 45804.0
36.35 70788.0
36.47 43028.0
36.58 49968.0
36.72 54132.0
36.83 69400.0
36.93 38864.0
37.21 12492.0
37.32 63848.0
37.46 16656.0
37.57 49968.0
37.67 47192.0
37.78 55520.0
37.88 40252.0
37.99 47192.0
38.10 49968.0
38.20 48580.0
38.31 47192.0
38.42 55520.0
38.54 52744.0
38.66 58296.0
38.79 56908.0
38.89 56908.0
39.00 48580.0
39.11 48580.0
39.21 48580.0
39.32 54132.0
39.50 20820.0
39.61 65236.0
39.74 45804.0
39.87 68012.0
39.99 38864.0
40.10 72176.0
40.22 40252.0
40.35 76340.0
40.71 41640.0
40.82 77728.0
40.93 52744.0
41.06 56908.0
41.19 59684.0
41.32 61072.0
41.42 51356.0
41.53 45804.0
41.63 31924.0
41.74 22208.0
41.86 34700.0
41.96 34700.0
42.07 36088.0
42.18 41640.0
42.29 38864.0
42.40 41640.0
42.51 27760.0
42.62 34700.0
42.73 37476.0
42.84 43028.0
42.94 31924.0
43.05 43028.0
43.15 30536.0
43.26 51356.0
43.37 40252.0
43.48 43028.0
43.59 43028.0
43.73 11104.0
43.84 45804.0
43.95 37476.0
44.09 19432.0
44.19 48580.0
44.31 55520.0
44.41 45804.0
44.52 55520.0
44.62 40252.0
44.73 51356.0
44.84 51356.0
45.04 34700.0
45.14 44416.0
45.25 45804.0
45.37 44416.0
45.48 33312.0
45.66 1388.0
45.77 83280.0
45.88 34700.0
46.06 43028.0
46.16 43028.0
46.30 37476.0
46.40 43028.0
46.51 58296.0
46.62 51356.0
46.73 54132.0
46.92 26372.0
47.03 72176.0
47.15 41640.0
47.27 44416.0
47.37 51356.0
47.48 54132.0
47.59 38864.0
47.69 29148.0
47.80 22208.0
47.90 40252.0
48.01 51356.0
48.12 49968.0
48.23 51356.0
48.38 8328.0
48.50 47192.0
48.61 49968.0
48.74 5552.0
48.85 62460.0
48.98 54132.0
49.10 63848.0
49.22 55520.0
49.33 55520.0
49.43 51356.0
49.55 45804.0
49.65 51356.0
49.76 52744.0
49.87 41640.0
50.06 38864.0
50.16 47192.0
50.27 61072.0
50.37 37476.0
50.53 24984.0
50.63 40252.0
50.74 55520.0
50.85 48580.0
50.95 29148.0
51.15 40252.0
51.27 68012.0
51.37 44416.0
51.48 48580.0
51.59 51356.0
51.69 38864.0
51.80 49968.0
51.90 43028.0
52.01 33312.0
52.13 11104.0
52.24 55520.0
52.35 45804.0
52.46 54132.0
52.58 47192.0
52.68 36088.0
52.82 26372.0
52.92 59684.0
53.03 51356.0
53.14 33312.0
53.25 49968.0
53.36 29148.0
53.46 36088.0
53.57 34700.0
53.68 19432.0
53.79 52744.0
53.89 49968.0
54.04 4164.0
54.14 51356.0
54.28 51356.0
54.38 56908.0
54.49 54132.0
54.60 41640.0
54.70 55520.0
54.81 33312.0
54.91 59684.0
55.02 31924.0
55.12 58296.0
55.23 43028.0
55.48 8328.0
55.59 55520.0
55.69 44416.0
55.80 47192.0
55.90 55520.0
56.01 38864.0
56.12 38864.0
56.23 12492.0
56.34 73564.0
56.46 38864.0
56.57 68012.0
56.70 55520.0
56.81 51356.0
56.94 51356.0
57.05 52744.0
57.19 58296.0
57.30 59684.0
57.42 49968.0
57.53 56908.0
57.63 38864.0
57.90 18044.0
58.01 56908.0
58.12 49968.0
58.29 18044.0
58.39 51356.0
58.50 49968.0
58.61 49968.0
58.71 40252.0
58.82 48580.0
58.92 40252.0
59.03 36088.0
59.14 13880.0
59.25 52744.0
59.36 44416.0
59.46 34700.0
59.57 47192.0
59.67 34700.0
59.78 41640.0
60.00 45804.0
60.11 56908.0
60.24 51356.0
60.35 38864.0
60.46 44416.0
60.57 56908.0
60.67 24984.0
60.79 41640.0
60.89 30536.0
61.00 19432.0
61.11 30536.0
61.22 30536.0
61.34 29148.0
61.44 47192.0
61.55 23596.0
61.65 30536.0
61.77 29148.0
61.87 34700.0
61.99 33312.0
62.10 41640.0
62.20 45804.0
62.40 34700.0
62.51 48580.0
62.62 48580.0
62.73 33312.0
62.88 34700.0
62.99 45804.0
63.11 36088.0
63.21 45804.0
63.32 44416.0
63.48 22208.0
63.59 56908.0
63.73 54132.0
63.84 54132.0
63.94 51356.0
64.05 29148.0
64.15 45804.0
64.26 40252.0
64.58 40252.0
64.68 37476.0
64.79 37476.0
64.89 43028.0
65.00 40252.0
65.11 41640.0
65.21 37476.0
65.32 45804.0
65.42 37476.0
65.59 26372.0
65.69 41640.0
65.80 49968.0
65.90 33312.0
66.01 30536.0
66.12 44416.0
66.30 31924.0
66.40 51356.0
66.51 55520.0
66.63 43028.0
66.74 51356.0
66.85 47192.0
66.95 34700.0
67.06 40252.0
67.16 38864.0
67.39 48580.0
67.50 54132.0
67.61 44416.0
67.71 24984.0
67.83 40252.0
67.93 33312.0
68.22 34700.0
68.33 37476.0
68.43 38864.0
68.54 40252.0
68.64 47192.0
68.75 33312.0
68.86 38864.0
68.96 31924.0
69.07 51356.0
69.23 23596.0
69.34 59684.0
69.44 43028.0
69.62 11104.0
69.73 49968.0
69.84 47192.0
69.94 40252.0
70.05 52744.0
70.15 41640.0
70.27 40252.0
70.37 48580.0
70.48 37476.0
70.59 55520.0
70.83 47192.0
70.93 63848.0
71.05 51356.0
71.15 41640.0
71.30 68012.0
71.40 51356.0
71.54 63848.0
71.64 43028.0
71.75 61072.0
71.86 45804.0
71.96 48580.0
72.07 38864.0
72.17 58296.0
72.28 41640.0
72.39 56908.0
72.63 49968.0
72.74 70788.0
72.86 43028.0
72.96 62460.0
73.10 55520.0
73.21 58296.0
73.32 55520.0
73.42 48580.0
73.54 49968.0
73.64 45804.0
73.75 55520.0
73.86 47192.0
73.96 43028.0
74.08 52744.0
74.18 56908.0
74.30 58296.0
74.40 49968.0
74.51 37476.0
74.62 45804.0
74.73 45804.0
74.84 41640.0
74.94 43028.0
75.05 36088.0
75.15 29148.0
75.26 41640.0
75.37 37476.0
75.48 48580.0
75.59 47192.0
75.69 31924.0
75.80 38864.0
75.90 34700.0
76.01 34700.0
76.12 18044.0
76.23 41640.0
76.36 55520.0
76.46 45804.0
76.57 45804.0
76.67 38864.0
76.78 45804.0
76.88 41640.0
77.08 38864.0
77.18 58296.0
77.33 55520.0
77.43 54132.0
77.56 19432.0
77.67 61072.0
77.78 63848.0
77.91 4164.0
78.02 56908.0
78.12 59684.0
78.23 43028.0
78.34 63848.0
78.44 26372.0
78.55 66624.0
78.65 36088.0
78.76 54132.0
79.00 56908.0
79.11 58296.0
79.23 48580.0
79.34 51356.0
79.44 51356.0
79.55 30536.0
79.65 40252.0
79.76 19432.0
79.87 45804.0
79.99 47192.0
80.10 56908.0
80.23 1388.0
80.35 48580.0
80.45 41640.0
80.56 40252.0
80.67 41640.0
80.78 55520.0
80.88 41640.0
80.99 44416.0
81.10 37476.0
81.20 47192.0
81.32 45804.0
81.42 24984.0
81.53 40252.0
81.63 40252.0
81.74 44416.0
81.91 22208.0
82.02 40252.0
82.12 48580.0
82.39 56908.0
82.50 66624.0
82.63 45804.0
82.74 56908.0
82.87 5552.0
82.98 63848.0
83.10 49968.0
83.22 58296.0
83.35 52744.0
83.45 54132.0
83.56 49968.0
83.66 38864.0
83.77 58296.0
83.87 31924.0
83.98 43028.0
84.09 31924.0
84.19 47192.0
84.30 45804.0
84.40 44416.0
84.51 48580.0
84.62 47192.0
84.73 65236.0
84.84 30536.0
84.94 52744.0
85.05 34700.0
85.15 31924.0
85.27 49968.0
85.37 44416.0
85.53 15268.0
85.63 34700.0
85.74 27760.0
85.88 18044.0
85.99 19432.0
86.11 26372.0
86.21 11104.0
86.32 36088.0
86.42 22208.0
86.53 29148.0
86.63 24984.0
86.74 30536.0
86.85 26372.0
86.95 31924.0
87.07 29148.0
87.17 27760.0
87.28 34700.0
87.39 24984.0
87.50 29148.0
87.61 29148.0
87.71 20820.0
87.82 18044.0
87.93 22208.0
88.04 20820.0
88.14 27760.0
88.27 33312.0
88.39 31924.0
88.50 26372.0
88.62 26372.0
88.75 16656.0
88.86 27760.0
88.96 20820.0
89.07 20820.0
89.17 22208.0
89.28 18044.0
89.39 23596.0
89.50 29148.0
89.61 24984.0
89.71 26372.0
89.83 36088.0
89.93 26372.0
90.04 40252.0
90.15 40252.0
90.26 43028.0
90.37 49968.0
90.48 40252.0
90.59 38864.0
90.69 43028.0
90.80 31924.0
90.90 19432.0
91.01 26372.0
91.18 20820.0
91.29 20820.0
91.39 18044.0
91.50 29148.0
91.61 19432.0
91.71 18044.0
91.82 22208.0
91.94 18044.0
92.06 19432.0
92.16 11104.0
92.27 16656.0
92.37 15268.0
92.48 15268.0
92.59 13880.0
92.70 13880.0
92.81 15268.0
92.91 12492.0
93.03 12492.0
93.13 15268.0
93.26 19432.0
93.37 33312.0
93.48 34700.0
93.59 31924.0
93.70 12492.0
93.81 11104.0
93.91 20820.0
94.02 23596.0
94.13 38864.0
94.24 44416.0
94.35 9716.0
94.45 33312.0
94.56 33312.0
94.66 40252.0
94.77 41640.0
94.87 44416.0
95.07 33312.0
95.17 40252.0
95.28 38864.0
95.38 38864.0
95.49 29148.0
95.60 33312.0
95.70 20820.0
95.81 38864.0
95.91 41640.0
96.02 54132.0
96.12 44416.0
96.31 26372.0
96.41 20820.0
96.52 19432.0
96.63 18044.0
96.75 23596.0
96.87 29148.0
96.99 24984.0
97.10 27760.0
97.20 22208.0
97.31 22208.0
97.41 24984.0
97.52 27760.0
97.62 30536.0
97.73 26372.0
97.85 27760.0
97.95 29148.0
98.07 37476.0
98.17 30536.0
98.28 19432.0
98.39 18044.0
98.51 23596.0
98.62 23596.0
98.73 22208.0
98.85 16656.0
98.95 20820.0
99.06 23596.0
99.17 40252.0
99.36 40252.0
99.46 30536.0
99.57 49968.0
99.69 41640.0
99.80 59684.0
99.91 52744.0
100.02 48580.0
100.12 48580.0
100.23 37476.0
100.34 48580.0
100.51 26372.0
100.62 49968.0
100.75 58296.0
100.86 49968.0
100.96 49968.0
101.07 47192.0
101.17 43028.0
101.36 36088.0
101.46 66624.0
101.59 51356.0
101.70 37476.0
101.82 36088.0
101.92 16656.0
102.03 29148.0
102.15 19432.0
102.26 27760.0
102.37 22208.0
102.48 22208.0
102.59 20820.0
102.69 29148.0
102.80 30536.0
102.90 20820.0
103.01 19432.0
103.12 15268.0
103.23 24984.0
103.35 16656.0
103.45 18044.0
103.98 13880.0
104.09 73564.0
104.30 8328.0
104.40 11104.0
104.51 11104.0
104.62 15268.0
104.73 19432.0
104.84 40252.0
104.94 44416.0
105.05 41640.0
105.15 40252.0
105.26 48580.0
105.37 52744.0
105.48 34700.0
105.59 48580.0
105.69 20820.0
105.80 66624.0
105.90 38864.0
106.01 44416.0
106.12 55520.0
106.23 48580.0
106.34 52744.0
106.44 36088.0
106.55 61072.0
106.65 30536.0
106.76 48580.0
106.87 22208.0
106.98 48580.0
107.09 27760.0
107.19 24984.0
107.30 33312.0
107.40 29148.0
107.51 30536.0
107.63 27760.0
107.74 27760.0
107.85 33312.0
107.95 29148.0
108.07 33312.0
108.17 30536.0
108.28 29148.0
108.40 29148.0
108.51 33312.0
108.62 34700.0
108.73 36088.0
108.84 13880.0
108.94 27760.0
109.05 33312.0
109.15 29148.0
109.27 26372.0
109.37 27760.0
109.48 24984.0
109.59 33312.0
109.69 27760.0
109.80 18044.0
109.90 19432.0
110.01 30536.0
110.15 38864.0
110.27 52744.0
110.37 41640.0
110.48 51356.0
110.61 48580.0
110.71 49968.0
110.82 49968.0
111.00 24984.0
111.11 52744.0
111.21 48580.0
111.32 41640.0
111.42 40252.0
111.61 40252.0
111.71 43028.0
111.82 59684.0
111.92 23596.0
112.03 41640.0
112.13 44416.0
112.24 37476.0
112.35 30536.0
112.45 19432.0
112.56 20820.0
112.67 22208.0
112.78 26372.0
112.88 26372.0
112.99 24984.0
113.10 19432.0
113.20 22208.0
113.31 23596.0
113.41 19432.0
113.52 26372.0
113.63 23596.0
113.75 34700.0
113.86 27760.0
113.97 34700.0
114.08 29148.0
114.18 19432.0
114.29 23596.0
114.39 19432.0
114.50 30536.0
114.62 26372.0
114.73 24984.0
114.84 23596.0
114.94 16656.0
115.05 27760.0
115.15 20820.0
115.26 20820.0
115.38 16656.0
115.49 41640.0
115.60 36088.0
115.71 34700.0
115.82 33312.0
115.92 29148.0
116.04 29148.0
116.14 22208.0
116.25 26372.0
116.51 2776.0
116.68 80504.0
116.79 38864.0
116.89 33312.0
117.00 33312.0
117.11 51356.0
117.21 41640.0
117.33 43028.0
117.43 54132.0
117.65 33312.0
117.76 47192.0
117.87 22208.0
117.98 26372.0
118.09 24984.0
118.19 19432.0
118.30 30536.0
118.41 26372.0
118.52 34700.0
118.62 24984.0
118.73 18044.0
118.84 22208.0
118.95 23596.0
119.06 34700.0
119.17 38864.0
119.29 56908.0
119.39 47192.0
119.51 38864.0
119.63 37476.0
119.74 34700.0
119.85 26372.0
119.95 23596.0
