0.10 57958.40
0.20 57958.40
0.30 57958.40
0.40 57958.40
0.50 57958.40
0.60 57958.40
0.70 57958.40
0.80 57958.40
0.90 57958.40
1.00 57958.40
1.10 58572.80
1.20 58572.80
1.30 58572.80
1.40 58572.80
1.50 58572.80
1.60 58572.80
1.70 58572.80
1.80 58572.80
1.90 58572.80
2.00 58572.80
2.10 38092.80
2.20 38092.80
2.30 38092.80
2.40 38092.80
2.50 38092.80
2.60 38092.80
2.70 38092.80
2.80 38092.80
2.90 38092.80
3.00 38092.80
3.10 92160.00
3.20 92160.00
3.30 92160.00
3.40 92160.00
3.50 92160.00
3.60 92160.00
3.70 92160.00
3.80 92160.00
3.90 92160.00
4.00 92160.00
4.10 66867.20
4.20 66867.20
4.30 66867.20
4.40 66867.20
4.50 66867.20
4.60 66867.20
4.70 66867.20
4.80 66867.20
4.90 66867.20
5.00 66867.20
5.10 69734.40
5.20 69734.40
5.30 69734.40
5.40 69734.40
5.50 69734.40
5.60 69734.40
5.70 69734.40
5.80 69734.40
5.90 69734.40
6.00 69734.40
6.10 68505.60
6.20 68505.60
6.30 68505.60
6.40 68505.60
6.50 68505.60
6.60 68505.60
6.70 68505.60
6.80 68505.60
6.90 68505.60
7.00 68505.60
7.10 70041.60
7.20 70041.60
7.30 70041.60
7.40 70041.60
7.50 70041.60
7.60 70041.60
7.70 70041.60
7.80 70041.60
7.90 70041.60
8.00 70041.60
8.10 65638.40
8.20 65638.40
8.30 65638.40
8.40 65638.40
8.50 65638.40
8.60 65638.40
8.70 65638.40
8.80 65638.40
8.90 65638.40
9.00 65638.40
9.10 65638.40
9.20 65638.40
9.30 65638.40
9.40 65638.40
9.50 65638.40
9.60 65638.40
9.70 65638.40
9.80 65638.40
9.90 65638.40
10.00 65638.40
10.10 69222.40
10.20 69222.40
10.30 69222.40
10.40 69222.40
10.50 69222.40
10.60 69222.40
10.70 69222.40
10.80 69222.40
10.90 69222.40
11.00 69222.40
11.10 68403.20
11.20 68403.20
11.30 68403.20
11.40 68403.20
11.50 68403.20
11.60 68403.20
11.70 68403.20
11.80 68403.20
11.90 68403.20
12.00 68403.20
12.10 67584.00
12.20 67584.00
12.30 67584.00
12.40 67584.00
12.50 67584.00
12.60 67584.00
12.70 67584.00
12.80 67584.00
12.90 67584.00
13.00 67584.00
13.10 66457.60
13.20 66457.60
13.30 66457.60
13.40 66457.60
13.50 66457.60
13.60 66457.60
13.70 66457.60
13.80 66457.60
13.90 66457.60
14.00 66457.60
14.10 37273.60
14.20 37273.60
14.30 37273.60
14.40 37273.60
14.50 37273.60
14.60 37273.60
14.70 37273.60
14.80 37273.60
14.90 37273.60
15.00 37273.60
15.10 100556.80
15.20 100556.80
15.30 100556.80
15.40 100556.80
15.50 100556.80
15.60 100556.80
15.70 100556.80
15.80 100556.80
15.90 100556.80
16.00 100556.80
16.10 66969.60
16.20 66969.60
16.30 66969.60
16.40 66969.60
16.50 66969.60
16.60 66969.60
16.70 66969.60
16.80 66969.60
16.90 66969.60
17.00 66969.60
17.10 68096.00
17.20 68096.00
17.30 68096.00
17.40 68096.00
17.50 68096.00
17.60 68096.00
17.70 68096.00
17.80 68096.00
17.90 68096.00
18.00 68096.00
18.10 71475.20
18.20 71475.20
18.30 71475.20
18.40 71475.20
18.50 71475.20
18.60 71475.20
18.70 71475.20
18.80 71475.20
18.90 71475.20
19.00 71475.20
19.10 70041.60
19.20 70041.60
19.30 70041.60
19.40 70041.60
19.50 70041.60
19.60 70041.60
19.70 70041.60
19.80 70041.60
19.90 70041.60
20.00 70041.60
20.10 66048.00
20.20 66048.00
20.30 66048.00
20.40 66048.00
20.50 66048.00
20.60 66048.00
20.70 66048.00
20.80 66048.00
20.90 66048.00
21.00 66048.00
21.10 69222.40
21.20 69222.40
21.30 69222.40
21.40 69222.40
21.50 69222.40
21.60 69222.40
21.70 69222.40
21.80 69222.40
21.90 69222.40
22.00 69222.40
22.10 70041.60
22.20 70041.60
22.30 70041.60
22.40 70041.60
22.50 70041.60
22.60 70041.60
22.70 70041.60
22.80 70041.60
22.90 70041.60
23.00 70041.60
23.10 71065.60
23.20 71065.60
23.30 71065.60
23.40 71065.60
23.50 71065.60
23.60 71065.60
23.70 71065.60
23.80 71065.60
23.90 71065.60
24.00 71065.60
24.10 69324.80
24.20 69324.80
24.30 69324.80
24.40 69324.80
24.50 69324.80
24.60 69324.80
24.70 69324.80
24.80 69324.80
24.90 69324.80
25.00 69324.80
25.10 67686.40
25.20 67686.40
25.30 67686.40
25.40 67686.40
25.50 67686.40
25.60 67686.40
25.70 67686.40
25.80 67686.40
25.90 67686.40
26.00 67686.40
26.10 39628.80
26.20 39628.80
26.30 39628.80
26.40 39628.80
26.50 39628.80
26.60 39628.80
26.70 39628.80
26.80 39628.80
26.90 39628.80
27.00 39628.80
27.10 96563.20
27.20 96563.20
27.30 96563.20
27.40 96563.20
27.50 96563.20
27.60 96563.20
27.70 96563.20
27.80 96563.20
27.90 96563.20
28.00 96563.20
28.10 68812.80
28.20 68812.80
28.30 68812.80
28.40 68812.80
28.50 68812.80
28.60 68812.80
28.70 68812.80
28.80 68812.80
28.90 68812.80
29.00 68812.80
29.10 69939.20
29.20 69939.20
29.30 69939.20
29.40 69939.20
29.50 69939.20
29.60 69939.20
29.70 69939.20
29.80 69939.20
29.90 69939.20
30.00 69939.20
