0.10 107520.00
0.20 107520.00
0.30 107520.00
0.40 107520.00
0.50 107520.00
0.60 107520.00
0.70 107520.00
0.80 107520.00
0.90 107520.00
1.00 107520.00
1.10 70758.40
1.20 70758.40
1.30 70758.40
1.40 70758.40
1.50 70758.40
1.60 70758.40
1.70 70758.40
1.80 70758.40
1.90 70758.40
2.00 70758.40
2.10 70041.60
2.20 70041.60
2.30 70041.60
2.40 70041.60
2.50 70041.60
2.60 70041.60
2.70 70041.60
2.80 70041.60
2.90 70041.60
3.00 70041.60
3.10 41472.00
3.20 41472.00
3.30 41472.00
3.40 41472.00
3.50 41472.00
3.60 41472.00
3.70 41472.00
3.80 41472.00
3.90 41472.00
4.00 41472.00
4.10 99635.20
4.20 99635.20
4.30 99635.20
4.40 99635.20
4.50 99635.20
4.60 99635.20
4.70 99635.20
4.80 99635.20
4.90 99635.20
5.00 99635.20
5.10 68915.20
5.20 68915.20
5.30 68915.20
5.40 68915.20
5.50 68915.20
5.60 68915.20
5.70 68915.20
5.80 68915.20
5.90 68915.20
6.00 68915.20
6.10 69734.40
6.20 69734.40
6.30 69734.40
6.40 69734.40
6.50 69734.40
6.60 69734.40
6.70 69734.40
6.80 69734.40
6.90 69734.40
7.00 69734.40
7.10 67993.60
7.20 67993.60
7.30 67993.60
7.40 67993.60
7.50 67993.60
7.60 67993.60
7.70 67993.60
7.80 67993.60
7.90 67993.60
8.00 67993.60
8.10 69324.80
8.20 69324.80
8.30 69324.80
8.40 69324.80
8.50 69324.80
8.60 69324.80
8.70 69324.80
8.80 69324.80
8.90 69324.80
9.00 69324.80
9.10 72908.80
9.20 72908.80
9.30 72908.80
9.40 72908.80
9.50 72908.80
9.60 72908.80
9.70 72908.80
9.80 72908.80
9.90 72908.80
10.00 72908.80
10.10 69120.00
10.20 69120.00
10.30 69120.00
10.40 69120.00
10.50 69120.00
10.60 69120.00
10.70 69120.00
10.80 69120.00
10.90 69120.00
11.00 69120.00
11.10 70451.20
11.20 70451.20
11.30 70451.20
11.40 70451.20
11.50 70451.20
11.60 70451.20
11.70 70451.20
11.80 70451.20
11.90 70451.20
12.00 70451.20
12.10 65331.20
12.20 65331.20
12.30 65331.20
12.40 65331.20
12.50 65331.20
12.60 65331.20
12.70 65331.20
12.80 65331.20
12.90 65331.20
13.00 65331.20
13.10 67788.80
13.20 67788.80
13.30 67788.80
13.40 67788.80
13.50 67788.80
13.60 67788.80
13.70 67788.80
13.80 67788.80
13.90 67788.80
14.00 67788.80
14.10 55500.80
14.20 55500.80
14.30 55500.80
14.40 55500.80
14.50 55500.80
14.60 55500.80
14.70 55500.80
14.80 55500.80
14.90 55500.80
15.00 55500.80
15.10 76185.60
15.20 76185.60
15.30 76185.60
15.40 76185.60
15.50 76185.60
15.60 76185.60
15.70 76185.60
15.80 76185.60
15.90 76185.60
16.00 76185.60
16.10 69939.20
16.20 69939.20
16.30 69939.20
16.40 69939.20
16.50 69939.20
16.60 69939.20
16.70 69939.20
16.80 69939.20
16.90 69939.20
17.00 69939.20
17.10 72396.80
17.20 72396.80
17.30 72396.80
17.40 72396.80
17.50 72396.80
17.60 72396.80
17.70 72396.80
17.80 72396.80
17.90 72396.80
18.00 72396.80
18.10 59187.20
18.20 59187.20
18.30 59187.20
18.40 59187.20
18.50 59187.20
18.60 59187.20
18.70 59187.20
18.80 59187.20
18.90 59187.20
19.00 59187.20
19.10 81715.20
19.20 81715.20
19.30 81715.20
19.40 81715.20
19.50 81715.20
19.60 81715.20
19.70 81715.20
19.80 81715.20
19.90 81715.20
20.00 81715.20
20.10 72089.60
20.20 72089.60
20.30 72089.60
20.40 72089.60
20.50 72089.60
20.60 72089.60
20.70 72089.60
20.80 72089.60
20.90 72089.60
21.00 72089.60
21.10 67993.60
21.20 67993.60
21.30 67993.60
21.40 67993.60
21.50 67993.60
21.60 67993.60
21.70 67993.60
21.80 67993.60
21.90 67993.60
22.00 67993.60
22.10 69939.20
22.20 69939.20
22.30 69939.20
22.40 69939.20
22.50 69939.20
22.60 69939.20
22.70 69939.20
22.80 69939.20
22.90 69939.20
23.00 69939.20
23.10 68812.80
23.20 68812.80
23.30 68812.80
23.40 68812.80
23.50 68812.80
23.60 68812.80
23.70 68812.80
23.80 68812.80
23.90 68812.80
24.00 68812.80
24.10 63795.20
24.20 63795.20
24.30 63795.20
24.40 63795.20
24.50 63795.20
24.60 63795.20
24.70 63795.20
24.80 63795.20
24.90 63795.20
25.00 63795.20
25.10 68096.00
25.20 68096.00
25.30 68096.00
25.40 68096.00
25.50 68096.00
25.60 68096.00
25.70 68096.00
25.80 68096.00
25.90 68096.00
26.00 68096.00
26.10 66662.40
26.20 66662.40
26.30 66662.40
26.40 66662.40
26.50 66662.40
26.60 66662.40
26.70 66662.40
26.80 66662.40
26.90 66662.40
27.00 66662.40
27.10 67993.60
27.20 67993.60
27.30 67993.60
27.40 67993.60
27.50 67993.60
27.60 67993.60
27.70 67993.60
27.80 67993.60
27.90 67993.60
28.00 67993.60
28.10 69324.80
28.20 69324.80
28.30 69324.80
28.40 69324.80
28.50 69324.80
28.60 69324.80
28.70 69324.80
28.80 69324.80
28.90 69324.80
29.00 69324.80
29.10 65843.20
29.20 65843.20
29.30 65843.20
29.40 65843.20
29.50 65843.20
29.60 65843.20
29.70 65843.20
29.80 65843.20
29.90 65843.20
30.00 65843.20
