0.10 13004.80
0.20 13004.80
0.30 13004.80
0.40 13004.80
0.50 13004.80
0.60 13004.80
0.70 13004.80
0.80 13004.80
0.90 13004.80
1.00 13004.80
1.10 112537.60
1.20 112537.60
1.30 112537.60
1.40 112537.60
1.50 112537.60
1.60 112537.60
1.70 112537.60
1.80 112537.60
1.90 112537.60
2.00 112537.60
2.10 75980.80
2.20 75980.80
2.30 75980.80
2.40 75980.80
2.50 75980.80
2.60 75980.80
2.70 75980.80
2.80 75980.80
2.90 75980.80
3.00 75980.80
3.10 76185.60
3.20 76185.60
3.30 76185.60
3.40 76185.60
3.50 76185.60
3.60 76185.60
3.70 76185.60
3.80 76185.60
3.90 76185.60
4.00 76185.60
4.10 82944.00
4.20 82944.00
4.30 82944.00
4.40 82944.00
4.50 82944.00
4.60 82944.00
4.70 82944.00
4.80 82944.00
4.90 82944.00
5.00 82944.00
5.10 78643.20
5.20 78643.20
5.30 78643.20
5.40 78643.20
5.50 78643.20
5.60 78643.20
5.70 78643.20
5.80 78643.20
5.90 78643.20
6.00 78643.20
6.10 28262.40
6.20 28262.40
6.30 28262.40
6.40 28262.40
6.50 28262.40
6.60 28262.40
6.70 28262.40
6.80 28262.40
6.90 28262.40
7.00 28262.40
7.10 131481.60
7.20 131481.60
7.30 131481.60
7.40 131481.60
7.50 131481.60
7.60 131481.60
7.70 131481.60
7.80 131481.60
7.90 131481.60
8.00 131481.60
8.10 63385.60
8.20 63385.60
8.30 63385.60
8.40 63385.60
8.50 63385.60
8.60 63385.60
8.70 63385.60
8.80 63385.60
8.90 63385.60
9.00 63385.60
9.10 72089.60
9.20 72089.60
9.30 72089.60
9.40 72089.60
9.50 72089.60
9.60 72089.60
9.70 72089.60
9.80 72089.60
9.90 72089.60
10.00 72089.60
