0.10 60723.20
0.20 60723.20
0.30 60723.20
0.40 60723.20
0.50 60723.20
0.60 60723.20
0.70 60723.20
0.80 60723.20
0.90 60723.20
1.00 60723.20
1.10 50585.60
1.20 50585.60
1.30 50585.60
1.40 50585.60
1.50 50585.60
1.60 50585.60
1.70 50585.60
1.80 50585.60
1.90 50585.60
2.00 50585.60
2.10 49049.60
2.20 49049.60
2.30 49049.60
2.40 49049.60
2.50 49049.60
2.60 49049.60
2.70 49049.60
2.80 49049.60
2.90 49049.60
3.00 49049.60
3.10 33689.60
3.20 33689.60
3.30 33689.60
3.40 33689.60
3.50 33689.60
3.60 33689.60
3.70 33689.60
3.80 33689.60
3.90 33689.60
4.00 33689.60
4.10 30617.60
4.20 30617.60
4.30 30617.60
4.40 30617.60
4.50 30617.60
4.60 30617.60
4.70 30617.60
4.80 30617.60
4.90 30617.60
5.00 30617.60
5.10 31846.40
5.20 31846.40
5.30 31846.40
5.40 31846.40
5.50 31846.40
5.60 31846.40
5.70 31846.40
5.80 31846.40
5.90 31846.40
6.00 31846.40
6.10 50995.20
6.20 50995.20
6.30 50995.20
6.40 50995.20
6.50 50995.20
6.60 50995.20
6.70 50995.20
6.80 50995.20
6.90 50995.20
7.00 50995.20
7.10 47923.20
7.20 47923.20
7.30 47923.20
7.40 47923.20
7.50 47923.20
7.60 47923.20
7.70 47923.20
7.80 47923.20
7.90 47923.20
8.00 47923.20
8.10 57139.20
8.20 57139.20
8.30 57139.20
8.40 57139.20
8.50 57139.20
8.60 57139.20
8.70 57139.20
8.80 57139.20
8.90 57139.20
9.00 57139.20
9.10 46899.20
9.20 46899.20
9.30 46899.20
9.40 46899.20
9.50 46899.20
9.60 46899.20
9.70 46899.20
9.80 46899.20
9.90 46899.20
10.00 46899.20
