0.10 72704.00
0.20 72704.00
0.30 72704.00
0.40 72704.00
0.50 72704.00
0.60 72704.00
0.70 72704.00
0.80 72704.00
0.90 72704.00
1.00 72704.00
1.10 76595.20
1.20 76595.20
1.30 76595.20
1.40 76595.20
1.50 76595.20
1.60 76595.20
1.70 76595.20
1.80 76595.20
1.90 76595.20
2.00 76595.20
2.10 75776.00
2.20 75776.00
2.30 75776.00
2.40 75776.00
2.50 75776.00
2.60 75776.00
2.70 75776.00
2.80 75776.00
2.90 75776.00
3.00 75776.00
3.10 77004.80
3.20 77004.80
3.30 77004.80
3.40 77004.80
3.50 77004.80
3.60 77004.80
3.70 77004.80
3.80 77004.80
3.90 77004.80
4.00 77004.80
4.10 80486.40
4.20 80486.40
4.30 80486.40
4.40 80486.40
4.50 80486.40
4.60 80486.40
4.70 80486.40
4.80 80486.40
4.90 80486.40
5.00 80486.40
5.10 74854.40
5.20 74854.40
5.30 74854.40
5.40 74854.40
5.50 74854.40
5.60 74854.40
5.70 74854.40
5.80 74854.40
5.90 74854.40
6.00 74854.40
6.10 75161.60
6.20 75161.60
6.30 75161.60
6.40 75161.60
6.50 75161.60
6.60 75161.60
6.70 75161.60
6.80 75161.60
6.90 75161.60
7.00 75161.60
7.10 72294.40
7.20 72294.40
7.30 72294.40
7.40 72294.40
7.50 72294.40
7.60 72294.40
7.70 72294.40
7.80 72294.40
7.90 72294.40
8.00 72294.40
8.10 47820.80
8.20 47820.80
8.30 47820.80
8.40 47820.80
8.50 47820.80
8.60 47820.80
8.70 47820.80
8.80 47820.80
8.90 47820.80
9.00 47820.80
9.10 105984.00
9.20 105984.00
9.30 105984.00
9.40 105984.00
9.50 105984.00
9.60 105984.00
9.70 105984.00
9.80 105984.00
9.90 105984.00
10.00 105984.00
