0.10 0.00
0.20 0.00
0.30 0.00
0.40 0.00
0.50 0.00
0.60 0.00
0.70 0.00
0.80 0.00
0.90 0.00
1.00 0.00
1.10 0.00
1.20 0.00
1.30 0.00
1.40 0.00
1.50 0.00
1.60 0.00
1.70 0.00
1.80 0.00
1.90 0.00
2.00 0.00
2.10 0.00
2.20 0.00
2.30 0.00
2.40 0.00
2.50 0.00
2.60 0.00
2.70 0.00
2.80 0.00
2.90 0.00
3.00 0.00
3.10 0.00
3.20 0.00
3.30 0.00
3.40 0.00
3.50 0.00
3.60 0.00
3.70 0.00
3.80 0.00
3.90 0.00
4.00 0.00
4.10 0.00
4.20 0.00
4.30 0.00
4.40 0.00
4.50 0.00
4.60 0.00
4.70 0.00
4.80 0.00
4.90 0.00
5.00 0.00
5.10 0.00
5.20 0.00
5.30 0.00
5.40 0.00
5.50 0.00
5.60 0.00
5.70 0.00
5.80 0.00
5.90 0.00
6.00 0.00
6.10 1843.20
6.20 1843.20
6.30 1843.20
6.40 1843.20
6.50 1843.20
6.60 1843.20
6.70 1843.20
6.80 1843.20
6.90 1843.20
7.00 1843.20
7.10 4915.20
7.20 4915.20
7.30 4915.20
7.40 4915.20
7.50 4915.20
7.60 4915.20
7.70 4915.20
7.80 4915.20
7.90 4915.20
8.00 4915.20
8.10 30105.60
8.20 30105.60
8.30 30105.60
8.40 30105.60
8.50 30105.60
8.60 30105.60
8.70 30105.60
8.80 30105.60
8.90 30105.60
9.00 30105.60
9.10 3993.60
9.20 3993.60
9.30 3993.60
9.40 3993.60
9.50 3993.60
9.60 3993.60
9.70 3993.60
9.80 3993.60
9.90 3993.60
10.00 3993.60
