0.10 38297.60
0.20 38297.60
0.30 38297.60
0.40 38297.60
0.50 38297.60
0.60 38297.60
0.70 38297.60
0.80 38297.60
0.90 38297.60
1.00 38297.60
1.10 52428.80
1.20 52428.80
1.30 52428.80
1.40 52428.80
1.50 52428.80
1.60 52428.80
1.70 52428.80
1.80 52428.80
1.90 52428.80
2.00 52428.80
2.10 48128.00
2.20 48128.00
2.30 48128.00
2.40 48128.00
2.50 48128.00
2.60 48128.00
2.70 48128.00
2.80 48128.00
2.90 48128.00
3.00 48128.00
3.10 52531.20
3.20 52531.20
3.30 52531.20
3.40 52531.20
3.50 52531.20
3.60 52531.20
3.70 52531.20
3.80 52531.20
3.90 52531.20
4.00 52531.20
4.10 47820.80
4.20 47820.80
4.30 47820.80
4.40 47820.80
4.50 47820.80
4.60 47820.80
4.70 47820.80
4.80 47820.80
4.90 47820.80
5.00 47820.80
5.10 35737.60
5.20 35737.60
5.30 35737.60
5.40 35737.60
5.50 35737.60
5.60 35737.60
5.70 35737.60
5.80 35737.60
5.90 35737.60
6.00 35737.60
6.10 67686.40
6.20 67686.40
6.30 67686.40
6.40 67686.40
6.50 67686.40
6.60 67686.40
6.70 67686.40
6.80 67686.40
6.90 67686.40
7.00 67686.40
7.10 51302.40
7.20 51302.40
7.30 51302.40
7.40 51302.40
7.50 51302.40
7.60 51302.40
7.70 51302.40
7.80 51302.40
7.90 51302.40
8.00 51302.40
8.10 47820.80
8.20 47820.80
8.30 47820.80
8.40 47820.80
8.50 47820.80
8.60 47820.80
8.70 47820.80
8.80 47820.80
8.90 47820.80
9.00 47820.80
9.10 40755.20
9.20 40755.20
9.30 40755.20
9.40 40755.20
9.50 40755.20
9.60 40755.20
9.70 40755.20
9.80 40755.20
9.90 40755.20
10.00 40755.20
