0.10 66150.40
0.20 66150.40
0.30 66150.40
0.40 66150.40
0.50 66150.40
0.60 66150.40
0.70 66150.40
0.80 66150.40
0.90 66150.40
1.00 66150.40
1.10 66150.40
1.20 66150.40
1.30 66150.40
1.40 66150.40
1.50 66150.40
1.60 66150.40
1.70 66150.40
1.80 66150.40
1.90 66150.40
2.00 66150.40
2.10 68198.40
2.20 68198.40
2.30 68198.40
2.40 68198.40
2.50 68198.40
2.60 68198.40
2.70 68198.40
2.80 68198.40
2.90 68198.40
3.00 68198.40
3.10 63283.20
3.20 63283.20
3.30 63283.20
3.40 63283.20
3.50 63283.20
3.60 63283.20
3.70 63283.20
3.80 63283.20
3.90 63283.20
4.00 63283.20
4.10 15360.00
4.20 15360.00
4.30 15360.00
4.40 15360.00
4.50 15360.00
4.60 15360.00
4.70 15360.00
4.80 15360.00
4.90 15360.00
5.00 15360.00
5.10 117760.00
5.20 117760.00
5.30 117760.00
5.40 117760.00
5.50 117760.00
5.60 117760.00
5.70 117760.00
5.80 117760.00
5.90 117760.00
6.00 117760.00
6.10 64512.00
6.20 64512.00
6.30 64512.00
6.40 64512.00
6.50 64512.00
6.60 64512.00
6.70 64512.00
6.80 64512.00
6.90 64512.00
7.00 64512.00
7.10 64307.20
7.20 64307.20
7.30 64307.20
7.40 64307.20
7.50 64307.20
7.60 64307.20
7.70 64307.20
7.80 64307.20
7.90 64307.20
8.00 64307.20
8.10 66150.40
8.20 66150.40
8.30 66150.40
8.40 66150.40
8.50 66150.40
8.60 66150.40
8.70 66150.40
8.80 66150.40
8.90 66150.40
9.00 66150.40
9.10 67276.80
9.20 67276.80
9.30 67276.80
9.40 67276.80
9.50 67276.80
9.60 67276.80
9.70 67276.80
9.80 67276.80
9.90 67276.80
10.00 67276.80
