0.10 62259.20
0.20 62259.20
0.30 62259.20
0.40 62259.20
0.50 62259.20
0.60 62259.20
0.70 62259.20
0.80 62259.20
0.90 62259.20
1.00 62259.20
1.10 59801.60
1.20 59801.60
1.30 59801.60
1.40 59801.60
1.50 59801.60
1.60 59801.60
1.70 59801.60
1.80 59801.60
1.90 59801.60
2.00 59801.60
2.10 59187.20
2.20 59187.20
2.30 59187.20
2.40 59187.20
2.50 59187.20
2.60 59187.20
2.70 59187.20
2.80 59187.20
2.90 59187.20
3.00 59187.20
3.10 53964.80
3.20 53964.80
3.30 53964.80
3.40 53964.80
3.50 53964.80
3.60 53964.80
3.70 53964.80
3.80 53964.80
3.90 53964.80
4.00 53964.80
4.10 0.00
4.20 0.00
4.30 0.00
4.40 0.00
4.50 0.00
4.60 0.00
4.70 0.00
4.80 0.00
4.90 0.00
5.00 0.00
5.10 109568.00
5.20 109568.00
5.30 109568.00
5.40 109568.00
5.50 109568.00
5.60 109568.00
5.70 109568.00
5.80 109568.00
5.90 109568.00
6.00 109568.00
6.10 50892.80
6.20 50892.80
6.30 50892.80
6.40 50892.80
6.50 50892.80
6.60 50892.80
6.70 50892.80
6.80 50892.80
6.90 50892.80
7.00 50892.80
7.10 40857.60
7.20 40857.60
7.30 40857.60
7.40 40857.60
7.50 40857.60
7.60 40857.60
7.70 40857.60
7.80 40857.60
7.90 40857.60
8.00 40857.60
8.10 63488.00
8.20 63488.00
8.30 63488.00
8.40 63488.00
8.50 63488.00
8.60 63488.00
8.70 63488.00
8.80 63488.00
8.90 63488.00
9.00 63488.00
9.10 48230.40
9.20 48230.40
9.30 48230.40
9.40 48230.40
9.50 48230.40
9.60 48230.40
9.70 48230.40
9.80 48230.40
9.90 48230.40
10.00 48230.40
