0.10 96460.80
0.20 96460.80
0.30 96460.80
0.40 96460.80
0.50 96460.80
0.60 96460.80
0.70 96460.80
0.80 96460.80
0.90 96460.80
1.00 96460.80
1.10 101376.00
1.20 101376.00
1.30 101376.00
1.40 101376.00
1.50 101376.00
1.60 101376.00
1.70 101376.00
1.80 101376.00
1.90 101376.00
2.00 101376.00
2.10 99020.80
2.20 99020.80
2.30 99020.80
2.40 99020.80
2.50 99020.80
2.60 99020.80
2.70 99020.80
2.80 99020.80
2.90 99020.80
3.00 99020.80
3.10 98611.20
3.20 98611.20
3.30 98611.20
3.40 98611.20
3.50 98611.20
3.60 98611.20
3.70 98611.20
3.80 98611.20
3.90 98611.20
4.00 98611.20
4.10 99737.60
4.20 99737.60
4.30 99737.60
4.40 99737.60
4.50 99737.60
4.60 99737.60
4.70 99737.60
4.80 99737.60
4.90 99737.60
5.00 99737.60
5.10 95539.20
5.20 95539.20
5.30 95539.20
5.40 95539.20
5.50 95539.20
5.60 95539.20
5.70 95539.20
5.80 95539.20
5.90 95539.20
6.00 95539.20
6.10 74035.20
6.20 74035.20
6.30 74035.20
6.40 74035.20
6.50 74035.20
6.60 74035.20
6.70 74035.20
6.80 74035.20
6.90 74035.20
7.00 74035.20
7.10 101580.80
7.20 101580.80
7.30 101580.80
7.40 101580.80
7.50 101580.80
7.60 101580.80
7.70 101580.80
7.80 101580.80
7.90 101580.80
8.00 101580.80
8.10 97689.60
8.20 97689.60
8.30 97689.60
8.40 97689.60
8.50 97689.60
8.60 97689.60
8.70 97689.60
8.80 97689.60
8.90 97689.60
9.00 97689.60
9.10 98816.00
9.20 98816.00
9.30 98816.00
9.40 98816.00
9.50 98816.00
9.60 98816.00
9.70 98816.00
9.80 98816.00
9.90 98816.00
10.00 98816.00
