0.10 43008.00
0.20 43008.00
0.30 43008.00
0.40 43008.00
0.50 43008.00
0.60 43008.00
0.70 43008.00
0.80 43008.00
0.90 43008.00
1.00 43008.00
1.10 98611.20
1.20 98611.20
1.30 98611.20
1.40 98611.20
1.50 98611.20
1.60 98611.20
1.70 98611.20
1.80 98611.20
1.90 98611.20
2.00 98611.20
2.10 74240.00
2.20 74240.00
2.30 74240.00
2.40 74240.00
2.50 74240.00
2.60 74240.00
2.70 74240.00
2.80 74240.00
2.90 74240.00
3.00 74240.00
3.10 69222.40
3.20 69222.40
3.30 69222.40
3.40 69222.40
3.50 69222.40
3.60 69222.40
3.70 69222.40
3.80 69222.40
3.90 69222.40
4.00 69222.40
4.10 65843.20
4.20 65843.20
4.30 65843.20
4.40 65843.20
4.50 65843.20
4.60 65843.20
4.70 65843.20
4.80 65843.20
4.90 65843.20
5.00 65843.20
5.10 44544.00
5.20 44544.00
5.30 44544.00
5.40 44544.00
5.50 44544.00
5.60 44544.00
5.70 44544.00
5.80 44544.00
5.90 44544.00
6.00 44544.00
6.10 2560.00
6.20 2560.00
6.30 2560.00
6.40 2560.00
6.50 2560.00
6.60 2560.00
6.70 2560.00
6.80 2560.00
6.90 2560.00
7.00 2560.00
7.10 131072.00
7.20 131072.00
7.30 131072.00
7.40 131072.00
7.50 131072.00
7.60 131072.00
7.70 131072.00
7.80 131072.00
7.90 131072.00
8.00 131072.00
8.10 68198.40
8.20 68198.40
8.30 68198.40
8.40 68198.40
8.50 68198.40
8.60 68198.40
8.70 68198.40
8.80 68198.40
8.90 68198.40
9.00 68198.40
9.10 51200.00
9.20 51200.00
9.30 51200.00
9.40 51200.00
9.50 51200.00
9.60 51200.00
9.70 51200.00
9.80 51200.00
9.90 51200.00
10.00 51200.00
