0.10 74444.80
0.20 74444.80
0.30 74444.80
0.40 74444.80
0.50 74444.80
0.60 74444.80
0.70 74444.80
0.80 74444.80
0.90 74444.80
1.00 74444.80
1.10 83456.00
1.20 83456.00
1.30 83456.00
1.40 83456.00
1.50 83456.00
1.60 83456.00
1.70 83456.00
1.80 83456.00
1.90 83456.00
2.00 83456.00
2.10 91545.60
2.20 91545.60
2.30 91545.60
2.40 91545.60
2.50 91545.60
2.60 91545.60
2.70 91545.60
2.80 91545.60
2.90 91545.60
3.00 91545.60
3.10 78643.20
3.20 78643.20
3.30 78643.20
3.40 78643.20
3.50 78643.20
3.60 78643.20
3.70 78643.20
3.80 78643.20
3.90 78643.20
4.00 78643.20
4.10 69939.20
4.20 69939.20
4.30 69939.20
4.40 69939.20
4.50 69939.20
4.60 69939.20
4.70 69939.20
4.80 69939.20
4.90 69939.20
5.00 69939.20
5.10 92774.40
5.20 92774.40
5.30 92774.40
5.40 92774.40
5.50 92774.40
5.60 92774.40
5.70 92774.40
5.80 92774.40
5.90 92774.40
6.00 92774.40
6.10 67686.40
6.20 67686.40
6.30 67686.40
6.40 67686.40
6.50 67686.40
6.60 67686.40
6.70 67686.40
6.80 67686.40
6.90 67686.40
7.00 67686.40
7.10 65843.20
7.20 65843.20
7.30 65843.20
7.40 65843.20
7.50 65843.20
7.60 65843.20
7.70 65843.20
7.80 65843.20
7.90 65843.20
8.00 65843.20
8.10 75366.40
8.20 75366.40
8.30 75366.40
8.40 75366.40
8.50 75366.40
8.60 75366.40
8.70 75366.40
8.80 75366.40
8.90 75366.40
9.00 75366.40
9.10 66457.60
9.20 66457.60
9.30 66457.60
9.40 66457.60
9.50 66457.60
9.60 66457.60
9.70 66457.60
9.80 66457.60
9.90 66457.60
10.00 66457.60
