0.10 100147.20
0.20 100147.20
0.30 100147.20
0.40 100147.20
0.50 100147.20
0.60 100147.20
0.70 100147.20
0.80 100147.20
0.90 100147.20
1.00 100147.20
1.10 95744.00
1.20 95744.00
1.30 95744.00
1.40 95744.00
1.50 95744.00
1.60 95744.00
1.70 95744.00
1.80 95744.00
1.90 95744.00
2.00 95744.00
2.10 97792.00
2.20 97792.00
2.30 97792.00
2.40 97792.00
2.50 97792.00
2.60 97792.00
2.70 97792.00
2.80 97792.00
2.90 97792.00
3.00 97792.00
3.10 104038.40
3.20 104038.40
3.30 104038.40
3.40 104038.40
3.50 104038.40
3.60 104038.40
3.70 104038.40
3.80 104038.40
3.90 104038.40
4.00 104038.40
4.10 100352.00
4.20 100352.00
4.30 100352.00
4.40 100352.00
4.50 100352.00
4.60 100352.00
4.70 100352.00
4.80 100352.00
4.90 100352.00
5.00 100352.00
5.10 100352.00
5.20 100352.00
5.30 100352.00
5.40 100352.00
5.50 100352.00
5.60 100352.00
5.70 100352.00
5.80 100352.00
5.90 100352.00
6.00 100352.00
6.10 99840.00
6.20 99840.00
6.30 99840.00
6.40 99840.00
6.50 99840.00
6.60 99840.00
6.70 99840.00
6.80 99840.00
6.90 99840.00
7.00 99840.00
7.10 103321.60
7.20 103321.60
7.30 103321.60
7.40 103321.60
7.50 103321.60
7.60 103321.60
7.70 103321.60
7.80 103321.60
7.90 103321.60
8.00 103321.60
8.10 101171.20
8.20 101171.20
8.30 101171.20
8.40 101171.20
8.50 101171.20
8.60 101171.20
8.70 101171.20
8.80 101171.20
8.90 101171.20
9.00 101171.20
9.10 96256.00
9.20 96256.00
9.30 96256.00
9.40 96256.00
9.50 96256.00
9.60 96256.00
9.70 96256.00
9.80 96256.00
9.90 96256.00
10.00 96256.00
