0.10 34611.20
0.20 34611.20
0.30 34611.20
0.40 34611.20
0.50 34611.20
0.60 34611.20
0.70 34611.20
0.80 34611.20
0.90 34611.20
1.00 34611.20
1.10 18841.60
1.20 18841.60
1.30 18841.60
1.40 18841.60
1.50 18841.60
1.60 18841.60
1.70 18841.60
1.80 18841.60
1.90 18841.60
2.00 18841.60
2.10 0.00
2.20 0.00
2.30 0.00
2.40 0.00
2.50 0.00
2.60 0.00
2.70 0.00
2.80 0.00
2.90 0.00
3.00 0.00
3.10 0.00
3.20 0.00
3.30 0.00
3.40 0.00
3.50 0.00
3.60 0.00
3.70 0.00
3.80 0.00
3.90 0.00
4.00 0.00
4.10 0.00
4.20 0.00
4.30 0.00
4.40 0.00
4.50 0.00
4.60 0.00
4.70 0.00
4.80 0.00
4.90 0.00
5.00 0.00
5.10 48537.60
5.20 48537.60
5.30 48537.60
5.40 48537.60
5.50 48537.60
5.60 48537.60
5.70 48537.60
5.80 48537.60
5.90 48537.60
6.00 48537.60
6.10 9113.60
6.20 9113.60
6.30 9113.60
6.40 9113.60
6.50 9113.60
6.60 9113.60
6.70 9113.60
6.80 9113.60
6.90 9113.60
7.00 9113.60
7.10 5529.60
7.20 5529.60
7.30 5529.60
7.40 5529.60
7.50 5529.60
7.60 5529.60
7.70 5529.60
7.80 5529.60
7.90 5529.60
8.00 5529.60
8.10 5734.40
8.20 5734.40
8.30 5734.40
8.40 5734.40
8.50 5734.40
8.60 5734.40
8.70 5734.40
8.80 5734.40
8.90 5734.40
9.00 5734.40
9.10 6348.80
9.20 6348.80
9.30 6348.80
9.40 6348.80
9.50 6348.80
9.60 6348.80
9.70 6348.80
9.80 6348.80
9.90 6348.80
10.00 6348.80
