0.10 45363.20
0.20 45363.20
0.30 45363.20
0.40 45363.20
0.50 45363.20
0.60 45363.20
0.70 45363.20
0.80 45363.20
0.90 45363.20
1.00 45363.20
1.10 64819.20
1.20 64819.20
1.30 64819.20
1.40 64819.20
1.50 64819.20
1.60 64819.20
1.70 64819.20
1.80 64819.20
1.90 64819.20
2.00 64819.20
2.10 72704.00
2.20 72704.00
2.30 72704.00
2.40 72704.00
2.50 72704.00
2.60 72704.00
2.70 72704.00
2.80 72704.00
2.90 72704.00
3.00 72704.00
3.10 72396.80
3.20 72396.80
3.30 72396.80
3.40 72396.80
3.50 72396.80
3.60 72396.80
3.70 72396.80
3.80 72396.80
3.90 72396.80
4.00 72396.80
4.10 74240.00
4.20 74240.00
4.30 74240.00
4.40 74240.00
4.50 74240.00
4.60 74240.00
4.70 74240.00
4.80 74240.00
4.90 74240.00
5.00 74240.00
5.10 72396.80
5.20 72396.80
5.30 72396.80
5.40 72396.80
5.50 72396.80
5.60 72396.80
5.70 72396.80
5.80 72396.80
5.90 72396.80
6.00 72396.80
6.10 70348.80
6.20 70348.80
6.30 70348.80
6.40 70348.80
6.50 70348.80
6.60 70348.80
6.70 70348.80
6.80 70348.80
6.90 70348.80
7.00 70348.80
7.10 71168.00
7.20 71168.00
7.30 71168.00
7.40 71168.00
7.50 71168.00
7.60 71168.00
7.70 71168.00
7.80 71168.00
7.90 71168.00
8.00 71168.00
8.10 70860.80
8.20 70860.80
8.30 70860.80
8.40 70860.80
8.50 70860.80
8.60 70860.80
8.70 70860.80
8.80 70860.80
8.90 70860.80
9.00 70860.80
9.10 73932.80
9.20 73932.80
9.30 73932.80
9.40 73932.80
9.50 73932.80
9.60 73932.80
9.70 73932.80
9.80 73932.80
9.90 73932.80
10.00 73932.80
