0.10 57958.40
0.20 57958.40
0.30 57958.40
0.40 57958.40
0.50 57958.40
0.60 57958.40
0.70 57958.40
0.80 57958.40
0.90 57958.40
1.00 57958.40
1.10 56320.00
1.20 56320.00
1.30 56320.00
1.40 56320.00
1.50 56320.00
1.60 56320.00
1.70 56320.00
1.80 56320.00
1.90 56320.00
2.00 56320.00
2.10 37376.00
2.20 37376.00
2.30 37376.00
2.40 37376.00
2.50 37376.00
2.60 37376.00
2.70 37376.00
2.80 37376.00
2.90 37376.00
3.00 37376.00
3.10 36864.00
3.20 36864.00
3.30 36864.00
3.40 36864.00
3.50 36864.00
3.60 36864.00
3.70 36864.00
3.80 36864.00
3.90 36864.00
4.00 36864.00
4.10 50380.80
4.20 50380.80
4.30 50380.80
4.40 50380.80
4.50 50380.80
4.60 50380.80
4.70 50380.80
4.80 50380.80
4.90 50380.80
5.00 50380.80
5.10 54681.60
5.20 54681.60
5.30 54681.60
5.40 54681.60
5.50 54681.60
5.60 54681.60
5.70 54681.60
5.80 54681.60
5.90 54681.60
6.00 54681.60
6.10 47001.60
6.20 47001.60
6.30 47001.60
6.40 47001.60
6.50 47001.60
6.60 47001.60
6.70 47001.60
6.80 47001.60
6.90 47001.60
7.00 47001.60
7.10 35942.40
7.20 35942.40
7.30 35942.40
7.40 35942.40
7.50 35942.40
7.60 35942.40
7.70 35942.40
7.80 35942.40
7.90 35942.40
8.00 35942.40
8.10 62259.20
8.20 62259.20
8.30 62259.20
8.40 62259.20
8.50 62259.20
8.60 62259.20
8.70 62259.20
8.80 62259.20
8.90 62259.20
9.00 62259.20
9.10 49868.80
9.20 49868.80
9.30 49868.80
9.40 49868.80
9.50 49868.80
9.60 49868.80
9.70 49868.80
9.80 49868.80
9.90 49868.80
10.00 49868.80
