0.10 59801.60
0.20 59801.60
0.30 59801.60
0.40 59801.60
0.50 59801.60
0.60 59801.60
0.70 59801.60
0.80 59801.60
0.90 59801.60
1.00 59801.60
1.10 62976.00
1.20 62976.00
1.30 62976.00
1.40 62976.00
1.50 62976.00
1.60 62976.00
1.70 62976.00
1.80 62976.00
1.90 62976.00
2.00 62976.00
2.10 63385.60
2.20 63385.60
2.30 63385.60
2.40 63385.60
2.50 63385.60
2.60 63385.60
2.70 63385.60
2.80 63385.60
2.90 63385.60
3.00 63385.60
3.10 64512.00
3.20 64512.00
3.30 64512.00
3.40 64512.00
3.50 64512.00
3.60 64512.00
3.70 64512.00
3.80 64512.00
3.90 64512.00
4.00 64512.00
4.10 29081.60
4.20 29081.60
4.30 29081.60
4.40 29081.60
4.50 29081.60
4.60 29081.60
4.70 29081.60
4.80 29081.60
4.90 29081.60
5.00 29081.60
5.10 94617.60
5.20 94617.60
5.30 94617.60
5.40 94617.60
5.50 94617.60
5.60 94617.60
5.70 94617.60
5.80 94617.60
5.90 94617.60
6.00 94617.60
6.10 62361.60
6.20 62361.60
6.30 62361.60
6.40 62361.60
6.50 62361.60
6.60 62361.60
6.70 62361.60
6.80 62361.60
6.90 62361.60
7.00 62361.60
7.10 61030.40
7.20 61030.40
7.30 61030.40
7.40 61030.40
7.50 61030.40
7.60 61030.40
7.70 61030.40
7.80 61030.40
7.90 61030.40
8.00 61030.40
8.10 58777.60
8.20 58777.60
8.30 58777.60
8.40 58777.60
8.50 58777.60
8.60 58777.60
8.70 58777.60
8.80 58777.60
8.90 58777.60
9.00 58777.60
9.10 60313.60
9.20 60313.60
9.30 60313.60
9.40 60313.60
9.50 60313.60
9.60 60313.60
9.70 60313.60
9.80 60313.60
9.90 60313.60
10.00 60313.60
