0.10 92262.40
0.20 92262.40
0.30 92262.40
0.40 92262.40
0.50 92262.40
0.60 92262.40
0.70 92262.40
0.80 92262.40
0.90 92262.40
1.00 92262.40
1.10 73932.80
1.20 73932.80
1.30 73932.80
1.40 73932.80
1.50 73932.80
1.60 73932.80
1.70 73932.80
1.80 73932.80
1.90 73932.80
2.00 73932.80
2.10 60620.80
2.20 60620.80
2.30 60620.80
2.40 60620.80
2.50 60620.80
2.60 60620.80
2.70 60620.80
2.80 60620.80
2.90 60620.80
3.00 60620.80
3.10 83456.00
3.20 83456.00
3.30 83456.00
3.40 83456.00
3.50 83456.00
3.60 83456.00
3.70 83456.00
3.80 83456.00
3.90 83456.00
4.00 83456.00
4.10 84787.20
4.20 84787.20
4.30 84787.20
4.40 84787.20
4.50 84787.20
4.60 84787.20
4.70 84787.20
4.80 84787.20
4.90 84787.20
5.00 84787.20
5.10 81612.80
5.20 81612.80
5.30 81612.80
5.40 81612.80
5.50 81612.80
5.60 81612.80
5.70 81612.80
5.80 81612.80
5.90 81612.80
6.00 81612.80
6.10 85606.40
6.20 85606.40
6.30 85606.40
6.40 85606.40
6.50 85606.40
6.60 85606.40
6.70 85606.40
6.80 85606.40
6.90 85606.40
7.00 85606.40
7.10 61542.40
7.20 61542.40
7.30 61542.40
7.40 61542.40
7.50 61542.40
7.60 61542.40
7.70 61542.40
7.80 61542.40
7.90 61542.40
8.00 61542.40
8.10 64204.80
8.20 64204.80
8.30 64204.80
8.40 64204.80
8.50 64204.80
8.60 64204.80
8.70 64204.80
8.80 64204.80
8.90 64204.80
9.00 64204.80
9.10 39116.80
9.20 39116.80
9.30 39116.80
9.40 39116.80
9.50 39116.80
9.60 39116.80
9.70 39116.80
9.80 39116.80
9.90 39116.80
10.00 39116.80
