0.10 60723.20
0.20 60723.20
0.30 60723.20
0.40 60723.20
0.50 60723.20
0.60 60723.20
0.70 60723.20
0.80 60723.20
0.90 60723.20
1.00 60723.20
1.10 22323.20
1.20 22323.20
1.30 22323.20
1.40 22323.20
1.50 22323.20
1.60 22323.20
1.70 22323.20
1.80 22323.20
1.90 22323.20
2.00 22323.20
2.10 96153.60
2.20 96153.60
2.30 96153.60
2.40 96153.60
2.50 96153.60
2.60 96153.60
2.70 96153.60
2.80 96153.60
2.90 96153.60
3.00 96153.60
3.10 65331.20
3.20 65331.20
3.30 65331.20
3.40 65331.20
3.50 65331.20
3.60 65331.20
3.70 65331.20
3.80 65331.20
3.90 65331.20
4.00 65331.20
4.10 66252.80
4.20 66252.80
4.30 66252.80
4.40 66252.80
4.50 66252.80
4.60 66252.80
4.70 66252.80
4.80 66252.80
4.90 66252.80
5.00 66252.80
5.10 65228.80
5.20 65228.80
5.30 65228.80
5.40 65228.80
5.50 65228.80
5.60 65228.80
5.70 65228.80
5.80 65228.80
5.90 65228.80
6.00 65228.80
6.10 61952.00
6.20 61952.00
6.30 61952.00
6.40 61952.00
6.50 61952.00
6.60 61952.00
6.70 61952.00
6.80 61952.00
6.90 61952.00
7.00 61952.00
7.10 57651.20
7.20 57651.20
7.30 57651.20
7.40 57651.20
7.50 57651.20
7.60 57651.20
7.70 57651.20
7.80 57651.20
7.90 57651.20
8.00 57651.20
8.10 67379.20
8.20 67379.20
8.30 67379.20
8.40 67379.20
8.50 67379.20
8.60 67379.20
8.70 67379.20
8.80 67379.20
8.90 67379.20
9.00 67379.20
9.10 65024.00
9.20 65024.00
9.30 65024.00
9.40 65024.00
9.50 65024.00
9.60 65024.00
9.70 65024.00
9.80 65024.00
9.90 65024.00
10.00 65024.00
