0.10 73523.20
0.20 73523.20
0.30 73523.20
0.40 73523.20
0.50 73523.20
0.60 73523.20
0.70 73523.20
0.80 73523.20
0.90 73523.20
1.00 73523.20
1.10 72806.40
1.20 72806.40
1.30 72806.40
1.40 72806.40
1.50 72806.40
1.60 72806.40
1.70 72806.40
1.80 72806.40
1.90 72806.40
2.00 72806.40
2.10 35225.60
2.20 35225.60
2.30 35225.60
2.40 35225.60
2.50 35225.60
2.60 35225.60
2.70 35225.60
2.80 35225.60
2.90 35225.60
3.00 35225.60
3.10 99225.60
3.20 99225.60
3.30 99225.60
3.40 99225.60
3.50 99225.60
3.60 99225.60
3.70 99225.60
3.80 99225.60
3.90 99225.60
4.00 99225.60
4.10 71577.60
4.20 71577.60
4.30 71577.60
4.40 71577.60
4.50 71577.60
4.60 71577.60
4.70 71577.60
4.80 71577.60
4.90 71577.60
5.00 71577.60
5.10 70451.20
5.20 70451.20
5.30 70451.20
5.40 70451.20
5.50 70451.20
5.60 70451.20
5.70 70451.20
5.80 70451.20
5.90 70451.20
6.00 70451.20
6.10 69324.80
6.20 69324.80
6.30 69324.80
6.40 69324.80
6.50 69324.80
6.60 69324.80
6.70 69324.80
6.80 69324.80
6.90 69324.80
7.00 69324.80
7.10 46899.20
7.20 46899.20
7.30 46899.20
7.40 46899.20
7.50 46899.20
7.60 46899.20
7.70 46899.20
7.80 46899.20
7.90 46899.20
8.00 46899.20
8.10 82534.40
8.20 82534.40
8.30 82534.40
8.40 82534.40
8.50 82534.40
8.60 82534.40
8.70 82534.40
8.80 82534.40
8.90 82534.40
9.00 82534.40
9.10 73420.80
9.20 73420.80
9.30 73420.80
9.40 73420.80
9.50 73420.80
9.60 73420.80
9.70 73420.80
9.80 73420.80
9.90 73420.80
10.00 73420.80
