0.10 11366.40
0.20 11366.40
0.30 11366.40
0.40 11366.40
0.50 11366.40
0.60 11366.40
0.70 11366.40
0.80 11366.40
0.90 11366.40
1.00 11366.40
1.10 3584.00
1.20 3584.00
1.30 3584.00
1.40 3584.00
1.50 3584.00
1.60 3584.00
1.70 3584.00
1.80 3584.00
1.90 3584.00
2.00 3584.00
2.10 0.00
2.20 0.00
2.30 0.00
2.40 0.00
2.50 0.00
2.60 0.00
2.70 0.00
2.80 0.00
2.90 0.00
3.00 0.00
3.10 0.00
3.20 0.00
3.30 0.00
3.40 0.00
3.50 0.00
3.60 0.00
3.70 0.00
3.80 0.00
3.90 0.00
4.00 0.00
4.10 41574.40
4.20 41574.40
4.30 41574.40
4.40 41574.40
4.50 41574.40
4.60 41574.40
4.70 41574.40
4.80 41574.40
4.90 41574.40
5.00 41574.40
5.10 40345.60
5.20 40345.60
5.30 40345.60
5.40 40345.60
5.50 40345.60
5.60 40345.60
5.70 40345.60
5.80 40345.60
5.90 40345.60
6.00 40345.60
6.10 0.00
6.20 0.00
6.30 0.00
6.40 0.00
6.50 0.00
6.60 0.00
6.70 0.00
6.80 0.00
6.90 0.00
7.00 0.00
7.10 53248.00
7.20 53248.00
7.30 53248.00
7.40 53248.00
7.50 53248.00
7.60 53248.00
7.70 53248.00
7.80 53248.00
7.90 53248.00
8.00 53248.00
8.10 46284.80
8.20 46284.80
8.30 46284.80
8.40 46284.80
8.50 46284.80
8.60 46284.80
8.70 46284.80
8.80 46284.80
8.90 46284.80
9.00 46284.80
9.10 47001.60
9.20 47001.60
9.30 47001.60
9.40 47001.60
9.50 47001.60
9.60 47001.60
9.70 47001.60
9.80 47001.60
9.90 47001.60
10.00 47001.60
