0.10 75980.80
0.20 75980.80
0.30 75980.80
0.40 75980.80
0.50 75980.80
0.60 75980.80
0.70 75980.80
0.80 75980.80
0.90 75980.80
1.00 75980.80
1.10 84787.20
1.20 84787.20
1.30 84787.20
1.40 84787.20
1.50 84787.20
1.60 84787.20
1.70 84787.20
1.80 84787.20
1.90 84787.20
2.00 84787.20
2.10 79462.40
2.20 79462.40
2.30 79462.40
2.40 79462.40
2.50 79462.40
2.60 79462.40
2.70 79462.40
2.80 79462.40
2.90 79462.40
3.00 79462.40
3.10 36147.20
3.20 36147.20
3.30 36147.20
3.40 36147.20
3.50 36147.20
3.60 36147.20
3.70 36147.20
3.80 36147.20
3.90 36147.20
4.00 36147.20
4.10 117657.60
4.20 117657.60
4.30 117657.60
4.40 117657.60
4.50 117657.60
4.60 117657.60
4.70 117657.60
4.80 117657.60
4.90 117657.60
5.00 117657.60
5.10 77926.40
5.20 77926.40
5.30 77926.40
5.40 77926.40
5.50 77926.40
5.60 77926.40
5.70 77926.40
5.80 77926.40
5.90 77926.40
6.00 77926.40
6.10 78950.40
6.20 78950.40
6.30 78950.40
6.40 78950.40
6.50 78950.40
6.60 78950.40
6.70 78950.40
6.80 78950.40
6.90 78950.40
7.00 78950.40
7.10 67993.60
7.20 67993.60
7.30 67993.60
7.40 67993.60
7.50 67993.60
7.60 67993.60
7.70 67993.60
7.80 67993.60
7.90 67993.60
8.00 67993.60
8.10 31641.60
8.20 31641.60
8.30 31641.60
8.40 31641.60
8.50 31641.60
8.60 31641.60
8.70 31641.60
8.80 31641.60
8.90 31641.60
9.00 31641.60
9.10 132812.80
9.20 132812.80
9.30 132812.80
9.40 132812.80
9.50 132812.80
9.60 132812.80
9.70 132812.80
9.80 132812.80
9.90 132812.80
10.00 132812.80
