0.10 88064.00
0.20 88064.00
0.30 88064.00
0.40 88064.00
0.50 88064.00
0.60 88064.00
0.70 88064.00
0.80 88064.00
0.90 88064.00
1.00 88064.00
1.10 87552.00
1.20 87552.00
1.30 87552.00
1.40 87552.00
1.50 87552.00
1.60 87552.00
1.70 87552.00
1.80 87552.00
1.90 87552.00
2.00 87552.00
2.10 90316.80
2.20 90316.80
2.30 90316.80
2.40 90316.80
2.50 90316.80
2.60 90316.80
2.70 90316.80
2.80 90316.80
2.90 90316.80
3.00 90316.80
3.10 83763.20
3.20 83763.20
3.30 83763.20
3.40 83763.20
3.50 83763.20
3.60 83763.20
3.70 83763.20
3.80 83763.20
3.90 83763.20
4.00 83763.20
4.10 86016.00
4.20 86016.00
4.30 86016.00
4.40 86016.00
4.50 86016.00
4.60 86016.00
4.70 86016.00
4.80 86016.00
4.90 86016.00
5.00 86016.00
5.10 86732.80
5.20 86732.80
5.30 86732.80
5.40 86732.80
5.50 86732.80
5.60 86732.80
5.70 86732.80
5.80 86732.80
5.90 86732.80
6.00 86732.80
6.10 60723.20
6.20 60723.20
6.30 60723.20
6.40 60723.20
6.50 60723.20
6.60 60723.20
6.70 60723.20
6.80 60723.20
6.90 60723.20
7.00 60723.20
7.10 45056.00
7.20 45056.00
7.30 45056.00
7.40 45056.00
7.50 45056.00
7.60 45056.00
7.70 45056.00
7.80 45056.00
7.90 45056.00
8.00 45056.00
8.10 42803.20
8.20 42803.20
8.30 42803.20
8.40 42803.20
8.50 42803.20
8.60 42803.20
8.70 42803.20
8.80 42803.20
8.90 42803.20
9.00 42803.20
9.10 67993.60
9.20 67993.60
9.30 67993.60
9.40 67993.60
9.50 67993.60
9.60 67993.60
9.70 67993.60
9.80 67993.60
9.90 67993.60
10.00 67993.60
