0.10 74854.40
0.20 74854.40
0.30 74854.40
0.40 74854.40
0.50 74854.40
0.60 74854.40
0.70 74854.40
0.80 74854.40
0.90 74854.40
1.00 74854.40
1.10 70451.20
1.20 70451.20
1.30 70451.20
1.40 70451.20
1.50 70451.20
1.60 70451.20
1.70 70451.20
1.80 70451.20
1.90 70451.20
2.00 70451.20
2.10 75059.20
2.20 75059.20
2.30 75059.20
2.40 75059.20
2.50 75059.20
2.60 75059.20
2.70 75059.20
2.80 75059.20
2.90 75059.20
3.00 75059.20
3.10 74240.00
3.20 74240.00
3.30 74240.00
3.40 74240.00
3.50 74240.00
3.60 74240.00
3.70 74240.00
3.80 74240.00
3.90 74240.00
4.00 74240.00
4.10 71577.60
4.20 71577.60
4.30 71577.60
4.40 71577.60
4.50 71577.60
4.60 71577.60
4.70 71577.60
4.80 71577.60
4.90 71577.60
5.00 71577.60
5.10 67276.80
5.20 67276.80
5.30 67276.80
5.40 67276.80
5.50 67276.80
5.60 67276.80
5.70 67276.80
5.80 67276.80
5.90 67276.80
6.00 67276.80
6.10 68198.40
6.20 68198.40
6.30 68198.40
6.40 68198.40
6.50 68198.40
6.60 68198.40
6.70 68198.40
6.80 68198.40
6.90 68198.40
7.00 68198.40
7.10 70451.20
7.20 70451.20
7.30 70451.20
7.40 70451.20
7.50 70451.20
7.60 70451.20
7.70 70451.20
7.80 70451.20
7.90 70451.20
8.00 70451.20
8.10 67174.40
8.20 67174.40
8.30 67174.40
8.40 67174.40
8.50 67174.40
8.60 67174.40
8.70 67174.40
8.80 67174.40
8.90 67174.40
9.00 67174.40
9.10 71577.60
9.20 71577.60
9.30 71577.60
9.40 71577.60
9.50 71577.60
9.60 71577.60
9.70 71577.60
9.80 71577.60
9.90 71577.60
10.00 71577.60
