0.10 73932.80
0.20 73932.80
0.30 73932.80
0.40 73932.80
0.50 73932.80
0.60 73932.80
0.70 73932.80
0.80 73932.80
0.90 73932.80
1.00 73932.80
1.10 72704.00
1.20 72704.00
1.30 72704.00
1.40 72704.00
1.50 72704.00
1.60 72704.00
1.70 72704.00
1.80 72704.00
1.90 72704.00
2.00 72704.00
2.10 72499.20
2.20 72499.20
2.30 72499.20
2.40 72499.20
2.50 72499.20
2.60 72499.20
2.70 72499.20
2.80 72499.20
2.90 72499.20
3.00 72499.20
3.10 71270.40
3.20 71270.40
3.30 71270.40
3.40 71270.40
3.50 71270.40
3.60 71270.40
3.70 71270.40
3.80 71270.40
3.90 71270.40
4.00 71270.40
4.10 70144.00
4.20 70144.00
4.30 70144.00
4.40 70144.00
4.50 70144.00
4.60 70144.00
4.70 70144.00
4.80 70144.00
4.90 70144.00
5.00 70144.00
5.10 73625.60
5.20 73625.60
5.30 73625.60
5.40 73625.60
5.50 73625.60
5.60 73625.60
5.70 73625.60
5.80 73625.60
5.90 73625.60
6.00 73625.60
6.10 75468.80
6.20 75468.80
6.30 75468.80
6.40 75468.80
6.50 75468.80
6.60 75468.80
6.70 75468.80
6.80 75468.80
6.90 75468.80
7.00 75468.80
7.10 73216.00
7.20 73216.00
7.30 73216.00
7.40 73216.00
7.50 73216.00
7.60 73216.00
7.70 73216.00
7.80 73216.00
7.90 73216.00
8.00 73216.00
8.10 73113.60
8.20 73113.60
8.30 73113.60
8.40 73113.60
8.50 73113.60
8.60 73113.60
8.70 73113.60
8.80 73113.60
8.90 73113.60
9.00 73113.60
9.10 73523.20
9.20 73523.20
9.30 73523.20
9.40 73523.20
9.50 73523.20
9.60 73523.20
9.70 73523.20
9.80 73523.20
9.90 73523.20
10.00 73523.20
