0.10 48844.80
0.20 48844.80
0.30 48844.80
0.40 48844.80
0.50 48844.80
0.60 48844.80
0.70 48844.80
0.80 48844.80
0.90 48844.80
1.00 48844.80
1.10 55193.60
1.20 55193.60
1.30 55193.60
1.40 55193.60
1.50 55193.60
1.60 55193.60
1.70 55193.60
1.80 55193.60
1.90 55193.60
2.00 55193.60
2.10 66048.00
2.20 66048.00
2.30 66048.00
2.40 66048.00
2.50 66048.00
2.60 66048.00
2.70 66048.00
2.80 66048.00
2.90 66048.00
3.00 66048.00
3.10 62566.40
3.20 62566.40
3.30 62566.40
3.40 62566.40
3.50 62566.40
3.60 62566.40
3.70 62566.40
3.80 62566.40
3.90 62566.40
4.00 62566.40
4.10 46489.60
4.20 46489.60
4.30 46489.60
4.40 46489.60
4.50 46489.60
4.60 46489.60
4.70 46489.60
4.80 46489.60
4.90 46489.60
5.00 46489.60
5.10 86016.00
5.20 86016.00
5.30 86016.00
5.40 86016.00
5.50 86016.00
5.60 86016.00
5.70 86016.00
5.80 86016.00
5.90 86016.00
6.00 86016.00
6.10 68915.20
6.20 68915.20
6.30 68915.20
6.40 68915.20
6.50 68915.20
6.60 68915.20
6.70 68915.20
6.80 68915.20
6.90 68915.20
7.00 68915.20
7.10 68403.20
7.20 68403.20
7.30 68403.20
7.40 68403.20
7.50 68403.20
7.60 68403.20
7.70 68403.20
7.80 68403.20
7.90 68403.20
8.00 68403.20
8.10 70860.80
8.20 70860.80
8.30 70860.80
8.40 70860.80
8.50 70860.80
8.60 70860.80
8.70 70860.80
8.80 70860.80
8.90 70860.80
9.00 70860.80
9.10 66560.00
9.20 66560.00
9.30 66560.00
9.40 66560.00
9.50 66560.00
9.60 66560.00
9.70 66560.00
9.80 66560.00
9.90 66560.00
10.00 66560.00
