0.10 39526.40
0.20 39526.40
0.30 39526.40
0.40 39526.40
0.50 39526.40
0.60 39526.40
0.70 39526.40
0.80 39526.40
0.90 39526.40
1.00 39526.40
1.10 32256.00
1.20 32256.00
1.30 32256.00
1.40 32256.00
1.50 32256.00
1.60 32256.00
1.70 32256.00
1.80 32256.00
1.90 32256.00
2.00 32256.00
2.10 44236.80
2.20 44236.80
2.30 44236.80
2.40 44236.80
2.50 44236.80
2.60 44236.80
2.70 44236.80
2.80 44236.80
2.90 44236.80
3.00 44236.80
3.10 44953.60
3.20 44953.60
3.30 44953.60
3.40 44953.60
3.50 44953.60
3.60 44953.60
3.70 44953.60
3.80 44953.60
3.90 44953.60
4.00 44953.60
4.10 33075.20
4.20 33075.20
4.30 33075.20
4.40 33075.20
4.50 33075.20
4.60 33075.20
4.70 33075.20
4.80 33075.20
4.90 33075.20
5.00 33075.20
5.10 59392.00
5.20 59392.00
5.30 59392.00
5.40 59392.00
5.50 59392.00
5.60 59392.00
5.70 59392.00
5.80 59392.00
5.90 59392.00
6.00 59392.00
6.10 68505.60
6.20 68505.60
6.30 68505.60
6.40 68505.60
6.50 68505.60
6.60 68505.60
6.70 68505.60
6.80 68505.60
6.90 68505.60
7.00 68505.60
7.10 14336.00
7.20 14336.00
7.30 14336.00
7.40 14336.00
7.50 14336.00
7.60 14336.00
7.70 14336.00
7.80 14336.00
7.90 14336.00
8.00 14336.00
8.10 104140.80
8.20 104140.80
8.30 104140.80
8.40 104140.80
8.50 104140.80
8.60 104140.80
8.70 104140.80
8.80 104140.80
8.90 104140.80
9.00 104140.80
9.10 61337.60
9.20 61337.60
9.30 61337.60
9.40 61337.60
9.50 61337.60
9.60 61337.60
9.70 61337.60
9.80 61337.60
9.90 61337.60
10.00 61337.60
