0.10 55705.60
0.20 55705.60
0.30 55705.60
0.40 55705.60
0.50 55705.60
0.60 55705.60
0.70 55705.60
0.80 55705.60
0.90 55705.60
1.00 55705.60
1.10 62361.60
1.20 62361.60
1.30 62361.60
1.40 62361.60
1.50 62361.60
1.60 62361.60
1.70 62361.60
1.80 62361.60
1.90 62361.60
2.00 62361.60
2.10 38092.80
2.20 38092.80
2.30 38092.80
2.40 38092.80
2.50 38092.80
2.60 38092.80
2.70 38092.80
2.80 38092.80
2.90 38092.80
3.00 38092.80
3.10 41676.80
3.20 41676.80
3.30 41676.80
3.40 41676.80
3.50 41676.80
3.60 41676.80
3.70 41676.80
3.80 41676.80
3.90 41676.80
4.00 41676.80
4.10 42803.20
4.20 42803.20
4.30 42803.20
4.40 42803.20
4.50 42803.20
4.60 42803.20
4.70 42803.20
4.80 42803.20
4.90 42803.20
5.00 42803.20
5.10 46284.80
5.20 46284.80
5.30 46284.80
5.40 46284.80
5.50 46284.80
5.60 46284.80
5.70 46284.80
5.80 46284.80
5.90 46284.80
6.00 46284.80
6.10 59187.20
6.20 59187.20
6.30 59187.20
6.40 59187.20
6.50 59187.20
6.60 59187.20
6.70 59187.20
6.80 59187.20
6.90 59187.20
7.00 59187.20
7.10 63283.20
7.20 63283.20
7.30 63283.20
7.40 63283.20
7.50 63283.20
7.60 63283.20
7.70 63283.20
7.80 63283.20
7.90 63283.20
8.00 63283.20
8.10 56320.00
8.20 56320.00
8.30 56320.00
8.40 56320.00
8.50 56320.00
8.60 56320.00
8.70 56320.00
8.80 56320.00
8.90 56320.00
9.00 56320.00
9.10 78745.60
9.20 78745.60
9.30 78745.60
9.40 78745.60
9.50 78745.60
9.60 78745.60
9.70 78745.60
9.80 78745.60
9.90 78745.60
10.00 78745.60
