0.10 74240.00
0.20 74240.00
0.30 74240.00
0.40 74240.00
0.50 74240.00
0.60 74240.00
0.70 74240.00
0.80 74240.00
0.90 74240.00
1.00 74240.00
1.10 75468.80
1.20 75468.80
1.30 75468.80
1.40 75468.80
1.50 75468.80
1.60 75468.80
1.70 75468.80
1.80 75468.80
1.90 75468.80
2.00 75468.80
2.10 55603.20
2.20 55603.20
2.30 55603.20
2.40 55603.20
2.50 55603.20
2.60 55603.20
2.70 55603.20
2.80 55603.20
2.90 55603.20
3.00 55603.20
3.10 86528.00
3.20 86528.00
3.30 86528.00
3.40 86528.00
3.50 86528.00
3.60 86528.00
3.70 86528.00
3.80 86528.00
3.90 86528.00
4.00 86528.00
4.10 76697.60
4.20 76697.60
4.30 76697.60
4.40 76697.60
4.50 76697.60
4.60 76697.60
4.70 76697.60
4.80 76697.60
4.90 76697.60
5.00 76697.60
5.10 73113.60
5.20 73113.60
5.30 73113.60
5.40 73113.60
5.50 73113.60
5.60 73113.60
5.70 73113.60
5.80 73113.60
5.90 73113.60
6.00 73113.60
6.10 73932.80
6.20 73932.80
6.30 73932.80
6.40 73932.80
6.50 73932.80
6.60 73932.80
6.70 73932.80
6.80 73932.80
6.90 73932.80
7.00 73932.80
7.10 78540.80
7.20 78540.80
7.30 78540.80
7.40 78540.80
7.50 78540.80
7.60 78540.80
7.70 78540.80
7.80 78540.80
7.90 78540.80
8.00 78540.80
8.10 29900.80
8.20 29900.80
8.30 29900.80
8.40 29900.80
8.50 29900.80
8.60 29900.80
8.70 29900.80
8.80 29900.80
8.90 29900.80
9.00 29900.80
9.10 118988.80
9.20 118988.80
9.30 118988.80
9.40 118988.80
9.50 118988.80
9.60 118988.80
9.70 118988.80
9.80 118988.80
9.90 118988.80
10.00 118988.80
