0.10 74035.20
0.20 74035.20
0.30 74035.20
0.40 74035.20
0.50 74035.20
0.60 74035.20
0.70 74035.20
0.80 74035.20
0.90 74035.20
1.00 74035.20
1.10 67788.80
1.20 67788.80
1.30 67788.80
1.40 67788.80
1.50 67788.80
1.60 67788.80
1.70 67788.80
1.80 67788.80
1.90 67788.80
2.00 67788.80
2.10 50073.60
2.20 50073.60
2.30 50073.60
2.40 50073.60
2.50 50073.60
2.60 50073.60
2.70 50073.60
2.80 50073.60
2.90 50073.60
3.00 50073.60
3.10 94924.80
3.20 94924.80
3.30 94924.80
3.40 94924.80
3.50 94924.80
3.60 94924.80
3.70 94924.80
3.80 94924.80
3.90 94924.80
4.00 94924.80
4.10 74035.20
4.20 74035.20
4.30 74035.20
4.40 74035.20
4.50 74035.20
4.60 74035.20
4.70 74035.20
4.80 74035.20
4.90 74035.20
5.00 74035.20
5.10 73830.40
5.20 73830.40
5.30 73830.40
5.40 73830.40
5.50 73830.40
5.60 73830.40
5.70 73830.40
5.80 73830.40
5.90 73830.40
6.00 73830.40
6.10 74035.20
6.20 74035.20
6.30 74035.20
6.40 74035.20
6.50 74035.20
6.60 74035.20
6.70 74035.20
6.80 74035.20
6.90 74035.20
7.00 74035.20
7.10 73830.40
7.20 73830.40
7.30 73830.40
7.40 73830.40
7.50 73830.40
7.60 73830.40
7.70 73830.40
7.80 73830.40
7.90 73830.40
8.00 73830.40
8.10 74752.00
8.20 74752.00
8.30 74752.00
8.40 74752.00
8.50 74752.00
8.60 74752.00
8.70 74752.00
8.80 74752.00
8.90 74752.00
9.00 74752.00
9.10 73932.80
9.20 73932.80
9.30 73932.80
9.40 73932.80
9.50 73932.80
9.60 73932.80
9.70 73932.80
9.80 73932.80
9.90 73932.80
10.00 73932.80
