0.10 80691.20
0.20 80691.20
0.30 80691.20
0.40 80691.20
0.50 80691.20
0.60 80691.20
0.70 80691.20
0.80 80691.20
0.90 80691.20
1.00 80691.20
1.10 51609.60
1.20 51609.60
1.30 51609.60
1.40 51609.60
1.50 51609.60
1.60 51609.60
1.70 51609.60
1.80 51609.60
1.90 51609.60
2.00 51609.60
2.10 120934.40
2.20 120934.40
2.30 120934.40
2.40 120934.40
2.50 120934.40
2.60 120934.40
2.70 120934.40
2.80 120934.40
2.90 120934.40
3.00 120934.40
3.10 86016.00
3.20 86016.00
3.30 86016.00
3.40 86016.00
3.50 86016.00
3.60 86016.00
3.70 86016.00
3.80 86016.00
3.90 86016.00
4.00 86016.00
4.10 88780.80
4.20 88780.80
4.30 88780.80
4.40 88780.80
4.50 88780.80
4.60 88780.80
4.70 88780.80
4.80 88780.80
4.90 88780.80
5.00 88780.80
5.10 87552.00
5.20 87552.00
5.30 87552.00
5.40 87552.00
5.50 87552.00
5.60 87552.00
5.70 87552.00
5.80 87552.00
5.90 87552.00
6.00 87552.00
6.10 78336.00
6.20 78336.00
6.30 78336.00
6.40 78336.00
6.50 78336.00
6.60 78336.00
6.70 78336.00
6.80 78336.00
6.90 78336.00
7.00 78336.00
7.10 78540.80
7.20 78540.80
7.30 78540.80
7.40 78540.80
7.50 78540.80
7.60 78540.80
7.70 78540.80
7.80 78540.80
7.90 78540.80
8.00 78540.80
8.10 84889.60
8.20 84889.60
8.30 84889.60
8.40 84889.60
8.50 84889.60
8.60 84889.60
8.70 84889.60
8.80 84889.60
8.90 84889.60
9.00 84889.60
9.10 80998.40
9.20 80998.40
9.30 80998.40
9.40 80998.40
9.50 80998.40
9.60 80998.40
9.70 80998.40
9.80 80998.40
9.90 80998.40
10.00 80998.40
