0.10 94720.00
0.20 94720.00
0.30 94720.00
0.40 94720.00
0.50 94720.00
0.60 94720.00
0.70 94720.00
0.80 94720.00
0.90 94720.00
1.00 94720.00
1.10 77107.20
1.20 77107.20
1.30 77107.20
1.40 77107.20
1.50 77107.20
1.60 77107.20
1.70 77107.20
1.80 77107.20
1.90 77107.20
2.00 77107.20
2.10 82636.80
2.20 82636.80
2.30 82636.80
2.40 82636.80
2.50 82636.80
2.60 82636.80
2.70 82636.80
2.80 82636.80
2.90 82636.80
3.00 82636.80
3.10 82227.20
3.20 82227.20
3.30 82227.20
3.40 82227.20
3.50 82227.20
3.60 82227.20
3.70 82227.20
3.80 82227.20
3.90 82227.20
4.00 82227.20
4.10 79872.00
4.20 79872.00
4.30 79872.00
4.40 79872.00
4.50 79872.00
4.60 79872.00
4.70 79872.00
4.80 79872.00
4.90 79872.00
5.00 79872.00
5.10 75468.80
5.20 75468.80
5.30 75468.80
5.40 75468.80
5.50 75468.80
5.60 75468.80
5.70 75468.80
5.80 75468.80
5.90 75468.80
6.00 75468.80
6.10 65433.60
6.20 65433.60
6.30 65433.60
6.40 65433.60
6.50 65433.60
6.60 65433.60
6.70 65433.60
6.80 65433.60
6.90 65433.60
7.00 65433.60
7.10 67788.80
7.20 67788.80
7.30 67788.80
7.40 67788.80
7.50 67788.80
7.60 67788.80
7.70 67788.80
7.80 67788.80
7.90 67788.80
8.00 67788.80
8.10 82227.20
8.20 82227.20
8.30 82227.20
8.40 82227.20
8.50 82227.20
8.60 82227.20
8.70 82227.20
8.80 82227.20
8.90 82227.20
9.00 82227.20
9.10 82022.40
9.20 82022.40
9.30 82022.40
9.40 82022.40
9.50 82022.40
9.60 82022.40
9.70 82022.40
9.80 82022.40
9.90 82022.40
10.00 82022.40
