0.10 73625.60
0.20 73625.60
0.30 73625.60
0.40 73625.60
0.50 73625.60
0.60 73625.60
0.70 73625.60
0.80 73625.60
0.90 73625.60
1.00 73625.60
1.10 75878.40
1.20 75878.40
1.30 75878.40
1.40 75878.40
1.50 75878.40
1.60 75878.40
1.70 75878.40
1.80 75878.40
1.90 75878.40
2.00 75878.40
2.10 74752.00
2.20 74752.00
2.30 74752.00
2.40 74752.00
2.50 74752.00
2.60 74752.00
2.70 74752.00
2.80 74752.00
2.90 74752.00
3.00 74752.00
3.10 74240.00
3.20 74240.00
3.30 74240.00
3.40 74240.00
3.50 74240.00
3.60 74240.00
3.70 74240.00
3.80 74240.00
3.90 74240.00
4.00 74240.00
4.10 79462.40
4.20 79462.40
4.30 79462.40
4.40 79462.40
4.50 79462.40
4.60 79462.40
4.70 79462.40
4.80 79462.40
4.90 79462.40
5.00 79462.40
5.10 77516.80
5.20 77516.80
5.30 77516.80
5.40 77516.80
5.50 77516.80
5.60 77516.80
5.70 77516.80
5.80 77516.80
5.90 77516.80
6.00 77516.80
6.10 76800.00
6.20 76800.00
6.30 76800.00
6.40 76800.00
6.50 76800.00
6.60 76800.00
6.70 76800.00
6.80 76800.00
6.90 76800.00
7.00 76800.00
7.10 75366.40
7.20 75366.40
7.30 75366.40
7.40 75366.40
7.50 75366.40
7.60 75366.40
7.70 75366.40
7.80 75366.40
7.90 75366.40
8.00 75366.40
8.10 71475.20
8.20 71475.20
8.30 71475.20
8.40 71475.20
8.50 71475.20
8.60 71475.20
8.70 71475.20
8.80 71475.20
8.90 71475.20
9.00 71475.20
9.10 56832.00
9.20 56832.00
9.30 56832.00
9.40 56832.00
9.50 56832.00
9.60 56832.00
9.70 56832.00
9.80 56832.00
9.90 56832.00
10.00 56832.00
