0.10 91443.20
0.20 91443.20
0.30 91443.20
0.40 91443.20
0.50 91443.20
0.60 91443.20
0.70 91443.20
0.80 91443.20
0.90 91443.20
1.00 91443.20
1.10 86835.20
1.20 86835.20
1.30 86835.20
1.40 86835.20
1.50 86835.20
1.60 86835.20
1.70 86835.20
1.80 86835.20
1.90 86835.20
2.00 86835.20
2.10 85196.80
2.20 85196.80
2.30 85196.80
2.40 85196.80
2.50 85196.80
2.60 85196.80
2.70 85196.80
2.80 85196.80
2.90 85196.80
3.00 85196.80
3.10 86732.80
3.20 86732.80
3.30 86732.80
3.40 86732.80
3.50 86732.80
3.60 86732.80
3.70 86732.80
3.80 86732.80
3.90 86732.80
4.00 86732.80
4.10 90009.60
4.20 90009.60
4.30 90009.60
4.40 90009.60
4.50 90009.60
4.60 90009.60
4.70 90009.60
4.80 90009.60
4.90 90009.60
5.00 90009.60
5.10 87859.20
5.20 87859.20
5.30 87859.20
5.40 87859.20
5.50 87859.20
5.60 87859.20
5.70 87859.20
5.80 87859.20
5.90 87859.20
6.00 87859.20
6.10 86937.60
6.20 86937.60
6.30 86937.60
6.40 86937.60
6.50 86937.60
6.60 86937.60
6.70 86937.60
6.80 86937.60
6.90 86937.60
7.00 86937.60
7.10 88883.20
7.20 88883.20
7.30 88883.20
7.40 88883.20
7.50 88883.20
7.60 88883.20
7.70 88883.20
7.80 88883.20
7.90 88883.20
8.00 88883.20
8.10 91955.20
8.20 91955.20
8.30 91955.20
8.40 91955.20
8.50 91955.20
8.60 91955.20
8.70 91955.20
8.80 91955.20
8.90 91955.20
9.00 91955.20
9.10 91648.00
9.20 91648.00
9.30 91648.00
9.40 91648.00
9.50 91648.00
9.60 91648.00
9.70 91648.00
9.80 91648.00
9.90 91648.00
10.00 91648.00
