0.10 58368.00
0.20 58368.00
0.30 58368.00
0.40 58368.00
0.50 58368.00
0.60 58368.00
0.70 58368.00
0.80 58368.00
0.90 58368.00
1.00 58368.00
1.10 86323.20
1.20 86323.20
1.30 86323.20
1.40 86323.20
1.50 86323.20
1.60 86323.20
1.70 86323.20
1.80 86323.20
1.90 86323.20
2.00 86323.20
2.10 73113.60
2.20 73113.60
2.30 73113.60
2.40 73113.60
2.50 73113.60
2.60 73113.60
2.70 73113.60
2.80 73113.60
2.90 73113.60
3.00 73113.60
3.10 69324.80
3.20 69324.80
3.30 69324.80
3.40 69324.80
3.50 69324.80
3.60 69324.80
3.70 69324.80
3.80 69324.80
3.90 69324.80
4.00 69324.80
4.10 75059.20
4.20 75059.20
4.30 75059.20
4.40 75059.20
4.50 75059.20
4.60 75059.20
4.70 75059.20
4.80 75059.20
4.90 75059.20
5.00 75059.20
5.10 73932.80
5.20 73932.80
5.30 73932.80
5.40 73932.80
5.50 73932.80
5.60 73932.80
5.70 73932.80
5.80 73932.80
5.90 73932.80
6.00 73932.80
6.10 71168.00
6.20 71168.00
6.30 71168.00
6.40 71168.00
6.50 71168.00
6.60 71168.00
6.70 71168.00
6.80 71168.00
6.90 71168.00
7.00 71168.00
7.10 74240.00
7.20 74240.00
7.30 74240.00
7.40 74240.00
7.50 74240.00
7.60 74240.00
7.70 74240.00
7.80 74240.00
7.90 74240.00
8.00 74240.00
8.10 71270.40
8.20 71270.40
8.30 71270.40
8.40 71270.40
8.50 71270.40
8.60 71270.40
8.70 71270.40
8.80 71270.40
8.90 71270.40
9.00 71270.40
9.10 75059.20
9.20 75059.20
9.30 75059.20
9.40 75059.20
9.50 75059.20
9.60 75059.20
9.70 75059.20
9.80 75059.20
9.90 75059.20
10.00 75059.20
