0.10 130867.20
0.20 130867.20
0.30 130867.20
0.40 130867.20
0.50 130867.20
0.60 130867.20
0.70 130867.20
0.80 130867.20
0.90 130867.20
1.00 130867.20
1.10 80076.80
1.20 80076.80
1.30 80076.80
1.40 80076.80
1.50 80076.80
1.60 80076.80
1.70 80076.80
1.80 80076.80
1.90 80076.80
2.00 80076.80
2.10 73625.60
2.20 73625.60
2.30 73625.60
2.40 73625.60
2.50 73625.60
2.60 73625.60
2.70 73625.60
2.80 73625.60
2.90 73625.60
3.00 73625.60
3.10 44646.40
3.20 44646.40
3.30 44646.40
3.40 44646.40
3.50 44646.40
3.60 44646.40
3.70 44646.40
3.80 44646.40
3.90 44646.40
4.00 44646.40
4.10 70348.80
4.20 70348.80
4.30 70348.80
4.40 70348.80
4.50 70348.80
4.60 70348.80
4.70 70348.80
4.80 70348.80
4.90 70348.80
5.00 70348.80
5.10 72908.80
5.20 72908.80
5.30 72908.80
5.40 72908.80
5.50 72908.80
5.60 72908.80
5.70 72908.80
5.80 72908.80
5.90 72908.80
6.00 72908.80
6.10 79769.60
6.20 79769.60
6.30 79769.60
6.40 79769.60
6.50 79769.60
6.60 79769.60
6.70 79769.60
6.80 79769.60
6.90 79769.60
7.00 79769.60
7.10 79462.40
7.20 79462.40
7.30 79462.40
7.40 79462.40
7.50 79462.40
7.60 79462.40
7.70 79462.40
7.80 79462.40
7.90 79462.40
8.00 79462.40
8.10 82432.00
8.20 82432.00
8.30 82432.00
8.40 82432.00
8.50 82432.00
8.60 82432.00
8.70 82432.00
8.80 82432.00
8.90 82432.00
9.00 82432.00
9.10 68505.60
9.20 68505.60
9.30 68505.60
9.40 68505.60
9.50 68505.60
9.60 68505.60
9.70 68505.60
9.80 68505.60
9.90 68505.60
10.00 68505.60
