0.10 74342.40
0.20 74342.40
0.30 74342.40
0.40 74342.40
0.50 74342.40
0.60 74342.40
0.70 74342.40
0.80 74342.40
0.90 74342.40
1.00 74342.40
1.10 71065.60
1.20 71065.60
1.30 71065.60
1.40 71065.60
1.50 71065.60
1.60 71065.60
1.70 71065.60
1.80 71065.60
1.90 71065.60
2.00 71065.60
2.10 69939.20
2.20 69939.20
2.30 69939.20
2.40 69939.20
2.50 69939.20
2.60 69939.20
2.70 69939.20
2.80 69939.20
2.90 69939.20
3.00 69939.20
3.10 74035.20
3.20 74035.20
3.30 74035.20
3.40 74035.20
3.50 74035.20
3.60 74035.20
3.70 74035.20
3.80 74035.20
3.90 74035.20
4.00 74035.20
4.10 77209.60
4.20 77209.60
4.30 77209.60
4.40 77209.60
4.50 77209.60
4.60 77209.60
4.70 77209.60
4.80 77209.60
4.90 77209.60
5.00 77209.60
5.10 75366.40
5.20 75366.40
5.30 75366.40
5.40 75366.40
5.50 75366.40
5.60 75366.40
5.70 75366.40
5.80 75366.40
5.90 75366.40
6.00 75366.40
6.10 75468.80
6.20 75468.80
6.30 75468.80
6.40 75468.80
6.50 75468.80
6.60 75468.80
6.70 75468.80
6.80 75468.80
6.90 75468.80
7.00 75468.80
7.10 78950.40
7.20 78950.40
7.30 78950.40
7.40 78950.40
7.50 78950.40
7.60 78950.40
7.70 78950.40
7.80 78950.40
7.90 78950.40
8.00 78950.40
8.10 76288.00
8.20 76288.00
8.30 76288.00
8.40 76288.00
8.50 76288.00
8.60 76288.00
8.70 76288.00
8.80 76288.00
8.90 76288.00
9.00 76288.00
9.10 75161.60
9.20 75161.60
9.30 75161.60
9.40 75161.60
9.50 75161.60
9.60 75161.60
9.70 75161.60
9.80 75161.60
9.90 75161.60
10.00 75161.60
