0.10 129024.00
0.20 129024.00
0.30 129024.00
0.40 129024.00
0.50 129024.00
0.60 129024.00
0.70 129024.00
0.80 129024.00
0.90 129024.00
1.00 129024.00
1.10 73932.80
1.20 73932.80
1.30 73932.80
1.40 73932.80
1.50 73932.80
1.60 73932.80
1.70 73932.80
1.80 73932.80
1.90 73932.80
2.00 73932.80
2.10 73523.20
2.20 73523.20
2.30 73523.20
2.40 73523.20
2.50 73523.20
2.60 73523.20
2.70 73523.20
2.80 73523.20
2.90 73523.20
3.00 73523.20
3.10 74444.80
3.20 74444.80
3.30 74444.80
3.40 74444.80
3.50 74444.80
3.60 74444.80
3.70 74444.80
3.80 74444.80
3.90 74444.80
4.00 74444.80
4.10 72294.40
4.20 72294.40
4.30 72294.40
4.40 72294.40
4.50 72294.40
4.60 72294.40
4.70 72294.40
4.80 72294.40
4.90 72294.40
5.00 72294.40
5.10 70144.00
5.20 70144.00
5.30 70144.00
5.40 70144.00
5.50 70144.00
5.60 70144.00
5.70 70144.00
5.80 70144.00
5.90 70144.00
6.00 70144.00
6.10 10035.20
6.20 10035.20
6.30 10035.20
6.40 10035.20
6.50 10035.20
6.60 10035.20
6.70 10035.20
6.80 10035.20
6.90 10035.20
7.00 10035.20
7.10 136396.80
7.20 136396.80
7.30 136396.80
7.40 136396.80
7.50 136396.80
7.60 136396.80
7.70 136396.80
7.80 136396.80
7.90 136396.80
8.00 136396.80
8.10 71987.20
8.20 71987.20
8.30 71987.20
8.40 71987.20
8.50 71987.20
8.60 71987.20
8.70 71987.20
8.80 71987.20
8.90 71987.20
9.00 71987.20
9.10 76697.60
9.20 76697.60
9.30 76697.60
9.40 76697.60
9.50 76697.60
9.60 76697.60
9.70 76697.60
9.80 76697.60
9.90 76697.60
10.00 76697.60
