0.10 5939.20
0.20 5939.20
0.30 5939.20
0.40 5939.20
0.50 5939.20
0.60 5939.20
0.70 5939.20
0.80 5939.20
0.90 5939.20
1.00 5939.20
1.10 6144.00
1.20 6144.00
1.30 6144.00
1.40 6144.00
1.50 6144.00
1.60 6144.00
1.70 6144.00
1.80 6144.00
1.90 6144.00
2.00 6144.00
2.10 5324.80
2.20 5324.80
2.30 5324.80
2.40 5324.80
2.50 5324.80
2.60 5324.80
2.70 5324.80
2.80 5324.80
2.90 5324.80
3.00 5324.80
3.10 5939.20
3.20 5939.20
3.30 5939.20
3.40 5939.20
3.50 5939.20
3.60 5939.20
3.70 5939.20
3.80 5939.20
3.90 5939.20
4.00 5939.20
4.10 5529.60
4.20 5529.60
4.30 5529.60
4.40 5529.60
4.50 5529.60
4.60 5529.60
4.70 5529.60
4.80 5529.60
4.90 5529.60
5.00 5529.60
5.10 6656.00
5.20 6656.00
5.30 6656.00
5.40 6656.00
5.50 6656.00
5.60 6656.00
5.70 6656.00
5.80 6656.00
5.90 6656.00
6.00 6656.00
6.10 5939.20
6.20 5939.20
6.30 5939.20
6.40 5939.20
6.50 5939.20
6.60 5939.20
6.70 5939.20
6.80 5939.20
6.90 5939.20
7.00 5939.20
7.10 5734.40
7.20 5734.40
7.30 5734.40
7.40 5734.40
7.50 5734.40
7.60 5734.40
7.70 5734.40
7.80 5734.40
7.90 5734.40
8.00 5734.40
8.10 5734.40
8.20 5734.40
8.30 5734.40
8.40 5734.40
8.50 5734.40
8.60 5734.40
8.70 5734.40
8.80 5734.40
8.90 5734.40
9.00 5734.40
9.10 5632.00
9.20 5632.00
9.30 5632.00
9.40 5632.00
9.50 5632.00
9.60 5632.00
9.70 5632.00
9.80 5632.00
9.90 5632.00
10.00 5632.00
