0.10 71987.20
0.20 71987.20
0.30 71987.20
0.40 71987.20
0.50 71987.20
0.60 71987.20
0.70 71987.20
0.80 71987.20
0.90 71987.20
1.00 71987.20
1.10 64512.00
1.20 64512.00
1.30 64512.00
1.40 64512.00
1.50 64512.00
1.60 64512.00
1.70 64512.00
1.80 64512.00
1.90 64512.00
2.00 64512.00
2.10 36966.40
2.20 36966.40
2.30 36966.40
2.40 36966.40
2.50 36966.40
2.60 36966.40
2.70 36966.40
2.80 36966.40
2.90 36966.40
3.00 36966.40
3.10 6348.80
3.20 6348.80
3.30 6348.80
3.40 6348.80
3.50 6348.80
3.60 6348.80
3.70 6348.80
3.80 6348.80
3.90 6348.80
4.00 6348.80
4.10 130150.40
4.20 130150.40
4.30 130150.40
4.40 130150.40
4.50 130150.40
4.60 130150.40
4.70 130150.40
4.80 130150.40
4.90 130150.40
5.00 130150.40
5.10 73830.40
5.20 73830.40
5.30 73830.40
5.40 73830.40
5.50 73830.40
5.60 73830.40
5.70 73830.40
5.80 73830.40
5.90 73830.40
6.00 73830.40
6.10 73420.80
6.20 73420.80
6.30 73420.80
6.40 73420.80
6.50 73420.80
6.60 73420.80
6.70 73420.80
6.80 73420.80
6.90 73420.80
7.00 73420.80
7.10 73216.00
7.20 73216.00
7.30 73216.00
7.40 73216.00
7.50 73216.00
7.60 73216.00
7.70 73216.00
7.80 73216.00
7.90 73216.00
8.00 73216.00
8.10 72294.40
8.20 72294.40
8.30 72294.40
8.40 72294.40
8.50 72294.40
8.60 72294.40
8.70 72294.40
8.80 72294.40
8.90 72294.40
9.00 72294.40
9.10 63488.00
9.20 63488.00
9.30 63488.00
9.40 63488.00
9.50 63488.00
9.60 63488.00
9.70 63488.00
9.80 63488.00
9.90 63488.00
10.00 63488.00
