0.10 91545.60
0.20 91545.60
0.30 91545.60
0.40 91545.60
0.50 91545.60
0.60 91545.60
0.70 91545.60
0.80 91545.60
0.90 91545.60
1.00 91545.60
1.10 65843.20
1.20 65843.20
1.30 65843.20
1.40 65843.20
1.50 65843.20
1.60 65843.20
1.70 65843.20
1.80 65843.20
1.90 65843.20
2.00 65843.20
2.10 117760.00
2.20 117760.00
2.30 117760.00
2.40 117760.00
2.50 117760.00
2.60 117760.00
2.70 117760.00
2.80 117760.00
2.90 117760.00
3.00 117760.00
3.10 90726.40
3.20 90726.40
3.30 90726.40
3.40 90726.40
3.50 90726.40
3.60 90726.40
3.70 90726.40
3.80 90726.40
3.90 90726.40
4.00 90726.40
4.10 91545.60
4.20 91545.60
4.30 91545.60
4.40 91545.60
4.50 91545.60
4.60 91545.60
4.70 91545.60
4.80 91545.60
4.90 91545.60
5.00 91545.60
5.10 91443.20
5.20 91443.20
5.30 91443.20
5.40 91443.20
5.50 91443.20
5.60 91443.20
5.70 91443.20
5.80 91443.20
5.90 91443.20
6.00 91443.20
6.10 92672.00
6.20 92672.00
6.30 92672.00
6.40 92672.00
6.50 92672.00
6.60 92672.00
6.70 92672.00
6.80 92672.00
6.90 92672.00
7.00 92672.00
7.10 28569.60
7.20 28569.60
7.30 28569.60
7.40 28569.60
7.50 28569.60
7.60 28569.60
7.70 28569.60
7.80 28569.60
7.90 28569.60
8.00 28569.60
8.10 155545.60
8.20 155545.60
8.30 155545.60
8.40 155545.60
8.50 155545.60
8.60 155545.60
8.70 155545.60
8.80 155545.60
8.90 155545.60
9.00 155545.60
9.10 90726.40
9.20 90726.40
9.30 90726.40
9.40 90726.40
9.50 90726.40
9.60 90726.40
9.70 90726.40
9.80 90726.40
9.90 90726.40
10.00 90726.40
