0.10 39526.40
0.20 39526.40
0.30 39526.40
0.40 39526.40
0.50 39526.40
0.60 39526.40
0.70 39526.40
0.80 39526.40
0.90 39526.40
1.00 39526.40
1.10 60416.00
1.20 60416.00
1.30 60416.00
1.40 60416.00
1.50 60416.00
1.60 60416.00
1.70 60416.00
1.80 60416.00
1.90 60416.00
2.00 60416.00
2.10 73830.40
2.20 73830.40
2.30 73830.40
2.40 73830.40
2.50 73830.40
2.60 73830.40
2.70 73830.40
2.80 73830.40
2.90 73830.40
3.00 73830.40
3.10 78540.80
3.20 78540.80
3.30 78540.80
3.40 78540.80
3.50 78540.80
3.60 78540.80
3.70 78540.80
3.80 78540.80
3.90 78540.80
4.00 78540.80
4.10 72704.00
4.20 72704.00
4.30 72704.00
4.40 72704.00
4.50 72704.00
4.60 72704.00
4.70 72704.00
4.80 72704.00
4.90 72704.00
5.00 72704.00
5.10 25907.20
5.20 25907.20
5.30 25907.20
5.40 25907.20
5.50 25907.20
5.60 25907.20
5.70 25907.20
5.80 25907.20
5.90 25907.20
6.00 25907.20
6.10 102.40
6.20 102.40
6.30 102.40
6.40 102.40
6.50 102.40
6.60 102.40
6.70 102.40
6.80 102.40
6.90 102.40
7.00 102.40
7.10 111104.00
7.20 111104.00
7.30 111104.00
7.40 111104.00
7.50 111104.00
7.60 111104.00
7.70 111104.00
7.80 111104.00
7.90 111104.00
8.00 111104.00
8.10 34406.40
8.20 34406.40
8.30 34406.40
8.40 34406.40
8.50 34406.40
8.60 34406.40
8.70 34406.40
8.80 34406.40
8.90 34406.40
9.00 34406.40
9.10 5939.20
9.20 5939.20
9.30 5939.20
9.40 5939.20
9.50 5939.20
9.60 5939.20
9.70 5939.20
9.80 5939.20
9.90 5939.20
10.00 5939.20
