0.10 92364.80
0.20 92364.80
0.30 92364.80
0.40 92364.80
0.50 92364.80
0.60 92364.80
0.70 92364.80
0.80 92364.80
0.90 92364.80
1.00 92364.80
1.10 96665.60
1.20 96665.60
1.30 96665.60
1.40 96665.60
1.50 96665.60
1.60 96665.60
1.70 96665.60
1.80 96665.60
1.90 96665.60
2.00 96665.60
2.10 91238.40
2.20 91238.40
2.30 91238.40
2.40 91238.40
2.50 91238.40
2.60 91238.40
2.70 91238.40
2.80 91238.40
2.90 91238.40
3.00 91238.40
3.10 92364.80
3.20 92364.80
3.30 92364.80
3.40 92364.80
3.50 92364.80
3.60 92364.80
3.70 92364.80
3.80 92364.80
3.90 92364.80
4.00 92364.80
4.10 91238.40
4.20 91238.40
4.30 91238.40
4.40 91238.40
4.50 91238.40
4.60 91238.40
4.70 91238.40
4.80 91238.40
4.90 91238.40
5.00 91238.40
5.10 26419.20
5.20 26419.20
5.30 26419.20
5.40 26419.20
5.50 26419.20
5.60 26419.20
5.70 26419.20
5.80 26419.20
5.90 26419.20
6.00 26419.20
6.10 154828.80
6.20 154828.80
6.30 154828.80
6.40 154828.80
6.50 154828.80
6.60 154828.80
6.70 154828.80
6.80 154828.80
6.90 154828.80
7.00 154828.80
7.10 92262.40
7.20 92262.40
7.30 92262.40
7.40 92262.40
7.50 92262.40
7.60 92262.40
7.70 92262.40
7.80 92262.40
7.90 92262.40
8.00 92262.40
8.10 93900.80
8.20 93900.80
8.30 93900.80
8.40 93900.80
8.50 93900.80
8.60 93900.80
8.70 93900.80
8.80 93900.80
8.90 93900.80
9.00 93900.80
9.10 88780.80
9.20 88780.80
9.30 88780.80
9.40 88780.80
9.50 88780.80
9.60 88780.80
9.70 88780.80
9.80 88780.80
9.90 88780.80
10.00 88780.80
