0.10 78131.20
0.20 78131.20
0.30 78131.20
0.40 78131.20
0.50 78131.20
0.60 78131.20
0.70 78131.20
0.80 78131.20
0.90 78131.20
1.00 78131.20
1.10 71987.20
1.20 71987.20
1.30 71987.20
1.40 71987.20
1.50 71987.20
1.60 71987.20
1.70 71987.20
1.80 71987.20
1.90 71987.20
2.00 71987.20
2.10 41062.40
2.20 41062.40
2.30 41062.40
2.40 41062.40
2.50 41062.40
2.60 41062.40
2.70 41062.40
2.80 41062.40
2.90 41062.40
3.00 41062.40
3.10 33792.00
3.20 33792.00
3.30 33792.00
3.40 33792.00
3.50 33792.00
3.60 33792.00
3.70 33792.00
3.80 33792.00
3.90 33792.00
4.00 33792.00
4.10 71680.00
4.20 71680.00
4.30 71680.00
4.40 71680.00
4.50 71680.00
4.60 71680.00
4.70 71680.00
4.80 71680.00
4.90 71680.00
5.00 71680.00
5.10 81612.80
5.20 81612.80
5.30 81612.80
5.40 81612.80
5.50 81612.80
5.60 81612.80
5.70 81612.80
5.80 81612.80
5.90 81612.80
6.00 81612.80
6.10 80076.80
6.20 80076.80
6.30 80076.80
6.40 80076.80
6.50 80076.80
6.60 80076.80
6.70 80076.80
6.80 80076.80
6.90 80076.80
7.00 80076.80
7.10 65740.80
7.20 65740.80
7.30 65740.80
7.40 65740.80
7.50 65740.80
7.60 65740.80
7.70 65740.80
7.80 65740.80
7.90 65740.80
8.00 65740.80
8.10 61849.60
8.20 61849.60
8.30 61849.60
8.40 61849.60
8.50 61849.60
8.60 61849.60
8.70 61849.60
8.80 61849.60
8.90 61849.60
9.00 61849.60
9.10 61337.60
9.20 61337.60
9.30 61337.60
9.40 61337.60
9.50 61337.60
9.60 61337.60
9.70 61337.60
9.80 61337.60
9.90 61337.60
10.00 61337.60
