0.10 93593.60
0.20 93593.60
0.30 93593.60
0.40 93593.60
0.50 93593.60
0.60 93593.60
0.70 93593.60
0.80 93593.60
0.90 93593.60
1.00 93593.60
1.10 81305.60
1.20 81305.60
1.30 81305.60
1.40 81305.60
1.50 81305.60
1.60 81305.60
1.70 81305.60
1.80 81305.60
1.90 81305.60
2.00 81305.60
2.10 35532.80
2.20 35532.80
2.30 35532.80
2.40 35532.80
2.50 35532.80
2.60 35532.80
2.70 35532.80
2.80 35532.80
2.90 35532.80
3.00 35532.80
3.10 133324.80
3.20 133324.80
3.30 133324.80
3.40 133324.80
3.50 133324.80
3.60 133324.80
3.70 133324.80
3.80 133324.80
3.90 133324.80
4.00 133324.80
4.10 88780.80
4.20 88780.80
4.30 88780.80
4.40 88780.80
4.50 88780.80
4.60 88780.80
4.70 88780.80
4.80 88780.80
4.90 88780.80
5.00 88780.80
5.10 91955.20
5.20 91955.20
5.30 91955.20
5.40 91955.20
5.50 91955.20
5.60 91955.20
5.70 91955.20
5.80 91955.20
5.90 91955.20
6.00 91955.20
6.10 87142.40
6.20 87142.40
6.30 87142.40
6.40 87142.40
6.50 87142.40
6.60 87142.40
6.70 87142.40
6.80 87142.40
6.90 87142.40
7.00 87142.40
7.10 83046.40
7.20 83046.40
7.30 83046.40
7.40 83046.40
7.50 83046.40
7.60 83046.40
7.70 83046.40
7.80 83046.40
7.90 83046.40
8.00 83046.40
8.10 91852.80
8.20 91852.80
8.30 91852.80
8.40 91852.80
8.50 91852.80
8.60 91852.80
8.70 91852.80
8.80 91852.80
8.90 91852.80
9.00 91852.80
9.10 56729.60
9.20 56729.60
9.30 56729.60
9.40 56729.60
9.50 56729.60
9.60 56729.60
9.70 56729.60
9.80 56729.60
9.90 56729.60
10.00 56729.60
