0.10 90009.60
0.20 90009.60
0.30 90009.60
0.40 90009.60
0.50 90009.60
0.60 90009.60
0.70 90009.60
0.80 90009.60
0.90 90009.60
1.00 90009.60
1.10 89497.60
1.20 89497.60
1.30 89497.60
1.40 89497.60
1.50 89497.60
1.60 89497.60
1.70 89497.60
1.80 89497.60
1.90 89497.60
2.00 89497.60
2.10 23552.00
2.20 23552.00
2.30 23552.00
2.40 23552.00
2.50 23552.00
2.60 23552.00
2.70 23552.00
2.80 23552.00
2.90 23552.00
3.00 23552.00
3.10 147660.80
3.20 147660.80
3.30 147660.80
3.40 147660.80
3.50 147660.80
3.60 147660.80
3.70 147660.80
3.80 147660.80
3.90 147660.80
4.00 147660.80
4.10 85196.80
4.20 85196.80
4.30 85196.80
4.40 85196.80
4.50 85196.80
4.60 85196.80
4.70 85196.80
4.80 85196.80
4.90 85196.80
5.00 85196.80
5.10 89190.40
5.20 89190.40
5.30 89190.40
5.40 89190.40
5.50 89190.40
5.60 89190.40
5.70 89190.40
5.80 89190.40
5.90 89190.40
6.00 89190.40
6.10 89497.60
6.20 89497.60
6.30 89497.60
6.40 89497.60
6.50 89497.60
6.60 89497.60
6.70 89497.60
6.80 89497.60
6.90 89497.60
7.00 89497.60
7.10 87961.60
7.20 87961.60
7.30 87961.60
7.40 87961.60
7.50 87961.60
7.60 87961.60
7.70 87961.60
7.80 87961.60
7.90 87961.60
8.00 87961.60
8.10 44544.00
8.20 44544.00
8.30 44544.00
8.40 44544.00
8.50 44544.00
8.60 44544.00
8.70 44544.00
8.80 44544.00
8.90 44544.00
9.00 44544.00
9.10 90316.80
9.20 90316.80
9.30 90316.80
9.40 90316.80
9.50 90316.80
9.60 90316.80
9.70 90316.80
9.80 90316.80
9.90 90316.80
10.00 90316.80
