0.10 124723.20
0.20 124723.20
0.30 124723.20
0.40 124723.20
0.50 124723.20
0.60 124723.20
0.70 124723.20
0.80 124723.20
0.90 124723.20
1.00 124723.20
1.10 64819.20
1.20 64819.20
1.30 64819.20
1.40 64819.20
1.50 64819.20
1.60 64819.20
1.70 64819.20
1.80 64819.20
1.90 64819.20
2.00 64819.20
2.10 19148.80
2.20 19148.80
2.30 19148.80
2.40 19148.80
2.50 19148.80
2.60 19148.80
2.70 19148.80
2.80 19148.80
2.90 19148.80
3.00 19148.80
3.10 101683.20
3.20 101683.20
3.30 101683.20
3.40 101683.20
3.50 101683.20
3.60 101683.20
3.70 101683.20
3.80 101683.20
3.90 101683.20
4.00 101683.20
4.10 40243.20
4.20 40243.20
4.30 40243.20
4.40 40243.20
4.50 40243.20
4.60 40243.20
4.70 40243.20
4.80 40243.20
4.90 40243.20
5.00 40243.20
5.10 42700.80
5.20 42700.80
5.30 42700.80
5.40 42700.80
5.50 42700.80
5.60 42700.80
5.70 42700.80
5.80 42700.80
5.90 42700.80
6.00 42700.80
6.10 42803.20
6.20 42803.20
6.30 42803.20
6.40 42803.20
6.50 42803.20
6.60 42803.20
6.70 42803.20
6.80 42803.20
6.90 42803.20
7.00 42803.20
7.10 41676.80
7.20 41676.80
7.30 41676.80
7.40 41676.80
7.50 41676.80
7.60 41676.80
7.70 41676.80
7.80 41676.80
7.90 41676.80
8.00 41676.80
8.10 43622.40
8.20 43622.40
8.30 43622.40
8.40 43622.40
8.50 43622.40
8.60 43622.40
8.70 43622.40
8.80 43622.40
8.90 43622.40
9.00 43622.40
9.10 50176.00
9.20 50176.00
9.30 50176.00
9.40 50176.00
9.50 50176.00
9.60 50176.00
9.70 50176.00
9.80 50176.00
9.90 50176.00
10.00 50176.00
