0.10 75468.80
0.20 75468.80
0.30 75468.80
0.40 75468.80
0.50 75468.80
0.60 75468.80
0.70 75468.80
0.80 75468.80
0.90 75468.80
1.00 75468.80
1.10 72806.40
1.20 72806.40
1.30 72806.40
1.40 72806.40
1.50 72806.40
1.60 72806.40
1.70 72806.40
1.80 72806.40
1.90 72806.40
2.00 72806.40
2.10 76288.00
2.20 76288.00
2.30 76288.00
2.40 76288.00
2.50 76288.00
2.60 76288.00
2.70 76288.00
2.80 76288.00
2.90 76288.00
3.00 76288.00
3.10 75980.80
3.20 75980.80
3.30 75980.80
3.40 75980.80
3.50 75980.80
3.60 75980.80
3.70 75980.80
3.80 75980.80
3.90 75980.80
4.00 75980.80
4.10 75980.80
4.20 75980.80
4.30 75980.80
4.40 75980.80
4.50 75980.80
4.60 75980.80
4.70 75980.80
4.80 75980.80
4.90 75980.80
5.00 75980.80
5.10 34611.20
5.20 34611.20
5.30 34611.20
5.40 34611.20
5.50 34611.20
5.60 34611.20
5.70 34611.20
5.80 34611.20
5.90 34611.20
6.00 34611.20
6.10 109977.60
6.20 109977.60
6.30 109977.60
6.40 109977.60
6.50 109977.60
6.60 109977.60
6.70 109977.60
6.80 109977.60
6.90 109977.60
7.00 109977.60
7.10 43008.00
7.20 43008.00
7.30 43008.00
7.40 43008.00
7.50 43008.00
7.60 43008.00
7.70 43008.00
7.80 43008.00
7.90 43008.00
8.00 43008.00
8.10 101990.40
8.20 101990.40
8.30 101990.40
8.40 101990.40
8.50 101990.40
8.60 101990.40
8.70 101990.40
8.80 101990.40
8.90 101990.40
9.00 101990.40
9.10 76288.00
9.20 76288.00
9.30 76288.00
9.40 76288.00
9.50 76288.00
9.60 76288.00
9.70 76288.00
9.80 76288.00
9.90 76288.00
10.00 76288.00
