0.10 57241.60
0.20 57241.60
0.30 57241.60
0.40 57241.60
0.50 57241.60
0.60 57241.60
0.70 57241.60
0.80 57241.60
0.90 57241.60
1.00 57241.60
1.10 51609.60
1.20 51609.60
1.30 51609.60
1.40 51609.60
1.50 51609.60
1.60 51609.60
1.70 51609.60
1.80 51609.60
1.90 51609.60
2.00 51609.60
2.10 60928.00
2.20 60928.00
2.30 60928.00
2.40 60928.00
2.50 60928.00
2.60 60928.00
2.70 60928.00
2.80 60928.00
2.90 60928.00
3.00 60928.00
3.10 61849.60
3.20 61849.60
3.30 61849.60
3.40 61849.60
3.50 61849.60
3.60 61849.60
3.70 61849.60
3.80 61849.60
3.90 61849.60
4.00 61849.60
4.10 29696.00
4.20 29696.00
4.30 29696.00
4.40 29696.00
4.50 29696.00
4.60 29696.00
4.70 29696.00
4.80 29696.00
4.90 29696.00
5.00 29696.00
5.10 20480.00
5.20 20480.00
5.30 20480.00
5.40 20480.00
5.50 20480.00
5.60 20480.00
5.70 20480.00
5.80 20480.00
5.90 20480.00
6.00 20480.00
6.10 21606.40
6.20 21606.40
6.30 21606.40
6.40 21606.40
6.50 21606.40
6.60 21606.40
6.70 21606.40
6.80 21606.40
6.90 21606.40
7.00 21606.40
7.10 38912.00
7.20 38912.00
7.30 38912.00
7.40 38912.00
7.50 38912.00
7.60 38912.00
7.70 38912.00
7.80 38912.00
7.90 38912.00
8.00 38912.00
8.10 44544.00
8.20 44544.00
8.30 44544.00
8.40 44544.00
8.50 44544.00
8.60 44544.00
8.70 44544.00
8.80 44544.00
8.90 44544.00
9.00 44544.00
9.10 45056.00
9.20 45056.00
9.30 45056.00
9.40 45056.00
9.50 45056.00
9.60 45056.00
9.70 45056.00
9.80 45056.00
9.90 45056.00
10.00 45056.00
