0.10 75366.40
0.20 75366.40
0.30 75366.40
0.40 75366.40
0.50 75366.40
0.60 75366.40
0.70 75366.40
0.80 75366.40
0.90 75366.40
1.00 75366.40
1.10 67993.60
1.20 67993.60
1.30 67993.60
1.40 67993.60
1.50 67993.60
1.60 67993.60
1.70 67993.60
1.80 67993.60
1.90 67993.60
2.00 67993.60
2.10 78643.20
2.20 78643.20
2.30 78643.20
2.40 78643.20
2.50 78643.20
2.60 78643.20
2.70 78643.20
2.80 78643.20
2.90 78643.20
3.00 78643.20
3.10 79667.20
3.20 79667.20
3.30 79667.20
3.40 79667.20
3.50 79667.20
3.60 79667.20
3.70 79667.20
3.80 79667.20
3.90 79667.20
4.00 79667.20
4.10 23859.20
4.20 23859.20
4.30 23859.20
4.40 23859.20
4.50 23859.20
4.60 23859.20
4.70 23859.20
4.80 23859.20
4.90 23859.20
5.00 23859.20
5.10 136704.00
5.20 136704.00
5.30 136704.00
5.40 136704.00
5.50 136704.00
5.60 136704.00
5.70 136704.00
5.80 136704.00
5.90 136704.00
6.00 136704.00
6.10 80588.80
6.20 80588.80
6.30 80588.80
6.40 80588.80
6.50 80588.80
6.60 80588.80
6.70 80588.80
6.80 80588.80
6.90 80588.80
7.00 80588.80
7.10 82124.80
7.20 82124.80
7.30 82124.80
7.40 82124.80
7.50 82124.80
7.60 82124.80
7.70 82124.80
7.80 82124.80
7.90 82124.80
8.00 82124.80
8.10 83251.20
8.20 83251.20
8.30 83251.20
8.40 83251.20
8.50 83251.20
8.60 83251.20
8.70 83251.20
8.80 83251.20
8.90 83251.20
9.00 83251.20
9.10 80281.60
9.20 80281.60
9.30 80281.60
9.40 80281.60
9.50 80281.60
9.60 80281.60
9.70 80281.60
9.80 80281.60
9.90 80281.60
10.00 80281.60
