0.10 37376.00
0.20 37376.00
0.30 37376.00
0.40 37376.00
0.50 37376.00
0.60 37376.00
0.70 37376.00
0.80 37376.00
0.90 37376.00
1.00 37376.00
1.10 41062.40
1.20 41062.40
1.30 41062.40
1.40 41062.40
1.50 41062.40
1.60 41062.40
1.70 41062.40
1.80 41062.40
1.90 41062.40
2.00 41062.40
2.10 31641.60
2.20 31641.60
2.30 31641.60
2.40 31641.60
2.50 31641.60
2.60 31641.60
2.70 31641.60
2.80 31641.60
2.90 31641.60
3.00 31641.60
3.10 0.00
3.20 0.00
3.30 0.00
3.40 0.00
3.50 0.00
3.60 0.00
3.70 0.00
3.80 0.00
3.90 0.00
4.00 0.00
4.10 116838.40
4.20 116838.40
4.30 116838.40
4.40 116838.40
4.50 116838.40
4.60 116838.40
4.70 116838.40
4.80 116838.40
4.90 116838.40
5.00 116838.40
5.10 57139.20
5.20 57139.20
5.30 57139.20
5.40 57139.20
5.50 57139.20
5.60 57139.20
5.70 57139.20
5.80 57139.20
5.90 57139.20
6.00 57139.20
6.10 40345.60
6.20 40345.60
6.30 40345.60
6.40 40345.60
6.50 40345.60
6.60 40345.60
6.70 40345.60
6.80 40345.60
6.90 40345.60
7.00 40345.60
7.10 30720.00
7.20 30720.00
7.30 30720.00
7.40 30720.00
7.50 30720.00
7.60 30720.00
7.70 30720.00
7.80 30720.00
7.90 30720.00
8.00 30720.00
8.10 81305.60
8.20 81305.60
8.30 81305.60
8.40 81305.60
8.50 81305.60
8.60 81305.60
8.70 81305.60
8.80 81305.60
8.90 81305.60
9.00 81305.60
9.10 41472.00
9.20 41472.00
9.30 41472.00
9.40 41472.00
9.50 41472.00
9.60 41472.00
9.70 41472.00
9.80 41472.00
9.90 41472.00
10.00 41472.00
