0.10 83660.80
0.20 83660.80
0.30 83660.80
0.40 83660.80
0.50 83660.80
0.60 83660.80
0.70 83660.80
0.80 83660.80
0.90 83660.80
1.00 83660.80
1.10 52019.20
1.20 52019.20
1.30 52019.20
1.40 52019.20
1.50 52019.20
1.60 52019.20
1.70 52019.20
1.80 52019.20
1.90 52019.20
2.00 52019.20
2.10 117350.40
2.20 117350.40
2.30 117350.40
2.40 117350.40
2.50 117350.40
2.60 117350.40
2.70 117350.40
2.80 117350.40
2.90 117350.40
3.00 117350.40
3.10 83456.00
3.20 83456.00
3.30 83456.00
3.40 83456.00
3.50 83456.00
3.60 83456.00
3.70 83456.00
3.80 83456.00
3.90 83456.00
4.00 83456.00
4.10 81817.60
4.20 81817.60
4.30 81817.60
4.40 81817.60
4.50 81817.60
4.60 81817.60
4.70 81817.60
4.80 81817.60
4.90 81817.60
5.00 81817.60
5.10 27443.20
5.20 27443.20
5.30 27443.20
5.40 27443.20
5.50 27443.20
5.60 27443.20
5.70 27443.20
5.80 27443.20
5.90 27443.20
6.00 27443.20
6.10 110182.40
6.20 110182.40
6.30 110182.40
6.40 110182.40
6.50 110182.40
6.60 110182.40
6.70 110182.40
6.80 110182.40
6.90 110182.40
7.00 110182.40
7.10 102502.40
7.20 102502.40
7.30 102502.40
7.40 102502.40
7.50 102502.40
7.60 102502.40
7.70 102502.40
7.80 102502.40
7.90 102502.40
8.00 102502.40
8.10 81715.20
8.20 81715.20
8.30 81715.20
8.40 81715.20
8.50 81715.20
8.60 81715.20
8.70 81715.20
8.80 81715.20
8.90 81715.20
9.00 81715.20
9.10 82636.80
9.20 82636.80
9.30 82636.80
9.40 82636.80
9.50 82636.80
9.60 82636.80
9.70 82636.80
9.80 82636.80
9.90 82636.80
10.00 82636.80
