0.10 59187.20
0.20 59187.20
0.30 59187.20
0.40 59187.20
0.50 59187.20
0.60 59187.20
0.70 59187.20
0.80 59187.20
0.90 59187.20
1.00 59187.20
1.10 65228.80
1.20 65228.80
1.30 65228.80
1.40 65228.80
1.50 65228.80
1.60 65228.80
1.70 65228.80
1.80 65228.80
1.90 65228.80
2.00 65228.80
2.10 65433.60
2.20 65433.60
2.30 65433.60
2.40 65433.60
2.50 65433.60
2.60 65433.60
2.70 65433.60
2.80 65433.60
2.90 65433.60
3.00 65433.60
3.10 66048.00
3.20 66048.00
3.30 66048.00
3.40 66048.00
3.50 66048.00
3.60 66048.00
3.70 66048.00
3.80 66048.00
3.90 66048.00
4.00 66048.00
4.10 66150.40
4.20 66150.40
4.30 66150.40
4.40 66150.40
4.50 66150.40
4.60 66150.40
4.70 66150.40
4.80 66150.40
4.90 66150.40
5.00 66150.40
5.10 69324.80
5.20 69324.80
5.30 69324.80
5.40 69324.80
5.50 69324.80
5.60 69324.80
5.70 69324.80
5.80 69324.80
5.90 69324.80
6.00 69324.80
6.10 71475.20
6.20 71475.20
6.30 71475.20
6.40 71475.20
6.50 71475.20
6.60 71475.20
6.70 71475.20
6.80 71475.20
6.90 71475.20
7.00 71475.20
7.10 69939.20
7.20 69939.20
7.30 69939.20
7.40 69939.20
7.50 69939.20
7.60 69939.20
7.70 69939.20
7.80 69939.20
7.90 69939.20
8.00 69939.20
8.10 63692.80
8.20 63692.80
8.30 63692.80
8.40 63692.80
8.50 63692.80
8.60 63692.80
8.70 63692.80
8.80 63692.80
8.90 63692.80
9.00 63692.80
9.10 13312.00
9.20 13312.00
9.30 13312.00
9.40 13312.00
9.50 13312.00
9.60 13312.00
9.70 13312.00
9.80 13312.00
9.90 13312.00
10.00 13312.00
