0.10 69939.20
0.20 69939.20
0.30 69939.20
0.40 69939.20
0.50 69939.20
0.60 69939.20
0.70 69939.20
0.80 69939.20
0.90 69939.20
1.00 69939.20
1.10 69324.80
1.20 69324.80
1.30 69324.80
1.40 69324.80
1.50 69324.80
1.60 69324.80
1.70 69324.80
1.80 69324.80
1.90 69324.80
2.00 69324.80
2.10 69120.00
2.20 69120.00
2.30 69120.00
2.40 69120.00
2.50 69120.00
2.60 69120.00
2.70 69120.00
2.80 69120.00
2.90 69120.00
3.00 69120.00
3.10 69120.00
3.20 69120.00
3.30 69120.00
3.40 69120.00
3.50 69120.00
3.60 69120.00
3.70 69120.00
3.80 69120.00
3.90 69120.00
4.00 69120.00
4.10 64819.20
4.20 64819.20
4.30 64819.20
4.40 64819.20
4.50 64819.20
4.60 64819.20
4.70 64819.20
4.80 64819.20
4.90 64819.20
5.00 64819.20
5.10 68403.20
5.20 68403.20
5.30 68403.20
5.40 68403.20
5.50 68403.20
5.60 68403.20
5.70 68403.20
5.80 68403.20
5.90 68403.20
6.00 68403.20
6.10 54886.40
6.20 54886.40
6.30 54886.40
6.40 54886.40
6.50 54886.40
6.60 54886.40
6.70 54886.40
6.80 54886.40
6.90 54886.40
7.00 54886.40
7.10 77414.40
7.20 77414.40
7.30 77414.40
7.40 77414.40
7.50 77414.40
7.60 77414.40
7.70 77414.40
7.80 77414.40
7.90 77414.40
8.00 77414.40
8.10 66150.40
8.20 66150.40
8.30 66150.40
8.40 66150.40
8.50 66150.40
8.60 66150.40
8.70 66150.40
8.80 66150.40
8.90 66150.40
9.00 66150.40
9.10 67584.00
9.20 67584.00
9.30 67584.00
9.40 67584.00
9.50 67584.00
9.60 67584.00
9.70 67584.00
9.80 67584.00
9.90 67584.00
10.00 67584.00
