0.10 101785.60
0.20 101785.60
0.30 101785.60
0.40 101785.60
0.50 101785.60
0.60 101785.60
0.70 101785.60
0.80 101785.60
0.90 101785.60
1.00 101785.60
1.10 98099.20
1.20 98099.20
1.30 98099.20
1.40 98099.20
1.50 98099.20
1.60 98099.20
1.70 98099.20
1.80 98099.20
1.90 98099.20
2.00 98099.20
2.10 63897.60
2.20 63897.60
2.30 63897.60
2.40 63897.60
2.50 63897.60
2.60 63897.60
2.70 63897.60
2.80 63897.60
2.90 63897.60
3.00 63897.60
3.10 120012.80
3.20 120012.80
3.30 120012.80
3.40 120012.80
3.50 120012.80
3.60 120012.80
3.70 120012.80
3.80 120012.80
3.90 120012.80
4.00 120012.80
4.10 97075.20
4.20 97075.20
4.30 97075.20
4.40 97075.20
4.50 97075.20
4.60 97075.20
4.70 97075.20
4.80 97075.20
4.90 97075.20
5.00 97075.20
5.10 96563.20
5.20 96563.20
5.30 96563.20
5.40 96563.20
5.50 96563.20
5.60 96563.20
5.70 96563.20
5.80 96563.20
5.90 96563.20
6.00 96563.20
6.10 99635.20
6.20 99635.20
6.30 99635.20
6.40 99635.20
6.50 99635.20
6.60 99635.20
6.70 99635.20
6.80 99635.20
6.90 99635.20
7.00 99635.20
7.10 95436.80
7.20 95436.80
7.30 95436.80
7.40 95436.80
7.50 95436.80
7.60 95436.80
7.70 95436.80
7.80 95436.80
7.90 95436.80
8.00 95436.80
8.10 99737.60
8.20 99737.60
8.30 99737.60
8.40 99737.60
8.50 99737.60
8.60 99737.60
8.70 99737.60
8.80 99737.60
8.90 99737.60
9.00 99737.60
9.10 85299.20
9.20 85299.20
9.30 85299.20
9.40 85299.20
9.50 85299.20
9.60 85299.20
9.70 85299.20
9.80 85299.20
9.90 85299.20
10.00 85299.20
