0.10 60620.80
0.20 60620.80
0.30 60620.80
0.40 60620.80
0.50 60620.80
0.60 60620.80
0.70 60620.80
0.80 60620.80
0.90 60620.80
1.00 60620.80
1.10 72396.80
1.20 72396.80
1.30 72396.80
1.40 72396.80
1.50 72396.80
1.60 72396.80
1.70 72396.80
1.80 72396.80
1.90 72396.80
2.00 72396.80
2.10 61337.60
2.20 61337.60
2.30 61337.60
2.40 61337.60
2.50 61337.60
2.60 61337.60
2.70 61337.60
2.80 61337.60
2.90 61337.60
3.00 61337.60
3.10 62873.60
3.20 62873.60
3.30 62873.60
3.40 62873.60
3.50 62873.60
3.60 62873.60
3.70 62873.60
3.80 62873.60
3.90 62873.60
4.00 62873.60
4.10 54681.60
4.20 54681.60
4.30 54681.60
4.40 54681.60
4.50 54681.60
4.60 54681.60
4.70 54681.60
4.80 54681.60
4.90 54681.60
5.00 54681.60
5.10 31334.40
5.20 31334.40
5.30 31334.40
5.40 31334.40
5.50 31334.40
5.60 31334.40
5.70 31334.40
5.80 31334.40
5.90 31334.40
6.00 31334.40
6.10 49254.40
6.20 49254.40
6.30 49254.40
6.40 49254.40
6.50 49254.40
6.60 49254.40
6.70 49254.40
6.80 49254.40
6.90 49254.40
7.00 49254.40
7.10 85299.20
7.20 85299.20
7.30 85299.20
7.40 85299.20
7.50 85299.20
7.60 85299.20
7.70 85299.20
7.80 85299.20
7.90 85299.20
8.00 85299.20
8.10 92979.20
8.20 92979.20
8.30 92979.20
8.40 92979.20
8.50 92979.20
8.60 92979.20
8.70 92979.20
8.80 92979.20
8.90 92979.20
9.00 92979.20
9.10 81305.60
9.20 81305.60
9.30 81305.60
9.40 81305.60
9.50 81305.60
9.60 81305.60
9.70 81305.60
9.80 81305.60
9.90 81305.60
10.00 81305.60
