0.10 75468.80
0.20 75468.80
0.30 75468.80
0.40 75468.80
0.50 75468.80
0.60 75468.80
0.70 75468.80
0.80 75468.80
0.90 75468.80
1.00 75468.80
1.10 74854.40
1.20 74854.40
1.30 74854.40
1.40 74854.40
1.50 74854.40
1.60 74854.40
1.70 74854.40
1.80 74854.40
1.90 74854.40
2.00 74854.40
2.10 76288.00
2.20 76288.00
2.30 76288.00
2.40 76288.00
2.50 76288.00
2.60 76288.00
2.70 76288.00
2.80 76288.00
2.90 76288.00
3.00 76288.00
3.10 39219.20
3.20 39219.20
3.30 39219.20
3.40 39219.20
3.50 39219.20
3.60 39219.20
3.70 39219.20
3.80 39219.20
3.90 39219.20
4.00 39219.20
4.10 112332.80
4.20 112332.80
4.30 112332.80
4.40 112332.80
4.50 112332.80
4.60 112332.80
4.70 112332.80
4.80 112332.80
4.90 112332.80
5.00 112332.80
5.10 74854.40
5.20 74854.40
5.30 74854.40
5.40 74854.40
5.50 74854.40
5.60 74854.40
5.70 74854.40
5.80 74854.40
5.90 74854.40
6.00 74854.40
6.10 75468.80
6.20 75468.80
6.30 75468.80
6.40 75468.80
6.50 75468.80
6.60 75468.80
6.70 75468.80
6.80 75468.80
6.90 75468.80
7.00 75468.80
7.10 75878.40
7.20 75878.40
7.30 75878.40
7.40 75878.40
7.50 75878.40
7.60 75878.40
7.70 75878.40
7.80 75878.40
7.90 75878.40
8.00 75878.40
8.10 81305.60
8.20 81305.60
8.30 81305.60
8.40 81305.60
8.50 81305.60
8.60 81305.60
8.70 81305.60
8.80 81305.60
8.90 81305.60
9.00 81305.60
9.10 77107.20
9.20 77107.20
9.30 77107.20
9.40 77107.20
9.50 77107.20
9.60 77107.20
9.70 77107.20
9.80 77107.20
9.90 77107.20
10.00 77107.20
