0.10 73216.00
0.20 73216.00
0.30 73216.00
0.40 73216.00
0.50 73216.00
0.60 73216.00
0.70 73216.00
0.80 73216.00
0.90 73216.00
1.00 73216.00
1.10 73625.60
1.20 73625.60
1.30 73625.60
1.40 73625.60
1.50 73625.60
1.60 73625.60
1.70 73625.60
1.80 73625.60
1.90 73625.60
2.00 73625.60
2.10 69324.80
2.20 69324.80
2.30 69324.80
2.40 69324.80
2.50 69324.80
2.60 69324.80
2.70 69324.80
2.80 69324.80
2.90 69324.80
3.00 69324.80
3.10 71475.20
3.20 71475.20
3.30 71475.20
3.40 71475.20
3.50 71475.20
3.60 71475.20
3.70 71475.20
3.80 71475.20
3.90 71475.20
4.00 71475.20
4.10 70041.60
4.20 70041.60
4.30 70041.60
4.40 70041.60
4.50 70041.60
4.60 70041.60
4.70 70041.60
4.80 70041.60
4.90 70041.60
5.00 70041.60
5.10 73113.60
5.20 73113.60
5.30 73113.60
5.40 73113.60
5.50 73113.60
5.60 73113.60
5.70 73113.60
5.80 73113.60
5.90 73113.60
6.00 73113.60
6.10 68198.40
6.20 68198.40
6.30 68198.40
6.40 68198.40
6.50 68198.40
6.60 68198.40
6.70 68198.40
6.80 68198.40
6.90 68198.40
7.00 68198.40
7.10 71884.80
7.20 71884.80
7.30 71884.80
7.40 71884.80
7.50 71884.80
7.60 71884.80
7.70 71884.80
7.80 71884.80
7.90 71884.80
8.00 71884.80
8.10 72499.20
8.20 72499.20
8.30 72499.20
8.40 72499.20
8.50 72499.20
8.60 72499.20
8.70 72499.20
8.80 72499.20
8.90 72499.20
9.00 72499.20
9.10 69734.40
9.20 69734.40
9.30 69734.40
9.40 69734.40
9.50 69734.40
9.60 69734.40
9.70 69734.40
9.80 69734.40
9.90 69734.40
10.00 69734.40
