0.10 91852.80
0.20 91852.80
0.30 91852.80
0.40 91852.80
0.50 91852.80
0.60 91852.80
0.70 91852.80
0.80 91852.80
0.90 91852.80
1.00 91852.80
1.10 93900.80
1.20 93900.80
1.30 93900.80
1.40 93900.80
1.50 93900.80
1.60 93900.80
1.70 93900.80
1.80 93900.80
1.90 93900.80
2.00 93900.80
2.10 93798.40
2.20 93798.40
2.30 93798.40
2.40 93798.40
2.50 93798.40
2.60 93798.40
2.70 93798.40
2.80 93798.40
2.90 93798.40
3.00 93798.40
3.10 100352.00
3.20 100352.00
3.30 100352.00
3.40 100352.00
3.50 100352.00
3.60 100352.00
3.70 100352.00
3.80 100352.00
3.90 100352.00
4.00 100352.00
4.10 97382.40
4.20 97382.40
4.30 97382.40
4.40 97382.40
4.50 97382.40
4.60 97382.40
4.70 97382.40
4.80 97382.40
4.90 97382.40
5.00 97382.40
5.10 90009.60
5.20 90009.60
5.30 90009.60
5.40 90009.60
5.50 90009.60
5.60 90009.60
5.70 90009.60
5.80 90009.60
5.90 90009.60
6.00 90009.60
6.10 92262.40
6.20 92262.40
6.30 92262.40
6.40 92262.40
6.50 92262.40
6.60 92262.40
6.70 92262.40
6.80 92262.40
6.90 92262.40
7.00 92262.40
7.10 100966.40
7.20 100966.40
7.30 100966.40
7.40 100966.40
7.50 100966.40
7.60 100966.40
7.70 100966.40
7.80 100966.40
7.90 100966.40
8.00 100966.40
8.10 101580.80
8.20 101580.80
8.30 101580.80
8.40 101580.80
8.50 101580.80
8.60 101580.80
8.70 101580.80
8.80 101580.80
8.90 101580.80
9.00 101580.80
9.10 100147.20
9.20 100147.20
9.30 100147.20
9.40 100147.20
9.50 100147.20
9.60 100147.20
9.70 100147.20
9.80 100147.20
9.90 100147.20
10.00 100147.20
