0.10 91955.20
0.20 91955.20
0.30 91955.20
0.40 91955.20
0.50 91955.20
0.60 91955.20
0.70 91955.20
0.80 91955.20
0.90 91955.20
1.00 91955.20
1.10 93388.80
1.20 93388.80
1.30 93388.80
1.40 93388.80
1.50 93388.80
1.60 93388.80
1.70 93388.80
1.80 93388.80
1.90 93388.80
2.00 93388.80
2.10 92672.00
2.20 92672.00
2.30 92672.00
2.40 92672.00
2.50 92672.00
2.60 92672.00
2.70 92672.00
2.80 92672.00
2.90 92672.00
3.00 92672.00
3.10 92262.40
3.20 92262.40
3.30 92262.40
3.40 92262.40
3.50 92262.40
3.60 92262.40
3.70 92262.40
3.80 92262.40
3.90 92262.40
4.00 92262.40
4.10 96972.80
4.20 96972.80
4.30 96972.80
4.40 96972.80
4.50 96972.80
4.60 96972.80
4.70 96972.80
4.80 96972.80
4.90 96972.80
5.00 96972.80
5.10 91443.20
5.20 91443.20
5.30 91443.20
5.40 91443.20
5.50 91443.20
5.60 91443.20
5.70 91443.20
5.80 91443.20
5.90 91443.20
6.00 91443.20
6.10 97689.60
6.20 97689.60
6.30 97689.60
6.40 97689.60
6.50 97689.60
6.60 97689.60
6.70 97689.60
6.80 97689.60
6.90 97689.60
7.00 97689.60
7.10 100556.80
7.20 100556.80
7.30 100556.80
7.40 100556.80
7.50 100556.80
7.60 100556.80
7.70 100556.80
7.80 100556.80
7.90 100556.80
8.00 100556.80
8.10 98611.20
8.20 98611.20
8.30 98611.20
8.40 98611.20
8.50 98611.20
8.60 98611.20
8.70 98611.20
8.80 98611.20
8.90 98611.20
9.00 98611.20
9.10 95948.80
9.20 95948.80
9.30 95948.80
9.40 95948.80
9.50 95948.80
9.60 95948.80
9.70 95948.80
9.80 95948.80
9.90 95948.80
10.00 95948.80
