0.11 23596.0
0.22 19432.0
0.33 16656.0
0.44 27760.0
0.55 33312.0
0.66 15268.0
0.77 24984.0
0.88 23596.0
0.99 20820.0
1.10 20820.0
1.20 23596.0
1.31 29148.0
1.41 16656.0
1.52 20820.0
1.64 20820.0
1.77 15268.0
1.88 19432.0
1.99 20820.0
2.10 20820.0
2.20 22208.0
2.32 40252.0
2.42 15268.0
2.53 31924.0
2.63 20820.0
2.75 16656.0
2.87 15268.0
2.97 15268.0
3.09 13880.0
3.20 12492.0
3.31 26372.0
3.41 30536.0
3.53 29148.0
3.63 16656.0
3.74 12492.0
3.85 11104.0
3.95 13880.0
4.06 30536.0
4.16 18044.0
4.27 18044.0
4.38 16656.0
4.49 19432.0
4.61 36088.0
4.71 26372.0
4.82 34700.0
4.93 19432.0
5.04 47192.0
5.14 34700.0
5.25 31924.0
5.36 23596.0
5.46 34700.0
5.58 45804.0
5.68 37476.0
5.79 45804.0
5.89 29148.0
6.00 34700.0
6.11 47192.0
6.29 24984.0
6.39 47192.0
6.55 33312.0
6.65 41640.0
6.77 38864.0
6.88 24984.0
6.99 29148.0
7.10 45804.0
7.20 23596.0
7.31 18044.0
7.41 24984.0
7.52 29148.0
7.63 65236.0
7.74 33312.0
7.85 16656.0
7.95 20820.0
8.06 36088.0
8.16 33312.0
8.27 30536.0
8.39 26372.0
8.50 23596.0
8.62 27760.0
8.72 24984.0
8.84 23596.0
8.94 24984.0
9.05 36088.0
9.15 41640.0
9.26 48580.0
9.37 41640.0
9.47 33312.0
9.58 48580.0
9.68 31924.0
9.79 31924.0
9.89 26372.0
10.00 38864.0
10.11 44416.0
10.21 36088.0
10.32 9716.0
10.42 51356.0
10.53 47192.0
10.63 48580.0
10.74 44416.0
10.93 36088.0
11.05 61072.0
11.15 12492.0
11.26 22208.0
11.37 22208.0
11.47 11104.0
11.59 51356.0
11.69 40252.0
11.80 54132.0
11.90 29148.0
12.01 45804.0
12.12 45804.0
12.22 31924.0
12.33 33312.0
12.43 56908.0
12.54 24984.0
12.64 43028.0
12.76 19432.0
12.87 47192.0
12.97 36088.0
13.08 44416.0
13.23 16656.0
13.34 34700.0
13.47 23596.0
13.59 13880.0
13.71 12492.0
13.83 5552.0
13.93 5552.0
14.04 6940.0
14.15 12492.0
14.26 16656.0
14.37 18044.0
14.47 15268.0
14.58 20820.0
14.68 16656.0
14.79 16656.0
14.89 18044.0
15.00 27760.0
15.11 19432.0
15.22 24984.0
15.33 20820.0
15.43 15268.0
15.55 27760.0
15.66 13880.0
15.77 13880.0
15.88 13880.0
15.99 11104.0
16.11 19432.0
16.21 19432.0
16.32 16656.0
16.42 13880.0
16.53 13880.0
16.63 9716.0
16.74 15268.0
16.85 15268.0
16.96 15268.0
17.07 16656.0
17.18 11104.0
17.29 18044.0
17.39 37476.0
17.50 23596.0
17.61 31924.0
17.72 36088.0
17.83 44416.0
17.93 24984.0
18.04 40252.0
18.14 29148.0
18.25 44416.0
18.36 34700.0
18.46 24984.0
18.57 27760.0
18.67 22208.0
18.78 13880.0
18.88 18044.0
18.99 11104.0
19.10 24984.0
19.20 16656.0
19.31 9716.0
19.41 8328.0
19.52 12492.0
19.63 12492.0
19.74 11104.0
19.86 12492.0
19.96 9716.0
20.07 23596.0
20.17 24984.0
20.28 20820.0
20.38 27760.0
20.49 38864.0
20.60 26372.0
20.70 30536.0
20.81 31924.0
21.03 20820.0
21.13 27760.0
21.24 47192.0
21.35 47192.0
21.45 26372.0
21.56 16656.0
21.66 13880.0
21.77 19432.0
21.88 18044.0
22.00 11104.0
22.11 8328.0
22.21 8328.0
22.32 20820.0
22.42 26372.0
22.53 24984.0
22.64 22208.0
22.75 34700.0
22.86 26372.0
22.96 24984.0
23.07 13880.0
23.17 23596.0
23.28 37476.0
23.38 38864.0
23.49 47192.0
23.60 41640.0
23.71 37476.0
23.82 18044.0
23.92 13880.0
24.03 12492.0
24.14 27760.0
24.26 18044.0
24.37 18044.0
24.48 15268.0
24.59 20820.0
24.69 20820.0
24.80 20820.0
24.90 15268.0
25.01 16656.0
25.13 16656.0
25.25 18044.0
25.36 16656.0
25.48 12492.0
25.59 26372.0
25.69 16656.0
25.80 5552.0
25.91 15268.0
26.04 13880.0
26.15 11104.0
26.27 11104.0
26.41 13880.0
26.53 11104.0
26.64 19432.0
26.75 15268.0
26.87 12492.0
26.97 19432.0
27.08 12492.0
27.18 13880.0
27.29 19432.0
27.39 16656.0
27.50 20820.0
27.61 26372.0
27.74 13880.0
27.86 9716.0
27.96 11104.0
28.07 15268.0
28.19 18044.0
28.30 13880.0
28.40 6940.0
28.51 9716.0
28.63 12492.0
28.75 11104.0
28.86 5552.0
29.06 12492.0
29.17 4164.0
29.30 6940.0
29.41 8328.0
29.53 6940.0
29.64 4164.0
29.78 2776.0
29.92 1388.0
30.06 2776.0
30.17 5552.0
30.29 4164.0
30.39 4164.0
30.51 6940.0
30.63 9716.0
30.74 11104.0
30.85 15268.0
30.95 22208.0
31.06 30536.0
31.17 19432.0
31.28 12492.0
31.38 19432.0
31.49 23596.0
31.60 22208.0
31.70 15268.0
31.81 20820.0
31.92 12492.0
32.04 8328.0
32.14 8328.0
32.25 9716.0
32.36 9716.0
32.47 11104.0
32.58 9716.0
32.68 8328.0
32.80 9716.0
32.91 5552.0
33.02 11104.0
33.13 12492.0
33.24 11104.0
33.36 11104.0
33.46 9716.0
33.58 8328.0
33.69 11104.0
33.80 11104.0
33.91 12492.0
34.02 8328.0
34.14 8328.0
34.25 11104.0
34.37 6940.0
34.48 11104.0
34.60 11104.0
34.71 11104.0
34.82 12492.0
34.92 15268.0
35.03 20820.0
35.13 16656.0
35.24 16656.0
35.35 19432.0
35.45 12492.0
35.56 19432.0
35.66 11104.0
35.77 22208.0
35.88 18044.0
35.99 15268.0
36.14 13880.0
36.25 13880.0
36.37 18044.0
36.47 19432.0
36.60 18044.0
36.70 13880.0
36.82 12492.0
36.92 12492.0
37.04 6940.0
37.14 18044.0
37.26 15268.0
37.37 23596.0
37.48 13880.0
37.59 13880.0
37.69 16656.0
37.80 8328.0
37.91 6940.0
38.02 6940.0
38.15 6940.0
38.28 9716.0
38.39 12492.0
38.50 12492.0
38.61 18044.0
38.72 15268.0
38.84 18044.0
38.94 15268.0
39.06 22208.0
39.16 20820.0
39.27 26372.0
39.40 16656.0
39.51 18044.0
39.62 16656.0
39.72 11104.0
39.84 12492.0
39.95 12492.0
40.06 23596.0
40.16 31924.0
40.30 29148.0
40.40 26372.0
40.51 24984.0
40.62 22208.0
40.73 11104.0
40.84 20820.0
40.94 18044.0
41.05 15268.0
41.15 15268.0
41.26 15268.0
41.37 19432.0
41.49 20820.0
41.62 24984.0
41.73 19432.0
41.86 20820.0
41.97 5552.0
42.10 8328.0
42.22 6940.0
42.33 9716.0
42.43 6940.0
42.55 11104.0
42.66 12492.0
42.77 8328.0
42.89 15268.0
43.00 18044.0
43.11 13880.0
43.21 12492.0
43.32 29148.0
43.42 22208.0
43.53 20820.0
43.63 19432.0
43.74 12492.0
43.85 15268.0
43.95 13880.0
44.06 12492.0
44.18 19432.0
44.29 16656.0
44.39 22208.0
44.50 15268.0
44.61 29148.0
44.71 19432.0
44.83 22208.0
44.93 29148.0
45.05 30536.0
45.16 27760.0
45.27 27760.0
45.39 15268.0
45.50 13880.0
45.62 18044.0
45.72 9716.0
45.83 12492.0
45.93 16656.0
46.04 20820.0
46.14 23596.0
46.25 41640.0
46.36 29148.0
46.46 19432.0
46.57 23596.0
46.67 27760.0
46.80 23596.0
46.93 13880.0
47.06 5552.0
47.19 5552.0
47.30 20820.0
47.42 23596.0
47.53 12492.0
47.64 9716.0
47.75 15268.0
47.86 19432.0
47.97 20820.0
48.10 22208.0
48.23 8328.0
48.39 4164.0
48.50 5552.0
48.62 5552.0
48.72 6940.0
48.84 11104.0
48.94 9716.0
49.06 9716.0
49.17 13880.0
49.28 12492.0
49.39 12492.0
49.50 5552.0
49.61 9716.0
49.71 15268.0
49.82 16656.0
49.93 12492.0
50.04 15268.0
50.14 12492.0
50.25 13880.0
50.38 4164.0
50.51 8328.0
50.62 16656.0
50.72 12492.0
50.84 9716.0
50.94 12492.0
51.07 11104.0
51.18 12492.0
51.30 6940.0
51.40 9716.0
51.52 19432.0
51.63 18044.0
51.74 16656.0
51.85 18044.0
51.95 12492.0
52.06 20820.0
52.16 8328.0
52.27 22208.0
52.61 13880.0
52.71 69400.0
52.89 11104.0
53.01 8328.0
53.12 16656.0
53.23 16656.0
53.35 12492.0
53.46 9716.0
53.57 9716.0
53.68 9716.0
53.80 12492.0
53.90 13880.0
54.01 13880.0
54.12 9716.0
54.22 16656.0
54.34 16656.0
54.44 12492.0
54.55 15268.0
54.65 16656.0
54.76 30536.0
54.87 24984.0
54.98 18044.0
55.09 23596.0
55.19 20820.0
55.30 19432.0
55.41 15268.0
55.52 18044.0
55.63 13880.0
55.74 15268.0
55.85 30536.0
55.95 22208.0
56.06 16656.0
56.17 12492.0
56.28 9716.0
56.39 11104.0
56.50 15268.0
56.61 31924.0
56.71 20820.0
56.82 16656.0
56.92 40252.0
57.03 26372.0
57.13 20820.0
57.24 19432.0
57.35 11104.0
57.45 11104.0
57.56 13880.0
57.69 15268.0
57.80 13880.0
57.90 9716.0
58.02 15268.0
58.14 9716.0
58.27 12492.0
58.38 8328.0
58.49 8328.0
58.60 20820.0
58.70 15268.0
58.82 15268.0
58.93 18044.0
59.05 23596.0
59.15 13880.0
59.26 16656.0
59.37 33312.0
59.48 22208.0
59.59 16656.0
59.70 16656.0
59.81 18044.0
59.92 20820.0
60.03 15268.0
60.13 13880.0
60.24 15268.0
60.35 12492.0
60.45 16656.0
60.56 22208.0
60.66 13880.0
60.77 15268.0
60.88 15268.0
61.00 19432.0
61.11 20820.0
61.21 18044.0
61.33 19432.0
61.43 6940.0
61.54 18044.0
61.65 12492.0
61.76 16656.0
61.87 16656.0
61.97 15268.0
62.09 19432.0
62.19 24984.0
62.30 22208.0
62.40 16656.0
62.51 13880.0
62.63 16656.0
62.74 19432.0
62.85 18044.0
62.95 16656.0
63.06 11104.0
63.19 8328.0
63.30 19432.0
63.41 22208.0
63.52 20820.0
63.63 12492.0
63.74 24984.0
63.86 19432.0
63.96 23596.0
64.08 24984.0
64.18 5552.0
64.29 20820.0
64.39 26372.0
64.50 20820.0
64.63 15268.0
64.74 6940.0
64.85 12492.0
64.95 20820.0
65.07 9716.0
65.17 15268.0
65.28 18044.0
65.38 12492.0
65.50 9716.0
65.61 12492.0
65.71 16656.0
65.82 15268.0
65.92 11104.0
66.03 11104.0
66.14 12492.0
66.25 13880.0
66.37 6940.0
66.47 9716.0
66.59 11104.0
66.69 9716.0
66.80 9716.0
66.91 11104.0
67.02 6940.0
67.14 12492.0
67.26 12492.0
67.38 23596.0
67.49 24984.0
67.60 18044.0
67.70 18044.0
67.82 26372.0
67.93 30536.0
68.04 36088.0
68.14 27760.0
68.26 20820.0
68.37 13880.0
68.47 22208.0
68.58 24984.0
68.68 19432.0
68.79 27760.0
68.89 27760.0
69.00 29148.0
69.11 26372.0
69.21 27760.0
69.32 26372.0
69.43 22208.0
69.54 30536.0
69.64 20820.0
69.75 19432.0
69.86 23596.0
69.96 26372.0
70.07 29148.0
70.17 26372.0
70.28 16656.0
70.38 22208.0
70.49 26372.0
70.60 27760.0
70.70 23596.0
71.15 24984.0
71.28 80504.0
71.38 23596.0
71.49 37476.0
71.60 40252.0
71.70 34700.0
71.82 52744.0
71.95 5552.0
72.06 34700.0
72.16 34700.0
72.27 43028.0
72.38 31924.0
72.50 45804.0
72.79 18044.0
72.98 80504.0
73.09 22208.0
73.19 23596.0
73.30 22208.0
73.40 27760.0
73.51 26372.0
73.63 24984.0
73.75 13880.0
73.87 19432.0
73.97 15268.0
74.08 24984.0
74.18 23596.0
74.29 34700.0
74.39 26372.0
74.50 13880.0
74.61 33312.0
74.71 30536.0
74.82 16656.0
74.92 26372.0
75.03 29148.0
75.13 29148.0
75.24 36088.0
75.35 33312.0
75.45 29148.0
75.56 26372.0
75.67 23596.0
75.78 48580.0
75.88 41640.0
75.99 33312.0
76.10 45804.0
76.20 19432.0
76.31 31924.0
76.41 27760.0
76.52 24984.0
76.63 29148.0
76.74 36088.0
76.85 36088.0
76.95 41640.0
77.07 44416.0
77.20 12492.0
77.31 38864.0
77.41 43028.0
77.52 48580.0
77.63 38864.0
77.74 44416.0
77.85 33312.0
77.95 31924.0
78.06 20820.0
78.18 27760.0
78.30 31924.0
78.41 12492.0
78.52 30536.0
78.63 27760.0
78.75 33312.0
78.86 40252.0
78.96 19432.0
79.07 20820.0
79.18 31924.0
79.29 19432.0
79.39 31924.0
79.50 31924.0
79.61 16656.0
79.71 26372.0
79.82 24984.0
79.92 30536.0
80.03 27760.0
80.13 16656.0
80.25 18044.0
80.38 15268.0
80.49 5552.0
80.60 2776.0
80.74 6940.0
80.85 8328.0
80.95 11104.0
81.06 8328.0
81.17 6940.0
81.29 6940.0
81.44 8328.0
81.58 5552.0
81.72 5552.0
81.83 5552.0
81.93 9716.0
82.04 6940.0
82.16 9716.0
82.27 6940.0
82.38 11104.0
82.49 6940.0
82.61 5552.0
82.71 5552.0
82.82 8328.0
82.93 11104.0
83.05 8328.0
83.15 8328.0
83.27 12492.0
83.38 13880.0
83.49 15268.0
83.61 23596.0
83.71 27760.0
83.82 27760.0
83.92 15268.0
84.03 29148.0
84.13 30536.0
84.24 27760.0
84.35 34700.0
84.45 34700.0
84.56 34700.0
84.66 26372.0
84.77 22208.0
84.88 34700.0
84.99 29148.0
85.10 23596.0
85.24 27760.0
85.35 18044.0
85.45 19432.0
85.56 30536.0
85.66 33312.0
85.77 27760.0
85.88 38864.0
85.99 34700.0
86.10 23596.0
86.20 19432.0
86.31 49968.0
86.41 48580.0
86.52 29148.0
86.63 38864.0
86.74 27760.0
86.90 33312.0
87.01 44416.0
87.12 47192.0
87.25 12492.0
87.36 51356.0
87.46 34700.0
87.57 31924.0
87.67 34700.0
87.79 18044.0
87.89 43028.0
88.00 51356.0
88.13 31924.0
88.24 26372.0
88.35 44416.0
88.45 38864.0
88.56 36088.0
88.74 37476.0
88.85 38864.0
88.95 48580.0
89.06 54132.0
89.16 33312.0
89.27 34700.0
89.38 51356.0
89.49 38864.0
89.60 33312.0
89.70 33312.0
89.81 6940.0
89.91 18044.0
90.02 41640.0
90.13 36088.0
90.24 15268.0
90.36 52744.0
90.46 29148.0
90.57 29148.0
90.67 22208.0
90.78 19432.0
90.89 38864.0
91.00 34700.0
91.11 18044.0
91.21 45804.0
91.33 47192.0
91.43 27760.0
91.54 16656.0
91.64 15268.0
91.76 41640.0
91.87 58296.0
91.97 33312.0
92.08 29148.0
92.18 30536.0
92.29 41640.0
92.39 44416.0
92.50 45804.0
92.61 37476.0
92.71 20820.0
92.82 12492.0
92.92 16656.0
93.03 18044.0
93.13 18044.0
93.24 11104.0
93.35 12492.0
93.45 16656.0
93.56 20820.0
93.66 12492.0
93.77 11104.0
93.88 16656.0
93.99 15268.0
94.11 16656.0
94.21 16656.0
94.32 19432.0
94.42 9716.0
94.54 19432.0
94.64 37476.0
94.75 20820.0
94.86 23596.0
94.96 26372.0
95.13 34700.0
95.24 47192.0
95.35 52744.0
95.45 33312.0
95.56 43028.0
95.66 41640.0
95.77 23596.0
95.88 18044.0
95.99 26372.0
96.10 16656.0
96.20 27760.0
96.31 37476.0
96.50 40252.0
96.61 58296.0
96.71 49968.0
96.82 40252.0
96.93 38864.0
97.05 24984.0
97.15 34700.0
97.26 23596.0
97.37 38864.0
97.47 37476.0
97.59 15268.0
97.69 30536.0
97.80 41640.0
97.91 16656.0
98.02 43028.0
98.13 47192.0
98.24 45804.0
98.35 16656.0
98.45 38864.0
98.56 44416.0
98.66 29148.0
98.78 30536.0
98.88 36088.0
98.99 13880.0
99.10 40252.0
99.20 27760.0
99.31 33312.0
99.41 27760.0
99.52 29148.0
99.63 29148.0
99.74 19432.0
99.85 19432.0
99.95 47192.0
100.06 37476.0
100.17 58296.0
100.28 44416.0
100.41 11104.0
100.52 43028.0
100.63 43028.0
100.74 38864.0
100.85 38864.0
100.95 37476.0
101.06 38864.0
101.17 12492.0
101.28 23596.0
101.38 22208.0
101.49 26372.0
101.60 24984.0
101.70 23596.0
101.81 16656.0
101.91 19432.0
102.03 29148.0
102.13 22208.0
102.24 24984.0
102.35 23596.0
102.46 26372.0
102.58 31924.0
102.68 22208.0
102.79 27760.0
102.90 20820.0
103.01 30536.0
103.12 27760.0
103.22 26372.0
103.33 22208.0
103.43 16656.0
103.54 15268.0
103.64 9716.0
103.75 22208.0
103.88 15268.0
104.00 11104.0
104.11 27760.0
104.21 22208.0
104.32 34700.0
104.46 27760.0
104.57 16656.0
104.68 18044.0
104.80 24984.0
104.91 18044.0
105.02 27760.0
105.13 26372.0
105.24 22208.0
105.35 22208.0
105.45 23596.0
105.56 16656.0
105.67 22208.0
105.79 27760.0
105.89 33312.0
106.00 44416.0
106.11 44416.0
106.21 49968.0
106.44 37476.0
106.55 59684.0
106.65 41640.0
106.76 54132.0
106.87 41640.0
106.97 43028.0
107.08 40252.0
107.18 47192.0
107.29 43028.0
107.39 36088.0
107.53 22208.0
107.63 45804.0
107.74 36088.0
107.85 34700.0
107.95 18044.0
108.06 33312.0
108.16 44416.0
108.27 51356.0
108.38 38864.0
108.49 41640.0
108.60 38864.0
108.70 23596.0
108.81 33312.0
108.91 31924.0
109.02 51356.0
109.13 40252.0
109.24 40252.0
109.35 44416.0
109.45 41640.0
109.58 2776.0
109.68 26372.0
109.80 49968.0
109.93 30536.0
110.04 43028.0
110.14 37476.0
110.25 41640.0
110.44 36088.0
110.56 55520.0
110.67 51356.0
110.78 47192.0
110.88 31924.0
110.99 29148.0
111.10 19432.0
111.20 30536.0
111.31 48580.0
111.41 19432.0
111.52 27760.0
111.64 34700.0
111.75 27760.0
111.86 12492.0
111.96 41640.0
112.07 51356.0
112.17 23596.0
112.28 33312.0
112.39 24984.0
112.50 23596.0
112.61 24984.0
112.71 12492.0
112.82 11104.0
112.94 12492.0
113.06 13880.0
113.16 29148.0
113.27 49968.0
113.38 43028.0
113.49 37476.0
113.61 40252.0
113.71 26372.0
113.82 31924.0
113.92 47192.0
114.03 37476.0
114.13 12492.0
114.24 27760.0
114.35 27760.0
114.46 37476.0
114.57 27760.0
114.67 41640.0
114.78 43028.0
114.89 37476.0
115.00 36088.0
115.11 49968.0
115.24 6940.0
115.35 49968.0
115.45 48580.0
115.56 45804.0
115.67 23596.0
115.78 47192.0
115.89 44416.0
116.00 30536.0
116.11 18044.0
116.21 24984.0
116.33 33312.0
116.43 44416.0
116.54 44416.0
116.64 16656.0
116.75 41640.0
116.93 33312.0
117.04 36088.0
117.14 45804.0
117.25 47192.0
117.49 54132.0
117.60 56908.0
117.75 63848.0
117.86 49968.0
117.96 41640.0
118.07 43028.0
118.17 51356.0
118.28 41640.0
118.38 26372.0
118.49 38864.0
118.71 51356.0
118.82 65236.0
118.95 13880.0
119.06 47192.0
119.16 40252.0
119.27 48580.0
119.38 31924.0
119.49 43028.0
119.60 31924.0
119.70 29148.0
119.82 51356.0
119.92 44416.0
