0.19 12492.0
0.30 70788.0
0.41 52744.0
0.52 58296.0
0.62 43028.0
0.73 51356.0
0.83 55520.0
0.94 37476.0
1.18 56908.0
1.30 58296.0
1.41 51356.0
1.52 54132.0
1.63 52744.0
1.74 54132.0
1.84 37476.0
1.95 61072.0
2.13 19432.0
2.24 41640.0
2.34 30536.0
2.49 26372.0
2.59 61072.0
2.70 51356.0
2.80 27760.0
2.91 22208.0
3.02 30536.0
3.12 31924.0
3.23 30536.0
3.33 51356.0
3.44 30536.0
3.57 26372.0
3.68 56908.0
3.82 56908.0
3.93 54132.0
4.04 51356.0
4.14 44416.0
4.29 11104.0
4.39 18044.0
4.50 47192.0
4.61 44416.0
4.73 44416.0
4.89 34700.0
5.00 29148.0
5.10 34700.0
5.21 55520.0
5.31 41640.0
5.42 66624.0
5.53 37476.0
5.63 62460.0
5.84 31924.0
5.95 24984.0
6.06 33312.0
6.17 31924.0
6.28 26372.0
6.38 24984.0
6.49 37476.0
6.59 18044.0
6.71 34700.0
6.81 31924.0
6.92 24984.0
7.03 41640.0
7.13 51356.0
7.25 55520.0
7.35 41640.0
7.46 43028.0
7.56 51356.0
7.67 40252.0
7.79 36088.0
7.89 45804.0
8.00 49968.0
8.10 47192.0
8.21 36088.0
8.31 43028.0
8.42 37476.0
8.53 37476.0
8.63 27760.0
8.75 26372.0
8.85 48580.0
8.98 30536.0
9.08 58296.0
9.19 59684.0
9.30 43028.0
9.41 62460.0
9.52 33312.0
9.62 41640.0
9.73 44416.0
9.83 38864.0
9.95 6940.0
10.05 59684.0
10.19 51356.0
10.30 49968.0
10.43 23596.0
10.54 52744.0
10.64 43028.0
10.75 49968.0
10.85 52744.0
11.05 27760.0
11.16 66624.0
11.29 51356.0
11.40 58296.0
11.53 9716.0
11.63 40252.0
11.74 43028.0
11.86 31924.0
11.97 40252.0
12.07 45804.0
12.18 34700.0
12.30 45804.0
12.41 29148.0
12.52 44416.0
12.63 16656.0
12.74 56908.0
12.84 52744.0
12.95 43028.0
13.05 49968.0
13.23 16656.0
13.33 27760.0
13.44 49968.0
13.55 37476.0
13.66 58296.0
13.77 18044.0
13.87 23596.0
13.99 13880.0
14.09 9716.0
14.20 20820.0
14.30 38864.0
14.42 27760.0
14.55 36088.0
14.67 65236.0
14.79 51356.0
14.89 58296.0
15.01 40252.0
15.15 12492.0
15.26 61072.0
15.36 45804.0
15.47 51356.0
15.57 52744.0
15.68 31924.0
15.79 48580.0
15.89 38864.0
16.11 47192.0
16.23 59684.0
16.36 19432.0
16.47 47192.0
16.57 34700.0
16.68 33312.0
16.80 33312.0
16.91 37476.0
17.02 52744.0
17.12 45804.0
17.23 45804.0
17.33 33312.0
17.44 36088.0
17.56 43028.0
17.68 40252.0
17.79 36088.0
17.93 23596.0
18.04 33312.0
18.15 27760.0
18.26 34700.0
18.36 29148.0
18.47 36088.0
18.57 33312.0
18.69 33312.0
18.80 27760.0
18.91 56908.0
19.02 40252.0
19.12 54132.0
19.23 20820.0
19.33 16656.0
19.44 19432.0
19.56 30536.0
19.68 13880.0
19.79 12492.0
19.90 8328.0
20.01 12492.0
20.11 11104.0
20.22 9716.0
20.32 9716.0
20.83 6940.0
20.94 40252.0
21.05 8328.0
21.16 15268.0
21.28 16656.0
21.38 11104.0
21.50 11104.0
21.60 9716.0
21.71 11104.0
21.81 18044.0
21.92 18044.0
22.05 15268.0
22.16 9716.0
22.28 11104.0
22.38 15268.0
22.49 19432.0
22.59 19432.0
22.70 23596.0
22.80 18044.0
22.91 18044.0
23.03 13880.0
23.13 30536.0
23.24 18044.0
23.34 13880.0
23.45 18044.0
23.55 19432.0
23.67 20820.0
23.78 15268.0
23.88 16656.0
23.99 26372.0
24.09 18044.0
24.20 27760.0
24.30 30536.0
24.41 38864.0
24.53 20820.0
24.72 22208.0
24.83 30536.0
24.94 36088.0
25.05 33312.0
25.21 36088.0
25.32 24984.0
25.43 38864.0
25.54 31924.0
25.64 26372.0
25.77 24984.0
25.88 34700.0
26.00 38864.0
26.17 40252.0
26.29 41640.0
26.41 34700.0
26.52 40252.0
26.62 38864.0
26.73 30536.0
26.83 19432.0
26.94 31924.0
27.05 18044.0
27.16 19432.0
27.28 24984.0
27.38 23596.0
27.49 29148.0
27.59 19432.0
27.70 22208.0
27.80 16656.0
27.91 27760.0
28.04 24984.0
28.15 20820.0
28.26 26372.0
28.36 24984.0
28.47 16656.0
28.60 16656.0
28.71 31924.0
28.81 30536.0
28.92 30536.0
29.04 31924.0
29.14 22208.0
29.26 43028.0
29.36 36088.0
29.47 44416.0
29.57 38864.0
29.68 29148.0
29.79 44416.0
29.92 13880.0
30.03 44416.0
30.13 49968.0
30.24 40252.0
30.35 45804.0
30.47 48580.0
30.57 37476.0
30.69 36088.0
30.80 37476.0
30.92 24984.0
31.03 26372.0
31.13 30536.0
31.24 19432.0
31.34 22208.0
31.46 22208.0
31.57 12492.0
31.68 12492.0
31.79 29148.0
31.90 44416.0
32.01 47192.0
32.11 36088.0
32.23 27760.0
32.33 44416.0
32.49 27760.0
32.59 23596.0
32.71 36088.0
32.81 55520.0
32.92 47192.0
33.04 54132.0
33.15 41640.0
33.26 55520.0
33.36 33312.0
33.48 54132.0
33.58 44416.0
33.70 33312.0
33.80 45804.0
33.91 30536.0
34.03 23596.0
34.16 6940.0
34.27 29148.0
34.37 19432.0
34.48 31924.0
34.58 36088.0
34.75 34700.0
34.85 43028.0
34.96 34700.0
35.06 24984.0
35.17 30536.0
35.28 36088.0
35.38 29148.0
35.49 44416.0
35.60 8328.0
35.71 33312.0
35.81 38864.0
35.92 37476.0
36.03 40252.0
36.13 41640.0
36.24 49968.0
36.35 41640.0
36.46 45804.0
36.56 41640.0
36.70 12492.0
36.80 29148.0
36.91 41640.0
37.03 18044.0
37.13 15268.0
37.24 38864.0
37.34 16656.0
37.47 36088.0
37.57 41640.0
37.68 40252.0
37.79 38864.0
37.89 23596.0
38.00 44416.0
38.10 40252.0
38.21 33312.0
38.32 29148.0
38.45 31924.0
38.56 15268.0
38.67 20820.0
38.78 29148.0
38.88 36088.0
39.04 31924.0
39.14 31924.0
39.25 36088.0
39.42 37476.0
39.53 47192.0
39.63 22208.0
39.75 20820.0
39.86 22208.0
39.97 15268.0
40.08 18044.0
40.19 20820.0
40.30 20820.0
40.41 19432.0
40.52 27760.0
40.62 15268.0
40.73 15268.0
40.83 30536.0
40.94 19432.0
41.13 23596.0
41.24 24984.0
41.34 15268.0
41.45 12492.0
41.55 13880.0
41.66 22208.0
41.77 29148.0
41.87 24984.0
41.98 24984.0
42.08 20820.0
42.19 18044.0
42.30 13880.0
42.42 15268.0
42.53 19432.0
42.63 12492.0
42.74 19432.0
42.84 13880.0
42.96 26372.0
43.07 23596.0
43.19 22208.0
43.30 20820.0
43.41 19432.0
43.52 15268.0
43.62 18044.0
43.73 26372.0
43.83 15268.0
43.94 18044.0
44.05 13880.0
44.16 22208.0
44.27 11104.0
44.37 16656.0
44.50 20820.0
44.60 20820.0
44.71 15268.0
44.81 27760.0
44.92 12492.0
45.03 23596.0
45.13 33312.0
45.24 20820.0
45.34 26372.0
45.45 36088.0
45.60 34700.0
45.71 31924.0
45.81 44416.0
45.92 55520.0
46.04 37476.0
46.14 52744.0
46.27 51356.0
46.37 30536.0
46.49 31924.0
46.59 41640.0
46.70 30536.0
46.80 24984.0
46.91 31924.0
47.02 20820.0
47.12 22208.0
47.23 37476.0
47.50 29148.0
47.61 66624.0
47.75 52744.0
47.85 29148.0
47.96 24984.0
48.07 26372.0
48.19 44416.0
48.30 40252.0
48.41 44416.0
48.53 45804.0
48.63 41640.0
48.74 37476.0
48.84 18044.0
48.95 48580.0
49.05 18044.0
49.16 44416.0
49.32 34700.0
49.43 33312.0
49.54 26372.0
49.64 19432.0
49.76 26372.0
49.86 19432.0
49.97 19432.0
50.07 22208.0
50.18 33312.0
50.30 29148.0
50.41 34700.0
50.52 49968.0
50.63 37476.0
50.74 36088.0
50.86 16656.0
50.97 70788.0
51.10 43028.0
51.21 44416.0
51.31 34700.0
51.42 34700.0
51.53 16656.0
51.63 11104.0
51.75 9716.0
51.86 11104.0
51.97 12492.0
52.07 12492.0
52.18 16656.0
52.30 13880.0
52.41 24984.0
52.52 16656.0
52.62 12492.0
52.73 12492.0
52.84 16656.0
52.95 12492.0
53.06 12492.0
53.17 13880.0
53.29 19432.0
53.40 19432.0
53.52 26372.0
53.62 20820.0
53.76 18044.0
53.86 19432.0
53.97 9716.0
54.07 13880.0
54.19 13880.0
54.31 20820.0
54.42 20820.0
54.53 16656.0
54.63 18044.0
54.74 20820.0
54.84 16656.0
54.97 22208.0
55.07 23596.0
55.18 26372.0
55.29 20820.0
55.39 20820.0
55.50 18044.0
55.60 12492.0
55.71 12492.0
55.81 15268.0
55.92 12492.0
56.03 12492.0
56.13 13880.0
56.24 22208.0
56.34 19432.0
56.45 16656.0
56.55 23596.0
56.67 26372.0
56.78 41640.0
56.88 20820.0
56.99 30536.0
57.09 30536.0
57.20 23596.0
57.31 18044.0
57.42 26372.0
57.53 23596.0
57.63 18044.0
57.74 23596.0
57.84 20820.0
57.95 27760.0
58.05 18044.0
58.16 18044.0
58.27 20820.0
58.37 18044.0
58.49 16656.0
58.59 12492.0
58.70 24984.0
58.80 24984.0
58.91 31924.0
59.02 27760.0
59.12 19432.0
59.23 26372.0
59.34 29148.0
59.45 38864.0
59.55 34700.0
59.66 37476.0
59.77 37476.0
59.88 5552.0
60.00 41640.0
60.11 33312.0
60.22 23596.0
60.32 45804.0
60.44 48580.0
60.55 45804.0
60.66 37476.0
60.77 54132.0
60.87 44416.0
60.98 51356.0
61.08 44416.0
61.24 16656.0
61.34 34700.0
61.45 56908.0
61.55 37476.0
61.66 48580.0
61.78 49968.0
61.88 58296.0
62.00 30536.0
62.10 20820.0
62.21 23596.0
62.31 55520.0
62.43 36088.0
62.54 30536.0
62.64 31924.0
62.75 23596.0
62.85 12492.0
62.96 15268.0
63.06 29148.0
63.17 29148.0
63.28 24984.0
63.38 34700.0
63.49 38864.0
63.59 48580.0
63.70 30536.0
63.80 20820.0
63.91 34700.0
64.02 36088.0
64.12 12492.0
64.23 27760.0
64.33 29148.0
64.44 24984.0
64.55 29148.0
64.66 24984.0
64.77 34700.0
64.88 19432.0
64.99 54132.0
65.09 38864.0
65.20 52744.0
65.30 45804.0
65.41 43028.0
65.52 43028.0
65.62 33312.0
65.73 30536.0
65.83 34700.0
65.94 27760.0
66.05 43028.0
66.16 36088.0
66.27 49968.0
66.38 51356.0
66.49 40252.0
66.62 19432.0
66.74 24984.0
66.84 26372.0
66.95 20820.0
67.05 18044.0
67.16 24984.0
67.27 16656.0
67.37 22208.0
67.48 31924.0
67.58 13880.0
67.69 18044.0
67.81 15268.0
67.92 12492.0
68.03 9716.0
68.13 11104.0
68.24 12492.0
68.34 15268.0
68.46 15268.0
68.58 9716.0
68.69 16656.0
68.80 19432.0
68.91 26372.0
69.02 19432.0
69.12 18044.0
69.23 24984.0
69.33 33312.0
69.44 40252.0
69.55 24984.0
69.67 16656.0
69.80 27760.0
69.91 29148.0
70.02 23596.0
70.12 22208.0
70.23 23596.0
70.33 22208.0
70.44 26372.0
70.55 33312.0
70.66 44416.0
70.77 20820.0
70.87 26372.0
70.98 20820.0
71.08 20820.0
71.19 41640.0
71.30 24984.0
71.42 24984.0
71.53 16656.0
71.63 16656.0
71.74 24984.0
71.84 20820.0
71.95 18044.0
72.06 23596.0
72.18 30536.0
72.29 37476.0
72.39 27760.0
72.50 26372.0
72.60 33312.0
72.71 37476.0
72.81 20820.0
72.92 19432.0
73.04 15268.0
73.14 22208.0
73.25 22208.0
73.35 16656.0
73.47 18044.0
73.57 18044.0
73.68 30536.0
73.80 22208.0
73.91 36088.0
74.02 23596.0
74.12 23596.0
74.23 22208.0
74.33 19432.0
74.44 34700.0
74.55 34700.0
74.66 41640.0
74.77 38864.0
74.87 27760.0
74.98 13880.0
75.08 20820.0
75.19 20820.0
75.30 30536.0
75.42 38864.0
75.53 31924.0
75.63 24984.0
75.74 54132.0
75.84 26372.0
75.95 24984.0
76.05 16656.0
76.16 18044.0
76.27 30536.0
76.37 30536.0
76.48 22208.0
76.58 24984.0
76.69 23596.0
76.80 16656.0
76.91 22208.0
77.02 13880.0
77.13 18044.0
77.25 33312.0
77.36 33312.0
77.48 36088.0
77.58 31924.0
77.69 31924.0
77.80 36088.0
77.91 40252.0
78.02 37476.0
78.12 30536.0
78.23 20820.0
78.33 36088.0
78.44 27760.0
78.56 20820.0
78.67 36088.0
78.78 41640.0
78.88 36088.0
78.99 36088.0
79.09 29148.0
79.20 31924.0
79.30 29148.0
79.41 19432.0
79.52 29148.0
79.63 33312.0
79.74 44416.0
79.84 40252.0
79.95 52744.0
80.05 34700.0
80.17 36088.0
80.35 44416.0
80.47 34700.0
80.58 30536.0
80.69 34700.0
80.80 44416.0
80.91 44416.0
81.02 41640.0
81.12 36088.0
81.23 33312.0
81.37 30536.0
81.49 54132.0
81.59 38864.0
81.70 38864.0
81.81 23596.0
81.92 33312.0
82.03 40252.0
82.14 26372.0
82.26 22208.0
82.36 29148.0
82.48 36088.0
82.58 26372.0
82.69 26372.0
82.82 34700.0
82.95 31924.0
83.07 29148.0
83.18 48580.0
83.29 40252.0
83.39 36088.0
83.50 30536.0
83.60 34700.0
83.71 18044.0
83.81 24984.0
83.92 19432.0
84.03 23596.0
84.13 30536.0
84.24 34700.0
84.35 30536.0
84.46 33312.0
84.56 34700.0
84.67 38864.0
84.79 34700.0
84.89 31924.0
85.00 30536.0
85.10 27760.0
85.21 23596.0
85.31 24984.0
85.42 33312.0
85.53 26372.0
85.65 36088.0
85.76 31924.0
85.86 23596.0
85.97 31924.0
86.07 33312.0
86.20 34700.0
86.30 34700.0
86.42 34700.0
86.53 49968.0
86.63 43028.0
86.75 52744.0
86.85 47192.0
87.04 24984.0
87.14 36088.0
87.28 44416.0
87.38 52744.0
87.49 43028.0
87.59 40252.0
87.70 52744.0
87.80 38864.0
87.91 48580.0
88.03 44416.0
88.13 37476.0
88.24 43028.0
88.34 34700.0
88.45 51356.0
88.62 15268.0
88.73 52744.0
88.84 26372.0
88.95 45804.0
89.05 48580.0
89.16 37476.0
89.27 45804.0
89.37 49968.0
89.49 40252.0
89.59 61072.0
89.70 38864.0
89.80 41640.0
89.91 49968.0
90.02 47192.0
90.13 59684.0
90.24 40252.0
90.34 40252.0
90.45 45804.0
90.55 40252.0
90.66 27760.0
90.77 36088.0
90.89 26372.0
91.00 33312.0
91.11 37476.0
91.23 34700.0
91.35 33312.0
91.47 49968.0
91.57 49968.0
91.68 38864.0
91.85 31924.0
91.96 47192.0
92.06 54132.0
92.17 37476.0
92.28 61072.0
92.44 15268.0
92.55 49968.0
92.69 62460.0
92.80 34700.0
92.91 45804.0
93.05 58296.0
93.16 45804.0
93.27 44416.0
93.40 58296.0
93.51 26372.0
93.61 43028.0
93.72 48580.0
93.82 33312.0
93.93 41640.0
94.04 29148.0
94.14 38864.0
94.25 29148.0
94.35 44416.0
94.50 66624.0
94.60 44416.0
94.71 56908.0
94.81 24984.0
94.93 27760.0
95.05 48580.0
95.16 37476.0
95.27 26372.0
95.37 30536.0
95.48 43028.0
95.58 22208.0
95.69 27760.0
95.80 59684.0
95.91 31924.0
96.02 49968.0
96.12 26372.0
96.23 30536.0
96.33 37476.0
96.44 45804.0
96.56 41640.0
96.67 38864.0
96.79 41640.0
96.89 31924.0
97.00 38864.0
97.10 20820.0
97.21 24984.0
97.31 30536.0
97.51 47192.0
97.61 31924.0
97.73 26372.0
97.83 23596.0
97.95 19432.0
98.05 22208.0
98.16 31924.0
98.27 26372.0
98.37 20820.0
98.48 19432.0
98.58 22208.0
98.69 15268.0
98.81 11104.0
98.92 16656.0
99.03 20820.0
99.13 31924.0
99.30 44416.0
99.41 29148.0
99.52 34700.0
99.63 16656.0
99.74 36088.0
99.84 33312.0
99.95 48580.0
100.05 31924.0
100.16 41640.0
100.29 13880.0
100.39 30536.0
100.50 44416.0
100.60 26372.0
100.71 45804.0
100.81 48580.0
100.92 41640.0
101.13 41640.0
101.25 51356.0
101.35 51356.0
101.46 45804.0
101.57 47192.0
101.77 38864.0
101.87 27760.0
102.02 70788.0
102.12 52744.0
102.24 22208.0
102.34 22208.0
102.45 27760.0
102.55 38864.0
102.66 26372.0
102.77 24984.0
102.87 23596.0
102.98 6940.0
103.08 11104.0
103.20 31924.0
103.31 36088.0
103.42 52744.0
103.53 48580.0
103.63 30536.0
103.74 43028.0
103.85 47192.0
103.96 30536.0
104.08 63848.0
104.20 47192.0
104.30 24984.0
104.41 47192.0
104.52 37476.0
104.62 38864.0
104.73 27760.0
104.83 33312.0
104.94 24984.0
105.05 30536.0
105.17 56908.0
105.28 44416.0
105.38 40252.0
105.49 55520.0
105.66 13880.0
105.78 34700.0
105.89 23596.0
106.01 43028.0
106.11 29148.0
106.22 43028.0
106.32 51356.0
106.48 9716.0
106.58 38864.0
106.69 38864.0
106.80 19432.0
106.91 41640.0
107.03 38864.0
107.20 40252.0
107.30 19432.0
107.42 20820.0
107.53 27760.0
107.63 22208.0
107.74 20820.0
107.84 20820.0
107.95 20820.0
108.05 20820.0
108.16 33312.0
108.27 40252.0
108.44 29148.0
108.55 40252.0
108.66 41640.0
108.77 29148.0
108.87 30536.0
108.98 36088.0
109.10 16656.0
109.21 61072.0
109.32 47192.0
109.43 33312.0
109.54 16656.0
109.65 20820.0
109.76 27760.0
109.86 23596.0
109.97 33312.0
110.07 54132.0
110.19 43028.0
110.30 55520.0
110.41 51356.0
110.52 48580.0
110.67 1388.0
110.78 47192.0
110.88 30536.0
110.99 33312.0
111.09 40252.0
111.20 23596.0
111.30 13880.0
111.42 19432.0
111.53 22208.0
111.63 19432.0
111.74 37476.0
111.84 19432.0
111.95 23596.0
112.05 15268.0
112.16 16656.0
112.27 20820.0
112.37 20820.0
112.48 27760.0
112.58 24984.0
112.69 18044.0
112.80 27760.0
112.92 29148.0
113.03 26372.0
113.13 23596.0
113.24 33312.0
113.34 34700.0
113.46 26372.0
113.56 19432.0
113.67 18044.0
113.78 23596.0
113.88 15268.0
113.99 19432.0
114.09 18044.0
114.20 26372.0
114.30 22208.0
114.41 22208.0
114.52 38864.0
114.62 34700.0
114.73 41640.0
114.83 18044.0
114.95 19432.0
115.05 20820.0
115.16 52744.0
115.27 16656.0
115.37 22208.0
115.48 33312.0
115.59 34700.0
115.70 54132.0
115.80 44416.0
115.91 51356.0
116.02 44416.0
116.22 34700.0
116.33 58296.0
116.44 51356.0
116.55 40252.0
116.66 65236.0
116.77 45804.0
116.94 26372.0
117.05 31924.0
117.16 23596.0
117.29 58296.0
117.39 33312.0
117.51 33312.0
117.61 9716.0
117.72 40252.0
117.82 23596.0
117.93 24984.0
118.05 29148.0
118.16 23596.0
118.27 20820.0
118.37 26372.0
118.48 37476.0
118.58 31924.0
118.69 29148.0
118.80 24984.0
118.91 27760.0
119.02 23596.0
119.12 22208.0
119.23 27760.0
119.33 23596.0
119.44 33312.0
119.55 43028.0
119.66 59684.0
119.77 40252.0
119.87 47192.0
