4
9
13
18
22
27
31
36
40
45
50
54
59
63
68
72
77
81
86
90
95
100
104
108
113
117
121
126
130
134
139
143
147
152
156
160
165
169
173
178
182
186
191
195
200
204
208
213
217
221
226
230
234
239
243
247
252
256
260
265
269
273
278
282
286
291
295
300
304
309
313
318
322
327
331
336
340
345
350
354
359
363
368
372
377
381
386
390
395
400
404
408
413
417
421
426
430
434
439
443
447
452
456
460
465
469
473
478
482
486
491
495
500
508
516
525
533
541
550
558
566
575
583
591
600
609
618
627
636
645
654
663
672
681
690
700
708
716
725
733
741
750
758
766
775
783
791
800
809
818
827
836
845
854
863
872
881
890
900
908
916
925
933
941
950
958
966
975
983
991
1000
1007
1015
1023
1030
1038
1046
1053
1061
1069
1076
1084
1092
1100
1107
1115
1123
1130
1138
1146
1153
1161
1169
1176
1184
1192
1200
1207
1215
1223
1230
1238
1246
1253
1261
1269
1276
1284
1292
1300
1307
1315
1323
1330
1338
1346
1353
1361
1369
1376
1384
1392
1400
1407
1415
1423
1430
1438
1446
1453
1461
1469
1476
1484
1492
1500
1503
1507
1511
1514
1518
1522
1525
1529
1533
1537
1540
1544
1548
1551
1555
1559
1562
1566
1570
1574
1577
1581
1585
1588
1592
1596
1600
1603
1607
1611
1615
1619
1623
1626
1630
1634
1638
1642
1646
1650
1653
1657
1661
1665
1669
1673
1676
1680
1684
1688
1692
1696
1700
1703
1707
1711
1715
1719
1723
1726
1730
1734
1738
1742
1746
1750
1753
1757
1761
1765
1769
1773
1776
1780
1784
1788
1792
1796
1800
1803
1807
1811
1815
1819
1823
1826
1830
1834
1838
1842
1846
1850
1853
1857
1861
1865
1869
1873
1876
1880
1884
1888
1892
1896
1900
1903
1907
1911
1915
1919
1923
1926
1930
1934
1938
1942
1946
1950
1953
1957
1961
1965
1969
1973
1976
1980
1984
1988
1992
1996
2000
2005
2011
2016
2022
2027
2033
2038
2044
2050
2055
2061
2066
2072
2077
2083
2088
2094
2100
2105
2111
2117
2123
2129
2135
2141
2147
2152
2158
2164
2170
2176
2182
2188
2194
2200
2205
2211
2217
2223
2229
2235
2241
2247
2252
2258
2264
2270
2276
2282
2288
2294
2300
2305
2311
2317
2323
2329
2335
2341
2347
2352
2358
2364
2370
2376
2382
2388
2394
2400
2405
2411
2417
2423
2429
2435
2441
2447
2452
2458
2464
2470
2476
2482
2488
2494
2500
2507
2514
2521
2528
2535
2542
2550
2557
2564
2571
2578
2585
2592
2600
2607
2614
2621
2628
2635
2642
2650
2657
2664
2671
2678
2685
2692
2700
2707
2714
2721
2728
2735
2742
2750
2757
2764
2771
2778
2785
2792
2800
2807
2814
2821
2828
2835
2842
2849
2857
2864
2871
2878
2885
2892
2900
2907
2914
2921
2928
2935
2942
2950
2957
2964
2971
2978
2985
2992
3000
3005
3010
3015
3021
3026
3031
3036
3042
3047
3052
3057
3063
3068
3073
3078
3084
3089
3094
3100
3105
3110
3115
3121
3126
3131
3136
3142
3147
3152
3157
3163
3168
3173
3178
3184
3189
3194
3200
3205
3210
3215
3220
3225
3230
3235
3240
3245
3250
3255
3260
3265
3270
3275
3280
3284
3290
3295
3300
3305
3310
3315
3321
3326
3331
3336
3342
3347
3352
3357
3363
3368
3373
3378
3384
3389
3394
3400
3405
3410
3415
3421
3426
3431
3436
3442
3447
3452
3457
3463
3468
3473
3478
3484
3489
3494
3500
3506
3512
3518
3525
3531
3537
3543
3550
3556
3562
3568
3575
3581
3587
3593
3600
3606
3612
3618
3625
3631
3637
3643
3650
3656
3662
3668
3675
3681
3687
3693
3700
3706
3712
3718
3725
3731
3737
3743
3750
3756
3762
3768
3775
3781
3787
3793
3800
3806
3812
3818
3824
3831
3837
3843
3849
3856
3862
3868
3875
3881
3887
3893
3900
3906
3912
3918
3925
3931
3937
3943
3950
3956
3962
3968
3975
3981
3987
3993
4000
4005
4010
4015
4021
4026
4031
4036
4042
4047
4052
4057
4063
4068
4073
4078
4084
4089
4094
4100
4105
4110
4115
4121
4126
4131
4136
4142
4147
4152
4157
4163
4168
4173
4178
4184
4189
4194
4200
4205
4210
4215
4221
4226
4231
4236
4242
4247
4252
4257
4263
4268
4273
4278
4284
4289
4294
4300
4305
4310
4315
4321
4326
4331
4336
4342
4347
4352
4357
4363
4368
4373
4378
4384
4389
4394
4400
4405
4410
4415
4420
4425
4430
4435
4440
4445
4450
4455
4460
4465
4470
4475
4480
4485
4490
4495
4500
4506
4513
4520
4526
4533
4540
4546
4553
4560
4566
4573
4580
4586
4593
4600
4606
4613
4620
4626
4633
4640
4646
4653
4660
4666
4673
4680
4686
4693
4700
4706
4712
4718
4725
4731
4737
4743
4750
4756
4762
4768
4775
4781
4787
4793
4800
4806
4813
4820
4826
4833
4840
4846
4853
4860
4866
4873
4880
4886
4893
4900
4906
4912
4918
4925
4931
4937
4943
4950
4956
4962
4968
4975
4981
4987
4993
5000
5007
5014
5021
5028
5035
5042
5050
5057
5064
5071
5078
5085
5092
5100
5107
5114
5121
5128
5135
5142
5150
5157
5164
5171
5178
5185
5192
5200
5206
5213
5220
5226
5233
5240
5246
5253
5260
5266
5273
5280
5286
5293
5300
5307
5314
5321
5328
5335
5342
5350
5357
5364
5371
5378
5385
5392
5400
5407
5414
5421
5428
5435
5442
5450
5457
5464
5471
5478
5485
5492
5500
5506
5513
5520
5526
5533
5540
5546
5553
5560
5566
5573
5580
5586
5593
5600
5606
5613
5620
5626
5633
5640
5646
5653
5660
5666
5673
5680
5686
5693
5700
5706
5713
5720
5726
5733
5740
5746
5753
5760
5766
5773
5780
5786
5793
5800
5806
5813
5820
5826
5833
5840
5846
5853
5860
5866
5873
5880
5886
5893
5900
5907
5914
5921
5928
5935
5942
5950
5957
5964
5971
5978
5985
5992
6000
6003
6007
6011
6014
6018
6022
6025
6029
6033
6037
6040
6044
6048
6051
6055
6059
6062
6066
6070
6074
6077
6081
6085
6088
6092
6096
6100
6103
6107
6111
6115
6119
6123
6126
6130
6134
6138
6142
6146
6150
6153
6157
6161
6165
6169
6173
6176
6180
6184
6188
6192
6196
6200
6203
6207
6211
6215
6219
6223
6226
6230
6234
6238
6242
6246
6250
6253
6257
6261
6265
6269
6273
6276
6280
6284
6288
6292
6296
6300
6303
6307
6311
6315
6319
6323
6326
6330
6334
6338
6342
6346
6350
6353
6357
6361
6365
6369
6373
6376
6380
6384
6388
6392
6396
6400
6403
6407
6411
6414
6418
6422
6425
6429
6433
6437
6440
6444
6448
6451
6455
6459
6462
6466
6470
6474
6477
6481
6485
6488
6492
6496
6500
6503
6507
6510
6514
6517
6521
6525
6528
6532
6535
6539
6542
6546
6550
6553
6557
6560
6564
6567
6571
6574
6578
6582
6585
6589
6592
6596
6600
6603
6607
6610
6614
6617
6621
6625
6628
6632
6635
6639
6642
6646
6650
6653
6657
6660
6664
6667
6671
6675
6678
6682
6685
6689
6692
6696
6700
6703
6707
6710
6714
6717
6721
6725
6728
6732
6735
6739
6742
6746
6750
6753
6757
6760
6764
6767
6771
6775
6778
6782
6785
6789
6792
6796
6800
6803
6807
6810
6814
6817
6821
6825
6828
6832
6835
6839
6842
6846
6850
6853
6857
6860
6864
6867
6871
6875
6878
6882
6885
6889
6892
6896
6900
6903
6907
6910
6914
6917
6921
6925
6928
6932
6935
6939
6942
6946
6950
6953
6957
6960
6964
6967
6971
6975
6978
6982
6985
6989
6992
6996
7000
7006
7012
7018
7025
7031
7037
7043
7050
7056
7062
7068
7074
7081
7087
7093
7100
7106
7113
7120
7126
7133
7140
7146
7153
7160
7166
7173
7180
7186
7193
7200
7206
7213
7220
7226
7233
7240
7246
7253
7260
7266
7273
7280
7286
7293
7300
7306
7312
7318
7325
7331
7337
7343
7350
7356
7362
7368
7375
7381
7387
7393
7400
7406
7413
7420
7426
7433
7440
7446
7453
7460
7466
7473
7480
7486
7493
7500
7505
7510
7515
7520
7525
7530
7535
7540
7545
7550
7555
7560
7564
7569
7574
7580
7585
7590
7595
7600
7604
7609
7614
7620
7625
7630
7635
7640
7645
7650
7655
7660
7665
7670
7675
7680
7685
7690
7695
7700
7705
7710
7715
7720
7725
7730
7735
7740
7745
7750
7755
7760
7765
7770
7775
7780
7785
7790
7795
7800
7804
7809
7814
7819
7823
7828
7833
7838
7842
7847
7852
7857
7861
7866
7871
7876
7880
7885
7890
7895
7900
7905
7910
7915
7920
7925
7930
7935
7940
7945
7950
7955
7960
7965
7970
7975
7980
7985
7990
7995
8000
8005
8011
8017
8023
8029
8035
8041
8047
8052
8058
8064
8070
8076
8082
8088
8094
8100
8105
8111
8117
8123
8129
8135
8141
8147
8152
8158
8164
8170
8176
8182
8188
8194
8200
8205
8211
8217
8223
8229
8235
8241
8247
8252
8258
8264
8270
8276
8282
8288
8294
8300
8305
8311
8317
8323
8329
8335
8341
8347
8352
8358
8364
8370
8376
8382
8388
8394
8400
8405
8411
8417
8423
8429
8435
8441
8447
8452
8458
8464
8470
8476
8482
8488
8494
8500
8503
8507
8511
8515
8519
8523
8526
8530
8534
8538
8542
8546
8550
8553
8557
8561
8565
8569
8573
8576
8580
8584
8588
8592
8596
8600
8603
8607
8611
8614
8618
8622
8625
8629
8633
8637
8640
8644
8648
8651
8655
8659
8662
8666
8670
8674
8677
8681
8685
8688
8692
8696
8700
8703
8707
8711
8715
8719
8723
8726
8730
8734
8738
8742
8746
8750
8753
8757
8761
8765
8769
8773
8776
8780
8784
8788
8792
8796
8800
8803
8807
8811
8815
8819
8823
8826
8830
8834
8838
8842
8846
8850
8853
8857
8861
8865
8869
8873
8876
8880
8884
8888
8892
8896
8900
8903
8907
8911
8915
8919
8923
8926
8930
8934
8938
8942
8946
8950
8953
8957
8961
8965
8969
8973
8976
8980
8984
8988
8992
8996
9000
9006
9012
9018
9025
9031
9037
9043
9050
9056
9062
9068
9075
9081
9087
9093
9100
9106
9113
9120
9126
9133
9139
9146
9153
9160
9166
9173
9180
9186
9193
9200
9206
9212
9218
9225
9231
9237
9243
9250
9256
9262
9268
9275
9281
9287
9293
9300
9306
9312
9318
9325
9331
9337
9343
9350
9356
9362
9368
9375
9381
9387
9393
9400
9406
9413
9420
9426
9433
9440
9446
9453
9460
9466
9473
9480
9486
9493
9500
9505
9511
9516
9522
9527
9533
9538
9544
9550
9555
9561
9566
9572
9577
9583
9588
9594
9600
9605
9611
9616
9622
9627
9633
9638
9644
9649
9655
9661
9666
9672
9677
9683
9688
9694
9700
9705
9711
9716
9722
9727
9733
9738
9744
9750
9755
9761
9766
9772
9777
9783
9788
9794
9800
9805
9811
9816
9822
9827
9833
9838
9844
9850
9855
9861
9866
9872
9877
9883
9888
9894
9900
9905
9911
9916
9922
9927
9933
9938
9944
9950
9955
9961
9966
9972
9977
9983
9988
9994
10000
10004
10008
10012
10016
10020
10024
10028
10032
10036
10040
10044
10048
10052
10056
10060
10064
10068
10072
10076
10080
10084
10088
10092
10096
10100
10104
10107
10112
10116
10120
10123
10128
10132
10136
10139
10144
10148
10152
10155
10160
10164
10168
10171
10176
10180
10184
10187
10192
10196
10200
10203
10208
10212
10216
10219
10224
10228
10232
10236
10240
10244
10248
10252
10256
10260
10264
10268
10272
10276
10280
10284
10288
10292
10296
10300
10304
10308
10312
10316
10320
10325
10329
10333
10337
10341
10345
10350
10354
10358
10362
10366
10370
10375
10379
10383
10387
10391
10395
10400
10404
10408
10412
10416
10420
10424
10428
10432
10436
10440
10444
10448
10452
10456
10460
10464
10468
10472
10476
10480
10484
10488
10492
10496
10500
10504
10508
10512
10516
10520
10524
10528
10532
10536
10540
10544
10548
10552
10556
10560
10564
10568
10572
10576
10580
10584
10588
10592
10596
10600
10604
10607
10612
10616
10620
10623
10628
10632
10636
10639
10644
10648
10652
10655
10660
10664
10668
10671
10676
10680
10684
10687
10692
10696
10700
10703
10708
10712
10716
10719
10724
10728
10732
10736
10740
10744
10748
10752
10756
10760
10764
10768
10772
10776
10780
10784
10788
10792
10796
10800
10804
10808
10812
10816
10820
10825
10829
10833
10837
10841
10845
10850
10854
10858
10862
10866
10870
10875
10879
10883
10887
10891
10895
10900
10904
10908
10912
10916
10920
10924
10928
10932
10936
10940
10944
10948
10952
10956
10960
10964
10968
10972
10976
10980
10984
10988
10992
10996
11000
11008
11016
11025
11033
11041
11050
11058
11066
11075
11083
11091
11100
11108
11116
11125
11133
11141
11149
11158
11166
11174
11183
11191
11200
11209
11218
11227
11236
11245
11254
11263
11272
11281
11290
11300
11308
11316
11325
11333
11341
11350
11358
11366
11375
11383
11391
11400
11408
11416
11425
11433
11441
11450
11458
11466
11475
11483
11491
11500
11505
11510
11515
11520
11525
11530
11535
11540
11545
11550
11555
11560
11565
11570
11575
11580
11584
11590
11594
11600
11605
11610
11615
11620
11625
11629
11635
11639
11645
11649
11655
11660
11665
11670
11674
11680
11684
11690
11694
11700
11705
11709
11715
11719
11725
11730
11735
11740
11745
11750
11755
11760
11765
11770
11775
11780
11785
11790
11795
11800
11805
11810
11815
11820
11825
11830
11835
11840
11845
11850
11855
11860
11865
11870
11875
11880
11885
11890
11895
11900
11905
11910
11915
11920
11925
11930
11935
11940
11945
11950
11955
11960
11965
11970
11975
11980
11985
11990
11995
12000
12012
12025
12037
12050
12062
12075
12087
12100
12112
12125
12137
12149
12162
12174
12187
12200
12214
12228
12242
12257
12271
12285
12300
12312
12325
12337
12350
12362
12375
12387
12400
12412
12425
12437
12450
12462
12475
12487
12500
12505
12510
12515
12520
12525
12530
12535
12540
12545
12550
12555
12560
12565
12570
12575
12580
12584
12590
12594
12600
12604
12609
12614
12619
12623
12628
12633
12638
12642
12647
12652
12657
12661
12666
12671
12676
12680
12685
12690
12695
12700
12704
12709
12714
12719
12723
12728
12733
12738
12742
12747
12752
12757
12761
12766
12771
12776
12780
12785
12790
12795
12800
12805
12810
12815
12820
12825
12830
12835
12840
12845
12850
12855
12860
12865
12870
12875
12880
12885
12890
12895
12900
12904
12909
12914
12919
12923
12928
12933
12938
12942
12947
12952
12957
12961
12966
12971
12976
12980
12985
12990
12995
13000
13006
13012
13018
13025
13031
13037
13043
13050
13056
13062
13068
13075
13081
13087
13093
13100
13106
13113
13120
13126
13133
13139
13146
13153
13160
13166
13173
13180
13186
13193
13200
13206
13212
13218
13225
13231
13237
13243
13250
13256
13262
13268
13275
13281
13287
13293
13300
13306
13312
13318
13325
13331
13337
13343
13350
13356
13362
13368
13375
13381
13387
13393
13400
13406
13412
13418
13425
13431
13437
13443
13450
13456
13462
13468
13475
13481
13487
13493
13500
13507
13515
13523
13530
13538
13546
13553
13561
13569
13576
13584
13592
13600
13607
13615
13623
13630
13638
13646
13653
13661
13669
13676
13684
13692
13700
13707
13715
13723
13730
13738
13746
13753
13761
13769
13776
13784
13792
13800
13807
13814
13821
13828
13835
13842
13850
13857
13864
13871
13878
13885
13892
13900
13907
13915
13923
13930
13938
13946
13953
13961
13969
13976
13984
13992
14000
14008
14016
14025
14033
14041
14050
14058
14066
14075
14083
14091
14100
14108
14116
14125
14133
14141
14149
14158
14166
14174
14183
14191
14200
14208
14216
14225
14233
14241
14250
14258
14266
14275
14283
14291
14300
14309
14318
14327
14336
14345
14354
14363
14372
14381
14390
14400
14408
14416
14425
14433
14441
14450
14458
14466
14475
14483
14491
14500
14502
14505
14508
14511
14514
14517
14520
14522
14525
14528
14531
14534
14537
14540
14542
14545
14548
14551
14554
14557
14560
14562
14565
14568
14571
14574
14577
14580
14582
14585
14588
14591
14594
14597
14600
14602
14605
14608
14611
14614
14617
14620
14623
14626
14629
14632
14635
14638
14641
14644
14647
14649
14652
14655
14658
14661
14664
14667
14670
14673
14676
14679
14682
14685
14688
14691
14694
14697
14700
14702
14705
14708
14711
14714
14717
14720
14723
14726
14729
14732
14735
14738
14741
14744
14747
14750
14752
14755
14758
14761
14764
14767
14770
14773
14776
14779
14782
14785
14788
14791
14794
14797
14800
14802
14805
14808
14811
14814
14817
14820
14823
14826
14829
14832
14835
14838
14841
14844
14847
14850
14852
14855
14858
14861
14864
14867
14870
14873
14876
14879
14882
14885
14888
14891
14894
14897
14900
14902
14905
14908
14911
14914
14917
14920
14922
14925
14928
14931
14934
14937
14940
14942
14945
14948
14951
14954
14957
14960
14962
14965
14968
14971
14974
14977
14980
14982
14985
14988
14991
14994
14997
15000
15006
15012
15018
15025
15031
15037
15043
15050
15056
15062
15068
15075
15081
15087
15093
15100
15105
15111
15117
15123
15129
15135
15141
15147
15152
15158
15164
15170
15176
15182
15188
15194
15200
15205
15211
15217
15223
15229
15235
15241
15247
15252
15258
15264
15270
15276
15282
15288
15294
15300
15305
15311
15317
15323
15329
15335
15341
15347
15352
15358
15364
15370
15376
15382
15388
15394
15400
15406
15412
15418
15425
15431
15437
15443
15450
15456
15462
15468
15475
15481
15487
15493
15500
15506
15512
15518
15525
15531
15537
15543
15550
15556
15562
15568
15575
15581
15587
15593
15600
15606
15613
15620
15626
15633
15639
15646
15653
15660
15666
15673
15680
15686
15693
15700
15706
15713
15719
15726
15733
15740
15746
15753
15760
15766
15773
15780
15786
15793
15800
15806
15813
15820
15826
15833
15840
15846
15853
15860
15866
15873
15880
15886
15893
15900
15906
15913
15920
15926
15933
15940
15946
15953
15960
15966
15973
15980
15986
15993
16000
16001
16003
16005
16007
16009
16011
16013
16015
16017
16019
16021
16023
16024
16026
16028
16030
16032
16034
16036
16038
16040
16042
16044
16046
16048
16050
16051
16053
16055
16057
16059
16061
16063
16065
16067
16069
16071
16073
16075
16076
16078
16080
16082
16084
16086
16088
16090
16092
16094
16096
16098
16100
16101
16103
16105
16107
16109
16111
16113
16115
16116
16118
16120
16122
16124
16126
16128
16130
16132
16133
16135
16137
16139
16141
16143
16145
16147
16149
16150
16152
16154
16156
16158
16160
16162
16164
16166
16167
16169
16171
16173
16175
16177
16179
16181
16183
16184
16186
16188
16190
16192
16194
16196
16198
16200
16201
16203
16205
16207
16209
16211
16213
16215
16217
16219
16221
16223
16225
16226
16228
16230
16232
16234
16236
16238
16240
16242
16244
16246
16248
16250
16251
16253
16255
16257
16259
16261
16263
16265
16267
16269
16271
16273
16274
16276
16278
16280
16282
16284
16286
16288
16290
16292
16294
16296
16298
16300
16301
16303
16305
16307
16309
16311
16313
16315
16316
16318
16320
16322
16324
16326
16328
16330
16332
16333
16335
16337
16339
16341
16343
16345
16347
16349
16350
16352
16354
16356
16358
16360
16362
16364
16366
16367
16369
16371
16373
16375
16377
16379
16381
16383
16384
16386
16388
16390
16392
16394
16396
16398
16400
16401
16403
16405
16407
16409
16411
16413
16415
16416
16418
16420
16422
16424
16426
16428
16430
16432
16433
16435
16437
16439
16441
16443
16445
16447
16449
16450
16452
16454
16456
16458
16460
16462
16464
16466
16467
16469
16471
16473
16475
16477
16479
16481
16483
16484
16486
16488
16490
16492
16494
16496
16498
16500
16507
16514
16521
16528
16535
16542
16550
16557
16564
16571
16578
16585
16592
16600
16606
16613
16620
16626
16633
16640
16646
16653
16660
16666
16673
16680
16686
16693
16700
16706
16713
16720
16726
16733
16740
16746
16753
16760
16766
16773
16780
16786
16793
16800
16807
16814
16821
16828
16835
16842
16850
16857
16864
16871
16878
16885
16892
16900
16906
16913
16919
16926
16933
16939
16946
16953
16960
16966
16973
16980
16986
16993
17000
17002
17004
17006
17008
17010
17012
17014
17017
17019
17021
17023
17025
17027
17029
17031
17034
17036
17038
17040
17042
17044
17046
17048
17051
17053
17055
17057
17059
17061
17063
17065
17068
17070
17072
17074
17076
17078
17080
17082
17085
17087
17089
17091
17093
17095
17097
17100
17102
17104
17106
17108
17110
17112
17114
17116
17118
17120
17122
17125
17127
17129
17131
17133
17135
17137
17139
17141
17143
17145
17147
17150
17152
17154
17156
17158
17160
17162
17164
17166
17168
17170
17172
17175
17177
17179
17181
17183
17185
17187
17189
17191
17193
17195
17197
17200
17202
17204
17206
17208
17210
17212
17214
17217
17219
17221
17223
17225
17227
17229
17231
17234
17236
17238
17240
17242
17244
17246
17248
17251
17253
17255
17257
17259
17261
17263
17265
17268
17270
17272
17274
17276
17278
17280
17282
17285
17287
17289
17291
17293
17295
17297
17300
17302
17304
17306
17308
17310
17312
17314
17317
17319
17321
17323
17325
17327
17329
17331
17334
17336
17338
17340
17342
17344
17346
17348
17351
17353
17355
17357
17359
17361
17363
17365
17368
17370
17372
17374
17376
17378
17380
17382
17385
17387
17389
17391
17393
17395
17397
17400
17402
17404
17406
17408
17410
17412
17414
17416
17418
17420
17422
17424
17427
17429
17431
17433
17435
17437
17439
17441
17443
17445
17447
17450
17452
17454
17456
17458
17460
17462
17464
17466
17468
17470
17472
17475
17477
17479
17481
17483
17485
17487
17489
17491
17493
17495
17497
17500
17505
17511
17517
17523
17529
17535
17541
17547
17552
17558
17564
17570
17576
17582
17588
17594
17600
17606
17612
17618
17625
17631
17637
17643
17650
17656
17662
17668
17675
17681
17687
17693
17700
17705
17711
17717
17723
17729
17735
17741
17747
17752
17758
17764
17770
17776
17782
17788
17794
17800
17805
17811
17817
17823
17829
17835
17841
17847
17852
17858
17864
17870
17876
17882
17888
17894
17900
17905
17911
17917
17923
17929
17935
17941
17947
17952
17958
17964
17970
17976
17982
17988
17994
18000
18002
18005
18008
18011
18014
18017
18020
18023
18026
18029
18032
18035
18038
18041
18044
18047
18050
18052
18055
18058
18061
18064
18067
18070
18073
18076
18079
18082
18085
18088
18091
18094
18097
18100
18102
18105
18108
18111
18114
18117
18120
18123
18126
18129
18132
18135
18138
18141
18144
18147
18150
18152
18155
18158
18161
18164
18167
18170
18173
18176
18179
18182
18185
18188
18191
18194
18197
18200
18202
18205
18208
18211
18214
18217
18220
18223
18226
18229
18232
18235
18238
18241
18244
18247
18250
18252
18255
18258
18261
18264
18267
18270
18273
18276
18279
18282
18285
18288
18291
18294
18297
18300
18302
18305
18308
18311
18314
18317
18320
18323
18326
18329
18332
18335
18338
18341
18344
18347
18350
18352
18355
18358
18361
18364
18367
18370
18373
18376
18379
18382
18385
18388
18391
18394
18397
18400
18402
18405
18408
18411
18414
18417
18420
18423
18426
18429
18432
18435
18438
18441
18444
18447
18450
18452
18455
18458
18461
18464
18467
18470
18473
18476
18479
18482
18485
18488
18491
18494
18497
18500
18508
18516
18525
18533
18541
18550
18558
18566
18575
18583
18591
18600
18608
18616
18625
18633
18641
18650
18658
18666
18675
18683
18691
18700
18709
18718
18727
18736
18745
18754
18763
18772
18781
18790
18800
18808
18816
18825
18833
18841
18850
18858
18866
18875
18883
18891
18900
18908
18916
18924
18933
18941
18950
18958
18966
18975
18983
18991
19000
19004
19009
19013
19018
19022
19027
19031
19036
19040
19045
19050
19054
19059
19063
19068
19072
19077
19081
19086
19090
19095
19100
19104
19108
19113
19117
19121
19126
19130
19134
19139
19143
19147
19152
19156
19160
19165
19169
19173
19178
19182
19186
19191
19195
19200
19204
19208
19213
19217
19221
19226
19230
19234
19239
19243
19247
19252
19256
19260
19265
19269
19273
19278
19282
19286
19291
19295
19300
19304
19308
19313
19317
19321
19326
19330
19334
19339
19343
19347
19352
19356
19360
19365
19369
19373
19378
19382
19386
19391
19395
19400
19404
19409
19413
19418
19422
19427
19431
19436
19440
19445
19450
19454
19459
19463
19468
19472
19477
19481
19486
19490
19495
19500
19505
19510
19515
19520
19525
19530
19535
19540
19545
19550
19555
19560
19565
19570
19575
19580
19585
19590
19595
19600
19605
19610
19615
19620
19625
19630
19635
19640
19645
19650
19655
19660
19665
19670
19675
19680
19685
19689
19695
19700
19705
19710
19715
19720
19725
19730
19735
19740
19745
19750
19755
19760
19765
19770
19775
19780
19785
19790
19795
19800
19805
19810
19815
19820
19825
19830
19835
19840
19845
19850
19855
19860
19865
19869
19875
19880
19884
19890
19895
19900
19904
19910
19915
19919
19924
19930
19935
19939
19945
19950
19955
19960
19965
19970
19975
19980
19985
19990
19995
20000
20005
20010
20015
20020
20025
20030
20035
20040
20045
20050
20055
20060
20065
20070
20075
20080
20085
20090
20095
20100
20105
20110
20115
20120
20125
20130
20135
20140
20145
20150
20155
20160
20165
20170
20175
20180
20185
20189
20195
20200
20204
20209
20214
20219
20223
20228
20233
20238
20242
20247
20252
20257
20261
20266
20271
20276
20280
20285
20290
20295
20300
20305
20310
20315
20320
20325
20330
20335
20340
20345
20350
20355
20360
20365
20369
20375
20380
20384
20390
20395
20400
20404
20410
20415
20419
20424
20430
20435
20439
20445
20450
20455
20460
20465
20470
20475
20480
20485
20490
20495
20500
20503
20506
20510
20513
20516
20520
20523
20526
20530
20533
20536
20540
20543
20546
20550
20553
20556
20560
20563
20566
20570
20573
20576
20580
20583
20586
20590
20593
20596
20600
20603
20606
20610
20613
20617
20620
20624
20627
20631
20634
20637
20641
20644
20648
20651
20655
20658
20662
20665
20668
20672
20675
20679
20682
20686
20689
20693
20696
20700
20703
20706
20710
20713
20717
20720
20724
20727
20731
20734
20737
20741
20744
20748
20751
20755
20758
20762
20765
20768
20772
20775
20779
20782
20786
20789
20793
20796
20800
20803
20806
20810
20813
20816
20820
20823
20826
20830
20833
20836
20840
20843
20846
20850
20853
20856
20860
20863
20866
20869
20873
20876
20880
20883
20886
20890
20893
20896
20900
20903
20906
20910
20913
20917
20920
20924
20927
20931
20934
20937
20941
20944
20948
20951
20955
20958
20962
20965
20968
20972
20975
20979
20982
20986
20989
20993
20996
21000
21004
21009
21013
21018
21022
21027
21031
21036
21040
21045
21050
21054
21059
21063
21068
21072
21077
21081
21086
21090
21095
21100
21104
21109
21113
21118
21122
21127
21131
21136
21140
21145
21150
21154
21159
21163
21168
21172
21177
21181
21186
21190
21195
21200
21204
21209
21213
21218
21222
21227
21231
21236
21240
21245
21250
21254
21259
21263
21268
21272
21277
21281
21286
21290
21295
21300
21304
21309
21314
21319
21323
21328
21333
21338
21342
21347
21352
21357
21361
21366
21371
21376
21380
21385
21390
21395
21400
21404
21409
21413
21418
21422
21427
21431
21436
21440
21445
21450
21454
21459
21463
21468
21472
21477
21481
21486
21490
21495
21500
21504
21508
21512
21516
21520
21525
21529
21533
21537
21541
21545
21550
21554
21558
21562
21566
21570
21575
21579
21583
21587
21591
21595
21600
21604
21608
21612
21616
21620
21625
21629
21633
21637
21641
21645
21650
21654
21658
21662
21666
21670
21675
21679
21683
21687
21691
21695
21700
21704
21708
21712
21716
21720
21725
21729
21733
21737
21741
21745
21750
21754
21758
21762
21766
21770
21775
21779
21783
21787
21791
21795
21800
21804
21808
21813
21817
21821
21826
21830
21834
21839
21843
21847
21852
21856
21860
21865
21869
21873
21878
21882
21886
21891
21895
21900
21904
21908
21912
21916
21920
21924
21929
21933
21937
21941
21945
21950
21954
21958
21962
21966
21970
21975
21979
21983
21987
21991
21995
22000
22004
22009
22014
22019
22023
22028
22033
22038
22042
22047
22052
22057
22061
22066
22071
22076
22080
22085
22090
22095
22100
22105
22110
22115
22120
22125
22130
22135
22140
22145
22150
22155
22160
22165
22170
22175
22180
22185
22189
22195
22200
22204
22209
22214
22219
22223
22228
22233
22238
22242
22247
22252
22257
22261
22266
22271
22276
22280
22285
22290
22295
22300
22304
22309
22314
22319
22323
22328
22333
22338
22342
22347
22352
22357
22361
22366
22371
22376
22380
22385
22390
22395
22400
22404
22410
22415
22419
22424
22430
22435
22439
22445
22450
22455
22460
22465
22470
22475
22480
22485
22490
22495
22500
22504
22509
22514
22519
22523
22528
22533
22538
22542
22547
22552
22557
22561
22566
22571
22576
22580
22585
22590
22595
22600
22605
22610
22615
22620
22625
22630
22635
22640
22645
22650
22655
22660
22665
22670
22675
22680
22685
22689
22695
22700
22704
22709
22714
22719
22723
22728
22733
22738
22742
22747
22752
22757
22761
22766
22771
22776
22780
22785
22790
22795
22800
22805
22810
22815
22820
22825
22830
22835
22840
22845
22850
22855
22860
22865
22869
22875
22880
22884
22890
22895
22900
22904
22910
22915
22919
22924
22930
22935
22939
22945
22950
22955
22960
22965
22970
22975
22980
22985
22990
22995
23000
23004
23008
23013
23017
23021
23026
23030
23034
23039
23043
23047
23052
23056
23060
23065
23069
23073
23078
23082
23086
23091
23095
23100
23104
23108
23113
23117
23121
23126
23130
23134
23139
23143
23147
23152
23156
23160
23165
23169
23173
23178
23182
23186
23191
23195
23200
23204
23208
23213
23217
23221
23226
23230
23234
23239
23243
23247
23252
23256
23260
23265
23269
23273
23278
23282
23286
23291
23295
23300
23304
23309
23313
23318
23322
23327
23331
23336
23340
23345
23350
23354
23359
23363
23368
23372
23377
23381
23386
23390
23395
23400
23404
23408
23413
23417
23421
23426
23430
23434
23439
23443
23447
23452
23456
23460
23465
23469
23473
23478
23482
23486
23491
23495
23500
23505
23511
23516
23522
23527
23533
23538
23544
23550
23555
23561
23566
23572
23577
23583
23588
23594
23600
23605
23611
23616
23622
23627
23633
23638
23644
23650
23655
23661
23666
23672
23677
23683
23688
23694
23700
23705
23710
23715
23721
23726
23731
23736
23742
23747
23752
23757
23763
23768
23773
23778
23784
23789
23794
23800
23805
23811
23816
23822
23827
23833
23838
23844
23850
23855
23861
23866
23872
23877
23883
23888
23894
23900
23905
23911
23916
23922
23927
23933
23938
23944
23950
23955
23961
23966
23972
23977
23983
23988
23994
24000
24004
24009
24013
24018
24022
24027
24031
24036
24040
24045
24050
24054
24059
24063
24068
24072
24077
24081
24086
24090
24095
24100
24104
24109
24114
24119
24123
24128
24133
24138
24142
24147
24152
24157
24161
24166
24171
24176
24180
24185
24190
24195
24200
24204
24209
24213
24218
24222
24227
24231
24236
24240
24245
24250
24254
24259
24263
24268
24272
24277
24281
24286
24290
24295
24300
24304
24309
24313
24318
24322
24327
24331
24336
24340
24345
24350
24354
24359
24363
24368
24372
24377
24381
24386
24390
24395
24400
24404
24409
24414
24419
24423
24428
24433
24438
24442
24447
24452
24457
24461
24466
24471
24476
24480
24485
24490
24495
24500
24503
24506
24510
24513
24517
24520
24524
24527
24531
24534
24537
24541
24544
24548
24551
24555
24558
24562
24565
24568
24572
24575
24579
24582
24586
24589
24593
24596
24600
24603
24606
24610
24613
24617
24620
24624
24627
24631
24634
24637
24641
24644
24648
24651
24655
24658
24662
24665
24668
24672
24675
24679
24682
24686
24689
24693
24696
24700
24703
24707
24710
24714
24717
24721
24725
24728
24732
24735
24739
24742
24746
24750
24753
24757
24760
24764
24767
24771
24775
24778
24782
24785
24789
24792
24796
24800
24803
24806
24810
24813
24817
24820
24824
24827
24831
24834
24837
24841
24844
24848
24851
24855
24858
24862
24865
24868
24872
24875
24879
24882
24886
24889
24893
24896
24900
24903
24906
24910
24913
24917
24920
24924
24927
24931
24934
24937
24941
24944
24948
24951
24955
24958
24962
24965
24968
24972
24975
24979
24982
24986
24989
24993
24996
25000
25004
25009
25013
25018
25022
25027
25031
25036
25040
25045
25050
25054
25059
25063
25068
25072
25077
25081
25086
25090
25095
25100
25104
25109
25113
25118
25122
25127
25131
25136
25140
25145
25150
25154
25159
25163
25168
25172
25177
25181
25186
25190
25195
25200
25204
25209
25213
25218
25222
25227
25231
25236
25240
25245
25250
25254
25259
25263
25268
25272
25277
25281
25286
25290
25295
25300
25304
25309
25313
25318
25322
25327
25331
25336
25340
25345
25350
25354
25359
25363
25368
25372
25377
25381
25386
25390
25395
25400
25404
25409
25413
25418
25422
25427
25431
25436
25440
25445
25450
25454
25459
25463
25468
25472
25477
25481
25486
25490
25495
25500
25504
25508
25512
25516
25520
25525
25529
25533
25537
25541
25545
25550
25554
25558
25562
25566
25570
25575
25579
25583
25587
25591
25595
25600
25604
25608
25612
25616
25620
25625
25629
25633
25637
25641
25645
25650
25654
25658
25662
25666
25670
25675
25679
25683
25687
25691
25695
25700
25704
25708
25712
25716
25720
25725
25729
25733
25737
25741
25745
25750
25754
25758
25762
25766
25770
25775
25779
25783
25787
25791
25795
25800
25804
25808
25812
25816
25820
25825
25829
25833
25837
25841
25845
25850
25854
25858
25862
25866
25870
25875
25879
25883
25887
25891
25895
25900
25904
25908
25912
25916
25920
25924
25929
25933
25937
25941
25945
25950
25954
25958
25962
25966
25970
25975
25979
25983
25987
25991
25995
26000
26006
26013
26020
26026
26033
26040
26046
26053
26060
26066
26073
26080
26086
26093
26100
26106
26112
26118
26125
26131
26137
26143
26150
26156
26162
26168
26175
26181
26187
26193
26200
26206
26213
26220
26226
26233
26240
26246
26253
26260
26266
26273
26280
26286
26293
26300
26306
26313
26320
26326
26333
26340
26346
26353
26360
26366
26373
26380
26386
26393
26400
26406
26413
26419
26426
26433
26439
26446
26453
26460
26466
26473
26480
26486
26493
26500
26505
26510
26515
26520
26525
26530
26535
26540
26545
26550
26555
26560
26565
26570
26575
26580
26585
26590
26595
26600
26605
26610
26615
26620
26625
26630
26635
26640
26645
26650
26655
26660
26665
26670
26675
26680
26685
26689
26695
26700
26705
26710
26715
26720
26725
26730
26735
26740
26745
26750
26755
26760
26765
26770
26775
26780
26785
26790
26795
26800
26805
26810
26815
26821
26826
26831
26836
26842
26847
26852
26857
26863
26868
26873
26878
26884
26889
26894
26900
26904
26910
26915
26919
26924
26930
26935
26939
26945
26950
26955
26960
26965
26970
26975
26980
26985
26990
26995
27000
27007
27015
27023
27030
27038
27046
27053
27061
27069
27076
27084
27092
27100
27107
27115
27123
27130
27138
27146
27153
27161
27169
27176
27184
27192
27200
27207
27215
27223
27230
27238
27246
27253
27261
27269
27276
27284
27292
27300
27307
27315
27323
27330
27338
27346
27353
27361
27369
27376
27384
27392
27400
27407
27415
27423
27430
27438
27446
27453
27461
27469
27476
27484
27492
27500
27507
27514
27521
27528
27535
27542
27550
27557
27564
27571
27578
27585
27592
27600
27607
27615
27623
27630
27638
27646
27653
27661
27669
27676
27684
27692
27700
27707
27714
27721
27728
27735
27742
27750
27757
27764
27771
27778
27785
27792
27800
27807
27814
27821
27828
27835
27842
27850
27857
27864
27871
27878
27885
27892
27900
27907
27914
27921
27928
27935
27942
27950
27957
27964
27971
27978
27985
27992
28000
28003
28007
28011
28014
28018
28022
28025
28029
28033
28037
28040
28044
28048
28051
28055
28059
28062
28066
28070
28074
28077
28081
28085
28088
28092
28096
28100
28103
28107
28111
28114
28118
28122
28125
28129
28133
28137
28140
28144
28148
28151
28155
28159
28162
28166
28170
28174
28177
28181
28185
28188
28192
28196
28200
28203
28207
28211
28215
28219
28223
28226
28230
28234
28238
28242
28246
28250
28253
28257
28261
28265
28269
28273
28276
28280
28284
28288
28292
28296
28300
28303
28307
28311
28314
28318
28322
28325
28329
28333
28337
28340
28344
28348
28351
28355
28359
28362
28366
28370
28374
28377
28381
28385
28388
28392
28396
28400
28403
28407
28411
28414
28418
28422
28425
28429
28433
28437
28440
28444
28448
28451
28455
28459
28462
28466
28470
28474
28477
28481
28485
28488
28492
28496
28500
28501
28503
28505
28507
28508
28510
28512
28514
28515
28517
28519
28521
28522
28524
28526
28528
28529
28531
28533
28535
28536
28538
28540
28542
28543
28545
28547
28549
28550
28552
28554
28556
28557
28559
28561
28563
28564
28566
28568
28570
28571
28573
28575
28577
28578
28580
28582
28584
28585
28587
28589
28591
28592
28594
28596
28598
28600
28601
28603
28605
28607
28608
28610
28612
28614
28616
28617
28619
28621
28623
28625
28626
28628
28630
28632
28633
28635
28637
28639
28641
28642
28644
28646
28648
28650
28651
28653
28655
28657
28658
28660
28662
28664
28666
28667
28669
28671
28673
28675
28676
28678
28680
28682
28683
28685
28687
28689
28691
28692
28694
28696
28698
28700
28701
28703
28705
28707
28708
28710
28712
28714
28716
28717
28719
28721
28723
28725
28726
28728
28730
28732
28733
28735
28737
28739
28741
28742
28744
28746
28748
28750
28751
28753
28755
28757
28758
28760
28762
28764
28766
28767
28769
28771
28773
28775
28776
28778
28780
28782
28783
28785
28787
28789
28791
28792
28794
28796
28798
28800
28801
28803
28805
28807
28808
28810
28812
28814
28816
28817
28819
28821
28823
28825
28826
28828
28830
28832
28833
28835
28837
28839
28841
28842
28844
28846
28848
28850
28851
28853
28855
28857
28858
28860
28862
28864
28866
28867
28869
28871
28873
28875
28876
28878
28880
28882
28883
28885
28887
28889
28891
28892
28894
28896
28898
28900
28901
28903
28905
28907
28908
28910
28912
28914
28915
28917
28919
28921
28922
28924
28926
28928
28929
28931
28933
28935
28936
28938
28940
28942
28943
28945
28947
28949
28950
28952
28954
28956
28957
28959
28961
28963
28964
28966
28968
28970
28971
28973
28975
28977
28978
28980
28982
28984
28985
28987
28989
28991
28992
28994
28996
28998
29000
29005
29011
29016
29022
29027
29033
29038
29044
29050
29055
29061
29066
29072
29077
29083
29088
29094
29100
29105
29110
29115
29121
29126
29131
29136
29142
29147
29152
29157
29163
29168
29173
29178
29184
29189
29194
29200
29205
29210
29215
29221
29226
29231
29236
29242
29247
29252
29257
29263
29268
29273
29278
29284
29289
29294
29300
29305
29311
29316
29322
29327
29333
29338
29344
29350
29355
29361
29366
29372
29377
29383
29388
29394
29400
29405
29410
29415
29421
29426
29431
29436
29442
29447
29452
29457
29463
29468
29473
29478
29484
29489
29494
29500
29503
29506
29509
29512
29516
29519
29522
29525
29529
29532
29535
29538
29541
29545
29548
29551
29554
29558
29561
29564
29567
29570
29574
29577
29580
29583
29587
29590
29593
29596
29600
29603
29606
29609
29612
29616
29619
29622
29625
29629
29632
29635
29638
29641
29645
29648
29651
29654
29658
29661
29664
29667
29670
29674
29677
29680
29683
29687
29690
29693
29696
29700
29703
29706
29709
29712
29716
29719
29722
29725
29729
29732
29735
29738
29741
29745
29748
29751
29754
29758
29761
29764
29767
29770
29774
29777
29780
29783
29787
29790
29793
29796
29800
29803
29806
29809
29812
29816
29819
29822
29825
29829
29832
29835
29838
29841
29845
29848
29851
29854
29858
29861
29864
29867
29870
29874
29877
29880
29883
29887
29890
29893
29896
29900
29903
29906
29909
29912
29916
29919
29922
29925
29929
29932
29935
29938
29941
29945
29948
29951
29954
29958
29961
29964
29967
29970
29974
29977
29980
29983
29987
29990
29993
29996
30000
