0.10 73676.79
0.20 73676.79
0.30 73676.79
0.40 73676.79
0.50 73676.79
0.60 73676.79
0.70 73676.79
0.80 73676.79
0.90 73676.79
1.00 73676.79
1.10 77395.62
1.20 77395.62
1.30 77395.62
1.40 77395.62
1.50 77395.62
1.60 77395.62
1.70 77395.62
1.80 77395.62
1.90 77395.62
2.00 77395.62
2.10 75049.04
2.20 75049.04
2.30 75049.04
2.40 75049.04
2.50 75049.04
2.60 75049.04
2.70 75049.04
2.80 75049.04
2.90 75049.04
3.00 75049.04
3.10 73561.77
3.20 73561.77
3.30 73561.77
3.40 73561.77
3.50 73561.77
3.60 73561.77
3.70 73561.77
3.80 73561.77
3.90 73561.77
4.00 73561.77
4.10 73052.78
4.20 73052.78
4.30 73052.78
4.40 73052.78
4.50 73052.78
4.60 73052.78
4.70 73052.78
4.80 73052.78
4.90 73052.78
5.00 73052.78
5.10 74836.05
5.20 74836.05
5.30 74836.05
5.40 74836.05
5.50 74836.05
5.60 74836.05
5.70 74836.05
5.80 74836.05
5.90 74836.05
6.00 74836.05
6.10 74530.48
6.20 74530.48
6.30 74530.48
6.40 74530.48
6.50 74530.48
6.60 74530.48
6.70 74530.48
6.80 74530.48
6.90 74530.48
7.00 74530.48
7.10 77304.29
7.20 77304.29
7.30 77304.29
7.40 77304.29
7.50 77304.29
7.60 77304.29
7.70 77304.29
7.80 77304.29
7.90 77304.29
8.00 77304.29
8.10 77041.00
8.20 77041.00
8.30 77041.00
8.40 77041.00
8.50 77041.00
8.60 77041.00
8.70 77041.00
8.80 77041.00
8.90 77041.00
9.00 77041.00
9.10 77366.11
9.20 77366.11
9.30 77366.11
9.40 77366.11
9.50 77366.11
9.60 77366.11
9.70 77366.11
9.80 77366.11
9.90 77366.11
10.00 77366.11
10.10 76803.56
10.20 76803.56
10.30 76803.56
10.40 76803.56
10.50 76803.56
10.60 76803.56
10.70 76803.56
10.80 76803.56
10.90 76803.56
11.00 76803.56
11.10 78463.98
11.20 78463.98
11.30 78463.98
11.40 78463.98
11.50 78463.98
11.60 78463.98
11.70 78463.98
11.80 78463.98
11.90 78463.98
12.00 78463.98
12.10 76890.68
12.20 76890.68
12.30 76890.68
12.40 76890.68
12.50 76890.68
12.60 76890.68
12.70 76890.68
12.80 76890.68
12.90 76890.68
13.00 76890.68
13.10 72334.82
13.20 72334.82
13.30 72334.82
13.40 72334.82
13.50 72334.82
13.60 72334.82
13.70 72334.82
13.80 72334.82
13.90 72334.82
14.00 72334.82
14.10 75107.83
14.20 75107.83
14.30 75107.83
14.40 75107.83
14.50 75107.83
14.60 75107.83
14.70 75107.83
14.80 75107.83
14.90 75107.83
15.00 75107.83
15.10 74420.42
15.20 74420.42
15.30 74420.42
15.40 74420.42
15.50 74420.42
15.60 74420.42
15.70 74420.42
15.80 74420.42
15.90 74420.42
16.00 74420.42
16.10 74998.64
16.20 74998.64
16.30 74998.64
16.40 74998.64
16.50 74998.64
16.60 74998.64
16.70 74998.64
16.80 74998.64
16.90 74998.64
17.00 74998.64
17.10 75497.75
17.20 75497.75
17.30 75497.75
17.40 75497.75
17.50 75497.75
17.60 75497.75
17.70 75497.75
17.80 75497.75
17.90 75497.75
18.00 75497.75
18.10 75340.46
18.20 75340.46
18.30 75340.46
18.40 75340.46
18.50 75340.46
18.60 75340.46
18.70 75340.46
18.80 75340.46
18.90 75340.46
19.00 75340.46
19.10 74678.09
19.20 74678.09
19.30 74678.09
19.40 74678.09
19.50 74678.09
19.60 74678.09
19.70 74678.09
19.80 74678.09
19.90 74678.09
20.00 74678.09
20.10 76026.70
20.20 76026.70
20.30 76026.70
20.40 76026.70
20.50 76026.70
20.60 76026.70
20.70 76026.70
20.80 76026.70
20.90 76026.70
21.00 76026.70
21.10 77071.97
21.20 77071.97
21.30 77071.97
21.40 77071.97
21.50 77071.97
21.60 77071.97
21.70 77071.97
21.80 77071.97
21.90 77071.97
22.00 77071.97
22.10 76629.83
22.20 76629.83
22.30 76629.83
22.40 76629.83
22.50 76629.83
22.60 76629.83
22.70 76629.83
22.80 76629.83
22.90 76629.83
23.00 76629.83
23.10 77138.78
23.20 77138.78
23.30 77138.78
23.40 77138.78
23.50 77138.78
23.60 77138.78
23.70 77138.78
23.80 77138.78
23.90 77138.78
24.00 77138.78
24.10 74926.85
24.20 74926.85
24.30 74926.85
24.40 74926.85
24.50 74926.85
24.60 74926.85
24.70 74926.85
24.80 74926.85
24.90 74926.85
25.00 74926.85
25.10 68765.87
25.20 68765.87
25.30 68765.87
25.40 68765.87
25.50 68765.87
25.60 68765.87
25.70 68765.87
25.80 68765.87
25.90 68765.87
26.00 68765.87
26.10 70938.49
26.20 70938.49
26.30 70938.49
26.40 70938.49
26.50 70938.49
26.60 70938.49
26.70 70938.49
26.80 70938.49
26.90 70938.49
27.00 70938.49
27.10 72311.17
27.20 72311.17
27.30 72311.17
27.40 72311.17
27.50 72311.17
27.60 72311.17
27.70 72311.17
27.80 72311.17
27.90 72311.17
28.00 72311.17
28.10 69411.32
28.20 69411.32
28.30 69411.32
28.40 69411.32
28.50 69411.32
28.60 69411.32
28.70 69411.32
28.80 69411.32
28.90 69411.32
29.00 69411.32
29.10 73464.90
29.20 73464.90
29.30 73464.90
29.40 73464.90
29.50 73464.90
29.60 73464.90
29.70 73464.90
29.80 73464.90
29.90 73464.90
30.00 73464.90
