0.10 77414.40
0.20 77414.40
0.30 77414.40
0.40 77414.40
0.50 77414.40
0.60 77414.40
0.70 77414.40
0.80 77414.40
0.90 77414.40
1.00 77414.40
1.10 74240.00
1.20 74240.00
1.30 74240.00
1.40 74240.00
1.50 74240.00
1.60 74240.00
1.70 74240.00
1.80 74240.00
1.90 74240.00
2.00 74240.00
2.10 75366.40
2.20 75366.40
2.30 75366.40
2.40 75366.40
2.50 75366.40
2.60 75366.40
2.70 75366.40
2.80 75366.40
2.90 75366.40
3.00 75366.40
3.10 77107.20
3.20 77107.20
3.30 77107.20
3.40 77107.20
3.50 77107.20
3.60 77107.20
3.70 77107.20
3.80 77107.20
3.90 77107.20
4.00 77107.20
4.10 22732.80
4.20 22732.80
4.30 22732.80
4.40 22732.80
4.50 22732.80
4.60 22732.80
4.70 22732.80
4.80 22732.80
4.90 22732.80
5.00 22732.80
5.10 137728.00
5.20 137728.00
5.30 137728.00
5.40 137728.00
5.50 137728.00
5.60 137728.00
5.70 137728.00
5.80 137728.00
5.90 137728.00
6.00 137728.00
6.10 74854.40
6.20 74854.40
6.30 74854.40
6.40 74854.40
6.50 74854.40
6.60 74854.40
6.70 74854.40
6.80 74854.40
6.90 74854.40
7.00 74854.40
7.10 79769.60
7.20 79769.60
7.30 79769.60
7.40 79769.60
7.50 79769.60
7.60 79769.60
7.70 79769.60
7.80 79769.60
7.90 79769.60
8.00 79769.60
8.10 75878.40
8.20 75878.40
8.30 75878.40
8.40 75878.40
8.50 75878.40
8.60 75878.40
8.70 75878.40
8.80 75878.40
8.90 75878.40
9.00 75878.40
9.10 79052.80
9.20 79052.80
9.30 79052.80
9.40 79052.80
9.50 79052.80
9.60 79052.80
9.70 79052.80
9.80 79052.80
9.90 79052.80
10.00 79052.80
10.10 78643.20
10.20 78643.20
10.30 78643.20
10.40 78643.20
10.50 78643.20
10.60 78643.20
10.70 78643.20
10.80 78643.20
10.90 78643.20
11.00 78643.20
11.10 79769.60
11.20 79769.60
11.30 79769.60
11.40 79769.60
11.50 79769.60
11.60 79769.60
11.70 79769.60
11.80 79769.60
11.90 79769.60
12.00 79769.60
12.10 81305.60
12.20 81305.60
12.30 81305.60
12.40 81305.60
12.50 81305.60
12.60 81305.60
12.70 81305.60
12.80 81305.60
12.90 81305.60
13.00 81305.60
13.10 83456.00
13.20 83456.00
13.30 83456.00
13.40 83456.00
13.50 83456.00
13.60 83456.00
13.70 83456.00
13.80 83456.00
13.90 83456.00
14.00 83456.00
14.10 81612.80
14.20 81612.80
14.30 81612.80
14.40 81612.80
14.50 81612.80
14.60 81612.80
14.70 81612.80
14.80 81612.80
14.90 81612.80
15.00 81612.80
15.10 84070.40
15.20 84070.40
15.30 84070.40
15.40 84070.40
15.50 84070.40
15.60 84070.40
15.70 84070.40
15.80 84070.40
15.90 84070.40
16.00 84070.40
16.10 80691.20
16.20 80691.20
16.30 80691.20
16.40 80691.20
16.50 80691.20
16.60 80691.20
16.70 80691.20
16.80 80691.20
16.90 80691.20
17.00 80691.20
17.10 78540.80
17.20 78540.80
17.30 78540.80
17.40 78540.80
17.50 78540.80
17.60 78540.80
17.70 78540.80
17.80 78540.80
17.90 78540.80
18.00 78540.80
18.10 80179.20
18.20 80179.20
18.30 80179.20
18.40 80179.20
18.50 80179.20
18.60 80179.20
18.70 80179.20
18.80 80179.20
18.90 80179.20
19.00 80179.20
19.10 75468.80
19.20 75468.80
19.30 75468.80
19.40 75468.80
19.50 75468.80
19.60 75468.80
19.70 75468.80
19.80 75468.80
19.90 75468.80
20.00 75468.80
20.10 71680.00
20.20 71680.00
20.30 71680.00
20.40 71680.00
20.50 71680.00
20.60 71680.00
20.70 71680.00
20.80 71680.00
20.90 71680.00
21.00 71680.00
21.10 28672.00
21.20 28672.00
21.30 28672.00
21.40 28672.00
21.50 28672.00
21.60 28672.00
21.70 28672.00
21.80 28672.00
21.90 28672.00
22.00 28672.00
22.10 126771.20
22.20 126771.20
22.30 126771.20
22.40 126771.20
22.50 126771.20
22.60 126771.20
22.70 126771.20
22.80 126771.20
22.90 126771.20
23.00 126771.20
23.10 68403.20
23.20 68403.20
23.30 68403.20
23.40 68403.20
23.50 68403.20
23.60 68403.20
23.70 68403.20
23.80 68403.20
23.90 68403.20
24.00 68403.20
24.10 60723.20
24.20 60723.20
24.30 60723.20
24.40 60723.20
24.50 60723.20
24.60 60723.20
24.70 60723.20
24.80 60723.20
24.90 60723.20
25.00 60723.20
25.10 76390.40
25.20 76390.40
25.30 76390.40
25.40 76390.40
25.50 76390.40
25.60 76390.40
25.70 76390.40
25.80 76390.40
25.90 76390.40
26.00 76390.40
26.10 75468.80
26.20 75468.80
26.30 75468.80
26.40 75468.80
26.50 75468.80
26.60 75468.80
26.70 75468.80
26.80 75468.80
26.90 75468.80
27.00 75468.80
27.10 80281.60
27.20 80281.60
27.30 80281.60
27.40 80281.60
27.50 80281.60
27.60 80281.60
27.70 80281.60
27.80 80281.60
27.90 80281.60
28.00 80281.60
28.10 79872.00
28.20 79872.00
28.30 79872.00
28.40 79872.00
28.50 79872.00
28.60 79872.00
28.70 79872.00
28.80 79872.00
28.90 79872.00
29.00 79872.00
29.10 75571.20
29.20 75571.20
29.30 75571.20
29.40 75571.20
29.50 75571.20
29.60 75571.20
29.70 75571.20
29.80 75571.20
29.90 75571.20
30.00 75571.20
