0
1
1
2
2
3
4
4
5
5
6
7
7
8
8
9
10
10
11
11
12
12
13
14
14
15
15
16
17
17
18
18
19
20
23
27
31
34
38
42
45
49
53
57
60
64
68
71
75
79
82
86
90
94
97
101
105
108
112
116
120
122
125
128
130
133
136
138
141
144
146
149
152
154
157
160
162
165
168
170
173
176
179
181
184
187
189
192
195
197
200
203
205
208
211
213
216
219
221
224
227
230
232
235
238
241
243
246
249
252
254
257
260
263
265
268
271
274
276
279
282
285
287
290
293
296
298
301
304
307
309
312
315
318
320
323
326
329
331
334
337
340
343
346
350
353
356
360
363
366
370
373
376
380
383
386
390
393
396
400
403
406
410
413
416
420
423
426
430
433
436
440
442
444
447
449
451
454
456
459
461
463
466
468
471
473
475
478
480
483
485
487
490
492
495
497
499
502
504
506
509
511
514
516
518
521
523
526
528
530
533
535
538
540
542
545
547
550
553
557
561
565
569
573
576
580
584
588
592
596
600
603
607
611
615
619
623
626
630
634
638
642
646
650
655
661
666
672
677
683
688
694
699
705
710
716
721
727
732
738
743
749
754
760
764
768
773
777
782
786
790
795
799
804
808
812
817
821
826
830
834
839
843
848
852
856
861
865
870
875
880
885
890
895
900
905
910
915
919
925
929
934
940
945
950
955
960
965
970
975
980
984
989
993
998
1002
1007
1012
1016
1021
1025
1030
1035
1039
1044
1048
1053
1057
1062
1067
1071
1076
1080
1085
1090
1092
1095
1098
1101
1104
1107
1110
1113
1116
1119
1122
1125
1128
1131
1134
1137
1140
1142
1145
1148
1151
1154
1157
1160
1163
1166
1169
1172
1175
1178
1181
1184
1187
1190
1192
1194
1197
1199
1202
1204
1207
1209
1212
1214
1216
1219
1221
1224
1226
1229
1231
1234
1236
1238
1241
1243
1246
1248
1251
1253
1256
1258
1260
1263
1265
1268
1270
1273
1275
1278
1280
1282
1285
1287
1290
1292
1295
1297
1300
1301
1303
1305
1307
1309
1311
1313
1315
1317
1319
1321
1323
1325
1326
1328
1330
1332
1334
1336
1338
1340
1342
1344
1346
1348
1350
1351
1353
1355
1357
1359
1361
1363
1365
1367
1369
1371
1373
1375
1376
1378
1380
1382
1384
1386
1388
1390
1392
1394
1396
1398
1400
1403
1406
1409
1412
1415
1418
1422
1425
1428
1431
1434
1437
1440
1444
1447
1450
1453
1456
1459
1462
1466
1469
1472
1475
1478
1481
1484
1488
1491
1494
1497
1500
1503
1506
1510
1512
1515
1517
1520
1523
1525
1528
1530
1533
1536
1538
1541
1543
1546
1549
1551
1554
1556
1559
1562
1564
1567
1569
1572
1575
1577
1580
1583
1585
1588
1590
1593
1596
1598
1601
1603
1606
1609
1611
1614
1616
1619
1622
1624
1627
1630
1632
1634
1636
1638
1640
1642
1644
1646
1648
1650
1652
1654
1656
1658
1660
1662
1664
1666
1668
1670
1672
1674
1676
1678
1680
1682
1685
1687
1689
1691
1693
1695
1697
1699
1701
1703
1705
1707
1709
1711
1713
1715
1717
1719
1721
1723
1725
1727
1729
1731
1733
1735
1737
1740
1743
1746
1750
1753
1756
1760
1763
1766
1770
1773
1776
1780
1783
1786
1790
1793
1796
1800
1803
1806
1810
1813
1816
1820
1823
1826
1830
1833
1836
1840
1843
1846
1850
1853
1856
1859
1862
1866
1869
1872
1875
1879
1882
1885
1888
1891
1895
1898
1901
1904
1908
1911
1914
1917
1920
1924
1927
1930
1933
1937
1940
1943
1946
1950
1952
1955
1958
1960
1963
1966
1969
1972
1974
1977
1980
1983
1985
1988
1991
1994
1996
1999
2002
2005
2007
2010
2013
2016
2018
2021
2024
2027
2029
2032
2035
2038
2040
2043
2046
2049
2051
2054
2057
2060
2063
2066
2069
2072
2076
2079
2082
2085
2089
2092
2095
2098
2101
2105
2108
2111
2114
2118
2121
2124
2127
2130
2134
2137
2140
2143
2147
2150
2153
2156
2160
2163
2166
2169
2172
2175
2178
2182
2185
2188
2191
2194
2197
2200
2204
2207
2210
2213
2216
2219
2222
2226
2229
2232
2235
2238
2241
2244
2248
2251
2254
2257
2260
2263
2266
2270
2273
2276
2280
2283
2286
2290
2293
2296
2300
2303
2306
2310
2313
2316
2320
2323
2326
2330
2333
2336
2340
2343
2346
2350
2353
2356
2360
2363
2366
2370
2372
2375
2378
2381
2384
2387
2390
2393
2396
2399
2402
2405
2408
2411
2414
2417
2420
2423
2426
2429
2432
2435
2438
2441
2444
2447
2450
2453
2456
2459
2462
2465
2468
2471
2474
2477
2480
2483
2486
2489
2492
2495
2498
2501
2504
2507
2510
2513
2516
2519
2522
2525
2528
2531
2535
2538
2541
2544
2547
2550
2553
2556
2559
2562
2565
2568
2571
2574
2577
2580
2583
2586
2590
2592
2595
2597
2600
2603
2605
2608
2611
2613
2616
2618
2621
2624
2626
2629
2632
2634
2637
2640
2642
2645
2647
2650
2653
2655
2658
2661
2663
2666
2668
2671
2674
2676
2679
2682
2684
2687
2690
2692
2695
2698
2701
2704
2707
2710
2713
2716
2719
2722
2725
2728
2731
2734
2737
2740
2743
2746
2749
2752
2755
2758
2761
2764
2767
2770
2773
2776
2779
2782
2785
2788
2791
2794
2797
2800
2802
2805
2808
2811
2813
2816
2819
2822
2824
2827
2830
2833
2836
2838
2841
2844
2847
2849
2852
2855
2858
2861
2863
2866
2869
2872
2875
2877
2880
2883
2886
2888
2891
2894
2897
2900
2902
2905
2908
2911
2914
2917
2920
2923
2926
2929
2932
2935
2938
2941
2944
2947
2950
2953
2956
2959
2962
2965
2968
2971
2974
2977
2980
2983
2986
2989
2992
2995
2998
3001
3004
3007
3010
3013
3016
3019
3022
3026
3029
3032
3035
3039
3042
3045
3048
3052
3055
3058
3061
3065
3068
3071
3074
3077
3081
3084
3087
3090
3094
3097
3100
3103
3107
3110
3113
3116
3120
3122
3125
3128
3131
3133
3136
3139
3142
3145
3147
3150
3153
3156
3159
3161
3164
3167
3170
3173
3175
3178
3181
3184
3186
3189
3192
3195
3198
3200
3203
3206
3209
3212
3214
3217
3220
3223
3226
3228
3231
3234
3237
3240
3242
3245
3247
3250
3253
3255
3258
3260
3263
3266
3268
3271
3273
3276
3279
3281
3284
3286
3289
3292
3294
3297
3300
3302
3305
3307
3310
3313
3315
3318
3320
3323
3326
3328
3331
3333
3336
3339
3341
3344
3346
3349
3352
3354
3357
3360
3362
3365
3368
3371
3374
3377
3380
3382
3385
3388
3391
3394
3397
3400
3402
3405
3408
3411
3414
3417
3420
3422
3425
3428
3431
3434
3437
3440
3442
3445
3448
3451
3454
3457
3460
3462
3465
3468
3471
3474
3477
3480
3483
3486
3489
3492
3495
3498
3501
3504
3507
3510
3513
3516
3519
3522
3525
3528
3531
3534
3537
3540
3543
3546
3549
3552
3555
3558
3561
3564
3567
3570
3573
3576
3579
3582
3585
3588
3591
3594
3598
3601
3604
3607
3610
3613
3616
3620
3623
3626
3629
3632
3635
3638
3641
3645
3648
3651
3654
3657
3660
3663
3666
3670
3672
3675
3677
3680
3682
3685
3687
3690
3693
3695
3698
3700
3703
3705
3708
3710
3713
3716
3718
3721
3723
3726
3728
3731
3733
3736
3739
3741
3744
3746
3749
3751
3754
3756
3759
3762
3764
3767
3769
3772
3774
3777
3780
3782
3785
3788
3791
3793
3796
3799
3802
3804
3807
3810
3813
3816
3818
3821
3824
3827
3830
3832
3835
3838
3841
3843
3846
3849
3852
3855
3857
3860
3863
3866
3868
3871
3874
3877
3880
3882
3885
3888
3891
3893
3896
3899
3902
3904
3907
3910
3913
3915
3918
3921
3924
3926
3929
3932
3935
3937
3940
3943
3946
3948
3951
3954
3957
3959
3962
3965
3968
3970
3973
3976
3979
3981
3984
3987
3990
3992
3995
3998
4001
4004
4007
4010
4013
4016
4019
4022
4025
4028
4031
4034
4037
4040
4043
4046
4049
4052
4055
4058
4061
4064
4067
4070
4073
4076
4079
4082
4085
4088
4091
4094
4097
4100
4103
4106
4109
4112
4116
4119
4122
4125
4129
4132
4135
4138
4142
4145
4148
4151
4154
4158
4161
4164
4167
4171
4174
4177
4180
4184
4187
4190
4193
4197
4200
4203
4206
4210
4212
4215
4217
4220
4223
4225
4228
4230
4233
4236
4238
4241
4244
4246
4249
4251
4254
4257
4259
4262
4265
4267
4270
4272
4275
4278
4280
4283
4285
4288
4291
4293
4296
4299
4301
4304
4306
4309
4312
4314
4317
4320
4322
4325
4328
4331
4334
4337
4340
4342
4345
4348
4351
4354
4357
4360
4362
4365
4368
4371
4374
4377
4380
4382
4385
4388
4391
4394
4397
4400
4402
4405
4408
4411
4414
4417
4420
4422
4425
4428
4431
4434
4437
4440
4443
4446
4448
4451
4454
4457
4460
4463
4466
4469
4472
4475
4477
4480
4483
4486
4489
4492
4495
4498
4501
4503
4506
4509
4512
4515
4518
4521
4524
4527
4530
4533
4536
4539
4542
4545
4548
4551
4554
4557
4560
4563
4566
4569
4572
4575
4578
4581
4584
4587
4590
4593
4596
4599
4602
4605
4608
4611
4614
4617
4620
4623
4626
4630
4632
4635
4638
4641
4643
4646
4649
4652
4654
4657
4660
4663
4665
4668
4671
4674
4676
4679
4682
4685
4687
4690
4693
4696
4698
4701
4704
4707
4709
4712
4715
4718
4720
4723
4726
4729
4731
4734
4737
4740
4743
4747
4750
4754
4757
4761
4764
4768
4771
4775
4779
4782
4786
4789
4793
4796
4800
4803
4807
4810
4814
4818
4821
4825
4828
4832
4835
4839
4842
4846
4850
4852
4855
4857
4860
4862
4865
4867
4870
4873
4875
4878
4880
4883
4885
4888
4891
4893
4896
4898
4901
4903
4906
4908
4911
4914
4916
4919
4921
4924
4926
4929
4932
4934
4937
4939
4942
4944
4947
4950
4952
4955
4958
4960
4963
4966
4968
4971
4974
4976
4979
4982
4984
4987
4990
4992
4995
4998
5000
5003
5006
5009
5011
5014
5017
5019
5022
5025
5027
5030
5033
5035
5038
5041
5043
5046
5049
5051
5054
5057
5060
5062
5065
5068
5071
5074
5077
5080
5083
5086
5089
5092
5095
5098
5101
5104
5107
5109
5112
5115
5118
5121
5124
5127
5130
5133
5136
5139
5142
5145
5148
5151
5154
5157
5160
5164
5169
5173
5178
5182
5187
5192
5196
5201
5205
5210
5215
5219
5224
5228
5233
5237
5242
5247
5251
5256
5260
5265
5270
5272
5275
5277
5280
5283
5285
5288
5291
5293
5296
5298
5301
5304
5306
5309
5312
5314
5317
5319
5322
5325
5327
5330
5333
5335
5338
5341
5343
5346
5348
5351
5354
5356
5359
5362
5364
5367
5370
5373
5376
5379
5382
5386
5389
5392
5395
5399
5402
5405
5408
5412
5415
5418
5421
5425
5428
5431
5434
5438
5441
5444
5447
5451
5454
5457
5460
5464
5467
5470
5473
5477
5480
5483
5486
5490
5492
5495
5498
5501
5503
5506
5509
5512
5514
5517
5520
5523
5525
5528
5531
5534
5536
5539
5542
5545
5547
5550
5553
5556
5558
5561
5564
5567
5569
5572
5575
5577
5580
5583
5586
5588
5591
5594
5597
5600
5602
5605
5607
5610
5613
5615
5618
5621
5623
5626
5628
5631
5634
5636
5639
5642
5644
5647
5649
5652
5655
5657
5660
5663
5665
5668
5671
5673
5676
5678
5681
5684
5686
5689
5692
5694
5697
5700
5702
5705
5708
5711
5714
5717
5720
5723
5726
5729
5732
5735
5738
5741
5744
5747
5750
5753
5756
5759
5762
5765
5768
5771
5774
5777
5780
5783
5786
5789
5792
5795
5798
5801
5804
5807
5810
5813
5816
5819
5822
5826
5829
5832
5835
5839
5842
5845
5848
5851
5855
5858
5861
5864
5868
5871
5874
5877
5880
5884
5887
5890
5893
5897
5900
5903
5906
5910
5912
5915
5918
5921
5923
5926
5929
5932
5934
5937
5940
5943
5945
5948
5951
5954
5956
5959
5962
5965
5967
5970
5973
5976
5978
5981
5984
5987
5989
5992
5995
5997
6000
6003
6006
6008
6011
6014
6017
6020
6022
6025
6028
6031
6034
6037
6040
6042
6045
6048
6051
6054
6057
6060
6062
6065
6068
6071
6074
6077
6080
6082
6085
6088
6091
6094
6097
6100
6102
6105
6108
6111
6114
6117
6120
6122
6125
6128
6131
6133
6136
6139
6142
6144
6147
6150
6153
6155
6158
6161
6164
6166
6169
6172
6175
6177
6180
6183
6186
6188
6191
6194
6197
6199
6202
6205
6208
6210
6213
6216
6219
6221
6224
6227
6230
6232
6235
6238
6240
6243
6246
6248
6251
6254
6256
6259
6262
6264
6267
6270
6272
6275
6278
6280
6283
6286
6289
6291
6294
6297
6299
6302
6305
6307
6310
6313
6315
6318
6321
6323
6326
6329
6331
6334
6337
6340
6342
6344
6347
6349
6351
6354
6356
6359
6361
6363
6366
6368
6370
6373
6375
6378
6380
6382
6385
6387
6390
6392
6394
6397
6399
6401
6404
6406
6409
6411
6413
6416
6418
6420
6423
6425
6428
6430
6432
6435
6437
6440
6442
6445
6447
6450
6452
6455
6457
6460
6463
6465
6468
6470
6473
6475
6478
6480
6483
6486
6488
6491
6493
6496
6498
6501
6503
6506
6509
6511
6514
6516
6519
6521
6524
6526
6529
6532
6534
6537
6539
6542
6544
6547
6550
6552
6555
6558
6561
6563
6566
6569
6572
6575
6577
6580
6583
6586
6588
6591
6594
6597
6600
6602
6605
6608
6611
6613
6616
6619
6622
6625
6627
6630
6633
6636
6638
6641
6644
6647
6650
6652
6655
6658
6661
6664
6667
6670
6673
6676
6678
6681
6684
6687
6690
6693
6696
6699
6702
6705
6707
6710
6713
6716
6719
6722
6725
6728
6731
6733
6736
6739
6742
6745
6748
6751
6754
6757
6760
6762
6765
6767
6770
6772
6774
6777
6779
6782
6785
6787
6790
6792
6795
6797
6800
6802
6805
6807
6810
6812
6814
6817
6820
6822
6825
6827
6830
6832
6835
6837
6840
6842
6845
6847
6850
6852
6854
6857
6859
6862
6865
6867
6870
6872
6875
6877
6880
6882
6884
6886
6888
6890
6892
6895
6897
6899
6901
6903
6905
6908
6910
6912
6914
6916
6918
6920
6923
6925
6927
6929
6931
6933
6936
6938
6940
6942
6944
6946
6949
6951
6953
6955
6957
6959
6961
6964
6966
6968
6970
6972
6974
6977
6979
6981
6983
6985
6987
6990
6992
6994
6997
6999
7001
7004
7006
7009
7011
7013
7016
7018
7021
7023
7025
7028
7030
7033
7035
7037
7040
7042
7045
7047
7049
7052
7054
7056
7059
7061
7064
7066
7068
7071
7073
7076
7078
7080
7083
7085
7088
7090
7092
7095
7097
7100
7102
7105
7108
7111
7114
7117
7120
7123
7126
7129
7132
7135
7138
7141
7144
7147
7150
7152
7155
7158
7161
7164
7167
7170
7173
7176
7179
7182
7185
7188
7191
7194
7197
7200
7202
7205
7208
7210
7213
7216
7218
7221
7224
7226
7229
7232
7234
7237
7240
7242
7245
7248
7250
7253
7256
7259
7261
7264
7267
7269
7272
7275
7277
7280
7283
7285
7288
7291
7293
7296
7299
7301
7304
7307
7310
7312
7314
7316
7319
7321
7323
7325
7328
7330
7332
7335
7337
7339
7341
7344
7346
7348
7350
7353
7355
7357
7359
7362
7364
7366
7369
7371
7373
7375
7378
7380
7382
7385
7387
7389
7391
7394
7396
7398
7400
7403
7405
7407
7410
7412
7414
7417
7419
7421
7424
7426
7428
7431
7433
7435
7438
7440
7442
7445
7447
7449
7452
7454
7456
7459
7461
7463
7466
7468
7470
7473
7475
7477
7480
7482
7484
7487
7489
7491
7494
7496
7498
7501
7503
7505
7508
7510
7512
7515
7517
7520
7522
7525
7528
7531
7534
7537
7540
7542
7545
7548
7551
7554
7557
7560
7562
7565
7568
7571
7574
7577
7580
7582
7585
7588
7591
7594
7597
7600
7602
7605
7608
7611
7614
7617
7620
7622
7625
7628
7631
7633
7636
7639
7642
7644
7647
7650
7653
7655
7658
7661
7664
7666
7669
7672
7675
7677
7680
7683
7686
7688
7691
7694
7697
7699
7702
7705
7708
7710
7713
7716
7719
7721
7724
7727
7730
7733
7736
7740
7743
7747
7750
7754
7757
7760
7764
7767
7771
7774
7778
7781
7784
7788
7791
7795
7798
7802
7805
7808
7812
7815
7819
7822
7826
7829
7832
7836
7839
7843
7846
7850
7852
7855
7858
7861
7864
7867
7870
7872
7875
7878
7881
7884
7887
7890
7892
7895
7898
7901
7904
7907
7910
7912
7915
7918
7921
7924
7927
7930
7932
7935
7938
7941
7944
7947
7950
7952
7955
7957
7960
7962
7965
7967
7970
7972
7975
7977
7980
7982
7985
7987
7990
7992
7995
7997
8000
8002
8005
8007
8010
8012
8015
8017
8020
8022
8025
8027
8030
8032
8035
8037
8040
8042
8045
8047
8050
8052
8055
8057
8060
8062
8065
8067
8070
8073
8075
8078
8081
8083
8086
8088
8091
8094
8096
8099
8102
8104
8107
8109
8112
8115
8117
8120
8123
8125
8128
8131
8133
8136
8138
8141
8144
8146
8149
8152
8154
8157
8160
8162
8164
8166
8168
8170
8172
8174
8176
8179
8181
8183
8185
8187
8189
8191
8193
8195
8198
8200
8202
8204
8206
8208
8210
8212
8215
8217
8219
8221
8223
8225
8227
8229
8231
8234
8236
8238
8240
8242
8244
8246
8248
8250
8253
8255
8257
8259
8261
8263
8265
8267
8270
8272
8274
8277
8279
8281
8284
8286
8289
8291
8293
8296
8298
8300
8303
8305
8308
8310
8312
8315
8317
8320
8322
8324
8327
8329
8331
8334
8336
8339
8341
8343
8346
8348
8350
8353
8355
8358
8360
8362
8365
8367
8370
8372
8375
8378
8381
8383
8386
8389
8392
8394
8397
8400
8402
8405
8408
8411
8414
8416
8419
8422
8425
8427
8430
8433
8436
8438
8441
8444
8447
8449
8452
8455
8458
8460
8463
8466
8469
8471
8474
8477
8480
8482
8485
8487
8490
8493
8495
8498
8500
8503
8506
8508
8511
8514
8516
8519
8521
8524
8527
8529
8532
8535
8537
8540
8542
8545
8548
8550
8553
8555
8558
8561
8563
8566
8569
8571
8574
8576
8579
8582
8584
8587
8590
8592
8595
8597
8600
8602
8605
8607
8610
8613
8615
8618
8620
8623
8625
8628
8631
8633
8636
8638
8641
8643
8646
8648
8651
8654
8656
8659
8661
8664
8666
8669
8672
8674
8677
8679
8682
8684
8687
8690
8692
8695
8698
8700
8703
8706
8708
8711
8714
8716
8719
8722
8724
8727
8730
8732
8735
8738
8740
8743
8746
8749
8751
8754
8757
8759
8762
8765
8767
8770
8773
8775
8778
8781
8783
8786
8789
8791
8794
8797
8800
8802
8805
8808
8811
8814
8817
8820
8822
8825
8828
8831
8834
8837
8840
8842
8845
8848
8851
8854
8857
8860
8862
8865
8868
8871
8874
8877
8880
8882
8885
8888
8891
8894
8897
8900
8902
8905
8908
8911
8913
8916
8919
8922
8924
8927
8930
8933
8935
8938
8941
8944
8946
8949
8952
8955
8957
8960
8963
8966
8968
8971
8974
8977
8979
8982
8985
8988
8990
8993
8996
8999
9001
9004
9007
9010
9012
9015
9018
9020
9023
9026
9029
9032
9034
9037
9040
9043
9045
9048
9051
9054
9056
9059
9062
9065
9067
9070
9073
9075
9078
9081
9084
9087
9089
9092
9095
9097
9100
9103
9106
9109
9111
9114
9117
9120
9122
9124
9126
9128
9130
9132
9134
9136
9138
9140
9142
9144
9146
9148
9150
9152
9154
9156
9158
9160
9162
9164
9166
9168
9170
9172
9175
9177
9179
9181
9183
9185
9187
9189
9191
9193
9195
9197
9199
9201
9203
9205
9207
9209
9211
9213
9215
9217
9219
9221
9223
9225
9227
9230
9232
9234
9236
9239
9241
9243
9246
9248
9250
9252
9255
9257
9259
9262
9264
9266
9268
9271
9273
9275
9278
9280
9282
9285
9287
9289
9291
9294
9296
9298
9301
9303
9305
9307
9310
9312
9314
9317
9319
9321
9323
9326
9328
9330
9333
9335
9337
9340
9342
9344
9347
9349
9351
9354
9356
9359
9361
9363
9366
9368
9370
9373
9375
9378
9380
9382
9385
9387
9390
9392
9394
9397
9399
9401
9404
9406
9409
9411
9413
9416
9418
9420
9423
9425
9428
9430
9432
9435
9437
9440
9442
9445
9448
9451
9453
9456
9459
9462
9464
9467
9470
9472
9475
9478
9481
9484
9486
9489
9492
9495
9497
9500
9503
9506
9508
9511
9514
9517
9519
9522
9525
9528
9530
9533
9536
9539
9541
9544
9547
9550
9553
9556
9560
9563
9566
9570
9573
9576
9580
9583
9586
9590
9593
9596
9600
9603
9606
9610
9613
9616
9620
9623
9626
9630
9633
9636
9640
9643
9646
9650
9653
9656
9660
9662
9664
9667
9669
9671
9674
9676
9678
9681
9683
9685
9688
9690
9692
9695
9697
9699
9702
9704
9706
9709
9711
9713
9716
9718
9720
9723
9725
9727
9730
9732
9734
9737
9739
9741
9744
9746
9748
9751
9753
9755
9758
9760
9762
9765
9767
9770
9771
9773
9775
9777
9779
9781
9783
9785
9787
9789
9791
9793
9795
9797
9799
9801
9803
9805
9807
9809
9811
9813
9815
9817
9819
9820
9822
9824
9826
9828
9830
9832
9834
9836
9838
9840
9842
9844
9846
9848
9850
9852
9854
9856
9858
9860
9862
9864
9866
9868
9870
9871
9873
9875
9877
9879
9881
9883
9885
9887
9888
9890
9892
9894
9896
9898
9900
9902
9904
9906
9907
9909
9911
9913
9915
9917
9919
9921
9923
9925
9926
9928
9930
9932
9934
9936
9938
9940
9942
9943
9945
9947
9949
9951
9953
9955
9957
9959
9961
9962
9964
9966
9968
9970
9972
9974
9976
9978
9980
9982
9984
9986
9988
9990
9992
9994
9996
9998
10000
10002
10004
10006
10008
10010
10012
10014
10016
10018
10020
10022
10024
10026
10028
10030
10032
10035
10037
10039
10041
10043
10045
10047
10049
10051
10053
10055
10057
10059
10061
10063
10065
10067
10069
10071
10073
10075
10077
10079
10081
10083
10085
10087
10090
10092
10094
10096
10098
10101
10103
10105
10107
10110
10112
10114
10116
10119
10121
10123
10125
10128
10130
10132
10134
10137
10139
10141
10143
10146
10148
10150
10152
10155
10157
10159
10161
10164
10166
10168
10170
10173
10175
10177
10179
10182
10184
10186
10188
10191
10193
10195
10197
10200
10202
10204
10206
10209
10211
10213
10216
10218
10220
10222
10225
10227
10229
10232
10234
10236
10238
10241
10243
10245
10248
10250
10252
10254
10257
10259
10261
10264
10266
10268
10271
10273
10275
10277
10280
10282
10284
10287
10289
10291
10293
10296
10298
10300
10303
10305
10307
10310
10312
10314
10316
10318
10320
10322
10324
10326
10328
10330
10332
10335
10337
10339
10341
10343
10345
10347
10349
10351
10353
10355
10357
10360
10362
10364
10366
10368
10370
10372
10374
10376
10378
10380
10382
10385
10387
10389
10391
10393
10395
10397
10399
10401
10403
10405
10407
10410
10412
10415
10417
10420
10422
10425
10427
10430
10433
10435
10438
10440
10443
10445
10448
10450
10453
10456
10458
10461
10463
10466
10468
10471
10473
10476
10479
10481
10484
10486
10489
10491
10494
10496
10499
10502
10504
10507
10509
10512
10514
10517
10520
10523
10527
10531
10534
10538
10542
10545
10549
10553
10557
10560
10564
10568
10571
10575
10579
10582
10586
10590
10594
10597
10601
10605
10608
10612
10616
10620
10622
10625
10628
10630
10633
10636
10638
10641
10644
10646
10649
10652
10654
10657
10660
10662
10665
10668
10670
10673
10676
10679
10681
10684
10687
10689
10692
10695
10697
10700
10703
10705
10708
10711
10713
10716
10719
10721
10724
10727
10730
10732
10735
10738
10740
10743
10746
10748
10751
10754
10756
10759
10762
10764
10767
10770
10772
10775
10778
10780
10783
10786
10789
10791
10794
10797
10799
10802
10805
10807
10810
10813
10815
10818
10821
10823
10826
10829
10831
10834
10837
10840
10843
10846
10849
10852
10855
10858
10861
10865
10868
10871
10874
10877
10880
10883
10886
10890
10893
10896
10899
10902
10905
10908
10911
10915
10918
10921
10924
10927
10930
10933
10936
10940
10943
10947
10951
10955
10959
10963
10967
10971
10975
10979
10983
10987
10991
10995
10998
11002
11006
11010
11014
11018
11022
11026
11030
11034
11038
11042
11046
11050
11052
11055
11058
11061
11063
11066
11069
11072
11075
11077
11080
11083
11086
11088
11091
11094
11097
11100
11102
11105
11108
11111
11113
11116
11119
11122
11125
11127
11130
11133
11136
11138
11141
11144
11147
11150
11153
11156
11159
11162
11165
11168
11172
11175
11178
11181
11184
11187
11190
11194
11197
11200
11203
11206
11209
11212
11216
11219
11222
11225
11228
11231
11234
11238
11241
11244
11247
11250
11253
11256
11260
11262
11265
11268
11271
11274
11277
11280
11283
11286
11289
11292
11295
11298
11301
11304
11307
11310
11313
11316
11319
11322
11325
11328
11331
11334
11337
11340
11343
11346
11349
11352
11355
11358
11361
11364
11367
11370
11373
11377
11380
11384
11387
11391
11394
11398
11401
11405
11409
11412
11416
11419
11423
11426
11430
11433
11437
11440
11444
11448
11451
11455
11458
11462
11465
11469
11472
11476
11480
11484
11488
11492
11496
11500
11504
11508
11512
11516
11520
11524
11528
11532
11537
11541
11545
11549
11553
11557
11561
11565
11569
11573
11577
11581
11585
11590
11592
11595
11598
11601
11604
11607
11610
11613
11616
11619
11622
11625
11628
11631
11634
11637
11640
11642
11645
11648
11651
11654
11657
11660
11663
11666
11669
11672
11675
11678
11681
11684
11687
11690
11692
11694
11696
11698
11701
11703
11705
11707
11709
11712
11714
11716
11718
11720
11722
11725
11727
11729
11731
11734
11736
11738
11740
11742
11745
11747
11749
11751
11753
11756
11758
11760
11762
11764
11767
11769
11771
11773
11775
11778
11780
11782
11784
11786
11789
11791
11793
11795
11797
11800
11801
11803
11805
11807
11809
11811
11812
11814
11816
11818
11820
11822
11824
11825
11827
11829
11831
11833
11835
11837
11838
11840
11842
11844
11846
11848
11850
11851
11853
11855
11857
11859
11861
11862
11864
11866
11868
11870
11872
11874
11875
11877
11879
11881
11883
11885
11887
11888
11890
11892
11894
11896
11898
11900
11902
11904
11906
11908
11910
11912
11914
11916
11918
11920
11922
11924
11926
11929
11931
11933
11935
11937
11939
11941
11943
11945
11947
11949
11951
11953
11956
11958
11960
11962
11964
11966
11968
11970
11972
11974
11976
11978
11980
11983
11985
11987
11989
11991
11993
11995
11997
11999
12001
12003
12005
12007
12010
12012
12014
12016
12019
12021
12023
12026
12028
12030
12032
12035
12037
12039
12042
12044
12046
12048
12051
12053
12055
12058
12060
12062
12065
12067
12069
12071
12074
12076
12078
12081
12083
12085
12087
12090
12092
12094
12097
12099
12101
12103
12106
12108
12110
12113
12115
12117
12120
12122
12124
12126
12128
12130
12132
12134
12136
12138
12140
12142
12144
12146
12149
12151
12153
12155
12157
12159
12161
12163
12165
12167
12169
12171
12173
12176
12178
12180
12182
12184
12186
12188
12190
12192
12194
12196
12198
12200
12203
12205
12207
12209
12211
12213
12215
12217
12219
12221
12223
12225
12227
12230
12232
12234
12236
12238
12240
12242
12244
12246
12248
12250
12252
12254
12256
12259
12261
12263
12265
12267
12269
12271
12273
12275
12277
12279
12281
12283
12286
12288
12290
12292
12294
12296
12298
12300
12302
12304
12306
12308
12310
12313
12315
12317
12319
12321
12323
12325
12327
12329
12331
12333
12335
12337
12340
12342
12344
12347
12349
12351
12354
12356
12359
12361
12363
12366
12368
12370
12373
12375
12378
12380
12382
12385
12387
12390
12392
12394
12397
12399
12401
12404
12406
12409
12411
12413
12416
12418
12420
12423
12425
12428
12430
12432
12435
12437
12440
12442
12444
12446
12448
12451
12453
12455
12457
12459
12462
12464
12466
12468
12471
12473
12475
12477
12480
12482
12484
12486
12488
12491
12493
12495
12497
12500
12502
12504
12506
12508
12511
12513
12515
12517
12520
12522
12524
12526
12528
12531
12533
12535
12537
12540
12542
12544
12546
12548
12551
12553
12555
12557
12560
12562
12564
12566
12568
12571
12573
12575
12577
12580
12582
12584
12586
12588
12591
12593
12595
12597
12600
12602
12604
12606
12608
12611
12613
12615
12617
12620
12622
12624
12626
12628
12631
12633
12635
12637
12640
12642
12644
12646
12648
12651
12653
12655
12657
12660
12662
12665
12667
12670
12672
12675
12677
12680
12682
12685
12687
12690
12692
12695
12697
12700
12702
12705
12707
12709
12712
12715
12717
12720
12722
12725
12727
12730
12732
12735
12737
12740
12742
12745
12747
12750
12752
12754
12757
12760
12762
12764
12767
12770
12772
12775
12778
12781
12784
12787
12790
12793
12796
12799
12802
12805
12808
12811
12814
12817
12820
12822
12825
12828
12831
12834
12837
12840
12843
12846
12849
12852
12855
12858
12861
12864
12867
12870
12872
12875
12878
12881
12884
12887
12890
12893
12896
12899
12902
12905
12908
12911
12914
12917
12920
12923
12926
12929
12932
12935
12938
12941
12944
12947
12950
12953
12956
12959
12962
12965
12968
12971
12974
12977
12980
12982
12985
12987
12990
12993
12995
12998
13000
13003
13006
13008
13011
13014
13016
13019
13021
13024
13027
13029
13032
13035
13037
13040
13042
13045
13048
13050
13053
13055
13058
13061
13063
13066
13069
13071
13074
13076
13079
13082
13084
13087
13090
13092
13095
13097
13100
13102
13105
13107
13110
13112
13115
13117
13120
13122
13125
13127
13129
13132
13135
13137
13140
13142
13145
13147
13150
13152
13155
13157
13160
13162
13165
13167
13170
13172
13174
13177
13180
13182
13184
13187
13190
13192
13194
13196
13198
13200
13202
13205
13207
13209
13211
13213
13215
13218
13220
13222
13224
13226
13228
13230
13233
13235
13237
13239
13241
13243
13246
13248
13250
13252
13254
13256
13259
13261
13263
13265
13267
13269
13271
13274
13276
13278
13280
13282
13284
13287
13289
13291
13293
13295
13297
13300
13302
13304
13306
13309
13311
13313
13315
13318
13320
13322
13325
13327
13329
13331
13334
13336
13338
13340
13343
13345
13347
13350
13352
13354
13356
13359
13361
13363
13365
13368
13370
13372
13375
13377
13379
13381
13384
13386
13388
13390
13393
13395
13397
13400
13402
13405
13408
13411
13413
13416
13419
13422
13424
13427
13430
13433
13435
13438
13441
13444
13446
13449
13452
13455
13457
13460
13463
13466
13468
13471
13474
13477
13479
13482
13485
13488
13490
13493
13496
13499
13501
13504
13507
13510
13512
13515
13518
13520
13523
13526
13529
13532
13534
13537
13540
13543
13545
13548
13551
13554
13556
13559
13562
13565
13567
13570
13573
13575
13578
13581
13584
13587
13589
13592
13595
13597
13600
13603
13606
13609
13611
13614
13617
13620
13622
13625
13627
13630
13632
13635
13637
13640
13643
13645
13648
13650
13653
13655
13658
13660
13663
13666
13668
13671
13673
13676
13678
13681
13683
13686
13689
13691
13694
13696
13699
13701
13704
13706
13709
13712
13714
13717
13719
13722
13724
13727
13730
13732
13735
13738
13741
13744
13746
13749
13752
13755
13758
13761
13763
13766
13769
13772
13775
13777
13780
13783
13786
13789
13792
13794
13797
13800
13803
13806
13808
13811
13814
13817
13820
13823
13825
13828
13831
13834
13837
13840
13842
13845
13848
13851
13853
13856
13859
13862
13865
13867
13870
13873
13876
13878
13881
13884
13887
13890
13892
13895
13898
13901
13903
13906
13909
13912
13915
13917
13920
13923
13926
13928
13931
13934
13937
13940
13943
13946
13949
13952
13955
13958
13962
13965
13968
13971
13974
13977
13980
13984
13987
13990
13993
13996
13999
14002
14006
14009
14012
14015
14018
14021
14024
14028
14031
14034
14037
14040
14043
14046
14050
14053
14056
14059
14062
14065
14068
14072
14075
14078
14081
14084
14087
14090
14094
14097
14100
14103
14106
14109
14112
14116
14119
14122
14125
14128
14131
14134
14138
14141
14144
14147
14150
14153
14156
14160
14162
14165
14168
14171
14173
14176
14179
14182
14184
14187
14190
14193
14195
14198
14201
14204
14206
14209
14212
14215
14217
14220
14223
14226
14228
14231
14234
14237
14239
14242
14245
14248
14250
14253
14256
14259
14261
14264
14267
14270
14272
14275
14278
14281
14284
14287
14290
14293
14296
14299
14302
14305
14308
14311
14314
14317
14320
14322
14325
14328
14331
14334
14337
14340
14343
14346
14349
14352
14355
14358
14361
14364
14367
14370
14372
14375
14377
14380
14383
14385
14388
14390
14393
14396
14398
14401
14404
14406
14409
14411
14414
14417
14419
14422
14425
14427
14430
14432
14435
14438
14440
14443
14445
14448
14451
14453
14456
14459
14461
14464
14466
14469
14472
14474
14477
14480
14482
14485
14488
14491
14493
14496
14499
14502
14504
14507
14510
14513
14515
14518
14521
14524
14526
14529
14532
14535
14537
14540
14543
14546
14548
14551
14554
14557
14559
14562
14565
14568
14570
14573
14576
14579
14581
14584
14587
14590
14593
14596
14599
14602
14605
14608
14611
14614
14617
14620
14623
14626
14629
14632
14635
14638
14641
14644
14647
14650
14653
14656
14659
14662
14665
14668
14671
14674
14677
14680
14683
14686
14690
14693
14696
14700
14703
14707
14710
14714
14717
14720
14724
14727
14731
14734
14738
14741
14745
14748
14751
14755
14758
14762
14765
14769
14772
14775
14779
14782
14786
14789
14793
14796
14800
14804
14808
14812
14816
14820
14824
14828
14832
14836
14840
14844
14848
14852
14857
14861
14865
14869
14873
14877
14881
14885
14889
14893
14897
14901
14905
14910
14912
14915
14918
14921
14924
14926
14929
14932
14935
14938
14941
14943
14946
14949
14952
14955
14957
14960
14963
14966
14969
14972
14974
14977
14980
14983
14986
14988
14991
14994
14997
15000
15003
15005
15008
15011
15014
15017
15020
15023
15027
15030
15034
15037
15041
15045
15048
15052
15055
15059
15062
15066
15070
15073
15077
15080
15084
15087
15091
15094
15098
15102
15105
15109
15112
15116
15120
15122
15125
15128
15131
15134
15137
15140
15143
15146
15148
15151
15154
15157
15160
15163
15166
15169
15172
15175
15177
15180
15183
15186
15189
15192
15195
15198
15201
15203
15206
15209
15212
15215
15218
15221
15224
15227
15230
15233
15236
15239
15242
15245
15248
15251
15254
15257
15260
15263
15266
15269
15272
15275
15278
15281
15285
15288
15291
15294
15297
15300
15303
15306
15309
15312
15315
15318
15321
15324
15327
15330
15333
15336
15340
15343
15346
15350
15353
15357
15360
15364
15367
15370
15374
15377
15381
15384
15388
15391
15395
15398
15401
15405
15408
15412
15415
15419
15422
15425
15429
15432
15436
15439
15443
15446
15450
15452
15455
15457
15459
15462
15465
15467
15469
15472
15475
15477
15480
15482
15485
15487
15490
15492
15495
15497
15500
15502
15504
15507
15510
15512
15515
15517
15520
15522
15525
15527
15530
15532
15535
15537
15540
15542
15545
15547
15550
15552
15555
15557
15560
15562
15565
15567
15570
15572
15575
15577
15580
15582
15585
15587
15590
15592
15595
15597
15600
15602
15605
15607
15610
15612
15615
15617
15620
15622
15625
15627
15630
15632
15635
15637
15640
15642
15645
15647
15650
15652
15655
15657
15660
15662
15665
15668
15671
15674
15677
15680
15683
15686
15688
15691
15694
15697
15700
15703
15706
15709
15712
15715
15717
15720
15723
15726
15729
15732
15735
15738
15741
15743
15746
15749
15752
15755
15758
15761
15764
15767
15770
15772
15775
15777
15780
15782
15785
15787
15790
15793
15795
15798
15800
15803
15805
15808
15811
15813
15816
15818
15821
15823
15826
15828
15831
15834
15836
15839
15841
15844
15846
15849
15852
15854
15857
15859
15862
15864
15867
15870
15872
15874
15876
15878
15881
15883
15885
15887
15889
15892
15894
15896
15898
15900
15902
15905
15907
15909
15911
15914
15916
15918
15920
15922
15924
15927
15929
15931
15933
15936
15938
15940
15942
15944
15947
15949
15951
15953
15955
15958
15960
15962
15964
15966
15969
15971
15973
15975
15977
15980
15982
15984
15987
15989
15992
15994
15997
15999
16001
16004
16006
16009
16011
16014
16016
16019
16021
16024
16026
16028
16031
16033
16036
16038
16041
16043
16046
16048
16050
16053
16055
16058
16060
16063
16065
16068
16070
16072
16075
16077
16080
16082
16085
16087
16090
16092
16094
16097
16099
16101
16104
16106
16109
16111
16113
16116
16118
16120
16123
16125
16128
16130
16132
16135
16137
16140
16142
16144
16147
16149
16151
16154
16156
16159
16161
16163
16166
16168
16170
16173
16175
16178
16180
16182
16185
16187
16190
16192
16195
16198
16201
16204
16206
16209
16212
16215
16218
16221
16223
16226
16229
16232
16235
16237
16240
16243
16246
16249
16252
16254
16257
16260
16263
16266
16268
16271
16274
16277
16280
16283
16285
16288
16291
16294
16297
16300
16301
16303
16305
16307
16309
16311
16313
16315
16317
16319
16321
16323
16325
16326
16328
16330
16332
16334
16336
16338
16340
16342
16344
16346
16348
16350
16351
16353
16355
16357
16359
16361
16363
16365
16367
16369
16371
16373
16375
16376
16378
16380
16382
16384
16386
16388
16390
16392
16394
16396
16398
16400
16402
16404
16406
16408
16410
16412
16414
16416
16418
16420
16422
16424
16426
16429
16431
16433
16435
16437
16439
16441
16443
16445
16447
16449
16451
16453
16456
16458
16460
16462
16464
16466
16468
16470
16472
16474
16476
16478
16480
16483
16485
16487
16489
16491
16493
16495
16497
16499
16501
16503
16505
16507
16510
16512
16514
16516
16518
16520
16522
16524
16526
16528
16530
16532
16534
16536
16538
16540
16542
16544
16546
16548
16550
16552
16554
16556
16558
16560
16562
16565
16567
16569
16571
16573
16575
16577
16579
16581
16583
16585
16587
16589
16591
16593
16595
16597
16599
16601
16603
16605
16607
16609
16611
16613
16615
16617
16620
16621
16623
16625
16627
16629
16631
16633
16635
16637
16639
16641
16643
16645
16647
16648
16650
16652
16654
16656
16658
16660
16662
16664
16666
16668
16670
16672
16674
16675
16677
16679
16681
16683
16685
16687
16689
16691
16693
16695
16697
16699
16701
16702
16704
16706
16708
16710
16712
16714
16716
16718
16720
16722
16724
16726
16728
16730
16731
16733
16735
16737
16739
16741
16743
16745
16747
16749
16751
16753
16755
16757
16759
16761
16763
16765
16767
16769
16771
16773
16775
16777
16779
16781
16783
16785
16786
16788
16790
16792
16794
16796
16798
16800
16802
16804
16806
16808
16810
16812
16814
16816
16818
16820
16822
16824
16826
16828
16830
16832
16834
16836
16838
16840
16842
16844
16846
16849
16851
16853
16855
16858
16860
16862
16865
16867
16869
16871
16874
16876
16878
16880
16883
16885
16887
16890
16892
16894
16896
16899
16901
16903
16905
16908
16910
16912
16915
16917
16919
16921
16924
16926
16928
16930
16933
16935
16937
16940
16942
16945
16948
16950
16953
16956
16958
16961
16964
16966
16969
16972
16974
16977
16980
16982
16985
16988
16990
16993
16996
16999
17001
17004
17007
17009
17012
17015
17017
17020
17023
17025
17028
17031
17033
17036
17039
17041
17044
17047
17050
17052
17055
17057
17060
17063
17065
17068
17071
17073
17076
17078
17081
17084
17086
17089
17092
17094
17097
17100
17102
17105
17107
17110
17113
17115
17118
17121
17123
17126
17128
17131
17134
17136
17139
17142
17144
17147
17150
17152
17155
17158
17160
17163
17166
17168
17171
17174
17176
17179
17182
17184
17187
17190
17192
17195
17198
17200
17203
17206
17209
17211
17214
17217
17219
17222
17225
17227
17230
17233
17235
17238
17241
17243
17246
17249
17251
17254
17257
17260
17262
17265
17268
17270
17273
17276
17278
17281
17284
17286
17289
17292
17294
17297
17300
17302
17305
17308
17310
17313
17316
17319
17321
17324
17327
17329
17332
17335
17337
17340
17343
17345
17348
17351
17353
17356
17359
17361
17364
17367
17370
17373
17376
17379
17382
17385
17388
17391
17394
17397
17400
17403
17406
17409
17412
17415
17418
17421
17425
17428
17431
17434
17437
17440
17443
17446
17449
17452
17455
17458
17461
17464
17467
17470
17473
17476
17480
17483
17486
17489
17492
17495
17498
17502
17505
17508
17511
17514
17517
17520
17524
17527
17530
17533
17536
17539
17542
17546
17549
17552
17555
17558
17561
17564
17568
17571
17574
17577
17580
17583
17586
17590
17593
17596
17600
17603
17606
17610
17613
17616
17620
17623
17626
17630
17633
17636
17640
17643
17646
17650
17653
17656
17660
17663
17666
17670
17673
17676
17680
17683
17686
17690
17692
17695
17697
17700
17703
17705
17708
17710
17713
17716
17718
17721
17724
17726
17729
17731
17734
17737
17739
17742
17745
17747
17750
17752
17755
17758
17760
17763
17765
17768
17771
17773
17776
17779
17781
17784
17786
17789
17792
17794
17797
17800
17802
17805
17807
17810
17813
17815
17818
17821
17823
17826
17828
17831
17834
17836
17839
17842
17844
17847
17850
17852
17855
17857
17860
17863
17865
17868
17871
17873
17876
17878
17881
17884
17886
17889
17892
17894
17897
17900
17902
17905
17908
17911
17914
17917
17920
17923
17926
17928
17931
17934
17937
17940
17943
17946
17949
17952
17955
17957
17960
17963
17966
17969
17972
17975
17978
17981
17983
17986
17989
17992
17995
17998
18001
18004
18007
18010
18012
18015
18018
18021
18024
18027
18030
18033
18036
18038
18041
18044
18047
18050
18053
18056
18059
18062
18065
18067
18070
18073
18076
18079
18082
18085
18088
18091
18093
18096
18099
18102
18105
18108
18111
18114
18117
18120
18122
18125
18128
18130
18133
18136
18138
18141
18144
18146
18149
18152
18154
18157
18160
18162
18165
18168
18170
18173
18176
18179
18181
18184
18187
18189
18192
18195
18197
18200
18203
18205
18208
18211
18213
18216
18219
18221
18224
18227
18230
18233
18236
18239
18242
18245
18248
18251
18254
18257
18260
18263
18266
18269
18272
18275
18278
18281
18285
18288
18291
18294
18297
18300
18303
18306
18309
18312
18315
18318
18321
18324
18327
18330
18333
18336
18340
18342
18345
18348
18350
18353
18356
18358
18361
18364
18367
18369
18372
18375
18377
18380
18383
18385
18388
18391
18394
18396
18399
18402
18404
18407
18410
18412
18415
18418
18421
18423
18426
18429
18431
18434
18437
18440
18442
18445
18448
18451
18454
18457
18460
18463
18466
18468
18471
18474
18477
18480
18483
18486
18489
18492
18495
18497
18500
18503
18506
18509
18512
18515
18518
18521
18523
18526
18529
18532
18535
18538
18541
18544
18547
18550
18553
18556
18559
18562
18565
18568
18571
18574
18577
18580
18583
18586
18589
18592
18595
18598
18601
18604
18607
18610
18613
18616
18619
18622
18625
18628
18631
18634
18637
18640
18643
18646
18650
18652
18655
18658
18660
18663
18666
18669
18672
18674
18677
18680
18683
18685
18688
18691
18694
18696
18699
18702
18705
18707
18710
18713
18716
18718
18721
18724
18727
18729
18732
18735
18738
18740
18743
18746
18749
18751
18754
18757
18760
18762
18765
18768
18771
18773
18776
18779
18782
18784
18787
18790
18793
18795
18798
18801
18804
18806
18809
18812
18815
18817
18820
18823
18826
18828
18831
18834
18837
18839
18842
18845
18848
18850
18853
18856
18859
18861
18864
18867
18870
18872
18875
18878
18881
18884
18887
18890
18893
18896
18899
18902
18905
18908
18911
18914
18917
18920
18923
18926
18929
18932
18935
18938
18941
18944
18947
18950
18953
18956
18959
18962
18965
18968
18971
18974
18977
18980
18982
18985
18988
18991
18993
18996
18999
19002
19004
19007
19010
19013
19015
19018
19021
19024
19026
19029
19032
19035
19037
19040
19043
19046
19048
19051
19054
19057
19059
19062
19065
19068
19070
19073
19076
19079
19081
19084
19087
19090
19093
19096
19099
19102
19105
19108
19111
19115
19118
19121
19124
19127
19130
19133
19136
19140
19143
19146
19149
19152
19155
19158
19161
19165
19168
19171
19174
19177
19180
19183
19186
19190
19192
19194
19196
19198
19200
19202
19204
19206
19208
19210
19212
19214
19216
19218
19220
19222
19224
19226
19228
19230
19232
19234
19236
19238
19240
19242
19244
19246
19248
19250
19252
19254
19256
19258
19260
19262
19264
19266
19268
19270
19272
19274
19276
19278
19280
19282
19284
19286
19288
19290
19292
19294
19296
19298
19300
19302
19304
19306
19308
19310
19313
19315
19317
19319
19321
19323
19326
19328
19330
19332
19334
19336
19339
19341
19343
19345
19347
19350
19352
19354
19356
19358
19360
19363
19365
19367
19369
19371
19373
19376
19378
19380
19382
19384
19386
19389
19391
19393
19395
19397
19400
19402
19404
19407
19409
19412
19414
19417
19419
19422
19424
19426
19429
19431
19434
19436
19439
19441
19444
19446
19448
19451
19453
19456
19458
19461
19463
19466
19468
19470
19473
19475
19478
19480
19483
19485
19488
19490
19492
19495
19497
19500
19502
19505
19507
19510
19512
19515
19518
19521
19524
19527
19530
19533
19536
19538
19541
19544
19547
19550
19553
19556
19559
19562
19565
19567
19570
19573
19576
19579
19582
19585
19588
19591
19593
19596
19599
19602
19605
19608
19611
19614
19617
19620
19622
19625
19628
19631
19634
19636
19639
19642
19645
19648
19651
19653
19656
19659
19662
19665
19667
19670
19673
19676
19679
19682
19684
19687
19690
19693
19696
19698
19701
19704
19707
19710
19713
19715
19718
19721
19724
19727
19730
19732
19735
19738
19741
19744
19747
19750
19753
19756
19759
19762
19765
19768
19771
19774
19777
19780
19783
19786
19789
19792
19795
19798
19801
19804
19807
19810
19813
19816
19819
19822
19825
19828
19831
19834
19837
19840
19843
19846
19849
19852
19856
19859
19862
19865
19869
19872
19875
19878
19882
19885
19888
19891
19895
19898
19901
19904
19907
19911
19914
19917
19920
19924
19927
19930
19933
19937
19940
19943
19946
19950
19952
19954
19956
19958
19960
19962
19964
19966
19969
19971
19973
19975
19977
19979
19981
19983
19985
19988
19990
19992
19994
19996
19998
20000
20002
20005
20007
20009
20011
20013
20015
20017
20019
20021
20024
20026
20028
20030
20032
20034
20036
20038
20040
20043
20045
20047
20049
20051
20053
20055
20057
20060
20062
20064
20066
20068
20071
20073
20075
20077
20080
20082
20084
20086
20088
20091
20093
20095
20097
20099
20102
20104
20106
20108
20111
20113
20115
20117
20120
20122
20124
20126
20128
20131
20133
20135
20137
20140
20142
20144
20146
20148
20151
20153
20155
20157
20160
20162
20164
20166
20168
20170
20172
20174
20176
20178
20180
20182
20184
20186
20189
20191
20193
20195
20197
20199
20201
20203
20205
20207
20209
20211
20213
20216
20218
20220
20222
20224
20226
20228
20230
20232
20234
20236
20238
20240
20243
20245
20247
20249
20251
20253
20255
20257
20259
20261
20263
20265
20267
20270
20272
20275
20278
20281
20284
20287
20290
20292
20295
20298
20301
20304
20307
20310
20312
20315
20318
20321
20324
20327
20330
20332
20335
20338
20341
20344
20347
20350
20352
20355
20358
20361
20364
20367
20370
20372
20375
20378
20381
20383
20386
20389
20392
20394
20397
20400
20403
20405
20408
20411
20414
20416
20419
20422
20425
20427
20430
20433
20436
20438
20441
20444
20447
20449
20452
20455
20458
20460
20463
20466
20469
20471
20474
20477
20480
20482
20485
20488
20491
20493
20496
20499
20502
20504
20507
20510
20513
20515
20518
20521
20524
20526
20529
20532
20535
20537
20540
20543
20546
20548
20551
20554
20557
20559
20562
20565
20568
20570
20573
20576
20579
20581
20584
20587
20590
20592
20595
20598
20601
20604
20607
20610
20613
20616
20619
20622
20625
20628
20631
20634
20637
20640
20642
20645
20648
20651
20654
20657
20660
20663
20666
20669
20672
20675
20678
20681
20684
20687
20690
20693
20696
20700
20703
20707
20710
20714
20717
20720
20724
20727
20731
20734
20738
20741
20745
20748
20751
20755
20758
20762
20765
20769
20772
20775
20779
20782
20786
20789
20793
20796
20800
20803
20806
20809
20812
20815
20818
20821
20824
20827
20830
20833
20836
20839
20842
20845
20848
20851
20854
20857
20860
20863
20866
20869
20872
20875
20878
20881
20884
20887
20890
20893
20896
20900
20902
20905
20907
20910
20912
20915
20917
20920
20923
20925
20928
20930
20933
20935
20938
20940
20943
20946
20948
20951
20953
20956
20958
20961
20963
20966
20969
20971
20974
20976
20979
20981
20984
20986
20989
20992
20994
20997
20999
21002
21004
21007
21010
21012
21015
21017
21020
21022
21025
21027
21030
21032
21035
21037
21040
21042
21045
21047
21050
21052
21055
21057
21060
21062
21065
21067
21070
21072
21075
21077
21080
21082
21085
21087
21090
21092
21095
21097
21100
21102
21105
21107
21110
21112
21115
21117
21120
21122
21125
21128
21130
21133
21136
21139
21141
21144
21147
21150
21152
21155
21158
21160
21163
21166
21169
21171
21174
21177
21180
21182
21185
21188
21190
21193
21196
21199
21201
21204
21207
21210
21212
21215
21218
21220
21223
21226
21229
21231
21234
21237
21240
21242
21244
21247
21250
21252
21255
21257
21259
21262
21265
21267
21270
21272
21275
21277
21280
21282
21285
21287
21290
21292
21295
21297
21300
21302
21305
21307
21310
21312
21315
21317
21320
21322
21325
21327
21330
21332
21335
21337
21340
21342
21345
21347
21350
21352
21354
21357
21359
21361
21364
21366
21369
21371
21373
21376
21378
21380
21383
21385
21388
21390
21392
21395
21397
21400
21402
21404
21407
21409
21411
21414
21416
21419
21421
21423
21426
21428
21430
21433
21435
21438
21440
21442
21445
21447
21450
21451
21453
21455
21457
21459
21461
21463
21465
21467
21469
21471
21473
21475
21477
21478
21480
21482
21484
21486
21488
21490
21492
21494
21496
21498
21500
21502
21504
21505
21507
21509
21511
21513
21515
21517
21519
21521
21523
21525
21527
21529
21531
21532
21534
21536
21538
21540
21542
21544
21546
21548
21550
21552
21554
21556
21558
21560
21562
21565
21568
21570
21573
21576
21578
21581
21584
21587
21589
21592
21595
21597
21600
21603
21605
21608
21611
21614
21616
21619
21622
21624
21627
21630
21632
21635
21638
21641
21643
21646
21649
21651
21654
21657
21660
21662
21665
21668
21670
21673
21676
21678
21681
21684
21686
21689
21692
21694
21697
21700
21702
21705
21708
21710
21713
21716
21719
21721
21724
21727
21729
21732
21735
21737
21740
21743
21745
21748
21751
21753
21756
21759
21761
21764
21767
21770
21772
21775
21778
21781
21784
21787
21790
21792
21795
21798
21801
21804
21807
21810
21812
21815
21818
21821
21824
21827
21830
21832
21835
21838
21841
21844
21847
21850
21852
21855
21858
21861
21864
21867
21870
21872
21875
21878
21880
21883
21886
21888
21891
21894
21896
21899
21902
21904
21907
21910
21912
21915
21918
21920
21923
21926
21929
21931
21934
21937
21939
21942
21945
21947
21950
21953
21955
21958
21961
21963
21966
21969
21971
21974
21977
21980
21982
21985
21987
21990
21993
21995
21998
22000
22003
22006
22008
22011
22014
22016
22019
22021
22024
22027
22029
22032
22035
22037
22040
22042
22045
22048
22050
22053
22055
22058
22061
22063
22066
22069
22071
22074
22076
22079
22082
22084
22087
22090
22092
22095
22098
22100
22103
22106
22108
22111
22114
22117
22119
22122
22125
22127
22130
22133
22135
22138
22141
22144
22146
22149
22152
22154
22157
22160
22162
22165
22168
22171
22173
22176
22179
22181
22184
22187
22190
22192
22195
22197
22200
22202
22205
22207
22210
22212
22215
22218
22220
22223
22225
22228
22230
22233
22235
22238
22241
22243
22246
22248
22251
22253
22256
22258
22261
22264
22266
22269
22271
22274
22276
22279
22281
22284
22287
22289
22292
22294
22297
22299
22302
22304
22307
22310
22312
22315
22318
22320
22323
22326
22328
22331
22334
22337
22339
22342
22345
22347
22350
22353
22355
22358
22361
22364
22366
22369
22372
22374
22377
22380
22382
22385
22388
22391
22393
22396
22399
22401
22404
22407
22410
22412
22415
22418
22421
22424
22427
22430
22433
22436
22438
22441
22444
22447
22450
22453
22456
22459
22462
22465
22467
22470
22473
22476
22479
22482
22485
22488
22491
22493
22496
22499
22502
22505
22508
22511
22514
22517
22520
22522
22525
22527
22530
22532
22535
22537
22540
22543
22545
22548
22550
22553
22555
22558
22561
22563
22566
22568
22571
22573
22576
22578
22581
22584
22586
22589
22591
22594
22596
22599
22602
22604
22607
22609
22612
22614
22617
22620
22622
22625
22628
22631
22634
22636
22639
22642
22645
22648
22651
22653
22656
22659
22662
22665
22667
22670
22673
22676
22679
22682
22684
22687
22690
22693
22696
22698
22701
22704
22707
22710
22713
22715
22718
22721
22724
22727
22730
22732
22734
22737
22739
22741
22744
22746
22748
22751
22753
22755
22758
22760
22762
22765
22767
22769
22772
22774
22776
22779
22781
22783
22786
22788
22790
22793
22795
22797
22800
22802
22804
22807
22809
22811
22814
22816
22818
22821
22823
22825
22828
22830
22832
22835
22837
22840
22842
22845
22847
22850
22852
22855
22857
22860
22863
22865
22868
22870
22873
22875
22878
22881
22883
22886
22888
22891
22893
22896
22898
22901
22904
22906
22909
22911
22914
22916
22919
22922
22924
22927
22929
22932
22934
22937
22940
22942
22945
22948
22951
22954
22956
22959
22962
22965
22968
22971
22973
22976
22979
22982
22985
22987
22990
22993
22996
22999
23002
23004
23007
23010
23013
23016
23018
23021
23024
23027
23030
23033
23035
23038
23041
23044
23047
23050
23053
23056
23059
23062
23065
23068
23071
23075
23078
23081
23084
23087
23090
23093
23096
23100
23103
23106
23109
23112
23115
23118
23121
23125
23128
23131
23134
23137
23140
23143
23146
23150
23153
23156
23159
23162
23166
23169
23172
23175
23179
23182
23185
23188
23192
23195
23198
23201
23205
23208
23211
23214
23217
23221
23224
23227
23230
23234
23237
23240
23243
23247
23250
23253
23256
23260
23263
23266
23269
23272
23275
23278
23282
23285
23288
23291
23294
23297
23301
23304
23307
23310
23313
23316
23320
23323
23326
23329
23332
23335
23338
23342
23345
23348
23351
23354
23357
23361
23364
23367
23370
23373
23376
23380
23382
23385
23387
23390
23393
23395
23398
23400
23403
23406
23408
23411
23414
23416
23419
23421
23424
23427
23429
23432
23435
23437
23440
23442
23445
23448
23450
23453
23455
23458
23461
23463
23466
23469
23471
23474
23476
23479
23482
23484
23487
23490
23492
23495
23498
23501
23504
23507
23510
23513
23516
23518
23521
23524
23527
23530
23533
23536
23539
23542
23545
23547
23550
23553
23556
23559
23562
23565
23568
23571
23573
23576
23579
23582
23585
23588
23591
23594
23597
23600
23603
23606
23610
23613
23616
23620
23623
23626
23630
23633
23636
23640
23643
23646
23650
23653
23656
23660
23663
23666
23670
23673
23676
23680
23683
23686
23689
23693
23696
23700
23703
23706
23709
23712
23715
23718
23721
23724
23727
23730
23733
23736
23739
23742
23745
23748
23751
23755
23758
23761
23764
23767
23770
23773
23776
23779
23782
23785
23788
23791
23794
23797
23800
23803
23806
23810
23813
23816
23819
23822
23825
23828
23831
23834
23837
23840
23843
23846
23849
23852
23855
23858
23861
23864
23867
23870
23873
23876
23879
23882
23885
23888
23891
23894
23897
23900
23903
23906
23910
23913
23916
23919
23922
23925
23928
23932
23935
23938
23941
23944
23947
23950
23954
23957
23960
23963
23966
23969
23972
23976
23979
23982
23985
23988
23991
23994
23998
24001
24004
24007
24010
24013
24016
24020
24023
24026
24029
24032
24035
24038
24041
24044
24047
24050
24053
24056
24059
24062
24065
24068
24071
24074
24077
24080
24083
24086
24089
24092
24095
24098
24101
24104
24107
24110
24113
24116
24120
24122
24125
24128
24131
24134
24136
24139
24142
24145
24148
24151
24153
24156
24159
24162
24165
24167
24170
24173
24176
24179
24182
24184
24187
24190
24193
24196
24198
24201
24204
24207
24210
24213
24215
24218
24221
24224
24227
24230
24233
24237
24241
24245
24249
24253
24257
24261
24265
24269
24273
24277
24281
24285
24288
24292
24296
24300
24304
24308
24312
24316
24320
24324
24328
24332
24336
24340
24343
24346
24349
24352
24355
24358
24361
24365
24368
24371
24374
24377
24380
24383
24386
24390
24393
24396
24399
24402
24405
24408
24411
24415
24418
24421
24424
24427
24430
24433
24436
24440
24443
24447
24451
24455
24458
24462
24466
24470
24473
24477
24481
24485
24488
24492
24496
24500
24503
24507
24511
24515
24518
24522
24526
24530
24533
24537
24541
24544
24548
24552
24556
24560
24562
24565
24568
24570
24573
24576
24578
24581
24584
24587
24589
24592
24595
24597
24600
24603
24605
24608
24611
24614
24616
24619
24622
24624
24627
24630
24632
24635
24638
24641
24643
24646
24649
24651
24654
24657
24660
24662
24665
24668
24671
24674
24677
24680
24683
24686
24688
24691
24694
24697
24700
24703
24706
24709
24712
24715
24717
24720
24723
24726
24729
24732
24735
24738
24741
24743
24746
24749
24752
24755
24758
24761
24764
24767
24770
24773
24776
24779
24782
24785
24788
24791
24794
24797
24800
24803
24806
24809
24812
24815
24818
24821
24824
24827
24830
24833
24836
24839
24842
24845
24848
24851
24854
24857
24860
24863
24866
24870
24872
24875
24878
24881
24884
24886
24889
24892
24895
24898
24901
24903
24906
24909
24912
24915
24917
24920
24923
24926
24929
24932
24934
24937
24940
24943
24946
24948
24951
24954
24957
24960
24963
24965
24968
24971
24974
24977
24980
24982
24985
24988
24990
24993
24996
24998
25001
25004
25006
25009
25012
25014
25017
25020
25022
25025
25028
25030
25033
25036
25039
25041
25044
25047
25049
25052
25055
25057
25060
25063
25065
25068
25071
25073
25076
25079
25081
25084
25087
25090
25093
25096
25099
25102
25106
25109
25112
25115
25119
25122
25125
25128
25131
25135
25138
25141
25144
25148
25151
25154
25157
25160
25164
25167
25170
25173
25177
25180
25183
25186
25190
25193
25196
25199
25202
25205
25208
25212
25215
25218
25221
25224
25227
25231
25234
25237
25240
25243
25246
25250
25253
25256
25259
25262
25265
25268
25272
25275
25278
25281
25284
25287
25291
25294
25297
25300
25303
25306
25310
25312
25315
25318
25321
25323
25326
25329
25332
25335
25337
25340
25343
25346
25348
25351
25354
25357
25360
25362
25365
25368
25371
25373
25376
25379
25382
25384
25387
25390
25393
25396
25398
25401
25404
25407
25410
25412
25414
25417
25419
25421
25424
25426
25429
25431
25433
25436
25438
25441
25443
25445
25448
25450
25453
25455
25457
25460
25462
25465
25467
25469
25472
25474
25476
25479
25481
25484
25486
25488
25491
25493
25496
25498
25500
25503
25505
25508
25510
25512
25515
25517
25520
25521
25523
25525
25527
25529
25531
25533
25535
25537
25539
25541
25543
25545
25547
25549
25551
25553
25555
25557
25559
25561
25563
25565
25567
25569
25570
25572
25574
25576
25578
25580
25582
25584
25586
25588
25590
25592
25594
25596
25598
25600
25602
25604
25606
25608
25610
25612
25614
25616
25618
25620
25622
25624
25626
25629
25631
25633
25636
25638
25640
25642
25645
25647
25649
25652
25654
25656
25658
25661
25663
25665
25668
25670
25672
25675
25677
25679
25681
25684
25686
25688
25691
25693
25695
25697
25700
25702
25704
25707
25709
25711
25713
25716
25718
25720
25723
25725
25727
25730
25732
25734
25737
25739
25741
25744
25746
25748
25751
25753
25755
25758
25760
25762
25765
25767
25769
25772
25774
25776
25779
25781
25783
25786
25788
25790
25793
25795
25797
25800
25802
25804
25807
25809
25811
25814
25816
25818
25821
25823
25825
25828
25830
25832
25835
25837
25840
25842
25845
25848
25851
25854
25857
25860
25862
25865
25868
25871
25874
25877
25880
25882
25885
25888
25891
25894
25897
25900
25902
25905
25908
25911
25914
25917
25920
25922
25925
25928
25931
25934
25937
25940
25942
25945
25947
25950
25952
25955
25957
25960
25962
25965
25967
25970
25972
25975
25977
25980
25982
25985
25987
25990
25992
25995
25997
26000
26002
26005
26007
26010
26012
26015
26017
26020
26022
26025
26027
26030
26032
26035
26037
26040
26042
26045
26047
26050
26052
26055
26058
26061
26064
26067
26070
26073
26076
26079
26082
26085
26088
26091
26094
26097
26100
26102
26105
26108
26111
26114
26117
26120
26123
26126
26129
26132
26135
26138
26141
26144
26147
26150
26152
26155
26157
26160
26163
26165
26168
26170
26173
26176
26178
26181
26184
26186
26189
26191
26194
26197
26199
26202
26205
26207
26210
26212
26215
26218
26220
26223
26225
26228
26231
26233
26236
26239
26241
26244
26246
26249
26252
26254
26257
26260
26263
26266
26269
26272
26276
26279
26282
26285
26289
26292
26295
26298
26302
26305
26308
26311
26315
26318
26321
26324
26327
26331
26334
26337
26340
26344
26347
26350
26353
26357
26360
26363
26366
26370
26372
26375
26378
26380
26383
26386
26388
26391
26394
26396
26399
26402
26404
26407
26410
26412
26415
26418
26420
26423
26426
26429
26431
26434
26437
26439
26442
26445
26447
26450
26453
26455
26458
26461
26463
26466
26469
26471
26474
26477
26480
26482
26485
26488
26491
26494
26496
26499
26502
26505
26508
26511
26513
26516
26519
26522
26525
26527
26530
26533
26536
26539
26542
26544
26547
26550
26553
26556
26558
26561
26564
26567
26570
26573
26575
26578
26581
26584
26587
26590
26592
26594
26596
26599
26601
26603
26605
26608
26610
26612
26615
26617
26619
26621
26624
26626
26628
26630
26633
26635
26637
26640
26642
26644
26646
26649
26651
26653
26655
26658
26660
26662
26665
26667
26669
26671
26674
26676
26678
26680
26683
26685
26687
26690
26692
26695
26697
26700
26702
26705
26707
26710
26713
26715
26718
26720
26723
26725
26728
26730
26733
26736
26738
26741
26743
26746
26748
26751
26753
26756
26759
26761
26764
26766
26769
26771
26774
26776
26779
26782
26784
26787
26789
26792
26794
26797
26800
26802
26805
26808
26811
26814
26816
26819
26822
26825
26828
26831
26833
26836
26839
26842
26845
26847
26850
26853
26856
26859
26862
26864
26867
26870
26873
26876
26878
26881
26884
26887
26890
26893
26895
26898
26901
26904
26907
26910
26912
26914
26916
26919
26921
26923
26926
26928
26930
26932
26935
26937
26939
26942
26944
26946
26948
26951
26953
26955
26958
26960
26962
26965
26967
26969
26971
26974
26976
26978
26981
26983
26985
26987
26990
26992
26994
26997
26999
27001
27003
27006
27008
27010
27013
27015
27017
27020
27022
27025
27028
27031
27034
27037
27040
27043
27046
27049
27052
27055
27058
27061
27064
27067
27070
27072
27075
27078
27081
27084
27087
27090
27093
27096
27099
27102
27105
27108
27111
27114
27117
27120
27122
27124
27127
27129
27131
27134
27136
27138
27141
27143
27145
27148
27150
27152
27155
27157
27160
27162
27164
27167
27169
27171
27174
27176
27178
27181
27183
27185
27188
27190
27192
27195
27197
27200
27202
27204
27207
27209
27211
27214
27216
27218
27221
27223
27225
27228
27230
27232
27235
27237
27240
27242
27244
27247
27250
27252
27255
27257
27259
27262
27265
27267
27270
27272
27275
27277
27280
27282
27285
27287
27290
27292
27295
27297
27300
27302
27305
27307
27310
27312
27315
27317
27320
27322
27325
27327
27330
27332
27335
27337
27340
27342
27345
27347
27350
27352
27354
27357
27359
27361
27364
27366
27369
27371
27373
27376
27378
27380
27383
27385
27388
27390
27392
27395
27397
27400
27402
27404
27407
27409
27411
27414
27416
27419
27421
27423
27426
27428
27430
27433
27435
27438
27440
27442
27445
27447
27450
27452
27455
27458
27461
27464
27467
27470
27473
27476
27479
27482
27485
27488
27491
27494
27497
27500
27503
27506
27509
27512
27515
27518
27521
27524
27527
27530
27533
27536
27539
27542
27545
27548
27551
27554
27557
27560
27563
27566
27569
27572
27575
27578
27581
27585
27588
27591
27594
27597
27600
27603
27606
27610
27613
27616
27619
27622
27625
27628
27631
27634
27638
27641
27644
27647
27650
27653
27656
27660
27662
27665
27668
27671
27674
27677
27680
27683
27686
27689
27692
27695
27698
27701
27704
27707
27710
27713
27716
27719
27722
27725
27728
27731
27734
27737
27740
27743
27746
27749
27752
27755
27758
27761
27764
27767
27770
27772
27775
27778
27780
27783
27786
27788
27791
27794
27796
27799
27802
27804
27807
27810
27812
27815
27818
27820
27823
27826
27829
27831
27834
27837
27839
27842
27845
27847
27850
27853
27855
27858
27861
27863
27866
27869
27871
27874
27877
27880
27883
27886
27889
27892
27895
27898
27901
27904
27907
27910
27913
27916
27919
27923
27926
27929
27932
27935
27938
27941
27944
27947
27950
27953
27956
27960
27963
27966
27969
27972
27975
27978
27981
27984
27987
27990
27993
27996
28000
28002
28005
28008
28011
28014
28017
28020
28022
28025
28028
28031
28034
28037
28040
28042
28045
28048
28051
28054
28057
28060
28062
28065
28068
28071
28074
28077
28080
28082
28085
28088
28091
28094
28097
28100
28102
28105
28108
28111
28114
28117
28120
28123
28126
28129
28132
28135
28138
28141
28144
28147
28150
28153
28156
28159
28162
28165
28168
28171
28175
28178
28181
28184
28187
28190
28193
28196
28199
28202
28205
28208
28211
28214
28217
28220
28223
28226
28230
28232
28235
28238
28241
28244
28247
28250
28253
28256
28259
28262
28265
28268
28271
28274
28277
28280
28283
28286
28289
28292
28295
28298
28301
28304
28307
28310
28313
28316
28319
28322
28325
28328
28331
28334
28337
28340
28342
28345
28348
28351
28354
28357
28360
28363
28366
28369
28372
28375
28378
28381
28384
28387
28390
28392
28395
28398
28401
28404
28407
28410
28413
28416
28419
28422
28425
28428
28431
28434
28437
28440
28443
28446
28449
28452
28456
28459
28462
28465
28469
28472
28475
28478
28482
28485
28488
28491
28495
28498
28501
28504
28507
28511
28514
28517
28520
28524
28527
28530
28533
28537
28540
28543
28546
28550
28552
28555
28557
28560
28562
28565
28567
28570
28572
28575
28577
28580
28582
28585
28587
28590
28592
28595
28597
28600
28602
28605
28607
28610
28612
28615
28617
28619
28622
28625
28627
28630
28632
28634
28637
28640
28642
28645
28647
28650
28652
28654
28656
28658
28660
28663
28665
28667
28669
28672
28674
28676
28678
28680
28683
28685
28687
28689
28691
28694
28696
28698
28700
28702
28705
28707
28709
28711
28713
28716
28718
28720
28722
28724
28727
28729
28731
28733
28735
28738
28740
28742
28744
28746
28749
28751
28753
28755
28757
28760
28761
28763
28765
28766
28768
28770
28771
28773
28775
28776
28778
28780
28782
28783
28785
28787
28788
28790
28792
28793
28795
28797
28798
28800
28802
28804
28805
28807
28809
28810
28812
28814
28815
28817
28819
28820
28822
28824
28826
28827
28829
28831
28832
28834
28836
28837
28839
28841
28842
28844
28846
28848
28849
28851
28853
28854
28856
28858
28859
28861
28863
28864
28866
28868
28870
28872
28874
28876
28878
28880
28882
28884
28886
28888
28890
28892
28894
28896
28899
28901
28903
28905
28907
28909
28911
28913
28915
28917
28919
28921
28923
28926
28928
28930
28932
28934
28936
28938
28940
28942
28944
28946
28948
28950
28953
28955
28957
28959
28961
28963
28965
28967
28969
28971
28973
28975
28977
28980
28982
28985
28987
28990
28992
28995
28997
29000
29003
29005
29008
29010
29013
29015
29018
29020
29023
29026
29028
29031
29033
29036
29038
29041
29043
29046
29049
29051
29054
29056
29059
29061
29064
29066
29069
29072
29074
29077
29079
29082
29084
29087
29090
29092
29094
29097
29099
29102
29104
29107
29109
29112
29114
29116
29119
29121
29124
29126
29129
29131
29134
29136
29138
29141
29143
29146
29148
29151
29153
29156
29158
29160
29163
29165
29168
29170
29173
29175
29178
29180
29182
29185
29187
29190
29192
29195
29197
29200
29202
29205
29207
29210
29212
29215
29217
29220
29222
29225
29228
29230
29233
29235
29238
29240
29243
29245
29248
29251
29253
29256
29258
29261
29263
29266
29268
29271
29274
29276
29279
29281
29284
29286
29289
29291
29294
29297
29299
29302
29304
29307
29309
29312
29314
29317
29320
29322
29325
29328
29330
29333
29336
29338
29341
29344
29347
29349
29352
29355
29357
29360
29363
29365
29368
29371
29374
29376
29379
29382
29384
29387
29390
29392
29395
29398
29401
29403
29406
29409
29411
29414
29417
29420
29422
29425
29428
29431
29434
29437
29440
29442
29445
29448
29451
29454
29457
29460
29462
29465
29468
29471
29474
29477
29480
29482
29485
29488
29491
29494
29497
29500
29502
29505
29508
29511
29514
29517
29520
29522
29525
29528
29531
29534
29537
29540
29542
29544
29547
29550
29552
29555
29557
29560
29562
29564
29567
29570
29572
29575
29577
29580
29582
29585
29587
29590
29592
29595
29597
29600
29602
29605
29607
29610
29612
29615
29617
29620
29622
29625
29627
29630
29632
29635
29637
29640
29642
29645
29648
29651
29653
29656
29659
29662
29664
29667
29670
29673
29675
29678
29681
29684
29686
29689
29692
29695
29697
29700
29703
29706
29708
29711
29714
29717
29719
29722
29725
29728
29730
29733
29736
29739
29741
29744
29747
29750
29752
29754
29757
29759
29761
29764
29766
29768
29771
29773
29775
29778
29780
29782
29785
29787
29789
29792
29794
29796
29799
29801
29803
29806
29808
29810
29813
29815
29817
29820
29822
29824
29827
29829
29831
29834
29836
29838
29841
29843
29845
29848
29850
29852
29855
29857
29860
29862
29864
29866
29869
29871
29873
29876
29878
29880
29883
29885
29887
29890
29892
29894
29897
29899
29901
29904
29906
29908
29911
29913
29915
29918
29920
29922
29925
29927
29929
29932
29934
29936
29939
29941
29943
29946
29948
29950
29953
29955
29957
29960
