0.05 19648.00
0.16 19648.00
0.27 19648.00
0.39 19648.00
0.50 19648.00
0.60 16817.80
0.70 16817.80
0.81 16817.80
0.91 16817.80
1.02 16817.80
1.12 16817.80
1.22 16817.80
1.33 16817.80
1.43 16817.80
1.54 16817.80
1.66 18642.30
1.79 18642.30
1.91 18642.30
2.04 18642.30
2.16 18642.30
2.29 18642.30
2.41 18642.30
2.54 18642.30
2.66 18642.30
2.79 18642.30
2.89 25444.80
2.99 25444.80
3.09 25444.80
3.19 25444.80
3.30 25444.80
3.40 25444.80
3.50 25444.80
3.60 25444.80
3.70 25444.80
3.81 25444.80
3.91 23009.30
4.01 23009.30
4.11 23009.30
4.21 23009.30
4.32 23009.30
4.42 23009.30
4.52 23009.30
4.62 23009.30
4.72 23009.30
4.83 23009.30
4.93 16914.20
5.04 16914.20
5.15 16914.20
5.26 16914.20
5.37 16914.20
5.47 16914.20
5.58 16914.20
5.69 16914.20
5.80 16914.20
5.90 16914.20
6.00 17373.60
6.10 17373.60
6.20 17373.60
6.30 17373.60
6.41 17373.60
6.51 17373.60
6.61 17373.60
6.71 17373.60
6.81 17373.60
6.91 17373.60
7.01 14302.80
7.11 14302.80
7.21 14302.80
7.31 14302.80
7.41 14302.80
7.51 14302.80
7.61 14302.80
7.71 14302.80
7.81 14302.80
7.91 14302.80
8.02 14924.00
8.12 14924.00
8.22 14924.00
8.32 14924.00
8.42 14924.00
8.52 14924.00
8.62 14924.00
8.72 14924.00
8.82 14924.00
8.92 14924.00
9.02 14781.00
9.12 14781.00
9.22 14781.00
9.32 14781.00
9.42 14781.00
9.52 14781.00
9.62 14781.00
9.72 14781.00
9.82 14781.00
9.93 14781.00
10.04 17084.30
10.16 17084.30
10.28 17084.30
10.40 17084.30
10.52 17084.30
10.64 17084.30
10.76 17084.30
10.88 17084.30
11.00 17084.30
11.12 17084.30
11.22 16279.20
11.32 16279.20
11.42 16279.20
11.52 16279.20
11.63 16279.20
11.73 16279.20
11.83 16279.20
11.93 16279.20
12.03 16279.20
12.14 16279.20
12.24 8026.00
12.34 8026.00
12.44 8026.00
12.54 8026.00
12.64 8026.00
12.74 8026.00
12.84 8026.00
12.94 8026.00
13.04 8026.00
13.14 8026.00
13.25 6566.40
13.35 6566.40
13.45 6566.40
13.55 6566.40
13.65 6566.40
13.76 6566.40
13.86 6566.40
13.96 6566.40
14.06 6566.40
14.16 6566.40
14.27 3556.80
14.37 3556.80
14.47 3556.80
14.58 3556.80
14.68 3556.80
14.78 3556.80
14.89 3556.80
14.99 3556.80
15.09 3556.80
15.19 3556.80
15.30 2599.20
15.40 2599.20
15.51 2599.20
15.61 2599.20
15.71 2599.20
15.82 2599.20
15.92 2599.20
16.03 2599.20
16.13 2599.20
16.23 2599.20
16.34 1778.40
16.45 1778.40
16.56 1778.40
16.66 1778.40
16.77 1778.40
16.88 1778.40
16.98 1778.40
17.09 1778.40
17.20 1778.40
17.31 1778.40
17.42 1368.00
17.53 1368.00
17.64 1368.00
17.75 1368.00
17.86 1368.00
17.97 1368.00
18.08 1368.00
18.19 1368.00
18.30 1368.00
18.41 1368.00
18.51 1231.20
18.62 1231.20
18.72 1231.20
18.83 1231.20
18.94 1231.20
19.04 1231.20
19.15 1231.20
19.25 1231.20
19.36 1231.20
19.46 1231.20
19.56 1641.60
19.66 1641.60
19.76 1641.60
19.86 1641.60
19.96 1641.60
20.06 1641.60
20.16 1641.60
20.26 1641.60
20.36 1641.60
20.47 1641.60
20.57 1641.60
20.68 1641.60
20.79 1641.60
20.90 1641.60
21.01 1641.60
21.12 1641.60
21.23 1641.60
21.34 1641.60
21.45 1641.60
21.55 1641.60
22.15 136.80
22.75 136.80
23.35 136.80
23.95 136.80
24.55 136.80
25.15 136.80
25.75 136.80
26.35 136.80
26.95 136.80
27.55 136.80
27.81 414.90
28.07 414.90
28.34 414.90
28.60 414.90
28.87 414.90
29.13 414.90
29.40 414.90
29.66 414.90
29.92 414.90
