0.10 3967.20
0.20 3967.20
0.30 3967.20
0.40 3967.20
0.50 3967.20
0.60 3967.20
0.70 3967.20
0.80 3967.20
0.91 6019.20
1.01 6019.20
1.11 6019.20
1.21 6019.20
1.31 6019.20
1.42 6019.20
1.52 6019.20
1.62 6019.20
1.72 6019.20
1.82 6019.20
1.93 5198.40
2.03 5198.40
2.13 5198.40
2.23 5198.40
2.33 5198.40
2.44 5198.40
2.54 5198.40
2.64 5198.40
2.74 5198.40
2.84 5198.40
2.95 6703.20
3.05 6703.20
3.15 6703.20
3.25 6703.20
3.35 6703.20
3.46 6703.20
3.56 6703.20
3.66 6703.20
3.76 6703.20
3.86 6703.20
3.96 6429.60
4.06 6429.60
4.16 6429.60
4.26 6429.60
4.36 6429.60
4.46 6429.60
4.56 6429.60
4.66 6429.60
4.76 6429.60
4.86 6429.60
4.97 5939.20
5.07 5939.20
5.17 5939.20
5.27 5939.20
5.37 5939.20
5.48 5939.20
5.58 5939.20
5.68 5939.20
5.78 5939.20
5.88 5939.20
5.99 6703.20
6.09 6703.20
6.19 6703.20
6.30 6703.20
6.40 6703.20
6.50 6703.20
6.61 6703.20
6.71 6703.20
6.81 6703.20
6.91 6703.20
7.02 6840.00
7.12 6840.00
7.22 6840.00
7.32 6840.00
7.42 6840.00
7.53 6840.00
7.63 6840.00
7.73 6840.00
7.83 6840.00
7.93 6840.00
8.03 7113.60
8.14 7113.60
8.24 7113.60
8.34 7113.60
8.44 7113.60
8.54 7113.60
8.64 7113.60
8.74 7113.60
8.84 7113.60
8.94 7113.60
9.05 6703.20
9.15 6703.20
9.25 6703.20
9.35 6703.20
9.45 6703.20
9.56 6703.20
9.66 6703.20
9.76 6703.20
9.86 6703.20
9.96 6703.20
10.06 6840.00
10.17 6840.00
10.27 6840.00
10.37 6840.00
10.47 6840.00
10.57 6840.00
10.67 6840.00
10.77 6840.00
10.87 6840.00
10.97 6840.00
11.09 4844.80
11.21 4844.80
11.33 4844.80
11.45 4844.80
11.56 4844.80
11.68 4844.80
11.80 4844.80
11.92 4844.80
12.04 4844.80
12.15 4844.80
12.26 6292.80
12.36 6292.80
12.46 6292.80
12.56 6292.80
12.66 6292.80
12.77 6292.80
12.87 6292.80
12.97 6292.80
13.07 6292.80
13.17 6292.80
13.28 6019.20
13.38 6019.20
13.48 6019.20
13.58 6019.20
13.68 6019.20
13.79 6019.20
13.89 6019.20
13.99 6019.20
14.09 6019.20
14.19 6019.20
14.29 6566.40
14.40 6566.40
14.50 6566.40
14.60 6566.40
14.70 6566.40
14.80 6566.40
14.90 6566.40
15.00 6566.40
15.10 6566.40
15.20 6566.40
15.31 5885.60
15.41 5885.60
15.52 5885.60
15.62 5885.60
15.72 5885.60
15.83 5885.60
15.93 5885.60
16.04 5885.60
16.14 5885.60
16.24 5885.60
16.35 4374.40
16.45 4374.40
16.55 4374.40
16.65 4374.40
16.75 4374.40
16.86 4374.40
16.96 4374.40
17.06 4374.40
17.16 4374.40
17.26 4374.40
17.37 3423.20
17.47 3423.20
17.57 3423.20
17.67 3423.20
17.77 3423.20
17.88 3423.20
17.98 3423.20
18.08 3423.20
18.18 3423.20
18.28 3423.20
18.40 1912.00
18.52 1912.00
18.63 1912.00
18.75 1912.00
18.86 1912.00
18.98 1912.00
19.10 1912.00
19.21 1912.00
19.33 1912.00
19.44 1912.00
19.74 957.60
20.04 957.60
20.34 957.60
20.64 957.60
20.94 957.60
21.24 957.60
21.54 957.60
21.84 957.60
22.13 957.60
22.43 957.60
22.56 5528.80
22.69 5528.80
22.82 5528.80
22.95 5528.80
23.07 5528.80
23.20 5528.80
23.33 5528.80
23.46 5528.80
23.59 5528.80
23.71 5528.80
23.82 820.80
23.93 820.80
24.03 820.80
24.14 820.80
24.24 820.80
24.35 820.80
24.46 820.80
24.56 820.80
24.67 820.80
24.77 820.80
24.88 1638.40
24.99 1638.40
25.10 1638.40
25.21 1638.40
25.31 1638.40
25.42 1638.40
25.53 1638.40
25.64 1638.40
25.75 1638.40
25.85 1638.40
25.96 2602.40
26.07 2602.40
26.18 2602.40
26.29 2602.40
26.39 2602.40
26.50 2602.40
26.61 2602.40
26.72 2602.40
26.82 2602.40
26.93 2602.40
27.03 2872.80
27.14 2872.80
27.24 2872.80
27.34 2872.80
27.44 2872.80
27.55 2872.80
27.65 2872.80
27.75 2872.80
27.85 2872.80
27.95 2872.80
28.06 3830.40
28.16 3830.40
28.26 3830.40
28.37 3830.40
28.47 3830.40
28.57 3830.40
28.67 3830.40
28.78 3830.40
28.88 3830.40
28.98 3830.40
29.09 3420.00
29.19 3420.00
29.29 3420.00
29.40 3420.00
29.50 3420.00
29.60 3420.00
29.70 3420.00
29.81 3420.00
29.91 3420.00
