0.19 95772.0
0.30 98548.0
0.40 90220.0
0.51 116592.0
0.62 101324.0
0.73 129084.0
0.84 111040.0
0.94 104100.0
1.05 104100.0
1.15 113816.0
1.26 105488.0
1.37 109652.0
1.48 115204.0
1.59 119368.0
1.69 104100.0
1.80 122144.0
1.90 90220.0
2.01 104100.0
2.12 102712.0
2.23 88832.0
2.34 105488.0
2.44 126308.0
2.55 123532.0
2.65 101324.0
2.76 106876.0
2.87 112428.0
2.98 111040.0
3.10 126308.0
3.20 113816.0
3.31 97160.0
3.41 92996.0
3.52 116592.0
3.62 94384.0
3.73 119368.0
3.84 117980.0
3.94 97160.0
4.05 109652.0
4.15 113816.0
4.26 98548.0
4.37 105488.0
4.48 115204.0
4.59 116592.0
4.69 109652.0
4.80 106876.0
4.91 117980.0
5.02 131860.0
5.12 97160.0
5.24 122144.0
5.35 92996.0
5.45 90220.0
5.56 104100.0
5.66 116592.0
5.77 126308.0
5.87 102712.0
5.98 116592.0
6.10 112428.0
6.20 115204.0
6.31 105488.0
6.41 95772.0
6.52 124920.0
6.62 112428.0
6.73 81892.0
6.84 106876.0
6.94 106876.0
7.05 112428.0
7.15 112428.0
7.26 115204.0
7.37 127696.0
7.48 119368.0
7.59 116592.0
7.69 99936.0
7.80 119368.0
7.90 97160.0
8.01 117980.0
8.12 116592.0
8.23 119368.0
8.34 104100.0
8.44 112428.0
8.55 117980.0
8.65 111040.0
8.77 108264.0
8.87 115204.0
8.98 113816.0
9.09 79116.0
9.19 106876.0
9.30 112428.0
9.40 113816.0
9.51 117980.0
9.62 102712.0
9.73 106876.0
9.84 101324.0
9.94 108264.0
10.05 119368.0
10.15 108264.0
10.26 106876.0
10.37 105488.0
10.49 99936.0
10.60 108264.0
10.70 113816.0
10.81 124920.0
10.91 113816.0
11.02 105488.0
11.12 99936.0
11.23 122144.0
11.35 122144.0
11.45 122144.0
11.57 105488.0
11.67 97160.0
11.78 134636.0
11.88 109652.0
11.99 120756.0
12.10 123532.0
12.20 117980.0
12.31 122144.0
12.41 98548.0
12.52 126308.0
12.62 102712.0
12.73 92996.0
12.84 115204.0
12.94 127696.0
13.05 117980.0
13.15 119368.0
13.26 120756.0
13.37 120756.0
13.48 129084.0
13.59 111040.0
13.69 97160.0
13.81 115204.0
13.91 91608.0
14.02 98548.0
14.12 90220.0
14.23 108264.0
14.34 119368.0
14.44 108264.0
14.55 116592.0
14.65 111040.0
14.77 116592.0
14.87 116592.0
14.98 109652.0
15.09 104100.0
15.19 94384.0
15.30 111040.0
15.40 109652.0
15.51 108264.0
15.62 119368.0
15.73 105488.0
15.84 117980.0
15.94 106876.0
16.06 109652.0
16.16 91608.0
16.27 124920.0
16.37 115204.0
16.48 122144.0
16.59 108264.0
16.69 119368.0
16.81 108264.0
16.91 120756.0
17.02 122144.0
17.12 108264.0
17.23 116592.0
17.34 112428.0
17.44 105488.0
17.55 117980.0
17.65 115204.0
17.76 127696.0
17.87 112428.0
17.98 119368.0
18.09 106876.0
18.19 86056.0
18.30 112428.0
18.40 102712.0
18.51 113816.0
18.62 113816.0
18.73 102712.0
18.84 98548.0
18.94 113816.0
19.05 108264.0
19.15 104100.0
19.27 113816.0
19.37 117980.0
19.48 126308.0
19.59 111040.0
19.69 84668.0
19.80 104100.0
19.90 108264.0
20.01 120756.0
20.12 91608.0
20.23 99936.0
20.34 117980.0
20.44 113816.0
20.55 111040.0
20.65 94384.0
20.77 105488.0
20.87 117980.0
20.98 113816.0
21.09 105488.0
21.19 106876.0
21.30 105488.0
21.40 102712.0
21.51 109652.0
21.62 117980.0
21.73 138800.0
21.85 124920.0
21.95 113816.0
22.06 122144.0
22.16 106876.0
22.28 105488.0
22.38 105488.0
22.49 117980.0
22.60 115204.0
22.70 111040.0
22.81 119368.0
22.91 119368.0
23.02 122144.0
23.12 105488.0
23.23 115204.0
23.34 127696.0
23.44 88832.0
23.56 104100.0
23.67 98548.0
23.78 133248.0
23.88 119368.0
23.99 119368.0
24.10 122144.0
24.21 109652.0
24.32 109652.0
24.42 115204.0
24.53 126308.0
24.63 115204.0
24.74 117980.0
24.86 122144.0
24.96 124920.0
25.07 112428.0
25.17 129084.0
25.28 111040.0
25.38 105488.0
25.50 120756.0
25.61 124920.0
25.72 108264.0
25.83 127696.0
25.93 117980.0
26.04 104100.0
26.14 115204.0
26.25 137412.0
26.36 123532.0
26.46 113816.0
26.57 123532.0
26.67 120756.0
26.78 129084.0
26.89 109652.0
27.00 123532.0
27.11 126308.0
27.21 120756.0
27.32 90220.0
27.42 120756.0
27.53 109652.0
27.63 106876.0
27.74 99936.0
27.86 112428.0
27.96 109652.0
28.07 137412.0
28.17 119368.0
28.29 124920.0
28.39 111040.0
28.50 129084.0
28.61 101324.0
28.71 106876.0
28.82 124920.0
28.92 90220.0
29.03 130472.0
29.13 106876.0
29.24 127696.0
29.36 117980.0
29.47 117980.0
29.58 130472.0
29.68 108264.0
29.79 133248.0
29.89 119368.0
30.00 134636.0
30.11 126308.0
30.21 122144.0
30.33 130472.0
30.43 90220.0
30.54 91608.0
30.64 86056.0
30.75 126308.0
30.86 120756.0
30.97 95772.0
31.08 122144.0
31.18 122144.0
31.29 126308.0
31.39 109652.0
31.50 106876.0
31.61 113816.0
31.71 116592.0
31.82 120756.0
31.93 116592.0
32.04 145740.0
32.14 102712.0
32.25 140188.0
32.36 123532.0
32.46 101324.0
32.57 122144.0
32.67 108264.0
32.79 104100.0
32.89 115204.0
33.00 101324.0
33.11 133248.0
33.21 116592.0
33.32 124920.0
33.42 104100.0
33.53 113816.0
33.64 116592.0
33.75 141576.0
33.86 122144.0
33.96 115204.0
34.07 120756.0
34.17 115204.0
34.28 119368.0
34.38 122144.0
34.50 120756.0
34.61 129084.0
34.71 116592.0
34.82 98548.0
34.92 119368.0
35.03 115204.0
35.13 109652.0
35.24 124920.0
35.35 130472.0
35.45 102712.0
35.56 116592.0
35.67 112428.0
35.78 129084.0
35.88 112428.0
35.99 116592.0
36.11 115204.0
36.21 99936.0
36.32 102712.0
36.43 126308.0
36.54 130472.0
36.64 116592.0
36.75 122144.0
36.86 99936.0
36.96 113816.0
37.07 115204.0
37.17 129084.0
37.28 117980.0
37.38 116592.0
37.49 101324.0
37.60 113816.0
37.70 105488.0
37.81 99936.0
37.91 116592.0
38.02 124920.0
38.12 98548.0
38.23 122144.0
38.35 116592.0
38.45 106876.0
38.56 108264.0
38.66 94384.0
38.77 130472.0
38.88 102712.0
38.99 123532.0
39.10 124920.0
39.20 105488.0
39.31 112428.0
39.41 104100.0
39.52 122144.0
39.62 123532.0
39.73 120756.0
39.84 111040.0
39.94 87444.0
40.05 120756.0
40.15 106876.0
40.26 124920.0
40.37 113816.0
40.48 124920.0
40.59 126308.0
40.69 111040.0
40.80 122144.0
40.90 99936.0
41.01 124920.0
41.12 108264.0
41.23 113816.0
41.34 130472.0
41.44 108264.0
41.55 136024.0
41.65 80504.0
41.76 113816.0
41.87 97160.0
41.98 91608.0
42.09 97160.0
42.19 97160.0
42.31 122144.0
42.41 115204.0
42.52 117980.0
42.62 115204.0
42.73 112428.0
42.84 129084.0
42.94 101324.0
43.05 138800.0
43.15 112428.0
43.26 122144.0
43.37 116592.0
43.48 127696.0
43.59 109652.0
43.69 112428.0
43.80 116592.0
43.90 112428.0
44.01 122144.0
44.12 120756.0
44.23 109652.0
44.34 117980.0
44.44 113816.0
44.56 133248.0
44.66 129084.0
44.77 129084.0
44.87 109652.0
44.98 137412.0
45.09 127696.0
45.19 105488.0
45.30 117980.0
45.40 113816.0
45.51 123532.0
45.62 117980.0
45.73 115204.0
45.84 131860.0
45.94 79116.0
46.05 83280.0
46.15 81892.0
46.26 105488.0
46.37 113816.0
46.49 117980.0
46.60 144352.0
46.70 98548.0
46.81 99936.0
46.92 98548.0
47.03 137412.0
47.13 120756.0
47.24 109652.0
47.35 97160.0
47.45 106876.0
47.56 137412.0
47.66 119368.0
47.77 134636.0
47.87 106876.0
47.98 97160.0
48.10 101324.0
48.20 97160.0
48.31 104100.0
48.41 94384.0
48.52 126308.0
48.62 119368.0
48.73 119368.0
48.84 136024.0
48.94 120756.0
49.05 109652.0
49.15 123532.0
49.26 120756.0
49.37 130472.0
49.48 117980.0
49.59 112428.0
49.69 83280.0
49.80 83280.0
49.90 81892.0
50.01 115204.0
50.12 123532.0
50.23 124920.0
50.34 123532.0
50.44 116592.0
50.55 117980.0
50.65 106876.0
50.77 129084.0
50.87 130472.0
50.98 112428.0
51.10 113816.0
51.20 109652.0
51.31 92996.0
51.41 92996.0
51.52 115204.0
51.62 108264.0
51.73 102712.0
51.84 124920.0
51.94 91608.0
52.06 130472.0
52.16 126308.0
52.27 113816.0
52.37 95772.0
52.48 119368.0
52.59 120756.0
52.69 98548.0
52.80 129084.0
52.90 106876.0
53.01 116592.0
53.12 95772.0
53.24 111040.0
53.35 134636.0
53.45 108264.0
53.57 117980.0
53.67 123532.0
53.78 127696.0
53.88 108264.0
53.99 105488.0
54.10 137412.0
54.20 112428.0
54.31 124920.0
54.41 108264.0
54.52 116592.0
54.63 115204.0
54.74 131860.0
54.85 101324.0
54.95 91608.0
55.06 145740.0
55.16 94384.0
55.27 126308.0
55.37 116592.0
55.48 115204.0
55.60 124920.0
55.70 130472.0
55.81 115204.0
55.92 92996.0
56.03 94384.0
56.13 105488.0
56.24 140188.0
56.35 112428.0
56.45 79116.0
56.56 101324.0
56.66 101324.0
56.77 109652.0
56.87 91608.0
56.98 115204.0
57.09 104100.0
57.19 108264.0
57.30 120756.0
57.40 113816.0
57.51 127696.0
57.63 115204.0
57.74 129084.0
57.85 134636.0
57.95 123532.0
58.06 106876.0
58.16 87444.0
58.27 88832.0
58.37 104100.0
58.48 113816.0
58.59 136024.0
58.69 105488.0
58.80 124920.0
58.90 117980.0
59.01 129084.0
59.12 123532.0
59.23 120756.0
59.34 113816.0
59.44 97160.0
59.55 123532.0
59.65 106876.0
59.76 116592.0
59.87 112428.0
59.98 129084.0
