0.10 51356.00
0.20 48580.00
0.31 56908.00
0.41 56908.00
0.52 52744.00
0.63 74952.00
0.75 56908.00
0.86 51356.00
0.96 27760.00
1.08 48580.00
1.18 54132.00
1.29 52744.00
1.39 49968.00
1.50 63848.00
1.61 58296.00
1.71 43028.00
1.82 51356.00
1.92 59684.00
2.03 55520.00
2.13 45804.00
2.24 43028.00
2.35 52744.00
2.45 47192.00
2.56 55520.00
2.66 55520.00
2.77 81892.00
2.88 51356.00
2.99 51356.00
3.10 51356.00
3.20 38864.00
3.31 45804.00
3.41 45804.00
3.52 76340.00
3.63 68012.00
3.74 43028.00
3.85 40252.00
3.95 49968.00
4.06 65236.00
4.16 58296.00
4.28 59684.00
4.38 73564.00
4.50 49968.00
4.61 77728.00
4.71 58296.00
4.82 49968.00
4.92 54132.00
5.03 45804.00
5.13 47192.00
5.24 55520.00
5.35 63848.00
5.45 58296.00
5.56 56908.00
5.66 48580.00
5.77 48580.00
5.88 47192.00
5.99 49968.00
6.10 61072.00
6.20 47192.00
6.31 51356.00
6.41 65236.00
6.52 61072.00
6.63 49968.00
6.74 68012.00
6.85 58296.00
6.95 65236.00
7.06 70788.00
7.16 66624.00
7.27 69400.00
7.38 54132.00
7.49 52744.00
7.60 38864.00
7.70 34700.00
7.81 61072.00
7.91 56908.00
8.02 44416.00
8.13 65236.00
8.24 54132.00
8.35 52744.00
8.45 43028.00
8.56 63848.00
8.66 65236.00
8.77 63848.00
8.88 61072.00
8.99 63848.00
9.10 58296.00
9.20 43028.00
9.31 68012.00
9.41 51356.00
9.52 49968.00
9.64 51356.00
9.75 45804.00
9.86 37476.00
9.97 29148.00
10.08 33312.00
10.19 26372.00
10.30 26372.00
10.40 52744.00
10.51 69400.00
10.62 47192.00
10.72 55520.00
10.83 44416.00
10.93 56908.00
11.04 52744.00
11.14 59684.00
11.25 86056.00
11.36 58296.00
11.46 36088.00
11.57 41640.00
11.67 47192.00
11.78 43028.00
11.88 77728.00
11.99 54132.00
12.10 54132.00
12.20 65236.00
12.31 68012.00
12.41 55520.00
12.53 59684.00
12.63 62460.00
12.74 61072.00
12.85 74952.00
12.95 69400.00
13.06 79116.00
13.17 79116.00
13.29 83280.00
13.39 86056.00
13.50 80504.00
13.61 91608.00
13.71 76340.00
13.82 34700.00
13.92 55520.00
14.03 81892.00
14.13 76340.00
14.24 87444.00
14.35 94384.00
14.45 79116.00
14.56 66624.00
14.66 91608.00
14.77 84668.00
14.88 44416.00
14.99 79116.00
15.10 80504.00
15.21 73564.00
15.32 77728.00
15.42 54132.00
15.54 76340.00
15.64 68012.00
15.75 62460.00
15.86 52744.00
15.96 43028.00
16.07 58296.00
16.17 62460.00
16.28 70788.00
16.38 72176.00
16.49 59684.00
16.60 74952.00
16.70 58296.00
16.81 76340.00
16.91 47192.00
17.02 62460.00
17.13 54132.00
17.24 52744.00
17.35 52744.00
17.45 43028.00
17.56 51356.00
17.66 54132.00
17.77 65236.00
17.88 48580.00
17.99 51356.00
18.10 65236.00
18.20 81892.00
18.31 92996.00
18.41 63848.00
18.52 62460.00
18.63 63848.00
18.75 83280.00
18.86 74952.00
18.96 59684.00
19.07 65236.00
19.17 45804.00
19.28 81892.00
19.38 58296.00
19.49 70788.00
19.60 70788.00
19.70 61072.00
19.81 59684.00
19.91 48580.00
20.02 48580.00
20.13 48580.00
20.24 59684.00
20.35 72176.00
20.45 66624.00
20.56 51356.00
20.66 45804.00
20.77 54132.00
20.88 65236.00
21.00 56908.00
21.12 58296.00
21.22 55520.00
21.33 51356.00
21.43 54132.00
21.54 52744.00
21.64 55520.00
21.76 51356.00
21.87 77728.00
21.97 91608.00
22.08 76340.00
22.18 76340.00
22.29 90220.00
22.39 83280.00
22.50 70788.00
22.62 74952.00
22.72 73564.00
22.83 86056.00
22.93 63848.00
23.05 84668.00
23.15 56908.00
23.26 66624.00
23.37 58296.00
23.47 61072.00
23.58 62460.00
23.69 65236.00
23.81 73564.00
23.91 63848.00
24.02 77728.00
24.13 87444.00
24.24 66624.00
24.35 61072.00
24.46 70788.00
24.57 51356.00
24.67 43028.00
24.78 49968.00
24.88 45804.00
24.99 59684.00
25.10 77728.00
25.20 83280.00
25.31 81892.00
25.42 76340.00
25.53 62460.00
25.63 44416.00
25.74 56908.00
25.86 54132.00
25.96 49968.00
26.07 49968.00
26.17 54132.00
26.28 49968.00
26.38 41640.00
26.49 59684.00
26.60 47192.00
26.70 44416.00
26.81 44416.00
26.91 38864.00
27.02 48580.00
27.13 61072.00
27.24 66624.00
27.35 52744.00
27.45 36088.00
27.56 48580.00
27.66 54132.00
27.77 61072.00
27.88 90220.00
27.99 92996.00
28.10 76340.00
28.21 44416.00
28.32 49968.00
28.42 66624.00
28.53 84668.00
28.63 63848.00
28.74 65236.00
28.85 33312.00
28.95 36088.00
29.06 48580.00
29.16 54132.00
29.27 56908.00
29.38 45804.00
29.49 45804.00
29.60 40252.00
29.70 34700.00
29.81 51356.00
29.92 40252.00
