0.17 2972.70
0.27 2972.70
0.38 2972.70
0.48 2972.70
0.58 2972.70
0.69 2972.70
0.79 2972.70
0.89 2972.70
1.00 2972.70
1.10 2972.70
1.22 2872.80
1.34 2872.80
1.46 2872.80
1.58 2872.80
1.70 2872.80
1.82 2872.80
1.94 2872.80
2.06 2872.80
2.19 2872.80
2.31 2872.80
2.41 4514.40
2.51 4514.40
2.61 4514.40
2.71 4514.40
2.81 4514.40
2.91 4514.40
3.01 4514.40
3.12 4514.40
3.22 4514.40
3.32 4514.40
3.42 10927.40
3.53 10927.40
3.63 10927.40
3.73 10927.40
3.84 10927.40
3.94 10927.40
4.05 10927.40
4.15 10927.40
4.25 10927.40
4.36 10927.40
4.46 14090.40
4.56 14090.40
4.66 14090.40
4.76 14090.40
4.86 14090.40
4.96 14090.40
5.06 14090.40
5.16 14090.40
5.27 14090.40
5.37 14090.40
5.47 9187.50
5.57 9187.50
5.67 9187.50
5.77 9187.50
5.87 9187.50
5.97 9187.50
6.08 9187.50
6.18 9187.50
6.28 9187.50
6.38 9187.50
6.48 13132.80
6.59 13132.80
6.69 13132.80
6.80 13132.80
6.90 13132.80
7.01 13132.80
7.11 13132.80
7.22 13132.80
7.32 13132.80
7.43 13132.80
7.57 1368.00
7.71 1368.00
7.86 1368.00
8.00 1368.00
8.15 1368.00
8.29 1368.00
8.43 1368.00
8.58 1368.00
8.72 1368.00
8.87 1368.00
9.00 957.60
9.14 957.60
9.27 957.60
9.41 957.60
9.54 957.60
9.68 957.60
9.81 957.60
9.95 957.60
10.08 957.60
10.22 957.60
10.32 13183.40
10.42 13183.40
10.52 13183.40
10.62 13183.40
10.72 13183.40
10.83 13183.40
10.93 13183.40
11.03 13183.40
11.13 13183.40
11.23 13183.40
11.33 11517.40
11.43 11517.40
11.53 11517.40
11.63 11517.40
11.73 11517.40
11.84 11517.40
11.94 11517.40
12.04 11517.40
12.14 11517.40
12.24 11517.40
12.34 11628.00
12.44 11628.00
12.54 11628.00
12.64 11628.00
12.74 11628.00
12.84 11628.00
12.94 11628.00
13.04 11628.00
13.15 11628.00
13.25 11628.00
13.35 9702.80
13.45 9702.80
13.55 9702.80
13.65 9702.80
13.75 9702.80
13.85 9702.80
13.96 9702.80
14.06 9702.80
14.16 9702.80
14.26 9702.80
14.36 13933.80
14.46 13933.80
14.56 13933.80
14.67 13933.80
14.77 13933.80
14.87 13933.80
14.97 13933.80
15.07 13933.80
15.18 13933.80
15.28 13933.80
15.38 4924.80
15.49 4924.80
15.60 4924.80
15.70 4924.80
15.81 4924.80
15.92 4924.80
16.02 4924.80
16.13 4924.80
16.24 4924.80
16.34 4924.80
16.44 2325.60
16.55 2325.60
16.65 2325.60
16.75 2325.60
16.85 2325.60
16.95 2325.60
17.05 2325.60
17.15 2325.60
17.26 2325.60
17.36 2325.60
17.46 3420.00
17.56 3420.00
17.66 3420.00
17.76 3420.00
17.86 3420.00
17.96 3420.00
18.06 3420.00
18.16 3420.00
18.26 3420.00
18.36 3420.00
18.46 1094.40
18.56 1094.40
18.66 1094.40
18.76 1094.40
18.86 1094.40
18.96 1094.40
19.06 1094.40
19.16 1094.40
19.26 1094.40
19.36 1094.40
19.47 3347.00
19.57 3347.00
19.67 3347.00
19.78 3347.00
19.88 3347.00
19.98 3347.00
20.09 3347.00
20.19 3347.00
20.29 3347.00
20.40 3347.00
20.50 7387.20
20.60 7387.20
20.70 7387.20
20.80 7387.20
20.90 7387.20
21.00 7387.20
21.10 7387.20
21.20 7387.20
21.30 7387.20
21.41 7387.20
21.52 9202.20
21.64 9202.20
21.76 9202.20
21.88 9202.20
22.00 9202.20
22.12 9202.20
22.24 9202.20
22.36 9202.20
22.48 9202.20
22.60 9202.20
22.70 10944.00
22.80 10944.00
22.90 10944.00
23.00 10944.00
23.10 10944.00
23.20 10944.00
23.30 10944.00
23.40 10944.00
23.50 10944.00
23.61 10944.00
23.73 6469.40
23.85 6469.40
23.97 6469.40
24.10 6469.40
24.22 6469.40
24.34 6469.40
24.47 6469.40
24.59 6469.40
24.71 6469.40
24.84 6469.40
24.94 5608.80
25.04 5608.80
25.15 5608.80
25.25 5608.80
25.35 5608.80
25.45 5608.80
25.56 5608.80
25.66 5608.80
25.76 5608.80
25.87 5608.80
25.97 7387.20
26.07 7387.20
26.17 7387.20
26.27 7387.20
26.37 7387.20
26.47 7387.20
26.57 7387.20
26.67 7387.20
26.78 7387.20
26.88 7387.20
26.98 6519.90
27.08 6519.90
27.18 6519.90
27.28 6519.90
27.38 6519.90
27.48 6519.90
27.58 6519.90
27.68 6519.90
27.78 6519.90
27.89 6519.90
27.99 6429.60
28.09 6429.60
28.19 6429.60
28.29 6429.60
28.40 6429.60
28.50 6429.60
28.60 6429.60
28.70 6429.60
28.80 6429.60
28.91 6429.60
29.01 4788.00
29.11 4788.00
29.22 4788.00
29.32 4788.00
29.42 4788.00
29.53 4788.00
29.63 4788.00
29.73 4788.00
29.83 4788.00
29.94 4788.00
