0.14 943.60
0.26 943.60
0.39 943.60
0.51 943.60
0.62 808.80
0.72 808.80
0.83 808.80
0.93 808.80
1.03 808.80
1.14 808.80
1.24 808.80
1.35 808.80
1.45 808.80
1.55 808.80
1.66 539.20
1.76 539.20
1.86 539.20
1.96 539.20
2.06 539.20
2.17 539.20
2.27 539.20
2.37 539.20
2.47 539.20
2.57 539.20
2.71 539.20
2.85 539.20
2.98 539.20
3.12 539.20
3.26 539.20
3.39 539.20
3.53 539.20
3.67 539.20
3.80 539.20
3.94 539.20
4.04 269.60
4.14 269.60
4.24 269.60
4.34 269.60
4.44 269.60
4.54 269.60
4.64 269.60
4.74 269.60
4.84 269.60
4.94 269.60
5.08 404.40
5.23 404.40
5.37 404.40
5.51 404.40
5.66 404.40
5.80 404.40
5.95 404.40
6.09 404.40
6.23 404.40
6.38 404.40
6.50 404.40
6.61 404.40
6.73 404.40
6.85 404.40
6.97 404.40
7.08 404.40
7.20 404.40
7.32 404.40
7.44 404.40
7.55 404.40
7.70 134.80
7.85 134.80
8.00 134.80
8.15 134.80
8.29 134.80
8.44 134.80
8.59 134.80
8.74 134.80
8.89 134.80
9.03 134.80
9.26 404.40
9.49 404.40
9.71 404.40
9.94 404.40
10.17 404.40
10.39 404.40
10.62 404.40
10.85 404.40
11.07 404.40
11.30 404.40
12.42 269.60
13.55 269.60
14.68 269.60
15.80 269.60
16.93 269.60
18.06 269.60
19.18 269.60
20.31 269.60
21.44 269.60
22.56 269.60
22.68 1213.20
22.80 1213.20
22.92 1213.20
23.04 1213.20
23.15 1213.20
23.27 1213.20
23.39 1213.20
23.51 1213.20
23.63 1213.20
23.75 1213.20
23.85 1348.00
23.95 1348.00
24.05 1348.00
24.15 1348.00
24.25 1348.00
24.36 1348.00
24.46 1348.00
24.56 1348.00
24.66 1348.00
24.76 1348.00
24.87 1155.60
24.97 1155.60
25.07 1155.60
25.18 1155.60
25.28 1155.60
25.39 1155.60
25.49 1155.60
25.59 1155.60
25.70 1155.60
25.80 1155.60
25.91 1405.60
26.02 1405.60
26.13 1405.60
26.24 1405.60
26.35 1405.60
26.46 1405.60
26.57 1405.60
26.69 1405.60
26.80 1405.60
26.91 1405.60
27.02 1801.60
27.13 1801.60
27.25 1801.60
27.36 1801.60
27.48 1801.60
27.59 1801.60
27.70 1801.60
27.82 1801.60
27.93 1801.60
28.04 1801.60
28.44 269.60
28.83 269.60
29.22 269.60
29.61 269.60
30.00 269.60
