0.15 142500.0
0.25 124500.0
0.35 138000.0
0.45 94500.0
0.55 94500.0
0.66 99000.0
0.76 81000.0
0.91 67500.0
1.01 183000.0
1.12 297000.0
1.22 351000.0
1.32 334500.0
1.42 294000.0
1.53 342000.0
1.64 279000.0
1.74 325500.0
1.84 339000.0
1.95 265500.0
2.05 279000.0
2.15 366000.0
2.25 343500.0
2.35 262500.0
2.45 276000.0
2.56 319500.0
2.66 295500.0
2.76 253500.0
2.86 267000.0
2.96 264000.0
3.06 252000.0
3.16 225000.0
3.27 208500.0
3.36 304500.0
3.47 261000.0
3.56 229500.0
3.67 213000.0
3.78 214500.0
3.88 199500.0
3.98 178500.0
4.08 162000.0
4.18 138000.0
4.28 165000.0
4.38 145500.0
4.48 195000.0
4.58 154500.0
4.69 126000.0
4.80 97500.0
4.90 261000.0
5.00 229500.0
5.10 225000.0
5.20 240000.0
5.31 250500.0
5.41 255000.0
5.51 304500.0
5.61 415500.0
5.71 364500.0
5.81 349500.0
5.91 429000.0
6.01 271500.0
6.11 429000.0
6.21 382500.0
6.31 460500.0
6.42 327000.0
6.52 324000.0
6.62 307500.0
6.72 307500.0
6.82 223500.0
6.92 277500.0
7.02 220500.0
7.12 192000.0
7.22 163500.0
7.32 172500.0
7.42 138000.0
7.52 150000.0
7.62 114000.0
7.72 133500.0
7.82 160500.0
7.92 142500.0
8.03 109500.0
8.13 115500.0
8.23 124500.0
8.34 106500.0
8.44 103500.0
8.54 109500.0
8.65 117000.0
8.76 103500.0
8.86 118500.0
8.96 111000.0
9.10 229500.0
9.20 73500.0
9.30 229500.0
9.40 202500.0
9.50 324000.0
9.63 187500.0
9.73 457500.0
9.83 354000.0
9.93 348000.0
10.03 328500.0
10.13 339000.0
10.23 375000.0
10.33 352500.0
10.43 358500.0
10.53 285000.0
10.63 346500.0
10.73 273000.0
10.83 288000.0
10.93 309000.0
11.03 210000.0
11.13 181500.0
11.23 193500.0
11.33 150000.0
11.43 190500.0
11.53 160500.0
11.64 195000.0
11.74 228000.0
11.86 171000.0
11.95 252000.0
12.06 243000.0
12.16 307500.0
12.26 322500.0
12.36 333000.0
12.46 348000.0
12.56 339000.0
12.67 300000.0
12.77 319500.0
12.88 354000.0
12.98 366000.0
13.08 361500.0
13.19 303000.0
13.29 322500.0
13.39 327000.0
13.49 286500.0
13.59 289500.0
13.69 333000.0
13.79 268500.0
13.90 346500.0
14.00 304500.0
14.11 247500.0
14.21 217500.0
14.31 261000.0
14.41 279000.0
14.51 246000.0
14.61 289500.0
14.71 270000.0
14.81 270000.0
14.91 247500.0
15.01 321000.0
15.11 288000.0
15.21 258000.0
15.31 243000.0
15.41 288000.0
15.51 289500.0
15.62 265500.0
15.72 295500.0
15.82 283500.0
15.93 298500.0
16.03 307500.0
16.13 328500.0
16.23 319500.0
16.33 309000.0
16.43 312000.0
16.53 300000.0
16.63 316500.0
16.73 318000.0
16.83 312000.0
16.93 309000.0
17.04 315000.0
17.14 337500.0
17.24 303000.0
17.34 244500.0
17.44 262500.0
17.54 211500.0
17.64 223500.0
17.74 237000.0
17.84 271500.0
17.95 247500.0
18.06 255000.0
18.16 147000.0
18.26 141000.0
18.36 217500.0
18.46 259500.0
18.56 243000.0
18.66 274500.0
18.76 232500.0
18.87 235500.0
18.97 244500.0
19.07 249000.0
19.17 225000.0
19.27 232500.0
19.37 228000.0
19.47 271500.0
19.58 264000.0
19.68 88500.0
19.79 244500.0
19.89 276000.0
19.99 243000.0
20.09 241500.0
20.19 243000.0
20.30 249000.0
20.40 267000.0
20.50 246000.0
20.60 255000.0
20.70 261000.0
20.80 267000.0
20.91 229500.0
21.02 277500.0
21.12 274500.0
21.22 279000.0
21.33 322500.0
21.43 288000.0
21.53 327000.0
21.63 292500.0
21.73 273000.0
21.83 271500.0
21.93 238500.0
22.03 228000.0
22.13 244500.0
22.23 231000.0
22.34 256500.0
22.44 210000.0
22.54 246000.0
22.64 211500.0
22.74 141000.0
22.84 148500.0
22.94 217500.0
23.04 202500.0
23.14 225000.0
23.25 240000.0
23.35 202500.0
23.45 231000.0
23.56 205500.0
23.66 222000.0
23.76 162000.0
23.86 276000.0
23.99 204000.0
24.11 72000.0
24.21 187500.0
24.31 177000.0
24.42 267000.0
24.52 261000.0
24.62 301500.0
24.72 279000.0
24.82 292500.0
24.92 232500.0
25.02 244500.0
25.12 262500.0
25.22 276000.0
25.32 297000.0
25.43 279000.0
25.53 315000.0
25.63 253500.0
25.73 207000.0
25.83 211500.0
25.93 240000.0
26.03 283500.0
26.14 276000.0
26.27 199500.0
26.37 139500.0
26.47 211500.0
26.58 216000.0
26.68 307500.0
26.78 259500.0
26.88 303000.0
26.99 238500.0
27.09 216000.0
27.20 241500.0
27.30 225000.0
27.40 297000.0
27.50 321000.0
27.63 331500.0
27.73 180000.0
27.83 283500.0
27.93 328500.0
28.03 325500.0
28.13 328500.0
28.23 346500.0
28.33 264000.0
28.43 304500.0
28.53 279000.0
28.64 261000.0
28.74 363000.0
28.84 300000.0
28.94 273000.0
29.04 309000.0
29.14 319500.0
29.24 322500.0
29.34 351000.0
29.45 282000.0
29.55 324000.0
29.65 306000.0
29.75 304500.0
29.85 247500.0
29.95 301500.0
