11
23
34
46
57
69
80
92
103
115
126
138
150
157
165
173
181
189
197
205
212
220
228
236
244
252
260
267
274
281
288
295
302
310
317
324
331
338
345
352
360
367
375
383
391
399
407
415
422
430
438
446
454
462
470
477
484
491
498
505
512
520
527
534
541
548
555
562
570
578
586
595
603
612
620
629
637
646
654
663
671
680
687
694
701
708
715
722
730
737
744
751
758
765
772
780
787
795
803
811
819
827
835
842
850
858
866
874
882
890
899
908
917
926
936
945
954
963
973
982
991
1000
1010
1019
1028
1037
1046
1055
1065
1074
1083
1092
1101
1110
1120
1129
1138
1147
1156
1166
1175
1184
1193
1203
1212
1221
1230
1240
1249
1258
1267
1276
1286
1295
1304
1313
1323
1332
1341
1350
1360
1369
1378
1387
1396
1406
1415
1424
1433
1443
1452
1461
1470
1480
1490
1500
1510
1520
1530
1540
1550
1560
1570
1580
1590
1600
1608
1616
1625
1633
1642
1650
1659
1667
1676
1684
1693
1701
1710
1719
1728
1737
1746
1756
1765
1774
1783
1793
1802
1811
1820
1830
1840
1850
1860
1870
1880
1890
1900
1910
1920
1930
1940
1950
1959
1968
1977
1986
1996
2005
2014
2023
2033
2042
2051
2060
2070
2078
2086
2095
2103
2112
2120
2129
2137
2146
2154
2163
2171
2180
2189
2198
2207
2216
2225
2235
2244
2253
2262
2271
2280
2290
2298
2306
2315
2323
2332
2340
2349
2357
2366
2374
2383
2391
2400
2408
2416
2425
2433
2442
2450
2459
2467
2476
2484
2493
2501
2510
2519
2528
2537
2546
2555
2565
2574
2583
2592
2601
2610
2620
2628
2636
2645
2653
2662
2670
2679
2687
2696
2704
2713
2721
2730
2739
2748
2757
2766
2775
2785
2794
2803
2812
2821
2830
2840
2848
2856
2865
2873
2882
2890
2899
2907
2916
2924
2933
2941
2950
2959
2968
2977
2986
2995
3005
3014
3023
3032
3041
3050
3060
3068
3076
3085
3093
3102
3110
3119
3127
3136
3144
3153
3161
3170
3178
3186
3195
3203
3212
3220
3229
3237
3246
3254
3263
3271
3280
3288
3296
3305
3313
3322
3330
3339
3347
3356
3364
3373
3381
3390
3398
3406
3415
3423
3432
3440
3449
3457
3466
3474
3483
3491
3500
3508
3516
3525
3533
3542
3550
3559
3567
3576
3584
3593
3601
3610
3618
3626
3635
3643
3652
3660
3669
3677
3686
3694
3703
3711
3720
3728
3736
3745
3753
3762
3770
3779
3787
3796
3804
3813
3821
3830
3838
3846
3855
3863
3872
3880
3889
3897
3906
3914
3923
3931
3940
3949
3958
3967
3976
3986
3995
4004
4013
4023
4032
4041
4050
4059
4068
4076
4085
4093
4102
4110
4119
4127
4136
4144
4153
4161
4170
4178
4186
4195
4203
4212
4220
4229
4237
4246
4254
4263
4271
4280
4287
4295
4303
4311
4319
4327
4335
4342
4350
4358
4366
4374
4382
4390
4398
4406
4415
4423
4432
4440
4449
4457
4466
4474
4483
4491
4500
4507
4515
4523
4531
4539
4547
4555
4562
4570
4578
4586
4594
4602
4610
4618
4626
4635
4643
4652
4660
4669
4677
4686
4694
4703
4711
4720
4727
4735
4743
4751
4759
4767
4775
4782
4790
4798
4806
4814
4822
4830
4837
4845
4853
4861
4869
4877
4885
4892
4900
4908
4916
4924
4932
4940
4948
4956
4965
4973
4982
4990
4999
5007
5016
5024
5033
5041
5050
5057
5065
5073
5081
5089
5097
5105
5112
5120
5128
5136
5144
5152
5160
5167
5175
5183
5191
5199
5207
5215
5222
5230
5238
5246
5254
5262
5270
5278
5286
5295
5303
5312
5320
5329
5337
5346
5354
5363
5371
5380
5387
5394
5402
5409
5416
5424
5431
5438
5446
5453
5460
5468
5475
5482
5490
5496
5503
5510
5517
5524
5531
5538
5545
5551
5558
5565
5572
5579
5586
5593
5600
5607
5614
5622
5629
5636
5644
5651
5658
5665
5673
5680
5688
5695
5702
5710
5716
5723
5729
5736
5743
5750
5756
5763
5770
5776
5783
5790
5796
5803
5810
5816
5823
5830
5837
5844
5851
5858
5865
5871
5878
5885
5892
5899
5906
5913
5920
5927
5934
5942
5949
5956
5964
5971
5978
5986
5993
6000
6008
6015
6022
6030
6037
6044
6052
6059
6066
6074
6081
6088
6096
6103
6110
6117
6125
6132
6140
6147
6154
6162
6169
6176
6184
6191
6198
6205
6213
6220
6228
6235
6242
6250
6256
6263
6270
6277
6284
6291
6298
6305
6311
6318
6325
6332
6339
6346
6353
6360
6367
6374
6382
6389
6396
6404
6411
6418
6426
6433
6440
6447
6455
6462
6470
6477
6484
6492
6499
6506
6514
6521
6528
6536
6543
6550
6558
6565
6572
6580
6588
6596
6604
6612
6620
6628
6636
6644
6652
6660
6668
6676
6684
6692
6700
6707
6714
6722
6729
6736
6744
6751
6758
6766
6773
6780
6787
6795
6802
6810
6818
6826
6834
6842
6850
6858
6866
6874
6882
6890
6898
6906
6914
6922
6930
6937
6944
6952
6959
6966
6974
6981
6988
6996
7003
7010
7018
7025
7032
7040
7048
7056
7064
7072
7080
7088
7096
7104
7112
7120
7128
7136
7144
7152
7160
7167
7174
7182
7189
7196
7204
7211
7218
7226
7233
7240
7247
7255
7262
7270
7278
7286
7294
7302
7310
7318
7326
7334
7342
7350
7358
7366
7374
7382
7390
7397
7404
7412
7419
7426
7434
7441
7448
7455
7463
7470
7478
7485
7492
7500
7508
7516
7524
7532
7540
7548
7556
7564
7572
7580
7588
7596
7604
7612
7620
7627
7635
7643
7650
7658
7666
7673
7681
7689
7696
7704
7712
7720
7727
7735
7743
7750
7758
7766
7773
7781
7789
7796
7804
7812
7820
7827
7835
7843
7850
7858
7866
7873
7881
7889
7896
7904
7912
7920
7927
7934
7941
7948
7955
7962
7970
7977
7984
7991
7998
8005
8012
8020
8027
8035
8043
8050
8058
8066
8073
8081
8089
8096
8104
8112
8119
8128
8136
8145
8153
8162
8170
8179
8187
8196
8204
8213
8221
8230
8237
8244
8251
8258
8265
8272
8280
8287
8294
8301
8308
8315
8322
8330
8337
8345
8353
8360
8368
8376
8383
8391
8399
8406
8414
8422
8430
8437
8445
8453
8460
8468
8476
8483
8491
8499
8506
8514
8522
8530
8537
8545
8553
8560
8568
8576
8583
8591
8599
8606
8614
8622
8630
8640
8650
8660
8670
8680
8690
8700
8710
8720
8730
8740
8750
8760
8770
8780
8790
8800
8810
8820
8830
8840
8850
8860
8870
8880
8890
8900
8910
8920
8930
8940
8950
8960
8970
8980
8990
9000
9010
9020
9030
9040
9050
9060
9070
9080
9090
9100
9110
9120
9129
9140
9150
9160
9170
9180
9190
9200
9209
9220
9230
9240
9250
9260
9270
9280
9290
9300
9310
9320
9330
9340
9350
9360
9370
9380
9390
9400
9410
9420
9430
9440
9450
9459
9470
9480
9490
9500
9510
9520
9530
9541
9552
9563
9574
9585
9596
9607
9618
9629
9640
9650
9660
9670
9680
9690
9700
9710
9720
9730
9740
9750
9759
9768
9777
9786
9795
9804
9813
9822
9831
9840
9850
9859
9868
9877
9886
9895
9904
9913
9922
9931
9940
9950
9959
9969
9980
9990
10000
10010
10020
10030
10040
10050
10059
10068
10077
10086
10095
10104
10113
10122
10131
10140
10150
10159
10168
10177
10186
10195
10204
10213
10222
10231
10240
10250
10259
10268
10277
10286
10295
10304
10313
10322
10331
10340
10350
10359
10368
10377
10386
10395
10404
10413
10422
10431
10440
10450
10459
10468
10477
10486
10495
10504
10513
10522
10531
10540
10550
10560
10570
10580
10590
10600
10610
10620
10630
10640
10650
10659
10668
10677
10686
10695
10704
10713
10722
10731
10740
10750
10758
10766
10775
10783
10791
10800
10808
10816
10825
10833
10841
10850
10857
10865
10873
10880
10888
10896
10903
10911
10919
10926
10934
10942
10950
10959
10968
10977
10986
10995
11004
11014
11023
11032
11041
11050
11060
11068
11076
11085
11093
11101
11110
11118
11126
11135
11143
11151
11160
11168
11176
11185
11193
11201
11210
11218
11226
11235
11243
11251
11260
11267
11275
11283
11290
11298
11306
11313
11321
11329
11336
11344
11352
11360
11368
11376
11385
11393
11401
11410
11418
11426
11435
11443
11451
11460
11469
11478
11487
11496
11505
11515
11524
11533
11542
11551
11560
11570
11578
11586
11595
11603
11611
11620
11628
11636
11645
11653
11661
11670
11678
11686
11695
11703
11711
11719
11728
11736
11745
11753
11761
11770
11782
11794
11806
11818
11831
11843
11855
11867
11880
11893
11907
11921
11935
11948
11962
11976
11990
12002
12015
12027
12040
12052
12065
12077
12090
12103
12117
12131
12145
12158
12172
12186
12200
12213
12227
12241
12254
12268
12282
12296
12310
12322
12334
12346
12358
12371
12383
12395
12407
12420
12433
12447
12461
12475
12488
12502
12516
12530
12542
12555
12567
12580
12592
12605
12617
12630
12643
12657
12671
12685
12698
12712
12726
12740
12753
12767
12781
12795
12808
12822
12836
12850
12861
12872
12883
12894
12905
12916
12927
12938
12950
12961
12972
12983
12994
13005
13016
13027
13038
13050
13061
13072
13083
13094
13105
13116
13127
13138
13150
13162
13175
13187
13200
13212
13225
13237
13250
13261
13272
13283
13294
13305
13316
13327
13338
13350
13362
13374
13386
13398
13411
13423
13435
13447
13460
13472
13485
13497
13510
13522
13535
13547
13560
13571
13582
13593
13604
13615
13626
13637
13648
13660
13671
13682
13693
13704
13715
13726
13737
13748
13760
13771
13782
13793
13804
13815
13826
13837
13848
13860
13885
13910
13935
13960
13985
14010
14035
14060
14085
14110
14135
14160
14187
14215
14242
14270
14295
14320
14344
14370
14389
14410
14430
14450
14470
14495
14520
14545
14570
14595
14620
14645
14670
14697
14725
14752
14780
14805
14830
14855
14880
14900
14920
14940
14960
14980
15005
15030
15055
15080
15100
15120
15140
15160
15180
15205
15230
15254
15280
15299
15320
15340
15360
15380
15405
15430
15455
15480
15500
15520
15540
15560
15580
15602
15624
15645
15668
15690
15715
15739
15764
15790
15809
15830
15850
15870
15890
15910
15930
15950
15970
15990
16010
16030
16050
16070
16090
16110
16129
16150
16170
16190
16210
16230
16250
16270
16290
16309
16329
16350
16370
16390
16410
16430
16450
16470
16490
16509
16529
16550
16570
16590
16612
16634
16656
16678
16700
16720
16740
16760
16780
16800
16820
16840
16860
16880
16900
16914
16928
16942
16957
16971
16985
17000
17014
17028
17042
17057
17071
17085
17100
17114
17128
17142
17157
17171
17185
17200
17214
17228
17242
17257
17271
17285
17300
17314
17328
17342
17357
17371
17385
17400
17414
17428
17442
17457
17471
17485
17500
17514
17528
17542
17557
17571
17585
17600
17615
17631
17647
17662
17678
17694
17710
17724
17738
17752
17767
17781
17795
17810
17824
17838
17852
17867
17881
17895
17910
17924
17938
17952
17967
17981
17995
18010
18026
18043
18060
18076
18093
18110
18126
18143
18160
18176
18193
18210
18226
18243
18259
18276
18293
18310
18324
18338
18352
18367
18381
18395
18410
18426
18443
18460
18476
18493
18510
18526
18543
18560
18576
18593
18610
18628
18646
18665
18683
18701
18720
18734
18748
18762
18777
18791
18805
18820
18836
18853
18870
18886
18903
18920
18931
18942
18953
18964
18975
18986
18997
19008
19020
19030
19040
19050
19060
19070
19080
19090
19100
19110
19120
19130
19140
19150
19160
19170
19180
19189
19200
19210
19220
19230
19240
19250
19259
19270
19280
19290
19300
19310
19320
19331
19342
19353
19364
19375
19386
19397
19408
19420
19430
19440
19450
19460
19470
19480
19490
19500
19509
19520
19530
19540
19550
19560
19570
19580
19590
19600
19610
19620
19631
19642
19653
19664
19675
19686
19697
19708
19720
19730
19740
19750
19759
19770
19780
19790
19800
19810
19820
19830
19840
19850
19860
19870
19880
19890
19900
19910
19920
19927
19935
19943
19950
19958
19966
19973
19981
19989
19996
20004
20012
20020
20027
20034
20041
20048
20055
20062
20070
20077
20084
20091
20098
20105
20112
20120
20127
20134
20141
20148
20155
20162
20170
20177
20184
20191
20198
20205
20212
20220
20227
20235
20243
20250
20258
20266
20273
20281
20289
20296
20304
20312
20320
20327
20334
20341
20348
20355
20362
20370
20377
20384
20391
20398
20405
20412
20420
20427
20435
20443
20451
20459
20467
20475
20482
20490
20498
20506
20514
20522
20530
20537
20545
20553
20560
20568
20576
20583
20591
20599
20606
20614
20622
20630
20637
20644
20651
20658
20665
20672
20680
20687
20694
20701
20708
20715
20722
20730
20737
20744
20751
20758
20765
20772
20780
20787
20794
20801
20808
20815
20822
20830
20837
20845
20853
20860
20868
20876
20883
20891
20899
20906
20914
20922
20930
20942
20954
20966
20978
20991
21003
21015
21027
21040
21051
21062
21073
21084
21095
21106
21117
21128
21140
21152
21164
21176
21188
21201
21213
21225
21237
21250
21262
21274
21286
21298
21311
21323
21335
21347
21360
21372
21384
21396
21408
21421
21433
21445
21457
21470
21482
21494
21506
21518
21531
21543
21555
21567
21580
21591
21602
21613
21624
21635
21646
21657
21668
21680
21692
21704
21716
21728
21741
21753
21765
21777
21790
21802
21814
21826
21838
21851
21863
21875
21887
21900
21912
21924
21936
21948
21961
21973
21985
21997
22010
22020
22030
22040
22050
22060
22070
22080
22090
22100
22110
22120
22129
22138
22147
22156
22165
22174
22183
22192
22201
22210
22220
22230
22240
22250
22259
22270
22279
22290
22299
22310
22319
22330
22340
22349
22360
22370
22380
22390
22400
22410
22420
22430
22440
22451
22462
22473
22484
22495
22506
22517
22528
22539
22550
22560
22570
22580
22590
22600
22610
22620
22630
22640
22650
22660
22669
22678
22687
22696
22705
22714
22723
22732
22741
22750
22760
22770
22780
22790
22800
22810
22820
22830
22840
22850
22860
22870
22880
22890
22900
22910
22920
22930
22940
22950
22960
22970
22980
22990
23000
23010
23020
23030
23040
23050
23060
23070
23080
23090
23101
23112
23123
23134
23145
23156
23167
23178
23190
23201
23212
23223
23234
23245
23256
23267
23278
23290
23301
23312
23323
23334
23345
23356
23367
23378
23390
23401
23412
23423
23434
23445
23456
23467
23478
23489
23500
23511
23522
23533
23544
23555
23566
23577
23588
23600
23611
23622
23633
23644
23655
23666
23677
23688
23700
23711
23722
23733
23744
23755
23766
23777
23788
23800
23811
23822
23833
23844
23855
23866
23877
23888
23900
23912
23924
23936
23948
23961
23973
23985
23997
24010
24020
24030
24040
24050
24060
24070
24080
24090
24100
24110
24121
24132
24143
24154
24165
24176
24187
24198
24210
24221
24232
24243
24254
24265
24276
24287
24298
24310
24321
24332
24343
24354
24365
24376
24387
24398
24410
24421
24432
24443
24454
24465
24476
24487
24498
24510
24520
24530
24540
24550
24560
24570
24580
24590
24600
24610
24621
24632
24643
24654
24665
24676
24687
24698
24710
24721
24732
24743
24754
24765
24776
24787
24798
24810
24821
24832
24843
24854
24865
24876
24887
24898
24910
24921
24932
24943
24954
24965
24976
24987
24998
25010
25021
25032
25043
25054
25065
25076
25087
25098
25110
25119
25128
25137
25146
25155
25164
25173
25182
25191
25200
25210
25220
25230
25240
25250
25259
25270
25280
25290
25299
25310
25319
25328
25337
25346
25355
25364
25373
25382
25391
25400
25410
25421
25432
25443
25454
25465
25476
25487
25498
25509
25520
25529
25538
25547
25556
25565
25574
25583
25592
25601
25610
25620
25630
25640
25650
25660
25670
25680
25689
25700
25710
25720
25729
25738
25747
25756
25765
25774
25783
25792
25801
25810
25820
25830
25840
25850
25860
25870
25880
25890
25900
25910
25920
25930
25940
25950
25960
25970
25980
25990
26000
26010
26020
26030
26040
26050
26060
26070
26080
26090
26100
26110
26119
26130
26139
26148
26157
26166
26175
26184
26193
26202
26211
26220
26230
26239
26248
26257
26266
26275
26284
26293
26302
26311
26320
26330
26339
26348
26357
26366
26375
26384
26393
26402
26411
26420
26430
26439
26448
26457
26466
26475
26484
26493
26502
26511
26520
26530
26539
26548
26557
26566
26575
26584
26593
26602
26611
26620
26630
26640
26650
26660
26669
26680
26690
26700
26710
26720
26730
26740
26750
26760
26770
26780
26790
26800
26810
26820
26830
26840
26849
26858
26867
26876
26885
26894
26903
26912
26921
26930
26940
26949
26958
26967
26976
26985
26994
27003
27012
27021
27030
27040
27049
27058
27067
27076
27085
27094
27103
27112
27121
27130
27140
27151
27162
27173
27184
27195
27206
27217
27228
27240
27251
27262
27273
27284
27295
27306
27317
27328
27340
27351
27362
27373
27384
27395
27406
27417
27428
27440
27451
27462
27473
27484
27495
27506
27517
27528
27540
27551
27562
27573
27584
27595
27606
27617
27628
27640
27651
27662
27673
27684
27695
27706
27717
27728
27740
27751
27762
27773
27784
27795
27806
27817
27828
27840
27852
27864
27876
27888
27901
27913
27925
27937
27950
27961
27972
27983
27994
28005
28016
28027
28038
28050
28061
28072
28083
28094
28105
28116
28127
28138
28150
28162
28174
28187
28200
28212
28225
28237
28250
28261
28272
28283
28294
28305
28316
28327
28338
28350
28362
28375
28387
28400
28412
28425
28437
28450
28461
28472
28483
28494
28505
28516
28527
28538
28550
28562
28575
28587
28600
28612
28625
28637
28650
28661
28672
28683
28694
28705
28716
28727
28738
28750
28762
28775
28787
28800
28812
28825
28837
28850
28862
28874
28886
28898
28911
28923
28935
28947
28960
28972
28985
28997
29009
29022
29035
29047
29060
29071
29082
29093
29104
29115
29126
29137
29148
29160
29172
29185
29197
29210
29222
29235
29247
29260
29272
29285
29297
29310
29322
29335
29347
29360
29371
29382
29393
29404
29415
29426
29437
29448
29460
29472
29485
29497
29509
29522
29535
29547
29560
29571
29582
29593
29604
29615
29626
29637
29648
29660
29672
29685
29697
29710
29722
29735
29747
29760
29771
29782
29793
29804
29815
29826
29837
29848
29860
29873
29887
29901
29915
29928
29942
29956
29970
