0.21 84668.0
0.32 83280.0
0.42 80504.0
0.53 91608.0
0.63 80504.0
0.74 80504.0
0.85 80504.0
0.95 84668.0
1.06 91608.0
1.16 81892.0
1.27 79116.0
1.39 94384.0
1.50 87444.0
1.61 86056.0
1.71 76340.0
1.82 90220.0
1.92 86056.0
2.03 81892.0
2.13 79116.0
2.24 84668.0
2.35 94384.0
2.45 83280.0
2.56 88832.0
2.66 79116.0
2.77 73564.0
2.88 81892.0
2.99 76340.0
3.10 80504.0
3.20 79116.0
3.31 76340.0
3.41 56908.0
3.52 76340.0
3.63 70788.0
3.74 77728.0
3.85 86056.0
3.95 79116.0
4.06 72176.0
4.16 77728.0
4.27 76340.0
4.38 88832.0
4.49 86056.0
4.60 90220.0
4.70 74952.0
4.81 88832.0
4.91 76340.0
5.02 72176.0
5.13 76340.0
5.24 81892.0
5.35 83280.0
5.45 84668.0
5.56 84668.0
5.66 80504.0
5.78 87444.0
5.88 74952.0
5.99 73564.0
6.10 79116.0
6.20 69400.0
6.31 73564.0
6.41 74952.0
6.53 81892.0
6.63 83280.0
6.74 83280.0
6.85 77728.0
6.95 74952.0
7.06 72176.0
7.16 76340.0
7.27 90220.0
7.38 83280.0
7.49 81892.0
7.60 83280.0
7.70 62460.0
7.81 86056.0
7.91 80504.0
8.02 94384.0
8.14 90220.0
8.25 88832.0
8.36 94384.0
8.46 80504.0
8.58 86056.0
8.68 76340.0
8.79 81892.0
8.89 70788.0
9.00 87444.0
9.11 74952.0
9.21 79116.0
9.32 72176.0
9.42 73564.0
9.53 74952.0
9.63 76340.0
9.74 70788.0
9.86 83280.0
9.96 80504.0
10.07 84668.0
10.17 80504.0
10.28 77728.0
10.38 76340.0
10.49 84668.0
10.60 81892.0
10.70 61072.0
10.81 83280.0
10.91 76340.0
11.02 88832.0
11.13 92996.0
11.24 81892.0
11.35 95772.0
11.45 84668.0
11.56 87444.0
11.67 80504.0
11.78 84668.0
11.89 81892.0
12.00 87444.0
12.11 77728.0
12.21 72176.0
12.32 76340.0
12.42 72176.0
12.54 76340.0
12.64 73564.0
12.75 90220.0
12.86 101324.0
12.96 87444.0
13.07 76340.0
13.17 88832.0
13.28 86056.0
13.38 77728.0
13.49 83280.0
13.60 72176.0
13.70 73564.0
13.81 84668.0
13.91 87444.0
14.02 92996.0
14.13 81892.0
14.24 83280.0
14.35 86056.0
14.45 86056.0
14.56 86056.0
14.66 73564.0
14.77 81892.0
14.88 87444.0
14.99 86056.0
15.11 87444.0
15.21 94384.0
15.32 79116.0
15.43 80504.0
15.54 97160.0
15.64 79116.0
15.75 95772.0
15.87 81892.0
15.97 79116.0
16.08 79116.0
16.19 74952.0
16.31 88832.0
16.41 81892.0
16.52 83280.0
16.63 81892.0
16.74 86056.0
16.85 84668.0
16.95 76340.0
17.06 86056.0
17.16 68012.0
17.27 68012.0
17.38 76340.0
17.49 90220.0
17.60 90220.0
17.70 81892.0
17.81 80504.0
17.91 70788.0
18.02 70788.0
18.14 91608.0
18.25 104100.0
18.36 81892.0
18.46 79116.0
18.57 80504.0
18.67 80504.0
18.78 90220.0
18.88 70788.0
18.99 80504.0
19.10 91608.0
19.20 79116.0
19.31 80504.0
19.41 61072.0
19.52 74952.0
19.63 91608.0
19.74 86056.0
19.85 79116.0
19.95 77728.0
20.06 70788.0
20.16 73564.0
20.27 80504.0
20.38 90220.0
20.49 90220.0
20.60 74952.0
20.70 76340.0
20.81 76340.0
20.91 77728.0
21.02 81892.0
21.13 84668.0
21.24 90220.0
21.35 74952.0
21.45 68012.0
21.56 87444.0
21.66 84668.0
21.77 84668.0
21.88 77728.0
21.99 86056.0
22.10 69400.0
22.20 79116.0
22.31 79116.0
22.41 76340.0
22.52 84668.0
22.63 79116.0
22.74 91608.0
22.85 87444.0
22.95 73564.0
23.07 79116.0
23.17 69400.0
23.28 77728.0
23.38 81892.0
23.49 80504.0
23.60 72176.0
23.70 74952.0
23.81 88832.0
23.91 81892.0
24.02 77728.0
24.13 76340.0
24.24 76340.0
24.35 81892.0
24.45 72176.0
24.56 81892.0
24.66 72176.0
24.77 79116.0
24.88 91608.0
24.99 92996.0
25.10 86056.0
25.20 76340.0
25.31 74952.0
25.41 74952.0
25.52 83280.0
25.63 68012.0
25.75 90220.0
25.86 91608.0
25.96 76340.0
26.07 74952.0
26.17 79116.0
26.28 80504.0
26.38 76340.0
26.49 70788.0
26.60 69400.0
26.70 41640.0
26.81 76340.0
26.91 81892.0
27.03 76340.0
27.13 81892.0
27.24 63848.0
27.35 83280.0
27.45 70788.0
27.56 86056.0
27.66 81892.0
27.78 79116.0
27.88 86056.0
27.99 73564.0
28.10 81892.0
28.20 74952.0
28.31 70788.0
28.41 84668.0
28.52 86056.0
28.63 77728.0
28.74 88832.0
28.85 76340.0
28.95 76340.0
29.06 81892.0
29.16 74952.0
29.27 79116.0
29.38 84668.0
29.49 83280.0
29.60 76340.0
29.70 72176.0
29.81 92996.0
29.91 77728.0
30.02 81892.0
30.13 80504.0
30.24 86056.0
30.35 77728.0
30.45 81892.0
30.56 80504.0
30.66 76340.0
30.77 79116.0
30.88 73564.0
30.99 84668.0
31.10 70788.0
31.20 61072.0
31.31 72176.0
31.41 54132.0
31.52 69400.0
31.63 49968.0
31.74 80504.0
31.85 80504.0
31.95 58296.0
32.06 86056.0
32.17 72176.0
32.28 74952.0
32.38 66624.0
32.49 73564.0
32.60 52744.0
32.70 69400.0
32.81 74952.0
32.91 63848.0
33.02 56908.0
33.13 61072.0
33.24 63848.0
33.35 83280.0
33.45 80504.0
33.56 83280.0
33.66 72176.0
33.77 68012.0
33.88 58296.0
33.99 86056.0
34.10 76340.0
34.20 79116.0
34.31 80504.0
34.41 80504.0
34.52 79116.0
34.63 79116.0
34.74 76340.0
34.85 68012.0
34.95 72176.0
35.07 74952.0
35.17 73564.0
35.28 70788.0
35.39 68012.0
35.50 94384.0
35.61 74952.0
35.71 59684.0
35.82 79116.0
35.92 62460.0
36.03 79116.0
36.13 69400.0
36.24 72176.0
36.36 70788.0
36.46 77728.0
36.57 80504.0
36.67 65236.0
36.78 66624.0
36.88 62460.0
36.99 74952.0
37.11 76340.0
37.21 76340.0
37.32 73564.0
37.42 62460.0
37.53 70788.0
37.63 70788.0
37.74 80504.0
37.85 74952.0
37.95 72176.0
38.06 73564.0
38.16 70788.0
38.27 74952.0
38.38 65236.0
38.49 91608.0
38.60 80504.0
38.70 70788.0
38.81 79116.0
38.91 79116.0
39.02 77728.0
39.13 66624.0
39.24 80504.0
39.35 73564.0
39.45 62460.0
39.56 87444.0
39.66 59684.0
39.77 77728.0
39.88 83280.0
39.99 58296.0
40.10 70788.0
40.20 68012.0
40.31 83280.0
40.41 68012.0
40.52 73564.0
40.63 79116.0
40.74 81892.0
40.85 80504.0
40.95 69400.0
41.06 76340.0
41.16 74952.0
41.27 77728.0
41.38 77728.0
41.49 77728.0
41.61 74952.0
41.71 79116.0
41.82 72176.0
41.92 69400.0
42.03 79116.0
42.13 76340.0
42.25 84668.0
42.36 88832.0
42.46 76340.0
42.57 74952.0
42.67 52744.0
42.78 81892.0
42.88 76340.0
42.99 79116.0
43.10 69400.0
43.20 66624.0
43.31 63848.0
43.41 63848.0
43.52 74952.0
43.63 74952.0
43.74 79116.0
43.85 77728.0
43.95 68012.0
44.06 72176.0
44.16 74952.0
44.27 80504.0
44.38 77728.0
44.49 79116.0
44.60 81892.0
44.70 68012.0
44.81 73564.0
44.91 61072.0
45.02 69400.0
45.13 86056.0
45.24 72176.0
45.35 76340.0
45.45 70788.0
45.56 76340.0
45.66 66624.0
45.78 70788.0
45.88 73564.0
45.99 69400.0
46.10 87444.0
46.20 83280.0
46.31 77728.0
46.41 76340.0
46.52 81892.0
46.63 69400.0
46.74 81892.0
46.85 79116.0
46.95 62460.0
47.06 79116.0
47.16 69400.0
47.27 84668.0
47.38 80504.0
47.49 72176.0
47.60 84668.0
47.70 65236.0
47.81 83280.0
47.91 72176.0
48.02 76340.0
48.13 74952.0
48.24 70788.0
48.35 83280.0
48.45 61072.0
48.56 81892.0
48.66 54132.0
48.78 95772.0
48.88 73564.0
48.99 77728.0
49.10 65236.0
49.21 68012.0
49.32 74952.0
49.43 76340.0
49.54 83280.0
49.64 62460.0
49.75 74952.0
49.86 73564.0
49.96 59684.0
50.07 88832.0
50.17 59684.0
50.28 74952.0
50.38 58296.0
50.49 83280.0
50.60 79116.0
50.70 51356.0
50.81 68012.0
50.91 49968.0
51.02 69400.0
51.13 76340.0
51.24 74952.0
51.35 77728.0
51.46 63848.0
51.57 74952.0
51.67 62460.0
51.79 65236.0
51.89 55520.0
52.00 54132.0
52.11 70788.0
52.21 72176.0
52.32 77728.0
52.42 76340.0
52.53 77728.0
52.63 76340.0
52.74 86056.0
52.85 94384.0
52.95 80504.0
53.06 97160.0
53.16 95772.0
53.27 76340.0
53.38 92996.0
53.49 63848.0
53.60 77728.0
53.70 69400.0
53.81 74952.0
53.91 74952.0
54.02 73564.0
54.13 68012.0
54.24 65236.0
54.35 52744.0
54.45 48580.0
54.56 68012.0
54.66 56908.0
54.77 68012.0
54.88 69400.0
54.99 80504.0
55.10 68012.0
55.20 58296.0
55.31 68012.0
55.41 37476.0
55.52 58296.0
55.63 74952.0
55.74 61072.0
55.85 84668.0
55.95 58296.0
56.06 84668.0
56.16 59684.0
56.27 80504.0
56.39 74952.0
56.50 73564.0
56.61 72176.0
56.71 59684.0
56.82 74952.0
56.92 58296.0
57.03 65236.0
57.13 45804.0
57.24 68012.0
57.35 72176.0
57.45 65236.0
57.56 74952.0
57.66 76340.0
57.77 79116.0
57.88 90220.0
58.00 77728.0
58.11 80504.0
58.21 79116.0
58.32 72176.0
58.42 63848.0
58.53 70788.0
58.63 70788.0
58.74 87444.0
58.86 77728.0
58.96 80504.0
59.07 84668.0
59.17 79116.0
59.28 80504.0
59.38 76340.0
59.49 72176.0
59.61 79116.0
59.71 88832.0
59.82 86056.0
59.92 73564.0
60.03 84668.0
60.13 70788.0
60.24 76340.0
60.35 76340.0
60.45 74952.0
60.56 81892.0
60.66 65236.0
60.77 79116.0
60.88 70788.0
60.99 73564.0
61.10 76340.0
61.20 63848.0
61.31 70788.0
61.41 74952.0
61.52 70788.0
61.63 81892.0
61.74 76340.0
61.85 68012.0
61.95 74952.0
62.06 81892.0
62.16 79116.0
62.27 69400.0
62.38 83280.0
62.49 73564.0
62.60 73564.0
62.70 77728.0
62.81 74952.0
62.91 77728.0
63.02 73564.0
63.13 83280.0
63.24 95772.0
63.35 91608.0
63.45 81892.0
63.56 79116.0
63.66 77728.0
63.77 81892.0
63.88 65236.0
64.00 69400.0
64.11 58296.0
64.21 44416.0
64.32 47192.0
64.42 65236.0
64.53 70788.0
64.63 72176.0
64.74 80504.0
64.85 86056.0
64.95 68012.0
65.07 81892.0
65.17 86056.0
65.28 74952.0
65.38 70788.0
65.49 80504.0
65.60 76340.0
65.71 69400.0
65.82 79116.0
65.92 74952.0
66.03 58296.0
66.13 73564.0
66.24 86056.0
66.35 83280.0
66.45 65236.0
66.56 84668.0
66.66 70788.0
66.77 69400.0
66.88 83280.0
66.99 80504.0
67.10 83280.0
67.20 81892.0
67.31 95772.0
67.41 73564.0
67.52 94384.0
67.63 97160.0
67.74 86056.0
67.85 84668.0
67.95 70788.0
68.06 79116.0
68.16 63848.0
68.27 83280.0
68.38 77728.0
68.49 77728.0
68.60 81892.0
68.70 68012.0
68.81 80504.0
68.91 62460.0
69.03 61072.0
69.13 51356.0
69.24 68012.0
69.35 73564.0
69.45 62460.0
69.56 80504.0
69.66 70788.0
69.77 83280.0
69.88 74952.0
69.99 88832.0
70.10 76340.0
70.20 77728.0
70.31 77728.0
70.41 76340.0
70.52 97160.0
70.63 84668.0
70.74 87444.0
70.85 84668.0
70.95 62460.0
71.06 99936.0
71.16 74952.0
71.27 83280.0
71.38 76340.0
71.49 84668.0
71.60 80504.0
71.70 72176.0
71.81 69400.0
71.91 69400.0
72.03 79116.0
72.13 69400.0
72.24 69400.0
72.35 73564.0
72.45 74952.0
72.56 84668.0
72.67 77728.0
72.78 81892.0
72.88 65236.0
72.99 80504.0
73.10 77728.0
73.21 63848.0
73.32 79116.0
73.42 74952.0
73.53 81892.0
73.63 58296.0
73.74 81892.0
73.85 76340.0
73.95 74952.0
74.06 80504.0
74.16 74952.0
74.27 86056.0
74.38 94384.0
74.50 76340.0
74.61 91608.0
74.71 77728.0
74.82 80504.0
74.92 72176.0
75.04 81892.0
75.14 80504.0
75.25 77728.0
75.36 79116.0
75.46 79116.0
75.57 87444.0
75.67 81892.0
75.79 81892.0
75.89 74952.0
76.00 87444.0
76.11 74952.0
76.21 74952.0
76.32 72176.0
76.42 84668.0
76.53 74952.0
76.63 73564.0
76.74 80504.0
76.85 88832.0
76.95 59684.0
77.06 81892.0
77.16 81892.0
77.27 88832.0
77.38 79116.0
77.49 80504.0
77.60 94384.0
77.70 80504.0
77.82 90220.0
77.92 77728.0
78.03 70788.0
78.13 70788.0
78.24 66624.0
78.35 81892.0
78.45 81892.0
78.57 80504.0
78.67 81892.0
78.78 86056.0
78.88 62460.0
78.99 81892.0
79.11 72176.0
79.21 79116.0
79.32 84668.0
79.42 77728.0
79.53 83280.0
79.63 81892.0
79.74 77728.0
79.85 94384.0
79.95 80504.0
80.06 81892.0
80.16 72176.0
80.27 97160.0
80.38 74952.0
80.49 80504.0
80.60 80504.0
80.70 77728.0
80.81 95772.0
80.91 43028.0
81.02 49968.0
81.13 48580.0
81.24 40252.0
81.36 45804.0
81.46 37476.0
81.57 41640.0
81.67 40252.0
81.78 45804.0
81.88 49968.0
81.99 44416.0
82.10 40252.0
82.20 40252.0
82.31 43028.0
82.41 38864.0
82.53 40252.0
82.63 24984.0
82.74 37476.0
82.85 38864.0
82.95 37476.0
83.06 38864.0
83.16 40252.0
83.27 45804.0
83.38 36088.0
83.49 40252.0
83.60 43028.0
83.70 40252.0
83.82 47192.0
83.92 43028.0
84.03 52744.0
84.13 44416.0
84.24 54132.0
84.35 43028.0
84.45 36088.0
84.56 33312.0
84.67 30536.0
84.78 33312.0
84.88 37476.0
84.99 38864.0
85.10 41640.0
85.20 37476.0
85.31 90220.0
85.41 58296.0
85.52 70788.0
85.63 73564.0
85.74 74952.0
85.86 79116.0
85.96 79116.0
86.07 58296.0
86.17 74952.0
86.28 95772.0
86.38 76340.0
86.49 84668.0
86.60 80504.0
86.70 72176.0
86.81 66624.0
86.91 66624.0
87.02 65236.0
87.14 65236.0
87.25 83280.0
87.36 73564.0
87.46 74952.0
87.57 70788.0
87.67 66624.0
87.78 63848.0
87.88 74952.0
87.99 87444.0
88.10 70788.0
88.20 59684.0
88.31 79116.0
88.41 33312.0
88.52 43028.0
88.63 36088.0
88.74 38864.0
88.85 41640.0
88.95 36088.0
89.06 38864.0
89.16 34700.0
89.27 33312.0
89.38 36088.0
89.49 31924.0
89.60 34700.0
89.70 38864.0
89.81 31924.0
89.91 29148.0
90.02 24984.0
90.14 30536.0
90.25 41640.0
90.36 40252.0
90.46 43028.0
90.57 40252.0
90.68 34700.0
90.79 33312.0
90.89 36088.0
91.00 45804.0
91.11 38864.0
91.21 43028.0
91.32 44416.0
91.42 41640.0
91.53 47192.0
91.63 33312.0
91.75 40252.0
91.86 45804.0
91.96 34700.0
92.07 37476.0
92.17 34700.0
92.28 38864.0
92.38 58296.0
92.49 80504.0
92.60 77728.0
92.70 80504.0
92.81 77728.0
92.91 79116.0
93.02 83280.0
93.13 72176.0
93.24 87444.0
93.35 74952.0
93.45 87444.0
93.56 76340.0
93.66 81892.0
93.77 83280.0
93.88 79116.0
94.00 87444.0
94.11 91608.0
94.21 65236.0
94.32 94384.0
94.42 65236.0
94.53 91608.0
94.63 86056.0
94.74 86056.0
94.85 91608.0
94.95 79116.0
95.07 88832.0
95.17 68012.0
95.28 88832.0
95.38 74952.0
95.49 77728.0
95.60 58296.0
95.70 62460.0
95.82 90220.0
95.92 66624.0
96.03 84668.0
96.13 66624.0
96.24 72176.0
96.35 68012.0
96.45 54132.0
96.57 51356.0
96.67 59684.0
96.78 55520.0
96.88 56908.0
97.00 84668.0
97.11 92996.0
97.22 77728.0
97.33 97160.0
97.43 81892.0
97.54 90220.0
97.64 77728.0
97.75 83280.0
97.86 76340.0
97.96 79116.0
98.07 86056.0
98.17 80504.0
98.28 81892.0
98.38 77728.0
98.49 87444.0
98.60 84668.0
98.70 77728.0
98.82 59684.0
98.93 55520.0
99.04 49968.0
99.14 44416.0
99.25 44416.0
99.36 38864.0
99.46 47192.0
99.57 40252.0
99.67 45804.0
99.78 47192.0
99.88 37476.0
99.99 38864.0
100.10 40252.0
100.21 41640.0
100.32 41640.0
100.42 37476.0
100.53 43028.0
100.63 37476.0
100.74 38864.0
100.85 37476.0
100.95 37476.0
101.06 47192.0
101.16 40252.0
101.27 37476.0
101.38 43028.0
101.49 43028.0
101.60 45804.0
101.70 41640.0
101.82 41640.0
101.92 41640.0
102.03 38864.0
102.13 30536.0
102.24 47192.0
102.35 69400.0
102.45 73564.0
102.56 55520.0
102.66 70788.0
102.77 70788.0
102.88 87444.0
102.99 74952.0
103.10 88832.0
103.20 87444.0
103.31 80504.0
103.41 79116.0
103.52 86056.0
103.63 74952.0
103.74 73564.0
103.85 72176.0
103.95 69400.0
104.06 84668.0
104.16 76340.0
104.27 90220.0
104.38 87444.0
104.49 90220.0
104.60 86056.0
104.70 76340.0
104.81 90220.0
104.91 77728.0
105.02 94384.0
105.13 99936.0
105.24 69400.0
105.35 86056.0
105.45 69400.0
105.56 91608.0
105.66 83280.0
105.78 81892.0
105.88 87444.0
105.99 83280.0
106.10 81892.0
106.20 69400.0
106.31 95772.0
106.41 63848.0
106.53 88832.0
106.63 84668.0
106.74 81892.0
106.85 69400.0
106.95 72176.0
107.06 87444.0
107.16 81892.0
107.27 83280.0
107.38 90220.0
107.49 81892.0
107.60 86056.0
107.70 87444.0
107.81 83280.0
107.91 70788.0
108.02 86056.0
108.13 81892.0
108.24 77728.0
108.35 86056.0
108.45 45804.0
108.56 54132.0
108.66 36088.0
108.77 45804.0
108.88 33312.0
108.99 44416.0
109.10 38864.0
109.20 37476.0
109.31 43028.0
109.41 36088.0
109.52 40252.0
109.63 43028.0
109.74 34700.0
109.86 44416.0
109.96 49968.0
110.07 40252.0
110.17 43028.0
110.28 43028.0
110.38 40252.0
110.49 40252.0
110.60 44416.0
110.70 33312.0
110.81 43028.0
110.92 43028.0
111.03 43028.0
111.13 30536.0
111.24 41640.0
111.35 40252.0
111.45 41640.0
111.56 43028.0
111.66 36088.0
111.77 47192.0
111.88 43028.0
111.99 45804.0
112.10 45804.0
112.20 38864.0
112.31 41640.0
112.41 45804.0
112.52 45804.0
112.63 41640.0
112.74 45804.0
112.85 41640.0
112.95 41640.0
113.06 41640.0
113.16 36088.0
113.27 34700.0
113.38 48580.0
113.49 88832.0
113.60 81892.0
113.70 79116.0
113.81 65236.0
113.92 73564.0
114.03 84668.0
114.13 68012.0
114.24 84668.0
114.36 79116.0
114.46 81892.0
114.57 86056.0
114.67 69400.0
114.78 73564.0
114.88 81892.0
114.99 84668.0
115.10 86056.0
115.20 83280.0
115.31 90220.0
115.41 65236.0
115.52 97160.0
115.63 70788.0
115.74 77728.0
115.85 88832.0
115.95 61072.0
116.06 83280.0
116.16 80504.0
116.27 81892.0
116.38 87444.0
116.49 77728.0
116.60 92996.0
116.70 74952.0
116.82 91608.0
116.92 76340.0
117.03 84668.0
117.13 79116.0
117.25 92996.0
117.37 90220.0
117.47 73564.0
117.58 98548.0
117.68 72176.0
117.79 86056.0
117.89 83280.0
118.00 87444.0
118.11 87444.0
118.21 77728.0
118.32 94384.0
118.42 84668.0
118.53 87444.0
118.63 66624.0
118.74 72176.0
118.85 66624.0
118.95 66624.0
119.06 77728.0
119.16 55520.0
119.27 66624.0
119.38 47192.0
119.49 59684.0
119.60 68012.0
119.70 56908.0
119.81 65236.0
119.91 52744.0
