0.20 55520.0
0.31 55520.0
0.41 49968.0
0.52 63848.0
0.63 63848.0
0.74 65236.0
0.85 55520.0
0.95 72176.0
1.06 65236.0
1.16 61072.0
1.27 74952.0
1.38 62460.0
1.49 56908.0
1.60 74952.0
1.70 55520.0
1.81 51356.0
1.91 63848.0
2.02 65236.0
2.13 77728.0
2.24 63848.0
2.35 62460.0
2.45 62460.0
2.56 59684.0
2.66 56908.0
2.77 55520.0
2.88 69400.0
2.99 68012.0
3.10 58296.0
3.20 65236.0
3.31 69400.0
3.41 68012.0
3.52 62460.0
3.63 77728.0
3.74 74952.0
3.85 73564.0
3.95 73564.0
4.06 73564.0
4.16 63848.0
4.27 62460.0
4.38 79116.0
4.49 58296.0
4.61 79116.0
4.71 79116.0
4.82 80504.0
4.92 74952.0
5.03 51356.0
5.14 66624.0
5.25 79116.0
5.36 73564.0
5.46 62460.0
5.57 65236.0
5.67 61072.0
5.78 59684.0
5.88 56908.0
5.99 65236.0
6.10 70788.0
6.20 55520.0
6.31 69400.0
6.41 59684.0
6.52 74952.0
6.63 76340.0
6.74 62460.0
6.85 70788.0
6.95 58296.0
7.06 69400.0
7.16 59684.0
7.27 74952.0
7.38 66624.0
7.49 77728.0
7.60 73564.0
7.70 63848.0
7.81 77728.0
7.91 66624.0
8.02 63848.0
8.13 62460.0
8.24 108264.0
8.35 92996.0
8.45 83280.0
8.56 61072.0
8.66 56908.0
8.77 56908.0
8.88 70788.0
8.99 66624.0
9.10 59684.0
9.20 59684.0
9.31 66624.0
9.41 65236.0
9.52 66624.0
9.63 72176.0
9.74 77728.0
9.85 66624.0
9.95 62460.0
10.06 58296.0
10.16 72176.0
10.27 52744.0
10.38 56908.0
10.49 65236.0
10.60 56908.0
10.70 49968.0
10.81 61072.0
10.91 59684.0
11.02 68012.0
11.13 65236.0
11.24 66624.0
11.35 62460.0
11.45 55520.0
11.56 59684.0
11.66 48580.0
11.77 56908.0
11.89 70788.0
12.00 74952.0
12.11 79116.0
12.22 51356.0
12.33 79116.0
12.43 54132.0
12.54 63848.0
12.64 43028.0
12.75 56908.0
12.86 63848.0
12.96 59684.0
13.07 55520.0
13.17 69400.0
13.28 62460.0
13.38 61072.0
13.49 80504.0
13.60 65236.0
13.70 72176.0
13.81 56908.0
13.91 63848.0
14.02 68012.0
14.13 68012.0
14.24 76340.0
14.35 72176.0
14.45 56908.0
14.56 70788.0
14.66 61072.0
14.77 73564.0
14.88 65236.0
14.99 66624.0
15.10 74952.0
15.20 58296.0
15.31 62460.0
15.41 68012.0
15.52 68012.0
15.64 79116.0
15.75 66624.0
15.86 54132.0
15.96 52744.0
16.07 62460.0
16.17 51356.0
16.28 79116.0
16.38 58296.0
16.49 58296.0
16.61 68012.0
16.71 61072.0
16.82 62460.0
16.92 62460.0
17.03 66624.0
17.13 47192.0
17.24 70788.0
17.35 63848.0
17.45 54132.0
17.56 63848.0
17.66 59684.0
17.77 65236.0
17.88 70788.0
17.99 70788.0
18.10 66624.0
18.20 52744.0
18.31 69400.0
18.41 55520.0
18.52 74952.0
18.63 90220.0
18.74 86056.0
18.85 119368.0
18.95 92996.0
19.06 102712.0
19.16 87444.0
19.27 79116.0
19.38 61072.0
19.49 76340.0
19.60 72176.0
19.70 62460.0
19.81 61072.0
19.91 66624.0
20.02 77728.0
20.13 65236.0
20.24 72176.0
20.35 58296.0
20.45 48580.0
20.56 84668.0
20.66 58296.0
20.77 59684.0
20.88 56908.0
20.99 51356.0
21.10 65236.0
21.20 59684.0
21.31 73564.0
21.41 56908.0
21.52 65236.0
21.63 62460.0
21.75 63848.0
21.86 69400.0
21.96 58296.0
22.07 59684.0
22.17 56908.0
22.28 63848.0
22.38 63848.0
22.49 54132.0
22.60 56908.0
22.70 59684.0
22.81 74952.0
22.91 70788.0
23.02 66624.0
23.13 63848.0
23.24 61072.0
23.35 70788.0
23.45 54132.0
23.56 68012.0
23.66 68012.0
23.77 73564.0
23.88 74952.0
23.99 65236.0
24.10 88832.0
24.20 62460.0
24.31 66624.0
24.41 77728.0
24.52 68012.0
24.63 73564.0
24.74 79116.0
24.85 66624.0
24.95 73564.0
25.06 84668.0
25.16 61072.0
25.27 70788.0
25.39 74952.0
25.50 63848.0
25.61 80504.0
25.71 58296.0
25.82 76340.0
25.93 61072.0
26.04 74952.0
26.14 68012.0
26.25 74952.0
26.36 77728.0
26.46 84668.0
26.57 84668.0
26.67 88832.0
26.78 73564.0
26.88 70788.0
26.99 70788.0
27.10 59684.0
27.20 65236.0
27.31 84668.0
27.41 55520.0
27.52 59684.0
27.63 72176.0
27.74 61072.0
27.85 72176.0
27.95 63848.0
28.06 69400.0
28.16 66624.0
28.27 74952.0
28.38 72176.0
28.49 72176.0
28.60 70788.0
28.70 74952.0
28.81 68012.0
28.91 58296.0
29.02 73564.0
29.13 58296.0
29.24 76340.0
29.35 68012.0
29.46 54132.0
29.57 77728.0
29.67 61072.0
29.78 88832.0
29.88 69400.0
29.99 81892.0
30.10 69400.0
30.20 65236.0
30.31 76340.0
30.41 72176.0
30.52 77728.0
30.63 79116.0
30.74 63848.0
30.85 83280.0
30.95 54132.0
31.06 65236.0
31.16 61072.0
31.27 56908.0
31.38 83280.0
31.49 69400.0
31.60 76340.0
31.70 72176.0
31.81 66624.0
31.91 61072.0
32.02 69400.0
32.13 61072.0
32.24 63848.0
32.35 63848.0
32.45 55520.0
32.56 63848.0
32.66 55520.0
32.77 65236.0
32.88 62460.0
32.99 61072.0
33.10 68012.0
33.21 79116.0
33.32 73564.0
33.42 77728.0
33.53 81892.0
33.63 59684.0
33.74 66624.0
33.86 65236.0
33.96 61072.0
34.07 73564.0
34.17 56908.0
34.28 68012.0
34.38 58296.0
34.49 65236.0
34.60 62460.0
34.70 51356.0
34.81 69400.0
34.91 45804.0
35.02 74952.0
35.13 72176.0
35.24 72176.0
35.35 69400.0
35.45 63848.0
35.56 61072.0
35.66 61072.0
35.77 72176.0
35.88 73564.0
35.99 62460.0
36.10 70788.0
36.20 55520.0
36.31 81892.0
36.41 62460.0
36.52 69400.0
36.64 69400.0
36.75 76340.0
36.86 80504.0
36.96 76340.0
37.07 73564.0
37.17 76340.0
37.28 76340.0
37.38 70788.0
37.49 65236.0
37.60 88832.0
37.70 70788.0
37.81 83280.0
37.91 69400.0
38.02 70788.0
38.13 76340.0
38.24 66624.0
38.35 73564.0
38.45 65236.0
38.56 59684.0
38.66 86056.0
38.77 61072.0
38.88 62460.0
38.99 81892.0
39.10 62460.0
39.21 84668.0
39.32 87444.0
39.42 73564.0
39.53 73564.0
39.63 76340.0
39.74 81892.0
39.85 70788.0
39.95 69400.0
40.06 80504.0
40.16 73564.0
40.27 70788.0
40.38 70788.0
40.49 61072.0
40.60 69400.0
40.70 62460.0
40.81 79116.0
40.91 69400.0
41.02 79116.0
41.13 79116.0
41.24 88832.0
41.35 83280.0
41.45 65236.0
41.56 63848.0
41.66 73564.0
41.77 62460.0
41.88 61072.0
41.99 65236.0
42.10 62460.0
42.20 80504.0
42.31 70788.0
42.41 66624.0
42.52 70788.0
42.63 65236.0
42.74 55520.0
42.85 72176.0
42.95 68012.0
43.06 108264.0
43.16 63848.0
43.27 98548.0
43.38 104100.0
43.49 104100.0
43.60 72176.0
43.70 63848.0
43.81 111040.0
43.91 77728.0
44.02 69400.0
44.13 74952.0
44.25 88832.0
44.36 72176.0
44.46 58296.0
44.57 73564.0
44.67 63848.0
44.78 73564.0
44.88 91608.0
44.99 109652.0
45.10 62460.0
45.20 63848.0
45.31 79116.0
45.41 62460.0
45.52 69400.0
45.63 83280.0
45.74 68012.0
45.86 81892.0
45.96 80504.0
46.07 62460.0
46.17 73564.0
46.28 74952.0
46.38 49968.0
46.49 70788.0
46.60 55520.0
46.70 61072.0
46.81 59684.0
46.91 70788.0
47.02 84668.0
47.13 76340.0
47.25 74952.0
47.36 73564.0
47.47 72176.0
47.58 81892.0
47.68 51356.0
47.79 79116.0
47.89 56908.0
48.00 65236.0
48.12 77728.0
48.22 69400.0
48.33 73564.0
48.43 63848.0
48.54 68012.0
48.65 81892.0
48.76 74952.0
48.87 73564.0
48.97 61072.0
49.08 72176.0
49.18 84668.0
49.29 87444.0
49.39 69400.0
49.50 68012.0
49.61 77728.0
49.71 65236.0
49.82 70788.0
49.92 70788.0
50.03 77728.0
50.14 73564.0
50.25 70788.0
50.36 70788.0
50.46 72176.0
50.57 77728.0
50.67 69400.0
50.78 81892.0
50.88 65236.0
50.99 65236.0
51.10 86056.0
51.20 65236.0
51.31 76340.0
51.41 69400.0
51.52 77728.0
51.63 70788.0
51.92 27760.0
52.03 230408.0
52.13 58296.0
52.24 58296.0
52.35 86056.0
52.45 81892.0
52.56 65236.0
52.66 62460.0
52.77 66624.0
52.88 66624.0
52.99 76340.0
53.10 77728.0
53.20 73564.0
53.31 66624.0
53.41 74952.0
53.53 66624.0
53.63 73564.0
53.74 62460.0
53.85 65236.0
53.95 59684.0
54.06 76340.0
54.16 63848.0
54.27 72176.0
54.38 70788.0
54.49 83280.0
54.60 80504.0
54.70 65236.0
54.81 70788.0
54.91 51356.0
55.02 83280.0
55.13 70788.0
55.25 58296.0
55.36 73564.0
55.46 61072.0
55.57 76340.0
55.67 62460.0
55.78 66624.0
55.88 61072.0
55.99 68012.0
56.10 65236.0
56.20 59684.0
56.31 68012.0
56.41 66624.0
56.53 68012.0
56.63 63848.0
56.74 83280.0
56.85 101324.0
56.95 74952.0
57.06 65236.0
57.16 61072.0
57.27 61072.0
57.38 73564.0
57.49 68012.0
57.60 77728.0
57.70 63848.0
57.81 77728.0
57.91 62460.0
58.02 66624.0
58.13 70788.0
58.24 70788.0
58.36 68012.0
58.46 68012.0
58.57 68012.0
58.67 56908.0
58.78 66624.0
58.88 77728.0
58.99 66624.0
59.10 70788.0
59.20 55520.0
59.31 69400.0
59.41 70788.0
59.52 63848.0
59.63 88832.0
59.74 65236.0
59.85 83280.0
59.95 83280.0
60.06 68012.0
60.16 70788.0
60.27 61072.0
60.38 66624.0
60.49 68012.0
60.60 66624.0
60.70 56908.0
60.81 63848.0
60.91 63848.0
61.02 77728.0
61.13 77728.0
61.24 73564.0
61.35 77728.0
61.45 69400.0
61.56 76340.0
61.66 69400.0
61.77 80504.0
61.88 76340.0
61.99 73564.0
62.10 63848.0
62.20 56908.0
62.31 72176.0
62.41 66624.0
62.52 70788.0
62.63 68012.0
62.74 61072.0
62.85 72176.0
62.95 61072.0
63.06 76340.0
63.16 69400.0
63.27 77728.0
63.38 66624.0
63.49 74952.0
63.60 65236.0
63.70 66624.0
63.81 74952.0
63.91 62460.0
64.02 80504.0
64.13 70788.0
64.24 65236.0
64.35 58296.0
64.45 70788.0
64.56 63848.0
64.66 72176.0
64.77 59684.0
64.88 72176.0
64.99 79116.0
65.10 66624.0
65.20 66624.0
65.31 73564.0
65.41 59684.0
65.52 72176.0
65.63 66624.0
65.74 62460.0
65.85 88832.0
65.95 62460.0
66.06 76340.0
66.16 66624.0
66.27 83280.0
66.38 74952.0
66.49 68012.0
66.60 73564.0
66.70 68012.0
66.81 68012.0
66.91 72176.0
67.02 73564.0
67.13 70788.0
67.24 74952.0
67.35 70788.0
67.45 81892.0
67.56 102712.0
67.66 83280.0
67.77 73564.0
67.89 73564.0
68.00 68012.0
68.11 105488.0
68.21 73564.0
68.32 74952.0
68.42 59684.0
68.53 86056.0
68.63 69400.0
68.74 101324.0
68.85 91608.0
68.95 59684.0
69.06 74952.0
69.40 33312.0
69.51 241512.0
69.62 77728.0
69.72 63848.0
69.83 70788.0
69.93 74952.0
70.04 74952.0
70.14 61072.0
70.25 55520.0
70.37 79116.0
70.47 70788.0
70.58 66624.0
70.68 48580.0
70.79 70788.0
70.89 54132.0
71.00 72176.0
71.11 104100.0
71.21 65236.0
71.32 63848.0
71.42 99936.0
71.53 69400.0
71.63 51356.0
71.74 91608.0
71.85 91608.0
71.95 66624.0
72.06 58296.0
72.16 79116.0
72.27 81892.0
72.38 65236.0
72.49 91608.0
72.60 74952.0
72.70 62460.0
72.81 99936.0
72.92 73564.0
73.03 61072.0
73.13 87444.0
73.24 105488.0
73.35 81892.0
73.45 74952.0
73.56 108264.0
73.66 55520.0
73.77 88832.0
73.89 72176.0
74.00 84668.0
74.11 81892.0
74.21 61072.0
74.33 80504.0
74.43 66624.0
74.54 70788.0
74.64 61072.0
74.75 76340.0
74.86 88832.0
74.96 62460.0
75.08 76340.0
75.18 69400.0
75.29 59684.0
75.39 73564.0
75.50 65236.0
75.61 77728.0
75.71 63848.0
75.82 73564.0
75.92 80504.0
76.03 76340.0
76.13 83280.0
76.24 73564.0
76.35 66624.0
76.45 68012.0
76.56 70788.0
76.66 62460.0
76.77 55520.0
76.88 72176.0
76.99 56908.0
77.10 62460.0
77.20 66624.0
77.31 58296.0
77.41 63848.0
77.52 72176.0
77.63 63848.0
77.74 69400.0
77.85 61072.0
77.95 59684.0
78.06 73564.0
78.16 54132.0
78.27 66624.0
78.38 65236.0
78.49 66624.0
78.61 72176.0
78.71 72176.0
78.82 68012.0
78.92 54132.0
79.03 66624.0
79.13 76340.0
79.24 84668.0
79.35 80504.0
79.45 61072.0
79.56 81892.0
79.66 59684.0
79.77 73564.0
79.89 81892.0
80.00 70788.0
80.11 80504.0
80.21 61072.0
80.32 83280.0
80.42 68012.0
80.53 72176.0
80.63 62460.0
80.75 72176.0
80.86 84668.0
80.96 51356.0
81.07 65236.0
81.17 62460.0
81.28 69400.0
81.38 63848.0
81.49 84668.0
81.60 62460.0
81.70 69400.0
81.81 73564.0
81.91 84668.0
82.03 77728.0
82.13 84668.0
82.24 79116.0
82.35 66624.0
82.45 66624.0
82.56 70788.0
82.66 68012.0
82.77 83280.0
82.88 88832.0
82.99 65236.0
83.10 91608.0
83.20 63848.0
83.31 65236.0
83.41 77728.0
83.52 59684.0
83.63 80504.0
83.74 58296.0
83.85 72176.0
83.95 73564.0
84.06 68012.0
84.16 69400.0
84.27 56908.0
84.38 86056.0
84.49 65236.0
84.60 66624.0
84.70 59684.0
84.81 58296.0
84.91 66624.0
85.02 65236.0
85.13 58296.0
85.24 80504.0
85.35 68012.0
85.45 59684.0
85.56 88832.0
85.66 54132.0
85.77 66624.0
85.88 90220.0
85.99 74952.0
86.10 55520.0
86.20 61072.0
86.31 62460.0
86.41 65236.0
86.52 68012.0
86.63 62460.0
86.74 62460.0
86.85 65236.0
86.95 66624.0
87.06 63848.0
87.16 56908.0
87.27 73564.0
87.38 72176.0
87.49 59684.0
87.60 72176.0
87.70 55520.0
87.81 63848.0
87.91 51356.0
88.02 69400.0
88.13 58296.0
88.24 59684.0
88.35 76340.0
88.45 51356.0
88.56 68012.0
88.66 68012.0
88.77 58296.0
88.88 69400.0
88.99 61072.0
89.10 65236.0
89.20 56908.0
89.31 63848.0
89.41 61072.0
89.52 61072.0
89.63 58296.0
89.74 66624.0
89.85 62460.0
89.95 58296.0
90.06 65236.0
90.16 66624.0
90.27 58296.0
90.38 68012.0
90.49 66624.0
90.60 61072.0
90.70 58296.0
90.81 73564.0
90.91 58296.0
91.02 79116.0
91.13 73564.0
91.25 52744.0
91.36 79116.0
91.46 66624.0
91.57 68012.0
91.67 58296.0
91.78 70788.0
91.88 73564.0
91.99 77728.0
92.10 72176.0
92.20 59684.0
92.31 65236.0
92.41 66624.0
92.52 65236.0
92.63 70788.0
92.74 76340.0
92.85 62460.0
92.95 55520.0
93.06 68012.0
93.16 55520.0
93.27 86056.0
93.38 65236.0
93.49 76340.0
93.60 63848.0
93.70 69400.0
93.81 66624.0
93.91 66624.0
94.02 72176.0
94.13 70788.0
94.24 69400.0
94.35 66624.0
94.45 59684.0
94.56 70788.0
94.66 73564.0
94.77 63848.0
94.88 66624.0
94.99 59684.0
95.10 74952.0
95.20 54132.0
95.31 68012.0
95.41 58296.0
95.52 59684.0
95.63 86056.0
95.75 72176.0
95.86 68012.0
95.96 99936.0
96.07 106876.0
96.17 72176.0
96.28 70788.0
96.38 79116.0
96.50 95772.0
96.61 115204.0
96.71 94384.0
96.82 94384.0
96.92 59684.0
97.03 73564.0
97.13 69400.0
97.24 73564.0
97.35 63848.0
97.45 56908.0
97.56 72176.0
97.66 65236.0
97.77 56908.0
97.88 81892.0
97.99 73564.0
98.10 62460.0
98.20 63848.0
98.31 72176.0
98.41 63848.0
98.52 76340.0
98.63 65236.0
98.74 66624.0
98.85 72176.0
98.95 62460.0
99.06 68012.0
99.16 69400.0
99.27 76340.0
99.38 74952.0
99.49 68012.0
99.60 76340.0
99.70 62460.0
99.81 80504.0
99.92 62460.0
100.03 66624.0
100.13 73564.0
100.24 68012.0
100.35 59684.0
100.45 56908.0
100.56 72176.0
100.66 83280.0
100.77 109652.0
100.88 104100.0
100.99 86056.0
101.10 62460.0
101.20 58296.0
101.31 72176.0
101.43 66624.0
101.54 79116.0
101.64 65236.0
101.75 68012.0
101.86 65236.0
101.96 73564.0
102.07 68012.0
102.17 55520.0
102.28 98548.0
102.38 61072.0
102.49 66624.0
102.60 86056.0
102.70 65236.0
102.81 66624.0
102.91 59684.0
103.02 70788.0
103.13 58296.0
103.24 76340.0
103.35 68012.0
103.45 66624.0
103.56 76340.0
103.66 72176.0
103.77 66624.0
103.88 66624.0
103.99 69400.0
104.10 66624.0
104.20 77728.0
104.31 70788.0
104.41 69400.0
104.52 72176.0
104.63 99936.0
104.74 83280.0
104.85 77728.0
104.95 68012.0
105.06 69400.0
105.17 56908.0
105.28 81892.0
105.38 61072.0
105.49 61072.0
105.60 65236.0
105.70 65236.0
105.81 65236.0
105.91 65236.0
106.02 77728.0
106.13 68012.0
106.24 74952.0
106.35 59684.0
106.45 63848.0
106.56 70788.0
106.66 61072.0
106.77 73564.0
106.88 76340.0
107.00 76340.0
107.12 81892.0
107.22 68012.0
107.33 72176.0
107.43 56908.0
107.54 69400.0
107.64 63848.0
107.75 69400.0
107.86 55520.0
107.96 59684.0
108.07 69400.0
108.17 36088.0
108.28 30536.0
108.38 29148.0
108.49 31924.0
108.61 33312.0
108.71 44416.0
108.82 38864.0
108.92 31924.0
109.03 30536.0
109.13 30536.0
109.24 36088.0
109.35 31924.0
109.45 27760.0
109.56 33312.0
109.66 30536.0
109.78 27760.0
109.88 36088.0
109.99 41640.0
110.10 34700.0
110.20 40252.0
110.31 55520.0
110.41 47192.0
110.52 34700.0
110.63 33312.0
110.74 31924.0
110.86 33312.0
110.96 29148.0
111.07 33312.0
111.17 27760.0
111.28 27760.0
111.38 31924.0
111.49 29148.0
111.60 30536.0
111.72 27760.0
111.83 34700.0
111.93 29148.0
112.04 29148.0
112.14 27760.0
112.25 31924.0
112.36 29148.0
112.46 30536.0
112.57 30536.0
112.67 27760.0
112.78 30536.0
112.88 29148.0
112.99 33312.0
113.10 36088.0
113.21 31924.0
113.32 36088.0
113.42 27760.0
113.53 37476.0
113.63 37476.0
113.74 27760.0
113.85 34700.0
113.95 34700.0
114.06 31924.0
114.16 34700.0
114.27 34700.0
114.38 27760.0
114.49 31924.0
114.60 34700.0
114.70 34700.0
114.81 23596.0
114.91 26372.0
115.04 33312.0
115.14 34700.0
115.25 30536.0
115.36 30536.0
115.46 26372.0
115.57 38864.0
115.67 31924.0
115.78 27760.0
115.88 29148.0
116.00 56908.0
116.12 38864.0
116.22 29148.0
116.33 30536.0
116.43 31924.0
116.54 29148.0
116.64 26372.0
116.75 29148.0
116.86 27760.0
116.96 27760.0
117.07 38864.0
117.17 37476.0
117.28 41640.0
117.38 34700.0
117.49 36088.0
117.60 31924.0
117.71 45804.0
117.83 34700.0
117.93 38864.0
118.04 34700.0
118.14 31924.0
118.25 36088.0
118.36 37476.0
118.46 40252.0
118.57 31924.0
118.67 24984.0
118.78 33312.0
118.88 31924.0
118.99 31924.0
119.10 36088.0
119.20 24984.0
119.31 31924.0
119.41 34700.0
119.53 37476.0
119.63 34700.0
119.74 36088.0
119.85 36088.0
119.95 27760.0
