0.10 84172.80
0.20 84172.80
0.30 84172.80
0.40 84172.80
0.50 84172.80
0.60 84172.80
0.70 84172.80
0.80 84172.80
0.90 84172.80
1.00 84172.80
1.10 88883.20
1.20 88883.20
1.30 88883.20
1.40 88883.20
1.50 88883.20
1.60 88883.20
1.70 88883.20
1.80 88883.20
1.90 88883.20
2.00 88883.20
2.10 93081.60
2.20 93081.60
2.30 93081.60
2.40 93081.60
2.50 93081.60
2.60 93081.60
2.70 93081.60
2.80 93081.60
2.90 93081.60
3.00 93081.60
3.10 86937.60
3.20 86937.60
3.30 86937.60
3.40 86937.60
3.50 86937.60
3.60 86937.60
3.70 86937.60
3.80 86937.60
3.90 86937.60
4.00 86937.60
4.10 87859.20
4.20 87859.20
4.30 87859.20
4.40 87859.20
4.50 87859.20
4.60 87859.20
4.70 87859.20
4.80 87859.20
4.90 87859.20
5.00 87859.20
5.10 97689.60
5.20 97689.60
5.30 97689.60
5.40 97689.60
5.50 97689.60
5.60 97689.60
5.70 97689.60
5.80 97689.60
5.90 97689.60
6.00 97689.60
6.10 95539.20
6.20 95539.20
6.30 95539.20
6.40 95539.20
6.50 95539.20
6.60 95539.20
6.70 95539.20
6.80 95539.20
6.90 95539.20
7.00 95539.20
7.10 96870.40
7.20 96870.40
7.30 96870.40
7.40 96870.40
7.50 96870.40
7.60 96870.40
7.70 96870.40
7.80 96870.40
7.90 96870.40
8.00 96870.40
8.10 99225.60
8.20 99225.60
8.30 99225.60
8.40 99225.60
8.50 99225.60
8.60 99225.60
8.70 99225.60
8.80 99225.60
8.90 99225.60
9.00 99225.60
9.10 96972.80
9.20 96972.80
9.30 96972.80
9.40 96972.80
9.50 96972.80
9.60 96972.80
9.70 96972.80
9.80 96972.80
9.90 96972.80
10.00 96972.80
