0.10 104448.00
0.20 104448.00
0.30 104448.00
0.40 104448.00
0.50 104448.00
0.60 104448.00
0.70 104448.00
0.80 104448.00
0.90 104448.00
1.00 104448.00
1.10 104857.60
1.20 104857.60
1.30 104857.60
1.40 104857.60
1.50 104857.60
1.60 104857.60
1.70 104857.60
1.80 104857.60
1.90 104857.60
2.00 104857.60
2.10 99635.20
2.20 99635.20
2.30 99635.20
2.40 99635.20
2.50 99635.20
2.60 99635.20
2.70 99635.20
2.80 99635.20
2.90 99635.20
3.00 99635.20
3.10 104652.80
3.20 104652.80
3.30 104652.80
3.40 104652.80
3.50 104652.80
3.60 104652.80
3.70 104652.80
3.80 104652.80
3.90 104652.80
4.00 104652.80
4.10 101171.20
4.20 101171.20
4.30 101171.20
4.40 101171.20
4.50 101171.20
4.60 101171.20
4.70 101171.20
4.80 101171.20
4.90 101171.20
5.00 101171.20
5.10 99225.60
5.20 99225.60
5.30 99225.60
5.40 99225.60
5.50 99225.60
5.60 99225.60
5.70 99225.60
5.80 99225.60
5.90 99225.60
6.00 99225.60
6.10 100147.20
6.20 100147.20
6.30 100147.20
6.40 100147.20
6.50 100147.20
6.60 100147.20
6.70 100147.20
6.80 100147.20
6.90 100147.20
7.00 100147.20
7.10 99840.00
7.20 99840.00
7.30 99840.00
7.40 99840.00
7.50 99840.00
7.60 99840.00
7.70 99840.00
7.80 99840.00
7.90 99840.00
8.00 99840.00
8.10 101580.80
8.20 101580.80
8.30 101580.80
8.40 101580.80
8.50 101580.80
8.60 101580.80
8.70 101580.80
8.80 101580.80
8.90 101580.80
9.00 101580.80
9.10 100147.20
9.20 100147.20
9.30 100147.20
9.40 100147.20
9.50 100147.20
9.60 100147.20
9.70 100147.20
9.80 100147.20
9.90 100147.20
10.00 100147.20
