0.10 97792.00
0.20 97792.00
0.30 97792.00
0.40 97792.00
0.50 97792.00
0.60 97792.00
0.70 97792.00
0.80 97792.00
0.90 97792.00
1.00 97792.00
1.10 96563.20
1.20 96563.20
1.30 96563.20
1.40 96563.20
1.50 96563.20
1.60 96563.20
1.70 96563.20
1.80 96563.20
1.90 96563.20
2.00 96563.20
2.10 96460.80
2.20 96460.80
2.30 96460.80
2.40 96460.80
2.50 96460.80
2.60 96460.80
2.70 96460.80
2.80 96460.80
2.90 96460.80
3.00 96460.80
3.10 95948.80
3.20 95948.80
3.30 95948.80
3.40 95948.80
3.50 95948.80
3.60 95948.80
3.70 95948.80
3.80 95948.80
3.90 95948.80
4.00 95948.80
4.10 95027.20
4.20 95027.20
4.30 95027.20
4.40 95027.20
4.50 95027.20
4.60 95027.20
4.70 95027.20
4.80 95027.20
4.90 95027.20
5.00 95027.20
5.10 95539.20
5.20 95539.20
5.30 95539.20
5.40 95539.20
5.50 95539.20
5.60 95539.20
5.70 95539.20
5.80 95539.20
5.90 95539.20
6.00 95539.20
6.10 98099.20
6.20 98099.20
6.30 98099.20
6.40 98099.20
6.50 98099.20
6.60 98099.20
6.70 98099.20
6.80 98099.20
6.90 98099.20
7.00 98099.20
7.10 95846.40
7.20 95846.40
7.30 95846.40
7.40 95846.40
7.50 95846.40
7.60 95846.40
7.70 95846.40
7.80 95846.40
7.90 95846.40
8.00 95846.40
8.10 100454.40
8.20 100454.40
8.30 100454.40
8.40 100454.40
8.50 100454.40
8.60 100454.40
8.70 100454.40
8.80 100454.40
8.90 100454.40
9.00 100454.40
9.10 98508.80
9.20 98508.80
9.30 98508.80
9.40 98508.80
9.50 98508.80
9.60 98508.80
9.70 98508.80
9.80 98508.80
9.90 98508.80
10.00 98508.80
