0.10 152678.40
0.20 152678.40
0.30 152678.40
0.40 152678.40
0.50 152678.40
0.60 152678.40
0.70 152678.40
0.80 152678.40
0.90 152678.40
1.00 152678.40
1.10 93388.80
1.20 93388.80
1.30 93388.80
1.40 93388.80
1.50 93388.80
1.60 93388.80
1.70 93388.80
1.80 93388.80
1.90 93388.80
2.00 93388.80
2.10 87654.40
2.20 87654.40
2.30 87654.40
2.40 87654.40
2.50 87654.40
2.60 87654.40
2.70 87654.40
2.80 87654.40
2.90 87654.40
3.00 87654.40
3.10 48640.00
3.20 48640.00
3.30 48640.00
3.40 48640.00
3.50 48640.00
3.60 48640.00
3.70 48640.00
3.80 48640.00
3.90 48640.00
4.00 48640.00
4.10 134144.00
4.20 134144.00
4.30 134144.00
4.40 134144.00
4.50 134144.00
4.60 134144.00
4.70 134144.00
4.80 134144.00
4.90 134144.00
5.00 134144.00
5.10 89907.20
5.20 89907.20
5.30 89907.20
5.40 89907.20
5.50 89907.20
5.60 89907.20
5.70 89907.20
5.80 89907.20
5.90 89907.20
6.00 89907.20
6.10 89088.00
6.20 89088.00
6.30 89088.00
6.40 89088.00
6.50 89088.00
6.60 89088.00
6.70 89088.00
6.80 89088.00
6.90 89088.00
7.00 89088.00
7.10 90214.40
7.20 90214.40
7.30 90214.40
7.40 90214.40
7.50 90214.40
7.60 90214.40
7.70 90214.40
7.80 90214.40
7.90 90214.40
8.00 90214.40
8.10 87552.00
8.20 87552.00
8.30 87552.00
8.40 87552.00
8.50 87552.00
8.60 87552.00
8.70 87552.00
8.80 87552.00
8.90 87552.00
9.00 87552.00
9.10 88473.60
9.20 88473.60
9.30 88473.60
9.40 88473.60
9.50 88473.60
9.60 88473.60
9.70 88473.60
9.80 88473.60
9.90 88473.60
10.00 88473.60
