0.10 34603.00
0.20 34603.00
0.30 34603.00
0.40 34603.00
0.50 34603.00
0.60 32768.00
0.70 32768.00
0.80 32768.00
0.90 32768.00
1.00 32768.00
1.10 35389.40
1.20 35389.40
1.30 35389.40
1.40 35389.40
1.50 35389.40
1.60 66584.60
1.70 66584.60
1.80 66584.60
1.90 66584.60
2.00 66584.60
2.10 32243.70
2.20 32243.70
2.30 32243.70
2.40 32243.70
2.50 32243.70
2.60 30408.70
2.70 30408.70
2.80 30408.70
2.90 30408.70
3.00 30408.70
3.10 42991.60
3.20 42991.60
3.30 42991.60
3.40 42991.60
3.50 42991.60
3.60 45350.90
3.70 45350.90
3.80 45350.90
3.90 45350.90
4.00 45350.90
4.10 5242.90
4.20 5242.90
4.30 5242.90
4.40 5242.90
4.50 5242.90
4.60 64225.30
4.70 64225.30
4.80 64225.30
4.90 64225.30
5.00 64225.30
5.10 46137.30
5.20 46137.30
5.30 46137.30
5.40 46137.30
5.50 46137.30
5.60 36962.30
5.70 36962.30
5.80 36962.30
5.90 36962.30
6.00 36962.30
6.10 66584.60
6.20 66584.60
6.30 66584.60
6.40 66584.60
6.50 66584.60
6.60 53215.20
6.70 53215.20
6.80 53215.20
6.90 53215.20
7.00 53215.20
7.10 41418.80
7.20 41418.80
7.30 41418.80
7.40 41418.80
7.50 41418.80
7.60 65798.10
7.70 65798.10
7.80 65798.10
7.90 65798.10
8.00 65798.10
8.10 12845.10
8.20 12845.10
8.30 12845.10
8.40 12845.10
8.50 12845.10
8.60 72613.90
8.70 72613.90
8.80 72613.90
8.90 72613.90
9.00 72613.90
9.10 31195.10
9.20 31195.10
9.30 31195.10
9.40 31195.10
9.50 31195.10
9.60 26738.70
9.70 26738.70
9.80 26738.70
9.90 26738.70
10.00 26738.70
10.10 51904.50
10.20 51904.50
10.30 51904.50
10.40 51904.50
10.50 51904.50
10.60 6291.50
10.70 6291.50
10.80 6291.50
10.90 6291.50
11.00 6291.50
11.10 49283.10
11.20 49283.10
11.30 49283.10
11.40 49283.10
11.50 49283.10
11.60 47448.10
11.70 47448.10
11.80 47448.10
11.90 47448.10
12.00 47448.10
12.10 78118.90
12.20 78118.90
12.30 78118.90
12.40 78118.90
12.50 78118.90
12.60 26214.40
12.70 26214.40
12.80 26214.40
12.90 26214.40
13.00 26214.40
13.10 57147.40
13.20 57147.40
13.30 57147.40
13.40 57147.40
13.50 57147.40
13.60 19398.70
13.70 19398.70
13.80 19398.70
13.90 19398.70
14.00 19398.70
14.10 29360.10
14.20 29360.10
14.30 29360.10
14.40 29360.10
14.50 29360.10
14.60 15204.40
14.70 15204.40
14.80 15204.40
14.90 15204.40
15.00 15204.40
15.10 24641.50
15.20 24641.50
15.30 24641.50
15.40 24641.50
15.50 24641.50
15.60 48496.60
15.70 48496.60
15.80 48496.60
15.90 48496.60
16.00 48496.60
16.10 29360.10
16.20 29360.10
16.30 29360.10
16.40 29360.10
16.50 29360.10
16.60 38010.90
16.70 38010.90
16.80 38010.90
16.90 38010.90
17.00 38010.90
17.10 74711.00
17.20 74711.00
17.30 74711.00
17.40 74711.00
17.50 74711.00
17.60 33292.30
17.70 33292.30
17.80 33292.30
17.90 33292.30
18.00 33292.30
18.10 39321.60
18.20 39321.60
18.30 39321.60
18.40 39321.60
18.50 39321.60
18.60 54001.70
18.70 54001.70
18.80 54001.70
18.90 54001.70
19.00 54001.70
19.10 42991.60
19.20 42991.60
19.30 42991.60
19.40 42991.60
19.50 42991.60
19.60 38797.30
19.70 38797.30
19.80 38797.30
19.90 38797.30
20.00 38797.30
20.10 11272.20
20.20 11272.20
20.30 11272.20
20.40 11272.20
20.50 11272.20
20.60 17825.80
20.70 17825.80
20.80 17825.80
20.90 17825.80
21.00 17825.80
21.10 21758.00
21.20 21758.00
21.30 21758.00
21.40 21758.00
21.50 21758.00
21.60 26738.70
21.70 26738.70
21.80 26738.70
21.90 26738.70
22.00 26738.70
22.10 18350.10
22.20 18350.10
22.30 18350.10
22.40 18350.10
22.50 18350.10
22.60 30670.80
22.70 30670.80
22.80 30670.80
22.90 30670.80
23.00 30670.80
23.10 13893.60
23.20 13893.60
23.30 13893.60
23.40 13893.60
23.50 13893.60
23.60 12845.10
23.70 12845.10
23.80 12845.10
23.90 12845.10
24.00 12845.10
24.10 17563.60
24.20 17563.60
24.30 17563.60
24.40 17563.60
24.50 17563.60
24.60 30933.00
24.70 30933.00
24.80 30933.00
24.90 30933.00
25.00 30933.00
25.10 49807.40
25.20 49807.40
25.30 49807.40
25.40 49807.40
25.50 49807.40
25.60 41680.90
25.70 41680.90
25.80 41680.90
25.90 41680.90
26.00 41680.90
26.10 8388.60
26.20 8388.60
26.30 8388.60
26.40 8388.60
26.50 8388.60
26.60 53215.20
26.70 53215.20
26.80 53215.20
26.90 53215.20
27.00 53215.20
27.10 17039.40
27.20 17039.40
27.30 17039.40
27.40 17039.40
27.50 17039.40
27.60 55050.20
27.70 55050.20
27.80 55050.20
27.90 55050.20
28.00 55050.20
28.10 68681.70
28.20 68681.70
28.30 68681.70
28.40 68681.70
28.50 68681.70
28.60 70516.70
28.70 70516.70
28.80 70516.70
28.90 70516.70
29.00 70516.70
29.10 28311.60
29.20 28311.60
29.30 28311.60
29.40 28311.60
29.50 28311.60
29.60 61603.80
29.70 61603.80
29.80 61603.80
29.90 61603.80
30.00 61603.80
