0.10 17301.50
0.20 17301.50
0.30 17301.50
0.40 17301.50
0.50 17301.50
0.60 24117.20
0.70 24117.20
0.80 24117.20
0.90 24117.20
1.00 24117.20
1.10 20971.50
1.20 20971.50
1.30 20971.50
1.40 20971.50
1.50 20971.50
1.60 22282.20
1.70 22282.20
1.80 22282.20
1.90 22282.20
2.00 22282.20
2.10 19660.80
2.20 19660.80
2.30 19660.80
2.40 19660.80
2.50 19660.80
2.60 17563.60
2.70 17563.60
2.80 17563.60
2.90 17563.60
3.00 17563.60
3.10 15204.40
3.20 15204.40
3.30 15204.40
3.40 15204.40
3.50 15204.40
3.60 20447.20
3.70 20447.20
3.80 20447.20
3.90 20447.20
4.00 20447.20
4.10 25952.30
4.20 25952.30
4.30 25952.30
4.40 25952.30
4.50 25952.30
4.60 5242.90
4.70 5242.90
4.80 5242.90
4.90 5242.90
5.00 5242.90
5.10 50331.60
5.20 50331.60
5.30 50331.60
5.40 50331.60
5.50 50331.60
5.60 41680.90
5.70 41680.90
5.80 41680.90
5.90 41680.90
6.00 41680.90
6.10 33816.60
6.20 33816.60
6.30 33816.60
6.40 33816.60
6.50 33816.60
6.60 61341.70
6.70 61341.70
6.80 61341.70
6.90 61341.70
7.00 61341.70
7.10 52690.90
7.20 52690.90
7.30 52690.90
7.40 52690.90
7.50 52690.90
7.60 29098.00
7.70 29098.00
7.80 29098.00
7.90 29098.00
8.00 29098.00
8.10 32243.70
8.20 32243.70
8.30 32243.70
8.40 32243.70
8.50 32243.70
8.60 32243.70
8.70 32243.70
8.80 32243.70
8.90 32243.70
9.00 32243.70
9.10 55836.70
9.20 55836.70
9.30 55836.70
9.40 55836.70
9.50 55836.70
9.60 50069.50
9.70 50069.50
9.80 50069.50
9.90 50069.50
10.00 50069.50
10.10 55050.20
10.20 55050.20
10.30 55050.20
10.40 55050.20
10.50 55050.20
10.60 13369.30
10.70 13369.30
10.80 13369.30
10.90 13369.30
11.00 13369.30
11.10 34340.90
11.20 34340.90
11.30 34340.90
11.40 34340.90
11.50 34340.90
11.60 37224.40
11.70 37224.40
11.80 37224.40
11.90 37224.40
12.00 37224.40
12.10 50069.50
12.20 50069.50
12.30 50069.50
12.40 50069.50
12.50 50069.50
12.60 28049.40
12.70 28049.40
12.80 28049.40
12.90 28049.40
13.00 28049.40
13.10 27263.00
13.20 27263.00
13.30 27263.00
13.40 27263.00
13.50 27263.00
13.60 20709.40
13.70 20709.40
13.80 20709.40
13.90 20709.40
14.00 20709.40
14.10 19136.50
14.20 19136.50
14.30 19136.50
14.40 19136.50
14.50 19136.50
14.60 27525.10
14.70 27525.10
14.80 27525.10
14.90 27525.10
15.00 27525.10
15.10 24379.40
15.20 24379.40
15.30 24379.40
15.40 24379.40
15.50 24379.40
15.60 20709.40
15.70 20709.40
15.80 20709.40
15.90 20709.40
16.00 20709.40
16.10 22544.40
16.20 22544.40
16.30 22544.40
16.40 22544.40
16.50 22544.40
16.60 23330.80
16.70 23330.80
16.80 23330.80
16.90 23330.80
17.00 23330.80
17.10 41943.00
17.20 41943.00
17.30 41943.00
17.40 41943.00
17.50 41943.00
17.60 28835.80
17.70 28835.80
17.80 28835.80
17.90 28835.80
18.00 28835.80
18.10 13893.60
18.20 13893.60
18.30 13893.60
18.40 13893.60
18.50 13893.60
18.60 19398.70
18.70 19398.70
18.80 19398.70
18.90 19398.70
19.00 19398.70
19.10 29622.30
19.20 29622.30
19.30 29622.30
19.40 29622.30
19.50 29622.30
19.60 25952.30
19.70 25952.30
19.80 25952.30
19.90 25952.30
20.00 25952.30
20.10 21233.70
20.20 21233.70
20.30 21233.70
20.40 21233.70
20.50 21233.70
20.60 19136.50
20.70 19136.50
20.80 19136.50
20.90 19136.50
21.00 19136.50
21.10 24117.20
21.20 24117.20
21.30 24117.20
21.40 24117.20
21.50 24117.20
21.60 28311.60
21.70 28311.60
21.80 28311.60
21.90 28311.60
22.00 28311.60
22.10 30933.00
22.20 30933.00
22.30 30933.00
22.40 30933.00
22.50 30933.00
22.60 16777.20
22.70 16777.20
22.80 16777.20
22.90 16777.20
23.00 16777.20
23.10 27000.80
23.20 27000.80
23.30 27000.80
23.40 27000.80
23.50 27000.80
23.60 21495.80
23.70 21495.80
23.80 21495.80
23.90 21495.80
24.00 21495.80
24.10 26214.40
24.20 26214.40
24.30 26214.40
24.40 26214.40
24.50 26214.40
24.60 24641.50
24.70 24641.50
24.80 24641.50
24.90 24641.50
25.00 24641.50
25.10 36438.00
25.20 36438.00
25.30 36438.00
25.40 36438.00
25.50 36438.00
25.60 40108.00
25.70 40108.00
25.80 40108.00
25.90 40108.00
26.00 40108.00
26.10 22544.40
26.20 22544.40
26.30 22544.40
26.40 22544.40
26.50 22544.40
26.60 49545.20
26.70 49545.20
26.80 49545.20
26.90 49545.20
27.00 49545.20
27.10 43253.80
27.20 43253.80
27.30 43253.80
27.40 43253.80
27.50 43253.80
27.60 29360.10
27.70 29360.10
27.80 29360.10
27.90 29360.10
28.00 29360.10
28.10 53477.40
28.20 53477.40
28.30 53477.40
28.40 53477.40
28.50 53477.40
28.60 54526.00
28.70 54526.00
28.80 54526.00
28.90 54526.00
29.00 54526.00
29.10 31719.40
29.20 31719.40
29.30 31719.40
29.40 31719.40
29.50 31719.40
29.60 38535.20
29.70 38535.20
29.80 38535.20
29.90 38535.20
30.00 38535.20
