0.10 18350.10
0.20 18350.10
0.30 18350.10
0.40 18350.10
0.50 18350.10
0.60 18087.90
0.70 18087.90
0.80 18087.90
0.90 18087.90
1.00 18087.90
1.10 30933.00
1.20 30933.00
1.30 30933.00
1.40 30933.00
1.50 30933.00
1.60 20447.20
1.70 20447.20
1.80 20447.20
1.90 20447.20
2.00 20447.20
2.10 22544.40
2.20 22544.40
2.30 22544.40
2.40 22544.40
2.50 22544.40
2.60 14417.90
2.70 14417.90
2.80 14417.90
2.90 14417.90
3.00 14417.90
3.10 19398.70
3.20 19398.70
3.30 19398.70
3.40 19398.70
3.50 19398.70
3.60 14942.20
3.70 14942.20
3.80 14942.20
3.90 14942.20
4.00 14942.20
4.10 18874.40
4.20 18874.40
4.30 18874.40
4.40 18874.40
4.50 18874.40
4.60 17039.40
4.70 17039.40
4.80 17039.40
4.90 17039.40
5.00 17039.40
5.10 27525.10
5.20 27525.10
5.30 27525.10
5.40 27525.10
5.50 27525.10
5.60 40632.30
5.70 40632.30
5.80 40632.30
5.90 40632.30
6.00 40632.30
6.10 18087.90
6.20 18087.90
6.30 18087.90
6.40 18087.90
6.50 18087.90
6.60 11010.00
6.70 11010.00
6.80 11010.00
6.90 11010.00
7.00 11010.00
7.10 30146.60
7.20 30146.60
7.30 30146.60
7.40 30146.60
7.50 30146.60
7.60 50593.80
7.70 50593.80
7.80 50593.80
7.90 50593.80
8.00 50593.80
8.10 31719.40
8.20 31719.40
8.30 31719.40
8.40 31719.40
8.50 31719.40
8.60 11534.30
8.70 11534.30
8.80 11534.30
8.90 11534.30
9.00 11534.30
9.10 45350.90
9.20 45350.90
9.30 45350.90
9.40 45350.90
9.50 45350.90
9.60 28835.80
9.70 28835.80
9.80 28835.80
9.90 28835.80
10.00 28835.80
10.10 51118.10
10.20 51118.10
10.30 51118.10
10.40 51118.10
10.50 51118.10
10.60 33554.40
10.70 33554.40
10.80 33554.40
10.90 33554.40
11.00 33554.40
11.10 5242.90
11.20 5242.90
11.30 5242.90
11.40 5242.90
11.50 5242.90
11.60 71041.00
11.70 71041.00
11.80 71041.00
11.90 71041.00
12.00 71041.00
12.10 53215.20
12.20 53215.20
12.30 53215.20
12.40 53215.20
12.50 53215.20
12.60 63963.10
12.70 63963.10
12.80 63963.10
12.90 63963.10
13.00 63963.10
13.10 40370.20
13.20 40370.20
13.30 40370.20
13.40 40370.20
13.50 40370.20
13.60 51904.50
13.70 51904.50
13.80 51904.50
13.90 51904.50
14.00 51904.50
14.10 109838.30
14.20 109838.30
14.30 109838.30
14.40 109838.30
14.50 109838.30
14.60 58196.00
14.70 58196.00
14.80 58196.00
14.90 58196.00
15.00 58196.00
15.10 57671.70
15.20 57671.70
15.30 57671.70
15.40 57671.70
15.50 57671.70
15.60 28573.70
15.70 28573.70
15.80 28573.70
15.90 28573.70
16.00 28573.70
16.10 64225.30
16.20 64225.30
16.30 64225.30
16.40 64225.30
16.50 64225.30
16.60 48496.60
16.70 48496.60
16.80 48496.60
16.90 48496.60
17.00 48496.60
17.10 78381.10
17.20 78381.10
17.30 78381.10
17.40 78381.10
17.50 78381.10
17.60 48234.50
17.70 48234.50
17.80 48234.50
17.90 48234.50
18.00 48234.50
18.10 56623.10
18.20 56623.10
18.30 56623.10
18.40 56623.10
18.50 56623.10
18.60 74711.00
18.70 74711.00
18.80 74711.00
18.90 74711.00
19.00 74711.00
19.10 41156.60
19.20 41156.60
19.30 41156.60
19.40 41156.60
19.50 41156.60
19.60 45613.10
19.70 45613.10
19.80 45613.10
19.90 45613.10
20.00 45613.10
20.10 31195.10
20.20 31195.10
20.30 31195.10
20.40 31195.10
20.50 31195.10
20.60 20709.40
20.70 20709.40
20.80 20709.40
20.90 20709.40
21.00 20709.40
21.10 28049.40
21.20 28049.40
21.30 28049.40
21.40 28049.40
21.50 28049.40
21.60 15728.60
21.70 15728.60
21.80 15728.60
21.90 15728.60
22.00 15728.60
22.10 25690.10
22.20 25690.10
22.30 25690.10
22.40 25690.10
22.50 25690.10
22.60 12058.60
22.70 12058.60
22.80 12058.60
22.90 12058.60
23.00 12058.60
23.10 23855.10
23.20 23855.10
23.30 23855.10
23.40 23855.10
23.50 23855.10
23.60 32768.00
23.70 32768.00
23.80 32768.00
23.90 32768.00
24.00 32768.00
24.10 34078.70
24.20 34078.70
24.30 34078.70
24.40 34078.70
24.50 34078.70
24.60 17039.40
24.70 17039.40
24.80 17039.40
24.90 17039.40
25.00 17039.40
25.10 47185.90
25.20 47185.90
25.30 47185.90
25.40 47185.90
25.50 47185.90
25.60 31457.30
25.70 31457.30
25.80 31457.30
25.90 31457.30
26.00 31457.30
26.10 36438.00
26.20 36438.00
26.30 36438.00
26.40 36438.00
26.50 36438.00
26.60 29360.10
26.70 29360.10
26.80 29360.10
26.90 29360.10
27.00 29360.10
27.10 39845.90
27.20 39845.90
27.30 39845.90
27.40 39845.90
27.50 39845.90
27.60 5242.90
27.70 5242.90
27.80 5242.90
27.90 5242.90
28.00 5242.90
28.10 5242.90
28.20 5242.90
28.30 5242.90
28.40 5242.90
28.50 5242.90
28.60 37224.40
28.70 37224.40
28.80 37224.40
28.90 37224.40
29.00 37224.40
29.10 47185.90
29.20 47185.90
29.30 47185.90
29.40 47185.90
29.50 47185.90
29.60 43253.80
29.70 43253.80
29.80 43253.80
29.90 43253.80
30.00 43253.80
