0.10 147513.97
0.20 147513.97
0.30 147513.97
0.40 147513.97
0.50 147513.97
0.60 147513.97
0.70 147513.97
0.80 147513.97
0.90 147513.97
1.00 147513.97
1.10 121317.00
1.20 121317.00
1.30 121317.00
1.40 121317.00
1.50 121317.00
1.60 121317.00
1.70 121317.00
1.80 121317.00
1.90 121317.00
2.00 121317.00
2.10 179383.40
2.20 179383.40
2.30 179383.40
2.40 179383.40
2.50 179383.40
2.60 179383.40
2.70 179383.40
2.80 179383.40
2.90 179383.40
3.00 179383.40
3.10 118102.04
3.20 118102.04
3.30 118102.04
3.40 118102.04
3.50 118102.04
3.60 118102.04
3.70 118102.04
3.80 118102.04
3.90 118102.04
4.00 118102.04
4.10 77470.46
4.20 77470.46
4.30 77470.46
4.40 77470.46
4.50 77470.46
4.60 77470.46
4.70 77470.46
4.80 77470.46
4.90 77470.46
5.00 77470.46
5.10 148399.61
5.20 148399.61
5.30 148399.61
5.40 148399.61
5.50 148399.61
5.60 148399.61
5.70 148399.61
5.80 148399.61
5.90 148399.61
6.00 148399.61
6.10 156788.36
6.20 156788.36
6.30 156788.36
6.40 156788.36
6.50 156788.36
6.60 156788.36
6.70 156788.36
6.80 156788.36
6.90 156788.36
7.00 156788.36
7.10 121677.58
7.20 121677.58
7.30 121677.58
7.40 121677.58
7.50 121677.58
7.60 121677.58
7.70 121677.58
7.80 121677.58
7.90 121677.58
8.00 121677.58
8.10 142967.07
8.20 142967.07
8.30 142967.07
8.40 142967.07
8.50 142967.07
8.60 142967.07
8.70 142967.07
8.80 142967.07
8.90 142967.07
9.00 142967.07
9.10 120389.98
9.20 120389.98
9.30 120389.98
9.40 120389.98
9.50 120389.98
9.60 120389.98
9.70 120389.98
9.80 120389.98
9.90 120389.98
10.00 120389.98
10.10 213409.79
10.20 213409.79
10.30 213409.79
10.40 213409.79
10.50 213409.79
10.60 213409.79
10.70 213409.79
10.80 213409.79
10.90 213409.79
11.00 213409.79
11.10 139170.86
11.20 139170.86
11.30 139170.86
11.40 139170.86
11.50 139170.86
11.60 139170.86
11.70 139170.86
11.80 139170.86
11.90 139170.86
12.00 139170.86
12.10 163432.44
12.20 163432.44
12.30 163432.44
12.40 163432.44
12.50 163432.44
12.60 163432.44
12.70 163432.44
12.80 163432.44
12.90 163432.44
13.00 163432.44
13.10 134661.91
13.20 134661.91
13.30 134661.91
13.40 134661.91
13.50 134661.91
13.60 134661.91
13.70 134661.91
13.80 134661.91
13.90 134661.91
14.00 134661.91
14.10 180803.56
14.20 180803.56
14.30 180803.56
14.40 180803.56
14.50 180803.56
14.60 180803.56
14.70 180803.56
14.80 180803.56
14.90 180803.56
15.00 180803.56
15.10 179752.20
15.20 179752.20
15.30 179752.20
15.40 179752.20
15.50 179752.20
15.60 179752.20
15.70 179752.20
15.80 179752.20
15.90 179752.20
16.00 179752.20
16.10 166494.43
16.20 166494.43
16.30 166494.43
16.40 166494.43
16.50 166494.43
16.60 166494.43
16.70 166494.43
16.80 166494.43
16.90 166494.43
17.00 166494.43
17.10 180346.57
17.20 180346.57
17.30 180346.57
17.40 180346.57
17.50 180346.57
17.60 180346.57
17.70 180346.57
17.80 180346.57
17.90 180346.57
18.00 180346.57
18.10 175483.19
18.20 175483.19
18.30 175483.19
18.40 175483.19
18.50 175483.19
18.60 175483.19
18.70 175483.19
18.80 175483.19
18.90 175483.19
19.00 175483.19
19.10 176876.59
19.20 176876.59
19.30 176876.59
19.40 176876.59
19.50 176876.59
19.60 176876.59
19.70 176876.59
19.80 176876.59
19.90 176876.59
20.00 176876.59
20.10 149986.28
20.20 149986.28
20.30 149986.28
20.40 149986.28
20.50 149986.28
20.60 149986.28
20.70 149986.28
20.80 149986.28
20.90 149986.28
21.00 149986.28
21.10 171764.43
21.20 171764.43
21.30 171764.43
21.40 171764.43
21.50 171764.43
21.60 171764.43
21.70 171764.43
21.80 171764.43
21.90 171764.43
22.00 171764.43
22.10 161695.12
22.20 161695.12
22.30 161695.12
22.40 161695.12
22.50 161695.12
22.60 161695.12
22.70 161695.12
22.80 161695.12
22.90 161695.12
23.00 161695.12
23.10 187468.12
23.20 187468.12
23.30 187468.12
23.40 187468.12
23.50 187468.12
23.60 187468.12
23.70 187468.12
23.80 187468.12
23.90 187468.12
24.00 187468.12
24.10 169985.02
24.20 169985.02
24.30 169985.02
24.40 169985.02
24.50 169985.02
24.60 169985.02
24.70 169985.02
24.80 169985.02
24.90 169985.02
25.00 169985.02
25.10 136609.64
25.20 136609.64
25.30 136609.64
25.40 136609.64
25.50 136609.64
25.60 136609.64
25.70 136609.64
25.80 136609.64
25.90 136609.64
26.00 136609.64
26.10 146503.59
26.20 146503.59
26.30 146503.59
26.40 146503.59
26.50 146503.59
26.60 146503.59
26.70 146503.59
26.80 146503.59
26.90 146503.59
27.00 146503.59
27.10 145569.96
27.20 145569.96
27.30 145569.96
27.40 145569.96
27.50 145569.96
27.60 145569.96
27.70 145569.96
27.80 145569.96
27.90 145569.96
28.00 145569.96
28.10 160357.33
28.20 160357.33
28.30 160357.33
28.40 160357.33
28.50 160357.33
28.60 160357.33
28.70 160357.33
28.80 160357.33
28.90 160357.33
29.00 160357.33
29.10 155433.82
29.20 155433.82
29.30 155433.82
29.40 155433.82
29.50 155433.82
29.60 155433.82
29.70 155433.82
29.80 155433.82
29.90 155433.82
30.00 155433.82
30.10 157974.13
30.20 157974.13
30.30 157974.13
30.40 157974.13
30.50 157974.13
30.60 157974.13
30.70 157974.13
30.80 157974.13
30.90 157974.13
31.00 157974.13
31.10 162727.73
31.20 162727.73
31.30 162727.73
31.40 162727.73
31.50 162727.73
31.60 162727.73
31.70 162727.73
31.80 162727.73
31.90 162727.73
32.00 162727.73
32.10 88563.22
32.20 88563.22
32.30 88563.22
32.40 88563.22
32.50 88563.22
32.60 88563.22
32.70 88563.22
32.80 88563.22
32.90 88563.22
33.00 88563.22
33.10 142174.52
33.20 142174.52
33.30 142174.52
33.40 142174.52
33.50 142174.52
33.60 142174.52
33.70 142174.52
33.80 142174.52
33.90 142174.52
34.00 142174.52
34.10 177285.37
34.20 177285.37
34.30 177285.37
34.40 177285.37
34.50 177285.37
34.60 177285.37
34.70 177285.37
34.80 177285.37
34.90 177285.37
35.00 177285.37
35.10 126022.65
35.20 126022.65
35.30 126022.65
35.40 126022.65
35.50 126022.65
35.60 126022.65
35.70 126022.65
35.80 126022.65
35.90 126022.65
36.00 126022.65
36.10 196872.53
36.20 196872.53
36.30 196872.53
36.40 196872.53
36.50 196872.53
36.60 196872.53
36.70 196872.53
36.80 196872.53
36.90 196872.53
37.00 196872.53
37.10 160295.99
37.20 160295.99
37.30 160295.99
37.40 160295.99
37.50 160295.99
37.60 160295.99
37.70 160295.99
37.80 160295.99
37.90 160295.99
38.00 160295.99
38.10 106806.38
38.20 106806.38
38.30 106806.38
38.40 106806.38
38.50 106806.38
38.60 106806.38
38.70 106806.38
38.80 106806.38
38.90 106806.38
39.00 106806.38
39.10 146918.10
39.20 146918.10
39.30 146918.10
39.40 146918.10
39.50 146918.10
39.60 146918.10
39.70 146918.10
39.80 146918.10
39.90 146918.10
40.00 146918.10
40.10 164088.34
40.20 164088.34
40.30 164088.34
40.40 164088.34
40.50 164088.34
40.60 164088.34
40.70 164088.34
40.80 164088.34
40.90 164088.34
41.00 164088.34
41.10 142793.84
41.20 142793.84
41.30 142793.84
41.40 142793.84
41.50 142793.84
41.60 142793.84
41.70 142793.84
41.80 142793.84
41.90 142793.84
42.00 142793.84
42.10 171882.81
42.20 171882.81
42.30 171882.81
42.40 171882.81
42.50 171882.81
42.60 171882.81
42.70 171882.81
42.80 171882.81
42.90 171882.81
43.00 171882.81
43.10 172545.59
43.20 172545.59
43.30 172545.59
43.40 172545.59
43.50 172545.59
43.60 172545.59
43.70 172545.59
43.80 172545.59
43.90 172545.59
44.00 172545.59
44.10 185509.68
44.20 185509.68
44.30 185509.68
44.40 185509.68
44.50 185509.68
44.60 185509.68
44.70 185509.68
44.80 185509.68
44.90 185509.68
45.00 185509.68
45.10 180924.54
45.20 180924.54
45.30 180924.54
45.40 180924.54
45.50 180924.54
45.60 180924.54
45.70 180924.54
45.80 180924.54
45.90 180924.54
46.00 180924.54
46.10 170015.25
46.20 170015.25
46.30 170015.25
46.40 170015.25
46.50 170015.25
46.60 170015.25
46.70 170015.25
46.80 170015.25
46.90 170015.25
47.00 170015.25
47.10 192267.54
47.20 192267.54
47.30 192267.54
47.40 192267.54
47.50 192267.54
47.60 192267.54
47.70 192267.54
47.80 192267.54
47.90 192267.54
48.00 192267.54
48.10 177423.40
48.20 177423.40
48.30 177423.40
48.40 177423.40
48.50 177423.40
48.60 177423.40
48.70 177423.40
48.80 177423.40
48.90 177423.40
49.00 177423.40
49.10 178051.03
49.20 178051.03
49.30 178051.03
49.40 178051.03
49.50 178051.03
49.60 178051.03
49.70 178051.03
49.80 178051.03
49.90 178051.03
50.00 178051.03
50.10 142331.52
50.20 142331.52
50.30 142331.52
50.40 142331.52
50.50 142331.52
50.60 142331.52
50.70 142331.52
50.80 142331.52
50.90 142331.52
51.00 142331.52
51.10 119605.78
51.20 119605.78
51.30 119605.78
51.40 119605.78
51.50 119605.78
51.60 119605.78
51.70 119605.78
51.80 119605.78
51.90 119605.78
52.00 119605.78
52.10 142134.71
52.20 142134.71
52.30 142134.71
52.40 142134.71
52.50 142134.71
52.60 142134.71
52.70 142134.71
52.80 142134.71
52.90 142134.71
53.00 142134.71
53.10 127661.09
53.20 127661.09
53.30 127661.09
53.40 127661.09
53.50 127661.09
53.60 127661.09
53.70 127661.09
53.80 127661.09
53.90 127661.09
54.00 127661.09
54.10 203952.09
54.20 203952.09
54.30 203952.09
54.40 203952.09
54.50 203952.09
54.60 203952.09
54.70 203952.09
54.80 203952.09
54.90 203952.09
55.00 203952.09
55.10 160861.75
55.20 160861.75
55.30 160861.75
55.40 160861.75
55.50 160861.75
55.60 160861.75
55.70 160861.75
55.80 160861.75
55.90 160861.75
56.00 160861.75
56.10 137256.02
56.20 137256.02
56.30 137256.02
56.40 137256.02
56.50 137256.02
56.60 137256.02
56.70 137256.02
56.80 137256.02
56.90 137256.02
57.00 137256.02
57.10 178213.37
57.20 178213.37
57.30 178213.37
57.40 178213.37
57.50 178213.37
57.60 178213.37
57.70 178213.37
57.80 178213.37
57.90 178213.37
58.00 178213.37
58.10 111298.22
58.20 111298.22
58.30 111298.22
58.40 111298.22
58.50 111298.22
58.60 111298.22
58.70 111298.22
58.80 111298.22
58.90 111298.22
59.00 111298.22
59.10 128436.77
59.20 128436.77
59.30 128436.77
59.40 128436.77
59.50 128436.77
59.60 128436.77
59.70 128436.77
59.80 128436.77
59.90 128436.77
60.00 128436.77
