0.10 177689.50
0.20 177689.50
0.30 177689.50
0.40 177689.50
0.50 177689.50
0.60 177689.50
0.70 177689.50
0.80 177689.50
0.90 177689.50
1.00 177689.50
1.10 177078.31
1.20 177078.31
1.30 177078.31
1.40 177078.31
1.50 177078.31
1.60 177078.31
1.70 177078.31
1.80 177078.31
1.90 177078.31
2.00 177078.31
2.10 157162.49
2.20 157162.49
2.30 157162.49
2.40 157162.49
2.50 157162.49
2.60 157162.49
2.70 157162.49
2.80 157162.49
2.90 157162.49
3.00 157162.49
3.10 172130.56
3.20 172130.56
3.30 172130.56
3.40 172130.56
3.50 172130.56
3.60 172130.56
3.70 172130.56
3.80 172130.56
3.90 172130.56
4.00 172130.56
4.10 168176.75
4.20 168176.75
4.30 168176.75
4.40 168176.75
4.50 168176.75
4.60 168176.75
4.70 168176.75
4.80 168176.75
4.90 168176.75
5.00 168176.75
5.10 159747.06
5.20 159747.06
5.30 159747.06
5.40 159747.06
5.50 159747.06
5.60 159747.06
5.70 159747.06
5.80 159747.06
5.90 159747.06
6.00 159747.06
6.10 182825.98
6.20 182825.98
6.30 182825.98
6.40 182825.98
6.50 182825.98
6.60 182825.98
6.70 182825.98
6.80 182825.98
6.90 182825.98
7.00 182825.98
7.10 163906.07
7.20 163906.07
7.30 163906.07
7.40 163906.07
7.50 163906.07
7.60 163906.07
7.70 163906.07
7.80 163906.07
7.90 163906.07
8.00 163906.07
8.10 174690.64
8.20 174690.64
8.30 174690.64
8.40 174690.64
8.50 174690.64
8.60 174690.64
8.70 174690.64
8.80 174690.64
8.90 174690.64
9.00 174690.64
9.10 157299.75
9.20 157299.75
9.30 157299.75
9.40 157299.75
9.50 157299.75
9.60 157299.75
9.70 157299.75
9.80 157299.75
9.90 157299.75
10.00 157299.75
10.10 185476.05
10.20 185476.05
10.30 185476.05
10.40 185476.05
10.50 185476.05
10.60 185476.05
10.70 185476.05
10.80 185476.05
10.90 185476.05
11.00 185476.05
11.10 186475.28
11.20 186475.28
11.30 186475.28
11.40 186475.28
11.50 186475.28
11.60 186475.28
11.70 186475.28
11.80 186475.28
11.90 186475.28
12.00 186475.28
12.10 162766.71
12.20 162766.71
12.30 162766.71
12.40 162766.71
12.50 162766.71
12.60 162766.71
12.70 162766.71
12.80 162766.71
12.90 162766.71
13.00 162766.71
13.10 180716.55
13.20 180716.55
13.30 180716.55
13.40 180716.55
13.50 180716.55
13.60 180716.55
13.70 180716.55
13.80 180716.55
13.90 180716.55
14.00 180716.55
14.10 172704.56
14.20 172704.56
14.30 172704.56
14.40 172704.56
14.50 172704.56
14.60 172704.56
14.70 172704.56
14.80 172704.56
14.90 172704.56
15.00 172704.56
15.10 169567.20
15.20 169567.20
15.30 169567.20
15.40 169567.20
15.50 169567.20
15.60 169567.20
15.70 169567.20
15.80 169567.20
15.90 169567.20
16.00 169567.20
16.10 116766.39
16.20 116766.39
16.30 116766.39
16.40 116766.39
16.50 116766.39
16.60 116766.39
16.70 116766.39
16.80 116766.39
16.90 116766.39
17.00 116766.39
17.10 212863.14
17.20 212863.14
17.30 212863.14
17.40 212863.14
17.50 212863.14
17.60 212863.14
17.70 212863.14
17.80 212863.14
17.90 212863.14
18.00 212863.14
18.10 175680.47
18.20 175680.47
18.30 175680.47
18.40 175680.47
18.50 175680.47
18.60 175680.47
18.70 175680.47
18.80 175680.47
18.90 175680.47
19.00 175680.47
19.10 165323.83
19.20 165323.83
19.30 165323.83
19.40 165323.83
19.50 165323.83
19.60 165323.83
19.70 165323.83
19.80 165323.83
19.90 165323.83
20.00 165323.83
20.10 149750.15
20.20 149750.15
20.30 149750.15
20.40 149750.15
20.50 149750.15
20.60 149750.15
20.70 149750.15
20.80 149750.15
20.90 149750.15
21.00 149750.15
21.10 167122.64
21.20 167122.64
21.30 167122.64
21.40 167122.64
21.50 167122.64
21.60 167122.64
21.70 167122.64
21.80 167122.64
21.90 167122.64
22.00 167122.64
22.10 170330.12
22.20 170330.12
22.30 170330.12
22.40 170330.12
22.50 170330.12
22.60 170330.12
22.70 170330.12
22.80 170330.12
22.90 170330.12
23.00 170330.12
23.10 165563.74
23.20 165563.74
23.30 165563.74
23.40 165563.74
23.50 165563.74
23.60 165563.74
23.70 165563.74
23.80 165563.74
23.90 165563.74
24.00 165563.74
24.10 162757.19
24.20 162757.19
24.30 162757.19
24.40 162757.19
24.50 162757.19
24.60 162757.19
24.70 162757.19
24.80 162757.19
24.90 162757.19
25.00 162757.19
25.10 189196.66
25.20 189196.66
25.30 189196.66
25.40 189196.66
25.50 189196.66
25.60 189196.66
25.70 189196.66
25.80 189196.66
25.90 189196.66
26.00 189196.66
26.10 189530.37
26.20 189530.37
26.30 189530.37
26.40 189530.37
26.50 189530.37
26.60 189530.37
26.70 189530.37
26.80 189530.37
26.90 189530.37
27.00 189530.37
27.10 166367.24
27.20 166367.24
27.30 166367.24
27.40 166367.24
27.50 166367.24
27.60 166367.24
27.70 166367.24
27.80 166367.24
27.90 166367.24
28.00 166367.24
28.10 177897.00
28.20 177897.00
28.30 177897.00
28.40 177897.00
28.50 177897.00
28.60 177897.00
28.70 177897.00
28.80 177897.00
28.90 177897.00
29.00 177897.00
29.10 181574.32
29.20 181574.32
29.30 181574.32
29.40 181574.32
29.50 181574.32
29.60 181574.32
29.70 181574.32
29.80 181574.32
29.90 181574.32
30.00 181574.32
30.10 177168.98
30.20 177168.98
30.30 177168.98
30.40 177168.98
30.50 177168.98
30.60 177168.98
30.70 177168.98
30.80 177168.98
30.90 177168.98
31.00 177168.98
31.10 155574.67
31.20 155574.67
31.30 155574.67
31.40 155574.67
31.50 155574.67
31.60 155574.67
31.70 155574.67
31.80 155574.67
31.90 155574.67
32.00 155574.67
32.10 176812.97
32.20 176812.97
32.30 176812.97
32.40 176812.97
32.50 176812.97
32.60 176812.97
32.70 176812.97
32.80 176812.97
32.90 176812.97
33.00 176812.97
33.10 179943.02
33.20 179943.02
33.30 179943.02
33.40 179943.02
33.50 179943.02
33.60 179943.02
33.70 179943.02
33.80 179943.02
33.90 179943.02
34.00 179943.02
34.10 166636.18
34.20 166636.18
34.30 166636.18
34.40 166636.18
34.50 166636.18
34.60 166636.18
34.70 166636.18
34.80 166636.18
34.90 166636.18
35.00 166636.18
35.10 172218.04
35.20 172218.04
35.30 172218.04
35.40 172218.04
35.50 172218.04
35.60 172218.04
35.70 172218.04
35.80 172218.04
35.90 172218.04
36.00 172218.04
36.10 177071.37
36.20 177071.37
36.30 177071.37
36.40 177071.37
36.50 177071.37
36.60 177071.37
36.70 177071.37
36.80 177071.37
36.90 177071.37
37.00 177071.37
37.10 177432.12
37.20 177432.12
37.30 177432.12
37.40 177432.12
37.50 177432.12
37.60 177432.12
37.70 177432.12
37.80 177432.12
37.90 177432.12
38.00 177432.12
38.10 157643.65
38.20 157643.65
38.30 157643.65
38.40 157643.65
38.50 157643.65
38.60 157643.65
38.70 157643.65
38.80 157643.65
38.90 157643.65
39.00 157643.65
39.10 168888.66
39.20 168888.66
39.30 168888.66
39.40 168888.66
39.50 168888.66
39.60 168888.66
39.70 168888.66
39.80 168888.66
39.90 168888.66
40.00 168888.66
40.10 186713.13
40.20 186713.13
40.30 186713.13
40.40 186713.13
40.50 186713.13
40.60 186713.13
40.70 186713.13
40.80 186713.13
40.90 186713.13
41.00 186713.13
41.10 173397.85
41.20 173397.85
41.30 173397.85
41.40 173397.85
41.50 173397.85
41.60 173397.85
41.70 173397.85
41.80 173397.85
41.90 173397.85
42.00 173397.85
42.10 182558.50
42.20 182558.50
42.30 182558.50
42.40 182558.50
42.50 182558.50
42.60 182558.50
42.70 182558.50
42.80 182558.50
42.90 182558.50
43.00 182558.50
43.10 175187.72
43.20 175187.72
43.30 175187.72
43.40 175187.72
43.50 175187.72
43.60 175187.72
43.70 175187.72
43.80 175187.72
43.90 175187.72
44.00 175187.72
44.10 163252.32
44.20 163252.32
44.30 163252.32
44.40 163252.32
44.50 163252.32
44.60 163252.32
44.70 163252.32
44.80 163252.32
44.90 163252.32
45.00 163252.32
45.10 179679.41
45.20 179679.41
45.30 179679.41
45.40 179679.41
45.50 179679.41
45.60 179679.41
45.70 179679.41
45.80 179679.41
45.90 179679.41
46.00 179679.41
46.10 184965.65
46.20 184965.65
46.30 184965.65
46.40 184965.65
46.50 184965.65
46.60 184965.65
46.70 184965.65
46.80 184965.65
46.90 184965.65
47.00 184965.65
47.10 191810.65
47.20 191810.65
47.30 191810.65
47.40 191810.65
47.50 191810.65
47.60 191810.65
47.70 191810.65
47.80 191810.65
47.90 191810.65
48.00 191810.65
48.10 158630.26
48.20 158630.26
48.30 158630.26
48.40 158630.26
48.50 158630.26
48.60 158630.26
48.70 158630.26
48.80 158630.26
48.90 158630.26
49.00 158630.26
49.10 169942.76
49.20 169942.76
49.30 169942.76
49.40 169942.76
49.50 169942.76
49.60 169942.76
49.70 169942.76
49.80 169942.76
49.90 169942.76
50.00 169942.76
50.10 182463.12
50.20 182463.12
50.30 182463.12
50.40 182463.12
50.50 182463.12
50.60 182463.12
50.70 182463.12
50.80 182463.12
50.90 182463.12
51.00 182463.12
51.10 163304.23
51.20 163304.23
51.30 163304.23
51.40 163304.23
51.50 163304.23
51.60 163304.23
51.70 163304.23
51.80 163304.23
51.90 163304.23
52.00 163304.23
52.10 190945.67
52.20 190945.67
52.30 190945.67
52.40 190945.67
52.50 190945.67
52.60 190945.67
52.70 190945.67
52.80 190945.67
52.90 190945.67
53.00 190945.67
53.10 183092.23
53.20 183092.23
53.30 183092.23
53.40 183092.23
53.50 183092.23
53.60 183092.23
53.70 183092.23
53.80 183092.23
53.90 183092.23
54.00 183092.23
54.10 164719.31
54.20 164719.31
54.30 164719.31
54.40 164719.31
54.50 164719.31
54.60 164719.31
54.70 164719.31
54.80 164719.31
54.90 164719.31
55.00 164719.31
55.10 184652.72
55.20 184652.72
55.30 184652.72
55.40 184652.72
55.50 184652.72
55.60 184652.72
55.70 184652.72
55.80 184652.72
55.90 184652.72
56.00 184652.72
56.10 189003.23
56.20 189003.23
56.30 189003.23
56.40 189003.23
56.50 189003.23
56.60 189003.23
56.70 189003.23
56.80 189003.23
56.90 189003.23
57.00 189003.23
57.10 168277.09
57.20 168277.09
57.30 168277.09
57.40 168277.09
57.50 168277.09
57.60 168277.09
57.70 168277.09
57.80 168277.09
57.90 168277.09
58.00 168277.09
58.10 184390.53
58.20 184390.53
58.30 184390.53
58.40 184390.53
58.50 184390.53
58.60 184390.53
58.70 184390.53
58.80 184390.53
58.90 184390.53
59.00 184390.53
59.10 188920.04
59.20 188920.04
59.30 188920.04
59.40 188920.04
59.50 188920.04
59.60 188920.04
59.70 188920.04
59.80 188920.04
59.90 188920.04
60.00 188920.04
