0.10 172143.16
0.20 172143.16
0.30 172143.16
0.40 172143.16
0.50 172143.16
0.60 172143.16
0.70 172143.16
0.80 172143.16
0.90 172143.16
1.00 172143.16
1.10 186999.27
1.20 186999.27
1.30 186999.27
1.40 186999.27
1.50 186999.27
1.60 186999.27
1.70 186999.27
1.80 186999.27
1.90 186999.27
2.00 186999.27
2.10 162572.08
2.20 162572.08
2.30 162572.08
2.40 162572.08
2.50 162572.08
2.60 162572.08
2.70 162572.08
2.80 162572.08
2.90 162572.08
3.00 162572.08
3.10 138051.06
3.20 138051.06
3.30 138051.06
3.40 138051.06
3.50 138051.06
3.60 138051.06
3.70 138051.06
3.80 138051.06
3.90 138051.06
4.00 138051.06
4.10 176426.36
4.20 176426.36
4.30 176426.36
4.40 176426.36
4.50 176426.36
4.60 176426.36
4.70 176426.36
4.80 176426.36
4.90 176426.36
5.00 176426.36
5.10 167392.68
5.20 167392.68
5.30 167392.68
5.40 167392.68
5.50 167392.68
5.60 167392.68
5.70 167392.68
5.80 167392.68
5.90 167392.68
6.00 167392.68
6.10 173733.44
6.20 173733.44
6.30 173733.44
6.40 173733.44
6.50 173733.44
6.60 173733.44
6.70 173733.44
6.80 173733.44
6.90 173733.44
7.00 173733.44
7.10 147022.94
7.20 147022.94
7.30 147022.94
7.40 147022.94
7.50 147022.94
7.60 147022.94
7.70 147022.94
7.80 147022.94
7.90 147022.94
8.00 147022.94
8.10 181693.09
8.20 181693.09
8.30 181693.09
8.40 181693.09
8.50 181693.09
8.60 181693.09
8.70 181693.09
8.80 181693.09
8.90 181693.09
9.00 181693.09
9.10 282156.99
9.20 282156.99
9.30 282156.99
9.40 282156.99
9.50 282156.99
9.60 282156.99
9.70 282156.99
9.80 282156.99
9.90 282156.99
10.00 282156.99
10.10 209946.36
10.20 209946.36
10.30 209946.36
10.40 209946.36
10.50 209946.36
10.60 209946.36
10.70 209946.36
10.80 209946.36
10.90 209946.36
11.00 209946.36
11.10 272395.52
11.20 272395.52
11.30 272395.52
11.40 272395.52
11.50 272395.52
11.60 272395.52
11.70 272395.52
11.80 272395.52
11.90 272395.52
12.00 272395.52
12.10 237538.05
12.20 237538.05
12.30 237538.05
12.40 237538.05
12.50 237538.05
12.60 237538.05
12.70 237538.05
12.80 237538.05
12.90 237538.05
13.00 237538.05
13.10 150236.06
13.20 150236.06
13.30 150236.06
13.40 150236.06
13.50 150236.06
13.60 150236.06
13.70 150236.06
13.80 150236.06
13.90 150236.06
14.00 150236.06
14.10 207115.75
14.20 207115.75
14.30 207115.75
14.40 207115.75
14.50 207115.75
14.60 207115.75
14.70 207115.75
14.80 207115.75
14.90 207115.75
15.00 207115.75
15.10 224030.00
15.20 224030.00
15.30 224030.00
15.40 224030.00
15.50 224030.00
15.60 224030.00
15.70 224030.00
15.80 224030.00
15.90 224030.00
16.00 224030.00
16.10 248296.81
16.20 248296.81
16.30 248296.81
16.40 248296.81
16.50 248296.81
16.60 248296.81
16.70 248296.81
16.80 248296.81
16.90 248296.81
17.00 248296.81
17.10 296316.46
17.20 296316.46
17.30 296316.46
17.40 296316.46
17.50 296316.46
17.60 296316.46
17.70 296316.46
17.80 296316.46
17.90 296316.46
18.00 296316.46
18.10 204471.32
18.20 204471.32
18.30 204471.32
18.40 204471.32
18.50 204471.32
18.60 204471.32
18.70 204471.32
18.80 204471.32
18.90 204471.32
19.00 204471.32
19.10 203861.82
19.20 203861.82
19.30 203861.82
19.40 203861.82
19.50 203861.82
19.60 203861.82
19.70 203861.82
19.80 203861.82
19.90 203861.82
20.00 203861.82
20.10 261795.11
20.20 261795.11
20.30 261795.11
20.40 261795.11
20.50 261795.11
20.60 261795.11
20.70 261795.11
20.80 261795.11
20.90 261795.11
21.00 261795.11
21.10 233764.27
21.20 233764.27
21.30 233764.27
21.40 233764.27
21.50 233764.27
21.60 233764.27
21.70 233764.27
21.80 233764.27
21.90 233764.27
22.00 233764.27
22.10 110824.49
22.20 110824.49
22.30 110824.49
22.40 110824.49
22.50 110824.49
22.60 110824.49
22.70 110824.49
22.80 110824.49
22.90 110824.49
23.00 110824.49
23.10 151914.47
23.20 151914.47
23.30 151914.47
23.40 151914.47
23.50 151914.47
23.60 151914.47
23.70 151914.47
23.80 151914.47
23.90 151914.47
24.00 151914.47
24.10 199282.72
24.20 199282.72
24.30 199282.72
24.40 199282.72
24.50 199282.72
24.60 199282.72
24.70 199282.72
24.80 199282.72
24.90 199282.72
25.00 199282.72
25.10 236000.25
25.20 236000.25
25.30 236000.25
25.40 236000.25
25.50 236000.25
25.60 236000.25
25.70 236000.25
25.80 236000.25
25.90 236000.25
26.00 236000.25
26.10 179727.87
26.20 179727.87
26.30 179727.87
26.40 179727.87
26.50 179727.87
26.60 179727.87
26.70 179727.87
26.80 179727.87
26.90 179727.87
27.00 179727.87
27.10 333843.59
27.20 333843.59
27.30 333843.59
27.40 333843.59
27.50 333843.59
27.60 333843.59
27.70 333843.59
27.80 333843.59
27.90 333843.59
28.00 333843.59
28.10 245400.43
28.20 245400.43
28.30 245400.43
28.40 245400.43
28.50 245400.43
28.60 245400.43
28.70 245400.43
28.80 245400.43
28.90 245400.43
29.00 245400.43
29.10 168812.43
29.20 168812.43
29.30 168812.43
29.40 168812.43
29.50 168812.43
29.60 168812.43
29.70 168812.43
29.80 168812.43
29.90 168812.43
30.00 168812.43
30.10 223333.39
30.20 223333.39
30.30 223333.39
30.40 223333.39
30.50 223333.39
30.60 223333.39
30.70 223333.39
30.80 223333.39
30.90 223333.39
31.00 223333.39
31.10 236711.42
31.20 236711.42
31.30 236711.42
31.40 236711.42
31.50 236711.42
31.60 236711.42
31.70 236711.42
31.80 236711.42
31.90 236711.42
32.00 236711.42
32.10 300569.22
32.20 300569.22
32.30 300569.22
32.40 300569.22
32.50 300569.22
32.60 300569.22
32.70 300569.22
32.80 300569.22
32.90 300569.22
33.00 300569.22
33.10 214640.12
33.20 214640.12
33.30 214640.12
33.40 214640.12
33.50 214640.12
33.60 214640.12
33.70 214640.12
33.80 214640.12
33.90 214640.12
34.00 214640.12
34.10 324138.76
34.20 324138.76
34.30 324138.76
34.40 324138.76
34.50 324138.76
34.60 324138.76
34.70 324138.76
34.80 324138.76
34.90 324138.76
35.00 324138.76
35.10 172911.06
35.20 172911.06
35.30 172911.06
35.40 172911.06
35.50 172911.06
35.60 172911.06
35.70 172911.06
35.80 172911.06
35.90 172911.06
36.00 172911.06
36.10 246349.54
36.20 246349.54
36.30 246349.54
36.40 246349.54
36.50 246349.54
36.60 246349.54
36.70 246349.54
36.80 246349.54
36.90 246349.54
37.00 246349.54
37.10 209060.90
37.20 209060.90
37.30 209060.90
37.40 209060.90
37.50 209060.90
37.60 209060.90
37.70 209060.90
37.80 209060.90
37.90 209060.90
38.00 209060.90
38.10 175975.23
38.20 175975.23
38.30 175975.23
38.40 175975.23
38.50 175975.23
38.60 175975.23
38.70 175975.23
38.80 175975.23
38.90 175975.23
39.00 175975.23
39.10 185355.00
39.20 185355.00
39.30 185355.00
39.40 185355.00
39.50 185355.00
39.60 185355.00
39.70 185355.00
39.80 185355.00
39.90 185355.00
40.00 185355.00
40.10 16601.83
40.20 16601.83
40.30 16601.83
40.40 16601.83
40.50 16601.83
40.60 16601.83
40.70 16601.83
40.80 16601.83
40.90 16601.83
41.00 16601.83
41.10 131128.48
41.20 131128.48
41.30 131128.48
41.40 131128.48
41.50 131128.48
41.60 131128.48
41.70 131128.48
41.80 131128.48
41.90 131128.48
42.00 131128.48
42.10 158219.42
42.20 158219.42
42.30 158219.42
42.40 158219.42
42.50 158219.42
42.60 158219.42
42.70 158219.42
42.80 158219.42
42.90 158219.42
43.00 158219.42
43.10 161678.54
43.20 161678.54
43.30 161678.54
43.40 161678.54
43.50 161678.54
43.60 161678.54
43.70 161678.54
43.80 161678.54
43.90 161678.54
44.00 161678.54
44.10 157792.90
44.20 157792.90
44.30 157792.90
44.40 157792.90
44.50 157792.90
44.60 157792.90
44.70 157792.90
44.80 157792.90
44.90 157792.90
45.00 157792.90
45.10 127062.60
45.20 127062.60
45.30 127062.60
45.40 127062.60
45.50 127062.60
45.60 127062.60
45.70 127062.60
45.80 127062.60
45.90 127062.60
46.00 127062.60
46.10 169655.35
46.20 169655.35
46.30 169655.35
46.40 169655.35
46.50 169655.35
46.60 169655.35
46.70 169655.35
46.80 169655.35
46.90 169655.35
47.00 169655.35
47.10 179279.01
47.20 179279.01
47.30 179279.01
47.40 179279.01
47.50 179279.01
47.60 179279.01
47.70 179279.01
47.80 179279.01
47.90 179279.01
48.00 179279.01
48.10 191498.63
48.20 191498.63
48.30 191498.63
48.40 191498.63
48.50 191498.63
48.60 191498.63
48.70 191498.63
48.80 191498.63
48.90 191498.63
49.00 191498.63
49.10 187429.24
49.20 187429.24
49.30 187429.24
49.40 187429.24
49.50 187429.24
49.60 187429.24
49.70 187429.24
49.80 187429.24
49.90 187429.24
50.00 187429.24
50.10 172545.34
50.20 172545.34
50.30 172545.34
50.40 172545.34
50.50 172545.34
50.60 172545.34
50.70 172545.34
50.80 172545.34
50.90 172545.34
51.00 172545.34
51.10 153765.06
51.20 153765.06
51.30 153765.06
51.40 153765.06
51.50 153765.06
51.60 153765.06
51.70 153765.06
51.80 153765.06
51.90 153765.06
52.00 153765.06
52.10 146314.25
52.20 146314.25
52.30 146314.25
52.40 146314.25
52.50 146314.25
52.60 146314.25
52.70 146314.25
52.80 146314.25
52.90 146314.25
53.00 146314.25
53.10 164944.70
53.20 164944.70
53.30 164944.70
53.40 164944.70
53.50 164944.70
53.60 164944.70
53.70 164944.70
53.80 164944.70
53.90 164944.70
54.00 164944.70
54.10 148967.59
54.20 148967.59
54.30 148967.59
54.40 148967.59
54.50 148967.59
54.60 148967.59
54.70 148967.59
54.80 148967.59
54.90 148967.59
55.00 148967.59
55.10 153206.78
55.20 153206.78
55.30 153206.78
55.40 153206.78
55.50 153206.78
55.60 153206.78
55.70 153206.78
55.80 153206.78
55.90 153206.78
56.00 153206.78
56.10 136799.21
56.20 136799.21
56.30 136799.21
56.40 136799.21
56.50 136799.21
56.60 136799.21
56.70 136799.21
56.80 136799.21
56.90 136799.21
57.00 136799.21
57.10 144317.04
57.20 144317.04
57.30 144317.04
57.40 144317.04
57.50 144317.04
57.60 144317.04
57.70 144317.04
57.80 144317.04
57.90 144317.04
58.00 144317.04
58.10 141544.73
58.20 141544.73
58.30 141544.73
58.40 141544.73
58.50 141544.73
58.60 141544.73
58.70 141544.73
58.80 141544.73
58.90 141544.73
59.00 141544.73
59.10 171132.89
59.20 171132.89
59.30 171132.89
59.40 171132.89
59.50 171132.89
59.60 171132.89
59.70 171132.89
59.80 171132.89
59.90 171132.89
60.00 171132.89
