0.10 265725.25
0.20 265725.25
0.30 265725.25
0.40 265725.25
0.50 265725.25
0.60 265725.25
0.70 265725.25
0.80 265725.25
0.90 265725.25
1.00 265725.25
1.10 271650.03
1.20 271650.03
1.30 271650.03
1.40 271650.03
1.50 271650.03
1.60 271650.03
1.70 271650.03
1.80 271650.03
1.90 271650.03
2.00 271650.03
2.10 287577.01
2.20 287577.01
2.30 287577.01
2.40 287577.01
2.50 287577.01
2.60 287577.01
2.70 287577.01
2.80 287577.01
2.90 287577.01
3.00 287577.01
3.10 298645.75
3.20 298645.75
3.30 298645.75
3.40 298645.75
3.50 298645.75
3.60 298645.75
3.70 298645.75
3.80 298645.75
3.90 298645.75
4.00 298645.75
4.10 297133.97
4.20 297133.97
4.30 297133.97
4.40 297133.97
4.50 297133.97
4.60 297133.97
4.70 297133.97
4.80 297133.97
4.90 297133.97
5.00 297133.97
5.10 301821.34
5.20 301821.34
5.30 301821.34
5.40 301821.34
5.50 301821.34
5.60 301821.34
5.70 301821.34
5.80 301821.34
5.90 301821.34
6.00 301821.34
6.10 160398.55
6.20 160398.55
6.30 160398.55
6.40 160398.55
6.50 160398.55
6.60 160398.55
6.70 160398.55
6.80 160398.55
6.90 160398.55
7.00 160398.55
7.10 348565.72
7.20 348565.72
7.30 348565.72
7.40 348565.72
7.50 348565.72
7.60 348565.72
7.70 348565.72
7.80 348565.72
7.90 348565.72
8.00 348565.72
8.10 223509.99
8.20 223509.99
8.30 223509.99
8.40 223509.99
8.50 223509.99
8.60 223509.99
8.70 223509.99
8.80 223509.99
8.90 223509.99
9.00 223509.99
9.10 290098.44
9.20 290098.44
9.30 290098.44
9.40 290098.44
9.50 290098.44
9.60 290098.44
9.70 290098.44
9.80 290098.44
9.90 290098.44
10.00 290098.44
10.10 235228.19
10.20 235228.19
10.30 235228.19
10.40 235228.19
10.50 235228.19
10.60 235228.19
10.70 235228.19
10.80 235228.19
10.90 235228.19
11.00 235228.19
11.10 259678.22
11.20 259678.22
11.30 259678.22
11.40 259678.22
11.50 259678.22
11.60 259678.22
11.70 259678.22
11.80 259678.22
11.90 259678.22
12.00 259678.22
12.10 240415.39
12.20 240415.39
12.30 240415.39
12.40 240415.39
12.50 240415.39
12.60 240415.39
12.70 240415.39
12.80 240415.39
12.90 240415.39
13.00 240415.39
13.10 273593.71
13.20 273593.71
13.30 273593.71
13.40 273593.71
13.50 273593.71
13.60 273593.71
13.70 273593.71
13.80 273593.71
13.90 273593.71
14.00 273593.71
14.10 178138.55
14.20 178138.55
14.30 178138.55
14.40 178138.55
14.50 178138.55
14.60 178138.55
14.70 178138.55
14.80 178138.55
14.90 178138.55
15.00 178138.55
15.10 150541.21
15.20 150541.21
15.30 150541.21
15.40 150541.21
15.50 150541.21
15.60 150541.21
15.70 150541.21
15.80 150541.21
15.90 150541.21
16.00 150541.21
16.10 182246.78
16.20 182246.78
16.30 182246.78
16.40 182246.78
16.50 182246.78
16.60 182246.78
16.70 182246.78
16.80 182246.78
16.90 182246.78
17.00 182246.78
17.10 171972.94
17.20 171972.94
17.30 171972.94
17.40 171972.94
17.50 171972.94
17.60 171972.94
17.70 171972.94
17.80 171972.94
17.90 171972.94
18.00 171972.94
18.10 192251.45
18.20 192251.45
18.30 192251.45
18.40 192251.45
18.50 192251.45
18.60 192251.45
18.70 192251.45
18.80 192251.45
18.90 192251.45
19.00 192251.45
19.10 164627.50
19.20 164627.50
19.30 164627.50
19.40 164627.50
19.50 164627.50
19.60 164627.50
19.70 164627.50
19.80 164627.50
19.90 164627.50
20.00 164627.50
20.10 287407.57
20.20 287407.57
20.30 287407.57
20.40 287407.57
20.50 287407.57
20.60 287407.57
20.70 287407.57
20.80 287407.57
20.90 287407.57
21.00 287407.57
21.10 264668.53
21.20 264668.53
21.30 264668.53
21.40 264668.53
21.50 264668.53
21.60 264668.53
21.70 264668.53
21.80 264668.53
21.90 264668.53
22.00 264668.53
22.10 240733.02
22.20 240733.02
22.30 240733.02
22.40 240733.02
22.50 240733.02
22.60 240733.02
22.70 240733.02
22.80 240733.02
22.90 240733.02
23.00 240733.02
23.10 276937.40
23.20 276937.40
23.30 276937.40
23.40 276937.40
23.50 276937.40
23.60 276937.40
23.70 276937.40
23.80 276937.40
23.90 276937.40
24.00 276937.40
24.10 248831.72
24.20 248831.72
24.30 248831.72
24.40 248831.72
24.50 248831.72
24.60 248831.72
24.70 248831.72
24.80 248831.72
24.90 248831.72
25.00 248831.72
25.10 237682.09
25.20 237682.09
25.30 237682.09
25.40 237682.09
25.50 237682.09
25.60 237682.09
25.70 237682.09
25.80 237682.09
25.90 237682.09
26.00 237682.09
26.10 203083.89
26.20 203083.89
26.30 203083.89
26.40 203083.89
26.50 203083.89
26.60 203083.89
26.70 203083.89
26.80 203083.89
26.90 203083.89
27.00 203083.89
27.10 243304.52
27.20 243304.52
27.30 243304.52
27.40 243304.52
27.50 243304.52
27.60 243304.52
27.70 243304.52
27.80 243304.52
27.90 243304.52
28.00 243304.52
28.10 288069.43
28.20 288069.43
28.30 288069.43
28.40 288069.43
28.50 288069.43
28.60 288069.43
28.70 288069.43
28.80 288069.43
28.90 288069.43
29.00 288069.43
29.10 273464.50
29.20 273464.50
29.30 273464.50
29.40 273464.50
29.50 273464.50
29.60 273464.50
29.70 273464.50
29.80 273464.50
29.90 273464.50
30.00 273464.50
