0.10 64512.00
0.20 64512.00
0.30 64512.00
0.40 64512.00
0.50 64512.00
0.60 64512.00
0.70 64512.00
0.80 64512.00
0.90 64512.00
1.00 64512.00
1.10 83046.40
1.20 83046.40
1.30 83046.40
1.40 83046.40
1.50 83046.40
1.60 83046.40
1.70 83046.40
1.80 83046.40
1.90 83046.40
2.00 83046.40
2.10 71577.60
2.20 71577.60
2.30 71577.60
2.40 71577.60
2.50 71577.60
2.60 71577.60
2.70 71577.60
2.80 71577.60
2.90 71577.60
3.00 71577.60
3.10 71475.20
3.20 71475.20
3.30 71475.20
3.40 71475.20
3.50 71475.20
3.60 71475.20
3.70 71475.20
3.80 71475.20
3.90 71475.20
4.00 71475.20
4.10 72908.80
4.20 72908.80
4.30 72908.80
4.40 72908.80
4.50 72908.80
4.60 72908.80
4.70 72908.80
4.80 72908.80
4.90 72908.80
5.00 72908.80
5.10 72499.20
5.20 72499.20
5.30 72499.20
5.40 72499.20
5.50 72499.20
5.60 72499.20
5.70 72499.20
5.80 72499.20
5.90 72499.20
6.00 72499.20
6.10 75776.00
6.20 75776.00
6.30 75776.00
6.40 75776.00
6.50 75776.00
6.60 75776.00
6.70 75776.00
6.80 75776.00
6.90 75776.00
7.00 75776.00
7.10 73932.80
7.20 73932.80
7.30 73932.80
7.40 73932.80
7.50 73932.80
7.60 73932.80
7.70 73932.80
7.80 73932.80
7.90 73932.80
8.00 73932.80
8.10 69324.80
8.20 69324.80
8.30 69324.80
8.40 69324.80
8.50 69324.80
8.60 69324.80
8.70 69324.80
8.80 69324.80
8.90 69324.80
9.00 69324.80
9.10 74854.40
9.20 74854.40
9.30 74854.40
9.40 74854.40
9.50 74854.40
9.60 74854.40
9.70 74854.40
9.80 74854.40
9.90 74854.40
10.00 74854.40
10.10 71168.00
10.20 71168.00
10.30 71168.00
10.40 71168.00
10.50 71168.00
10.60 71168.00
10.70 71168.00
10.80 71168.00
10.90 71168.00
11.00 71168.00
11.10 73523.20
11.20 73523.20
11.30 73523.20
11.40 73523.20
11.50 73523.20
11.60 73523.20
11.70 73523.20
11.80 73523.20
11.90 73523.20
12.00 73523.20
12.10 73625.60
12.20 73625.60
12.30 73625.60
12.40 73625.60
12.50 73625.60
12.60 73625.60
12.70 73625.60
12.80 73625.60
12.90 73625.60
13.00 73625.60
13.10 73420.80
13.20 73420.80
13.30 73420.80
13.40 73420.80
13.50 73420.80
13.60 73420.80
13.70 73420.80
13.80 73420.80
13.90 73420.80
14.00 73420.80
14.10 69324.80
14.20 69324.80
14.30 69324.80
14.40 69324.80
14.50 69324.80
14.60 69324.80
14.70 69324.80
14.80 69324.80
14.90 69324.80
15.00 69324.80
15.10 9523.20
15.20 9523.20
15.30 9523.20
15.40 9523.20
15.50 9523.20
15.60 9523.20
15.70 9523.20
15.80 9523.20
15.90 9523.20
16.00 9523.20
16.10 138035.20
16.20 138035.20
16.30 138035.20
16.40 138035.20
16.50 138035.20
16.60 138035.20
16.70 138035.20
16.80 138035.20
16.90 138035.20
17.00 138035.20
17.10 73932.80
17.20 73932.80
17.30 73932.80
17.40 73932.80
17.50 73932.80
17.60 73932.80
17.70 73932.80
17.80 73932.80
17.90 73932.80
18.00 73932.80
18.10 71987.20
18.20 71987.20
18.30 71987.20
18.40 71987.20
18.50 71987.20
18.60 71987.20
18.70 71987.20
18.80 71987.20
18.90 71987.20
19.00 71987.20
19.10 69734.40
19.20 69734.40
19.30 69734.40
19.40 69734.40
19.50 69734.40
19.60 69734.40
19.70 69734.40
19.80 69734.40
19.90 69734.40
20.00 69734.40
20.10 63795.20
20.20 63795.20
20.30 63795.20
20.40 63795.20
20.50 63795.20
20.60 63795.20
20.70 63795.20
20.80 63795.20
20.90 63795.20
21.00 63795.20
21.10 80076.80
21.20 80076.80
21.30 80076.80
21.40 80076.80
21.50 80076.80
21.60 80076.80
21.70 80076.80
21.80 80076.80
21.90 80076.80
22.00 80076.80
22.10 70451.20
22.20 70451.20
22.30 70451.20
22.40 70451.20
22.50 70451.20
22.60 70451.20
22.70 70451.20
22.80 70451.20
22.90 70451.20
23.00 70451.20
23.10 73932.80
23.20 73932.80
23.30 73932.80
23.40 73932.80
23.50 73932.80
23.60 73932.80
23.70 73932.80
23.80 73932.80
23.90 73932.80
24.00 73932.80
24.10 68915.20
24.20 68915.20
24.30 68915.20
24.40 68915.20
24.50 68915.20
24.60 68915.20
24.70 68915.20
24.80 68915.20
24.90 68915.20
25.00 68915.20
25.10 72089.60
25.20 72089.60
25.30 72089.60
25.40 72089.60
25.50 72089.60
25.60 72089.60
25.70 72089.60
25.80 72089.60
25.90 72089.60
26.00 72089.60
26.10 71475.20
26.20 71475.20
26.30 71475.20
26.40 71475.20
26.50 71475.20
26.60 71475.20
26.70 71475.20
26.80 71475.20
26.90 71475.20
27.00 71475.20
27.10 68608.00
27.20 68608.00
27.30 68608.00
27.40 68608.00
27.50 68608.00
27.60 68608.00
27.70 68608.00
27.80 68608.00
27.90 68608.00
28.00 68608.00
28.10 65228.80
28.20 65228.80
28.30 65228.80
28.40 65228.80
28.50 65228.80
28.60 65228.80
28.70 65228.80
28.80 65228.80
28.90 65228.80
29.00 65228.80
29.10 73216.00
29.20 73216.00
29.30 73216.00
29.40 73216.00
29.50 73216.00
29.60 73216.00
29.70 73216.00
29.80 73216.00
29.90 73216.00
30.00 73216.00
