0.10 75366.40
0.20 75366.40
0.30 75366.40
0.40 75366.40
0.50 75366.40
0.60 75366.40
0.70 75366.40
0.80 75366.40
0.90 75366.40
1.00 75366.40
1.10 74342.40
1.20 74342.40
1.30 74342.40
1.40 74342.40
1.50 74342.40
1.60 74342.40
1.70 74342.40
1.80 74342.40
1.90 74342.40
2.00 74342.40
2.10 75878.40
2.20 75878.40
2.30 75878.40
2.40 75878.40
2.50 75878.40
2.60 75878.40
2.70 75878.40
2.80 75878.40
2.90 75878.40
3.00 75878.40
3.10 79667.20
3.20 79667.20
3.30 79667.20
3.40 79667.20
3.50 79667.20
3.60 79667.20
3.70 79667.20
3.80 79667.20
3.90 79667.20
4.00 79667.20
4.10 77516.80
4.20 77516.80
4.30 77516.80
4.40 77516.80
4.50 77516.80
4.60 77516.80
4.70 77516.80
4.80 77516.80
4.90 77516.80
5.00 77516.80
5.10 78131.20
5.20 78131.20
5.30 78131.20
5.40 78131.20
5.50 78131.20
5.60 78131.20
5.70 78131.20
5.80 78131.20
5.90 78131.20
6.00 78131.20
6.10 75161.60
6.20 75161.60
6.30 75161.60
6.40 75161.60
6.50 75161.60
6.60 75161.60
6.70 75161.60
6.80 75161.60
6.90 75161.60
7.00 75161.60
7.10 76697.60
7.20 76697.60
7.30 76697.60
7.40 76697.60
7.50 76697.60
7.60 76697.60
7.70 76697.60
7.80 76697.60
7.90 76697.60
8.00 76697.60
8.10 79462.40
8.20 79462.40
8.30 79462.40
8.40 79462.40
8.50 79462.40
8.60 79462.40
8.70 79462.40
8.80 79462.40
8.90 79462.40
9.00 79462.40
9.10 75878.40
9.20 75878.40
9.30 75878.40
9.40 75878.40
9.50 75878.40
9.60 75878.40
9.70 75878.40
9.80 75878.40
9.90 75878.40
10.00 75878.40
10.10 78336.00
10.20 78336.00
10.30 78336.00
10.40 78336.00
10.50 78336.00
10.60 78336.00
10.70 78336.00
10.80 78336.00
10.90 78336.00
11.00 78336.00
11.10 75776.00
11.20 75776.00
11.30 75776.00
11.40 75776.00
11.50 75776.00
11.60 75776.00
11.70 75776.00
11.80 75776.00
11.90 75776.00
12.00 75776.00
12.10 73420.80
12.20 73420.80
12.30 73420.80
12.40 73420.80
12.50 73420.80
12.60 73420.80
12.70 73420.80
12.80 73420.80
12.90 73420.80
13.00 73420.80
13.10 77824.00
13.20 77824.00
13.30 77824.00
13.40 77824.00
13.50 77824.00
13.60 77824.00
13.70 77824.00
13.80 77824.00
13.90 77824.00
14.00 77824.00
14.10 75980.80
14.20 75980.80
14.30 75980.80
14.40 75980.80
14.50 75980.80
14.60 75980.80
14.70 75980.80
14.80 75980.80
14.90 75980.80
15.00 75980.80
15.10 77004.80
15.20 77004.80
15.30 77004.80
15.40 77004.80
15.50 77004.80
15.60 77004.80
15.70 77004.80
15.80 77004.80
15.90 77004.80
16.00 77004.80
16.10 76697.60
16.20 76697.60
16.30 76697.60
16.40 76697.60
16.50 76697.60
16.60 76697.60
16.70 76697.60
16.80 76697.60
16.90 76697.60
17.00 76697.60
17.10 76288.00
17.20 76288.00
17.30 76288.00
17.40 76288.00
17.50 76288.00
17.60 76288.00
17.70 76288.00
17.80 76288.00
17.90 76288.00
18.00 76288.00
18.10 75059.20
18.20 75059.20
18.30 75059.20
18.40 75059.20
18.50 75059.20
18.60 75059.20
18.70 75059.20
18.80 75059.20
18.90 75059.20
19.00 75059.20
19.10 74342.40
19.20 74342.40
19.30 74342.40
19.40 74342.40
19.50 74342.40
19.60 74342.40
19.70 74342.40
19.80 74342.40
19.90 74342.40
20.00 74342.40
20.10 75571.20
20.20 75571.20
20.30 75571.20
20.40 75571.20
20.50 75571.20
20.60 75571.20
20.70 75571.20
20.80 75571.20
20.90 75571.20
21.00 75571.20
21.10 74240.00
21.20 74240.00
21.30 74240.00
21.40 74240.00
21.50 74240.00
21.60 74240.00
21.70 74240.00
21.80 74240.00
21.90 74240.00
22.00 74240.00
22.10 75878.40
22.20 75878.40
22.30 75878.40
22.40 75878.40
22.50 75878.40
22.60 75878.40
22.70 75878.40
22.80 75878.40
22.90 75878.40
23.00 75878.40
23.10 73932.80
23.20 73932.80
23.30 73932.80
23.40 73932.80
23.50 73932.80
23.60 73932.80
23.70 73932.80
23.80 73932.80
23.90 73932.80
24.00 73932.80
24.10 75878.40
24.20 75878.40
24.30 75878.40
24.40 75878.40
24.50 75878.40
24.60 75878.40
24.70 75878.40
24.80 75878.40
24.90 75878.40
25.00 75878.40
25.10 74854.40
25.20 74854.40
25.30 74854.40
25.40 74854.40
25.50 74854.40
25.60 74854.40
25.70 74854.40
25.80 74854.40
25.90 74854.40
26.00 74854.40
26.10 76697.60
26.20 76697.60
26.30 76697.60
26.40 76697.60
26.50 76697.60
26.60 76697.60
26.70 76697.60
26.80 76697.60
26.90 76697.60
27.00 76697.60
27.10 76800.00
27.20 76800.00
27.30 76800.00
27.40 76800.00
27.50 76800.00
27.60 76800.00
27.70 76800.00
27.80 76800.00
27.90 76800.00
28.00 76800.00
28.10 76390.40
28.20 76390.40
28.30 76390.40
28.40 76390.40
28.50 76390.40
28.60 76390.40
28.70 76390.40
28.80 76390.40
28.90 76390.40
29.00 76390.40
29.10 51609.60
29.20 51609.60
29.30 51609.60
29.40 51609.60
29.50 51609.60
29.60 51609.60
29.70 51609.60
29.80 51609.60
29.90 51609.60
30.00 51609.60
