0.10 300045.11
0.20 300045.11
0.30 300045.11
0.40 300045.11
0.50 300045.11
0.60 300045.11
0.70 300045.11
0.80 300045.11
0.90 300045.11
1.00 300045.11
1.10 318527.88
1.20 318527.88
1.30 318527.88
1.40 318527.88
1.50 318527.88
1.60 318527.88
1.70 318527.88
1.80 318527.88
1.90 318527.88
2.00 318527.88
2.10 308894.40
2.20 308894.40
2.30 308894.40
2.40 308894.40
2.50 308894.40
2.60 308894.40
2.70 308894.40
2.80 308894.40
2.90 308894.40
3.00 308894.40
3.10 299515.60
3.20 299515.60
3.30 299515.60
3.40 299515.60
3.50 299515.60
3.60 299515.60
3.70 299515.60
3.80 299515.60
3.90 299515.60
4.00 299515.60
4.10 339010.15
4.20 339010.15
4.30 339010.15
4.40 339010.15
4.50 339010.15
4.60 339010.15
4.70 339010.15
4.80 339010.15
4.90 339010.15
5.00 339010.15
5.10 237989.61
5.20 237989.61
5.30 237989.61
5.40 237989.61
5.50 237989.61
5.60 237989.61
5.70 237989.61
5.80 237989.61
5.90 237989.61
6.00 237989.61
6.10 324194.94
6.20 324194.94
6.30 324194.94
6.40 324194.94
6.50 324194.94
6.60 324194.94
6.70 324194.94
6.80 324194.94
6.90 324194.94
7.00 324194.94
7.10 229190.81
7.20 229190.81
7.30 229190.81
7.40 229190.81
7.50 229190.81
7.60 229190.81
7.70 229190.81
7.80 229190.81
7.90 229190.81
8.00 229190.81
8.10 261484.38
8.20 261484.38
8.30 261484.38
8.40 261484.38
8.50 261484.38
8.60 261484.38
8.70 261484.38
8.80 261484.38
8.90 261484.38
9.00 261484.38
9.10 274135.94
9.20 274135.94
9.30 274135.94
9.40 274135.94
9.50 274135.94
9.60 274135.94
9.70 274135.94
9.80 274135.94
9.90 274135.94
10.00 274135.94
10.10 229104.73
10.20 229104.73
10.30 229104.73
10.40 229104.73
10.50 229104.73
10.60 229104.73
10.70 229104.73
10.80 229104.73
10.90 229104.73
11.00 229104.73
11.10 268446.86
11.20 268446.86
11.30 268446.86
11.40 268446.86
11.50 268446.86
11.60 268446.86
11.70 268446.86
11.80 268446.86
11.90 268446.86
12.00 268446.86
12.10 196742.39
12.20 196742.39
12.30 196742.39
12.40 196742.39
12.50 196742.39
12.60 196742.39
12.70 196742.39
12.80 196742.39
12.90 196742.39
13.00 196742.39
13.10 204745.45
13.20 204745.45
13.30 204745.45
13.40 204745.45
13.50 204745.45
13.60 204745.45
13.70 204745.45
13.80 204745.45
13.90 204745.45
14.00 204745.45
14.10 248135.91
14.20 248135.91
14.30 248135.91
14.40 248135.91
14.50 248135.91
14.60 248135.91
14.70 248135.91
14.80 248135.91
14.90 248135.91
15.00 248135.91
15.10 187705.46
15.20 187705.46
15.30 187705.46
15.40 187705.46
15.50 187705.46
15.60 187705.46
15.70 187705.46
15.80 187705.46
15.90 187705.46
16.00 187705.46
16.10 234315.84
16.20 234315.84
16.30 234315.84
16.40 234315.84
16.50 234315.84
16.60 234315.84
16.70 234315.84
16.80 234315.84
16.90 234315.84
17.00 234315.84
17.10 255449.57
17.20 255449.57
17.30 255449.57
17.40 255449.57
17.50 255449.57
17.60 255449.57
17.70 255449.57
17.80 255449.57
17.90 255449.57
18.00 255449.57
18.10 207973.75
18.20 207973.75
18.30 207973.75
18.40 207973.75
18.50 207973.75
18.60 207973.75
18.70 207973.75
18.80 207973.75
18.90 207973.75
19.00 207973.75
19.10 238792.55
19.20 238792.55
19.30 238792.55
19.40 238792.55
19.50 238792.55
19.60 238792.55
19.70 238792.55
19.80 238792.55
19.90 238792.55
20.00 238792.55
20.10 236308.66
20.20 236308.66
20.30 236308.66
20.40 236308.66
20.50 236308.66
20.60 236308.66
20.70 236308.66
20.80 236308.66
20.90 236308.66
21.00 236308.66
21.10 191452.41
21.20 191452.41
21.30 191452.41
21.40 191452.41
21.50 191452.41
21.60 191452.41
21.70 191452.41
21.80 191452.41
21.90 191452.41
22.00 191452.41
22.10 230971.43
22.20 230971.43
22.30 230971.43
22.40 230971.43
22.50 230971.43
22.60 230971.43
22.70 230971.43
22.80 230971.43
22.90 230971.43
23.00 230971.43
23.10 216809.63
23.20 216809.63
23.30 216809.63
23.40 216809.63
23.50 216809.63
23.60 216809.63
23.70 216809.63
23.80 216809.63
23.90 216809.63
24.00 216809.63
24.10 217098.71
24.20 217098.71
24.30 217098.71
24.40 217098.71
24.50 217098.71
24.60 217098.71
24.70 217098.71
24.80 217098.71
24.90 217098.71
25.00 217098.71
25.10 280751.64
25.20 280751.64
25.30 280751.64
25.40 280751.64
25.50 280751.64
25.60 280751.64
25.70 280751.64
25.80 280751.64
25.90 280751.64
26.00 280751.64
26.10 276724.14
26.20 276724.14
26.30 276724.14
26.40 276724.14
26.50 276724.14
26.60 276724.14
26.70 276724.14
26.80 276724.14
26.90 276724.14
27.00 276724.14
27.10 267761.03
27.20 267761.03
27.30 267761.03
27.40 267761.03
27.50 267761.03
27.60 267761.03
27.70 267761.03
27.80 267761.03
27.90 267761.03
28.00 267761.03
28.10 233957.53
28.20 233957.53
28.30 233957.53
28.40 233957.53
28.50 233957.53
28.60 233957.53
28.70 233957.53
28.80 233957.53
28.90 233957.53
29.00 233957.53
29.10 243811.81
29.20 243811.81
29.30 243811.81
29.40 243811.81
29.50 243811.81
29.60 243811.81
29.70 243811.81
29.80 243811.81
29.90 243811.81
30.00 243811.81
