0.10 173968.70
0.20 173968.70
0.30 173968.70
0.40 173968.70
0.50 173968.70
0.60 173968.70
0.70 173968.70
0.80 173968.70
0.90 173968.70
1.00 173968.70
1.10 199469.88
1.20 199469.88
1.30 199469.88
1.40 199469.88
1.50 199469.88
1.60 199469.88
1.70 199469.88
1.80 199469.88
1.90 199469.88
2.00 199469.88
2.10 138548.27
2.20 138548.27
2.30 138548.27
2.40 138548.27
2.50 138548.27
2.60 138548.27
2.70 138548.27
2.80 138548.27
2.90 138548.27
3.00 138548.27
3.10 140966.80
3.20 140966.80
3.30 140966.80
3.40 140966.80
3.50 140966.80
3.60 140966.80
3.70 140966.80
3.80 140966.80
3.90 140966.80
4.00 140966.80
4.10 115595.41
4.20 115595.41
4.30 115595.41
4.40 115595.41
4.50 115595.41
4.60 115595.41
4.70 115595.41
4.80 115595.41
4.90 115595.41
5.00 115595.41
5.10 194747.39
5.20 194747.39
5.30 194747.39
5.40 194747.39
5.50 194747.39
5.60 194747.39
5.70 194747.39
5.80 194747.39
5.90 194747.39
6.00 194747.39
6.10 205845.78
6.20 205845.78
6.30 205845.78
6.40 205845.78
6.50 205845.78
6.60 205845.78
6.70 205845.78
6.80 205845.78
6.90 205845.78
7.00 205845.78
7.10 206422.28
7.20 206422.28
7.30 206422.28
7.40 206422.28
7.50 206422.28
7.60 206422.28
7.70 206422.28
7.80 206422.28
7.90 206422.28
8.00 206422.28
8.10 190168.95
8.20 190168.95
8.30 190168.95
8.40 190168.95
8.50 190168.95
8.60 190168.95
8.70 190168.95
8.80 190168.95
8.90 190168.95
9.00 190168.95
9.10 160706.46
9.20 160706.46
9.30 160706.46
9.40 160706.46
9.50 160706.46
9.60 160706.46
9.70 160706.46
9.80 160706.46
9.90 160706.46
10.00 160706.46
10.10 168530.88
10.20 168530.88
10.30 168530.88
10.40 168530.88
10.50 168530.88
10.60 168530.88
10.70 168530.88
10.80 168530.88
10.90 168530.88
11.00 168530.88
11.10 197523.94
11.20 197523.94
11.30 197523.94
11.40 197523.94
11.50 197523.94
11.60 197523.94
11.70 197523.94
11.80 197523.94
11.90 197523.94
12.00 197523.94
12.10 151534.80
12.20 151534.80
12.30 151534.80
12.40 151534.80
12.50 151534.80
12.60 151534.80
12.70 151534.80
12.80 151534.80
12.90 151534.80
13.00 151534.80
13.10 219842.91
13.20 219842.91
13.30 219842.91
13.40 219842.91
13.50 219842.91
13.60 219842.91
13.70 219842.91
13.80 219842.91
13.90 219842.91
14.00 219842.91
14.10 188602.31
14.20 188602.31
14.30 188602.31
14.40 188602.31
14.50 188602.31
14.60 188602.31
14.70 188602.31
14.80 188602.31
14.90 188602.31
15.00 188602.31
15.10 194220.12
15.20 194220.12
15.30 194220.12
15.40 194220.12
15.50 194220.12
15.60 194220.12
15.70 194220.12
15.80 194220.12
15.90 194220.12
16.00 194220.12
16.10 209575.33
16.20 209575.33
16.30 209575.33
16.40 209575.33
16.50 209575.33
16.60 209575.33
16.70 209575.33
16.80 209575.33
16.90 209575.33
17.00 209575.33
17.10 225451.09
17.20 225451.09
17.30 225451.09
17.40 225451.09
17.50 225451.09
17.60 225451.09
17.70 225451.09
17.80 225451.09
17.90 225451.09
18.00 225451.09
18.10 188818.35
18.20 188818.35
18.30 188818.35
18.40 188818.35
18.50 188818.35
18.60 188818.35
18.70 188818.35
18.80 188818.35
18.90 188818.35
19.00 188818.35
19.10 133189.77
19.20 133189.77
19.30 133189.77
19.40 133189.77
19.50 133189.77
19.60 133189.77
19.70 133189.77
19.80 133189.77
19.90 133189.77
20.00 133189.77
20.10 263677.93
20.20 263677.93
20.30 263677.93
20.40 263677.93
20.50 263677.93
20.60 263677.93
20.70 263677.93
20.80 263677.93
20.90 263677.93
21.00 263677.93
21.10 199565.44
21.20 199565.44
21.30 199565.44
21.40 199565.44
21.50 199565.44
21.60 199565.44
21.70 199565.44
21.80 199565.44
21.90 199565.44
22.00 199565.44
22.10 194411.67
22.20 194411.67
22.30 194411.67
22.40 194411.67
22.50 194411.67
22.60 194411.67
22.70 194411.67
22.80 194411.67
22.90 194411.67
23.00 194411.67
23.10 167520.65
23.20 167520.65
23.30 167520.65
23.40 167520.65
23.50 167520.65
23.60 167520.65
23.70 167520.65
23.80 167520.65
23.90 167520.65
24.00 167520.65
24.10 199999.13
24.20 199999.13
24.30 199999.13
24.40 199999.13
24.50 199999.13
24.60 199999.13
24.70 199999.13
24.80 199999.13
24.90 199999.13
25.00 199999.13
25.10 210047.95
25.20 210047.95
25.30 210047.95
25.40 210047.95
25.50 210047.95
25.60 210047.95
25.70 210047.95
25.80 210047.95
25.90 210047.95
26.00 210047.95
26.10 202257.41
26.20 202257.41
26.30 202257.41
26.40 202257.41
26.50 202257.41
26.60 202257.41
26.70 202257.41
26.80 202257.41
26.90 202257.41
27.00 202257.41
27.10 194180.25
27.20 194180.25
27.30 194180.25
27.40 194180.25
27.50 194180.25
27.60 194180.25
27.70 194180.25
27.80 194180.25
27.90 194180.25
28.00 194180.25
28.10 207762.37
28.20 207762.37
28.30 207762.37
28.40 207762.37
28.50 207762.37
28.60 207762.37
28.70 207762.37
28.80 207762.37
28.90 207762.37
29.00 207762.37
29.10 193843.57
29.20 193843.57
29.30 193843.57
29.40 193843.57
29.50 193843.57
29.60 193843.57
29.70 193843.57
29.80 193843.57
29.90 193843.57
30.00 193843.57
