0.10 120415.75
0.20 120415.75
0.30 120415.75
0.40 120415.75
0.50 120415.75
0.60 120415.75
0.70 120415.75
0.80 120415.75
0.90 120415.75
1.00 120415.75
1.10 141934.23
1.20 141934.23
1.30 141934.23
1.40 141934.23
1.50 141934.23
1.60 141934.23
1.70 141934.23
1.80 141934.23
1.90 141934.23
2.00 141934.23
2.10 141064.01
2.20 141064.01
2.30 141064.01
2.40 141064.01
2.50 141064.01
2.60 141064.01
2.70 141064.01
2.80 141064.01
2.90 141064.01
3.00 141064.01
3.10 177420.02
3.20 177420.02
3.30 177420.02
3.40 177420.02
3.50 177420.02
3.60 177420.02
3.70 177420.02
3.80 177420.02
3.90 177420.02
4.00 177420.02
4.10 127951.08
4.20 127951.08
4.30 127951.08
4.40 127951.08
4.50 127951.08
4.60 127951.08
4.70 127951.08
4.80 127951.08
4.90 127951.08
5.00 127951.08
5.10 123449.13
5.20 123449.13
5.30 123449.13
5.40 123449.13
5.50 123449.13
5.60 123449.13
5.70 123449.13
5.80 123449.13
5.90 123449.13
6.00 123449.13
6.10 110887.88
6.20 110887.88
6.30 110887.88
6.40 110887.88
6.50 110887.88
6.60 110887.88
6.70 110887.88
6.80 110887.88
6.90 110887.88
7.00 110887.88
7.10 109428.74
7.20 109428.74
7.30 109428.74
7.40 109428.74
7.50 109428.74
7.60 109428.74
7.70 109428.74
7.80 109428.74
7.90 109428.74
8.00 109428.74
8.10 108496.87
8.20 108496.87
8.30 108496.87
8.40 108496.87
8.50 108496.87
8.60 108496.87
8.70 108496.87
8.80 108496.87
8.90 108496.87
9.00 108496.87
9.10 109948.03
9.20 109948.03
9.30 109948.03
9.40 109948.03
9.50 109948.03
9.60 109948.03
9.70 109948.03
9.80 109948.03
9.90 109948.03
10.00 109948.03
10.10 126307.50
10.20 126307.50
10.30 126307.50
10.40 126307.50
10.50 126307.50
10.60 126307.50
10.70 126307.50
10.80 126307.50
10.90 126307.50
11.00 126307.50
11.10 129560.85
11.20 129560.85
11.30 129560.85
11.40 129560.85
11.50 129560.85
11.60 129560.85
11.70 129560.85
11.80 129560.85
11.90 129560.85
12.00 129560.85
12.10 132575.29
12.20 132575.29
12.30 132575.29
12.40 132575.29
12.50 132575.29
12.60 132575.29
12.70 132575.29
12.80 132575.29
12.90 132575.29
13.00 132575.29
13.10 135758.14
13.20 135758.14
13.30 135758.14
13.40 135758.14
13.50 135758.14
13.60 135758.14
13.70 135758.14
13.80 135758.14
13.90 135758.14
14.00 135758.14
14.10 112959.48
14.20 112959.48
14.30 112959.48
14.40 112959.48
14.50 112959.48
14.60 112959.48
14.70 112959.48
14.80 112959.48
14.90 112959.48
15.00 112959.48
15.10 128994.28
15.20 128994.28
15.30 128994.28
15.40 128994.28
15.50 128994.28
15.60 128994.28
15.70 128994.28
15.80 128994.28
15.90 128994.28
16.00 128994.28
16.10 145498.78
16.20 145498.78
16.30 145498.78
16.40 145498.78
16.50 145498.78
16.60 145498.78
16.70 145498.78
16.80 145498.78
16.90 145498.78
17.00 145498.78
17.10 141598.60
17.20 141598.60
17.30 141598.60
17.40 141598.60
17.50 141598.60
17.60 141598.60
17.70 141598.60
17.80 141598.60
17.90 141598.60
18.00 141598.60
18.10 123972.58
18.20 123972.58
18.30 123972.58
18.40 123972.58
18.50 123972.58
18.60 123972.58
18.70 123972.58
18.80 123972.58
18.90 123972.58
19.00 123972.58
19.10 130809.09
19.20 130809.09
19.30 130809.09
19.40 130809.09
19.50 130809.09
19.60 130809.09
19.70 130809.09
19.80 130809.09
19.90 130809.09
20.00 130809.09
20.10 132191.97
20.20 132191.97
20.30 132191.97
20.40 132191.97
20.50 132191.97
20.60 132191.97
20.70 132191.97
20.80 132191.97
20.90 132191.97
21.00 132191.97
21.10 130165.63
21.20 130165.63
21.30 130165.63
21.40 130165.63
21.50 130165.63
21.60 130165.63
21.70 130165.63
21.80 130165.63
21.90 130165.63
22.00 130165.63
22.10 122502.50
22.20 122502.50
22.30 122502.50
22.40 122502.50
22.50 122502.50
22.60 122502.50
22.70 122502.50
22.80 122502.50
22.90 122502.50
23.00 122502.50
23.10 120081.19
23.20 120081.19
23.30 120081.19
23.40 120081.19
23.50 120081.19
23.60 120081.19
23.70 120081.19
23.80 120081.19
23.90 120081.19
24.00 120081.19
24.10 133562.62
24.20 133562.62
24.30 133562.62
24.40 133562.62
24.50 133562.62
24.60 133562.62
24.70 133562.62
24.80 133562.62
24.90 133562.62
25.00 133562.62
25.10 134318.43
25.20 134318.43
25.30 134318.43
25.40 134318.43
25.50 134318.43
25.60 134318.43
25.70 134318.43
25.80 134318.43
25.90 134318.43
26.00 134318.43
26.10 149713.77
26.20 149713.77
26.30 149713.77
26.40 149713.77
26.50 149713.77
26.60 149713.77
26.70 149713.77
26.80 149713.77
26.90 149713.77
27.00 149713.77
27.10 122973.46
27.20 122973.46
27.30 122973.46
27.40 122973.46
27.50 122973.46
27.60 122973.46
27.70 122973.46
27.80 122973.46
27.90 122973.46
28.00 122973.46
28.10 116527.76
28.20 116527.76
28.30 116527.76
28.40 116527.76
28.50 116527.76
28.60 116527.76
28.70 116527.76
28.80 116527.76
28.90 116527.76
29.00 116527.76
29.10 110489.89
29.20 110489.89
29.30 110489.89
29.40 110489.89
29.50 110489.89
29.60 110489.89
29.70 110489.89
29.80 110489.89
29.90 110489.89
30.00 110489.89
