0.10 278740.41
0.20 278740.41
0.30 278740.41
0.40 278740.41
0.50 278740.41
0.60 278740.41
0.70 278740.41
0.80 278740.41
0.90 278740.41
1.00 278740.41
1.10 309354.33
1.20 309354.33
1.30 309354.33
1.40 309354.33
1.50 309354.33
1.60 309354.33
1.70 309354.33
1.80 309354.33
1.90 309354.33
2.00 309354.33
2.10 308242.19
2.20 308242.19
2.30 308242.19
2.40 308242.19
2.50 308242.19
2.60 308242.19
2.70 308242.19
2.80 308242.19
2.90 308242.19
3.00 308242.19
3.10 297516.91
3.20 297516.91
3.30 297516.91
3.40 297516.91
3.50 297516.91
3.60 297516.91
3.70 297516.91
3.80 297516.91
3.90 297516.91
4.00 297516.91
4.10 342561.85
4.20 342561.85
4.30 342561.85
4.40 342561.85
4.50 342561.85
4.60 342561.85
4.70 342561.85
4.80 342561.85
4.90 342561.85
5.00 342561.85
5.10 286970.60
5.20 286970.60
5.30 286970.60
5.40 286970.60
5.50 286970.60
5.60 286970.60
5.70 286970.60
5.80 286970.60
5.90 286970.60
6.00 286970.60
6.10 341473.20
6.20 341473.20
6.30 341473.20
6.40 341473.20
6.50 341473.20
6.60 341473.20
6.70 341473.20
6.80 341473.20
6.90 341473.20
7.00 341473.20
7.10 303786.78
7.20 303786.78
7.30 303786.78
7.40 303786.78
7.50 303786.78
7.60 303786.78
7.70 303786.78
7.80 303786.78
7.90 303786.78
8.00 303786.78
8.10 278529.98
8.20 278529.98
8.30 278529.98
8.40 278529.98
8.50 278529.98
8.60 278529.98
8.70 278529.98
8.80 278529.98
8.90 278529.98
9.00 278529.98
9.10 306045.68
9.20 306045.68
9.30 306045.68
9.40 306045.68
9.50 306045.68
9.60 306045.68
9.70 306045.68
9.80 306045.68
9.90 306045.68
10.00 306045.68
10.10 329878.10
10.20 329878.10
10.30 329878.10
10.40 329878.10
10.50 329878.10
10.60 329878.10
10.70 329878.10
10.80 329878.10
10.90 329878.10
11.00 329878.10
11.10 320717.25
11.20 320717.25
11.30 320717.25
11.40 320717.25
11.50 320717.25
11.60 320717.25
11.70 320717.25
11.80 320717.25
11.90 320717.25
12.00 320717.25
12.10 309470.99
12.20 309470.99
12.30 309470.99
12.40 309470.99
12.50 309470.99
12.60 309470.99
12.70 309470.99
12.80 309470.99
12.90 309470.99
13.00 309470.99
13.10 311676.77
13.20 311676.77
13.30 311676.77
13.40 311676.77
13.50 311676.77
13.60 311676.77
13.70 311676.77
13.80 311676.77
13.90 311676.77
14.00 311676.77
14.10 293437.60
14.20 293437.60
14.30 293437.60
14.40 293437.60
14.50 293437.60
14.60 293437.60
14.70 293437.60
14.80 293437.60
14.90 293437.60
15.00 293437.60
15.10 308904.78
15.20 308904.78
15.30 308904.78
15.40 308904.78
15.50 308904.78
15.60 308904.78
15.70 308904.78
15.80 308904.78
15.90 308904.78
16.00 308904.78
16.10 254075.30
16.20 254075.30
16.30 254075.30
16.40 254075.30
16.50 254075.30
16.60 254075.30
16.70 254075.30
16.80 254075.30
16.90 254075.30
17.00 254075.30
17.10 281834.40
17.20 281834.40
17.30 281834.40
17.40 281834.40
17.50 281834.40
17.60 281834.40
17.70 281834.40
17.80 281834.40
17.90 281834.40
18.00 281834.40
18.10 333921.31
18.20 333921.31
18.30 333921.31
18.40 333921.31
18.50 333921.31
18.60 333921.31
18.70 333921.31
18.80 333921.31
18.90 333921.31
19.00 333921.31
19.10 333369.20
19.20 333369.20
19.30 333369.20
19.40 333369.20
19.50 333369.20
19.60 333369.20
19.70 333369.20
19.80 333369.20
19.90 333369.20
20.00 333369.20
20.10 304431.06
20.20 304431.06
20.30 304431.06
20.40 304431.06
20.50 304431.06
20.60 304431.06
20.70 304431.06
20.80 304431.06
20.90 304431.06
21.00 304431.06
21.10 276992.18
21.20 276992.18
21.30 276992.18
21.40 276992.18
21.50 276992.18
21.60 276992.18
21.70 276992.18
21.80 276992.18
21.90 276992.18
22.00 276992.18
22.10 301704.30
22.20 301704.30
22.30 301704.30
22.40 301704.30
22.50 301704.30
22.60 301704.30
22.70 301704.30
22.80 301704.30
22.90 301704.30
23.00 301704.30
23.10 328787.67
23.20 328787.67
23.30 328787.67
23.40 328787.67
23.50 328787.67
23.60 328787.67
23.70 328787.67
23.80 328787.67
23.90 328787.67
24.00 328787.67
24.10 204382.35
24.20 204382.35
24.30 204382.35
24.40 204382.35
24.50 204382.35
24.60 204382.35
24.70 204382.35
24.80 204382.35
24.90 204382.35
25.00 204382.35
25.10 276991.51
25.20 276991.51
25.30 276991.51
25.40 276991.51
25.50 276991.51
25.60 276991.51
25.70 276991.51
25.80 276991.51
25.90 276991.51
26.00 276991.51
26.10 303305.59
26.20 303305.59
26.30 303305.59
26.40 303305.59
26.50 303305.59
26.60 303305.59
26.70 303305.59
26.80 303305.59
26.90 303305.59
27.00 303305.59
27.10 301105.51
27.20 301105.51
27.30 301105.51
27.40 301105.51
27.50 301105.51
27.60 301105.51
27.70 301105.51
27.80 301105.51
27.90 301105.51
28.00 301105.51
28.10 338127.31
28.20 338127.31
28.30 338127.31
28.40 338127.31
28.50 338127.31
28.60 338127.31
28.70 338127.31
28.80 338127.31
28.90 338127.31
29.00 338127.31
29.10 261125.97
29.20 261125.97
29.30 261125.97
29.40 261125.97
29.50 261125.97
29.60 261125.97
29.70 261125.97
29.80 261125.97
29.90 261125.97
30.00 261125.97
