0.10 280102.90
0.20 280102.90
0.30 280102.90
0.40 280102.90
0.50 280102.90
0.60 280102.90
0.70 280102.90
0.80 280102.90
0.90 280102.90
1.00 280102.90
1.10 302994.61
1.20 302994.61
1.30 302994.61
1.40 302994.61
1.50 302994.61
1.60 302994.61
1.70 302994.61
1.80 302994.61
1.90 302994.61
2.00 302994.61
2.10 266266.40
2.20 266266.40
2.30 266266.40
2.40 266266.40
2.50 266266.40
2.60 266266.40
2.70 266266.40
2.80 266266.40
2.90 266266.40
3.00 266266.40
3.10 320227.89
3.20 320227.89
3.30 320227.89
3.40 320227.89
3.50 320227.89
3.60 320227.89
3.70 320227.89
3.80 320227.89
3.90 320227.89
4.00 320227.89
4.10 294036.72
4.20 294036.72
4.30 294036.72
4.40 294036.72
4.50 294036.72
4.60 294036.72
4.70 294036.72
4.80 294036.72
4.90 294036.72
5.00 294036.72
5.10 326955.69
5.20 326955.69
5.30 326955.69
5.40 326955.69
5.50 326955.69
5.60 326955.69
5.70 326955.69
5.80 326955.69
5.90 326955.69
6.00 326955.69
6.10 216523.90
6.20 216523.90
6.30 216523.90
6.40 216523.90
6.50 216523.90
6.60 216523.90
6.70 216523.90
6.80 216523.90
6.90 216523.90
7.00 216523.90
7.10 355952.47
7.20 355952.47
7.30 355952.47
7.40 355952.47
7.50 355952.47
7.60 355952.47
7.70 355952.47
7.80 355952.47
7.90 355952.47
8.00 355952.47
8.10 318436.47
8.20 318436.47
8.30 318436.47
8.40 318436.47
8.50 318436.47
8.60 318436.47
8.70 318436.47
8.80 318436.47
8.90 318436.47
9.00 318436.47
9.10 284867.63
9.20 284867.63
9.30 284867.63
9.40 284867.63
9.50 284867.63
9.60 284867.63
9.70 284867.63
9.80 284867.63
9.90 284867.63
10.00 284867.63
10.10 296685.43
10.20 296685.43
10.30 296685.43
10.40 296685.43
10.50 296685.43
10.60 296685.43
10.70 296685.43
10.80 296685.43
10.90 296685.43
11.00 296685.43
11.10 260088.98
11.20 260088.98
11.30 260088.98
11.40 260088.98
11.50 260088.98
11.60 260088.98
11.70 260088.98
11.80 260088.98
11.90 260088.98
12.00 260088.98
12.10 346923.86
12.20 346923.86
12.30 346923.86
12.40 346923.86
12.50 346923.86
12.60 346923.86
12.70 346923.86
12.80 346923.86
12.90 346923.86
13.00 346923.86
13.10 233653.02
13.20 233653.02
13.30 233653.02
13.40 233653.02
13.50 233653.02
13.60 233653.02
13.70 233653.02
13.80 233653.02
13.90 233653.02
14.00 233653.02
14.10 349020.27
14.20 349020.27
14.30 349020.27
14.40 349020.27
14.50 349020.27
14.60 349020.27
14.70 349020.27
14.80 349020.27
14.90 349020.27
15.00 349020.27
15.10 323791.02
15.20 323791.02
15.30 323791.02
15.40 323791.02
15.50 323791.02
15.60 323791.02
15.70 323791.02
15.80 323791.02
15.90 323791.02
16.00 323791.02
16.10 291585.94
16.20 291585.94
16.30 291585.94
16.40 291585.94
16.50 291585.94
16.60 291585.94
16.70 291585.94
16.80 291585.94
16.90 291585.94
17.00 291585.94
17.10 315506.58
17.20 315506.58
17.30 315506.58
17.40 315506.58
17.50 315506.58
17.60 315506.58
17.70 315506.58
17.80 315506.58
17.90 315506.58
18.00 315506.58
18.10 265271.51
18.20 265271.51
18.30 265271.51
18.40 265271.51
18.50 265271.51
18.60 265271.51
18.70 265271.51
18.80 265271.51
18.90 265271.51
19.00 265271.51
19.10 325279.84
19.20 325279.84
19.30 325279.84
19.40 325279.84
19.50 325279.84
19.60 325279.84
19.70 325279.84
19.80 325279.84
19.90 325279.84
20.00 325279.84
20.10 232377.92
20.20 232377.92
20.30 232377.92
20.40 232377.92
20.50 232377.92
20.60 232377.92
20.70 232377.92
20.80 232377.92
20.90 232377.92
21.00 232377.92
21.10 290419.40
21.20 290419.40
21.30 290419.40
21.40 290419.40
21.50 290419.40
21.60 290419.40
21.70 290419.40
21.80 290419.40
21.90 290419.40
22.00 290419.40
22.10 324561.93
22.20 324561.93
22.30 324561.93
22.40 324561.93
22.50 324561.93
22.60 324561.93
22.70 324561.93
22.80 324561.93
22.90 324561.93
23.00 324561.93
23.10 281910.21
23.20 281910.21
23.30 281910.21
23.40 281910.21
23.50 281910.21
23.60 281910.21
23.70 281910.21
23.80 281910.21
23.90 281910.21
24.00 281910.21
24.10 314893.84
24.20 314893.84
24.30 314893.84
24.40 314893.84
24.50 314893.84
24.60 314893.84
24.70 314893.84
24.80 314893.84
24.90 314893.84
25.00 314893.84
25.10 283206.00
25.20 283206.00
25.30 283206.00
25.40 283206.00
25.50 283206.00
25.60 283206.00
25.70 283206.00
25.80 283206.00
25.90 283206.00
26.00 283206.00
26.10 314747.25
26.20 314747.25
26.30 314747.25
26.40 314747.25
26.50 314747.25
26.60 314747.25
26.70 314747.25
26.80 314747.25
26.90 314747.25
27.00 314747.25
27.10 291224.87
27.20 291224.87
27.30 291224.87
27.40 291224.87
27.50 291224.87
27.60 291224.87
27.70 291224.87
27.80 291224.87
27.90 291224.87
28.00 291224.87
28.10 293406.76
28.20 293406.76
28.30 293406.76
28.40 293406.76
28.50 293406.76
28.60 293406.76
28.70 293406.76
28.80 293406.76
28.90 293406.76
29.00 293406.76
29.10 235481.42
29.20 235481.42
29.30 235481.42
29.40 235481.42
29.50 235481.42
29.60 235481.42
29.70 235481.42
29.80 235481.42
29.90 235481.42
30.00 235481.42
