0.10 68936.98
0.20 68936.98
0.30 68936.98
0.40 68936.98
0.50 68936.98
0.60 68936.98
0.70 68936.98
0.80 68936.98
0.90 68936.98
1.00 68936.98
1.10 59908.14
1.20 59908.14
1.30 59908.14
1.40 59908.14
1.50 59908.14
1.60 59908.14
1.70 59908.14
1.80 59908.14
1.90 59908.14
2.00 59908.14
2.10 9326.40
2.20 9326.40
2.30 9326.40
2.40 9326.40
2.50 9326.40
2.60 9326.40
2.70 9326.40
2.80 9326.40
2.90 9326.40
3.00 9326.40
3.10 61875.76
3.20 61875.76
3.30 61875.76
3.40 61875.76
3.50 61875.76
3.60 61875.76
3.70 61875.76
3.80 61875.76
3.90 61875.76
4.00 61875.76
4.10 84208.58
4.20 84208.58
4.30 84208.58
4.40 84208.58
4.50 84208.58
4.60 84208.58
4.70 84208.58
4.80 84208.58
4.90 84208.58
5.00 84208.58
5.10 152264.17
5.20 152264.17
5.30 152264.17
5.40 152264.17
5.50 152264.17
5.60 152264.17
5.70 152264.17
5.80 152264.17
5.90 152264.17
6.00 152264.17
6.10 25605.18
6.20 25605.18
6.30 25605.18
6.40 25605.18
6.50 25605.18
6.60 25605.18
6.70 25605.18
6.80 25605.18
6.90 25605.18
7.00 25605.18
7.10 18065.06
7.20 18065.06
7.30 18065.06
7.40 18065.06
7.50 18065.06
7.60 18065.06
7.70 18065.06
7.80 18065.06
7.90 18065.06
8.00 18065.06
8.10 75306.16
8.20 75306.16
8.30 75306.16
8.40 75306.16
8.50 75306.16
8.60 75306.16
8.70 75306.16
8.80 75306.16
8.90 75306.16
9.00 75306.16
9.10 329062.33
9.20 329062.33
9.30 329062.33
9.40 329062.33
9.50 329062.33
9.60 329062.33
9.70 329062.33
9.80 329062.33
9.90 329062.33
10.00 329062.33
10.10 248318.73
10.20 248318.73
10.30 248318.73
10.40 248318.73
10.50 248318.73
10.60 248318.73
10.70 248318.73
10.80 248318.73
10.90 248318.73
11.00 248318.73
11.10 458010.78
11.20 458010.78
11.30 458010.78
11.40 458010.78
11.50 458010.78
11.60 458010.78
11.70 458010.78
11.80 458010.78
11.90 458010.78
12.00 458010.78
12.10 285599.63
12.20 285599.63
12.30 285599.63
12.40 285599.63
12.50 285599.63
12.60 285599.63
12.70 285599.63
12.80 285599.63
12.90 285599.63
13.00 285599.63
13.10 392529.58
13.20 392529.58
13.30 392529.58
13.40 392529.58
13.50 392529.58
13.60 392529.58
13.70 392529.58
13.80 392529.58
13.90 392529.58
14.00 392529.58
14.10 250575.17
14.20 250575.17
14.30 250575.17
14.40 250575.17
14.50 250575.17
14.60 250575.17
14.70 250575.17
14.80 250575.17
14.90 250575.17
15.00 250575.17
15.10 70392.41
15.20 70392.41
15.30 70392.41
15.40 70392.41
15.50 70392.41
15.60 70392.41
15.70 70392.41
15.80 70392.41
15.90 70392.41
16.00 70392.41
16.10 59748.17
16.20 59748.17
16.30 59748.17
16.40 59748.17
16.50 59748.17
16.60 59748.17
16.70 59748.17
16.80 59748.17
16.90 59748.17
17.00 59748.17
17.10 123900.76
17.20 123900.76
17.30 123900.76
17.40 123900.76
17.50 123900.76
17.60 123900.76
17.70 123900.76
17.80 123900.76
17.90 123900.76
18.00 123900.76
18.10 73194.64
18.20 73194.64
18.30 73194.64
18.40 73194.64
18.50 73194.64
18.60 73194.64
18.70 73194.64
18.80 73194.64
18.90 73194.64
19.00 73194.64
19.10 185917.63
19.20 185917.63
19.30 185917.63
19.40 185917.63
19.50 185917.63
19.60 185917.63
19.70 185917.63
19.80 185917.63
19.90 185917.63
20.00 185917.63
20.10 237302.94
20.20 237302.94
20.30 237302.94
20.40 237302.94
20.50 237302.94
20.60 237302.94
20.70 237302.94
20.80 237302.94
20.90 237302.94
21.00 237302.94
21.10 83445.42
21.20 83445.42
21.30 83445.42
21.40 83445.42
21.50 83445.42
21.60 83445.42
21.70 83445.42
21.80 83445.42
21.90 83445.42
22.00 83445.42
22.10 22268.00
22.20 22268.00
22.30 22268.00
22.40 22268.00
22.50 22268.00
22.60 22268.00
22.70 22268.00
22.80 22268.00
22.90 22268.00
23.00 22268.00
23.10 92963.79
23.20 92963.79
23.30 92963.79
23.40 92963.79
23.50 92963.79
23.60 92963.79
23.70 92963.79
23.80 92963.79
23.90 92963.79
24.00 92963.79
24.10 47383.41
24.20 47383.41
24.30 47383.41
24.40 47383.41
24.50 47383.41
24.60 47383.41
24.70 47383.41
24.80 47383.41
24.90 47383.41
25.00 47383.41
25.10 195585.23
25.20 195585.23
25.30 195585.23
25.40 195585.23
25.50 195585.23
25.60 195585.23
25.70 195585.23
25.80 195585.23
25.90 195585.23
26.00 195585.23
26.10 241701.48
26.20 241701.48
26.30 241701.48
26.40 241701.48
26.50 241701.48
26.60 241701.48
26.70 241701.48
26.80 241701.48
26.90 241701.48
27.00 241701.48
27.10 376257.36
27.20 376257.36
27.30 376257.36
27.40 376257.36
27.50 376257.36
27.60 376257.36
27.70 376257.36
27.80 376257.36
27.90 376257.36
28.00 376257.36
28.10 10583.73
28.20 10583.73
28.30 10583.73
28.40 10583.73
28.50 10583.73
28.60 10583.73
28.70 10583.73
28.80 10583.73
28.90 10583.73
29.00 10583.73
29.10 164904.69
29.20 164904.69
29.30 164904.69
29.40 164904.69
29.50 164904.69
29.60 164904.69
29.70 164904.69
29.80 164904.69
29.90 164904.69
30.00 164904.69
