2
4
6
8
10
12
14
16
18
20
22
25
27
29
31
33
35
37
39
41
43
45
47
50
52
54
56
58
60
62
64
66
68
70
72
75
77
79
81
83
85
87
89
91
93
95
97
100
102
104
106
108
110
112
114
116
118
120
122
124
126
128
130
132
134
136
138
140
142
144
146
148
151
153
155
157
159
161
163
165
167
169
171
173
175
177
179
181
183
185
187
189
191
193
195
197
200
202
204
206
208
210
212
214
216
218
220
222
224
226
228
230
232
234
236
238
240
242
244
246
248
251
253
255
257
259
261
263
265
267
269
271
273
275
277
279
281
283
285
287
289
291
293
295
297
300
302
304
306
308
310
312
314
316
318
320
322
324
326
328
330
332
334
336
338
340
342
344
346
348
351
353
355
357
359
361
363
365
367
369
371
373
375
377
379
381
383
385
387
389
391
393
395
397
400
402
404
406
408
410
412
414
416
418
420
422
424
426
428
430
432
434
436
438
440
442
444
446
448
451
453
455
457
459
461
463
465
467
469
471
473
475
477
479
481
483
485
487
489
491
493
495
497
500
502
504
506
508
510
512
514
516
518
520
522
524
526
528
530
532
534
536
538
540
542
544
546
548
551
553
555
557
559
561
563
565
567
569
571
573
575
577
579
581
583
585
587
589
591
593
595
597
600
602
604
606
608
610
612
614
616
618
620
622
624
626
628
630
632
634
636
638
640
642
644
646
648
651
653
655
657
659
661
663
665
667
669
671
673
675
677
679
681
683
685
687
689
691
693
695
697
700
702
704
706
708
710
712
714
716
718
720
722
724
726
728
730
732
734
736
738
740
742
744
746
748
751
753
755
757
759
761
763
765
767
769
771
773
775
777
779
781
783
785
787
789
791
793
795
797
800
802
804
806
808
810
812
814
816
818
820
822
824
826
828
830
832
834
836
838
840
842
844
846
848
851
853
855
857
859
861
863
865
867
869
871
873
875
877
879
881
883
885
887
889
891
893
895
897
900
902
904
906
908
910
912
914
916
918
920
922
924
926
928
930
932
934
936
938
940
942
944
946
948
951
953
955
957
959
961
963
965
967
969
971
973
975
977
979
981
983
985
987
989
991
993
995
997
1000
1002
1004
1006
1008
1010
1013
1015
1017
1019
1021
1023
1026
1028
1030
1032
1034
1036
1039
1041
1043
1045
1047
1050
1052
1054
1056
1058
1060
1063
1065
1067
1069
1071
1073
1076
1078
1080
1082
1084
1086
1089
1091
1093
1095
1097
1100
1102
1104
1106
1108
1110
1113
1115
1117
1119
1121
1123
1126
1128
1130
1132
1134
1136
1139
1141
1143
1145
1147
1150
1152
1154
1156
1158
1160
1163
1165
1167
1169
1171
1173
1176
1178
1180
1182
1184
1186
1189
1191
1193
1195
1197
1200
1202
1204
1206
1208
1210
1213
1215
1217
1219
1221
1223
1226
1228
1230
1232
1234
1236
1239
1241
1243
1245
1247
1250
1252
1254
1256
1258
1260
1263
1265
1267
1269
1271
1273
1276
1278
1280
1282
1284
1286
1289
1291
1293
1295
1297
1300
1302
1304
1306
1308
1310
1312
1314
1317
1319
1321
1323
1325
1327
1329
1331
1334
1336
1338
1340
1342
1344
1346
1348
1351
1353
1355
1357
1359
1361
1363
1365
1368
1370
1372
1374
1376
1378
1380
1382
1385
1387
1389
1391
1393
1395
1397
1400
1402
1404
1406
1408
1410
1413
1415
1417
1419
1421
1423
1426
1428
1430
1432
1434
1436
1439
1441
1443
1445
1447
1450
1452
1454
1456
1458
1460
1463
1465
1467
1469
1471
1473
1476
1478
1480
1482
1484
1486
1489
1491
1493
1495
1497
1500
1502
1504
1506
1508
1510
1513
1515
1517
1519
1521
1523
1526
1528
1530
1532
1534
1536
1539
1541
1543
1545
1547
1550
1552
1554
1556
1558
1560
1563
1565
1567
1569
1571
1573
1576
1578
1580
1582
1584
1586
1589
1591
1593
1595
1597
1600
1602
1604
1606
1608
1610
1613
1615
1617
1619
1621
1623
1626
1628
1630
1632
1634
1636
1639
1641
1643
1645
1647
1650
1652
1654
1656
1658
1660
1663
1665
1667
1669
1671
1673
1676
1678
1680
1682
1684
1686
1689
1691
1693
1695
1697
1700
1702
1704
1706
1708
1710
1713
1715
1717
1719
1721
1723
1726
1728
1730
1732
1734
1736
1739
1741
1743
1745
1747
1750
1752
1754
1756
1758
1760
1763
1765
1767
1769
1771
1773
1776
1778
1780
1782
1784
1786
1789
1791
1793
1795
1797
1800
1802
1804
1806
1808
1810
1813
1815
1817
1819
1821
1823
1826
1828
1830
1832
1834
1836
1839
1841
1843
1845
1847
1850
1852
1854
1856
1858
1860
1863
1865
1867
1869
1871
1873
1876
1878
1880
1882
1884
1886
1889
1891
1893
1895
1897
1900
1902
1904
1906
1908
1910
1913
1915
1917
1919
1921
1923
1926
1928
1930
1932
1934
1936
1939
1941
1943
1945
1947
1950
1952
1954
1956
1958
1960
1963
1965
1967
1969
1971
1973
1976
1978
1980
1982
1984
1986
1989
1991
1993
1995
1997
2000
2002
2004
2006
2008
2010
2013
2015
2017
2019
2021
2023
2026
2028
2030
2032
2034
2036
2039
2041
2043
2045
2047
2050
2052
2054
2056
2058
2060
2063
2065
2067
2069
2071
2073
2076
2078
2080
2082
2084
2086
2089
2091
2093
2095
2097
2100
2102
2104
2106
2108
2110
2113
2115
2117
2119
2121
2123
2126
2128
2130
2132
2134
2136
2139
2141
2143
2145
2147
2150
2152
2154
2156
2158
2160
2163
2165
2167
2169
2171
2173
2176
2178
2180
2182
2184
2186
2189
2191
2193
2195
2197
2200
2202
2204
2206
2208
2210
2213
2215
2217
2219
2221
2223
2226
2228
2230
2232
2234
2236
2239
2241
2243
2245
2247
2250
2252
2254
2256
2258
2260
2263
2265
2267
2269
2271
2273
2276
2278
2280
2282
2284
2286
2289
2291
2293
2295
2297
2300
2302
2304
2306
2308
2310
2313
2315
2317
2319
2321
2323
2326
2328
2330
2332
2334
2336
2339
2341
2343
2345
2347
2349
2352
2354
2356
2358
2360
2363
2365
2367
2369
2371
2373
2376
2378
2380
2382
2384
2386
2389
2391
2393
2395
2397
2400
2402
2404
2406
2408
2410
2413
2415
2417
2419
2421
2423
2426
2428
2430
2432
2434
2436
2439
2441
2443
2445
2447
2449
2452
2454
2456
2458
2460
2463
2465
2467
2469
2471
2473
2476
2478
2480
2482
2484
2486
2489
2491
2493
2495
2497
2500
2502
2504
2506
2508
2510
2513
2515
2517
2519
2521
2523
2526
2528
2530
2532
2534
2536
2539
2541
2543
2545
2547
2550
2552
2554
2556
2558
2560
2563
2565
2567
2569
2571
2573
2576
2578
2580
2582
2584
2586
2589
2591
2593
2595
2597
2600
2602
2604
2606
2608
2610
2613
2615
2617
2619
2621
2623
2626
2628
2630
2632
2634
2636
2639
2641
2643
2645
2647
2650
2652
2654
2656
2658
2660
2663
2665
2667
2669
2671
2673
2676
2678
2680
2682
2684
2686
2689
2691
2693
2695
2697
2700
2702
2704
2706
2708
2711
2713
2715
2717
2720
2722
2724
2726
2728
2731
2733
2735
2737
2740
2742
2744
2746
2748
2751
2753
2755
2757
2760
2762
2764
2766
2768
2771
2773
2775
2777
2780
2782
2784
2786
2788
2791
2793
2795
2797
2800
2802
2804
2806
2808
2810
2813
2815
2817
2819
2821
2823
2826
2828
2830
2832
2834
2836
2839
2841
2843
2845
2847
2849
2852
2854
2856
2858
2860
2863
2865
2867
2869
2871
2873
2876
2878
2880
2882
2884
2886
2889
2891
2893
2895
2897
2900
2902
2904
2906
2908
2910
2913
2915
2917
2919
2921
2923
2926
2928
2930
2932
2934
2936
2939
2941
2943
2945
2947
2949
2952
2954
2956
2958
2960
2963
2965
2967
2969
2971
2973
2976
2978
2980
2982
2984
2986
2989
2991
2993
2995
2997
3000
3002
3004
3006
3008
3010
3012
3014
3016
3018
3020
3022
3025
3027
3029
3031
3033
3035
3037
3039
3041
3043
3045
3047
3050
3052
3054
3056
3058
3060
3062
3064
3066
3068
3070
3072
3075
3077
3079
3081
3083
3085
3087
3089
3091
3093
3095
3097
3100
3102
3104
3106
3108
3110
3112
3114
3117
3119
3121
3123
3125
3127
3129
3131
3134
3136
3138
3140
3142
3144
3146
3148
3151
3153
3155
3157
3159
3161
3163
3165
3168
3170
3172
3174
3176
3178
3180
3182
3185
3187
3189
3191
3193
3195
3197
3200
3202
3204
3206
3208
3210
3212
3214
3217
3219
3221
3223
3225
3227
3229
3231
3234
3236
3238
3240
3242
3244
3246
3248
3251
3253
3255
3257
3259
3261
3263
3265
3268
3270
3272
3274
3276
3278
3280
3282
3285
3287
3289
3291
3293
3295
3297
3300
3302
3304
3306
3308
3310
3312
3314
3316
3318
3320
3322
3324
3327
3329
3331
3333
3335
3337
3339
3341
3343
3345
3347
3349
3352
3354
3356
3358
3360
3362
3364
3366
3368
3370
3372
3375
3377
3379
3381
3383
3385
3387
3389
3391
3393
3395
3397
3400
3402
3404
3406
3408
3410
3412
3414
3417
3419
3421
3423
3425
3427
3429
3431
3434
3436
3438
3440
3442
3444
3446
3448
3451
3453
3455
3457
3459
3461
3463
3465
3468
3470
3472
3474
3476
3478
3480
3482
3485
3487
3489
3491
3493
3495
3497
3500
3502
3504
3506
3508
3510
3512
3514
3517
3519
3521
3523
3525
3527
3529
3531
3534
3536
3538
3540
3542
3544
3546
3548
3551
3553
3555
3557
3559
3561
3563
3565
3568
3570
3572
3574
3576
3578
3580
3582
3585
3587
3589
3591
3593
3595
3597
3600
3602
3604
3606
3608
3610
3612
3614
3616
3618
3620
3622
3625
3627
3629
3631
3633
3635
3637
3639
3641
3643
3645
3647
3650
3652
3654
3656
3658
3660
3662
3664
3666
3668
3670
3672
3675
3677
3679
3681
3683
3685
3687
3689
3691
3693
3695
3697
3700
3702
3704
3706
3708
3710
3712
3714
3717
3719
3721
3723
3725
3727
3729
3731
3734
3736
3738
3740
3742
3744
3746
3748
3751
3753
3755
3757
3759
3761
3763
3765
3768
3770
3772
3774
3776
3778
3780
3782
3785
3787
3789
3791
3793
3795
3797
3800
3802
3804
3806
3808
3810
3812
3814
3816
3818
3820
3822
3824
3827
3829
3831
3833
3835
3837
3839
3841
3843
3845
3847
3849
3852
3854
3856
3858
3860
3862
3864
3866
3868
3870
3872
3875
3877
3879
3881
3883
3885
3887
3889
3891
3893
3895
3897
3900
3902
3904
3906
3908
3910
3912
3914
3917
3919
3921
3923
3925
3927
3929
3931
3934
3936
3938
3940
3942
3944
3946
3948
3951
3953
3955
3957
3959
3961
3963
3965
3968
3970
3972
3974
3976
3978
3980
3982
3985
3987
3989
3991
3993
3995
3997
4000
4002
4004
4006
4008
4010
4012
4014
4017
4019
4021
4023
4025
4027
4029
4031
4034
4036
4038
4040
4042
4044
4046
4048
4051
4053
4055
4057
4059
4061
4063
4065
4068
4070
4072
4074
4076
4078
4080
4082
4085
4087
4089
4091
4093
4095
4097
4100
4102
4104
4106
4108
4110
4112
4114
4117
4119
4121
4123
4125
4127
4129
4131
4134
4136
4138
4140
4142
4144
4146
4148
4151
4153
4155
4157
4159
4161
4163
4165
4168
4170
4172
4174
4176
4178
4180
4182
4185
4187
4189
4191
4193
4195
4197
4200
4202
4204
4206
4208
4210
4212
4214
4217
4219
4221
4223
4225
4227
4229
4231
4234
4236
4238
4240
4242
4244
4246
4248
4251
4253
4255
4257
4259
4261
4263
4265
4268
4270
4272
4274
4276
4278
4280
4282
4285
4287
4289
4291
4293
4295
4297
4300
4302
4304
4306
4308
4310
4312
4314
4317
4319
4321
4323
4325
4327
4329
4331
4334
4336
4338
4340
4342
4344
4346
4348
4351
4353
4355
4357
4359
4361
4363
4365
4368
4370
4372
4374
4376
4378
4380
4382
4385
4387
4389
4391
4393
4395
4397
4400
4402
4404
4406
4408
4410
4412
4414
4417
4419
4421
4423
4425
4427
4429
4431
4434
4436
4438
4440
4442
4444
4446
4448
4451
4453
4455
4457
4459
4461
4463
4465
4468
4470
4472
4474
4476
4478
4480
4482
4485
4487
4489
4491
4493
4495
4497
4500
4502
4504
4506
4508
4510
4512
4514
4517
4519
4521
4523
4525
4527
4529
4531
4534
4536
4538
4540
4542
4544
4546
4548
4551
4553
4555
4557
4559
4561
4563
4565
4568
4570
4572
4574
4576
4578
4580
4582
4585
4587
4589
4591
4593
4595
4597
4600
4602
4604
4606
4608
4610
4612
4614
4617
4619
4621
4623
4625
4627
4629
4631
4634
4636
4638
4640
4642
4644
4646
4648
4651
4653
4655
4657
4659
4661
4663
4665
4668
4670
4672
4674
4676
4678
4680
4682
4685
4687
4689
4691
4693
4695
4697
4700
4702
4704
4706
4708
4710
4712
4714
4717
4719
4721
4723
4725
4727
4729
4731
4734
4736
4738
4740
4742
4744
4746
4748
4751
4753
4755
4757
4759
4761
4763
4765
4768
4770
4772
4774
4776
4778
4780
4782
4785
4787
4789
4791
4793
4795
4797
4800
4802
4804
4806
4808
4810
4812
4814
4817
4819
4821
4823
4825
4827
4829
4831
4834
4836
4838
4840
4842
4844
4846
4848
4851
4853
4855
4857
4859
4861
4863
4865
4868
4870
4872
4874
4876
4878
4880
4882
4885
4887
4889
4891
4893
4895
4897
4900
4902
4904
4906
4908
4910
4912
4914
4917
4919
4921
4923
4925
4927
4929
4931
4934
4936
4938
4940
4942
4944
4946
4948
4951
4953
4955
4957
4959
4961
4963
4965
4968
4970
4972
4974
4976
4978
4980
4982
4985
4987
4989
4991
4993
4995
4997
5000
5002
5004
5006
5008
5010
5012
5014
5016
5018
5020
5022
5024
5026
5028
5030
5032
5034
5036
5038
5040
5042
5044
5046
5048
5051
5053
5055
5057
5059
5061
5063
5065
5067
5069
5071
5073
5075
5077
5079
5081
5083
5085
5087
5089
5091
5093
5095
5097
5100
5102
5104
5106
5108
5110
5112
5114
5116
5118
5120
5122
5124
5126
5128
5130
5132
5134
5136
5138
5140
5142
5144
5146
5148
5151
5153
5155
5157
5159
5161
5163
5165
5167
5169
5171
5173
5175
5177
5179
5181
5183
5185
5187
5189
5191
5193
5195
5197
5200
5202
5204
5206
5208
5210
5212
5214
5216
5218
5220
5222
5224
5226
5228
5230
5232
5234
5236
5238
5240
5242
5244
5246
5248
5251
5253
5255
5257
5259
5261
5263
5265
5267
5269
5271
5273
5275
5277
5279
5281
5283
5285
5287
5289
5291
5293
5295
5297
5300
5302
5304
5306
5308
5310
5312
5314
5316
5318
5320
5322
5325
5327
5329
5331
5333
5335
5337
5339
5341
5343
5345
5347
5350
5352
5354
5356
5358
5360
5362
5364
5366
5368
5370
5372
5375
5377
5379
5381
5383
5385
5387
5389
5391
5393
5395
5397
5400
5402
5404
5406
5408
5410
5412
5414
5416
5418
5420
5422
5424
5426
5428
5430
5432
5434
5436
5438
5440
5442
5444
5446
5448
5451
5453
5455
5457
5459
5461
5463
5465
5467
5469
5471
5473
5475
5477
5479
5481
5483
5485
5487
5489
5491
5493
5495
5497
5500
5502
5504
5506
5508
5510
5512
5514
5516
5518
5520
5522
5524
5526
5528
5530
5532
5534
5536
5538
5540
5542
5544
5546
5548
5551
5553
5555
5557
5559
5561
5563
5565
5567
5569
5571
5573
5575
5577
5579
5581
5583
5585
5587
5589
5591
5593
5595
5597
5600
5602
5604
5606
5608
5610
5612
5614
5616
5618
5620
5622
5624
5626
5628
5630
5632
5634
5636
5638
5640
5642
5644
5646
5648
5651
5653
5655
5657
5659
5661
5663
5665
5667
5669
5671
5673
5675
5677
5679
5681
5683
5685
5687
5689
5691
5693
5695
5697
5700
5702
5704
5706
5708
5710
5712
5714
5716
5718
5720
5722
5725
5727
5729
5731
5733
5735
5737
5739
5741
5743
5745
5747
5750
5752
5754
5756
5758
5760
5762
5764
5766
5768
5770
5772
5775
5777
5779
5781
5783
5785
5787
5789
5791
5793
5795
5797
5800
5802
5804
5806
5808
5810
5812
5814
5816
5818
5820
5822
5824
5826
5828
5830
5832
5834
5836
5838
5840
5842
5844
5846
5848
5851
5853
5855
5857
5859
5861
5863
5865
5867
5869
5871
5873
5875
5877
5879
5881
5883
5885
5887
5889
5891
5893
5895
5897
5900
5902
5904
5906
5908
5910
5912
5914
5916
5918
5920
5922
5924
5926
5928
5930
5932
5934
5936
5938
5940
5942
5944
5946
5948
5951
5953
5955
5957
5959
5961
5963
5965
5967
5969
5971
5973
5975
5977
5979
5981
5983
5985
5987
5989
5991
5993
5995
5997
6000
6002
6004
6006
6008
6010
6012
6014
6016
6018
6020
6022
6025
6027
6029
6031
6033
6035
6037
6039
6041
6043
6045
6047
6050
6052
6054
6056
6058
6060
6062
6064
6066
6068
6070
6072
6074
6077
6079
6081
6083
6085
6087
6089
6091
6093
6095
6097
6100
6102
6104
6106
6108
6110
6112
6114
6116
6118
6120
6122
6125
6127
6129
6131
6133
6135
6137
6139
6141
6143
6145
6147
6150
6152
6154
6156
6158
6160
6162
6164
6166
6168
6170
6172
6175
6177
6179
6181
6183
6185
6187
6189
6191
6193
6195
6197
6200
6202
6204
6206
6208
6210
6212
6214
6216
6218
6220
6222
6224
6226
6228
6230
6232
6234
6236
6238
6240
6242
6244
6246
6248
6251
6253
6255
6257
6259
6261
6263
6265
6267
6269
6271
6273
6275
6277
6279
6281
6283
6285
6287
6289
6291
6293
6295
6297
6300
6302
6304
6306
6308
6310
6312
6314
6316
6318
6320
6322
6325
6327
6329
6331
6333
6335
6337
6339
6341
6343
6345
6347
6350
6352
6354
6356
6358
6360
6362
6364
6366
6368
6370
6372
6375
6377
6379
6381
6383
6385
6387
6389
6391
6393
6395
6397
6400
6402
6404
6406
6408
6410
6412
6414
6416
6418
6420
6422
6425
6427
6429
6431
6433
6435
6437
6439
6441
6443
6445
6447
6450
6452
6454
6456
6458
6460
6462
6464
6466
6468
6470
6472
6475
6477
6479
6481
6483
6485
6487
6489
6491
6493
6495
6497
6500
6502
6504
6506
6508
6510
6512
6514
6516
6518
6520
6522
6525
6527
6529
6531
6533
6535
6537
6539
6541
6543
6545
6547
6550
6552
6554
6556
6558
6560
6562
6564
6566
6568
6570
6572
6574
6577
6579
6581
6583
6585
6587
6589
6591
6593
6595
6597
6600
6602
6604
6606
6608
6610
6612
6614
6616
6618
6620
6622
6624
6626
6628
6630
6632
6634
6636
6638
6640
6642
6644
6646
6648
6651
6653
6655
6657
6659
6661
6663
6665
6667
6669
6671
6673
6675
6677
6679
6681
6683
6685
6687
6689
6691
6693
6695
6697
6700
6702
6704
6706
6708
6710
6712
6714
6716
6718
6720
6722
6725
6727
6729
6731
6733
6735
6737
6739
6741
6743
6745
6747
6750
6752
6754
6756
6758
6760
6762
6764
6766
6768
6770
6772
6775
6777
6779
6781
6783
6785
6787
6789
6791
6793
6795
6797
6800
6802
6804
6806
6808
6810
6812
6814
6816
6818
6820
6822
6825
6827
6829
6831
6833
6835
6837
6839
6841
6843
6845
6847
6850
6852
6854
6856
6858
6860
6862
6864
6866
6868
6870
6872
6875
6877
6879
6881
6883
6885
6887
6889
6891
6893
6895
6897
6900
6902
6904
6906
6908
6910
6912
6914
6916
6918
6920
6922
6925
6927
6929
6931
6933
6935
6937
6939
6941
6943
6945
6947
6950
6952
6954
6956
6958
6960
6962
6964
6966
6968
6970
6972
6975
6977
6979
6981
6983
6985
6987
6989
6991
6993
6995
6997
7000
7001
7003
7005
7007
7009
7011
7013
7015
7017
7019
7021
7023
7025
7026
7028
7030
7032
7034
7036
7038
7040
7042
7044
7046
7048
7050
7051
7053
7055
7057
7059
7061
7063
7065
7067
7069
7071
7073
7074
7076
7078
7080
7082
7084
7086
7088
7090
7092
7094
7096
7098
7100
7101
7103
7105
7107
7109
7111
7113
7115
7117
7119
7121
7123
7125
7126
7128
7130
7132
7134
7136
7138
7140
7142
7144
7146
7148
7150
7151
7153
7155
7157
7159
7161
7163
7165
7167
7169
7171
7173
7175
7176
7178
7180
7182
7184
7186
7188
7190
7192
7194
7196
7198
7200
7201
7203
7205
7207
7209
7211
7213
7215
7217
7219
7221
7223
7225
7227
7229
7231
7233
7235
7237
7239
7241
7243
7245
7247
7249
7250
7252
7254
7256
7258
7260
7262
7264
7266
7268
7270
7272
7274
7276
7278
7280
7282
7284
7286
7288
7290
7292
7294
7296
7298
7300
7301
7303
7305
7307
7309
7311
7313
7315
7317
7319
7321
7323
7325
7326
7328
7330
7332
7334
7336
7338
7340
7342
7344
7346
7348
7350
7351
7353
7355
7357
7359
7361
7363
7365
7367
7369
7371
7373
7375
7376
7378
7380
7382
7384
7386
7388
7390
7392
7394
7396
7398
7400
7401
7403
7405
7407
7409
7411
7413
7415
7417
7419
7421
7423
7425
7426
7428
7430
7432
7434
7436
7438
7440
7442
7444
7446
7448
7450
7451
7453
7455
7457
7459
7461
7463
7465
7467
7469
7471
7473
7475
7476
7478
7480
7482
7484
7486
7488
7490
7492
7494
7496
7498
7500
7501
7503
7505
7507
7509
7511
7513
7515
7517
7519
7521
7523
7525
7527
7529
7531
7533
7535
7537
7539
7541
7543
7545
7547
7549
7550
7552
7554
7556
7558
7560
7562
7564
7566
7568
7570
7572
7574
7576
7578
7580
7582
7584
7586
7588
7590
7592
7594
7596
7598
7600
7601
7603
7605
7607
7609
7611
7613
7615
7617
7619
7621
7623
7625
7626
7628
7630
7632
7634
7636
7638
7640
7642
7644
7646
7648
7650
7651
7653
7655
7657
7659
7661
7663
7665
7667
7669
7671
7673
7675
7676
7678
7680
7682
7684
7686
7688
7690
7692
7694
7696
7698
7700
7701
7703
7705
7707
7709
7711
7713
7715
7717
7719
7721
7723
7725
7726
7728
7730
7732
7734
7736
7738
7740
7742
7744
7746
7748
7750
7751
7753
7755
7757
7759
7761
7763
7765
7767
7769
7771
7773
7775
7776
7778
7780
7782
7784
7786
7788
7790
7792
7794
7796
7798
7800
7801
7803
7805
7807
7809
7811
7813
7815
7817
7819
7821
7823
7825
7826
7828
7830
7832
7834
7836
7838
7840
7842
7844
7846
7848
7850
7851
7853
7855
7857
7859
7861
7863
7865
7867
7869
7871
7873
7875
7876
7878
7880
7882
7884
7886
7888
7890
7892
7894
7896
7898
7900
7901
7903
7905
7907
7909
7911
7913
7915
7917
7919
7921
7923
7925
7927
7929
7931
7933
7935
7937
7939
7941
7943
7945
7947
7949
7950
7952
7954
7956
7958
7960
7962
7964
7966
7968
7970
7972
7974
7976
7978
7980
7982
7984
7986
7988
7990
7992
7994
7996
7998
8000
8002
8004
8006
8008
8010
8012
8014
8016
8018
8020
8022
8024
8026
8028
8030
8032
8034
8036
8038
8040
8042
8044
8046
8048
8051
8053
8055
8057
8059
8061
8063
8065
8067
8069
8071
8073
8075
8077
8079
8081
8083
8085
8087
8089
8091
8093
8095
8097
8100
8102
8103
8106
8107
8109
8112
8113
8116
8118
8119
8122
8123
8125
8128
8129
8132
8134
8135
8138
8139
8141
8144
8145
8148
8150
8151
8154
8155
8157
8160
8161
8164
8165
8167
8170
8171
8173
8176
8177
8180
8181
8183
8186
8187
8189
8192
8193
8196
8197
8200
8202
8204
8206
8208
8210
8212
8214
8216
8218
8220
8222
8224
8226
8228
8230
8232
8234
8236
8238
8240
8242
8244
8246
8248
8251
8253
8255
8257
8259
8261
8263
8265
8267
8269
8271
8273
8275
8277
8279
8281
8283
8285
8287
8289
8291
8293
8295
8297
8300
8302
8304
8306
8308
8310
8312
8314
8316
8318
8320
8322
8324
8326
8328
8330
8332
8334
8336
8338
8340
8342
8344
8346
8348
8351
8353
8355
8357
8359
8361
8363
8365
8367
8369
8371
8373
8375
8377
8379
8381
8383
8385
8387
8389
8391
8393
8395
8397
8400
8402
8404
8406
8408
8410
8412
8414
8416
8418
8420
8422
8424
8426
8428
8430
8432
8434
8436
8438
8440
8442
8444
8446
8448
8450
8452
8454
8456
8458
8460
8462
8464
8466
8468
8470
8472
8474
8476
8478
8480
8482
8484
8486
8488
8490
8492
8494
8496
8498
8500
8502
8504
8506
8508
8510
8512
8514
8516
8518
8520
8522
8524
8526
8528
8530
8532
8534
8536
8538
8540
8542
8544
8546
8548
8551
8553
8555
8557
8559
8561
8563
8565
8567
8569
8571
8573
8575
8577
8579
8581
8583
8585
8587
8589
8591
8593
8595
8597
8600
8602
8604
8606
8608
8610
8612
8614
8616
8618
8620
8622
8624
8626
8628
8630
8632
8634
8636
8638
8640
8642
8644
8646
8648
8651
8653
8655
8657
8659
8661
8663
8665
8667
8669
8671
8673
8675
8677
8679
8681
8683
8685
8687
8689
8691
8693
8695
8697
8700
8702
8704
8706
8708
8710
8712
8714
8716
8718
8720
8722
8724
8726
8728
8730
8732
8734
8736
8738
8740
8742
8744
8746
8748
8751
8753
8755
8757
8759
8761
8763
8765
8767
8769
8771
8773
8775
8777
8779
8781
8783
8785
8787
8789
8791
8793
8795
8797
8800
8802
8804
8806
8808
8810
8812
8814
8816
8818
8820
8822
8824
8826
8828
8830
8832
8834
8836
8838
8840
8842
8844
8846
8848
8850
8852
8854
8856
8858
8860
8862
8864
8866
8868
8870
8872
8874
8876
8878
8880
8882
8884
8886
8888
8890
8892
8894
8896
8898
8900
8902
8904
8906
8908
8910
8912
8914
8916
8918
8920
8922
8924
8926
8928
8930
8932
8934
8936
8938
8940
8942
8944
8946
8948
8951
8953
8955
8957
8959
8961
8963
8965
8967
8969
8971
8973
8975
8977
8979
8981
8983
8985
8987
8989
8991
8993
8995
8997
9000
9002
9004
9006
9008
9010
9012
9014
9016
9018
9020
9022
9025
9027
9029
9031
9033
9035
9037
9039
9041
9043
9045
9047
9050
9052
9054
9056
9058
9060
9062
9064
9066
9068
9070
9072
9075
9077
9079
9081
9083
9085
9087
9089
9091
9093
9095
9097
9100
9102
9104
9106
9108
9110
9112
9114
9116
9118
9120
9122
9125
9127
9129
9131
9133
9135
9137
9139
9141
9143
9145
9147
9149
9152
9154
9156
9158
9160
9162
9164
9166
9168
9170
9172
9174
9177
9179
9181
9183
9185
9187
9189
9191
9193
9195
9197
9200
9202
9204
9206
9208
9210
9212
9214
9216
9218
9220
9222
9224
9226
9228
9230
9232
9234
9236
9238
9240
9242
9244
9246
9248
9251
9253
9255
9257
9259
9261
9263
9265
9267
9269
9271
9273
9275
9277
9279
9281
9283
9285
9287
9289
9291
9293
9295
9297
9300
9302
9304
9306
9308
9310
9312
9314
9316
9318
9320
9322
9325
9327
9329
9331
9333
9335
9337
9339
9341
9343
9345
9347
9350
9352
9354
9356
9358
9360
9362
9364
9366
9368
9370
9372
9375
9377
9379
9381
9383
9385
9387
9389
9391
9393
9395
9397
9400
9402
9404
9406
9408
9410
9412
9414
9416
9418
9420
9422
9425
9427
9429
9431
9433
9435
9437
9439
9441
9443
9445
9447
9450
9452
9454
9456
9458
9460
9462
9464
9466
9468
9470
9472
9475
9477
9479
9481
9483
9485
9487
9489
9491
9493
9495
9497
9500
9502
9504
9506
9508
9510
9512
9514
9516
9518
9520
9522
9525
9527
9529
9531
9533
9535
9537
9539
9541
9543
9545
9547
9550
9552
9554
9556
9558
9560
9562
9564
9566
9568
9570
9572
9575
9577
9579
9581
9583
9585
9587
9589
9591
9593
9595
9597
9600
9602
9604
9606
9608
9610
9612
9614
9616
9618
9620
9622
9625
9627
9629
9631
9633
9635
9637
9639
9641
9643
9645
9647
9649
9652
9654
9656
9658
9660
9662
9664
9666
9668
9670
9672
9674
9677
9679
9681
9683
9685
9687
9689
9691
9693
9695
9697
9700
9702
9704
9706
9708
9710
9712
9714
9716
9718
9720
9722
9724
9726
9728
9730
9732
9734
9736
9738
9740
9742
9744
9746
9748
9751
9753
9755
9757
9759
9761
9763
9765
9767
9769
9771
9773
9775
9777
9779
9781
9783
9785
9787
9789
9791
9793
9795
9797
9800
9802
9804
9806
9808
9810
9812
9814
9816
9818
9820
9822
9825
9827
9829
9831
9833
9835
9837
9839
9841
9843
9845
9847
9850
9852
9854
9856
9858
9860
9862
9864
9866
9868
9870
9872
9875
9877
9879
9881
9883
9885
9887
9889
9891
9893
9895
9897
9900
9902
9904
9906
9908
9910
9912
9914
9916
9918
9920
9922
9925
9927
9929
9931
9933
9935
9937
9939
9941
9943
9945
9947
9950
9952
9954
9956
9958
9960
9962
9964
9966
9968
9970
9972
9975
9977
9979
9981
9983
9985
9987
9989
9991
9993
9995
9997
10000
10002
10004
10006
10008
10010
10012
10014
10016
10018
10020
10022
10024
10026
10028
10030
10032
10034
10036
10038
10040
10042
10044
10046
10048
10050
10052
10054
10056
10058
10060
10062
10064
10065
10068
10070
10072
10074
10076
10078
10080
10081
10084
10086
10088
10090
10092
10094
10096
10097
10100
10102
10104
10106
10107
10110
10112
10113
10116
10118
10120
10122
10123
10126
10128
10129
10132
10134
10136
10138
10139
10142
10144
10145
10148
10150
10152
10154
10155
10158
10160
10161
10164
10165
10168
10170
10171
10174
10176
10177
10180
10181
10184
10186
10187
10190
10192
10193
10196
10197
10200
10202
10203
10206
10208
10209
10212
10213
10216
10218
10219
10222
10224
10226
10228
10230
10232
10234
10236
10238
10240
10242
10244
10246
10248
10250
10252
10254
10256
10258
10260
10262
10264
10266
10268
10270
10272
10274
10276
10278
10280
10282
10284
10286
10288
10290
10292
10294
10296
10298
10300
10302
10304
10306
10308
10310
10312
10314
10316
10318
10320
10322
10324
10326
10328
10330
10332
10334
10336
10338
10340
10342
10344
10346
10348
10350
10352
10354
10356
10358
10360
10362
10364
10366
10368
10370
10372
10374
10376
10378
10380
10382
10384
10386
10388
10390
10392
10394
10396
10398
10400
10402
10404
10406
10408
10410
10412
10414
10416
10418
10420
10422
10424
10426
10428
10430
10432
10434
10436
10438
10440
10442
10444
10446
10448
10450
10452
10454
10456
10458
10460
10462
10464
10466
10468
10470
10472
10474
10476
10478
10480
10482
10484
10486
10488
10490
10492
10494
10496
10498
10500
10502
10504
10506
10508
10510
10512
10514
10516
10518
10520
10522
10524
10526
10528
10530
10532
10534
10536
10538
10540
10542
10544
10546
10548
10550
10552
10554
10556
10558
10560
10562
10564
10565
10568
10570
10572
10574
10576
10578
10580
10581
10584
10586
10588
10590
10592
10594
10596
10597
10600
10602
10604
10606
10607
10610
10612
10613
10616
10618
10620
10622
10623
10626
10628
10629
10632
10634
10636
10638
10639
10642
10644
10645
10648
10650
10652
10654
10655
10658
10660
10661
10664
10665
10668
10670
10671
10674
10676
10677
10680
10681
10684
10686
10687
10690
10692
10693
10696
10697
10700
10702
10703
10706
10708
10709
10712
10713
10716
10718
10719
10722
10724
10726
10728
10730
10732
10734
10736
10738
10740
10742
10744
10746
10748
10750
10752
10754
10756
10758
10760
10762
10764
10766
10768
10770
10772
10774
10776
10778
10780
10782
10784
10786
10788
10790
10792
10794
10796
10798
10800
10802
10804
10806
10808
10810
10812
10814
10816
10818
10820
10822
10824
10826
10828
10830
10832
10834
10836
10838
10840
10842
10844
10846
10848
10850
10852
10854
10856
10858
10860
10862
10864
10866
10868
10870
10872
10874
10876
10878
10880
10882
10884
10886
10888
10890
10892
10894
10896
10898
10900
10902
10904
10906
10908
10910
10912
10914
10916
10918
10920
10922
10924
10926
10928
10930
10932
10934
10936
10938
10940
10942
10944
10946
10948
10950
10952
10954
10956
10958
10960
10962
10964
10966
10968
10970
10972
10974
10976
10978
10980
10982
10984
10986
10988
10990
10992
10994
10996
10998
11000
11004
11009
11013
11018
11022
11027
11031
11036
11040
11045
11050
11054
11059
11063
11068
11072
11077
11081
11086
11090
11095
11100
11104
11109
11113
11118
11122
11127
11131
11136
11140
11145
11149
11154
11159
11163
11168
11172
11177
11181
11186
11190
11195
11200
11204
11209
11213
11218
11222
11227
11231
11236
11240
11245
11250
11254
11259
11263
11268
11272
11277
11281
11286
11290
11295
11300
11304
11309
11313
11318
11322
11327
11331
11336
11340
11345
11350
11354
11359
11363
11368
11372
11377
11381
11386
11390
11395
11400
11404
11409
11413
11418
11422
11427
11431
11436
11440
11445
11450
11454
11459
11463
11468
11472
11477
11481
11486
11490
11495
11500
11504
11509
11513
11518
11522
11527
11531
11536
11540
11545
11550
11554
11559
11563
11568
11572
11577
11581
11586
11590
11595
11600
11604
11609
11613
11618
11622
11627
11631
11636
11640
11645
11649
11654
11659
11663
11668
11672
11677
11681
11686
11690
11695
11700
11704
11709
11713
11718
11722
11727
11731
11736
11740
11745
11750
11754
11759
11763
11768
11772
11777
11781
11786
11790
11795
11800
11804
11809
11813
11818
11822
11827
11831
11836
11840
11845
11850
11854
11859
11863
11868
11872
11877
11881
11886
11890
11895
11900
11904
11909
11913
11918
11922
11927
11931
11936
11940
11945
11950
11954
11959
11963
11968
11972
11977
11981
11986
11990
11995
12000
12001
12002
12004
12005
12006
12008
12009
12011
12012
12013
12015
12016
12018
12019
12020
12022
12023
12025
12026
12027
12029
12030
12031
12033
12034
12036
12037
12038
12040
12041
12043
12044
12045
12047
12048
12050
12051
12052
12054
12055
12056
12058
12059
12061
12062
12063
12065
12066
12068
12069
12070
12072
12073
12075
12076
12077
12079
12080
12081
12083
12084
12086
12087
12088
12090
12091
12093
12094
12095
12097
12098
12100
12101
12102
12104
12105
12106
12108
12109
12110
12112
12113
12115
12116
12117
12119
12120
12121
12123
12124
12126
12127
12128
12130
12131
12132
12134
12135
12136
12138
12139
12141
12142
12143
12145
12146
12147
12149
12150
12152
12153
12154
12156
12157
12158
12160
12161
12163
12164
12165
12167
12168
12169
12171
12172
12173
12175
12176
12178
12179
12180
12182
12183
12184
12186
12187
12189
12190
12191
12193
12194
12195
12197
12198
12200
12201
12202
12204
12205
12206
12208
12209
12211
12212
12213
12215
12216
12218
12219
12220
12222
12223
12225
12226
12227
12229
12230
12231
12233
12234
12236
12237
12238
12240
12241
12243
12244
12245
12247
12248
12250
12251
12252
12254
12255
12256
12258
12259
12261
12262
12263
12265
12266
12268
12269
12270
12272
12273
12275
12276
12277
12279
12280
12281
12283
12284
12286
12287
12288
12290
12291
12293
12294
12295
12297
12298
12300
12301
12302
12304
12305
12306
12308
12309
12311
12312
12313
12315
12316
12318
12319
12320
12322
12323
12325
12326
12327
12329
12330
12331
12333
12334
12336
12337
12338
12340
12341
12343
12344
12345
12347
12348
12350
12351
12352
12354
12355
12356
12358
12359
12361
12362
12363
12365
12366
12368
12369
12370
12372
12373
12375
12376
12377
12379
12380
12381
12383
12384
12386
12387
12388
12390
12391
12393
12394
12395
12397
12398
12400
12401
12402
12404
12405
12406
12408
12409
12411
12412
12413
12415
12416
12418
12419
12420
12422
12423
12425
12426
12427
12429
12430
12431
12433
12434
12436
12437
12438
12440
12441
12443
12444
12445
12447
12448
12450
12451
12452
12454
12455
12456
12458
12459
12461
12462
12463
12465
12466
12468
12469
12470
12472
12473
12475
12476
12477
12479
12480
12481
12483
12484
12486
12487
12488
12490
12491
12493
12494
12495
12497
12498
12500
12501
12502
12504
12505
12506
12508
12509
12510
12512
12513
12515
12516
12517
12519
12520
12521
12523
12524
12526
12527
12528
12530
12531
12532
12534
12535
12536
12538
12539
12541
12542
12543
12545
12546
12547
12549
12550
12552
12553
12554
12556
12557
12558
12560
12561
12563
12564
12565
12567
12568
12569
12571
12572
12573
12575
12576
12578
12579
12580
12582
12583
12584
12586
12587
12589
12590
12591
12593
12594
12595
12597
12598
12600
12601
12602
12604
12605
12606
12608
12609
12611
12612
12613
12615
12616
12618
12619
12620
12622
12623
12625
12626
12627
12629
12630
12631
12633
12634
12636
12637
12638
12640
12641
12643
12644
12645
12647
12648
12649
12651
12652
12654
12655
12656
12658
12659
12661
12662
12663
12665
12666
12668
12669
12670
12672
12673
12674
12676
12677
12679
12680
12681
12683
12684
12686
12687
12688
12690
12691
12693
12694
12695
12697
12698
12700
12701
12702
12704
12705
12706
12708
12709
12711
12712
12713
12715
12716
12718
12719
12720
12722
12723
12725
12726
12727
12729
12730
12731
12733
12734
12736
12737
12738
12740
12741
12743
12744
12745
12747
12748
12750
12751
12752
12754
12755
12756
12758
12759
12761
12762
12763
12765
12766
12768
12769
12770
12772
12773
12775
12776
12777
12779
12780
12781
12783
12784
12786
12787
12788
12790
12791
12793
12794
12795
12797
12798
12800
12801
12802
12804
12805
12806
12808
12809
12811
12812
12813
12815
12816
12818
12819
12820
12822
12823
12825
12826
12827
12829
12830
12831
12833
12834
12836
12837
12838
12840
12841
12843
12844
12845
12847
12848
12850
12851
12852
12854
12855
12856
12858
12859
12861
12862
12863
12865
12866
12868
12869
12870
12872
12873
12875
12876
12877
12879
12880
12881
12883
12884
12886
12887
12888
12890
12891
12893
12894
12895
12897
12898
12900
12901
12902
12904
12905
12906
12908
12909
12910
12912
12913
12915
12916
12917
12919
12920
12921
12923
12924
12926
12927
12928
12930
12931
12932
12934
12935
12936
12938
12939
12941
12942
12943
12945
12946
12947
12949
12950
12952
12953
12954
12956
12957
12958
12960
12961
12963
12964
12965
12967
12968
12969
12971
12972
12973
12975
12976
12978
12979
12980
12982
12983
12984
12986
12987
12989
12990
12991
12993
12994
12995
12997
12998
13000
13002
13004
13006
13008
13010
13013
13015
13017
13019
13021
13023
13026
13028
13030
13032
13034
13036
13039
13041
13043
13045
13047
13050
13052
13054
13056
13058
13060
13063
13065
13067
13069
13071
13073
13076
13078
13080
13082
13084
13086
13089
13091
13093
13095
13097
13100
13102
13104
13106
13108
13110
13113
13115
13117
13119
13121
13123
13126
13128
13130
13132
13134
13136
13139
13141
13143
13145
13147
13149
13152
13154
13156
13158
13160
13163
13165
13167
13169
13171
13173
13176
13178
13180
13182
13184
13186
13189
13191
13193
13195
13197
13200
13202
13204
13206
13208
13210
13213
13215
13217
13219
13221
13223
13226
13228
13230
13232
13234
13236
13239
13241
13243
13245
13247
13250
13252
13254
13256
13258
13260
13263
13265
13267
13269
13271
13273
13276
13278
13280
13282
13284
13286
13289
13291
13293
13295
13297
13300
13302
13304
13306
13308
13310
13313
13315
13317
13319
13321
13323
13326
13328
13330
13332
13334
13336
13339
13341
13343
13345
13347
13350
13352
13354
13356
13358
13360
13363
13365
13367
13369
13371
13373
13376
13378
13380
13382
13384
13386
13389
13391
13393
13395
13397
13400
13402
13404
13406
13408
13410
13412
13414
13417
13419
13421
13423
13425
13427
13429
13431
13434
13436
13438
13440
13442
13444
13446
13448
13451
13453
13455
13457
13459
13461
13463
13465
13468
13470
13472
13474
13476
13478
13480
13482
13485
13487
13489
13491
13493
13495
13497
13500
13502
13504
13506
13508
13510
13513
13515
13517
13519
13521
13523
13526
13528
13530
13532
13534
13536
13539
13541
13543
13545
13547
13550
13552
13554
13556
13558
13560
13563
13565
13567
13569
13571
13573
13576
13578
13580
13582
13584
13586
13589
13591
13593
13595
13597
13600
13602
13604
13606
13608
13610
13613
13615
13617
13619
13621
13623
13626
13628
13630
13632
13634
13636
13639
13641
13643
13645
13647
13649
13652
13654
13656
13658
13660
13663
13665
13667
13669
13671
13673
13676
13678
13680
13682
13684
13686
13689
13691
13693
13695
13697
13700
13702
13704
13706
13708
13710
13713
13715
13717
13719
13721
13723
13726
13728
13730
13732
13734
13736
13739
13741
13743
13745
13747
13750
13752
13754
13756
13758
13760
13763
13765
13767
13769
13771
13773
13776
13778
13780
13782
13784
13786
13789
13791
13793
13795
13797
13800
13802
13804
13806
13808
13810
13813
13815
13817
13819
13821
13823
13826
13828
13830
13832
13834
13836
13839
13841
13843
13845
13847
13850
13852
13854
13856
13858
13860
13863
13865
13867
13869
13871
13873
13876
13878
13880
13882
13884
13886
13889
13891
13893
13895
13897
13900
13902
13904
13906
13908
13910
13912
13914
13917
13919
13921
13923
13925
13927
13929
13931
13934
13936
13938
13940
13942
13944
13946
13948
13951
13953
13955
13957
13959
13961
13963
13965
13968
13970
13972
13974
13976
13978
13980
13982
13985
13987
13989
13991
13993
13995
13997
14000
14002
14004
14006
14008
14010
14012
14014
14016
14018
14020
14022
14024
14026
14028
14030
14032
14034
14036
14038
14040
14042
14044
14046
14048
14051
14053
14055
14057
14059
14061
14063
14065
14067
14069
14071
14073
14075
14077
14079
14081
14083
14085
14087
14089
14091
14093
14095
14097
14100
14102
14104
14106
14107
14110
14112
14113
14116
14118
14120
14122
14123
14126
14128
14129
14132
14134
14136
14138
14139
14142
14144
14145
14148
14150
14152
14154
14155
14158
14160
14161
14164
14165
14168
14170
14171
14174
14176
14177
14180
14181
14184
14186
14187
14190
14192
14193
14196
14197
14200
14202
14204
14206
14208
14210
14212
14214
14216
14218
14220
14222
14224
14226
14228
14230
14232
14234
14236
14238
14240
14242
14244
14246
14248
14251
14253
14255
14257
14259
14261
14263
14265
14267
14269
14271
14273
14275
14277
14279
14281
14283
14285
14287
14289
14291
14293
14295
14297
14300
14302
14304
14306
14308
14310
14312
14314
14316
14318
14320
14322
14324
14326
14328
14330
14332
14334
14336
14338
14340
14342
14344
14346
14348
14350
14352
14354
14356
14358
14360
14362
14364
14366
14368
14370
14372
14374
14376
14378
14380
14382
14384
14386
14388
14390
14392
14394
14396
14398
14400
14402
14404
14406
14408
14410
14412
14414
14416
14418
14420
14422
14424
14426
14428
14430
14432
14434
14436
14438
14440
14442
14444
14446
14448
14451
14453
14455
14457
14459
14461
14463
14465
14467
14469
14471
14473
14475
14477
14479
14481
14483
14485
14487
14489
14491
14493
14495
14497
14500
14502
14504
14506
14508
14510
14512
14514
14516
14518
14520
14522
14524
14526
14528
14530
14532
14534
14536
14538
14540
14542
14544
14546
14548
14550
14552
14554
14556
14558
14560
14562
14564
14565
14568
14570
14572
14574
14576
14578
14580
14581
14584
14586
14588
14590
14592
14594
14596
14597
14600
14602
14604
14606
14608
14610
14612
14614
14616
14618
14620
14622
14624
14626
14628
14630
14632
14634
14636
14638
14640
14642
14644
14646
14648
14651
14653
14655
14657
14659
14661
14663
14665
14667
14669
14671
14673
14675
14677
14679
14681
14683
14685
14687
14689
14691
14693
14695
14697
14700
14702
14703
14706
14708
14709
14712
14713
14716
14718
14719
14722
14724
14726
14728
14730
14732
14734
14736
14738
14740
14742
14744
14746
14748
14750
14752
14754
14756
14758
14760
14762
14764
14766
14768
14770
14772
14774
14776
14778
14780
14782
14784
14786
14788
14790
14792
14794
14796
14798
14800
14802
14804
14806
14808
14810
14812
14814
14816
14818
14820
14822
14824
14826
14828
14830
14832
14834
14836
14838
14840
14842
14844
14846
14848
14851
14853
14855
14857
14859
14861
14863
14865
14867
14869
14871
14873
14875
14877
14879
14881
14883
14885
14887
14889
14891
14893
14895
14897
14900
14902
14904
14906
14908
14910
14912
14914
14916
14918
14920
14922
14924
14926
14928
14930
14932
14934
14936
14938
14940
14942
14944
14946
14948
14950
14952
14954
14956
14958
14960
14962
14964
14966
14968
14970
14972
14974
14976
14978
14980
14982
14984
14986
14988
14990
14992
14994
14996
14998
15000
15002
15004
15006
15008
15010
15012
15014
15016
15018
15020
15022
15025
15027
15029
15031
15033
15035
15037
15039
15041
15043
15045
15047
15050
15052
15054
15056
15058
15060
15062
15064
15066
15068
15070
15072
15075
15077
15079
15081
15083
15085
15087
15089
15091
15093
15095
15097
15100
15102
15104
15106
15108
15110
15112
15114
15116
15118
15120
15122
15125
15127
15129
15131
15133
15135
15137
15139
15141
15143
15145
15147
15149
15152
15154
15156
15158
15160
15162
15164
15166
15168
15170
15172
15174
15177
15179
15181
15183
15185
15187
15189
15191
15193
15195
15197
15200
15202
15204
15206
15208
15210
15212
15214
15216
15218
15220
15222
15224
15226
15228
15230
15232
15234
15236
15238
15240
15242
15244
15246
15248
15251
15253
15255
15257
15259
15261
15263
15265
15267
15269
15271
15273
15275
15277
15279
15281
15283
15285
15287
15289
15291
15293
15295
15297
15300
15302
15304
15306
15308
15310
15312
15314
15316
15318
15320
15322
15325
15327
15329
15331
15333
15335
15337
15339
15341
15343
15345
15347
15350
15352
15354
15356
15358
15360
15362
15364
15366
15368
15370
15372
15375
15377
15379
15381
15383
15385
15387
15389
15391
15393
15395
15397
15400
15402
15404
15406
15408
15410
15412
15414
15416
15418
15420
15422
15425
15427
15429
15431
15433
15435
15437
15439
15441
15443
15445
15447
15450
15452
15454
15456
15458
15460
15462
15464
15466
15468
15470
15472
15475
15477
15479
15481
15483
15485
15487
15489
15491
15493
15495
15497
15500
15502
15504
15506
15508
15510
15512
15514
15516
15518
15520
15522
15524
15526
15528
15530
15532
15534
15536
15538
15540
15542
15544
15546
15548
15551
15553
15555
15557
15559
15561
15563
15565
15567
15569
15571
15573
15575
15577
15579
15581
15583
15585
15587
15589
15591
15593
15595
15597
15600
15602
15604
15606
15608
15610
15612
15614
15616
15618
15620
15622
15625
15627
15629
15631
15633
15635
15637
15639
15641
15643
15645
15647
15649
15652
15654
15656
15658
15660
15662
15664
15666
15668
15670
15672
15674
15677
15679
15681
15683
15685
15687
15689
15691
15693
15695
15697
15700
15702
15704
15706
15708
15710
15712
15714
15716
15718
15720
15722
15725
15727
15729
15731
15733
15735
15737
15739
15741
15743
15745
15747
15750
15752
15754
15756
15758
15760
15762
15764
15766
15768
15770
15772
15775
15777
15779
15781
15783
15785
15787
15789
15791
15793
15795
15797
15800
15802
15804
15806
15808
15810
15812
15814
15816
15818
15820
15822
15824
15826
15828
15830
15832
15834
15836
15838
15840
15842
15844
15846
15848
15851
15853
15855
15857
15859
15861
15863
15865
15867
15869
15871
15873
15875
15877
15879
15881
15883
15885
15887
15889
15891
15893
15895
15897
15900
15902
15904
15906
15908
15910
15912
15914
15916
15918
15920
15922
15925
15927
15929
15931
15933
15935
15937
15939
15941
15943
15945
15947
15950
15952
15954
15956
15958
15960
15962
15964
15966
15968
15970
15972
15975
15977
15979
15981
15983
15985
15987
15989
15991
15993
15995
15997
16000
16002
16004
16006
16009
16011
16013
16016
16018
16020
16023
16025
16027
16030
16032
16034
16037
16039
16041
16044
16046
16048
16051
16053
16055
16058
16060
16062
16065
16067
16069
16072
16074
16076
16079
16081
16083
16086
16088
16090
16093
16095
16097
16100
16102
16104
16106
16109
16111
16113
16116
16118
16120
16123
16125
16127
16130
16132
16134
16137
16139
16141
16144
16146
16148
16151
16153
16155
16158
16160
16162
16165
16167
16169
16172
16174
16176
16179
16181
16183
16186
16188
16190
16193
16195
16197
16200
16202
16204
16206
16209
16211
16213
16215
16218
16220
16222
16225
16227
16229
16231
16234
16236
16238
16240
16243
16245
16247
16250
16252
16254
16256
16259
16261
16263
16265
16268
16270
16272
16274
16277
16279
16281
16284
16286
16288
16290
16293
16295
16297
16300
16302
16304
16306
16309
16311
16313
16316
16318
16320
16323
16325
16327
16330
16332
16334
16337
16339
16341
16344
16346
16348
16351
16353
16355
16358
16360
16362
16365
16367
16369
16372
16374
16376
16379
16381
16383
16386
16388
16390
16393
16395
16397
16400
16402
16404
16406
16409
16411
16413
16416
16418
16420
16423
16425
16427
16430
16432
16434
16437
16439
16441
16444
16446
16448
16451
16453
16455
16458
16460
16462
16465
16467
16469
16472
16474
16476
16479
16481
16483
16486
16488
16490
16493
16495
16497
16500
16502
16504
16506
16509
16511
16513
16516
16518
16520
16523
16525
16527
16530
16532
16534
16537
16539
16541
16544
16546
16548
16551
16553
16555
16558
16560
16562
16565
16567
16569
16572
16574
16576
16579
16581
16583
16586
16588
16590
16593
16595
16597
16600
16602
16604
16606
16609
16611
16613
16616
16618
16620
16623
16625
16627
16630
16632
16634
16637
16639
16641
16644
16646
16648
16651
16653
16655
16658
16660
16662
16665
16667
16669
16672
16674
16676
16679
16681
16683
16686
16688
16690
16693
16695
16697
16700
16702
16704
16706
16709
16711
16713
16715
16718
16720
16722
16725
16727
16729
16731
16734
16736
16738
16740
16743
16745
16747
16750
16752
16754
16756
16759
16761
16763
16765
16768
16770
16772
16775
16777
16779
16781
16784
16786
16788
16790
16793
16795
16797
16800
16802
16804
16806
16809
16811
16813
16816
16818
16820
16823
16825
16827
16830
16832
16834
16837
16839
16841
16844
16846
16848
16851
16853
16855
16858
16860
16862
16865
16867
16869
16872
16874
16876
16879
16881
16883
16886
16888
16890
16893
16895
16897
16900
16902
16904
16906
16909
16911
16913
16916
16918
16920
16923
16925
16927
16930
16932
16934
16937
16939
16941
16944
16946
16948
16951
16953
16955
16958
16960
16962
16965
16967
16969
16972
16974
16976
16979
16981
16983
16986
16988
16990
16993
16995
16997
17000
17001
17003
17005
17007
17009
17011
17013
17015
17017
17019
17021
17023
17025
17026
17028
17030
17032
17034
17036
17038
17040
17042
17044
17046
17048
17050
17051
17053
17055
17057
17059
17061
17063
17065
17067
17069
17071
17073
17075
17076
17078
17080
17082
17084
17086
17088
17090
17092
17094
17096
17098
17100
17101
17103
17105
17107
17109
17111
17113
17115
17117
17119
17121
17123
17125
17127
17129
17131
17133
17135
17137
17139
17141
17143
17145
17147
17149
17150
17152
17154
17156
17158
17160
17162
17164
17166
17168
17170
17172
17174
17176
17178
17180
17182
17184
17186
17188
17190
17192
17194
17196
17198
17200
17201
17203
17205
17207
17209
17211
17213
17215
17217
17219
17221
17223
17225
17226
17228
17230
17232
17234
17236
17238
17240
17242
17244
17246
17248
17250
17251
17253
17255
17257
17259
17261
17263
17265
17267
17269
17271
17273
17275
17276
17278
17280
17282
17284
17286
17288
17290
17292
17294
17296
17298
17300
17301
17303
17305
17307
17309
17311
17313
17315
17317
17319
17321
17323
17325
17327
17329
17331
17333
17335
17337
17339
17341
17343
17345
17347
17349
17350
17352
17354
17356
17358
17360
17362
17364
17366
17368
17370
17372
17374
17376
17378
17380
17382
17384
17386
17388
17390
17392
17394
17396
17398
17400
17401
17403
17405
17407
17409
17411
17413
17415
17417
17419
17421
17423
17424
17426
17428
17430
17432
17434
17436
17438
17440
17442
17444
17446
17448
17450
17451
17453
17455
17457
17459
17461
17463
17465
17467
17469
17471
17473
17475
17476
17478
17480
17482
17484
17486
17488
17490
17492
17494
17496
17498
17500
17501
17503
17505
17507
17509
17511
17513
17515
17517
17519
17521
17523
17525
17526
17528
17530
17532
17534
17536
17538
17540
17542
17544
17546
17548
17550
17551
17553
17555
17557
17559
17561
17563
17565
17567
17569
17571
17573
17575
17576
17578
17580
17582
17584
17586
17588
17590
17592
17594
17596
17598
17600
17601
17603
17605
17607
17609
17611
17613
17615
17617
17619
17621
17623
17625
17627
17629
17631
17633
17635
17637
17639
17641
17643
17645
17647
17649
17650
17652
17654
17656
17658
17660
17662
17664
17666
17668
17670
17672
17674
17676
17678
17680
17682
17684
17686
17688
17690
17692
17694
17696
17698
17700
17701
17703
17705
17707
17709
17711
17713
17715
17717
17719
17721
17723
17725
17726
17728
17730
17732
17734
17736
17738
17740
17742
17744
17746
17748
17750
17751
17753
17755
17757
17759
17761
17763
17765
17767
17769
17771
17773
17775
17776
17778
17780
17782
17784
17786
17788
17790
17792
17794
17796
17798
17800
17801
17803
17805
17807
17809
17811
17813
17815
17817
17819
17821
17823
17825
17826
17828
17830
17832
17834
17836
17838
17840
17842
17844
17846
17848
17850
17851
17853
17855
17857
17859
17861
17863
17865
17867
17869
17871
17873
17875
17876
17878
17880
17882
17884
17886
17888
17890
17892
17894
17896
17898
17900
17901
17903
17905
17907
17909
17911
17913
17915
17917
17919
17921
17923
17925
17927
17929
17931
17933
17935
17937
17939
17941
17943
17945
17947
17949
17950
17952
17954
17956
17958
17960
17962
17964
17966
17968
17970
17972
17974
17976
17978
17980
17982
17984
17986
17988
17990
17992
17994
17996
17998
18000
18002
18004
18006
18008
18010
18012
18014
18016
18018
18020
18022
18024
18026
18028
18030
18032
18034
18036
18038
18040
18042
18044
18046
18048
18050
18052
18054
18056
18058
18060
18062
18064
18066
18068
18070
18072
18074
18076
18078
18080
18082
18084
18086
18088
18090
18092
18094
18096
18098
18100
18102
18104
18106
18108
18110
18112
18114
18116
18118
18120
18122
18124
18126
18128
18130
18132
18134
18136
18138
18140
18142
18144
18146
18148
18151
18153
18155
18157
18159
18161
18163
18165
18167
18169
18171
18173
18175
18177
18179
18181
18183
18185
18187
18189
18191
18193
18195
18197
18200
18202
18204
18206
18208
18210
18212
18214
18216
18218
18220
18222
18224
18226
18227
18230
18232
18234
18236
18238
18240
18242
18244
18246
18248
18250
18252
18254
18256
18258
18260
18262
18264
18266
18268
18270
18272
18274
18276
18278
18280
18282
18284
18286
18288
18290
18292
18294
18296
18298
18300
18302
18304
18306
18308
18310
18312
18314
18316
18318
18320
18322
18324
18326
18328
18330
18332
18334
18336
18338
18340
18342
18344
18346
18348
18350
18352
18354
18355
18358
18360
18362
18364
18366
18368
18369
18372
18374
18375
18378
18380
18381
18384
18386
18387
18390
18392
18394
18395
18398
18400
18402
18404
18406
18408
18410
18412
18414
18416
18418
18420
18422
18424
18426
18428
18430
18432
18434
18436
18438
18440
18442
18444
18446
18448
18451
18453
18455
18457
18459
18461
18463
18465
18467
18469
18471
18473
18475
18477
18479
18481
18483
18485
18487
18489
18491
18493
18495
18497
18500
18502
18504
18506
18508
18510
18512
18514
18516
18518
18520
18522
18524
18526
18528
18530
18532
18534
18536
18538
18540
18542
18544
18546
18548
18550
18552
18554
18556
18558
18560
18562
18564
18566
18568
18570
18572
18574
18576
18578
18580
18582
18584
18586
18588
18590
18592
18594
18596
18598
18600
18602
18604
18606
18608
18610
18612
18614
18616
18618
18620
18622
18624
18626
18628
18630
18632
18634
18636
18638
18640
18642
18644
18646
18648
18650
18652
18654
18656
18658
18660
18662
18664
18666
18668
18670
18672
18674
18676
18678
18680
18682
18684
18686
18688
18690
18692
18694
18695
18698
18700
18702
18704
18706
18708
18710
18712
18714
18716
18718
18720
18722
18724
18726
18728
18730
18732
18734
18736
18738
18740
18742
18744
18746
18748
18751
18753
18755
18757
18759
18761
18763
18765
18767
18769
18771
18773
18775
18777
18779
18781
18783
18785
18787
18789
18791
18793
18795
18797
18800
18802
18804
18806
18808
18810
18812
18814
18816
18818
18820
18822
18824
18826
18828
18830
18832
18834
18836
18838
18840
18842
18844
18846
18848
18850
18852
18854
18855
18858
18860
18862
18864
18866
18868
18869
18872
18874
18875
18878
18880
18881
18884
18886
18887
18890
18892
18894
18895
18898
18900
18902
18904
18906
18908
18910
18912
18914
18916
18918
18920
18922
18924
18926
18928
18930
18932
18934
18936
18938
18940
18942
18944
18946
18948
18951
18953
18955
18957
18959
18961
18963
18965
18967
18969
18971
18973
18975
18977
18979
18981
18983
18985
18987
18989
18991
18993
18995
18997
19000
19001
19003
19005
19007
19009
19011
19013
19015
19017
19019
19021
19023
19025
19027
19029
19031
19033
19035
19037
19039
19041
19043
19045
19047
19049
19050
19052
19054
19056
19058
19060
19062
19064
19066
19068
19070
19072
19074
19076
19078
19080
19082
19084
19086
19088
19090
19092
19094
19096
19098
19100
19102
19104
19106
19108
19110
19112
19114
19116
19118
19120
19122
19124
19126
19128
19130
19132
19134
19136
19138
19140
19142
19144
19146
19148
19150
19152
19154
19156
19158
19160
19162
19164
19166
19168
19170
19172
19174
19176
19178
19180
19182
19184
19186
19188
19190
19192
19194
19195
19198
19200
19202
19204
19206
19208
19210
19212
19214
19216
19218
19220
19222
19224
19226
19227
19230
19232
19234
19236
19238
19240
19242
19244
19246
19248
19250
19252
19254
19256
19258
19260
19262
19264
19266
19268
19270
19272
19274
19276
19278
19280
19282
19284
19286
19288
19290
19292
19294
19296
19298
19300
19302
19304
19306
19308
19310
19312
19314
19316
19318
19320
19322
19324
19326
19328
19330
19332
19334
19336
19338
19340
19342
19344
19346
19348
19350
19352
19354
19355
19358
19360
19362
19364
19366
19368
19369
19372
19374
19375
19378
19380
19381
19384
19386
19387
19390
19392
19394
19395
19398
19400
19401
19404
19406
19407
19410
19412
19413
19416
19418
19419
19422
19424
19426
19427
19430
19432
19433
19436
19438
19439
19442
19444
19445
19448
19450
19452
19454
19456
19458
19460
19462
19464
19466
19468
19470
19472
19474
19476
19477
19480
19482
19484
19486
19488
19490
19492
19494
19496
19498
19500
19502
19504
19506
19508
19510
19512
19514
19516
19518
19520
19522
19524
19526
19528
19530
19532
19534
19536
19538
19540
19542
19544
19546
19548
19550
19552
19554
19556
19558
19560
19562
19564
19566
19568
19570
19572
19574
19576
19578
19580
19582
19584
19586
19588
19590
19592
19594
19596
19598
19600
19602
19604
19606
19608
19610
19612
19614
19616
19618
19620
19622
19624
19626
19628
19630
19632
19634
19636
19638
19640
19642
19644
19646
19648
19650
19652
19654
19656
19658
19660
19662
19664
19666
19668
19670
19672
19674
19676
19678
19680
19682
19684
19686
19688
19690
19692
19694
19695
19698
19700
19702
19704
19706
19708
19710
19712
19714
19716
19718
19720
19722
19724
19726
19727
19730
19732
19734
19736
19738
19740
19742
19744
19746
19748
19750
19752
19754
19756
19758
19760
19762
19764
19766
19768
19770
19772
19774
19776
19778
19780
19782
19784
19786
19788
19790
19792
19794
19796
19798
19800
19802
19804
19806
19808
19810
19812
19814
19816
19818
19820
19822
19824
19826
19828
19830
19832
19834
19836
19838
19840
19842
19844
19846
19848
19850
19852
19854
19855
19858
19860
19862
19864
19866
19868
19869
19872
19874
19875
19878
19880
19881
19884
19886
19887
19890
19892
19894
19895
19898
19900
19901
19903
19905
19907
19909
19911
19913
19915
19917
19919
19921
19923
19925
19927
19929
19931
19933
19935
19937
19939
19941
19943
19945
19947
19949
19950
19952
19954
19956
19958
19960
19962
19964
19966
19968
19970
19972
19974
19976
19978
19980
19982
19984
19986
19988
19990
19992
19994
19996
19998
20000
20002
20004
20006
20008
20010
20012
20014
20016
20018
20020
20022
20024
20026
20028
20030
20032
20034
20036
20038
20040
20042
20044
20046
20048
20051
20053
20055
20057
20059
20061
20063
20065
20067
20069
20071
20073
20075
20077
20079
20081
20083
20085
20087
20089
20091
20093
20095
20097
20100
20102
20104
20106
20108
20110
20112
20114
20116
20118
20120
20122
20124
20126
20128
20130
20132
20134
20136
20138
20140
20142
20144
20146
20148
20151
20153
20155
20157
20159
20161
20163
20165
20167
20169
20171
20173
20175
20177
20179
20181
20183
20185
20187
20189
20191
20193
20195
20197
20200
20202
20204
20206
20208
20210
20212
20214
20216
20218
20220
20222
20224
20226
20228
20230
20232
20234
20236
20238
20240
20242
20244
20246
20248
20251
20253
20255
20257
20259
20261
20263
20265
20267
20269
20271
20273
20275
20277
20279
20281
20283
20285
20287
20289
20291
20293
20295
20297
20300
20302
20304
20306
20308
20310
20312
20314
20316
20318
20320
20322
20324
20326
20328
20330
20332
20334
20336
20338
20340
20342
20344
20346
20348
20350
20352
20354
20355
20358
20360
20362
20364
20366
20368
20369
20372
20374
20375
20378
20380
20381
20384
20386
20387
20390
20392
20394
20395
20398
20400
20402
20404
20406
20408
20410
20412
20414
20416
20418
20420
20422
20424
20426
20428
20430
20432
20434
20436
20438
20440
20442
20444
20446
20448
20451
20453
20455
20457
20459
20461
20463
20465
20467
20469
20471
20473
20475
20477
20479
20481
20483
20485
20487
20489
20491
20493
20495
20497
20500
20502
20504
20506
20508
20510
20512
20514
20516
20518
20520
20522
20524
20526
20528
20530
20532
20534
20536
20538
20540
20542
20544
20546
20548
20551
20553
20555
20557
20559
20561
20563
20565
20567
20569
20571
20573
20575
20577
20579
20581
20583
20585
20587
20589
20591
20593
20595
20597
20600
20602
20604
20606
20608
20610
20612
20614
20616
20618
20620
20622
20624
20626
20628
20630
20632
20634
20636
20638
20640
20642
20644
20646
20648
20650
20652
20654
20656
20658
20660
20662
20664
20666
20668
20670
20672
20674
20676
20678
20680
20682
20684
20686
20688
20690
20692
20694
20695
20698
20700
20702
20704
20706
20708
20710
20712
20714
20716
20718
20720
20722
20724
20726
20728
20730
20732
20734
20736
20738
20740
20742
20744
20746
20748
20751
20753
20755
20757
20759
20761
20763
20765
20767
20769
20771
20773
20775
20777
20779
20781
20783
20785
20787
20789
20791
20793
20795
20797
20800
20802
20804
20806
20808
20810
20812
20814
20816
20818
20820
20822
20824
20826
20828
20830
20832
20834
20836
20838
20840
20842
20844
20846
20848
20851
20853
20855
20857
20859
20861
20863
20865
20867
20869
20871
20873
20875
20877
20879
20881
20883
20885
20887
20889
20891
20893
20895
20897
20900
20902
20904
20906
20908
20910
20912
20914
20916
20918
20920
20922
20924
20926
20928
20930
20932
20934
20936
20938
20940
20942
20944
20946
20948
20951
20953
20955
20957
20959
20961
20963
20965
20967
20969
20971
20973
20975
20977
20979
20981
20983
20985
20987
20989
20991
20993
20995
20997
21000
21002
21004
21006
21008
21010
21012
21014
21016
21018
21020
21022
21024
21026
21028
21030
21032
21034
21036
21038
21040
21042
21044
21046
21048
21050
21052
21054
21056
21058
21060
21062
21064
21066
21068
21070
21072
21074
21076
21078
21080
21082
21084
21086
21088
21090
21092
21094
21096
21098
21100
21102
21104
21106
21108
21110
21112
21114
21116
21118
21120
21122
21124
21126
21128
21130
21132
21134
21136
21138
21140
21142
21144
21146
21148
21150
21152
21154
21156
21158
21160
21162
21164
21166
21168
21170
21172
21174
21176
21178
21180
21182
21184
21186
21188
21190
21192
21194
21195
21198
21200
21202
21204
21206
21208
21210
21212
21214
21216
21218
21220
21222
21224
21226
21228
21230
21232
21234
21236
21238
21240
21242
21244
21246
21248
21251
21253
21255
21257
21259
21261
21263
21265
21267
21269
21271
21273
21275
21277
21279
21281
21283
21285
21287
21289
21291
21293
21295
21297
21300
21302
21304
21306
21308
21310
21312
21314
21316
21318
21320
21322
21324
21326
21328
21330
21332
21334
21336
21338
21340
21342
21344
21346
21348
21350
21352
21354
21355
21358
21360
21362
21364
21366
21368
21369
21372
21374
21375
21378
21380
21381
21384
21386
21387
21390
21392
21394
21395
21398
21400
21401
21404
21406
21407
21410
21412
21413
21416
21418
21419
21422
21424
21426
21427
21430
21432
21433
21436
21438
21439
21442
21444
21445
21448
21450
21452
21454
21456
21458
21460
21462
21464
21466
21468
21470
21472
21474
21476
21477
21480
21482
21484
21486
21488
21490
21492
21494
21496
21498
21500
21502
21504
21506
21508
21510
21512
21514
21516
21518
21520
21522
21524
21526
21528
21530
21532
21534
21536
21538
21540
21542
21544
21546
21548
21551
21553
21555
21557
21559
21561
21563
21565
21567
21569
21571
21573
21575
21577
21579
21581
21583
21585
21587
21589
21591
21593
21595
21597
21600
21602
21604
21606
21608
21610
21612
21614
21616
21618
21620
21622
21624
21626
21628
21630
21632
21634
21636
21638
21640
21642
21644
21646
21648
21650
21652
21654
21656
21658
21660
21662
21664
21666
21668
21670
21672
21674
21676
21678
21680
21682
21684
21686
21688
21690
21692
21694
21695
21698
21700
21702
21704
21706
21708
21710
21712
21714
21716
21718
21720
21722
21724
21726
21728
21730
21732
21734
21736
21738
21740
21742
21744
21746
21748
21751
21753
21755
21757
21759
21761
21763
21765
21767
21769
21771
21773
21775
21777
21779
21781
21783
21785
21787
21789
21791
21793
21795
21797
21800
21802
21804
21806
21808
21810
21812
21814
21816
21818
21820
21822
21824
21826
21828
21830
21832
21834
21836
21838
21840
21842
21844
21846
21848
21850
21852
21854
21855
21858
21860
21862
21864
21866
21868
21869
21872
21874
21875
21878
21880
21881
21884
21886
21887
21890
21892
21894
21895
21898
21900
21901
21904
21906
21907
21910
21912
21913
21916
21918
21919
21922
21924
21926
21927
21930
21932
21933
21936
21938
21939
21942
21944
21945
21948
21950
21952
21954
21956
21958
21960
21962
21964
21966
21968
21970
21972
21974
21976
21977
21980
21982
21984
21986
21988
21990
21992
21994
21996
21998
22000
22002
22004
22006
22008
22011
22013
22015
22017
22020
22022
22024
22026
22028
22031
22033
22035
22037
22040
22042
22044
22046
22048
22051
22053
22055
22057
22060
22062
22064
22066
22068
22071
22073
22075
22077
22080
22082
22084
22086
22088
22091
22093
22095
22097
22100
22102
22104
22106
22108
22110
22113
22115
22117
22119
22121
22123
22126
22128
22130
22132
22134
22136
22139
22141
22143
22145
22147
22150
22152
22154
22156
22158
22160
22163
22165
22167
22169
22171
22173
22176
22178
22180
22182
22184
22186
22189
22191
22193
22195
22197
22200
22202
22204
22206
22208
22210
22213
22215
22217
22219
22221
22223
22226
22228
22230
22232
22234
22236
22239
22241
22243
22245
22247
22250
22252
22254
22256
22258
22260
22263
22265
22267
22269
22271
22273
22276
22278
22280
22282
22284
22286
22289
22291
22293
22295
22297
22300
22302
22304
22306
22308
22310
22313
22315
22317
22319
22321
22323
22326
22328
22330
22332
22334
22336
22339
22341
22343
22345
22347
22350
22352
22354
22356
22358
22360
22363
22365
22367
22369
22371
22373
22376
22378
22380
22382
22384
22386
22389
22391
22393
22395
22397
22400
22402
22404
22406
22408
22411
22413
22415
22417
22419
22422
22424
22426
22428
22431
22433
22435
22437
22439
22442
22444
22446
22448
22451
22453
22455
22457
22460
22462
22464
22466
22468
22471
22473
22475
22477
22480
22482
22484
22486
22488
22491
22493
22495
22497
22500
22502
22504
22506
22508
22510
22513
22515
22517
22519
22521
22523
22526
22528
22530
22532
22534
22536
22539
22541
22543
22545
22547
22550
22552
22554
22556
22558
22560
22563
22565
22567
22569
22571
22573
22576
22578
22580
22582
22584
22586
22589
22591
22593
22595
22597
22600
22602
22604
22606
22608
22610
22613
22615
22617
22619
22621
22623
22626
22628
22630
22632
22634
22636
22639
22641
22643
22645
22647
22650
22652
22654
22656
22658
22660
22663
22665
22667
22669
22671
22673
22676
22678
22680
22682
22684
22686
22689
22691
22693
22695
22697
22700
22702
22704
22706
22708
22710
22713
22715
22717
22719
22721
22723
22726
22728
22730
22732
22734
22736
22739
22741
22743
22745
22747
22750
22752
22754
22756
22758
22760
22763
22765
22767
22769
22771
22773
22776
22778
22780
22782
22784
22786
22789
22791
22793
22795
22797
22800
22802
22804
22806
22808
22811
22813
22815
22817
22820
22822
22824
22826
22828
22831
22833
22835
22837
22840
22842
22844
22846
22848
22851
22853
22855
22857
22860
22862
22864
22866
22868
22871
22873
22875
22877
22880
22882
22884
22886
22888
22891
22893
22895
22897
22900
22902
22904
22906
22908
22910
22913
22915
22917
22919
22921
22923
22926
22928
22930
22932
22934
22936
22939
22941
22943
22945
22947
22950
22952
22954
22956
22958
22960
22963
22965
22967
22969
22971
22973
22976
22978
22980
22982
22984
22986
22989
22991
22993
22995
22997
23000
23002
23004
23006
23008
23010
23012
23014
23017
23019
23021
23023
23025
23027
23029
23031
23034
23036
23038
23040
23042
23044
23046
23048
23051
23053
23055
23057
23059
23061
23063
23065
23068
23070
23072
23074
23076
23078
23080
23082
23085
23087
23089
23091
23093
23095
23097
23100
23102
23104
23106
23108
23110
23113
23115
23117
23119
23121
23123
23126
23128
23130
23132
23134
23136
23139
23141
23143
23145
23147
23150
23152
23154
23156
23158
23160
23163
23165
23167
23169
23171
23173
23176
23178
23180
23182
23184
23186
23189
23191
23193
23195
23197
23200
23202
23204
23206
23208
23210
23213
23215
23217
23219
23221
23223
23226
23228
23230
23232
23234
23236
23239
23241
23243
23245
23247
23250
23252
23254
23256
23258
23260
23263
23265
23267
23269
23271
23273
23276
23278
23280
23282
23284
23286
23289
23291
23293
23295
23297
23300
23302
23304
23306
23308
23310
23312
23314
23317
23319
23321
23323
23325
23327
23329
23331
23334
23336
23338
23340
23342
23344
23346
23348
23351
23353
23355
23357
23359
23361
23363
23365
23368
23370
23372
23374
23376
23378
23380
23382
23385
23387
23389
23391
23393
23395
23397
23400
23402
23404
23406
23408
23410
23413
23415
23417
23419
23421
23423
23426
23428
23430
23432
23434
23436
23439
23441
23443
23445
23447
23450
23452
23454
23456
23458
23460
23463
23465
23467
23469
23471
23473
23476
23478
23480
23482
23484
23486
23489
23491
23493
23495
23497
23500
23502
23504
23506
23508
23510
23512
23514
23517
23519
23521
23523
23525
23527
23529
23531
23534
23536
23538
23540
23542
23544
23546
23548
23551
23553
23555
23557
23559
23561
23563
23565
23568
23570
23572
23574
23576
23578
23580
23582
23585
23587
23589
23591
23593
23595
23597
23600
23602
23604
23606
23608
23610
23613
23615
23617
23619
23621
23623
23626
23628
23630
23632
23634
23636
23639
23641
23643
23645
23647
23650
23652
23654
23656
23658
23660
23663
23665
23667
23669
23671
23673
23676
23678
23680
23682
23684
23686
23689
23691
23693
23695
23697
23700
23702
23704
23706
23708
23710
23713
23715
23717
23719
23721
23723
23726
23728
23730
23732
23734
23736
23739
23741
23743
23745
23747
23750
23752
23754
23756
23758
23760
23763
23765
23767
23769
23771
23773
23776
23778
23780
23782
23784
23786
23789
23791
23793
23795
23797
23800
23802
23804
23806
23808
23810
23812
23814
23817
23819
23821
23823
23825
23827
23829
23831
23834
23836
23838
23840
23842
23844
23846
23848
23851
23853
23855
23857
23859
23861
23863
23865
23868
23870
23872
23874
23876
23878
23880
23882
23885
23887
23889
23891
23893
23895
23897
23900
23902
23904
23906
23908
23910
23913
23915
23917
23919
23921
23923
23926
23928
23930
23932
23934
23936
23939
23941
23943
23945
23947
23950
23952
23954
23956
23958
23960
23963
23965
23967
23969
23971
23973
23976
23978
23980
23982
23984
23986
23989
23991
23993
23995
23997
24000
24002
24004
24006
24008
24010
24012
24014
24017
24019
24021
24023
24025
24027
24029
24031
24034
24036
24038
24040
24042
24044
24046
24048
24051
24053
24055
24057
24059
24061
24063
24065
24068
24070
24072
24074
24076
24078
24080
24082
24085
24087
24089
24091
24093
24095
24097
24100
24102
24104
24106
24108
24110
24112
24114
24117
24119
24121
24123
24125
24127
24129
24131
24134
24136
24138
24140
24142
24144
24146
24148
24151
24153
24155
24157
24159
24161
24163
24165
24168
24170
24172
24174
24176
24178
24180
24182
24185
24187
24189
24191
24193
24195
24197
24200
24202
24204
24206
24208
24210
24213
24215
24217
24219
24221
24223
24226
24228
24230
24232
24234
24236
24239
24241
24243
24245
24247
24250
24252
24254
24256
24258
24260
24263
24265
24267
24269
24271
24273
24276
24278
24280
24282
24284
24286
24289
24291
24293
24295
24297
24300
24302
24304
24306
24308
24310
24312
24314
24317
24319
24321
24323
24325
24327
24329
24331
24334
24336
24338
24340
24342
24344
24346
24348
24351
24353
24355
24357
24359
24361
24363
24365
24368
24370
24372
24374
24376
24378
24380
24382
24385
24387
24389
24391
24393
24395
24397
24400
24402
24404
24406
24408
24410
24413
24415
24417
24419
24421
24423
24426
24428
24430
24432
24434
24436
24439
24441
24443
24445
24447
24450
24452
24454
24456
24458
24460
24463
24465
24467
24469
24471
24473
24476
24478
24480
24482
24484
24486
24489
24491
24493
24495
24497
24500
24502
24504
24506
24508
24510
24512
24514
24517
24519
24521
24523
24525
24527
24529
24531
24534
24536
24538
24540
24542
24544
24546
24548
24551
24553
24555
24557
24559
24561
24563
24565
24568
24570
24572
24574
24576
24578
24580
24582
24585
24587
24589
24591
24593
24595
24597
24600
24602
24604
24606
24608
24610
24612
24614
24617
24619
24621
24623
24625
24627
24629
24631
24634
24636
24638
24640
24642
24644
24646
24648
24651
24653
24655
24657
24659
24661
24663
24665
24668
24670
24672
24674
24676
24678
24680
24682
24685
24687
24689
24691
24693
24695
24697
24700
24702
24704
24706
24708
24710
24713
24715
24717
24719
24721
24723
24726
24728
24730
24732
24734
24736
24739
24741
24743
24745
24747
24750
24752
24754
24756
24758
24760
24763
24765
24767
24769
24771
24773
24776
24778
24780
24782
24784
24786
24789
24791
24793
24795
24797
24800
24802
24804
24806
24808
24810
24812
24814
24817
24819
24821
24823
24825
24827
24829
24831
24834
24836
24838
24840
24842
24844
24846
24848
24851
24853
24855
24857
24859
24861
24863
24865
24868
24870
24872
24874
24876
24878
24880
24882
24885
24887
24889
24891
24893
24895
24897
24900
24902
24904
24906
24908
24910
24912
24914
24917
24919
24921
24923
24925
24927
24929
24931
24934
24936
24938
24940
24942
24944
24946
24948
24951
24953
24955
24957
24959
24961
24963
24965
24968
24970
24972
24974
24976
24978
24980
24982
24985
24987
24989
24991
24993
24995
24997
25000
25002
25004
25006
25008
25011
25013
25015
25017
25020
25022
25024
25026
25028
25031
25033
25035
25037
25040
25042
25044
25046
25048
25051
25053
25055
25057
25060
25062
25064
25066
25068
25071
25073
25075
25077
25080
25082
25084
25086
25088
25091
25093
25095
25097
25100
25102
25104
25106
25108
25110
25113
25115
25117
25119
25121
25123
25126
25128
25130
25132
25134
25136
25139
25141
25143
25145
25147
25150
25152
25154
25156
25158
25160
25163
25165
25167
25169
25171
25173
25176
25178
25180
25182
25184
25186
25189
25191
25193
25195
25197
25200
25202
25204
25206
25208
25210
25213
25215
25217
25219
25221
25223
25226
25228
25230
25232
25234
25236
25239
25241
25243
25245
25247
25250
25252
25254
25256
25258
25260
25263
25265
25267
25269
25271
25273
25276
25278
25280
25282
25284
25286
25289
25291
25293
25295
25297
25300
25302
25304
25306
25308
25310
25313
25315
25317
25319
25321
25323
25326
25328
25330
25332
25334
25336
25339
25341
25343
25345
25347
25350
25352
25354
25356
25358
25360
25363
25365
25367
25369
25371
25373
25376
25378
25380
25382
25384
25386
25389
25391
25393
25395
25397
25400
25402
25404
25406
25408
25411
25413
25415
25417
25419
25422
25424
25426
25428
25431
25433
25435
25437
25439
25442
25444
25446
25448
25451
25453
25455
25457
25460
25462
25464
25466
25468
25471
25473
25475
25477
25480
25482
25484
25486
25488
25491
25493
25495
25497
25500
25502
25504
25506
25508
25510
25513
25515
25517
25519
25521
25523
25526
25528
25530
25532
25534
25536
25539
25541
25543
25545
25547
25550
25552
25554
25556
25558
25560
25563
25565
25567
25569
25571
25573
25576
25578
25580
25582
25584
25586
25589
25591
25593
25595
25597
25600
25602
25604
25606
25608
25610
25613
25615
25617
25619
25621
25623
25626
25628
25630
25632
25634
25636
25639
25641
25643
25645
25647
25650
25652
25654
25656
25658
25660
25663
25665
25667
25669
25671
25673
25676
25678
25680
25682
25684
25686
25689
25691
25693
25695
25697
25700
25702
25704
25706
25708
25711
25713
25715
25717
25720
25722
25724
25726
25728
25731
25733
25735
25737
25740
25742
25744
25746
25748
25751
25753
25755
25757
25760
25762
25764
25766
25768
25771
25773
25775
25777
25780
25782
25784
25786
25788
25791
25793
25795
25797
25800
25802
25804
25806
25808
25810
25813
25815
25817
25819
25821
25823
25826
25828
25830
25832
25834
25836
25839
25841
25843
25845
25847
25850
25852
25854
25856
25858
25860
25863
25865
25867
25869
25871
25873
25876
25878
25880
25882
25884
25886
25889
25891
25893
25895
25897
25900
25902
25904
25906
25908
25910
25913
25915
25917
25919
25921
25923
25926
25928
25930
25932
25934
25936
25939
25941
25943
25945
25947
25950
25952
25954
25956
25958
25960
25963
25965
25967
25969
25971
25973
25976
25978
25980
25982
25984
25986
25989
25991
25993
25995
25997
26000
26002
26004
26006
26008
26010
26012
26014
26017
26019
26021
26023
26025
26027
26029
26031
26034
26036
26038
26040
26042
26044
26046
26048
26051
26053
26055
26057
26059
26061
26063
26065
26068
26070
26072
26074
26076
26078
26080
26082
26085
26087
26089
26091
26093
26095
26097
26100
26102
26104
26106
26108
26110
26112
26114
26116
26118
26120
26122
26125
26127
26129
26131
26133
26135
26137
26139
26141
26143
26145
26147
26150
26152
26154
26156
26158
26160
26162
26164
26166
26168
26170
26172
26175
26177
26179
26181
26183
26185
26187
26189
26191
26193
26195
26197
26200
26202
26204
26206
26208
26210
26212
26214
26217
26219
26221
26223
26225
26227
26229
26231
26234
26236
26238
26240
26242
26244
26246
26248
26251
26253
26255
26257
26259
26261
26263
26265
26268
26270
26272
26274
26276
26278
26280
26282
26285
26287
26289
26291
26293
26295
26297
26300
26302
26304
26306
26308
26310
26312
26314
26317
26319
26321
26323
26325
26327
26329
26331
26334
26336
26338
26340
26342
26344
26346
26348
26351
26353
26355
26357
26359
26361
26363
26365
26368
26370
26372
26374
26376
26378
26380
26382
26385
26387
26389
26391
26393
26395
26397
26400
26402
26404
26406
26408
26410
26412
26414
26416
26418
26420
26422
26424
26427
26429
26431
26433
26435
26437
26439
26441
26443
26445
26447
26450
26452
26454
26456
26458
26460
26462
26464
26466
26468
26470
26472
26475
26477
26479
26481
26483
26485
26487
26489
26491
26493
26495
26497
26500
26502
26504
26506
26508
26510
26512
26514
26517
26519
26521
26523
26525
26527
26529
26531
26534
26536
26538
26540
26542
26544
26546
26548
26551
26553
26555
26557
26559
26561
26563
26565
26568
26570
26572
26574
26576
26578
26580
26582
26585
26587
26589
26591
26593
26595
26597
26600
26602
26604
26606
26608
26610
26612
26614
26616
26618
26620
26622
26625
26627
26629
26631
26633
26635
26637
26639
26641
26643
26645
26647
26650
26652
26654
26656
26658
26660
26662
26664
26666
26668
26670
26672
26675
26677
26679
26681
26683
26685
26687
26689
26691
26693
26695
26697
26700
26702
26704
26706
26708
26710
26712
26714
26717
26719
26721
26723
26725
26727
26729
26731
26734
26736
26738
26740
26742
26744
26746
26748
26751
26753
26755
26757
26759
26761
26763
26765
26768
26770
26772
26774
26776
26778
26780
26782
26785
26787
26789
26791
26793
26795
26797
26800
26802
26804
26806
26808
26810
26812
26814
26817
26819
26821
26823
26825
26827
26829
26831
26834
26836
26838
26840
26842
26844
26846
26848
26851
26853
26855
26857
26859
26861
26863
26865
26868
26870
26872
26874
26876
26878
26880
26882
26885
26887
26889
26891
26893
26895
26897
26900
26902
26904
26906
26908
26910
26912
26914
26916
26918
26920
26922
26924
26927
26929
26931
26933
26935
26937
26939
26941
26943
26945
26947
26950
26952
26954
26956
26958
26960
26962
26964
26966
26968
26970
26972
26975
26977
26979
26981
26983
26985
26987
26989
26991
26993
26995
26997
27000
27002
27004
27006
27008
27010
27012
27014
27016
27018
27020
27022
27024
27026
27028
27030
27032
27034
27036
27038
27040
27042
27044
27046
27048
27051
27053
27055
27057
27059
27061
27063
27065
27067
27069
27071
27073
27075
27077
27079
27081
27083
27085
27087
27089
27091
27093
27095
27097
27100
27102
27104
27106
27108
27110
27112
27114
27116
27118
27120
27122
27124
27126
27128
27130
27132
27134
27136
27138
27140
27142
27144
27146
27148
27151
27153
27155
27157
27159
27161
27163
27165
27167
27169
27171
27173
27175
27177
27179
27181
27183
27185
27187
27189
27191
27193
27195
27197
27200
27202
27204
27206
27208
27210
27212
27214
27216
27218
27220
27222
27224
27226
27228
27230
27232
27234
27236
27238
27240
27242
27244
27246
27248
27251
27253
27255
27257
27259
27261
27263
27265
27267
27269
27271
27273
27275
27277
27279
27281
27283
27285
27287
27289
27291
27293
27295
27297
27300
27302
27304
27306
27308
27310
27312
27314
27316
27318
27320
27322
27324
27326
27328
27330
27332
27334
27336
27338
27340
27342
27344
27346
27348
27351
27353
27355
27357
27359
27361
27363
27365
27367
27369
27371
27373
27375
27377
27379
27381
27383
27385
27387
27389
27391
27393
27395
27397
27400
27402
27404
27406
27408
27410
27412
27414
27416
27418
27420
27422
27424
27426
27428
27430
27432
27434
27436
27438
27440
27442
27444
27446
27448
27451
27453
27455
27457
27459
27461
27463
27465
27467
27469
27471
27473
27475
27477
27479
27481
27483
27485
27487
27489
27491
27493
27495
27497
27500
27502
27504
27506
27508
27510
27512
27514
27516
27518
27520
27522
27524
27526
27528
27530
27532
27534
27536
27538
27540
27542
27544
27546
27548
27551
27553
27555
27557
27559
27561
27563
27565
27567
27569
27571
27573
27575
27577
27579
27581
27583
27585
27587
27589
27591
27593
27595
27597
27600
27602
27604
27606
27608
27610
27612
27614
27616
27618
27620
27622
27624
27626
27628
27630
27632
27634
27636
27638
27640
27642
27644
27646
27648
27651
27653
27655
27657
27659
27661
27663
27665
27667
27669
27671
27673
27675
27677
27679
27681
27683
27685
27687
27689
27691
27693
27695
27697
27700
27702
27704
27706
27708
27710
27712
27714
27716
27718
27720
27722
27724
27726
27728
27730
27732
27734
27736
27738
27740
27742
27744
27746
27748
27751
27753
27755
27757
27759
27761
27763
27765
27767
27769
27771
27773
27775
27777
27779
27781
27783
27785
27787
27789
27791
27793
27795
27797
27800
27802
27804
27806
27808
27810
27812
27814
27816
27818
27820
27822
27824
27826
27828
27830
27832
27834
27836
27838
27840
27842
27844
27846
27848
27851
27853
27855
27857
27859
27861
27863
27865
27867
27869
27871
27873
27875
27877
27879
27881
27883
27885
27887
27889
27891
27893
27895
27897
27900
27902
27904
27906
27908
27910
27912
27914
27916
27918
27920
27922
27924
27926
27928
27930
27932
27934
27936
27938
27940
27942
27944
27946
27948
27951
27953
27955
27957
27959
27961
27963
27965
27967
27969
27971
27973
27975
27977
27979
27981
27983
27985
27987
27989
27991
27993
27995
27997
28000
28001
28003
28005
28007
28009
28011
28013
28015
28017
28019
28021
28023
28025
28027
28029
28031
28033
28035
28037
28039
28041
28043
28045
28047
28049
28050
28052
28054
28056
28058
28060
28062
28064
28066
28068
28070
28072
28074
28076
28078
28080
28082
28084
28086
28088
28090
28092
28094
28096
28098
28100
28102
28104
28106
28108
28110
28112
28114
28116
28118
28120
28122
28124
28126
28128
28130
28132
28134
28136
28138
28140
28142
28144
28146
28148
28150
28152
28154
28156
28158
28160
28162
28164
28166
28168
28170
28172
28174
28176
28178
28180
28182
28184
28186
28188
28190
28192
28194
28195
28198
28200
28201
28203
28205
28207
28209
28211
28213
28215
28217
28219
28221
28223
28225
28227
28229
28231
28233
28235
28237
28239
28241
28243
28245
28247
28249
28250
28252
28254
28256
28258
28260
28262
28264
28266
28268
28270
28272
28274
28276
28278
28280
28282
28284
28286
28288
28290
28292
28294
28296
28298
28300
28301
28303
28305
28307
28309
28311
28313
28315
28317
28319
28321
28323
28325
28327
28329
28331
28333
28335
28337
28339
28341
28343
28345
28347
28349
28350
28352
28354
28356
28358
28360
28362
28364
28366
28368
28370
28372
28374
28376
28378
28380
28382
28384
28386
28388
28390
28392
28394
28396
28398
28400
28401
28404
28406
28407
28410
28412
28413
28416
28418
28419
28422
28424
28426
28427
28430
28432
28433
28436
28438
28439
28442
28444
28445
28448
28450
28452
28454
28456
28458
28460
28462
28464
28466
28468
28470
28472
28474
28476
28477
28480
28482
28484
28486
28488
28490
28492
28494
28496
28498
28500
28501
28503
28505
28507
28509
28511
28513
28515
28517
28519
28521
28523
28525
28527
28529
28531
28533
28535
28537
28539
28541
28543
28545
28547
28549
28550
28552
28554
28556
28558
28560
28562
28564
28566
28568
28570
28572
28574
28576
28578
28580
28582
28584
28586
28588
28590
28592
28594
28596
28598
28600
28602
28604
28606
28608
28610
28612
28614
28616
28618
28620
28622
28624
28626
28628
28630
28632
28634
28636
28638
28640
28642
28644
28646
28648
28650
28652
28654
28656
28658
28660
28662
28664
28666
28668
28670
28672
28674
28676
28678
28680
28682
28684
28686
28688
28690
28692
28694
28695
28698
28700
28701
28703
28705
28707
28709
28711
28713
28715
28717
28719
28721
28723
28725
28727
28729
28731
28733
28735
28737
28739
28741
28743
28745
28747
28749
28750
28752
28754
28756
28758
28760
28762
28764
28766
28768
28770
28772
28774
28776
28778
28780
28782
28784
28786
28788
28790
28792
28794
28796
28798
28800
28801
28803
28805
28807
28809
28811
28813
28815
28817
28819
28821
28823
28825
28827
28829
28831
28833
28835
28837
28839
28841
28843
28845
28847
28849
28850
28852
28854
28856
28858
28860
28862
28864
28866
28868
28870
28872
28874
28876
28878
28880
28882
28884
28886
28888
28890
28892
28894
28896
28898
28900
28901
28904
28906
28907
28910
28912
28913
28916
28918
28919
28922
28924
28926
28927
28930
28932
28933
28936
28938
28939
28942
28944
28945
28948
28950
28952
28954
28956
28958
28960
28962
28964
28966
28968
28970
28972
28974
28976
28977
28980
28982
28984
28986
28988
28990
28992
28994
28996
28998
29000
29003
29006
29009
29012
29016
29019
29022
29025
29029
29032
29035
29038
29041
29045
29048
29051
29054
29058
29061
29064
29067
29070
29074
29077
29080
29083
29087
29090
29093
29096
29100
29103
29106
29110
29113
29116
29120
29123
29126
29130
29133
29136
29140
29143
29146
29150
29153
29156
29160
29163
29166
29170
29173
29176
29180
29183
29186
29189
29193
29196
29200
29203
29206
29210
29213
29216
29220
29223
29226
29230
29233
29236
29240
29243
29246
29250
29253
29256
29260
29263
29266
29270
29273
29276
29280
29283
29286
29290
29293
29296
29300
29303
29306
29310
29313
29316
29320
29323
29326
29330
29333
29336
29340
29343
29346
29350
29353
29356
29360
29363
29366
29369
29373
29376
29380
29383
29386
29390
29393
29396
29400
29403
29406
29409
29412
29416
29419
29422
29425
29429
29432
29435
29438
29441
29445
29448
29451
29454
29458
29461
29464
29467
29470
29474
29477
29480
29483
29487
29490
29493
29496
29500
29503
29506
29510
29513
29516
29520
29523
29526
29530
29533
29536
29540
29543
29546
29550
29553
29556
29560
29563
29566
29570
29573
29576
29580
29583
29586
29590
29593
29596
29600
29603
29606
29610
29613
29616
29620
29623
29626
29630
29633
29636
29640
29643
29646
29650
29653
29656
29660
29663
29666
29670
29673
29676
29680
29683
29686
29689
29693
29696
29700
29703
29706
29710
29713
29716
29720
29723
29726
29730
29733
29736
29740
29743
29746
29750
29753
29756
29760
29763
29766
29770
29773
29776
29780
29783
29786
29790
29793
29796
29800
29803
29806
29809
29812
29816
29819
29822
29825
29829
29832
29835
29838
29841
29845
29848
29851
29854
29858
29861
29864
29867
29870
29874
29877
29880
29883
29887
29890
29893
29896
29900
29903
29906
29910
29913
29916
29919
29923
29926
29930
29933
29936
29939
29943
29946
29950
29953
29956
29960
29963
29966
29970
29973
29976
29980
29983
29986
29990
29993
29996
30000
