0.10 19335.43
0.20 19335.43
0.30 19335.43
0.40 19335.43
0.50 19335.43
0.60 19335.43
0.70 19335.43
0.80 19335.43
0.90 19335.43
1.00 19335.43
1.10 270.80
1.20 270.80
1.30 270.80
1.40 270.80
1.50 270.80
1.60 270.80
1.70 270.80
1.80 270.80
1.90 270.80
2.00 270.80
2.10 3995.78
2.20 3995.78
2.30 3995.78
2.40 3995.78
2.50 3995.78
2.60 3995.78
2.70 3995.78
2.80 3995.78
2.90 3995.78
3.00 3995.78
3.10 0.00
3.20 0.00
3.30 0.00
3.40 0.00
3.50 0.00
3.60 0.00
3.70 0.00
3.80 0.00
3.90 0.00
4.00 0.00
4.10 0.00
4.20 0.00
4.30 0.00
4.40 0.00
4.50 0.00
4.60 0.00
4.70 0.00
4.80 0.00
4.90 0.00
5.00 0.00
5.10 4239.14
5.20 4239.14
5.30 4239.14
5.40 4239.14
5.50 4239.14
5.60 4239.14
5.70 4239.14
5.80 4239.14
5.90 4239.14
6.00 4239.14
6.10 4371.84
6.20 4371.84
6.30 4371.84
6.40 4371.84
6.50 4371.84
6.60 4371.84
6.70 4371.84
6.80 4371.84
6.90 4371.84
7.00 4371.84
7.10 135.40
7.20 135.40
7.30 135.40
7.40 135.40
7.50 135.40
7.60 135.40
7.70 135.40
7.80 135.40
7.90 135.40
8.00 135.40
8.10 273.10
8.20 273.10
8.30 273.10
8.40 273.10
8.50 273.10
8.60 273.10
8.70 273.10
8.80 273.10
8.90 273.10
9.00 273.10
9.10 2442.53
9.20 2442.53
9.30 2442.53
9.40 2442.53
9.50 2442.53
9.60 2442.53
9.70 2442.53
9.80 2442.53
9.90 2442.53
10.00 2442.53
10.10 2193.26
10.20 2193.26
10.30 2193.26
10.40 2193.26
10.50 2193.26
10.60 2193.26
10.70 2193.26
10.80 2193.26
10.90 2193.26
11.00 2193.26
11.10 4900.15
11.20 4900.15
11.30 4900.15
11.40 4900.15
11.50 4900.15
11.60 4900.15
11.70 4900.15
11.80 4900.15
11.90 4900.15
12.00 4900.15
12.10 40330.35
12.20 40330.35
12.30 40330.35
12.40 40330.35
12.50 40330.35
12.60 40330.35
12.70 40330.35
12.80 40330.35
12.90 40330.35
13.00 40330.35
13.10 12033.80
13.20 12033.80
13.30 12033.80
13.40 12033.80
13.50 12033.80
13.60 12033.80
13.70 12033.80
13.80 12033.80
13.90 12033.80
14.00 12033.80
14.10 2686.83
14.20 2686.83
14.30 2686.83
14.40 2686.83
14.50 2686.83
14.60 2686.83
14.70 2686.83
14.80 2686.83
14.90 2686.83
15.00 2686.83
15.10 9523.35
15.20 9523.35
15.30 9523.35
15.40 9523.35
15.50 9523.35
15.60 9523.35
15.70 9523.35
15.80 9523.35
15.90 9523.35
16.00 9523.35
16.10 9303.32
16.20 9303.32
16.30 9303.32
16.40 9303.32
16.50 9303.32
16.60 9303.32
16.70 9303.32
16.80 9303.32
16.90 9303.32
17.00 9303.32
17.10 9969.64
17.20 9969.64
17.30 9969.64
17.40 9969.64
17.50 9969.64
17.60 9969.64
17.70 9969.64
17.80 9969.64
17.90 9969.64
18.00 9969.64
18.10 5191.75
18.20 5191.75
18.30 5191.75
18.40 5191.75
18.50 5191.75
18.60 5191.75
18.70 5191.75
18.80 5191.75
18.90 5191.75
19.00 5191.75
19.10 16894.80
19.20 16894.80
19.30 16894.80
19.40 16894.80
19.50 16894.80
19.60 16894.80
19.70 16894.80
19.80 16894.80
19.90 16894.80
20.00 16894.80
20.10 0.00
20.20 0.00
20.30 0.00
20.40 0.00
20.50 0.00
20.60 0.00
20.70 0.00
20.80 0.00
20.90 0.00
21.00 0.00
21.10 0.00
21.20 0.00
21.30 0.00
21.40 0.00
21.50 0.00
21.60 0.00
21.70 0.00
21.80 0.00
21.90 0.00
22.00 0.00
22.10 28979.48
22.20 28979.48
22.30 28979.48
22.40 28979.48
22.50 28979.48
22.60 28979.48
22.70 28979.48
22.80 28979.48
22.90 28979.48
23.00 28979.48
23.10 34912.44
23.20 34912.44
23.30 34912.44
23.40 34912.44
23.50 34912.44
23.60 34912.44
23.70 34912.44
23.80 34912.44
23.90 34912.44
24.00 34912.44
24.10 130410.65
24.20 130410.65
24.30 130410.65
24.40 130410.65
24.50 130410.65
24.60 130410.65
24.70 130410.65
24.80 130410.65
24.90 130410.65
25.00 130410.65
25.10 132004.81
25.20 132004.81
25.30 132004.81
25.40 132004.81
25.50 132004.81
25.60 132004.81
25.70 132004.81
25.80 132004.81
25.90 132004.81
26.00 132004.81
26.10 148228.39
26.20 148228.39
26.30 148228.39
26.40 148228.39
26.50 148228.39
26.60 148228.39
26.70 148228.39
26.80 148228.39
26.90 148228.39
27.00 148228.39
27.10 205455.37
27.20 205455.37
27.30 205455.37
27.40 205455.37
27.50 205455.37
27.60 205455.37
27.70 205455.37
27.80 205455.37
27.90 205455.37
28.00 205455.37
28.10 118603.13
28.20 118603.13
28.30 118603.13
28.40 118603.13
28.50 118603.13
28.60 118603.13
28.70 118603.13
28.80 118603.13
28.90 118603.13
29.00 118603.13
29.10 64657.31
29.20 64657.31
29.30 64657.31
29.40 64657.31
29.50 64657.31
29.60 64657.31
29.70 64657.31
29.80 64657.31
29.90 64657.31
30.00 64657.31
