390
600
810
1020
1220
1430
1530
1740
1950
2160
2370
2580
2680
2890
3120
3230
3460
3690
3800
4030
4130
4340
4440
4650
4860
4960
5240
5410
5580
5920
6090
6260
6600
6760
6990
7220
7560
7790
8010
8210
8410
8710
8910
9140
9360
9480
9710
9930
10160
10380
10490
10710
10920
11140
11370
11590
11710
11930
12160
12370
12590
12800
13120
13330
13560
13800
14030
14390
14640
14920
15190
15610
15880
15990
16100
16210
16320
16420
16530
16640
16750
16860
16910
16960
17160
17270
17370
17470
17670
17770
17870
17970
18070
18180
18290
18390
18500
18600
18710
18765
18820
18920
19030
19370
19720
20060
20400
20750
20860
20970
21080
21134
21190
21300
21410
21520
21575
21630
21740
21850
21960
22060
22170
22280
22390
22500
22600
22710
22820
23030
23130
23230
23340
23440
23540
23640
23740
23850
23950
24110
24270
24590
24910
25070
25380
25660
25770
25880
25990
26110
26330
26440
26560
26670
26870
26970
27180
27280
27480
27690
27790
28000
28210
28410
28620
28720
29050
29270
29480
29700
29920
