0.10 51302.40
0.20 51302.40
0.30 51302.40
0.40 51302.40
0.50 51302.40
0.60 51302.40
0.70 51302.40
0.80 51302.40
0.90 51302.40
1.00 51302.40
1.10 23449.60
1.20 23449.60
1.30 23449.60
1.40 23449.60
1.50 23449.60
1.60 23449.60
1.70 23449.60
1.80 23449.60
1.90 23449.60
2.00 23449.60
2.10 23449.60
2.20 23449.60
2.30 23449.60
2.40 23449.60
2.50 23449.60
2.60 23449.60
2.70 23449.60
2.80 23449.60
2.90 23449.60
3.00 23449.60
3.10 38912.00
3.20 38912.00
3.30 38912.00
3.40 38912.00
3.50 38912.00
3.60 38912.00
3.70 38912.00
3.80 38912.00
3.90 38912.00
4.00 38912.00
4.10 54886.40
4.20 54886.40
4.30 54886.40
4.40 54886.40
4.50 54886.40
4.60 54886.40
4.70 54886.40
4.80 54886.40
4.90 54886.40
5.00 54886.40
5.10 53350.40
5.20 53350.40
5.30 53350.40
5.40 53350.40
5.50 53350.40
5.60 53350.40
5.70 53350.40
5.80 53350.40
5.90 53350.40
6.00 53350.40
6.10 55193.60
6.20 55193.60
6.30 55193.60
6.40 55193.60
6.50 55193.60
6.60 55193.60
6.70 55193.60
6.80 55193.60
6.90 55193.60
7.00 55193.60
7.10 36966.40
7.20 36966.40
7.30 36966.40
7.40 36966.40
7.50 36966.40
7.60 36966.40
7.70 36966.40
7.80 36966.40
7.90 36966.40
8.00 36966.40
8.10 99737.60
8.20 99737.60
8.30 99737.60
8.40 99737.60
8.50 99737.60
8.60 99737.60
8.70 99737.60
8.80 99737.60
8.90 99737.60
9.00 99737.60
9.10 57958.40
9.20 57958.40
9.30 57958.40
9.40 57958.40
9.50 57958.40
9.60 57958.40
9.70 57958.40
9.80 57958.40
9.90 57958.40
10.00 57958.40
10.10 67379.20
10.20 67379.20
10.30 67379.20
10.40 67379.20
10.50 67379.20
10.60 67379.20
10.70 67379.20
10.80 67379.20
10.90 67379.20
11.00 67379.20
11.10 68812.80
11.20 68812.80
11.30 68812.80
11.40 68812.80
11.50 68812.80
11.60 68812.80
11.70 68812.80
11.80 68812.80
11.90 68812.80
12.00 68812.80
12.10 36761.60
12.20 36761.60
12.30 36761.60
12.40 36761.60
12.50 36761.60
12.60 36761.60
12.70 36761.60
12.80 36761.60
12.90 36761.60
13.00 36761.60
13.10 5632.00
13.20 5632.00
13.30 5632.00
13.40 5632.00
13.50 5632.00
13.60 5632.00
13.70 5632.00
13.80 5632.00
13.90 5632.00
14.00 5632.00
14.10 0.00
14.20 0.00
14.30 0.00
14.40 0.00
14.50 0.00
14.60 0.00
14.70 0.00
14.80 0.00
14.90 0.00
15.00 0.00
15.10 0.00
15.20 0.00
15.30 0.00
15.40 0.00
15.50 0.00
15.60 0.00
15.70 0.00
15.80 0.00
15.90 0.00
16.00 0.00
16.10 93900.80
16.20 93900.80
16.30 93900.80
16.40 93900.80
16.50 93900.80
16.60 93900.80
16.70 93900.80
16.80 93900.80
16.90 93900.80
17.00 93900.80
17.10 61747.20
17.20 61747.20
17.30 61747.20
17.40 61747.20
17.50 61747.20
17.60 61747.20
17.70 61747.20
17.80 61747.20
17.90 61747.20
18.00 61747.20
18.10 77516.80
18.20 77516.80
18.30 77516.80
18.40 77516.80
18.50 77516.80
18.60 77516.80
18.70 77516.80
18.80 77516.80
18.90 77516.80
19.00 77516.80
19.10 66560.00
19.20 66560.00
19.30 66560.00
19.40 66560.00
19.50 66560.00
19.60 66560.00
19.70 66560.00
19.80 66560.00
19.90 66560.00
20.00 66560.00
20.10 59187.20
20.20 59187.20
20.30 59187.20
20.40 59187.20
20.50 59187.20
20.60 59187.20
20.70 59187.20
20.80 59187.20
20.90 59187.20
21.00 59187.20
21.10 62976.00
21.20 62976.00
21.30 62976.00
21.40 62976.00
21.50 62976.00
21.60 62976.00
21.70 62976.00
21.80 62976.00
21.90 62976.00
22.00 62976.00
22.10 56832.00
22.20 56832.00
22.30 56832.00
22.40 56832.00
22.50 56832.00
22.60 56832.00
22.70 56832.00
22.80 56832.00
22.90 56832.00
23.00 56832.00
23.10 49459.20
23.20 49459.20
23.30 49459.20
23.40 49459.20
23.50 49459.20
23.60 49459.20
23.70 49459.20
23.80 49459.20
23.90 49459.20
24.00 49459.20
24.10 64307.20
24.20 64307.20
24.30 64307.20
24.40 64307.20
24.50 64307.20
24.60 64307.20
24.70 64307.20
24.80 64307.20
24.90 64307.20
25.00 64307.20
25.10 59494.40
25.20 59494.40
25.30 59494.40
25.40 59494.40
25.50 59494.40
25.60 59494.40
25.70 59494.40
25.80 59494.40
25.90 59494.40
26.00 59494.40
26.10 61542.40
26.20 61542.40
26.30 61542.40
26.40 61542.40
26.50 61542.40
26.60 61542.40
26.70 61542.40
26.80 61542.40
26.90 61542.40
27.00 61542.40
27.10 69120.00
27.20 69120.00
27.30 69120.00
27.40 69120.00
27.50 69120.00
27.60 69120.00
27.70 69120.00
27.80 69120.00
27.90 69120.00
28.00 69120.00
28.10 74752.00
28.20 74752.00
28.30 74752.00
28.40 74752.00
28.50 74752.00
28.60 74752.00
28.70 74752.00
28.80 74752.00
28.90 74752.00
29.00 74752.00
29.10 56627.20
29.20 56627.20
29.30 56627.20
29.40 56627.20
29.50 56627.20
29.60 56627.20
29.70 56627.20
29.80 56627.20
29.90 56627.20
30.00 56627.20
30.10 15769.60
30.20 15769.60
30.30 15769.60
30.40 15769.60
30.50 15769.60
30.60 15769.60
30.70 15769.60
30.80 15769.60
30.90 15769.60
31.00 15769.60
31.10 79052.80
31.20 79052.80
31.30 79052.80
31.40 79052.80
31.50 79052.80
31.60 79052.80
31.70 79052.80
31.80 79052.80
31.90 79052.80
32.00 79052.80
32.10 70348.80
32.20 70348.80
32.30 70348.80
32.40 70348.80
32.50 70348.80
32.60 70348.80
32.70 70348.80
32.80 70348.80
32.90 70348.80
33.00 70348.80
33.10 66252.80
33.20 66252.80
33.30 66252.80
33.40 66252.80
33.50 66252.80
33.60 66252.80
33.70 66252.80
33.80 66252.80
33.90 66252.80
34.00 66252.80
34.10 52838.40
34.20 52838.40
34.30 52838.40
34.40 52838.40
34.50 52838.40
34.60 52838.40
34.70 52838.40
34.80 52838.40
34.90 52838.40
35.00 52838.40
35.10 0.00
35.20 0.00
35.30 0.00
35.40 0.00
35.50 0.00
35.60 0.00
35.70 0.00
35.80 0.00
35.90 0.00
36.00 0.00
36.10 125440.00
36.20 125440.00
36.30 125440.00
36.40 125440.00
36.50 125440.00
36.60 125440.00
36.70 125440.00
36.80 125440.00
36.90 125440.00
37.00 125440.00
37.10 56729.60
37.20 56729.60
37.30 56729.60
37.40 56729.60
37.50 56729.60
37.60 56729.60
37.70 56729.60
37.80 56729.60
37.90 56729.60
38.00 56729.60
38.10 51404.80
38.20 51404.80
38.30 51404.80
38.40 51404.80
38.50 51404.80
38.60 51404.80
38.70 51404.80
38.80 51404.80
38.90 51404.80
39.00 51404.80
39.10 66252.80
39.20 66252.80
39.30 66252.80
39.40 66252.80
39.50 66252.80
39.60 66252.80
39.70 66252.80
39.80 66252.80
39.90 66252.80
40.00 66252.80
40.10 82636.80
40.20 82636.80
40.30 82636.80
40.40 82636.80
40.50 82636.80
40.60 82636.80
40.70 82636.80
40.80 82636.80
40.90 82636.80
41.00 82636.80
41.10 81408.00
41.20 81408.00
41.30 81408.00
41.40 81408.00
41.50 81408.00
41.60 81408.00
41.70 81408.00
41.80 81408.00
41.90 81408.00
42.00 81408.00
42.10 73625.60
42.20 73625.60
42.30 73625.60
42.40 73625.60
42.50 73625.60
42.60 73625.60
42.70 73625.60
42.80 73625.60
42.90 73625.60
43.00 73625.60
43.10 70348.80
43.20 70348.80
43.30 70348.80
43.40 70348.80
43.50 70348.80
43.60 70348.80
43.70 70348.80
43.80 70348.80
43.90 70348.80
44.00 70348.80
44.10 66662.40
44.20 66662.40
44.30 66662.40
44.40 66662.40
44.50 66662.40
44.60 66662.40
44.70 66662.40
44.80 66662.40
44.90 66662.40
45.00 66662.40
45.10 61952.00
45.20 61952.00
45.30 61952.00
45.40 61952.00
45.50 61952.00
45.60 61952.00
45.70 61952.00
45.80 61952.00
45.90 61952.00
46.00 61952.00
46.10 74752.00
46.20 74752.00
46.30 74752.00
46.40 74752.00
46.50 74752.00
46.60 74752.00
46.70 74752.00
46.80 74752.00
46.90 74752.00
47.00 74752.00
47.10 80998.40
47.20 80998.40
47.30 80998.40
47.40 80998.40
47.50 80998.40
47.60 80998.40
47.70 80998.40
47.80 80998.40
47.90 80998.40
48.00 80998.40
48.10 84070.40
48.20 84070.40
48.30 84070.40
48.40 84070.40
48.50 84070.40
48.60 84070.40
48.70 84070.40
48.80 84070.40
48.90 84070.40
49.00 84070.40
49.10 38809.60
49.20 38809.60
49.30 38809.60
49.40 38809.60
49.50 38809.60
49.60 38809.60
49.70 38809.60
49.80 38809.60
49.90 38809.60
50.00 38809.60
50.10 106393.60
50.20 106393.60
50.30 106393.60
50.40 106393.60
50.50 106393.60
50.60 106393.60
50.70 106393.60
50.80 106393.60
50.90 106393.60
51.00 106393.60
51.10 67174.40
51.20 67174.40
51.30 67174.40
51.40 67174.40
51.50 67174.40
51.60 67174.40
51.70 67174.40
51.80 67174.40
51.90 67174.40
52.00 67174.40
52.10 66969.60
52.20 66969.60
52.30 66969.60
52.40 66969.60
52.50 66969.60
52.60 66969.60
52.70 66969.60
52.80 66969.60
52.90 66969.60
53.00 66969.60
53.10 66048.00
53.20 66048.00
53.30 66048.00
53.40 66048.00
53.50 66048.00
53.60 66048.00
53.70 66048.00
53.80 66048.00
53.90 66048.00
54.00 66048.00
54.10 42188.80
54.20 42188.80
54.30 42188.80
54.40 42188.80
54.50 42188.80
54.60 42188.80
54.70 42188.80
54.80 42188.80
54.90 42188.80
55.00 42188.80
55.10 0.00
55.20 0.00
55.30 0.00
55.40 0.00
55.50 0.00
55.60 0.00
55.70 0.00
55.80 0.00
55.90 0.00
56.00 0.00
56.10 115404.80
56.20 115404.80
56.30 115404.80
56.40 115404.80
56.50 115404.80
56.60 115404.80
56.70 115404.80
56.80 115404.80
56.90 115404.80
57.00 115404.80
57.10 26419.20
57.20 26419.20
57.30 26419.20
57.40 26419.20
57.50 26419.20
57.60 26419.20
57.70 26419.20
57.80 26419.20
57.90 26419.20
58.00 26419.20
58.10 55193.60
58.20 55193.60
58.30 55193.60
58.40 55193.60
58.50 55193.60
58.60 55193.60
58.70 55193.60
58.80 55193.60
58.90 55193.60
59.00 55193.60
59.10 42393.60
59.20 42393.60
59.30 42393.60
59.40 42393.60
59.50 42393.60
59.60 42393.60
59.70 42393.60
59.80 42393.60
59.90 42393.60
60.00 42393.60
