0.10 72704.00
0.20 72704.00
0.30 72704.00
0.40 72704.00
0.50 72704.00
0.60 72704.00
0.70 72704.00
0.80 72704.00
0.90 72704.00
1.00 72704.00
1.10 69734.40
1.20 69734.40
1.30 69734.40
1.40 69734.40
1.50 69734.40
1.60 69734.40
1.70 69734.40
1.80 69734.40
1.90 69734.40
2.00 69734.40
2.10 56115.20
2.20 56115.20
2.30 56115.20
2.40 56115.20
2.50 56115.20
2.60 56115.20
2.70 56115.20
2.80 56115.20
2.90 56115.20
3.00 56115.20
3.10 89497.60
3.20 89497.60
3.30 89497.60
3.40 89497.60
3.50 89497.60
3.60 89497.60
3.70 89497.60
3.80 89497.60
3.90 89497.60
4.00 89497.60
4.10 72806.40
4.20 72806.40
4.30 72806.40
4.40 72806.40
4.50 72806.40
4.60 72806.40
4.70 72806.40
4.80 72806.40
4.90 72806.40
5.00 72806.40
5.10 72089.60
5.20 72089.60
5.30 72089.60
5.40 72089.60
5.50 72089.60
5.60 72089.60
5.70 72089.60
5.80 72089.60
5.90 72089.60
6.00 72089.60
6.10 71987.20
6.20 71987.20
6.30 71987.20
6.40 71987.20
6.50 71987.20
6.60 71987.20
6.70 71987.20
6.80 71987.20
6.90 71987.20
7.00 71987.20
7.10 72908.80
7.20 72908.80
7.30 72908.80
7.40 72908.80
7.50 72908.80
7.60 72908.80
7.70 72908.80
7.80 72908.80
7.90 72908.80
8.00 72908.80
8.10 74035.20
8.20 74035.20
8.30 74035.20
8.40 74035.20
8.50 74035.20
8.60 74035.20
8.70 74035.20
8.80 74035.20
8.90 74035.20
9.00 74035.20
9.10 18534.40
9.20 18534.40
9.30 18534.40
9.40 18534.40
9.50 18534.40
9.60 18534.40
9.70 18534.40
9.80 18534.40
9.90 18534.40
10.00 18534.40
10.10 125542.40
10.20 125542.40
10.30 125542.40
10.40 125542.40
10.50 125542.40
10.60 125542.40
10.70 125542.40
10.80 125542.40
10.90 125542.40
11.00 125542.40
11.10 72908.80
11.20 72908.80
11.30 72908.80
11.40 72908.80
11.50 72908.80
11.60 72908.80
11.70 72908.80
11.80 72908.80
11.90 72908.80
12.00 72908.80
12.10 71168.00
12.20 71168.00
12.30 71168.00
12.40 71168.00
12.50 71168.00
12.60 71168.00
12.70 71168.00
12.80 71168.00
12.90 71168.00
13.00 71168.00
13.10 73216.00
13.20 73216.00
13.30 73216.00
13.40 73216.00
13.50 73216.00
13.60 73216.00
13.70 73216.00
13.80 73216.00
13.90 73216.00
14.00 73216.00
14.10 74035.20
14.20 74035.20
14.30 74035.20
14.40 74035.20
14.50 74035.20
14.60 74035.20
14.70 74035.20
14.80 74035.20
14.90 74035.20
15.00 74035.20
15.10 74342.40
15.20 74342.40
15.30 74342.40
15.40 74342.40
15.50 74342.40
15.60 74342.40
15.70 74342.40
15.80 74342.40
15.90 74342.40
16.00 74342.40
16.10 74035.20
16.20 74035.20
16.30 74035.20
16.40 74035.20
16.50 74035.20
16.60 74035.20
16.70 74035.20
16.80 74035.20
16.90 74035.20
17.00 74035.20
17.10 74342.40
17.20 74342.40
17.30 74342.40
17.40 74342.40
17.50 74342.40
17.60 74342.40
17.70 74342.40
17.80 74342.40
17.90 74342.40
18.00 74342.40
18.10 72806.40
18.20 72806.40
18.30 72806.40
18.40 72806.40
18.50 72806.40
18.60 72806.40
18.70 72806.40
18.80 72806.40
18.90 72806.40
19.00 72806.40
19.10 69734.40
19.20 69734.40
19.30 69734.40
19.40 69734.40
19.50 69734.40
19.60 69734.40
19.70 69734.40
19.80 69734.40
19.90 69734.40
20.00 69734.40
20.10 73113.60
20.20 73113.60
20.30 73113.60
20.40 73113.60
20.50 73113.60
20.60 73113.60
20.70 73113.60
20.80 73113.60
20.90 73113.60
21.00 73113.60
21.10 71987.20
21.20 71987.20
21.30 71987.20
21.40 71987.20
21.50 71987.20
21.60 71987.20
21.70 71987.20
21.80 71987.20
21.90 71987.20
22.00 71987.20
22.10 71884.80
22.20 71884.80
22.30 71884.80
22.40 71884.80
22.50 71884.80
22.60 71884.80
22.70 71884.80
22.80 71884.80
22.90 71884.80
23.00 71884.80
23.10 72396.80
23.20 72396.80
23.30 72396.80
23.40 72396.80
23.50 72396.80
23.60 72396.80
23.70 72396.80
23.80 72396.80
23.90 72396.80
24.00 72396.80
24.10 71065.60
24.20 71065.60
24.30 71065.60
24.40 71065.60
24.50 71065.60
24.60 71065.60
24.70 71065.60
24.80 71065.60
24.90 71065.60
25.00 71065.60
25.10 67686.40
25.20 67686.40
25.30 67686.40
25.40 67686.40
25.50 67686.40
25.60 67686.40
25.70 67686.40
25.80 67686.40
25.90 67686.40
26.00 67686.40
26.10 69939.20
26.20 69939.20
26.30 69939.20
26.40 69939.20
26.50 69939.20
26.60 69939.20
26.70 69939.20
26.80 69939.20
26.90 69939.20
27.00 69939.20
27.10 69222.40
27.20 69222.40
27.30 69222.40
27.40 69222.40
27.50 69222.40
27.60 69222.40
27.70 69222.40
27.80 69222.40
27.90 69222.40
28.00 69222.40
28.10 71987.20
28.20 71987.20
28.30 71987.20
28.40 71987.20
28.50 71987.20
28.60 71987.20
28.70 71987.20
28.80 71987.20
28.90 71987.20
29.00 71987.20
29.10 73625.60
29.20 73625.60
29.30 73625.60
29.40 73625.60
29.50 73625.60
29.60 73625.60
29.70 73625.60
29.80 73625.60
29.90 73625.60
30.00 73625.60
