0.15 62460.0
0.26 66624.0
0.37 111040.0
0.48 141576.0
0.59 95772.0
0.69 59684.0
0.80 74952.0
0.90 113816.0
1.01 151292.0
1.12 83280.0
1.23 136024.0
1.34 92996.0
1.44 119368.0
1.55 73564.0
1.65 68012.0
1.76 61072.0
1.87 109652.0
1.98 83280.0
2.09 99936.0
2.19 56908.0
2.30 65236.0
2.40 54132.0
2.51 115204.0
2.62 58296.0
2.73 79116.0
2.84 102712.0
2.94 56908.0
3.05 66624.0
3.15 55520.0
3.26 59684.0
3.37 61072.0
3.48 66624.0
3.59 58296.0
3.69 63848.0
3.80 68012.0
3.90 66624.0
4.01 72176.0
4.13 59684.0
4.24 63848.0
4.35 65236.0
4.45 70788.0
4.56 40252.0
4.66 48580.0
4.77 68012.0
4.89 54132.0
5.00 77728.0
5.11 77728.0
5.21 62460.0
5.32 70788.0
5.42 66624.0
5.53 59684.0
5.63 54132.0
5.74 70788.0
5.85 59684.0
5.95 48580.0
6.06 58296.0
6.16 70788.0
6.27 68012.0
6.37 58296.0
6.48 65236.0
6.59 115204.0
6.69 74952.0
6.80 94384.0
6.91 84668.0
7.03 113816.0
7.13 147128.0
7.24 124920.0
7.35 145740.0
7.45 130472.0
7.56 137412.0
7.66 129084.0
7.77 151292.0
7.88 130472.0
7.99 130472.0
8.10 141576.0
8.20 122144.0
8.32 137412.0
8.42 137412.0
8.53 130472.0
8.63 119368.0
8.74 131860.0
8.85 133248.0
8.95 142964.0
9.06 140188.0
9.16 138800.0
9.27 136024.0
9.37 140188.0
9.48 129084.0
9.59 137412.0
9.69 144352.0
9.80 117980.0
9.90 117980.0
10.01 138800.0
10.12 138800.0
10.23 130472.0
10.34 119368.0
10.44 126308.0
10.55 134636.0
10.65 98548.0
10.76 137412.0
10.87 124920.0
10.98 134636.0
11.09 119368.0
11.19 129084.0
11.30 117980.0
11.40 126308.0
11.51 155456.0
11.62 147128.0
11.73 148516.0
11.84 154068.0
11.94 120756.0
12.05 138800.0
12.15 111040.0
12.26 141576.0
12.37 127696.0
12.48 127696.0
12.59 156844.0
12.69 134636.0
12.80 144352.0
12.90 108264.0
13.01 133248.0
13.12 148516.0
13.23 129084.0
13.34 131860.0
13.44 122144.0
13.55 145740.0
13.65 113816.0
13.76 115204.0
13.87 141576.0
13.98 117980.0
14.09 151292.0
14.19 123532.0
14.30 140188.0
14.40 122144.0
14.51 142964.0
14.62 109652.0
14.73 130472.0
14.84 98548.0
14.94 140188.0
15.05 130472.0
15.15 115204.0
15.26 140188.0
15.38 138800.0
15.49 145740.0
15.60 134636.0
15.70 136024.0
15.81 129084.0
15.91 123532.0
16.02 97160.0
16.12 116592.0
16.24 117980.0
16.35 145740.0
16.45 127696.0
16.56 122144.0
16.66 123532.0
16.77 122144.0
16.87 129084.0
16.99 123532.0
17.10 137412.0
17.20 120756.0
17.31 126308.0
17.41 127696.0
17.52 134636.0
17.62 123532.0
17.74 130472.0
17.85 126308.0
17.95 113816.0
18.06 127696.0
18.16 117980.0
18.27 127696.0
18.37 115204.0
18.48 113816.0
18.59 126308.0
18.69 127696.0
18.80 119368.0
18.91 116592.0
19.02 117980.0
19.12 98548.0
19.23 144352.0
19.34 122144.0
19.44 122144.0
19.55 141576.0
19.65 116592.0
19.76 134636.0
19.87 131860.0
19.98 137412.0
20.09 136024.0
20.19 123532.0
20.30 136024.0
20.40 117980.0
20.51 126308.0
20.62 134636.0
20.73 140188.0
20.84 140188.0
20.94 129084.0
21.05 124920.0
21.15 112428.0
21.26 113816.0
21.37 149904.0
21.48 119368.0
21.59 129084.0
21.69 129084.0
21.80 111040.0
21.91 134636.0
22.02 130472.0
22.12 108264.0
22.23 133248.0
22.34 136024.0
22.44 106876.0
22.55 127696.0
22.65 115204.0
22.76 137412.0
22.87 129084.0
22.98 144352.0
23.09 124920.0
23.19 109652.0
23.30 137412.0
23.40 129084.0
23.51 137412.0
23.63 142964.0
23.74 134636.0
23.85 141576.0
23.95 130472.0
24.06 140188.0
24.16 120756.0
24.27 147128.0
24.37 104100.0
24.48 148516.0
24.59 134636.0
24.69 134636.0
24.80 141576.0
24.90 123532.0
25.01 124920.0
25.12 142964.0
25.23 126308.0
25.34 147128.0
25.44 120756.0
25.55 105488.0
25.65 116592.0
25.76 142964.0
25.87 141576.0
25.98 134636.0
26.09 130472.0
26.19 145740.0
26.30 142964.0
26.40 140188.0
26.51 138800.0
26.62 148516.0
26.73 136024.0
26.85 133248.0
26.95 124920.0
27.06 165172.0
27.16 140188.0
27.27 131860.0
27.37 120756.0
27.48 126308.0
27.59 147128.0
27.69 133248.0
27.81 158232.0
27.91 133248.0
28.03 147128.0
28.13 123532.0
28.24 115204.0
28.35 149904.0
28.45 120756.0
28.56 151292.0
28.66 123532.0
28.78 134636.0
28.88 120756.0
28.99 124920.0
29.10 130472.0
29.20 127696.0
29.31 142964.0
29.41 144352.0
29.52 140188.0
29.62 134636.0
29.73 131860.0
29.84 141576.0
29.94 133248.0
30.05 123532.0
30.15 134636.0
30.26 145740.0
30.37 140188.0
30.48 144352.0
30.59 145740.0
30.69 113816.0
30.80 144352.0
30.90 102712.0
31.01 144352.0
31.12 149904.0
31.23 152680.0
31.34 119368.0
31.44 149904.0
31.56 149904.0
31.66 111040.0
31.77 147128.0
31.87 124920.0
31.98 140188.0
32.09 142964.0
32.19 137412.0
32.30 113816.0
32.41 117980.0
32.52 144352.0
32.62 119368.0
32.74 158232.0
32.85 144352.0
32.96 129084.0
33.07 134636.0
33.17 145740.0
33.28 134636.0
33.38 126308.0
33.49 122144.0
33.60 127696.0
33.70 144352.0
33.81 131860.0
33.91 122144.0
34.02 131860.0
34.12 129084.0
34.23 144352.0
34.34 138800.0
34.44 123532.0
34.55 123532.0
34.65 122144.0
34.76 129084.0
34.87 137412.0
34.98 140188.0
35.09 142964.0
35.19 124920.0
35.30 167948.0
35.40 115204.0
35.51 134636.0
35.62 142964.0
35.73 145740.0
35.84 137412.0
35.94 138800.0
36.05 141576.0
36.16 117980.0
36.28 152680.0
36.38 133248.0
36.49 138800.0
36.60 142964.0
36.71 138800.0
36.82 147128.0
36.92 120756.0
37.03 134636.0
37.13 136024.0
37.24 130472.0
37.35 148516.0
37.45 123532.0
37.56 131860.0
37.66 131860.0
37.77 149904.0
37.87 102712.0
37.98 138800.0
38.09 141576.0
38.19 123532.0
38.30 137412.0
38.40 129084.0
38.51 151292.0
38.62 154068.0
38.73 131860.0
38.84 112428.0
38.94 137412.0
39.05 137412.0
39.15 130472.0
39.26 154068.0
39.37 156844.0
39.48 152680.0
39.59 151292.0
39.69 124920.0
39.80 141576.0
39.90 123532.0
40.01 130472.0
40.12 130472.0
40.23 155456.0
40.34 141576.0
40.44 127696.0
40.55 131860.0
40.65 134636.0
40.76 129084.0
40.87 109652.0
40.98 120756.0
41.09 151292.0
41.19 127696.0
41.30 127696.0
41.40 111040.0
41.51 152680.0
41.62 131860.0
41.73 127696.0
41.84 131860.0
41.94 140188.0
42.05 142964.0
42.15 122144.0
42.26 145740.0
42.37 144352.0
42.49 140188.0
42.60 136024.0
42.70 142964.0
42.81 149904.0
42.91 140188.0
43.02 109652.0
43.12 111040.0
43.23 152680.0
43.34 130472.0
43.45 124920.0
43.56 137412.0
43.66 133248.0
43.77 137412.0
43.87 133248.0
43.99 120756.0
44.10 130472.0
44.20 113816.0
44.31 154068.0
44.41 133248.0
44.52 151292.0
44.62 130472.0
44.73 115204.0
44.84 147128.0
44.94 137412.0
45.05 126308.0
45.15 115204.0
45.26 126308.0
45.37 142964.0
45.48 152680.0
45.59 148516.0
45.69 134636.0
45.80 127696.0
45.90 123532.0
46.01 133248.0
46.12 124920.0
46.23 145740.0
46.34 123532.0
46.44 119368.0
46.55 134636.0
46.65 144352.0
46.76 130472.0
46.87 131860.0
46.98 149904.0
47.09 120756.0
47.19 126308.0
47.30 155456.0
47.40 117980.0
47.51 133248.0
47.62 134636.0
47.73 137412.0
47.84 144352.0
47.94 126308.0
48.05 124920.0
48.15 119368.0
48.26 149904.0
48.37 144352.0
48.48 116592.0
48.59 133248.0
48.69 141576.0
48.80 144352.0
48.91 138800.0
49.02 147128.0
49.12 122144.0
49.23 120756.0
49.34 126308.0
49.44 127696.0
49.55 149904.0
49.65 133248.0
49.76 109652.0
49.87 138800.0
49.98 144352.0
50.09 116592.0
50.20 120756.0
50.31 142964.0
50.41 147128.0
50.52 136024.0
50.62 131860.0
50.73 140188.0
50.85 154068.0
50.95 126308.0
51.06 130472.0
51.16 124920.0
51.27 116592.0
51.37 124920.0
51.48 142964.0
51.59 117980.0
51.69 126308.0
51.80 126308.0
51.90 133248.0
52.01 145740.0
52.12 145740.0
52.24 140188.0
52.35 154068.0
52.45 115204.0
52.57 137412.0
52.67 147128.0
52.78 142964.0
52.88 136024.0
52.99 141576.0
53.10 154068.0
53.20 134636.0
53.31 152680.0
53.42 123532.0
53.53 149904.0
53.63 142964.0
53.74 131860.0
53.85 113816.0
53.95 120756.0
54.06 120756.0
54.16 106876.0
54.27 133248.0
54.37 115204.0
54.48 161008.0
54.60 145740.0
54.70 115204.0
54.81 138800.0
54.91 133248.0
55.02 158232.0
55.12 105488.0
55.23 136024.0
55.34 104100.0
55.44 148516.0
55.55 158232.0
55.65 112428.0
55.77 144352.0
55.87 117980.0
55.98 149904.0
56.09 138800.0
56.20 124920.0
56.31 152680.0
56.41 115204.0
56.52 98548.0
56.62 141576.0
56.73 117980.0
56.84 149904.0
56.94 131860.0
57.05 137412.0
57.16 113816.0
57.27 117980.0
57.37 113816.0
57.48 130472.0
57.59 116592.0
57.69 122144.0
57.80 123532.0
57.90 111040.0
58.01 148516.0
58.12 140188.0
58.24 102712.0
58.35 134636.0
58.45 141576.0
58.56 136024.0
58.66 122144.0
58.77 148516.0
58.87 126308.0
58.98 149904.0
59.09 140188.0
59.19 126308.0
59.30 138800.0
59.40 152680.0
59.51 120756.0
59.62 130472.0
59.73 136024.0
59.84 117980.0
59.94 127696.0
60.05 124920.0
60.16 124920.0
60.27 161008.0
60.37 136024.0
60.48 123532.0
60.60 130472.0
60.70 141576.0
60.81 144352.0
60.91 129084.0
61.02 123532.0
61.12 98548.0
61.23 144352.0
61.34 137412.0
61.44 134636.0
61.55 126308.0
61.65 131860.0
61.76 124920.0
61.87 147128.0
61.98 106876.0
62.09 149904.0
62.19 119368.0
62.30 123532.0
62.40 108264.0
62.51 129084.0
62.62 142964.0
62.73 133248.0
62.84 142964.0
62.94 131860.0
63.05 119368.0
63.15 134636.0
63.26 126308.0
63.37 134636.0
63.48 131860.0
63.59 155456.0
63.69 131860.0
63.80 144352.0
63.90 129084.0
64.01 109652.0
64.12 149904.0
64.23 144352.0
64.34 127696.0
64.44 117980.0
64.55 141576.0
64.65 133248.0
64.76 131860.0
64.87 133248.0
64.99 134636.0
65.10 138800.0
65.20 126308.0
65.31 136024.0
65.41 123532.0
65.52 130472.0
65.62 127696.0
65.73 156844.0
65.84 145740.0
65.94 129084.0
66.05 156844.0
66.15 129084.0
66.26 122144.0
66.37 163784.0
66.48 156844.0
66.60 137412.0
66.70 116592.0
66.81 152680.0
66.91 124920.0
67.02 144352.0
67.12 104100.0
67.23 119368.0
67.34 147128.0
67.44 112428.0
67.55 104100.0
67.65 134636.0
67.76 142964.0
67.87 148516.0
67.98 140188.0
68.09 133248.0
68.19 136024.0
68.30 154068.0
68.41 124920.0
68.52 115204.0
68.62 109652.0
68.73 148516.0
68.84 155456.0
68.94 136024.0
69.05 138800.0
69.15 88832.0
69.26 148516.0
69.37 156844.0
69.48 134636.0
69.59 130472.0
69.69 130472.0
69.81 127696.0
69.91 155456.0
70.02 147128.0
70.12 129084.0
70.23 147128.0
70.34 140188.0
70.44 131860.0
70.55 136024.0
70.65 155456.0
70.76 123532.0
70.87 167948.0
70.98 134636.0
71.09 131860.0
71.19 123532.0
71.30 133248.0
71.40 133248.0
71.51 149904.0
71.62 145740.0
71.73 130472.0
71.84 131860.0
71.94 127696.0
72.05 119368.0
72.15 109652.0
72.26 140188.0
72.38 127696.0
72.49 144352.0
72.60 142964.0
72.71 130472.0
72.83 148516.0
72.93 126308.0
73.04 140188.0
73.14 124920.0
73.25 136024.0
73.36 156844.0
73.46 126308.0
73.58 140188.0
73.69 137412.0
73.80 141576.0
73.90 129084.0
74.01 112428.0
74.12 151292.0
74.23 130472.0
74.34 140188.0
74.44 123532.0
74.55 141576.0
74.65 130472.0
74.76 156844.0
74.87 151292.0
74.98 133248.0
75.09 144352.0
75.19 108264.0
75.30 167948.0
75.40 141576.0
75.51 144352.0
75.63 133248.0
75.74 159620.0
75.85 147128.0
75.95 120756.0
76.06 148516.0
76.16 127696.0
76.27 147128.0
76.37 140188.0
76.48 129084.0
76.59 145740.0
76.69 119368.0
76.80 113816.0
76.90 142964.0
77.01 138800.0
77.12 134636.0
77.23 129084.0
77.35 129084.0
77.45 133248.0
77.56 152680.0
77.66 140188.0
77.77 112428.0
77.87 133248.0
77.98 134636.0
78.09 137412.0
78.19 131860.0
78.30 156844.0
78.40 131860.0
78.51 136024.0
78.62 152680.0
78.73 126308.0
78.84 142964.0
78.95 119368.0
79.06 147128.0
79.16 136024.0
79.27 149904.0
79.37 138800.0
79.48 117980.0
79.59 163784.0
79.69 102712.0
79.80 127696.0
79.90 123532.0
80.01 126308.0
80.12 155456.0
80.23 124920.0
80.35 156844.0
80.45 140188.0
80.56 129084.0
80.66 129084.0
80.77 145740.0
80.87 140188.0
80.98 149904.0
81.09 124920.0
81.19 138800.0
81.30 130472.0
81.40 111040.0
81.51 152680.0
81.62 142964.0
81.74 149904.0
81.85 155456.0
81.95 137412.0
82.06 147128.0
82.16 129084.0
82.28 126308.0
82.38 112428.0
82.49 141576.0
82.60 140188.0
82.70 129084.0
82.81 142964.0
82.91 138800.0
83.02 149904.0
83.12 126308.0
83.23 136024.0
83.34 158232.0
83.44 147128.0
83.55 147128.0
83.65 124920.0
83.77 152680.0
83.87 124920.0
83.98 147128.0
84.09 145740.0
84.19 138800.0
84.30 136024.0
84.40 144352.0
84.51 156844.0
84.62 137412.0
84.73 148516.0
84.84 141576.0
84.94 126308.0
85.05 133248.0
85.15 136024.0
85.26 131860.0
85.37 155456.0
85.48 156844.0
85.59 136024.0
85.69 126308.0
85.80 148516.0
85.90 134636.0
86.01 134636.0
86.12 147128.0
86.23 151292.0
86.35 141576.0
86.45 140188.0
86.57 140188.0
86.67 126308.0
86.78 154068.0
86.88 124920.0
86.99 144352.0
87.10 140188.0
87.20 123532.0
87.31 134636.0
87.41 119368.0
87.53 148516.0
87.63 138800.0
87.75 144352.0
87.86 142964.0
87.96 124920.0
88.07 148516.0
88.17 113816.0
88.28 140188.0
88.38 120756.0
88.49 129084.0
88.60 126308.0
88.70 133248.0
88.81 141576.0
88.91 123532.0
89.02 133248.0
89.12 134636.0
89.23 144352.0
89.34 136024.0
89.44 130472.0
89.55 142964.0
89.65 144352.0
89.76 161008.0
89.87 141576.0
89.98 151292.0
90.09 130472.0
90.19 120756.0
90.30 173500.0
90.40 133248.0
90.51 137412.0
90.62 162396.0
90.73 138800.0
90.84 130472.0
90.94 140188.0
91.05 140188.0
91.15 124920.0
91.26 145740.0
91.37 154068.0
91.48 119368.0
91.59 142964.0
91.69 131860.0
91.80 138800.0
91.90 134636.0
92.01 137412.0
92.12 147128.0
92.23 133248.0
92.34 163784.0
92.44 117980.0
92.55 136024.0
92.65 126308.0
92.76 147128.0
92.87 149904.0
92.98 137412.0
93.09 145740.0
93.19 106876.0
93.30 140188.0
93.40 137412.0
93.51 152680.0
93.62 155456.0
93.73 130472.0
93.84 156844.0
93.94 144352.0
94.06 142964.0
94.17 141576.0
94.28 154068.0
94.38 133248.0
94.49 154068.0
94.60 159620.0
94.70 115204.0
94.81 154068.0
94.91 126308.0
95.02 152680.0
95.12 141576.0
95.23 145740.0
95.34 116592.0
95.44 119368.0
95.55 123532.0
95.65 133248.0
95.76 142964.0
95.87 131860.0
95.98 142964.0
96.09 151292.0
96.19 124920.0
96.30 159620.0
96.40 142964.0
96.51 138800.0
96.63 137412.0
96.74 142964.0
96.85 134636.0
96.95 147128.0
97.06 151292.0
97.16 141576.0
97.27 117980.0
97.37 127696.0
97.48 131860.0
97.59 142964.0
97.69 134636.0
97.80 149904.0
97.90 130472.0
98.02 140188.0
98.13 131860.0
98.24 165172.0
98.35 148516.0
98.45 120756.0
98.56 165172.0
98.66 133248.0
98.77 158232.0
98.87 144352.0
98.99 148516.0
99.10 167948.0
99.20 116592.0
99.31 149904.0
99.41 124920.0
99.52 140188.0
99.62 145740.0
99.73 140188.0
99.84 165172.0
99.94 129084.0
100.06 149904.0
100.17 148516.0
100.28 167948.0
100.38 134636.0
100.49 145740.0
100.60 131860.0
100.70 129084.0
100.81 124920.0
100.91 136024.0
101.03 138800.0
101.13 149904.0
101.24 140188.0
101.35 174888.0
101.45 140188.0
101.56 144352.0
101.66 136024.0
101.77 129084.0
101.87 148516.0
101.98 148516.0
102.09 140188.0
102.19 133248.0
102.30 136024.0
102.40 140188.0
102.51 152680.0
102.62 136024.0
102.73 140188.0
102.84 136024.0
102.94 142964.0
103.05 159620.0
103.15 111040.0
103.26 136024.0
103.37 131860.0
103.48 152680.0
103.59 147128.0
103.69 137412.0
103.80 126308.0
103.90 131860.0
104.01 142964.0
104.12 148516.0
104.23 152680.0
104.34 123532.0
104.44 145740.0
104.55 147128.0
104.65 138800.0
104.76 137412.0
104.88 161008.0
104.99 159620.0
105.10 149904.0
105.20 120756.0
105.31 120756.0
105.41 161008.0
105.52 154068.0
105.62 120756.0
105.73 151292.0
105.84 155456.0
105.94 145740.0
106.05 149904.0
106.15 129084.0
106.26 166560.0
106.37 155456.0
106.48 126308.0
106.59 126308.0
106.69 134636.0
106.80 154068.0
106.90 151292.0
107.01 133248.0
107.12 161008.0
107.23 147128.0
107.34 137412.0
107.44 134636.0
107.55 122144.0
107.65 136024.0
107.76 119368.0
107.87 159620.0
107.98 152680.0
108.09 149904.0
108.19 112428.0
108.30 156844.0
108.40 130472.0
108.51 163784.0
108.62 140188.0
108.73 149904.0
108.84 151292.0
108.94 104100.0
109.05 147128.0
109.15 145740.0
109.26 136024.0
109.37 147128.0
109.48 133248.0
109.59 151292.0
109.69 140188.0
109.80 147128.0
109.90 137412.0
110.01 165172.0
110.12 154068.0
110.23 133248.0
110.34 127696.0
110.44 112428.0
110.55 105488.0
110.65 137412.0
110.76 126308.0
110.87 161008.0
110.98 148516.0
111.09 152680.0
111.19 123532.0
111.30 152680.0
111.40 138800.0
111.52 124920.0
111.62 152680.0
111.73 147128.0
111.84 151292.0
111.95 149904.0
112.06 138800.0
112.16 127696.0
112.27 144352.0
112.37 130472.0
112.49 161008.0
112.60 154068.0
112.70 138800.0
112.81 156844.0
112.91 138800.0
113.02 127696.0
113.12 142964.0
113.24 148516.0
113.35 137412.0
113.45 141576.0
113.56 154068.0
113.66 136024.0
113.77 145740.0
113.87 112428.0
113.98 130472.0
114.09 142964.0
114.19 102712.0
114.30 145740.0
114.40 116592.0
114.51 155456.0
114.62 140188.0
114.73 149904.0
114.84 130472.0
114.94 134636.0
115.05 145740.0
115.15 131860.0
115.26 144352.0
115.37 149904.0
115.48 151292.0
115.59 142964.0
115.69 142964.0
115.80 166560.0
115.90 137412.0
116.01 133248.0
116.12 126308.0
116.23 149904.0
116.34 124920.0
116.44 79116.0
116.55 86056.0
116.65 81892.0
116.76 141576.0
116.87 145740.0
116.98 141576.0
117.09 162396.0
117.19 120756.0
117.31 159620.0
117.41 144352.0
117.52 151292.0
117.63 140188.0
117.75 158232.0
117.86 142964.0
117.96 126308.0
118.07 151292.0
118.17 123532.0
118.28 144352.0
118.38 140188.0
118.49 126308.0
118.61 129084.0
118.71 140188.0
118.82 144352.0
118.92 105488.0
119.03 123532.0
119.13 129084.0
119.24 98548.0
119.35 169336.0
119.45 124920.0
119.56 134636.0
119.66 138800.0
119.77 156844.0
119.87 124920.0
119.98 149904.0
