0.10 76185.60
0.20 76185.60
0.30 76185.60
0.40 76185.60
0.50 76185.60
0.60 76185.60
0.70 76185.60
0.80 76185.60
0.90 76185.60
1.00 76185.60
1.10 25907.20
1.20 25907.20
1.30 25907.20
1.40 25907.20
1.50 25907.20
1.60 25907.20
1.70 25907.20
1.80 25907.20
1.90 25907.20
2.00 25907.20
2.10 87654.40
2.20 87654.40
2.30 87654.40
2.40 87654.40
2.50 87654.40
2.60 87654.40
2.70 87654.40
2.80 87654.40
2.90 87654.40
3.00 87654.40
3.10 42803.20
3.20 42803.20
3.30 42803.20
3.40 42803.20
3.50 42803.20
3.60 42803.20
3.70 42803.20
3.80 42803.20
3.90 42803.20
4.00 42803.20
4.10 64204.80
4.20 64204.80
4.30 64204.80
4.40 64204.80
4.50 64204.80
4.60 64204.80
4.70 64204.80
4.80 64204.80
4.90 64204.80
5.00 64204.80
5.10 69734.40
5.20 69734.40
5.30 69734.40
5.40 69734.40
5.50 69734.40
5.60 69734.40
5.70 69734.40
5.80 69734.40
5.90 69734.40
6.00 69734.40
6.10 65638.40
6.20 65638.40
6.30 65638.40
6.40 65638.40
6.50 65638.40
6.60 65638.40
6.70 65638.40
6.80 65638.40
6.90 65638.40
7.00 65638.40
7.10 57548.80
7.20 57548.80
7.30 57548.80
7.40 57548.80
7.50 57548.80
7.60 57548.80
7.70 57548.80
7.80 57548.80
7.90 57548.80
8.00 57548.80
8.10 61849.60
8.20 61849.60
8.30 61849.60
8.40 61849.60
8.50 61849.60
8.60 61849.60
8.70 61849.60
8.80 61849.60
8.90 61849.60
9.00 61849.60
9.10 67788.80
9.20 67788.80
9.30 67788.80
9.40 67788.80
9.50 67788.80
9.60 67788.80
9.70 67788.80
9.80 67788.80
9.90 67788.80
10.00 67788.80
10.10 70144.00
10.20 70144.00
10.30 70144.00
10.40 70144.00
10.50 70144.00
10.60 70144.00
10.70 70144.00
10.80 70144.00
10.90 70144.00
11.00 70144.00
11.10 71577.60
11.20 71577.60
11.30 71577.60
11.40 71577.60
11.50 71577.60
11.60 71577.60
11.70 71577.60
11.80 71577.60
11.90 71577.60
12.00 71577.60
12.10 68505.60
12.20 68505.60
12.30 68505.60
12.40 68505.60
12.50 68505.60
12.60 68505.60
12.70 68505.60
12.80 68505.60
12.90 68505.60
13.00 68505.60
13.10 68505.60
13.20 68505.60
13.30 68505.60
13.40 68505.60
13.50 68505.60
13.60 68505.60
13.70 68505.60
13.80 68505.60
13.90 68505.60
14.00 68505.60
14.10 68096.00
14.20 68096.00
14.30 68096.00
14.40 68096.00
14.50 68096.00
14.60 68096.00
14.70 68096.00
14.80 68096.00
14.90 68096.00
15.00 68096.00
15.10 19968.00
15.20 19968.00
15.30 19968.00
15.40 19968.00
15.50 19968.00
15.60 19968.00
15.70 19968.00
15.80 19968.00
15.90 19968.00
16.00 19968.00
16.10 116531.20
16.20 116531.20
16.30 116531.20
16.40 116531.20
16.50 116531.20
16.60 116531.20
16.70 116531.20
16.80 116531.20
16.90 116531.20
17.00 116531.20
17.10 64307.20
17.20 64307.20
17.30 64307.20
17.40 64307.20
17.50 64307.20
17.60 64307.20
17.70 64307.20
17.80 64307.20
17.90 64307.20
18.00 64307.20
18.10 54681.60
18.20 54681.60
18.30 54681.60
18.40 54681.60
18.50 54681.60
18.60 54681.60
18.70 54681.60
18.80 54681.60
18.90 54681.60
19.00 54681.60
19.10 10956.80
19.20 10956.80
19.30 10956.80
19.40 10956.80
19.50 10956.80
19.60 10956.80
19.70 10956.80
19.80 10956.80
19.90 10956.80
20.00 10956.80
20.10 101785.60
20.20 101785.60
20.30 101785.60
20.40 101785.60
20.50 101785.60
20.60 101785.60
20.70 101785.60
20.80 101785.60
20.90 101785.60
21.00 101785.60
21.10 64204.80
21.20 64204.80
21.30 64204.80
21.40 64204.80
21.50 64204.80
21.60 64204.80
21.70 64204.80
21.80 64204.80
21.90 64204.80
22.00 64204.80
22.10 45465.60
22.20 45465.60
22.30 45465.60
22.40 45465.60
22.50 45465.60
22.60 45465.60
22.70 45465.60
22.80 45465.60
22.90 45465.60
23.00 45465.60
23.10 60313.60
23.20 60313.60
23.30 60313.60
23.40 60313.60
23.50 60313.60
23.60 60313.60
23.70 60313.60
23.80 60313.60
23.90 60313.60
24.00 60313.60
24.10 69529.60
24.20 69529.60
24.30 69529.60
24.40 69529.60
24.50 69529.60
24.60 69529.60
24.70 69529.60
24.80 69529.60
24.90 69529.60
25.00 69529.60
25.10 71168.00
25.20 71168.00
25.30 71168.00
25.40 71168.00
25.50 71168.00
25.60 71168.00
25.70 71168.00
25.80 71168.00
25.90 71168.00
26.00 71168.00
26.10 71680.00
26.20 71680.00
26.30 71680.00
26.40 71680.00
26.50 71680.00
26.60 71680.00
26.70 71680.00
26.80 71680.00
26.90 71680.00
27.00 71680.00
27.10 67379.20
27.20 67379.20
27.30 67379.20
27.40 67379.20
27.50 67379.20
27.60 67379.20
27.70 67379.20
27.80 67379.20
27.90 67379.20
28.00 67379.20
28.10 69324.80
28.20 69324.80
28.30 69324.80
28.40 69324.80
28.50 69324.80
28.60 69324.80
28.70 69324.80
28.80 69324.80
28.90 69324.80
29.00 69324.80
29.10 19660.80
29.20 19660.80
29.30 19660.80
29.40 19660.80
29.50 19660.80
29.60 19660.80
29.70 19660.80
29.80 19660.80
29.90 19660.80
30.00 19660.80
