6
12
19
25
32
38
45
51
58
64
71
77
84
90
97
103
110
113
117
121
125
129
133
137
141
145
149
153
157
161
165
168
172
176
180
184
188
192
196
200
204
208
212
216
220
226
232
238
245
251
257
264
270
276
283
289
295
302
308
314
321
327
333
340
349
358
367
376
385
394
403
412
421
430
440
445
451
457
463
468
474
480
486
492
497
503
509
515
521
526
532
538
544
550
557
564
571
578
585
592
600
607
614
621
628
635
642
650
658
666
675
683
692
700
709
717
726
734
743
751
760
768
777
785
794
802
811
820
828
837
845
854
862
871
880
886
893
900
907
914
921
928
935
941
948
955
962
969
976
983
990
997
1005
1013
1021
1029
1037
1045
1052
1060
1068
1076
1084
1092
1100
1107
1115
1123
1130
1138
1146
1153
1161
1169
1176
1184
1192
1200
1205
1211
1217
1223
1228
1234
1240
1246
1252
1257
1263
1269
1275
1281
1286
1292
1298
1304
1310
1315
1321
1326
1332
1337
1343
1348
1354
1359
1365
1371
1376
1382
1387
1393
1398
1404
1410
1415
1420
1424
1430
1435
1440
1444
1450
1455
1460
1464
1470
1475
1480
1484
1490
1495
1500
1505
1510
1515
1520
1524
1528
1533
1537
1541
1546
1550
1554
1559
1563
1567
1572
1576
1580
1585
1589
1593
1598
1602
1606
1611
1615
1620
1624
1629
1633
1638
1642
1647
1652
1656
1661
1665
1670
1675
1679
1684
1688
1693
1697
1702
1707
1711
1716
1720
1725
1730
1737
1744
1752
1759
1766
1774
1781
1788
1796
1803
1810
1818
1825
1832
1840
1847
1855
1863
1870
1878
1886
1893
1901
1909
1916
1924
1932
1940
1948
1956
1965
1973
1982
1990
1999
2007
2016
2024
2033
2041
2050
2056
2062
2068
2074
2081
2087
2093
2099
2106
2112
2118
2125
2131
2137
2143
2150
2163
2177
2191
2205
2218
2232
2246
2260
2266
2272
2278
2284
2290
2296
2302
2308
2315
2321
2327
2333
2339
2345
2351
2357
2363
2370
2373
2377
2381
2385
2388
2392
2396
2400
2404
2407
2411
2415
2419
2423
2426
2430
2434
2438
2442
2445
2449
2453
2457
2461
2464
2468
2472
2476
2480
2485
2491
2497
2503
2508
2514
2520
2526
2532
2537
2543
2549
2555
2561
2566
2572
2578
2584
2590
2597
2604
2611
2618
2625
2632
2639
2647
2654
2661
2668
2675
2682
2690
2695
2701
2706
2711
2717
2723
2728
2734
2739
2745
2750
2756
2761
2767
2772
2778
2783
2788
2794
2800
2806
2812
2818
2824
2831
2837
2843
2849
2856
2862
2868
2875
2881
2887
2893
2900
2906
2912
2919
2925
2932
2938
2945
2951
2958
2964
2971
2977
2984
2990
2997
3003
3010
3017
3024
3032
3039
3046
3054
3061
3068
3076
3083
3090
3098
3105
3112
3120
3125
3130
3135
3140
3146
3151
3156
3161
3167
3172
3177
3182
3188
3193
3198
3203
3209
3214
3219
3224
3230
3235
3240
3245
3250
3256
3261
3266
3271
3277
3282
3287
3292
3298
3303
3308
3313
3319
3324
3329
3334
3340
3345
3351
3356
3362
3367
3373
3378
3384
3389
3395
3401
3406
3412
3417
3423
3428
3434
3440
3446
3452
3458
3464
3470
3476
3482
3488
3495
3501
3507
3513
3519
3525
3531
3537
3543
3550
3555
3561
3566
3572
3577
3583
3588
3594
3599
3605
3611
3616
3622
3627
3633
3638
3644
3650
3656
3662
3668
3674
3680
3686
3692
3698
3705
3711
3717
3723
3729
3735
3741
3747
3753
3760
3767
3775
3783
3791
3799
3807
3815
3822
3830
3838
3846
3854
3862
3870
3875
3881
3887
3893
3898
3904
3910
3916
3922
3927
3933
3939
3945
3951
3956
3962
3968
3974
3980
3986
3992
3999
4005
4012
4018
4025
4031
4038
4044
4051
4057
4064
4070
4077
4083
4090
4095
4100
4105
4111
4116
4121
4126
4132
4137
4142
4147
4153
4158
4163
4168
4174
4179
4184
4190
4195
4201
4207
4213
4218
4224
4230
4236
4242
4247
4253
4259
4265
4271
4276
4282
4288
4294
4300
4306
4313
4320
4326
4333
4340
4346
4353
4360
4366
4373
4380
4386
4393
4400
4403
4406
4409
4412
4415
4418
4422
4425
4428
4431
4434
4437
4440
4444
4447
4450
4453
4456
4459
4462
4466
4469
4472
4475
4478
4481
4484
4488
4491
4494
4497
4500
4503
4506
4510
4515
4520
4524
4530
4535
4540
4545
4550
4555
4560
4564
4570
4575
4580
4585
4590
4595
4600
4605
4610
4615
4620
4626
4632
4638
4644
4650
4656
4662
4668
4675
4681
4687
4693
4699
4705
4711
4717
4723
4730
4736
4743
4750
4757
4764
4771
4778
4785
4791
4798
4805
4812
4819
4826
4833
4840
4845
4850
4855
4860
4866
4871
4876
4881
4887
4892
4897
4902
4908
4913
4918
4923
4929
4934
4939
4944
4950
4956
4962
4968
4974
4980
4986
4992
4998
5005
5011
5017
5023
5029
5035
5041
5047
5053
5060
5075
5090
5106
5121
5136
5152
5167
5183
5198
5213
5229
5244
5260
5265
5270
5274
5280
5285
5290
5295
5300
5305
5310
5314
5320
5325
5330
5335
5340
5345
5350
5355
5360
5365
5370
5376
5382
5388
5394
5400
5406
5412
5418
5425
5431
5437
5443
5449
5455
5461
5467
5473
5480
5485
5490
5495
5500
5506
5511
5516
5521
5527
5532
5537
5542
5548
5553
5558
5563
5569
5574
5579
5584
5590
5595
5601
5606
5612
5617
5623
5628
5634
5640
5645
5651
5656
5662
5667
5673
5678
5684
5690
5696
5702
5708
5714
5720
5726
5732
5738
5745
5751
5757
5763
5769
5775
5781
5787
5793
5800
5802
5805
5808
5811
5814
5817
5820
5822
5825
5828
5831
5834
5837
5840
5842
5845
5848
5851
5854
5857
5860
5862
5865
5868
5871
5874
5877
5880
5882
5885
5888
5891
5894
5897
5900
5904
5908
5913
5917
5922
5926
5931
5935
5940
5944
5948
5953
5957
5962
5966
5971
5975
5979
5984
5988
5993
5997
6002
6006
6011
6015
6020
6023
6026
6029
6033
6036
6040
6043
6046
6050
6053
6056
6060
6063
6066
6070
6073
6076
6080
6083
6086
6090
6093
6096
6100
6103
6106
6110
6113
6116
6120
6123
6127
6131
6135
6139
6143
6147
6151
6155
6159
6163
6167
6171
6175
6178
6182
6186
6190
6194
6198
6202
6206
6210
6214
6218
6222
6226
6230
6236
6242
6248
6254
6260
6266
6272
6278
6285
6291
6297
6303
6309
6315
6321
6327
6333
6340
6345
6351
6356
6362
6367
6373
6378
6384
6390
6395
6401
6406
6412
6417
6423
6428
6434
6440
6447
6455
6463
6471
6479
6487
6495
6502
6510
6518
6526
6534
6542
6550
6556
6563
6570
6576
6583
6590
6596
6603
6610
6616
6623
6630
6636
6643
6650
6657
6664
6672
6679
6686
6694
6701
6708
6716
6723
6730
6738
6745
6752
6760
6765
6771
6777
6783
6788
6794
6800
6806
6812
6817
6823
6829
6835
6841
6846
6852
6858
6864
6870
6876
6883
6890
6897
6904
6911
6918
6925
6931
6938
6945
6952
6959
6966
6973
6980
6983
6986
6989
6992
6995
6998
7002
7005
7008
7011
7014
7017
7020
7024
7027
7030
7033
7036
7039
7042
7046
7049
7052
7055
7058
7061
7064
7068
7071
7074
7077
7080
7083
7086
7090
7094
7098
7103
7107
7111
7116
7120
7124
7129
7133
7137
7142
7146
7150
7155
7159
7163
7168
7172
7176
7181
7185
7190
7196
7202
7208
7215
7221
7227
7234
7240
7246
7253
7259
7265
7272
7278
7284
7291
7297
7303
7310
7316
7322
7328
7335
7341
7347
7353
7359
7366
7372
7378
7385
7391
7397
7403
7410
7415
7421
7427
7433
7438
7444
7450
7456
7462
7467
7473
7479
7485
7491
7496
7502
7508
7514
7520
7525
7530
7535
7541
7546
7551
7556
7562
7567
7572
7577
7583
7588
7593
7598
7604
7609
7614
7620
7625
7631
7636
7642
7647
7653
7658
7664
7669
7675
7680
7686
7691
7697
7702
7708
7713
7719
7724
7730
7735
7740
7745
7750
7755
7760
7765
7770
7775
7780
7785
7790
7795
7800
7805
7810
7815
7820
7825
7830
7835
7840
7844
7849
7854
7859
7863
7868
7873
7878
7882
7887
7892
7897
7901
7906
7911
7916
7920
7925
7930
7935
7940
7946
7952
7958
7964
7970
7976
7982
7988
7995
8001
8007
8013
8019
8025
8031
8037
8043
8050
8054
8059
8064
8069
8073
8078
8083
8088
8092
8097
8102
8107
8111
8116
8121
8126
8130
8135
8140
8145
8150
8156
8162
8168
8174
8180
8186
8192
8198
8205
8211
8217
8223
8229
8235
8241
8247
8253
8260
8265
8270
8275
8280
8285
8290
8295
8299
8305
8309
8315
8320
8325
8330
8334
8340
8344
8350
8354
8360
8364
8370
8374
8378
8383
8387
8392
8396
8400
8405
8409
8414
8418
8422
8427
8431
8436
8440
8444
8449
8453
8458
8462
8466
8471
8475
8480
8485
8490
8495
8500
8505
8510
8515
8520
8525
8530
8535
8540
8545
8550
8555
8560
8565
8570
8575
8580
8584
8590
8594
8599
8603
8608
8612
8617
8621
8626
8630
8635
8640
8644
8649
8653
8658
8662
8667
8671
8676
8680
8685
8690
8695
8700
8705
8710
8716
8721
8726
8731
8737
8742
8747
8752
8758
8763
8768
8773
8779
8784
8789
8794
8800
8804
8808
8813
8817
8821
8826
8830
8834
8839
8843
8847
8852
8856
8860
8865
8869
8873
8878
8882
8886
8891
8895
8900
8910
8920
8930
8940
8950
8960
8970
8980
8990
9000
9010
9014
9019
9023
9028
9032
9037
9042
9046
9051
9055
9060
9065
9069
9074
9078
9083
9087
9092
9097
9101
9106
9110
9115
9120
9122
9125
9128
9130
9133
9136
9138
9141
9144
9146
9149
9152
9154
9157
9160
9162
9165
9168
9170
9173
9176
9179
9181
9184
9187
9189
9192
9195
9197
9200
9203
9205
9208
9211
9213
9216
9219
9221
9224
9227
9230
9235
9241
9247
9253
9258
9264
9270
9276
9282
9287
9293
9299
9305
9311
9316
9322
9328
9334
9340
9344
9349
9354
9359
9363
9368
9373
9378
9382
9387
9392
9397
9401
9406
9411
9416
9420
9425
9430
9435
9440
9444
9448
9452
9456
9460
9464
9468
9472
9476
9480
9484
9488
9492
9497
9501
9505
9509
9513
9517
9521
9525
9529
9533
9537
9541
9545
9550
9554
9558
9563
9567
9571
9576
9580
9584
9589
9593
9597
9602
9606
9610
9615
9619
9623
9628
9632
9636
9641
9645
9650
9655
9660
9665
9670
9675
9680
9685
9690
9695
9700
9705
9710
9715
9720
9725
9730
9735
9740
9745
9750
9754
9760
9765
9771
9777
9782
9788
9794
9800
9805
9811
9817
9822
9828
9834
9840
9845
9851
9857
9862
9868
9874
9880
9885
9891
9896
9902
9907
9913
9918
9924
9929
9935
9940
9946
9951
9957
9962
9968
9973
9979
9984
9990
9997
10004
10012
10019
10026
10034
10041
10048
10056
10063
10070
10078
10085
10092
10100
10105
10111
10117
10123
10128
10134
10140
10146
10152
10157
10163
10169
10175
10181
10186
10192
10198
10204
10210
10216
10222
10228
10234
10240
10246
10252
10258
10265
10271
10277
10283
10289
10295
10301
10307
10313
10320
10325
10331
10336
10342
10347
10353
10358
10364
10370
10375
10381
10386
10392
10397
10403
10408
10414
10420
10425
10431
10436
10442
10447
10453
10458
10464
10469
10475
10480
10485
10491
10497
10502
10508
10513
10519
10524
10530
10535
10540
10545
10549
10555
10560
10565
10570
10575
10580
10585
10590
10595
10600
10605
10610
10615
10620
10625
10630
10635
10640
10645
10650
10656
10661
10666
10671
10677
10682
10687
10692
10698
10703
10708
10713
10719
10724
10729
10734
10740
10744
10749
10754
10759
10763
10768
10773
10778
10783
10787
10792
10797
10802
10806
10811
10816
10821
10826
10830
10835
10840
10845
10850
10855
10861
10866
10872
10877
10883
10888
10894
10899
10905
10911
10916
10922
10927
10933
10938
10944
10950
10956
10963
10970
10977
10984
10991
10998
11004
11011
11018
11025
11032
11039
11046
11053
11060
11065
11071
11077
11083
11089
11095
11101
11107
11112
11118
11124
11130
11136
11142
11148
11154
11160
11166
11172
11179
11185
11192
11198
11205
11211
11218
11224
11231
11237
11244
11250
11257
11263
11270
11277
11284
11291
11298
11305
11312
11320
11327
11334
11341
11348
11355
11362
11370
11374
11378
11383
11387
11392
11396
11400
11405
11409
11414
11418
11422
11427
11431
11436
11440
11444
11449
11453
11458
11462
11466
11471
11475
11480
11483
11487
11491
11495
11498
11502
11506
11510
11514
11517
11521
11525
11529
11533
11536
11540
11544
11548
11552
11555
11559
11563
11567
11571
11574
11578
11582
11586
11590
11595
11601
11607
11613
11619
11625
11631
11637
11642
11648
11654
11660
11666
11672
11678
11684
11690
11695
11701
11706
11712
11717
11722
11728
11734
11739
11745
11750
11756
11761
11767
11772
11778
11783
11789
11794
11800
11806
11813
11820
11826
11833
11840
11846
11853
11860
11866
11873
11880
11886
11893
11900
11906
11913
11920
11927
11934
11941
11948
11955
11961
11968
11975
11982
11989
11996
12003
12010
12016
12022
12028
12034
12040
12046
12052
12058
12064
12070
12076
12082
12088
12094
12100
12106
12112
12118
12124
12130
12134
12139
12144
12149
12153
12158
12163
12168
12173
12177
12182
12187
12192
12196
12201
12206
12211
12216
12220
12225
12230
12235
12240
12246
12252
12258
12264
12270
12276
12282
12288
12295
12301
12307
12313
12319
12325
12331
12337
12343
12350
12356
12363
12370
12376
12383
12389
12396
12403
12410
12416
12423
12430
12436
12443
12450
12456
12462
12468
12474
12480
12485
12492
12498
12504
12510
12516
12522
12528
12534
12540
12546
12552
12558
12564
12570
12576
12583
12590
12596
12603
12610
12616
12623
12630
12636
12643
12650
12656
12663
12670
12677
12684
12692
12699
12706
12714
12721
12728
12735
12743
12750
12758
12765
12772
12780
12788
12796
12805
12813
12821
12830
12838
12846
12855
12863
12871
12880
12886
12892
12898
12904
12910
12916
12922
12928
12935
12941
12947
12953
12959
12965
12971
12977
12983
12990
12996
13003
13010
13017
13024
13031
13038
13045
13051
13058
13065
13072
13079
13086
13093
13100
13106
13112
13118
13125
13131
13137
13143
13149
13156
13162
13168
13174
13181
13187
13193
13200
13206
13212
13219
13225
13232
13238
13245
13251
13258
13264
13271
13277
13284
13290
13297
13303
13310
13318
13326
13335
13343
13351
13360
13368
13376
13385
13393
13401
13410
13417
13425
13433
13441
13449
13457
13465
13472
13480
13488
13496
13504
13512
13520
13526
13533
13540
13546
13553
13559
13566
13573
13580
13586
13593
13600
13606
13613
13620
13625
13631
13637
13643
13648
13654
13660
13666
13672
13677
13683
13689
13695
13701
13706
13712
13718
13724
13730
13733
13737
13741
13745
13748
13752
13756
13760
13763
13767
13771
13775
13778
13782
13786
13790
13793
13797
13801
13805
13808
13812
13816
13820
13823
13827
13831
13834
13838
13842
13846
13850
13855
13860
13865
13871
13876
13881
13886
13892
13897
13902
13907
13913
13918
13923
13928
13934
13939
13944
13950
13955
13960
13966
13972
13977
13983
13988
13994
13999
14004
14010
14016
14021
14027
14032
14038
14043
14049
14054
14060
14065
14071
14077
14083
14089
14095
14101
14107
14112
14118
14124
14130
14136
14142
14148
14154
14160
14166
14173
14180
14187
14194
14201
14208
14215
14221
14228
14235
14242
14249
14256
14263
14270
14275
14281
14287
14293
14299
14305
14311
14317
14322
14328
14334
14340
14346
14352
14358
14364
14370
14376
14383
14390
14397
14404
14411
14418
14425
14431
14438
14445
14452
14459
14466
14473
14480
14486
14493
14500
14507
14514
14521
14528
14535
14541
14548
14555
14562
14569
14576
14583
14590
14595
14601
14607
14613
14619
14625
14631
14637
14642
14648
14654
14660
14666
14672
14678
14684
14690
14696
14702
14709
14715
14722
14728
14735
14741
14748
14754
14761
14767
14774
14780
14787
14793
14800
14805
14810
14815
14821
14826
14831
14836
14842
14847
14852
14857
14863
14868
14873
14878
14884
14889
14894
14900
14906
14912
14918
14924
14930
14936
14942
14948
14955
14961
14967
14973
14979
14985
14991
14997
15003
15010
15017
15024
15032
15039
15046
15054
15061
15068
15075
15083
15090
15097
15105
15112
15120
15126
15132
15139
15145
15152
15158
15165
15171
15178
15184
15191
15197
15204
15210
15217
15223
15230
15235
15241
15247
15253
15258
15264
15270
15276
15282
15287
15293
15299
15305
15311
15316
15322
15328
15334
15340
15347
15355
15363
15370
15378
15386
15393
15401
15409
15416
15424
15432
15440
15446
15452
15458
15465
15471
15477
15484
15490
15496
15503
15509
15515
15522
15528
15534
15541
15547
15553
15560
15566
15572
15578
15585
15591
15597
15603
15610
15616
15622
15628
15635
15641
15647
15653
15660
15666
15673
15680
15687
15694
15701
15708
15715
15721
15728
15735
15742
15749
15756
15763
15770
15776
15782
15788
15795
15801
15807
15813
15820
15826
15832
15838
15844
15851
15857
15863
15870
15875
15881
15886
15892
15897
15902
15908
15914
15919
15925
15930
15936
15941
15947
15952
15958
15963
15969
15974
15980
15982
15985
15988
15991
15994
15996
15999
16002
16005
16008
16011
16013
16016
16019
16022
16025
16027
16030
16033
16036
16039
16042
16044
16047
16050
16053
16056
16058
16061
16064
16067
16070
16073
16075
16078
16081
16084
16087
16090
16096
16103
16110
16116
16123
16129
16136
16143
16150
16156
16163
16170
16176
16183
16190
16195
16200
16205
16210
16216
16221
16226
16231
16237
16242
16247
16252
16258
16263
16268
16273
16279
16284
16289
16294
16300
16305
16311
16317
16323
16329
16335
16341
16347
16352
16358
16364
16370
16376
16382
16388
16394
16400
16404
16410
16415
16419
16425
16430
16435
16440
16445
16450
16455
16460
16465
16470
16475
16480
16485
16490
16495
16500
16505
16510
16515
16520
16525
16530
16536
16541
16546
16551
16557
16562
16567
16572
16578
16583
16588
16593
16599
16604
16609
16614
16620
16625
16630
16635
16640
16645
16650
16655
16660
16665
16670
16675
16680
16685
16690
16695
16700
16705
16710
16715
16720
16725
16730
16733
16737
16740
16744
16747
16751
16754
16758
16761
16765
16769
16772
16776
16779
16783
16786
16790
16793
16797
16800
16804
16808
16811
16815
16818
16822
16825
16829
16832
16836
16840
16843
16846
16850
16853
16857
16860
16864
16867
16871
16874
16877
16881
16884
16888
16891
16895
16898
16902
16905
16908
16912
16915
16919
16922
16926
16929
16933
16936
16940
16943
16947
16951
16954
16958
16962
16965
16969
16973
16976
16980
16984
16987
16991
16995
16998
17002
17006
17009
17013
17017
17020
17024
17028
17031
17035
17039
17042
17046
17050
17053
17056
17060
17063
17066
17070
17073
17076
17080
17083
17086
17090
17093
17096
17100
17103
17106
17110
17113
17116
17119
17123
17126
17130
17133
17136
17140
17143
17146
17150
17155
17161
17167
17173
17178
17184
17190
17196
17202
17207
17213
17219
17225
17231
17236
17242
17248
17254
17260
17266
17272
17278
17284
17290
17296
17302
17308
17315
17321
17327
17333
17339
17345
17351
17357
17363
17370
17377
17384
17392
17399
17406
17414
17421
17428
17436
17443
17450
17458
17465
17472
17480
17486
17492
17499
17505
17512
17518
17525
17531
17538
17544
17551
17557
17564
17570
17577
17583
17590
17596
17603
17610
17616
17623
17630
17636
17643
17650
17656
17663
17670
17676
17683
17690
17699
17708
17717
17726
17735
17745
17754
17763
17772
17781
17790
17800
17806
17812
17818
17825
17831
17837
17843
17850
17856
17862
17868
17875
17881
17887
17893
17900
17906
17912
17918
17924
17930
17936
17942
17948
17955
17961
17967
17973
17979
17985
17991
17997
18003
18010
18016
18023
18030
18037
18044
18051
18058
18065
18071
18078
18085
18092
18099
18106
18113
18120
18126
18132
18139
18145
18152
18158
18165
18171
18178
18184
18191
18197
18204
18210
18217
18223
18230
18238
18246
18254
18262
18270
18278
18286
18294
18302
18310
18318
18326
18334
18342
18350
18356
18363
18370
18377
18384
18391
18398
18405
18411
18418
18425
18432
18439
18446
18453
18460
18464
18468
18472
18476
18481
18485
18489
18493
18498
18502
18506
18510
18515
18519
18523
18527
18531
18536
18540
18544
18548
18553
18557
18561
18565
18570
18577
18585
18592
18600
18607
18615
18622
18630
18637
18645
18652
18660
18667
18675
18682
18689
18697
18705
18712
18720
18726
18733
18740
18747
18754
18761
18768
18775
18781
18788
18795
18802
18809
18816
18823
18830
18835
18840
18845
18851
18856
18861
18866
18872
18877
18882
18887
18893
18898
18903
18908
18914
18919
18924
18930
18935
18941
18946
18952
18957
18963
18968
18974
18979
18985
18990
18996
19001
19006
19012
19018
19023
19029
19034
19040
19045
19051
19056
19062
19067
19073
19078
19084
19090
19095
19101
19106
19112
19117
19123
19128
19134
19140
19146
19152
19159
19165
19172
19178
19185
19191
19198
19204
19211
19217
19224
19230
19237
19243
19250
19255
19261
19267
19273
19278
19284
19290
19296
19302
19307
19313
19319
19325
19331
19336
19342
19348
19354
19360
19365
19371
19377
19383
19389
19395
19401
19407
19412
19418
19424
19430
19436
19442
19448
19454
19460
19465
19471
19476
19482
19487
19493
19498
19504
19509
19515
19520
19526
19531
19537
19542
19548
19553
19559
19564
19570
19576
19582
19588
19594
19600
19606
19612
19618
19625
19631
19637
19643
19649
19655
19661
19667
19673
19680
19685
19691
19696
19702
19707
19713
19718
19724
19729
19735
19740
19746
19751
19756
19762
19768
19773
19779
19784
19790
19796
19802
19808
19814
19821
19827
19833
19840
19846
19852
19858
19865
19871
19877
19883
19890
19895
19900
19906
19911
19917
19922
19928
19933
19939
19944
19950
19955
19960
19966
19971
19977
19982
19988
19993
19999
20004
20010
20016
20023
20030
20037
20044
20051
20058
20065
20071
20078
20085
20092
20099
20106
20113
20120
20125
20130
20135
20140
20146
20151
20156
20161
20167
20172
20177
20182
20188
20193
20198
20203
20209
20214
20219
20224
20230
20235
20240
20245
20250
20256
20261
20266
20271
20277
20282
20287
20292
20298
20303
20308
20313
20319
20324
20329
20334
20340
20345
20351
20357
20363
20369
20375
20381
20387
20392
20398
20404
20410
20416
20422
20428
20434
20440
20445
20450
20455
20460
20466
20471
20476
20481
20487
20492
20497
20502
20508
20513
20518
20523
20529
20534
20539
20544
20550
20555
20561
20566
20572
20577
20583
20588
20594
20600
20605
20611
20616
20622
20627
20633
20638
20644
20650
20657
20664
20672
20679
20686
20694
20701
20708
20716
20723
20730
20738
20745
20752
20760
20766
20772
20778
20784
20790
20796
20802
20808
20815
20821
20827
20833
20839
20845
20851
20857
20863
20870
20876
20883
20890
20897
20904
20911
20918
20925
20931
20938
20945
20952
20959
20966
20973
20980
20985
20991
20997
21003
21008
21014
21020
21026
21032
21037
21043
21049
21055
21061
21066
21072
21078
21084
21090
21093
21097
21101
21104
21108
21112
21115
21119
21123
21126
21130
21134
21137
21141
21145
21148
21152
21156
21159
21163
21166
21170
21174
21178
21181
21185
21189
21192
21196
21200
21204
21208
21212
21216
21220
21224
21228
21232
21236
21240
21244
21248
21252
21257
21261
21265
21269
21273
21277
21281
21285
21289
21293
21297
21301
21305
21310
21317
21325
21333
21340
21348
21356
21363
21371
21379
21386
21394
21402
21410
21415
21421
21427
21433
21438
21444
21450
21456
21462
21467
21473
21479
21485
21491
21496
21502
21508
21514
21520
21525
21530
21535
21540
21545
21550
21555
21560
21565
21570
21575
21580
21585
21590
21595
21600
21605
21610
21615
21620
21625
21630
21635
21640
21645
21650
21655
21660
21665
21670
21675
21680
21685
21690
21695
21700
21705
21710
21715
21720
21725
21730
21734
21739
21744
21749
21753
21758
21763
21768
21773
21777
21782
21787
21792
21796
21801
21806
21811
21816
21820
21825
21830
21835
21840
21847
21855
21863
21871
21879
21887
21895
21902
21910
21918
21926
21934
21942
21950
21955
21960
21965
21970
21974
21980
21985
21990
21994
22000
22005
22009
22015
22020
22025
22029
22035
22040
22044
22049
22055
22060
22065
22070
22075
22081
22086
22091
22096
22102
22107
22112
22117
22123
22128
22133
22138
22144
22149
22154
22160
22165
22170
22175
22180
22185
22190
22195
22200
22205
22210
22215
22220
22225
22230
22235
22240
22245
22250
22255
22259
22265
22270
22275
22281
22287
22293
22299
22305
22311
22317
22322
22328
22334
22340
22346
22352
22358
22364
22370
22375
22381
22386
22392
22397
22403
22408
22414
22419
22425
22430
22436
22441
22447
22452
22458
22463
22469
22474
22480
22486
22492
22498
22505
22511
22517
22524
22530
22536
22543
22549
22555
22562
22568
22574
22581
22587
22593
22600
22604
22609
22614
22619
22623
22628
22633
22638
22642
22647
22652
22657
22661
22666
22671
22676
22680
22685
22690
22695
22700
22705
22710
22715
22720
22726
22731
22736
22741
22747
22752
22757
22762
22768
22773
22778
22783
22789
22794
22799
22804
22810
22815
22820
22825
22831
22836
22841
22846
22852
22857
22862
22867
22873
22878
22883
22888
22894
22899
22904
22910
22915
22920
22926
22931
22937
22942
22948
22953
22959
22964
22970
22975
22980
22986
22991
22997
23002
23008
23013
23019
23024
23030
23035
23040
23045
23050
23055
23060
23065
23070
23075
23080
23085
23090
23095
23100
23105
23110
23115
23120
23125
23130
23135
23140
23144
23148
23153
23157
23162
23166
23170
23175
23179
23184
23188
23192
23197
23201
23206
23210
23214
23219
23223
23228
23232
23236
23241
23245
23250
23252
23255
23257
23260
23262
23265
23267
23270
23272
23275
23277
23280
23282
23285
23287
23290
23292
23294
23297
23300
23302
23305
23307
23310
23312
23315
23317
23320
23322
23325
23327
23330
23332
23335
23337
23340
23342
23345
23347
23349
23352
23355
23357
23360
23368
23376
23384
23393
23401
23410
23418
23426
23435
23443
23451
23460
23465
23471
23477
23483
23488
23494
23500
23506
23512
23517
23523
23529
23535
23541
23546
23552
23558
23564
23570
23574
23579
23583
23588
23592
23597
23601
23606
23610
23615
23620
23624
23629
23633
23638
23642
23647
23651
23656
23660
23665
23670
23674
23679
23683
23688
23692
23697
23702
23706
23711
23715
23720
23725
23729
23734
23738
23743
23747
23752
23757
23761
23766
23770
23775
23780
23787
23794
23801
23808
23815
23822
23830
23837
23844
23851
23858
23865
23872
23880
23885
23891
23896
23901
23907
23913
23918
23924
23929
23935
23940
23945
23951
23956
23962
23968
23973
23979
23984
23990
23995
24000
24006
24012
24017
24023
24028
24034
24039
24045
24050
24056
24061
24067
24072
24078
24083
24089
24094
24100
24105
24110
24115
24120
24125
24130
24135
24140
24145
24150
24155
24160
24165
24170
24175
24180
24185
24190
24195
24200
24205
24210
24365
24520
24524
24529
24533
24538
24542
24547
24551
24556
24560
24565
24570
24574
24579
24583
24588
24592
24597
24601
24606
24610
24615
24620
24627
24634
24642
24649
24656
24664
24671
24678
24686
24693
24700
24708
24715
24722
24730
24734
24739
24744
24749
24753
24758
24763
24768
24773
24777
24782
24787
24792
24796
24801
24806
24811
24816
24820
24825
24830
24835
24840
24846
24852
24858
24864
24870
24876
24882
24888
24895
24901
24907
24913
24919
24925
24931
24937
24943
24950
24955
24961
24967
24973
24978
24984
24990
24996
25002
25007
25013
25019
25025
25031
25036
25042
25048
25054
25060
25066
25072
25078
25085
25091
25097
25103
25110
25116
25122
25128
25134
25141
25147
25153
25160
25164
25169
25174
25179
25183
25188
25193
25198
25203
25207
25212
25217
25222
25226
25231
25236
25241
25246
25250
25255
25260
25265
25270
25275
25281
25287
25293
25299
25305
25311
25317
25322
25328
25334
25340
25346
25352
25358
25364
25370
25375
25381
25387
25393
25398
25404
25410
25416
25422
25427
25433
25439
25445
25451
25456
25462
25468
25474
25480
25485
25490
25495
25500
25506
25511
25516
25521
25527
25532
25537
25542
25548
25553
25558
25563
25569
25574
25579
25584
25590
25592
25595
25598
25601
25604
25607
25610
25613
25616
25619
25622
25625
25628
25631
25634
25637
25640
25642
25645
25648
25651
25654
25657
25660
25663
25666
25669
25672
25675
25678
25681
25684
25687
25690
25693
25697
25700
25704
25707
25711
25714
25718
25721
25725
25729
25732
25736
25739
25743
25746
25750
25753
25757
25760
25764
25768
25771
25775
25778
25782
25785
25789
25792
25796
25800
25806
25812
25818
25825
25831
25837
25843
25850
25856
25862
25868
25875
25881
25887
25893
25900
25906
25913
25919
25926
25933
25939
25946
25953
25960
25966
25973
25980
25986
25993
26000
26006
26013
26020
26026
26032
26038
26045
26051
26057
26063
26070
26076
26082
26088
26095
26101
26107
26113
26120
26125
26131
26136
26142
26147
26153
26158
26164
26169
26175
26180
26186
26191
26197
26202
26208
26213
26219
26224
26230
26236
26243
26250
26256
26263
26270
26276
26283
26290
26296
26303
26310
26316
26323
26330
26336
26343
26350
26356
26363
26370
26376
26383
26390
26396
26403
26410
26416
26423
26430
26436
26443
26450
26458
26466
26474
26482
26490
26498
26506
26514
26522
26530
26538
26546
26554
26562
26570
26577
26584
26591
26598
26605
26612
26620
26627
26634
26641
26648
26655
26662
26670
26676
26682
26689
26695
26702
26708
26715
26721
26728
26734
26741
26747
26754
26760
26767
26773
26780
26789
26798
26807
26816
26825
26835
26844
26853
26862
26871
26880
26890
26895
26901
26906
26912
26917
26923
26928
26934
26939
26945
26950
26956
26961
26967
26972
26978
26983
26989
26994
27000
27006
27012
27019
27025
27032
27038
27045
27051
27058
27064
27071
27077
27084
27090
27097
27103
27110
27117
27125
27133
27140
27148
27156
27163
27171
27179
27186
27194
27202
27210
27216
27222
27229
27235
27242
27248
27255
27261
27268
27274
27281
27287
27294
27300
27307
27313
27320
27327
27335
27343
27350
27358
27366
27373
27381
27389
27396
27404
27412
27420
27426
27432
27439
27445
27452
27458
27465
27471
27478
27484
27491
27497
27504
27510
27517
27523
27530
27536
27543
27550
27557
27564
27571
27578
27585
27591
27598
27605
27612
27619
27626
27633
27640
27653
27667
27681
27695
27708
27722
27736
27750
27756
27762
27768
27774
27780
27786
27792
27798
27805
27811
27817
27823
27829
27835
27841
27847
27853
27860
27864
27869
27874
27879
27883
27888
27893
27898
27902
27907
27912
27917
27921
27926
27931
27936
27940
27945
27950
27955
27960
27965
27971
27977
27983
27988
27994
28000
28006
28012
28017
28023
28029
28035
28041
28046
28052
28058
28064
28070
28075
28080
28085
28091
28096
28101
28106
28112
28117
28122
28127
28133
28138
28143
28148
28154
28159
28164
28170
28174
28179
28183
28188
28192
28197
28202
28206
28211
28215
28220
28225
28229
28234
28238
28243
28247
28252
28257
28261
28266
28270
28275
28280
28283
28286
28290
28293
28296
28300
28303
28306
28310
28313
28316
28320
28323
28326
28330
28333
28336
28340
28343
28346
28350
28353
28356
28360
28363
28366
28369
28373
28376
28380
28385
28390
28395
28400
28406
28411
28416
28421
28427
28432
28437
28442
28448
28453
28458
28463
28469
28474
28479
28484
28490
28494
28498
28503
28507
28512
28516
28520
28525
28529
28534
28538
28542
28547
28551
28556
28560
28564
28569
28573
28578
28582
28586
28591
28595
28600
28605
28610
28615
28620
28625
28630
28635
28640
28645
28650
28655
28660
28665
28670
28675
28680
28685
28689
28695
28700
28705
28710
28715
28720
28726
28731
28736
28741
28747
28752
28757
28762
28768
28773
28778
28783
28789
28794
28799
28804
28810
28817
28824
28831
28838
28845
28852
28859
28866
28873
28880
28887
28894
28901
28908
28915
28922
28930
28933
28937
28941
28945
28949
28953
28957
28961
28965
28969
28973
28977
28981
28985
28988
28992
28996
29000
29004
29008
29012
29016
29020
29024
29028
29032
29036
29040
29043
29047
29051
29055
29059
29063
29066
29070
29074
29078
29082
29086
29090
29093
29097
29101
29105
29109
29113
29116
29120
29124
29128
29132
29136
29140
29145
29151
29157
29162
29168
29174
29180
29185
29191
29197
29202
29208
29214
29220
29225
29231
29237
29242
29248
29254
29260
29266
29272
29278
29284
29290
29296
29302
29308
29314
29320
29326
29332
29338
29344
29350
29355
29362
29368
29374
29380
29385
29391
29396
29401
29407
29413
29418
29424
29429
29435
29440
29445
29451
29456
29462
29468
29473
29479
29484
29490
29494
29498
29503
29507
29512
29516
29520
29525
29529
29534
29538
29542
29547
29551
29556
29560
29564
29569
29573
29578
29582
29586
29591
29595
29600
29604
29608
29612
29616
29620
29624
29628
29632
29636
29640
29644
29648
29652
29656
29660
29664
29668
29672
29676
29680
29684
29688
29692
29695
29700
29704
29708
29713
29717
29721
29726
29730
29735
29739
29744
29748
29752
29757
29761
29766
29770
29774
29779
29783
29788
29792
29796
29801
29805
29810
29814
29819
29824
29829
29833
29838
29843
29848
29852
29857
29862
29867
29871
29876
29881
29886
29890
29895
29900
29905
29910
