0.10 265479.90
0.20 265479.90
0.30 265479.90
0.40 265479.90
0.50 265479.90
0.60 265479.90
0.70 265479.90
0.80 265479.90
0.90 265479.90
1.00 265479.90
1.10 288292.44
1.20 288292.44
1.30 288292.44
1.40 288292.44
1.50 288292.44
1.60 288292.44
1.70 288292.44
1.80 288292.44
1.90 288292.44
2.00 288292.44
2.10 285367.12
2.20 285367.12
2.30 285367.12
2.40 285367.12
2.50 285367.12
2.60 285367.12
2.70 285367.12
2.80 285367.12
2.90 285367.12
3.00 285367.12
3.10 270565.21
3.20 270565.21
3.30 270565.21
3.40 270565.21
3.50 270565.21
3.60 270565.21
3.70 270565.21
3.80 270565.21
3.90 270565.21
4.00 270565.21
4.10 279516.84
4.20 279516.84
4.30 279516.84
4.40 279516.84
4.50 279516.84
4.60 279516.84
4.70 279516.84
4.80 279516.84
4.90 279516.84
5.00 279516.84
5.10 283658.17
5.20 283658.17
5.30 283658.17
5.40 283658.17
5.50 283658.17
5.60 283658.17
5.70 283658.17
5.80 283658.17
5.90 283658.17
6.00 283658.17
6.10 307427.35
6.20 307427.35
6.30 307427.35
6.40 307427.35
6.50 307427.35
6.60 307427.35
6.70 307427.35
6.80 307427.35
6.90 307427.35
7.00 307427.35
7.10 236346.93
7.20 236346.93
7.30 236346.93
7.40 236346.93
7.50 236346.93
7.60 236346.93
7.70 236346.93
7.80 236346.93
7.90 236346.93
8.00 236346.93
8.10 282647.10
8.20 282647.10
8.30 282647.10
8.40 282647.10
8.50 282647.10
8.60 282647.10
8.70 282647.10
8.80 282647.10
8.90 282647.10
9.00 282647.10
9.10 308943.40
9.20 308943.40
9.30 308943.40
9.40 308943.40
9.50 308943.40
9.60 308943.40
9.70 308943.40
9.80 308943.40
9.90 308943.40
10.00 308943.40
10.10 286177.89
10.20 286177.89
10.30 286177.89
10.40 286177.89
10.50 286177.89
10.60 286177.89
10.70 286177.89
10.80 286177.89
10.90 286177.89
11.00 286177.89
11.10 282971.22
11.20 282971.22
11.30 282971.22
11.40 282971.22
11.50 282971.22
11.60 282971.22
11.70 282971.22
11.80 282971.22
11.90 282971.22
12.00 282971.22
12.10 253550.08
12.20 253550.08
12.30 253550.08
12.40 253550.08
12.50 253550.08
12.60 253550.08
12.70 253550.08
12.80 253550.08
12.90 253550.08
13.00 253550.08
13.10 299020.17
13.20 299020.17
13.30 299020.17
13.40 299020.17
13.50 299020.17
13.60 299020.17
13.70 299020.17
13.80 299020.17
13.90 299020.17
14.00 299020.17
14.10 295416.58
14.20 295416.58
14.30 295416.58
14.40 295416.58
14.50 295416.58
14.60 295416.58
14.70 295416.58
14.80 295416.58
14.90 295416.58
15.00 295416.58
15.10 274774.59
15.20 274774.59
15.30 274774.59
15.40 274774.59
15.50 274774.59
15.60 274774.59
15.70 274774.59
15.80 274774.59
15.90 274774.59
16.00 274774.59
16.10 304495.91
16.20 304495.91
16.30 304495.91
16.40 304495.91
16.50 304495.91
16.60 304495.91
16.70 304495.91
16.80 304495.91
16.90 304495.91
17.00 304495.91
17.10 255525.18
17.20 255525.18
17.30 255525.18
17.40 255525.18
17.50 255525.18
17.60 255525.18
17.70 255525.18
17.80 255525.18
17.90 255525.18
18.00 255525.18
18.10 229400.86
18.20 229400.86
18.30 229400.86
18.40 229400.86
18.50 229400.86
18.60 229400.86
18.70 229400.86
18.80 229400.86
18.90 229400.86
19.00 229400.86
19.10 324787.72
19.20 324787.72
19.30 324787.72
19.40 324787.72
19.50 324787.72
19.60 324787.72
19.70 324787.72
19.80 324787.72
19.90 324787.72
20.00 324787.72
20.10 305122.28
20.20 305122.28
20.30 305122.28
20.40 305122.28
20.50 305122.28
20.60 305122.28
20.70 305122.28
20.80 305122.28
20.90 305122.28
21.00 305122.28
21.10 278795.94
21.20 278795.94
21.30 278795.94
21.40 278795.94
21.50 278795.94
21.60 278795.94
21.70 278795.94
21.80 278795.94
21.90 278795.94
22.00 278795.94
22.10 283110.57
22.20 283110.57
22.30 283110.57
22.40 283110.57
22.50 283110.57
22.60 283110.57
22.70 283110.57
22.80 283110.57
22.90 283110.57
23.00 283110.57
23.10 256612.61
23.20 256612.61
23.30 256612.61
23.40 256612.61
23.50 256612.61
23.60 256612.61
23.70 256612.61
23.80 256612.61
23.90 256612.61
24.00 256612.61
24.10 282977.41
24.20 282977.41
24.30 282977.41
24.40 282977.41
24.50 282977.41
24.60 282977.41
24.70 282977.41
24.80 282977.41
24.90 282977.41
25.00 282977.41
25.10 172416.68
25.20 172416.68
25.30 172416.68
25.40 172416.68
25.50 172416.68
25.60 172416.68
25.70 172416.68
25.80 172416.68
25.90 172416.68
26.00 172416.68
26.10 234706.23
26.20 234706.23
26.30 234706.23
26.40 234706.23
26.50 234706.23
26.60 234706.23
26.70 234706.23
26.80 234706.23
26.90 234706.23
27.00 234706.23
27.10 264420.70
27.20 264420.70
27.30 264420.70
27.40 264420.70
27.50 264420.70
27.60 264420.70
27.70 264420.70
27.80 264420.70
27.90 264420.70
28.00 264420.70
28.10 252808.85
28.20 252808.85
28.30 252808.85
28.40 252808.85
28.50 252808.85
28.60 252808.85
28.70 252808.85
28.80 252808.85
28.90 252808.85
29.00 252808.85
29.10 267651.38
29.20 267651.38
29.30 267651.38
29.40 267651.38
29.50 267651.38
29.60 267651.38
29.70 267651.38
29.80 267651.38
29.90 267651.38
30.00 267651.38
