11
22
33
44
55
66
77
88
100
111
122
133
144
155
166
177
188
200
205
211
217
223
228
234
240
246
252
257
263
269
275
281
286
292
298
304
310
315
321
327
333
339
345
351
357
362
368
374
380
386
392
398
404
410
415
421
426
432
437
443
448
454
459
465
471
476
482
487
493
498
504
510
515
521
526
532
537
543
548
554
560
565
571
576
582
587
593
598
604
610
615
621
627
633
639
645
651
657
662
668
674
680
686
692
698
704
710
715
721
726
732
737
743
748
754
760
765
771
776
782
787
793
798
804
810
815
821
826
832
837
843
848
854
860
865
871
876
882
887
893
898
904
910
915
921
927
933
939
945
951
957
962
968
974
980
986
992
998
1004
1010
1015
1021
1026
1032
1037
1043
1048
1054
1060
1065
1071
1076
1082
1087
1093
1098
1104
1110
1115
1121
1127
1133
1139
1145
1151
1157
1162
1168
1174
1180
1186
1192
1198
1204
1210
1215
1221
1226
1232
1237
1243
1248
1254
1260
1265
1271
1276
1282
1287
1293
1298
1304
1310
1315
1320
1325
1331
1336
1341
1346
1352
1357
1362
1367
1373
1378
1383
1388
1394
1399
1404
1410
1415
1420
1425
1431
1436
1441
1446
1452
1457
1462
1467
1473
1478
1483
1488
1494
1499
1504
1510
1515
1520
1525
1531
1536
1541
1546
1552
1557
1562
1567
1573
1578
1583
1588
1594
1599
1604
1610
1615
1620
1625
1631
1636
1641
1646
1652
1657
1662
1667
1673
1678
1683
1688
1694
1699
1704
1710
1715
1720
1725
1731
1736
1741
1746
1752
1757
1762
1767
1773
1778
1783
1788
1794
1799
1804
1810
1815
1820
1825
1831
1836
1841
1846
1852
1857
1862
1867
1873
1878
1883
1888
1894
1899
1904
1910
1915
1921
1926
1932
1937
1943
1948
1954
1960
1965
1971
1976
1982
1987
1993
1998
2004
2009
2015
2020
2025
2031
2036
2041
2046
2052
2057
2062
2067
2073
2078
2083
2088
2094
2099
2104
2110
2115
2121
2127
2133
2138
2144
2150
2156
2162
2167
2173
2179
2185
2191
2196
2202
2208
2214
2220
2225
2230
2235
2241
2246
2251
2256
2262
2267
2272
2277
2283
2288
2293
2298
2304
2309
2314
2320
2324
2330
2335
2340
2344
2349
2355
2360
2364
2370
2375
2380
2385
2389
2395
2400
2405
2410
2415
2420
2425
2429
2435
2440
2445
2450
2455
2460
2465
2469
2475
2480
2485
2490
2495
2500
2505
2510
2515
2520
2525
2530
2535
2540
2545
2550
2555
2560
2565
2570
2575
2580
2585
2590
2595
2600
2605
2610
2615
2620
2625
2630
2635
2640
2645
2650
2655
2660
2665
2670
2675
2680
2685
2690
2695
2700
2705
2710
2715
2720
2724
2729
2734
2739
2743
2748
2753
2758
2762
2767
2772
2777
2781
2786
2791
2796
2800
2805
2810
2815
2820
2824
2830
2835
2840
2844
2849
2855
2860
2864
2870
2875
2880
2885
2889
2895
2900
2905
2910
2915
2920
2925
2929
2935
2940
2945
2950
2955
2960
2965
2969
2975
2980
2985
2990
2995
3000
3005
3010
3015
3020
3025
3030
3035
3040
3045
3050
3055
3060
3065
3070
3075
3080
3085
3090
3095
3100
3105
3110
3115
3120
3125
3131
3136
3142
3147
3153
3158
3164
3169
3175
3180
3186
3191
3197
3202
3208
3213
3219
3224
3230
3235
3240
3245
3250
3255
3260
3265
3270
3275
3280
3285
3290
3295
3300
3305
3310
3315
3320
3325
3330
3335
3340
3345
3351
3356
3361
3366
3372
3377
3382
3387
3393
3398
3403
3408
3414
3419
3424
3430
3435
3440
3445
3451
3456
3461
3466
3472
3477
3482
3487
3493
3498
3503
3508
3514
3519
3524
3530
3535
3540
3545
3551
3556
3561
3566
3572
3577
3582
3587
3593
3598
3603
3608
3614
3619
3624
3630
3635
3640
3645
3651
3656
3661
3666
3672
3677
3682
3687
3693
3698
3703
3708
3714
3719
3724
3730
3735
3740
3745
3751
3756
3761
3766
3772
3777
3782
3787
3793
3798
3803
3808
3814
3819
3824
3830
3835
3840
3845
3851
3856
3861
3866
3872
3877
3882
3887
3893
3898
3903
3908
3914
3919
3924
3930
3935
3941
3946
3952
3957
3963
3968
3974
3980
3985
3991
3996
4002
4007
4013
4018
4024
4030
4035
4040
4045
4051
4056
4061
4066
4072
4077
4082
4087
4093
4098
4103
4108
4114
4119
4124
4130
4135
4141
4147
4153
4158
4164
4170
4176
4182
4187
4193
4199
4205
4211
4216
4222
4228
4234
4240
4245
4250
4255
4261
4266
4271
4276
4282
4287
4292
4297
4303
4308
4313
4318
4324
4329
4334
4340
4345
4351
4356
4362
4367
4373
4378
4384
4390
4395
4401
4406
4412
4417
4423
4428
4434
4440
4446
4452
4458
4464
4470
4476
4482
4488
4495
4501
4507
4513
4519
4525
4531
4537
4543
4550
4555
4561
4567
4573
4578
4584
4590
4596
4602
4607
4613
4619
4625
4631
4636
4642
4648
4654
4660
4666
4672
4678
4684
4690
4696
4702
4708
4715
4721
4727
4733
4739
4745
4751
4757
4763
4770
4776
4782
4788
4794
4800
4806
4812
4818
4824
4831
4837
4843
4849
4855
4861
4867
4873
4880
4885
4891
4896
4902
4907
4913
4918
4924
4930
4935
4941
4946
4952
4957
4963
4968
4974
4980
4986
4992
4998
5004
5010
5016
5022
5028
5035
5041
5047
5053
5059
5065
5071
5077
5083
5090
5096
5102
5108
5114
5120
5126
5132
5138
5145
5151
5157
5163
5169
5175
5181
5187
5193
5200
5206
5212
5218
5224
5230
5236
5242
5248
5255
5261
5267
5273
5279
5285
5291
5297
5303
5310
5316
5322
5328
5334
5340
5346
5352
5358
5365
5371
5377
5383
5389
5395
5401
5407
5413
5420
5424
5428
5433
5437
5441
5446
5450
5454
5459
5463
5467
5472
5476
5480
5485
5489
5493
5498
5502
5506
5511
5515
5520
5524
5528
5533
5537
5541
5546
5550
5554
5559
5563
5567
5572
5576
5580
5585
5589
5593
5598
5602
5606
5611
5615
5620
5624
5629
5633
5638
5642
5647
5651
5656
5660
5665
5670
5674
5679
5683
5688
5692
5697
5701
5706
5710
5715
5720
5724
5728
5733
5737
5741
5746
5750
5754
5759
5763
5767
5772
5776
5780
5785
5789
5793
5798
5802
5806
5811
5815
5820
5824
5828
5833
5837
5841
5846
5850
5854
5859
5863
5867
5872
5876
5880
5885
5889
5893
5898
5902
5906
5911
5915
5920
5924
5928
5933
5937
5941
5946
5950
5954
5959
5963
5967
5972
5976
5980
5985
5989
5993
5998
6002
6006
6011
6015
6020
6024
6029
6033
6038
6042
6047
6051
6056
6060
6065
6070
6074
6079
6083
6088
6092
6097
6101
6106
6110
6115
6120
6124
6128
6133
6137
6141
6146
6150
6154
6159
6163
6167
6172
6176
6180
6185
6189
6193
6198
6202
6206
6211
6215
6220
6224
6228
6233
6237
6241
6246
6250
6254
6259
6263
6267
6272
6276
6280
6285
6289
6293
6298
6302
6306
6311
6315
6320
6324
6329
6333
6338
6342
6347
6351
6356
6360
6365
6370
6374
6379
6383
6388
6392
6397
6401
6406
6410
6415
6420
6425
6431
6436
6442
6447
6453
6458
6464
6470
6475
6481
6486
6492
6497
6503
6508
6514
6520
6525
6531
6537
6543
6549
6555
6561
6567
6572
6578
6584
6590
6596
6602
6608
6614
6620
6625
6631
6636
6642
6647
6653
6658
6664
6670
6675
6681
6686
6692
6697
6703
6708
6714
6720
6726
6732
6738
6744
6750
6756
6762
6768
6775
6781
6787
6793
6799
6805
6811
6817
6823
6830
6835
6841
6847
6853
6859
6865
6871
6877
6882
6888
6894
6900
6906
6912
6918
6924
6930
6935
6941
6946
6952
6957
6963
6968
6974
6980
6985
6991
6996
7002
7007
7013
7018
7024
7030
7035
7041
7047
7053
7059
7065
7071
7077
7082
7088
7094
7100
7106
7112
7118
7124
7130
7135
7141
7146
7152
7157
7163
7168
7174
7180
7185
7191
7196
7202
7207
7213
7218
7224
7230
7235
7241
7247
7253
7259
7265
7271
7277
7282
7288
7294
7300
7306
7312
7318
7324
7330
7336
7342
7348
7354
7360
7366
7372
7378
7385
7391
7397
7403
7409
7415
7421
7427
7433
7440
7445
7450
7455
7460
7465
7470
7475
7480
7485
7490
7495
7500
7505
7510
7515
7520
7525
7530
7535
7540
7545
7550
7555
7560
7564
7570
7575
7580
7585
7590
7595
7600
7604
7609
7615
7620
7625
7630
7635
7640
7645
7649
7654
7660
7665
7670
7675
7680
7685
7689
7695
7700
7705
7710
7715
7720
7725
7730
7735
7740
7745
7750
7755
7760
7765
7770
7775
7780
7785
7790
7795
7800
7805
7810
7814
7820
7825
7830
7835
7840
7845
7850
7854
7860
7865
7870
7875
7880
7885
7890
7895
7900
7905
7910
7915
7920
7925
7930
7935
7940
7945
7950
7955
7960
7965
7970
7975
7979
7984
7990
7995
8000
8004
8010
8014
8020
8024
8029
8034
8039
8045
8049
8055
8059
8064
8070
8074
8080
8084
8090
8095
8100
8105
8109
8115
8120
8125
8130
8135
8140
8145
8150
8155
8160
8165
8170
8175
8180
8185
8190
8195
8200
8205
8210
8215
8220
8225
8230
8235
8240
8245
8251
8256
8262
8267
8273
8278
8284
8289
8295
8300
8306
8311
8317
8322
8328
8333
8339
8344
8350
8355
8360
8365
8370
8375
8379
8385
8389
8395
8399
8405
8410
8415
8420
8424
8430
8434
8440
8444
8450
8630
8820
9010
9200
9380
9570
9760
9950
10130
10225
10320
10322
10324
10326
10328
10330
10332
10334
10336
10338
10340
10342
10344
10346
10348
10350
10352
10354
10356
10358
10360
10362
10364
10366
10368
10370
10372
10374
10376
10378
10380
10382
10384
10386
10388
10390
10392
10394
10396
10398
10400
10402
10404
10406
10408
10410
10412
10414
10416
10418
10420
10422
10424
10426
10427
10430
10432
10434
10436
10438
10440
10442
10443
10446
10448
10450
10452
10454
10456
10458
10459
10462
10464
10466
10468
10470
10472
10474
10476
10478
10480
10482
10484
10485
10488
10490
10492
10494
10496
10498
10500
10501
10504
10506
10508
10510
10512
10514
10516
10517
10520
10522
10524
10526
10527
10530
10532
10533
10536
10538
10540
10542
10543
10546
10548
10549
10552
10554
10556
10558
10559
10562
10564
10565
10568
10570
10572
10574
10575
10578
10580
10581
10584
10585
10588
10590
10591
10594
10596
10597
10600
10601
10604
10606
10607
10610
10612
10613
10616
10617
10620
10622
10623
10626
10628
10629
10632
10633
10636
10638
10639
10642
10644
10645
10648
10650
10652
10654
10656
10658
10660
10661
10664
10666
10668
10670
10672
10674
10676
10678
10680
10682
10684
10686
10688
10690
10692
10694
10696
10698
10700
10702
10704
10706
10708
10710
10712
10714
10716
10718
10720
10722
10724
10726
10728
10730
10732
10734
10736
10738
10740
10742
10744
10746
10748
10750
10752
10754
10756
10758
10760
10762
10764
10766
10768
10770
10772
10774
10776
10778
10780
10782
10784
10786
10788
10790
10792
10794
10796
10798
10800
10802
10804
10806
10808
10810
10812
10814
10816
10818
10820
10822
10824
10826
10828
10830
10832
10834
10836
10838
10840
10842
10844
10846
10848
10850
10852
10854
10856
10858
10860
10862
10864
10866
10868
10870
10872
10874
10876
10878
10880
10882
10884
10886
10888
10890
10892
10894
10896
10898
10900
10902
10904
10906
10908
10910
10912
10914
10916
10918
10920
10921
10923
10925
10927
10929
10931
10933
10935
10937
10939
10941
10943
10945
10947
10949
10951
10953
10955
10957
10959
10961
10963
10965
10967
10969
10970
10972
10974
10976
10978
10980
10982
10984
10986
10988
10990
10992
10994
10996
10998
11000
11002
11004
11006
11008
11010
11012
11014
11016
11018
11020
11022
11024
11026
11027
11030
11032
11033
11036
11038
11040
11042
11043
11046
11048
11049
11052
11054
11056
11058
11059
11062
11064
11065
11068
11070
11072
11074
11075
11078
11080
11081
11084
11085
11088
11090
11091
11094
11096
11097
11100
11101
11104
11106
11107
11110
11112
11113
11116
11117
11120
11122
11124
11126
11128
11131
11133
11135
11137
11139
11142
11144
11146
11148
11150
11152
11155
11157
11159
11161
11164
11166
11168
11170
11172
11174
11177
11179
11181
11183
11186
11188
11190
11192
11194
11197
11199
11201
11203
11205
11208
11210
11212
11214
11216
11219
11221
11223
11225
11227
11230
11232
11234
11236
11238
11240
11242
11244
11246
11248
11250
11252
11254
11256
11258
11260
11262
11264
11266
11268
11270
11272
11274
11276
11278
11280
11282
11284
11286
11288
11290
11292
11294
11296
11298
11300
11302
11304
11306
11308
11310
11312
11314
11316
11318
11320
11322
11324
11326
11328
11330
11335
11340
11345
11350
11355
11360
11365
11370
11375
11379
11385
11390
11395
11400
11405
11410
11415
11420
11424
11430
11434
11440
11444
11449
11454
11459
11463
11468
11473
11478
11483
11487
11492
11497
11502
11506
11511
11516
11521
11526
11530
11535
11540
11545
11550
11555
11560
11565
11570
11575
11580
11585
11590
11595
11600
11605
11610
11615
11620
11625
11630
11635
11640
11645
11650
11655
11660
11664
11669
11674
11679
11683
11688
11693
11698
11703
11707
11712
11717
11722
11726
11731
11736
11741
11746
11750
11755
11760
11765
11770
11775
11780
11785
11790
11796
11801
11806
11811
11816
11822
11827
11832
11837
11843
11848
11853
11858
11863
11869
11874
11879
11884
11890
11895
11900
11905
11910
11915
11920
11925
11930
11935
11940
11945
11950
11955
11960
11965
11970
11975
11980
11985
11990
11995
12000
12004
12009
12014
12019
12023
12028
12033
12038
12043
12047
12052
12057
12062
12066
12071
12076
12081
12086
12090
12095
12100
12105
12110
12115
12120
12125
12129
12135
12140
12145
12150
12155
12160
12165
12170
12175
12180
12185
12190
12195
12200
12205
12210
12215
12220
12224
12229
12234
12239
12243
12248
12253
12258
12263
12267
12272
12277
12282
12286
12291
12296
12301
12306
12310
12315
12320
12325
12330
12335
12340
12346
12351
12357
12362
12368
12373
12379
12384
12390
12395
12400
12406
12411
12417
12422
12428
12433
12439
12444
12450
12453
12456
12460
12463
12467
12470
12474
12477
12481
12484
12487
12491
12494
12498
12501
12505
12508
12512
12515
12518
12522
12525
12529
12532
12536
12539
12543
12546
12550
12553
12556
12560
12563
12567
12570
12574
12577
12581
12584
12587
12591
12594
12598
12601
12605
12608
12612
12615
12618
12622
12625
12629
12632
12636
12639
12643
12646
12650
12653
12656
12660
12663
12667
12670
12674
12677
12681
12684
12687
12691
12694
12698
12701
12705
12708
12712
12715
12718
12722
12725
12729
12732
12736
12739
12743
12746
12750
12753
12757
12760
12764
12767
12771
12775
12778
12782
12785
12789
12792
12796
12800
12803
12807
12810
12814
12817
12821
12825
12828
12832
12835
12839
12842
12846
12850
12853
12856
12860
12863
12867
12870
12874
12877
12881
12884
12887
12891
12894
12898
12901
12905
12908
12912
12915
12918
12922
12925
12929
12932
12936
12939
12943
12946
12950
12953
12956
12960
12963
12967
12970
12974
12977
12981
12984
12987
12991
12994
12998
13001
13005
13008
13012
13015
13018
13022
13025
13029
13032
13036
13039
13043
13046
13050
13053
13056
13060
13063
13067
13070
13074
13077
13081
13084
13087
13091
13094
13098
13101
13105
13108
13112
13115
13118
13122
13125
13129
13132
13136
13139
13143
13146
13150
13153
13156
13160
13163
13167
13170
13174
13177
13181
13184
13187
13191
13194
13198
13201
13205
13208
13212
13215
13218
13222
13225
13229
13232
13236
13239
13243
13246
13250
13253
13256
13260
13263
13267
13270
13274
13277
13281
13284
13287
13291
13294
13298
13301
13305
13308
13312
13315
13318
13322
13325
13329
13332
13336
13339
13343
13346
13350
13353
13357
13360
13364
13367
13371
13375
13378
13382
13385
13389
13392
13396
13399
13403
13407
13410
13414
13417
13421
13424
13428
13432
13435
13439
13442
13446
13450
13455
13461
13466
13472
13477
13483
13488
13494
13500
13505
13511
13516
13522
13527
13533
13538
13544
13550
13555
13561
13567
13573
13579
13585
13591
13597
13602
13608
13614
13620
13626
13632
13638
13644
13650
13656
13662
13668
13674
13680
13686
13692
13698
13705
13711
13717
13723
13729
13735
13741
13747
13753
13760
13765
13771
13777
13783
13789
13795
13801
13807
13812
13818
13824
13830
13836
13842
13848
13854
13860
13865
13871
13876
13882
13887
13893
13898
13904
13910
13915
13921
13926
13932
13937
13943
13948
13954
13960
13966
13972
13979
13985
13992
13998
14005
14011
14018
14024
14031
14037
14044
14050
14057
14063
14070
14075
14081
14087
14093
14099
14105
14111
14117
14122
14128
14134
14140
14146
14152
14158
14164
14170
14175
14181
14186
14192
14197
14203
14208
14214
14219
14225
14231
14236
14242
14247
14253
14258
14264
14270
14275
14281
14287
14293
14299
14305
14311
14317
14322
14328
14334
14340
14346
14352
14358
14364
14370
14376
14382
14388
14394
14400
14406
14412
14418
14425
14431
14437
14443
14449
14455
14461
14467
14473
14480
14484
14488
14492
14496
14500
14504
14508
14512
14516
14520
14524
14528
14532
14536
14540
14544
14548
14552
14556
14560
14564
14568
14572
14576
14580
14584
14588
14592
14596
14600
14604
14608
14612
14616
14620
14624
14628
14632
14636
14640
14644
14648
14652
14656
14660
14664
14668
14672
14676
14680
14684
14687
14692
14696
14700
14703
14708
14712
14716
14719
14724
14728
14732
14735
14740
14744
14748
14751
14756
14760
14764
14767
14772
14776
14780
14783
14788
14792
14796
14799
14804
14808
14812
14816
14820
14824
14828
14832
14836
14840
14844
14848
14852
14856
14860
14864
14868
14872
14876
14880
14884
14888
14892
14896
14900
14904
14908
14912
14916
14920
14924
14928
14932
14936
14940
14944
14948
14952
14956
14960
14964
14968
14972
14976
14980
14983
14987
14991
14995
14999
15003
15006
15010
15014
15018
15022
15026
15030
15033
15037
15041
15045
15049
15053
15056
15060
15064
15068
15072
15076
15080
15084
15088
15092
15096
15100
15104
15108
15112
15116
15120
15124
15128
15132
15136
15140
15144
15148
15152
15156
15160
15164
15168
15172
15176
15180
15184
15188
15193
15197
15202
15206
15210
15215
15219
15224
15228
15232
15237
15241
15245
15250
15254
15259
15263
15267
15272
15276
15281
15285
15290
15293
15298
15302
15306
15309
15314
15318
15322
15326
15330
15334
15338
15342
15346
15350
15354
15358
15362
15366
15370
15374
15378
15382
15386
15390
15394
15398
15402
15406
15410
15414
15418
15422
15426
15430
15434
15438
15442
15446
15450
15454
15458
15462
15466
15470
15474
15478
15482
15486
15490
15494
15498
15502
15506
15510
15515
15519
15523
15527
15531
15535
15540
15544
15548
15552
15556
15560
15565
15569
15573
15577
15581
15585
15590
15594
15598
15602
15606
15610
15615
15619
15623
15627
15631
15635
15640
15644
15648
15652
15656
15660
15665
15669
15673
15677
15681
15685
15690
15694
15698
15702
15706
15710
15715
15719
15723
15727
15731
15735
15739
15744
15748
15752
15756
15760
15764
15769
15773
15777
15781
15785
15790
15794
15798
15802
15806
15810
15815
15819
15823
15827
15831
15835
15840
15844
15848
15852
15856
15860
15865
15869
15873
15877
15881
15885
15890
15894
15898
15902
15906
15910
15915
15919
15923
15927
15931
15935
15940
15944
15948
15952
15956
15960
15965
15969
15973
15977
15981
15985
15990
15994
15998
16002
16006
16010
16015
16019
16023
16027
16031
16035
16040
16044
16048
16052
16056
16060
16065
16069
16073
16077
16081
16085
16090
16094
16098
16102
16106
16110
16115
16119
16123
16127
16131
16135
16140
16144
16148
16152
16156
16160
16165
16169
16173
16177
16181
16185
16190
16194
16198
16202
16206
16210
16215
16219
16223
16227
16231
16235
16240
16244
16248
16252
16256
16260
16265
16269
16273
16277
16281
16285
16290
16294
16298
16302
16306
16310
16314
16319
16323
16327
16331
16335
16340
16344
16348
16352
16356
16360
16365
16369
16373
16377
16381
16385
16390
16394
16398
16402
16406
16410
16415
16419
16423
16427
16431
16435
16439
16444
16448
16452
16456
16460
16465
16469
16473
16477
16481
16485
16490
16493
16497
16501
16504
16508
16512
16515
16519
16523
16527
16530
16534
16538
16541
16545
16549
16552
16556
16560
16564
16567
16571
16575
16578
16582
16586
16590
16593
16597
16601
16605
16609
16613
16616
16620
16624
16628
16632
16636
16640
16643
16647
16651
16655
16659
16663
16666
16670
16674
16678
16682
16686
16690
16693
16697
16701
16704
16708
16712
16715
16719
16723
16727
16730
16734
16738
16741
16745
16749
16752
16756
16760
16764
16767
16771
16775
16778
16782
16786
16790
16793
16797
16801
16805
16809
16813
16816
16820
16824
16828
16832
16836
16840
16843
16847
16851
16855
16859
16863
16866
16870
16874
16878
16882
16886
16890
16893
16897
16901
16904
16908
16912
16915
16919
16923
16927
16930
16934
16938
16941
16945
16949
16952
16956
16960
16964
16967
16971
16975
16978
16982
16986
16990
16993
16997
17001
17005
17009
17013
17016
17020
17024
17028
17032
17036
17040
17043
17047
17051
17055
17059
17063
17066
17070
17074
17078
17082
17086
17090
17093
17097
17101
17104
17108
17112
17115
17119
17123
17127
17130
17134
17138
17141
17145
17149
17152
17156
17160
17164
17167
17171
17175
17178
17182
17186
17190
17193
17197
17201
17205
17209
17213
17216
17220
17224
17228
17232
17236
17240
17243
17247
17251
17255
17259
17263
17266
17270
17274
17278
17282
17286
17290
17293
17297
17301
17304
17308
17312
17315
17319
17323
17327
17330
17334
17338
17341
17345
17349
17352
17356
17360
17364
17367
17371
17375
17378
17382
17386
17390
17393
17397
17401
17404
17408
17412
17415
17419
17423
17427
17430
17434
17438
17441
17445
17449
17452
17456
17460
17464
17467
17471
17475
17478
17482
17486
17490
17493
17496
17500
17503
17506
17509
17513
17516
17520
17523
17526
17529
17533
17536
17540
17543
17546
17550
17553
17556
17560
17563
17566
17570
17573
17576
17580
17583
17586
17590
17593
17596
17600
17603
17606
17610
17613
17616
17620
17623
17626
17630
17633
17636
17640
17643
17646
17650
17653
17656
17660
17663
17666
17670
17673
17676
17680
17683
17686
17690
17693
17696
17699
17702
17706
17709
17712
17715
17719
17722
17725
17728
17731
17735
17738
17741
17744
17748
17751
17754
17757
17760
17764
17767
17770
17773
17777
17780
17783
17786
17790
17793
17796
17800
17803
17806
17810
17813
17816
17820
17823
17826
17830
17833
17836
17840
17843
17846
17850
17853
17856
17860
17863
17866
17870
17873
17876
17880
17883
17886
17890
17893
17896
17899
17902
17906
17909
17912
17915
17919
17922
17925
17928
17931
17935
17938
17941
17944
17948
17951
17954
17957
17960
17964
17967
17970
17973
17977
17980
17983
17986
17990
17993
17996
18000
18003
18006
18009
18013
18016
18020
18023
18026
18029
18033
18036
18040
18043
18046
18050
18053
18056
18060
18063
18066
18070
18073
18076
18080
18083
18086
18090
18093
18096
18100
18103
18106
18110
18113
18116
18120
18123
18126
18130
18133
18136
18140
18143
18146
18150
18153
18156
18160
18163
18166
18170
18173
18176
18180
18183
18186
18190
18193
18196
18199
18202
18206
18209
18212
18215
18219
18222
18225
18228
18231
18235
18238
18241
18244
18248
18251
18254
18257
18260
18264
18267
18270
18273
18277
18280
18283
18286
18290
18293
18296
18300
18303
18306
18310
18313
18316
18320
18323
18326
18330
18333
18336
18340
18343
18346
18350
18353
18356
18360
18363
18366
18370
18373
18376
18380
18383
18386
18390
18393
18397
18400
18404
18407
18411
18414
18418
18421
18425
18429
18432
18436
18439
18443
18446
18450
18453
18457
18460
18464
18468
18471
18475
18478
18482
18485
18489
18492
18496
18500
18502
18505
18508
18511
18513
18516
18519
18522
18525
18527
18530
18533
18536
18538
18541
18544
18547
18550
18552
18555
18558
18561
18563
18566
18569
18572
18575
18577
18580
18583
18586
18588
18591
18594
18597
18600
18602
18605
18608
18610
18613
18616
18618
18621
18624
18627
18629
18632
18635
18637
18640
18643
18645
18648
18651
18654
18656
18659
18662
18664
18667
18670
18672
18675
18678
18681
18683
18686
18689
18691
18694
18697
18700
18702
18705
18708
18711
18713
18716
18719
18722
18725
18727
18730
18733
18736
18738
18741
18744
18747
18750
18752
18755
18758
18761
18763
18766
18769
18772
18775
18777
18780
18783
18786
18788
18791
18794
18797
18800
18802
18805
18808
18810
18813
18816
18818
18821
18824
18827
18829
18832
18835
18837
18840
18843
18845
18848
18851
18854
18856
18859
18862
18864
18867
18870
18872
18875
18878
18881
18883
18886
18889
18891
18894
18897
18900
18902
18905
18908
18911
18913
18916
18919
18922
18924
18927
18930
18933
18936
18938
18941
18944
18947
18950
18952
18955
18958
18961
18963
18966
18969
18972
18975
18977
18980
18983
18986
18988
18991
18994
18997
19000
19002
19005
19008
19010
19013
19016
19018
19021
19024
19027
19029
19032
19035
19037
19040
19043
19045
19048
19051
19054
19056
19059
19062
19064
19067
19070
19072
19075
19078
19081
19083
19086
19089
19091
19094
19097
19100
19102
19105
19108
19111
19113
19116
19119
19122
19125
19127
19130
19133
19136
19138
19141
19144
19147
19150
19152
19155
19158
19161
19163
19166
19169
19172
19175
19177
19180
19183
19186
19188
19191
19194
19197
19200
19202
19205
19208
19210
19213
19216
19218
19221
19224
19227
19229
19232
19235
19237
19240
19243
19245
19248
19251
19254
19256
19259
19262
19264
19267
19270
19272
19275
19278
19281
19283
19286
19289
19291
19294
19297
19300
19302
19305
19308
19311
19313
19316
19319
19322
19325
19327
19330
19333
19336
19338
19341
19344
19347
19350
19352
19355
19358
19361
19363
19366
19369
19372
19375
19377
19380
19383
19386
19388
19391
19394
19397
19400
19402
19405
19408
19411
19413
19416
19419
19422
19424
19427
19430
19433
19436
19438
19441
19444
19447
19450
19452
19455
19458
19461
19463
19466
19469
19472
19475
19477
19480
19483
19486
19488
19491
19494
19497
19500
19505
19510
19515
19521
19526
19531
19536
19542
19547
19552
19557
19563
19568
19573
19578
19584
19589
19594
19600
19605
19610
19615
19621
19626
19631
19636
19642
19647
19652
19657
19663
19668
19673
19678
19684
19689
19694
19700
19705
19710
19715
19721
19726
19731
19736
19742
19747
19752
19757
19763
19768
19773
19778
19784
19789
19794
19800
19805
19810
19815
19821
19826
19831
19836
19842
19847
19852
19857
19863
19868
19873
19878
19884
19889
19894
19900
19905
19910
19915
19921
19926
19931
19936
19942
19947
19952
19957
19963
19968
19973
19978
19984
19989
19994
20000
20005
20010
20015
20020
20025
20030
20035
20040
20045
20050
20055
20060
20065
20070
20075
20080
20085
20090
20095
20100
20105
20110
20115
20121
20126
20131
20136
20142
20147
20152
20157
20163
20168
20173
20178
20184
20189
20194
20200
20205
20210
20215
20221
20226
20231
20236
20242
20247
20252
20257
20263
20268
20273
20278
20284
20289
20294
20300
20305
20310
20315
20321
20326
20331
20336
20342
20347
20352
20357
20363
20368
20373
20378
20384
20389
20394
20400
20405
20411
20417
20423
20428
20434
20440
20446
20452
20457
20463
20469
20475
20481
20486
20492
20498
20504
20510
20514
20519
20523
20528
20532
20537
20541
20546
20550
20555
20560
20564
20569
20573
20578
20582
20587
20591
20596
20600
20605
20610
20614
20618
20623
20627
20631
20636
20640
20644
20649
20653
20657
20662
20666
20670
20675
20679
20683
20688
20692
20696
20701
20705
20710
20714
20719
20723
20728
20732
20737
20741
20746
20750
20755
20760
20764
20769
20773
20778
20782
20787
20791
20796
20800
20805
20810
20814
20818
20823
20827
20831
20836
20840
20844
20849
20853
20857
20862
20866
20870
20875
20879
20883
20888
20892
20896
20901
20905
20910
20914
20919
20923
20928
20932
20937
20941
20946
20950
20955
20960
20964
20969
20973
20978
20982
20987
20991
20996
21000
21005
21010
21014
21018
21023
21027
21031
21036
21040
21044
21049
21053
21057
21062
21066
21070
21075
21079
21083
21088
21092
21096
21101
21105
21110
21114
21119
21123
21128
21132
21137
21141
21146
21150
21155
21160
21164
21169
21173
21178
21182
21187
21191
21196
21200
21205
21210
21214
21218
21223
21227
21231
21236
21240
21244
21249
21253
21257
21262
21266
21270
21275
21279
21283
21288
21292
21296
21301
21305
21310
21314
21320
21325
21330
21335
21340
21345
21350
21355
21360
21365
21370
21375
21380
21385
21390
21395
21400
21405
21410
21415
21420
21424
21428
21433
21437
21441
21446
21450
21454
21459
21463
21467
21472
21476
21480
21485
21489
21493
21498
21502
21506
21511
21515
21520
21536
21553
21570
21587
21604
21621
21638
21655
21672
21689
21706
21723
21740
21756
21772
21789
21805
21822
21838
21854
21871
21887
21904
21920
21937
21953
21970
21985
22001
22017
22032
22048
22064
22080
22095
22111
22127
22142
22158
22174
22190
22206
22223
22240
22257
22274
22291
22308
22325
22342
22359
22376
22393
22410
22426
22442
22459
22475
22492
22508
22525
22541
22557
22574
22590
22607
22623
22640
22655
22671
22687
22702
22718
22734
22750
22765
22781
22797
22812
22828
22844
22860
22877
22895
22913
22930
22948
22966
22983
23001
23019
23036
23054
23072
23090
23105
23121
23137
23152
23168
23184
23200
23215
23231
23247
23262
23278
23294
23310
23326
23343
23360
23377
23394
23411
23428
23445
23462
23479
23496
23513
23530
23546
23562
23579
23595
23612
23628
23645
23661
23677
23694
23710
23727
23743
23760
23762
23764
23767
23769
23771
23774
23776
23779
23781
23783
23786
23788
23790
23793
23795
23798
23800
23802
23805
23807
23810
23812
23814
23817
23819
23821
23824
23826
23829
23831
23833
23836
23838
23840
23843
23845
23848
23850
23852
23855
23857
23860
23862
23864
23867
23869
23872
23874
23877
23879
23881
23884
23886
23889
23891
23894
23896
23899
23901
23903
23906
23908
23911
23913
23916
23918
23920
23923
23925
23928
23930
23933
23935
23938
23940
23942
23945
23947
23950
23952
23955
23957
23960
23962
23964
23967
23969
23972
23974
23977
23979
23981
23984
23986
23989
23991
23994
23996
23999
24001
24003
24006
24008
24011
24013
24016
24018
24020
24023
24025
24028
24030
24033
24035
24038
24040
24042
24045
24047
24050
24052
24055
24057
24060
24062
24065
24067
24070
24073
24075
24078
24080
24083
24086
24088
24091
24094
24096
24099
24101
24104
24107
24109
24112
24115
24117
24120
24122
24125
24128
24130
24133
24135
24138
24141
24143
24146
24149
24151
24154
24156
24159
24162
24164
24167
24170
24172
24174
24177
24179
24182
24184
24187
24189
24191
24194
24196
24199
24201
24204
24206
24209
24211
24213
24216
24218
24221
24223
24226
24228
24230
24233
24235
24238
24240
24243
24245
24248
24250
24252
24255
24257
24260
24262
24265
24267
24270
24272
24274
24277
24279
24281
24284
24286
24289
24291
24293
24296
24298
24300
24303
24305
24308
24310
24312
24315
24317
24320
24322
24324
24327
24329
24331
24334
24336
24339
24341
24343
24346
24348
24350
24353
24355
24358
24360
24362
24365
24367
24370
24372
24374
24377
24379
24382
24384
24387
24389
24391
24394
24396
24399
24401
24404
24406
24409
24411
24413
24416
24418
24421
24423
24426
24428
24430
24433
24435
24438
24440
24443
24445
24448
24450
24452
24455
24457
24460
24462
24465
24467
24470
24472
24474
24477
24479
24481
24484
24486
24489
24491
24493
24496
24498
24500
24503
24505
24508
24510
24512
24515
24517
24520
24522
24524
24527
24529
24531
24534
24536
24539
24541
24543
24546
24548
24550
24553
24555
24558
24560
24562
24565
24567
24570
24572
24575
24578
24580
24583
24586
24588
24591
24594
24596
24599
24602
24604
24607
24610
24612
24615
24618
24620
24623
24626
24629
24631
24634
24637
24639
24642
24645
24647
24650
24653
24655
24658
24661
24663
24666
24669
24671
24674
24677
24680
24682
24684
24687
24689
24691
24694
24696
24699
24701
24703
24706
24708
24710
24713
24715
24718
24720
24722
24725
24727
24730
24732
24734
24737
24739
24741
24744
24746
24749
24751
24753
24756
24758
24760
24763
24765
24768
24770
24772
24775
24777
24780
24786
24792
24798
24805
24811
24817
24823
24830
24836
24842
24848
24855
24861
24867
24873
24880
24885
24891
24897
24903
24909
24915
24921
24927
24932
24938
24944
24950
24956
24962
24968
24974
24980
24986
24992
24998
25005
25011
25017
25023
25030
25036
25042
25048
25055
25061
25067
25073
25080
25085
25091
25097
25103
25109
25115
25121
25127
25132
25138
25144
25150
25156
25162
25168
25174
25180
25185
25191
25197
25203
25209
25215
25221
25227
25232
25238
25244
25250
25256
25262
25268
25274
25280
25286
25292
25298
25305
25311
25317
25323
25330
25336
25342
25348
25355
25361
25367
25373
25380
25385
25391
25397
25403
25409
25415
25421
25427
25432
25438
25444
25450
25456
25462
25468
25474
25480
25486
25493
25500
25507
25514
25521
25528
25535
25541
25548
25555
25562
25569
25576
25583
25590
25595
25601
25607
25613
25619
25625
25631
25637
25642
25648
25654
25660
25666
25672
25678
25684
25690
25695
25701
25707
25713
25719
25725
25731
25737
25742
25748
25754
25760
25766
25772
25778
25784
25790
25796
25803
25810
25816
25823
25830
25836
25843
25850
25856
25863
25870
25876
25883
25890
25896
25903
25910
25916
25923
25930
25936
25943
25950
25956
25963
25970
25976
25983
25990
25997
26004
26011
26018
26025
26032
26040
26047
26054
26061
26068
26075
26082
26090
26096
26103
26110
26116
26123
26130
26136
26143
26150
26156
26163
26170
26176
26183
26190
26196
26203
26210
26216
26223
26230
26236
26243
26250
26256
26263
26270
26276
26283
26290
26296
26303
26310
26316
26323
26330
26336
26343
26350
26356
26363
26370
26376
26383
26390
26396
26403
26410
26416
26423
26430
26436
26443
26450
26456
26463
26470
26476
26483
26490
26496
26503
26509
26516
26523
26529
26536
26543
26550
26556
26563
26570
26576
26583
26590
26596
26603
26610
26616
26623
26630
26636
26643
26650
26656
26663
26670
26676
26683
26690
26696
26703
26710
26716
26723
26730
26736
26743
26750
26756
26763
26770
26776
26783
26790
26795
26801
26807
26813
26819
26825
26831
26837
26842
26848
26854
26860
26866
26872
26878
26884
26890
26895
26901
26907
26913
26919
26925
26931
26937
26942
26948
26954
26960
26966
26972
26978
26984
26990
26995
27001
27007
27013
27019
27025
27031
27037
27042
27048
27054
27060
27066
27072
27078
27084
27090
27095
27101
27106
27112
27117
27123
27128
27134
27140
27145
27151
27156
27162
27167
27173
27178
27184
27190
27195
27201
27207
27213
27219
27225
27231
27237
27242
27248
27254
27260
27266
27272
27278
27284
27290
27295
27301
27307
27313
27319
27325
27331
27337
27342
27348
27354
27360
27366
27372
27378
27384
27390
27395
27401
27407
27413
27419
27425
27431
27437
27442
27448
27454
27460
27466
27472
27478
27484
27490
27495
27501
27507
27513
27519
27525
27531
27537
27542
27548
27554
27560
27566
27572
27578
27584
27590
27595
27601
27607
27613
27619
27625
27631
27637
27642
27648
27654
27660
27666
27672
27678
27684
27690
27695
27701
27707
27713
27719
27725
27731
27737
27742
27748
27754
27760
27766
27772
27778
27784
27790
27797
27804
27811
27818
27825
27832
27840
27847
27854
27861
27868
27875
27882
27890
27897
27905
27913
27920
27928
27936
27943
27951
27959
27966
27974
27982
27990
27997
28005
28013
28020
28028
28036
28043
28051
28059
28066
28074
28082
28090
28097
28105
28113
28120
28128
28136
28143
28151
28159
28166
28174
28182
28190
28198
28206
28215
28223
28232
28240
28249
28257
28266
28274
28283
28291
28300
28307
28315
28323
28330
28338
28346
28353
28361
28369
28376
28384
28392
28400
28407
28415
28423
28430
28438
28446
28453
28461
28469
28476
28484
28492
28500
28507
28515
28523
28530
28538
28546
28553
28561
28569
28576
28584
28592
28600
28607
28615
28623
28630
28638
28646
28653
28661
28669
28676
28684
28692
28700
28707
28715
28723
28730
28738
28746
28753
28761
28769
28776
28784
28792
28800
28807
28814
28821
28828
28835
28842
28849
28856
28863
28870
28877
28884
28891
28898
28905
28912
28920
28927
28935
28942
28950
28957
28965
28972
28980
28987
28995
29002
29009
29017
29025
29032
29040
29046
29052
29059
29065
29072
29078
29085
29091
29098
29104
29111
29117
29124
29130
29137
29143
29150
29157
29165
29172
29180
29187
29195
29202
29210
29217
29224
29232
29240
29247
29255
29262
29270
29277
29284
29291
29298
29305
29312
29319
29326
29333
29340
29347
29354
29361
29368
29375
29382
29390
29397
29405
29412
29420
29427
29435
29442
29450
29457
29465
29472
29480
29487
29495
29502
29510
29517
29524
29531
29538
29545
29552
29559
29566
29573
29580
29587
29594
29601
29608
29615
29622
29630
29636
29643
29650
29657
29664
29671
29678
29685
29691
29698
29705
29712
29719
29726
29733
29740
29747
29755
29762
29770
29777
29785
29792
29799
29807
29814
29822
29830
29837
29845
29852
29860
29867
29874
29881
29888
29895
29902
29909
29916
29923
29930
29937
29944
29951
29958
29965
29972
29980
