0.10 5939.20
0.20 5939.20
0.30 5939.20
0.40 5939.20
0.50 5939.20
0.60 5939.20
0.70 5939.20
0.80 5939.20
0.90 5939.20
1.00 5939.20
1.10 5632.00
1.20 5632.00
1.30 5632.00
1.40 5632.00
1.50 5632.00
1.60 5632.00
1.70 5632.00
1.80 5632.00
1.90 5632.00
2.00 5632.00
2.10 6041.60
2.20 6041.60
2.30 6041.60
2.40 6041.60
2.50 6041.60
2.60 6041.60
2.70 6041.60
2.80 6041.60
2.90 6041.60
3.00 6041.60
3.10 6758.40
3.20 6758.40
3.30 6758.40
3.40 6758.40
3.50 6758.40
3.60 6758.40
3.70 6758.40
3.80 6758.40
3.90 6758.40
4.00 6758.40
4.10 5324.80
4.20 5324.80
4.30 5324.80
4.40 5324.80
4.50 5324.80
4.60 5324.80
4.70 5324.80
4.80 5324.80
4.90 5324.80
5.00 5324.80
5.10 4812.80
5.20 4812.80
5.30 4812.80
5.40 4812.80
5.50 4812.80
5.60 4812.80
5.70 4812.80
5.80 4812.80
5.90 4812.80
6.00 4812.80
6.10 5632.00
6.20 5632.00
6.30 5632.00
6.40 5632.00
6.50 5632.00
6.60 5632.00
6.70 5632.00
6.80 5632.00
6.90 5632.00
7.00 5632.00
7.10 6451.20
7.20 6451.20
7.30 6451.20
7.40 6451.20
7.50 6451.20
7.60 6451.20
7.70 6451.20
7.80 6451.20
7.90 6451.20
8.00 6451.20
8.10 5939.20
8.20 5939.20
8.30 5939.20
8.40 5939.20
8.50 5939.20
8.60 5939.20
8.70 5939.20
8.80 5939.20
8.90 5939.20
9.00 5939.20
9.10 6041.60
9.20 6041.60
9.30 6041.60
9.40 6041.60
9.50 6041.60
9.60 6041.60
9.70 6041.60
9.80 6041.60
9.90 6041.60
10.00 6041.60
