7
15
23
30
38
46
53
61
69
76
84
92
100
107
115
123
130
138
146
153
161
169
176
184
192
200
207
215
223
230
238
246
253
261
269
276
284
292
300
307
315
323
330
338
346
353
361
369
376
384
392
400
407
415
423
430
438
446
453
461
469
476
484
492
500
507
515
523
530
538
546
553
561
569
576
584
592
600
607
614
621
628
635
642
649
657
664
671
678
685
692
700
707
715
723
730
738
746
753
761
769
776
784
792
800
807
815
823
830
838
846
853
861
869
876
884
892
900
907
915
923
930
938
946
953
961
969
976
984
992
1000
1006
1012
1019
1026
1032
1039
1045
1052
1058
1065
1071
1077
1084
1091
1097
1103
1110
1117
1123
1130
1135
1141
1147
1152
1158
1164
1170
1175
1181
1187
1192
1198
1204
1210
1215
1221
1227
1232
1238
1244
1250
1256
1263
1269
1276
1282
1289
1295
1302
1308
1315
1321
1327
1334
1341
1347
1353
1360
1367
1373
1380
1386
1392
1398
1404
1410
1416
1422
1428
1434
1440
1446
1452
1458
1464
1470
1476
1482
1488
1494
1500
1506
1513
1519
1526
1532
1539
1545
1552
1558
1565
1571
1577
1584
1591
1597
1603
1610
1617
1623
1630
1636
1642
1648
1654
1660
1666
1672
1678
1684
1690
1696
1702
1708
1714
1720
1726
1732
1738
1744
1750
1756
1762
1768
1774
1780
1787
1793
1799
1805
1811
1818
1824
1830
1836
1842
1849
1855
1861
1867
1873
1880
1886
1892
1898
1904
1910
1916
1922
1928
1934
1940
1946
1952
1958
1964
1970
1976
1982
1988
1994
2000
2006
2013
2019
2025
2032
2039
2045
2052
2058
2065
2071
2078
2084
2090
2097
2104
2110
2117
2123
2130
2136
2142
2147
2154
2160
2166
2171
2178
2184
2190
2195
2202
2208
2214
2219
2226
2232
2238
2244
2250
2265
2281
2297
2312
2328
2344
2360
2374
2388
2402
2417
2431
2445
2460
2478
2496
2514
2533
2551
2570
2584
2598
2612
2627
2641
2655
2670
2685
2701
2717
2732
2748
2764
2780
2798
2816
2835
2853
2871
2890
2904
2918
2932
2947
2961
2975
2990
3005
3021
3037
3052
3068
3084
3100
3116
3133
3150
3166
3183
3200
3215
3231
3247
3262
3278
3294
3310
3317
3324
3331
3338
3345
3352
3360
3367
3374
3381
3388
3395
3402
3410
3417
3424
3431
3438
3445
3452
3460
3467
3474
3481
3488
3495
3502
3510
3517
3524
3531
3538
3545
3552
3559
3567
3574
3581
3588
3595
3602
3610
3617
3624
3631
3638
3645
3652
3660
3667
3674
3681
3688
3695
3702
3710
3718
3726
3735
3743
3752
3760
3769
3777
3786
3794
3803
3811
3820
3827
3834
3841
3848
3855
3862
3870
3877
3884
3891
3898
3905
3912
3920
3927
3934
3941
3948
3955
3962
3969
3977
3984
3991
3998
4005
4012
4019
4027
4034
4041
4048
4055
4062
4070
4077
4084
4091
4098
4105
4112
4120
4127
4134
4141
4148
4155
4162
4170
4177
4184
4191
4198
4205
4212
4220
4227
4234
4241
4248
4255
4262
4270
4277
4284
4291
4298
4305
4312
4320
4332
4344
4356
4368
4381
4393
4405
4417
4430
4443
4457
4471
4484
4498
4512
4526
4540
4551
4562
4573
4584
4595
4606
4617
4628
4640
4652
4664
4676
4688
4701
4713
4725
4737
4750
4762
4774
4786
4798
4811
4823
4835
4847
4860
4873
4887
4901
4915
4928
4942
4956
4970
4982
4994
5006
5018
5031
5043
5055
5067
5080
5091
5102
5113
5124
5135
5146
5157
5168
5180
5192
5204
5216
5228
5241
5253
5265
5277
5290
5303
5317
5331
5345
5358
5372
5386
5400
5410
5420
5430
5440
5450
5460
5470
5479
5490
5500
5510
5522
5534
5545
5558
5570
5582
5593
5606
5618
5630
5640
5650
5660
5670
5680
5690
5700
5710
5720
5730
5740
5750
5761
5772
5783
5794
5805
5816
5827
5838
5849
5860
5871
5882
5893
5904
5915
5926
5937
5947
5959
5970
5979
5990
6000
6010
6020
6030
6040
6050
6060
6070
6080
6092
6104
6116
6128
6140
6152
6164
6176
6188
6200
6210
6220
6230
6240
6250
6260
6270
6279
6290
6300
6310
6320
6331
6342
6353
6364
6375
6386
6397
6408
6419
6430
6441
6452
6463
6474
6484
6496
6507
6518
6529
6540
6545
6551
6557
6563
6569
6575
6581
6587
6592
6598
6604
6610
6616
6622
6628
6634
6640
6646
6652
6658
6665
6671
6677
6683
6689
6696
6702
6708
6715
6721
6727
6733
6740
6746
6752
6758
6765
6771
6777
6783
6790
6796
6802
6808
6814
6821
6827
6833
6840
6845
6851
6857
6863
6869
6875
6881
6887
6892
6898
6904
6910
6916
6922
6928
6934
6940
6946
6952
6958
6965
6971
6977
6983
6990
6996
7002
7008
7015
7021
7027
7033
7040
7046
7052
7058
7064
7071
7077
7083
7090
7096
7102
7108
7115
7121
7127
7133
7140
7145
7151
7157
7163
7169
7175
7181
7187
7192
7198
7204
7210
7216
7222
7228
7234
7240
7246
7252
7258
7265
7271
7277
7283
7290
7296
7302
7308
7314
7321
7327
7333
7340
7346
7352
7358
7365
7371
7377
7383
7390
7396
7402
7408
7415
7421
7427
7433
7440
7445
7451
7457
7463
7469
7475
7481
7487
7492
7498
7504
7510
7516
7522
7528
7534
7540
7548
7556
7564
7573
7581
7590
7598
7606
7615
7623
7631
7640
7648
7656
7665
7673
7681
7689
7698
7706
7715
7723
7731
7740
7748
7756
7765
7773
7781
7790
7798
7806
7814
7823
7831
7840
7849
7858
7867
7876
7885
7895
7904
7913
7922
7931
7940
7950
7958
7966
7975
7983
7991
8000
8008
8016
8025
8033
8041
8050
8058
8066
8075
8083
8091
8100
8108
8116
8125
8133
8141
8150
8158
8166
8175
8183
8191
8200
8208
8216
8225
8233
8241
8250
8258
8266
8275
8283
8291
8300
8308
8316
8325
8333
8341
8350
8358
8366
8375
8383
8391
8399
8408
8416
8424
8433
8441
8450
8458
8466
8475
8483
8491
8500
8508
8516
8525
8533
8541
8550
8557
8565
8573
8580
8588
8596
8603
8611
8619
8626
8634
8642
8650
8657
8665
8673
8680
8688
8696
8703
8711
8719
8726
8734
8742
8750
8757
8765
8773
8780
8788
8796
8803
8811
8819
8826
8834
8842
8850
8857
8865
8873
8880
8888
8896
8903
8911
8919
8926
8934
8942
8950
8957
8965
8973
8980
8988
8996
9003
9011
9019
9026
9034
9042
9050
9057
9065
9073
9080
9088
9096
9103
9111
9119
9126
9134
9142
9150
9157
9165
9173
9180
9188
9196
9203
9211
9219
9226
9234
9242
9250
9257
9265
9273
9280
9288
9296
9303
9311
9319
9326
9334
9342
9350
9357
9365
9373
9380
9388
9396
9403
9411
9419
9426
9434
9442
9450
9457
9465
9473
9480
9488
9496
9503
9511
9519
9526
9534
9542
9550
9557
9565
9573
9580
9588
9596
9603
9611
9619
9626
9634
9642
9650
9658
9666
9675
9683
9691
9700
9708
9716
9725
9733
9741
9750
9758
9766
9775
9783
9791
9800
9808
9816
9825
9833
9841
9850
9858
9866
9875
9883
9892
9900
9909
9917
9926
9934
9943
9951
9960
9968
9976
9985
9993
10001
10010
10018
10026
10035
10043
10051
10060
10067
10075
10083
10090
10098
10106
10113
10121
10129
10136
10144
10152
10160
10168
10176
10185
10193
10201
10210
10218
10226
10235
10243
10251
10260
10268
10276
10285
10293
10301
10309
10318
10326
10334
10343
10351
10360
10367
10375
10383
10390
10398
10406
10413
10421
10429
10436
10444
10452
10460
10468
10476
10485
10493
10501
10510
10518
10526
10535
10543
10551
10560
10567
10574
10581
10588
10595
10602
10609
10616
10623
10630
10637
10644
10651
10658
10665
10672
10680
10687
10695
10702
10710
10717
10725
10732
10740
10747
10755
10762
10770
10777
10785
10792
10800
10807
10814
10821
10828
10835
10842
10849
10856
10863
10870
10877
10884
10891
10898
10905
10912
10920
10927
10934
10941
10948
10955
10962
10969
10976
10983
10990
10997
11004
11011
11018
11025
11032
11040
11047
11055
11062
11070
11077
11084
11092
11100
11107
11115
11122
11129
11137
11145
11152
11160
11166
11172
11179
11185
11192
11198
11205
11211
11218
11224
11231
11237
11244
11250
11257
11263
11270
11277
11285
11292
11300
11307
11315
11322
11330
11337
11345
11352
11360
11367
11375
11382
11390
11397
11404
11411
11418
11425
11432
11439
11446
11453
11460
11467
11474
11481
11488
11495
11502
11510
11517
11524
11531
11538
11545
11552
11559
11566
11573
11580
11587
11594
11601
11608
11615
11622
11630
11637
11645
11652
11660
11667
11675
11682
11690
11697
11705
11712
11720
11727
11735
11742
11750
11755
11761
11767
11773
11779
11785
11791
11797
11802
11808
11814
11820
11826
11832
11838
11844
11850
11856
11862
11868
11875
11881
11887
11893
11899
11906
11912
11918
11924
11931
11937
11943
11950
11955
11961
11967
11973
11979
11985
11991
11997
12002
12008
12014
12020
12026
12032
12038
12044
12050
12055
12061
12067
12073
12079
12085
12091
12097
12102
12108
12114
12120
12126
12132
12138
12144
12150
12155
12161
12167
12173
12179
12185
12191
12197
12202
12208
12214
12220
12226
12232
12238
12244
12250
12256
12262
12268
12275
12281
12287
12293
12300
12306
12312
12318
12325
12331
12337
12343
12350
12355
12361
12367
12373
12379
12385
12391
12397
12402
12408
12414
12420
12426
12432
12438
12444
12450
12455
12461
12467
12473
12479
12485
12491
12497
12502
12508
12514
12520
12526
12532
12538
12544
12550
12556
12562
12568
12575
12581
12587
12593
12600
12606
12612
12618
12625
12631
12637
12643
12650
12655
12661
12667
12673
12679
12685
12691
12697
12702
12708
12714
12720
12726
12732
12738
12744
12750
12755
12761
12767
12773
12778
12784
12790
12796
12802
12807
12813
12819
12825
12831
12836
12842
12848
12854
12860
12866
12872
12878
12885
12891
12897
12904
12910
12916
12923
12929
12935
12942
12948
12954
12961
12967
12973
12980
12986
12992
12998
13004
13010
13016
13022
13028
13035
13041
13047
13053
13059
13065
13071
13077
13083
13090
13095
13101
13107
13113
13118
13124
13130
13136
13142
13147
13153
13159
13165
13171
13176
13182
13188
13194
13200
13205
13211
13217
13223
13228
13234
13240
13246
13252
13257
13263
13269
13275
13281
13286
13292
13298
13304
13310
13315
13321
13327
13333
13338
13344
13350
13356
13362
13367
13373
13379
13385
13391
13396
13402
13408
13414
13420
13426
13433
13440
13446
13453
13459
13466
13473
13480
13486
13493
13500
13506
13513
13520
13526
13533
13540
13545
13551
13557
13563
13568
13574
13580
13586
13592
13597
13603
13609
13615
13621
13626
13632
13638
13644
13650
13655
13661
13667
13673
13678
13684
13690
13696
13702
13707
13713
13719
13725
13731
13736
13742
13748
13754
13760
13765
13771
13777
13783
13788
13794
13800
13806
13812
13817
13823
13829
13835
13841
13846
13852
13858
13864
13870
13877
13885
13893
13900
13908
13916
13923
13931
13939
13946
13954
13962
13970
13978
13986
13995
14003
14011
14020
14028
14036
14045
14053
14061
14070
14077
14085
14093
14100
14108
14116
14123
14131
14139
14146
14154
14162
14170
14177
14185
14193
14200
14208
14216
14223
14231
14239
14246
14254
14262
14270
14278
14286
14295
14303
14312
14320
14329
14337
14346
14354
14363
14371
14380
14388
14396
14405
14413
14421
14430
14438
14446
14455
14463
14471
14480
14487
14495
14503
14510
14518
14526
14533
14541
14549
14556
14564
14572
14580
14587
14595
14603
14610
14618
14626
14633
14641
14649
14656
14664
14672
14680
14687
14695
14703
14710
14718
14726
14733
14741
14749
14756
14764
14772
14780
14788
14796
14805
14813
14821
14830
14838
14846
14855
14863
14871
14880
14891
14902
14913
14924
14935
14946
14957
14968
14980
14991
15002
15013
15024
15035
15046
15057
15068
15080
15091
15102
15113
15124
15135
15146
15157
15168
15180
15191
15202
15213
15224
15235
15246
15257
15268
15280
15292
15304
15316
15328
15341
15353
15365
15377
15390
15401
15412
15423
15434
15445
15456
15467
15478
15490
15501
15512
15523
15534
15545
15556
15567
15578
15590
15601
15612
15623
15634
15645
15656
15667
15678
15690
15701
15712
15723
15734
15745
15756
15767
15778
15790
15801
15812
15823
15834
15845
15856
15867
15878
15890
15896
15902
15908
15915
15921
15927
15933
15940
15946
15952
15958
15965
15971
15977
15983
15990
15996
16003
16010
16016
16023
16030
16036
16043
16050
16056
16063
16070
16076
16083
16090
16096
16102
16108
16115
16121
16127
16133
16140
16146
16152
16158
16165
16171
16177
16183
16190
16196
16203
16210
16216
16223
16230
16236
16243
16250
16256
16263
16270
16276
16283
16290
16296
16302
16308
16314
16321
16327
16333
16340
16346
16352
16358
16365
16371
16377
16383
16390
16396
16403
16410
16416
16423
16430
16436
16443
16450
16456
16463
16470
16476
16483
16490
16496
16502
16508
16515
16521
16527
16533
16540
16546
16552
16558
16564
16571
16577
16583
16590
16596
16603
16610
16616
16623
16630
16636
16643
16650
16656
16663
16670
16676
16683
16690
16696
16702
16708
16715
16721
16727
16733
16740
16746
16752
16758
16765
16771
16777
16783
16790
16796
16803
16810
16816
16823
16830
16836
16843
16850
16856
16863
16870
16876
16883
16890
16898
16906
16915
16923
16932
16940
16949
16957
16966
16974
16983
16991
17000
17007
17015
17023
17030
17038
17046
17053
17061
17069
17076
17084
17092
17100
17107
17115
17123
17130
17138
17146
17153
17161
17169
17176
17184
17192
17200
17209
17218
17227
17236
17245
17255
17264
17273
17282
17291
17300
17310
17317
17325
17333
17340
17348
17356
17363
17371
17379
17386
17394
17402
17410
17418
17426
17435
17443
17452
17460
17469
17477
17486
17494
17503
17511
17520
17527
17535
17543
17550
17558
17566
17573
17581
17589
17596
17604
17612
17620
17628
17636
17645
17653
17661
17670
17678
17686
17695
17703
17711
17720
17728
17736
17745
17753
17762
17770
17779
17787
17796
17804
17813
17821
17830
17837
17845
17853
17860
17868
17876
17883
17891
17899
17906
17914
17922
17930
17937
17945
17953
17960
17968
17976
17983
17991
17999
18006
18014
18022
18030
18038
18046
18055
18063
18071
18080
18088
18096
18105
18113
18121
18130
18137
18145
18153
18160
18168
18176
18183
18191
18199
18206
18214
18222
18230
18238
18246
18255
18263
18272
18280
18289
18297
18306
18314
18323
18331
18340
18348
18356
18365
18373
18381
18390
18398
18406
18415
18423
18431
18440
18447
18455
18463
18470
18478
18486
18493
18501
18509
18516
18524
18532
18540
18548
18556
18564
18573
18581
18590
18598
18606
18615
18623
18631
18640
18647
18655
18663
18670
18678
18686
18693
18701
18709
18716
18724
18732
18740
18747
18755
18763
18770
18778
18786
18793
18801
18809
18816
18824
18832
18840
18848
18856
18865
18873
18881
18890
18898
18906
18915
18923
18931
18940
18945
18951
18957
18963
18969
18975
18981
18987
18992
18998
19004
19010
19016
19022
19028
19034
19040
19045
19051
19057
19063
19069
19075
19081
19087
19092
19098
19104
19110
19116
19122
19128
19134
19140
19146
19152
19158
19165
19171
19177
19183
19189
19196
19202
19208
19215
19221
19227
19233
19240
19245
19251
19257
19263
19269
19275
19281
19287
19292
19298
19304
19310
19316
19322
19328
19334
19340
19345
19351
19357
19363
19369
19375
19381
19387
19392
19398
19404
19410
19416
19422
19428
19434
19440
19446
19452
19458
19465
19471
19477
19483
19490
19496
19502
19508
19515
19521
19527
19533
19540
19545
19551
19557
19563
19569
19575
19581
19587
19592
19598
19604
19610
19616
19622
19628
19634
19640
19646
19652
19658
19665
19671
19677
19683
19689
19696
19702
19708
19715
19721
19727
19733
19740
19745
19751
19757
19763
19769
19775
19781
19787
19792
19798
19804
19810
19816
19822
19828
19834
19840
19845
19851
19857
19863
19869
19875
19881
19887
19892
19898
19904
19910
19916
19922
19928
19934
19940
19946
19952
19958
19964
19970
19976
19982
19988
19995
20001
20007
20013
20019
20025
20031
20037
20043
20050
20055
20061
20066
20072
20077
20083
20088
20094
20100
20105
20111
20116
20122
20127
20133
20138
20144
20150
20155
20161
20166
20172
20177
20183
20188
20194
20200
20205
20211
20216
20222
20227
20233
20238
20244
20250
20255
20261
20266
20272
20277
20283
20288
20294
20300
20305
20311
20316
20322
20327
20333
20338
20344
20350
20356
20362
20368
20374
20380
20386
20392
20398
20405
20411
20417
20423
20429
20435
20441
20447
20453
20460
20465
20471
20476
20482
20487
20493
20498
20504
20509
20515
20521
20526
20532
20537
20543
20548
20554
20560
20565
20571
20576
20582
20587
20593
20598
20604
20610
20615
20621
20626
20632
20637
20643
20648
20654
20660
20666
20672
20678
20684
20690
20696
20702
20708
20715
20721
20727
20733
20739
20745
20751
20757
20763
20770
20775
20781
20786
20792
20797
20803
20808
20814
20820
20825
20831
20836
20842
20847
20853
20858
20864
20870
20875
20881
20886
20892
20897
20903
20908
20914
20920
20925
20931
20936
20942
20947
20953
20958
20964
20970
20976
20982
20988
20994
21001
21007
21013
21020
21026
21032
21038
21045
21051
21057
21063
21070
21075
21081
21087
21093
21099
21105
21111
21117
21122
21128
21134
21140
21146
21152
21158
21164
21170
21176
21182
21188
21195
21201
21207
21213
21220
21226
21232
21238
21245
21251
21257
21263
21270
21275
21281
21287
21293
21299
21305
21311
21317
21322
21328
21334
21340
21346
21352
21358
21364
21370
21376
21382
21388
21395
21401
21407
21413
21420
21426
21432
21438
21445
21451
21457
21463
21470
21475
21481
21487
21493
21499
21505
21511
21517
21522
21528
21534
21540
21546
21552
21558
21564
21570
21576
21582
21588
21595
21601
21607
21613
21620
21626
21632
21638
21645
21651
21657
21663
21670
21675
21681
21687
21693
21699
21705
21711
21717
21722
21728
21734
21740
21746
21752
21758
21764
21770
21776
21782
21788
21795
21801
21807
21813
21820
21826
21832
21838
21845
21851
21857
21863
21870
21875
21881
21887
21893
21899
21905
21911
21917
21922
21928
21934
21940
21946
21952
21958
21964
21970
21976
21982
21988
21994
22001
22007
22013
22020
22026
22032
22038
22045
22051
22057
22063
22070
22075
22081
22087
22093
22099
22105
22111
22117
22122
22128
22134
22140
22146
22152
22158
22164
22170
22176
22182
22188
22195
22201
22207
22213
22220
22226
22232
22238
22245
22251
22257
22263
22270
22276
22283
22290
22297
22304
22311
22318
22325
22331
22338
22345
22352
22359
22366
22373
22380
22385
22391
22397
22403
22409
22415
22421
22427
22432
22438
22444
22450
22456
22462
22468
22474
22480
22486
22492
22498
22505
22511
22517
22523
22530
22536
22542
22548
22555
22561
22567
22573
22580
22585
22591
22597
22603
22609
22615
22621
22627
22632
22638
22644
22650
22656
22662
22668
22674
22680
22686
22692
22698
22705
22711
22717
22723
22730
22736
22742
22748
22755
22761
22767
22773
22780
22786
22792
22798
22805
22811
22817
22823
22830
22836
22842
22848
22855
22861
22867
22873
22880
22885
22891
22897
22903
22909
22915
22921
22927
22932
22938
22944
22950
22956
22962
22968
22974
22980
22985
22991
22997
23003
23009
23015
23021
23027
23032
23038
23044
23050
23056
23062
23068
23074
23080
23085
23091
23096
23102
23107
23113
23118
23124
23130
23135
23141
23146
23152
23157
23163
23168
23174
23180
23185
23191
23197
23203
23209
23215
23221
23227
23232
23238
23244
23250
23256
23262
23268
23274
23280
23285
23291
23297
23303
23309
23315
23321
23327
23332
23338
23344
23350
23356
23362
23368
23374
23380
23386
23392
23398
23404
23410
23416
23422
23428
23435
23441
23447
23453
23459
23465
23471
23477
23483
23490
23495
23501
23507
23513
23519
23525
23531
23537
23542
23548
23554
23560
23566
23572
23578
23584
23590
23595
23601
23607
23613
23619
23625
23631
23637
23642
23648
23654
23660
23666
23672
23678
23684
23690
23695
23701
23706
23712
23717
23723
23728
23734
23740
23745
23751
23756
23762
23767
23773
23778
23784
23790
23795
23801
23807
23813
23819
23825
23831
23837
23842
23848
23854
23860
23866
23872
23878
23884
23890
23895
23901
23907
23913
23919
23925
23931
23937
23942
23948
23954
23960
23966
23972
23978
23984
23990
23995
24001
24006
24012
24017
24023
24028
24034
24040
24045
24051
24056
24062
24067
24073
24078
24084
24090
24095
24101
24107
24113
24119
24125
24131
24137
24142
24148
24154
24160
24166
24172
24178
24184
24190
24195
24201
24207
24213
24219
24225
24231
24237
24242
24248
24254
24260
24266
24272
24278
24284
24290
24295
24301
24307
24313
24319
24325
24331
24337
24342
24348
24354
24360
24366
24372
24378
24384
24390
24395
24401
24407
24413
24419
24425
24431
24437
24442
24448
24454
24460
24466
24472
24478
24484
24490
24495
24501
24506
24512
24517
24523
24528
24534
24540
24545
24551
24556
24562
24567
24573
24578
24584
24590
24595
24601
24607
24613
24619
24625
24631
24637
24642
24648
24654
24660
24666
24672
24678
24684
24690
24695
24701
24707
24713
24719
24725
24731
24737
24742
24748
24754
24760
24766
24772
24778
24784
24790
24795
24801
24807
24813
24819
24825
24831
24837
24842
24848
24854
24860
24866
24872
24878
24884
24890
24895
24901
24906
24912
24917
24923
24928
24934
24939
24945
24951
24956
24962
24967
24973
24978
24984
24990
24996
25002
25008
25015
25021
25027
25033
25040
25046
25052
25058
25064
25071
25077
25083
25090
25095
25101
25107
25113
25119
25125
25131
25137
25142
25148
25154
25160
25166
25172
25178
25184
25190
25195
25201
25207
25213
25219
25225
25231
25237
25242
25248
25254
25260
25266
25272
25278
25284
25290
25296
25302
25309
25315
25322
25328
25335
25341
25348
25354
25361
25367
25374
25380
25387
25393
25400
25405
25411
25417
25423
25429
25435
25441
25447
25452
25458
25464
25470
25476
25482
25488
25494
25500
25506
25512
25518
25525
25531
25537
25543
25550
25556
25562
25568
25575
25581
25587
25593
25600
25605
25611
25617
25623
25629
25635
25641
25647
25652
25658
25664
25670
25676
25682
25688
25694
25700
25705
25711
25717
25723
25729
25735
25741
25747
25752
25758
25764
25770
25776
25782
25788
25794
25800
25805
25811
25817
25823
25829
25835
25841
25847
25852
25858
25864
25870
25876
25882
25888
25894
25900
25905
25911
25917
25923
25929
25935
25941
25947
25952
25958
25964
25970
25976
25982
25988
25994
26000
26006
26012
26018
26025
26031
26037
26043
26050
26056
26062
26068
26075
26081
26087
26093
26100
26105
26111
26117
26123
26129
26135
26141
26147
26152
26158
26164
26170
26176
26182
26188
26194
26200
26206
26212
26218
26225
26231
26237
26243
26250
26256
26262
26268
26275
26281
26287
26293
26300
26306
26312
26319
26325
26332
26338
26345
26351
26358
26364
26371
26377
26384
26390
26397
26403
26410
26415
26421
26427
26433
26439
26445
26451
26457
26462
26468
26474
26480
26486
26492
26498
26504
26510
26516
26522
26528
26535
26541
26547
26553
26560
26566
26572
26578
26585
26591
26597
26603
26610
26615
26621
26627
26633
26639
26645
26651
26657
26662
26668
26674
26680
26686
26692
26698
26704
26710
26715
26721
26727
26733
26739
26745
26751
26757
26762
26768
26774
26780
26786
26792
26798
26804
26810
26816
26822
26828
26835
26841
26847
26853
26860
26866
26872
26878
26884
26891
26897
26903
26910
26915
26921
26927
26933
26939
26945
26951
26957
26962
26968
26974
26980
26986
26992
26998
27004
27010
27020
27030
27040
27050
27060
27070
27080
27090
27100
27110
27120
27130
27140
27150
27160
27170
27180
27190
27200
27210
27220
27230
27240
27250
27259
27270
27280
27290
27299
27310
27320
27330
27340
27350
27360
27370
27380
27390
27400
27410
27420
27430
27440
27450
27460
27470
27480
27490
27500
27509
27520
27530
27540
27550
27560
27570
27580
27590
27600
27610
27620
27630
27640
27650
27660
27670
27680
27689
27700
27710
27720
27730
27740
27750
27759
27770
27780
27790
27800
27810
27820
27830
27840
27850
27860
27870
27880
27890
27900
27910
27920
27929
27938
27947
27956
27965
27974
27983
27992
28001
28010
28020
28025
28031
28037
28043
28048
28054
28060
28066
28072
28077
28083
28089
28095
28101
28106
28112
28118
28124
28130
28135
28141
28147
28153
28158
28164
28170
28176
28182
28187
28193
28199
28205
28211
28216
28222
28228
28234
28240
28245
28251
28257
28263
28268
28274
28280
28286
28292
28297
28303
28309
28315
28321
28326
28332
28338
28344
28350
28356
28362
28368
28374
28380
28386
28392
28398
28405
28411
28417
28423
28429
28435
28441
28447
28453
28460
28465
28471
28477
28483
28488
28494
28500
28506
28512
28517
28523
28529
28535
28541
28546
28552
28558
28564
28570
28575
28581
28587
28593
28598
28604
28610
28616
28622
28627
28633
28639
28645
28651
28656
28662
28668
28674
28680
28685
28691
28697
28703
28708
28714
28720
28726
28732
28737
28743
28749
28755
28761
28766
28772
28778
28784
28790
28795
28801
28807
28813
28818
28824
28830
28836
28842
28847
28853
28859
28865
28871
28876
28882
28888
28894
28900
28905
28911
28917
28923
28928
28934
28940
28946
28952
28957
28963
28969
28975
28981
28986
28992
28998
29004
29010
29015
29021
29027
29033
29038
29044
29050
29056
29062
29067
29073
29079
29085
29091
29096
29102
29108
29114
29120
29125
29131
29137
29143
29148
29154
29160
29166
29172
29177
29183
29189
29195
29201
29206
29212
29218
29224
29230
29235
29241
29247
29253
29258
29264
29270
29276
29282
29287
29293
29299
29305
29311
29316
29322
29328
29334
29340
29346
29352
29358
29364
29370
29376
29382
29388
29395
29401
29407
29413
29419
29425
29431
29437
29443
29450
29455
29461
29467
29473
29478
29484
29490
29496
29502
29507
29513
29519
29525
29531
29536
29542
29548
29554
29560
29565
29571
29577
29583
29588
29594
29600
29606
29612
29617
29623
29629
29635
29641
29646
29652
29658
29664
29670
29675
29681
29687
29693
29698
29704
29710
29716
29722
29727
29733
29739
29745
29751
29756
29762
29768
29774
29780
29785
29791
29796
29802
29807
29813
29818
29824
29830
29835
29841
29846
29852
29857
29863
29868
29874
29880
29885
29891
29897
29903
29908
29914
29920
29926
29932
29937
29943
29949
29955
29961
29966
29972
29978
29984
29990
