0.10 79429.60
0.20 79429.60
0.30 79429.60
0.40 79429.60
0.50 79429.60
0.60 119013.40
0.70 119013.40
0.80 119013.40
0.90 119013.40
1.00 119013.40
1.10 39059.50
1.20 39059.50
1.30 39059.50
1.40 39059.50
1.50 39059.50
1.60 114032.60
1.70 114032.60
1.80 114032.60
1.90 114032.60
2.00 114032.60
2.10 36962.30
2.20 36962.30
2.30 36962.30
2.40 36962.30
2.50 36962.30
2.60 71827.50
2.70 71827.50
2.80 71827.50
2.90 71827.50
3.00 71827.50
3.10 126353.40
3.20 126353.40
3.30 126353.40
3.40 126353.40
3.50 126353.40
3.60 36438.00
3.70 36438.00
3.80 36438.00
3.90 36438.00
4.00 36438.00
4.10 42467.30
4.20 42467.30
4.30 42467.30
4.40 42467.30
4.50 42467.30
4.60 39059.50
4.70 39059.50
4.80 39059.50
4.90 39059.50
5.00 39059.50
5.10 28311.60
5.20 28311.60
5.30 28311.60
5.40 28311.60
5.50 28311.60
5.60 5242.90
5.70 5242.90
5.80 5242.90
5.90 5242.90
6.00 5242.90
6.10 41943.00
6.20 41943.00
6.30 41943.00
6.40 41943.00
6.50 41943.00
6.60 64225.30
6.70 64225.30
6.80 64225.30
6.90 64225.30
7.00 64225.30
7.10 43515.90
7.20 43515.90
7.30 43515.90
7.40 43515.90
7.50 43515.90
7.60 10223.60
7.70 10223.60
7.80 10223.60
7.90 10223.60
8.00 10223.60
8.10 20971.50
8.20 20971.50
8.30 20971.50
8.40 20971.50
8.50 20971.50
8.60 47710.20
8.70 47710.20
8.80 47710.20
8.90 47710.20
9.00 47710.20
9.10 17301.50
9.20 17301.50
9.30 17301.50
9.40 17301.50
9.50 17301.50
9.60 61603.80
9.70 61603.80
9.80 61603.80
9.90 61603.80
10.00 61603.80
10.10 14155.80
10.20 14155.80
10.30 14155.80
10.40 14155.80
10.50 14155.80
10.60 39321.60
10.70 39321.60
10.80 39321.60
10.90 39321.60
11.00 39321.60
11.10 45613.10
11.20 45613.10
11.30 45613.10
11.40 45613.10
11.50 45613.10
11.60 41943.00
11.70 41943.00
11.80 41943.00
11.90 41943.00
12.00 41943.00
12.10 28573.70
12.20 28573.70
12.30 28573.70
12.40 28573.70
12.50 28573.70
12.60 39059.50
12.70 39059.50
12.80 39059.50
12.90 39059.50
13.00 39059.50
13.10 87294.00
13.20 87294.00
13.30 87294.00
13.40 87294.00
13.50 87294.00
13.60 72613.90
13.70 72613.90
13.80 72613.90
13.90 72613.90
14.00 72613.90
14.10 71303.20
14.20 71303.20
14.30 71303.20
14.40 71303.20
14.50 71303.20
14.60 50069.50
14.70 50069.50
14.80 50069.50
14.90 50069.50
15.00 50069.50
15.10 71303.20
15.20 71303.20
15.30 71303.20
15.40 71303.20
15.50 71303.20
15.60 56885.20
15.70 56885.20
15.80 56885.20
15.90 56885.20
16.00 56885.20
16.10 55050.20
16.20 55050.20
16.30 55050.20
16.40 55050.20
16.50 55050.20
16.60 37224.40
16.70 37224.40
16.80 37224.40
16.90 37224.40
17.00 37224.40
17.10 76021.80
17.20 76021.80
17.30 76021.80
17.40 76021.80
17.50 76021.80
17.60 135004.20
17.70 135004.20
17.80 135004.20
17.90 135004.20
18.00 135004.20
18.10 87294.00
18.20 87294.00
18.30 87294.00
18.40 87294.00
18.50 87294.00
18.60 58196.00
18.70 58196.00
18.80 58196.00
18.90 58196.00
19.00 58196.00
19.10 103809.00
19.20 103809.00
19.30 103809.00
19.40 103809.00
19.50 103809.00
19.60 69468.20
19.70 69468.20
19.80 69468.20
19.90 69468.20
20.00 69468.20
20.10 33816.60
20.20 33816.60
20.30 33816.60
20.40 33816.60
20.50 33816.60
20.60 109576.20
20.70 109576.20
20.80 109576.20
20.90 109576.20
21.00 109576.20
21.10 76283.90
21.20 76283.90
21.30 76283.90
21.40 76283.90
21.50 76283.90
21.60 15466.50
21.70 15466.50
21.80 15466.50
21.90 15466.50
22.00 15466.50
22.10 80478.20
22.20 80478.20
22.30 80478.20
22.40 80478.20
22.50 80478.20
22.60 88080.40
22.70 88080.40
22.80 88080.40
22.90 88080.40
23.00 88080.40
23.10 66846.70
23.20 66846.70
23.30 66846.70
23.40 66846.70
23.50 66846.70
23.60 88866.80
23.70 88866.80
23.80 88866.80
23.90 88866.80
24.00 88866.80
24.10 76021.80
24.20 76021.80
24.30 76021.80
24.40 76021.80
24.50 76021.80
24.60 5242.90
24.70 5242.90
24.80 5242.90
24.90 5242.90
25.00 5242.90
25.10 73400.30
25.20 73400.30
25.30 73400.30
25.40 73400.30
25.50 73400.30
25.60 116391.90
25.70 116391.90
25.80 116391.90
25.90 116391.90
26.00 116391.90
26.10 13107.20
26.20 13107.20
26.30 13107.20
26.40 13107.20
26.50 13107.20
26.60 69730.30
26.70 69730.30
26.80 69730.30
26.90 69730.30
27.00 69730.30
27.10 51118.10
27.20 51118.10
27.30 51118.10
27.40 51118.10
27.50 51118.10
27.60 5242.90
27.70 5242.90
27.80 5242.90
27.90 5242.90
28.00 5242.90
28.10 25165.80
28.20 25165.80
28.30 25165.80
28.40 25165.80
28.50 25165.80
28.60 24641.50
28.70 24641.50
28.80 24641.50
28.90 24641.50
29.00 24641.50
29.10 28835.80
29.20 28835.80
29.30 28835.80
29.40 28835.80
29.50 28835.80
29.60 60817.40
29.70 60817.40
29.80 60817.40
29.90 60817.40
30.00 60817.40
