0.10 25952.30
0.20 25952.30
0.30 25952.30
0.40 25952.30
0.50 25952.30
0.60 30670.80
0.70 30670.80
0.80 30670.80
0.90 30670.80
1.00 30670.80
1.10 76283.90
1.20 76283.90
1.30 76283.90
1.40 76283.90
1.50 76283.90
1.60 42205.20
1.70 42205.20
1.80 42205.20
1.90 42205.20
2.00 42205.20
2.10 115081.20
2.20 115081.20
2.30 115081.20
2.40 115081.20
2.50 115081.20
2.60 67633.20
2.70 67633.20
2.80 67633.20
2.90 67633.20
3.00 67633.20
3.10 93061.10
3.20 93061.10
3.30 93061.10
3.40 93061.10
3.50 93061.10
3.60 78118.90
3.70 78118.90
3.80 78118.90
3.90 78118.90
4.00 78118.90
4.10 17563.60
4.20 17563.60
4.30 17563.60
4.40 17563.60
4.50 17563.60
4.60 51380.20
4.70 51380.20
4.80 51380.20
4.90 51380.20
5.00 51380.20
5.10 63963.10
5.20 63963.10
5.30 63963.10
5.40 63963.10
5.50 63963.10
5.60 56623.10
5.70 56623.10
5.80 56623.10
5.90 56623.10
6.00 56623.10
6.10 32768.00
6.20 32768.00
6.30 32768.00
6.40 32768.00
6.50 32768.00
6.60 28311.60
6.70 28311.60
6.80 28311.60
6.90 28311.60
7.00 28311.60
7.10 92274.70
7.20 92274.70
7.30 92274.70
7.40 92274.70
7.50 92274.70
7.60 69992.40
7.70 69992.40
7.80 69992.40
7.90 69992.40
8.00 69992.40
8.10 56361.00
8.20 56361.00
8.30 56361.00
8.40 56361.00
8.50 56361.00
8.60 40894.50
8.70 40894.50
8.80 40894.50
8.90 40894.50
9.00 40894.50
9.10 53477.40
9.20 53477.40
9.30 53477.40
9.40 53477.40
9.50 53477.40
9.60 29098.00
9.70 29098.00
9.80 29098.00
9.90 29098.00
10.00 29098.00
10.10 44040.20
10.20 44040.20
10.30 44040.20
10.40 44040.20
10.50 44040.20
10.60 43515.90
10.70 43515.90
10.80 43515.90
10.90 43515.90
11.00 43515.90
11.10 25690.10
11.20 25690.10
11.30 25690.10
11.40 25690.10
11.50 25690.10
11.60 68419.60
11.70 68419.60
11.80 68419.60
11.90 68419.60
12.00 68419.60
12.10 61341.70
12.20 61341.70
12.30 61341.70
12.40 61341.70
12.50 61341.70
12.60 62390.30
12.70 62390.30
12.80 62390.30
12.90 62390.30
13.00 62390.30
13.10 51904.50
13.20 51904.50
13.30 51904.50
13.40 51904.50
13.50 51904.50
13.60 22806.50
13.70 22806.50
13.80 22806.50
13.90 22806.50
14.00 22806.50
14.10 82313.20
14.20 82313.20
14.30 82313.20
14.40 82313.20
14.50 82313.20
14.60 50593.80
14.70 50593.80
14.80 50593.80
14.90 50593.80
15.00 50593.80
15.10 70778.90
15.20 70778.90
15.30 70778.90
15.40 70778.90
15.50 70778.90
15.60 22282.20
15.70 22282.20
15.80 22282.20
15.90 22282.20
16.00 22282.20
16.10 27787.30
16.20 27787.30
16.30 27787.30
16.40 27787.30
16.50 27787.30
16.60 17563.60
16.70 17563.60
16.80 17563.60
16.90 17563.60
17.00 17563.60
17.10 26214.40
17.20 26214.40
17.30 26214.40
17.40 26214.40
17.50 26214.40
17.60 51904.50
17.70 51904.50
17.80 51904.50
17.90 51904.50
18.00 51904.50
18.10 80216.10
18.20 80216.10
18.30 80216.10
18.40 80216.10
18.50 80216.10
18.60 95944.70
18.70 95944.70
18.80 95944.70
18.90 95944.70
19.00 95944.70
19.10 85458.90
19.20 85458.90
19.30 85458.90
19.40 85458.90
19.50 85458.90
19.60 5242.90
19.70 5242.90
19.80 5242.90
19.90 5242.90
20.00 5242.90
20.10 49020.90
20.20 49020.90
20.30 49020.90
20.40 49020.90
20.50 49020.90
20.60 24379.40
20.70 24379.40
20.80 24379.40
20.90 24379.40
21.00 24379.40
21.10 17301.50
21.20 17301.50
21.30 17301.50
21.40 17301.50
21.50 17301.50
21.60 5242.90
21.70 5242.90
21.80 5242.90
21.90 5242.90
22.00 5242.90
22.10 71827.50
22.20 71827.50
22.30 71827.50
22.40 71827.50
22.50 71827.50
22.60 69468.20
22.70 69468.20
22.80 69468.20
22.90 69468.20
23.00 69468.20
23.10 37486.60
23.20 37486.60
23.30 37486.60
23.40 37486.60
23.50 37486.60
23.60 65536.00
23.70 65536.00
23.80 65536.00
23.90 65536.00
24.00 65536.00
24.10 33554.40
24.20 33554.40
24.30 33554.40
24.40 33554.40
24.50 33554.40
24.60 60293.10
24.70 60293.10
24.80 60293.10
24.90 60293.10
25.00 60293.10
25.10 75235.30
25.20 75235.30
25.30 75235.30
25.40 75235.30
25.50 75235.30
25.60 102760.40
25.70 102760.40
25.80 102760.40
25.90 102760.40
26.00 102760.40
26.10 59244.50
26.20 59244.50
26.30 59244.50
26.40 59244.50
26.50 59244.50
26.60 79691.80
26.70 79691.80
26.80 79691.80
26.90 79691.80
27.00 79691.80
27.10 102498.30
27.20 102498.30
27.30 102498.30
27.40 102498.30
27.50 102498.30
27.60 74448.90
27.70 74448.90
27.80 74448.90
27.90 74448.90
28.00 74448.90
28.10 70516.70
28.20 70516.70
28.30 70516.70
28.40 70516.70
28.50 70516.70
28.60 26214.40
28.70 26214.40
28.80 26214.40
28.90 26214.40
29.00 26214.40
29.10 152830.00
29.20 152830.00
29.30 152830.00
29.40 152830.00
29.50 152830.00
29.60 105381.90
29.70 105381.90
29.80 105381.90
29.90 105381.90
30.00 105381.90
