0.10 103116.80
0.20 103116.80
0.30 103116.80
0.40 103116.80
0.50 103116.80
0.60 103116.80
0.70 103116.80
0.80 103116.80
0.90 103116.80
1.00 103116.80
1.10 105881.60
1.20 105881.60
1.30 105881.60
1.40 105881.60
1.50 105881.60
1.60 105881.60
1.70 105881.60
1.80 105881.60
1.90 105881.60
2.00 105881.60
2.10 105164.80
2.20 105164.80
2.30 105164.80
2.40 105164.80
2.50 105164.80
2.60 105164.80
2.70 105164.80
2.80 105164.80
2.90 105164.80
3.00 105164.80
3.10 105984.00
3.20 105984.00
3.30 105984.00
3.40 105984.00
3.50 105984.00
3.60 105984.00
3.70 105984.00
3.80 105984.00
3.90 105984.00
4.00 105984.00
4.10 99328.00
4.20 99328.00
4.30 99328.00
4.40 99328.00
4.50 99328.00
4.60 99328.00
4.70 99328.00
4.80 99328.00
4.90 99328.00
5.00 99328.00
5.10 104345.60
5.20 104345.60
5.30 104345.60
5.40 104345.60
5.50 104345.60
5.60 104345.60
5.70 104345.60
5.80 104345.60
5.90 104345.60
6.00 104345.60
6.10 105472.00
6.20 105472.00
6.30 105472.00
6.40 105472.00
6.50 105472.00
6.60 105472.00
6.70 105472.00
6.80 105472.00
6.90 105472.00
7.00 105472.00
7.10 103936.00
7.20 103936.00
7.30 103936.00
7.40 103936.00
7.50 103936.00
7.60 103936.00
7.70 103936.00
7.80 103936.00
7.90 103936.00
8.00 103936.00
8.10 110899.20
8.20 110899.20
8.30 110899.20
8.40 110899.20
8.50 110899.20
8.60 110899.20
8.70 110899.20
8.80 110899.20
8.90 110899.20
9.00 110899.20
9.10 110284.80
9.20 110284.80
9.30 110284.80
9.40 110284.80
9.50 110284.80
9.60 110284.80
9.70 110284.80
9.80 110284.80
9.90 110284.80
10.00 110284.80
