0.10 82432.00
0.20 82432.00
0.30 82432.00
0.40 82432.00
0.50 82432.00
0.60 82432.00
0.70 82432.00
0.80 82432.00
0.90 82432.00
1.00 82432.00
1.10 82432.00
1.20 82432.00
1.30 82432.00
1.40 82432.00
1.50 82432.00
1.60 82432.00
1.70 82432.00
1.80 82432.00
1.90 82432.00
2.00 82432.00
2.10 82432.00
2.20 82432.00
2.30 82432.00
2.40 82432.00
2.50 82432.00
2.60 82432.00
2.70 82432.00
2.80 82432.00
2.90 82432.00
3.00 82432.00
3.10 80691.20
3.20 80691.20
3.30 80691.20
3.40 80691.20
3.50 80691.20
3.60 80691.20
3.70 80691.20
3.80 80691.20
3.90 80691.20
4.00 80691.20
4.10 80896.00
4.20 80896.00
4.30 80896.00
4.40 80896.00
4.50 80896.00
4.60 80896.00
4.70 80896.00
4.80 80896.00
4.90 80896.00
5.00 80896.00
5.10 42598.40
5.20 42598.40
5.30 42598.40
5.40 42598.40
5.50 42598.40
5.60 42598.40
5.70 42598.40
5.80 42598.40
5.90 42598.40
6.00 42598.40
6.10 119193.60
6.20 119193.60
6.30 119193.60
6.40 119193.60
6.50 119193.60
6.60 119193.60
6.70 119193.60
6.80 119193.60
6.90 119193.60
7.00 119193.60
7.10 78233.60
7.20 78233.60
7.30 78233.60
7.40 78233.60
7.50 78233.60
7.60 78233.60
7.70 78233.60
7.80 78233.60
7.90 78233.60
8.00 78233.60
8.10 79769.60
8.20 79769.60
8.30 79769.60
8.40 79769.60
8.50 79769.60
8.60 79769.60
8.70 79769.60
8.80 79769.60
8.90 79769.60
9.00 79769.60
9.10 85913.60
9.20 85913.60
9.30 85913.60
9.40 85913.60
9.50 85913.60
9.60 85913.60
9.70 85913.60
9.80 85913.60
9.90 85913.60
10.00 85913.60
10.10 82124.80
10.20 82124.80
10.30 82124.80
10.40 82124.80
10.50 82124.80
10.60 82124.80
10.70 82124.80
10.80 82124.80
10.90 82124.80
11.00 82124.80
11.10 85913.60
11.20 85913.60
11.30 85913.60
11.40 85913.60
11.50 85913.60
11.60 85913.60
11.70 85913.60
11.80 85913.60
11.90 85913.60
12.00 85913.60
12.10 76288.00
12.20 76288.00
12.30 76288.00
12.40 76288.00
12.50 76288.00
12.60 76288.00
12.70 76288.00
12.80 76288.00
12.90 76288.00
13.00 76288.00
13.10 79667.20
13.20 79667.20
13.30 79667.20
13.40 79667.20
13.50 79667.20
13.60 79667.20
13.70 79667.20
13.80 79667.20
13.90 79667.20
14.00 79667.20
14.10 81612.80
14.20 81612.80
14.30 81612.80
14.40 81612.80
14.50 81612.80
14.60 81612.80
14.70 81612.80
14.80 81612.80
14.90 81612.80
15.00 81612.80
15.10 79052.80
15.20 79052.80
15.30 79052.80
15.40 79052.80
15.50 79052.80
15.60 79052.80
15.70 79052.80
15.80 79052.80
15.90 79052.80
16.00 79052.80
16.10 80998.40
16.20 80998.40
16.30 80998.40
16.40 80998.40
16.50 80998.40
16.60 80998.40
16.70 80998.40
16.80 80998.40
16.90 80998.40
17.00 80998.40
17.10 81612.80
17.20 81612.80
17.30 81612.80
17.40 81612.80
17.50 81612.80
17.60 81612.80
17.70 81612.80
17.80 81612.80
17.90 81612.80
18.00 81612.80
18.10 25497.60
18.20 25497.60
18.30 25497.60
18.40 25497.60
18.50 25497.60
18.60 25497.60
18.70 25497.60
18.80 25497.60
18.90 25497.60
19.00 25497.60
19.10 141004.80
19.20 141004.80
19.30 141004.80
19.40 141004.80
19.50 141004.80
19.60 141004.80
19.70 141004.80
19.80 141004.80
19.90 141004.80
20.00 141004.80
20.10 80588.80
20.20 80588.80
20.30 80588.80
20.40 80588.80
20.50 80588.80
20.60 80588.80
20.70 80588.80
20.80 80588.80
20.90 80588.80
21.00 80588.80
21.10 77414.40
21.20 77414.40
21.30 77414.40
21.40 77414.40
21.50 77414.40
21.60 77414.40
21.70 77414.40
21.80 77414.40
21.90 77414.40
22.00 77414.40
22.10 19251.20
22.20 19251.20
22.30 19251.20
22.40 19251.20
22.50 19251.20
22.60 19251.20
22.70 19251.20
22.80 19251.20
22.90 19251.20
23.00 19251.20
23.10 137113.60
23.20 137113.60
23.30 137113.60
23.40 137113.60
23.50 137113.60
23.60 137113.60
23.70 137113.60
23.80 137113.60
23.90 137113.60
24.00 137113.60
24.10 82124.80
24.20 82124.80
24.30 82124.80
24.40 82124.80
24.50 82124.80
24.60 82124.80
24.70 82124.80
24.80 82124.80
24.90 82124.80
25.00 82124.80
25.10 83046.40
25.20 83046.40
25.30 83046.40
25.40 83046.40
25.50 83046.40
25.60 83046.40
25.70 83046.40
25.80 83046.40
25.90 83046.40
26.00 83046.40
26.10 82841.60
26.20 82841.60
26.30 82841.60
26.40 82841.60
26.50 82841.60
26.60 82841.60
26.70 82841.60
26.80 82841.60
26.90 82841.60
27.00 82841.60
27.10 86118.40
27.20 86118.40
27.30 86118.40
27.40 86118.40
27.50 86118.40
27.60 86118.40
27.70 86118.40
27.80 86118.40
27.90 86118.40
28.00 86118.40
28.10 87347.20
28.20 87347.20
28.30 87347.20
28.40 87347.20
28.50 87347.20
28.60 87347.20
28.70 87347.20
28.80 87347.20
28.90 87347.20
29.00 87347.20
29.10 84377.60
29.20 84377.60
29.30 84377.60
29.40 84377.60
29.50 84377.60
29.60 84377.60
29.70 84377.60
29.80 84377.60
29.90 84377.60
30.00 84377.60
