1
3
5
7
9
11
13
15
17
19
21
23
25
27
29
30
32
34
36
38
40
42
44
46
48
50
52
54
56
58
60
61
63
65
67
69
71
73
75
77
79
81
83
85
87
89
90
92
94
96
98
100
102
104
106
108
110
112
114
116
118
120
122
124
126
128
130
132
134
136
138
140
142
144
146
148
150
152
154
156
158
160
162
164
166
168
170
172
174
176
178
180
182
184
186
188
190
192
194
196
198
200
202
204
206
208
210
212
214
216
218
220
222
224
226
228
230
231
233
235
237
239
241
243
245
247
249
251
253
255
257
259
261
263
265
267
269
271
273
275
277
279
280
282
284
286
288
290
292
294
296
298
300
302
304
306
308
310
312
314
316
318
320
322
324
326
328
330
333
336
340
343
346
350
353
356
360
363
366
370
373
376
380
383
386
390
393
396
400
403
406
410
413
416
420
423
426
430
432
435
438
440
443
446
448
451
454
457
459
462
465
467
470
473
475
478
481
484
486
489
492
494
497
500
502
505
508
511
513
516
519
521
524
527
530
532
535
537
540
542
545
547
550
553
555
558
560
563
565
568
570
573
576
578
581
583
586
588
591
593
596
599
601
604
606
609
611
614
616
619
622
624
627
629
632
634
637
640
641
643
645
647
649
651
652
654
656
658
660
662
664
665
667
669
671
673
675
677
678
680
682
684
686
688
690
691
693
695
697
699
701
702
704
706
708
710
712
714
715
717
719
721
723
725
727
728
730
732
734
736
738
740
742
745
747
750
753
755
758
761
763
766
768
771
774
776
779
782
784
787
790
792
795
797
800
803
805
808
811
813
816
818
821
824
826
829
832
834
837
840
842
844
846
848
850
852
854
856
858
860
862
864
866
868
870
872
874
876
878
880
882
884
886
888
891
893
895
897
899
901
903
905
907
909
911
913
915
917
919
921
923
925
927
929
931
933
935
937
940
941
943
945
947
949
951
953
955
956
958
960
962
964
966
968
970
972
973
975
977
979
981
983
985
987
989
990
992
994
996
998
1000
1002
1004
1006
1007
1009
1011
1013
1015
1017
1019
1021
1023
1024
1026
1028
1030
1032
1034
1036
1038
1040
1042
1044
1046
1049
1051
1053
1056
1058
1060
1063
1065
1067
1070
1072
1074
1077
1079
1081
1084
1086
1088
1091
1093
1095
1098
1100
1102
1105
1107
1109
1112
1114
1116
1119
1121
1123
1126
1128
1130
1133
1135
1137
1140
1141
1143
1145
1147
1148
1150
1152
1154
1156
1157
1159
1161
1163
1165
1166
1168
1170
1172
1173
1175
1177
1179
1181
1182
1184
1186
1188
1190
1191
1193
1195
1197
1198
1200
1202
1204
1206
1207
1209
1211
1213
1214
1216
1218
1220
1222
1223
1225
1227
1229
1231
1232
1234
1236
1238
1240
1242
1244
1246
1248
1251
1253
1255
1257
1260
1262
1264
1266
1268
1271
1273
1275
1277
1280
1282
1284
1286
1288
1291
1293
1295
1297
1300
1302
1304
1306
1308
1311
1313
1315
1317
1320
1322
1324
1326
1328
1331
1333
1335
1337
1340
1341
1343
1345
1346
1348
1350
1351
1353
1355
1356
1358
1360
1362
1363
1365
1367
1368
1370
1372
1373
1375
1377
1378
1380
1382
1384
1385
1387
1389
1390
1392
1394
1395
1397
1399
1400
1402
1404
1406
1407
1409
1411
1412
1414
1416
1417
1419
1421
1422
1424
1426
1428
1429
1431
1433
1434
1436
1438
1439
1441
1443
1444
1446
1448
1450
1451
1452
1454
1455
1456
1458
1459
1460
1462
1463
1464
1466
1467
1468
1470
1471
1472
1474
1475
1476
1478
1479
1480
1482
1483
1484
1486
1487
1488
1490
1491
1492
1494
1495
1496
1498
1499
1500
1502
1503
1504
1506
1507
1508
1510
1511
1512
1514
1515
1516
1518
1519
1520
1522
1523
1524
1526
1527
1528
1530
1531
1532
1534
1535
1536
1538
1539
1540
1542
1543
1544
1546
1547
1548
1550
1552
1554
1556
1558
1560
1562
1564
1566
1568
1570
1572
1575
1577
1579
1581
1583
1585
1587
1589
1591
1593
1595
1597
1600
1602
1604
1606
1608
1610
1612
1614
1616
1618
1620
1622
1625
1627
1629
1631
1633
1635
1637
1639
1641
1643
1645
1647
1650
1652
1654
1656
1659
1661
1663
1666
1668
1670
1673
1675
1677
1680
1682
1684
1687
1689
1691
1694
1696
1698
1701
1703
1705
1708
1710
1712
1715
1717
1719
1722
1724
1726
1729
1731
1733
1736
1738
1740
1743
1745
1747
1750
1751
1753
1755
1756
1758
1760
1761
1763
1765
1766
1768
1770
1772
1773
1775
1777
1778
1780
1782
1783
1785
1787
1788
1790
1792
1794
1795
1797
1799
1800
1802
1804
1805
1807
1809
1811
1812
1814
1816
1817
1819
1821
1822
1824
1826
1827
1829
1831
1833
1834
1836
1838
1839
1841
1843
1844
1846
1848
1850
1851
1852
1854
1855
1857
1858
1860
1861
1862
1864
1865
1867
1868
1870
1871
1872
1874
1875
1877
1878
1880
1881
1882
1884
1885
1887
1888
1890
1891
1892
1894
1895
1897
1898
1900
1901
1902
1904
1905
1907
1908
1910
1911
1912
1914
1915
1917
1918
1920
1921
1922
1924
1925
1927
1928
1930
1931
1932
1934
1935
1937
1938
1940
1941
1942
1944
1945
1947
1948
1950
1951
1952
1953
1954
1956
1957
1958
1959
1960
1962
1963
1964
1965
1966
1968
1969
1970
1971
1972
1974
1975
1976
1977
1978
1980
1981
1982
1983
1984
1986
1987
1988
1989
1990
1992
1993
1994
1995
1996
1998
1999
2000
2001
2003
2004
2005
2006
2007
2009
2010
2011
2012
2013
2015
2016
2017
2018
2019
2021
2022
2023
2024
2025
2027
2028
2029
2030
2031
2033
2034
2035
2036
2037
2039
2040
2041
2042
2043
2045
2046
2047
2048
2050
2051
2052
2053
2054
2056
2057
2058
2059
2060
2062
2063
2064
2065
2066
2068
2069
2070
2071
2072
2074
2075
2076
2077
2078
2080
2081
2082
2083
2084
2086
2087
2088
2089
2090
2092
2093
2094
2095
2096
2098
2099
2100
2101
2103
2104
2105
2106
2107
2109
2110
2111
2112
2113
2115
2116
2117
2118
2119
2121
2122
2123
2124
2125
2127
2128
2129
2130
2131
2133
2134
2135
2136
2137
2139
2140
2141
2142
2143
2145
2146
2147
2148
2150
2151
2152
2153
2154
2155
2156
2157
2158
2159
2160
2161
2162
2163
2164
2165
2166
2167
2168
2169
2170
2171
2172
2173
2175
2176
2177
2178
2179
2180
2181
2182
2183
2184
2185
2186
2187
2188
2189
2190
2191
2192
2193
2194
2195
2196
2197
2198
2200
2201
2202
2203
2204
2205
2206
2207
2208
2209
2210
2211
2212
2213
2214
2215
2216
2217
2218
2219
2220
2221
2222
2223
2225
2226
2227
2228
2229
2230
2231
2232
2233
2234
2235
2236
2237
2238
2239
2240
2241
2242
2243
2244
2245
2246
2247
2248
2250
2251
2253
2255
2257
2258
2260
2262
2264
2265
2267
2269
2271
2272
2274
2276
2278
2279
2281
2283
2285
2286
2288
2290
2292
2293
2295
2297
2299
2300
2302
2304
2306
2307
2309
2311
2313
2314
2316
2318
2320
2321
2323
2325
2327
2328
2330
2332
2334
2335
2337
2339
2341
2342
2344
2346
2348
2350
2352
2354
2356
2358
2360
2362
2364
2366
2368
2370
2372
2374
2376
2378
2380
2382
2384
2386
2388
2390
2392
2394
2396
2398
2400
2402
2404
2406
2408
2410
2412
2414
2416
2418
2420
2422
2424
2426
2428
2430
2432
2434
2436
2438
2440
2442
2444
2446
2448
2450
2452
2454
2456
2458
2461
2463
2465
2467
2470
2472
2474
2476
2478
2481
2483
2485
2487
2490
2492
2494
2496
2498
2501
2503
2505
2507
2510
2512
2514
2516
2518
2521
2523
2525
2527
2530
2532
2534
2536
2538
2541
2543
2545
2547
2550
2553
2557
2561
2565
2569
2573
2577
2581
2585
2589
2593
2597
2601
2605
2608
2612
2616
2620
2624
2628
2632
2636
2640
2644
2648
2652
2656
2660
2662
2664
2666
2669
2671
2673
2675
2678
2680
2682
2685
2687
2689
2691
2694
2696
2698
2700
2703
2705
2707
2710
2712
2714
2716
2719
2721
2723
2725
2728
2730
2732
2735
2737
2739
2741
2744
2746
2748
2750
2753
2755
2757
2760
2761
2763
2764
2766
2768
2769
2771
2773
2774
2776
2778
2779
2781
2782
2784
2786
2787
2789
2791
2792
2794
2796
2797
2799
2800
2802
2804
2805
2807
2809
2810
2812
2814
2815
2817
2819
2820
2822
2823
2825
2827
2828
2830
2832
2833
2835
2837
2838
2840
2841
2843
2845
2846
2848
2850
2851
2853
2855
2856
2858
2860
2861
2862
2863
2865
2866
2867
2869
2870
2871
2872
2874
2875
2876
2878
2879
2880
2882
2883
2884
2885
2887
2888
2889
2891
2892
2893
2895
2896
2897
2898
2900
2901
2902
2904
2905
2906
2908
2909
2910
2911
2913
2914
2915
2917
2918
2919
2921
2922
2923
2924
2926
2927
2928
2930
2931
2932
2934
2935
2936
2937
2939
2940
2941
2943
2944
2945
2947
2948
2949
2950
2952
2953
2954
2956
2957
2958
2960
2961
2962
2964
2965
2966
2968
2969
2970
2972
2973
2975
2976
2977
2979
2980
2981
2983
2984
2986
2987
2988
2990
2991
2992
2994
2995
2996
2998
2999
3001
3002
3003
3005
3006
3007
3009
3010
3012
3013
3014
3016
3017
3018
3020
3021
3023
3024
3025
3027
3028
3029
3031
3032
3033
3035
3036
3038
3039
3040
3042
3043
3044
3046
3047
3049
3050
3051
3053
3054
3055
3057
3058
3060
3061
3063
3065
3067
3069
3071
3072
3074
3076
3078
3080
3082
3084
3085
3087
3089
3091
3093
3095
3097
3098
3100
3102
3104
3106
3108
3110
3111
3113
3115
3117
3119
3121
3122
3124
3126
3128
3130
3132
3134
3135
3137
3139
3141
3143
3145
3147
3148
3150
3152
3154
3156
3158
3160
3162
3164
3166
3168
3170
3172
3174
3177
3179
3181
3183
3185
3187
3189
3191
3194
3196
3198
3200
3202
3204
3206
3208
3211
3213
3215
3217
3219
3221
3223
3225
3228
3230
3232
3234
3236
3238
3240
3242
3245
3247
3249
3251
3253
3255
3257
3260
3262
3265
3268
3271
3273
3276
3279
3282
3284
3287
3290
3293
3296
3298
3301
3304
3307
3309
3312
3315
3318
3321
3323
3326
3329
3332
3335
3337
3340
3343
3346
3348
3351
3354
3357
3360
3361
3363
3365
3367
3369
3371
3373
3375
3377
3379
3381
3383
3385
3387
3389
3391
3393
3395
3397
3399
3401
3403
3405
3407
3409
3410
3412
3414
3416
3418
3420
3422
3424
3426
3428
3430
3432
3434
3436
3438
3440
3442
3444
3446
3448
3450
3452
3454
3456
3458
3460
3462
3464
3466
3468
3470
3472
3474
3476
3478
3480
3482
3484
3486
3488
3490
3492
3494
3496
3498
3500
3502
3504
3506
3508
3510
3512
3514
3517
3519
3521
3523
3525
3527
3529
3531
3533
3535
3537
3539
3541
3543
3545
3547
3549
3551
3553
3555
3557
3559
3561
3563
3565
3567
3570
3572
3574
3577
3579
3581
3584
3586
3589
3591
3593
3596
3598
3600
3603
3605
3608
3610
3612
3615
3617
3620
3622
3624
3627
3629
3631
3634
3636
3639
3641
3643
3646
3648
3650
3653
3655
3658
3660
3662
3665
3667
3670
3672
3674
3676
3678
3680
3682
3684
3686
3688
3690
3692
3694
3696
3698
3700
3702
3704
3706
3708
3710
3712
3714
3716
3718
3721
3723
3725
3727
3729
3731
3733
3735
3737
3739
3741
3743
3745
3747
3749
3751
3753
3755
3757
3759
3761
3763
3765
3767
3770
3772
3774
3776
3779
3781
3783
3786
3788
3790
3793
3795
3797
3800
3802
3804
3807
3809
3811
3814
3816
3818
3821
3823
3825
3828
3830
3832
3835
3837
3839
3842
3844
3846
3849
3851
3853
3856
3858
3860
3863
3865
3867
3870
3871
3873
3874
3876
3877
3879
3880
3882
3883
3885
3886
3888
3889
3891
3892
3894
3895
3897
3898
3900
3901
3903
3904
3906
3907
3909
3910
3912
3913
3915
3916
3918
3920
3921
3923
3924
3926
3927
3929
3930
3932
3933
3935
3936
3938
3939
3941
3942
3944
3945
3947
3948
3950
3951
3953
3954
3956
3957
3959
3960
3962
3963
3965
3966
3968
3970
3971
3972
3973
3974
3975
3977
3978
3979
3980
3981
3983
3984
3985
3986
3987
3989
3990
3991
3992
3993
3995
3996
3997
3998
3999
4000
4002
4003
4004
4005
4006
4008
4009
4010
4011
4012
4014
4015
4016
4017
4018
4020
4021
4022
4023
4024
4025
4027
4028
4029
4030
4031
4033
4034
4035
4036
4037
4039
4040
4041
4042
4043
4045
4046
4047
4048
4049
4050
4052
4053
4054
4055
4056
4058
4059
4060
4061
4062
4064
4065
4066
4067
4068
4070
4071
4072
4073
4074
4075
4076
4077
4078
4079
4080
4082
4083
4084
4085
4086
4087
4088
4089
4090
4091
4093
4094
4095
4096
4097
4098
4099
4100
4101
4102
4104
4105
4106
4107
4108
4109
4110
4111
4112
4113
4115
4116
4117
4118
4119
4120
4121
4122
4123
4124
4126
4127
4128
4129
4130
4131
4132
4133
4134
4135
4137
4138
4139
4140
4141
4142
4143
4144
4145
4146
4148
4149
4150
4151
4152
4153
4154
4155
4156
4157
4159
4160
4161
4162
4163
4164
4165
4166
4167
4168
4170
4170
4171
4172
4173
4174
4175
4176
4176
4177
4178
4179
4180
4181
4182
4182
4183
4184
4185
4186
4187
4188
4188
4189
4190
4191
4192
4193
4194
4195
4195
4196
4197
4198
4199
4200
4201
4201
4202
4203
4204
4205
4206
4207
4207
4208
4209
4210
4211
4212
4213
4213
4214
4215
4216
4217
4218
4219
4220
4220
4221
4222
4223
4224
4225
4226
4226
4227
4228
4229
4230
4231
4232
4232
4233
4234
4235
4236
4237
4238
4238
4239
4240
4241
4242
4243
4244
4244
4245
4246
4247
4248
4249
4250
4251
4251
4252
4253
4254
4255
4256
4257
4257
4258
4259
4260
4261
4262
4263
4263
4264
4265
4266
4267
4268
4269
4270
4271
4272
4273
4274
4275
4277
4278
4279
4280
4281
4283
4284
4285
4286
4287
4289
4290
4291
4292
4293
4295
4296
4297
4298
4299
4300
4302
4303
4304
4305
4306
4308
4309
4310
4311
4312
4314
4315
4316
4317
4318
4320
4321
4322
4323
4324
4325
4327
4328
4329
4330
4331
4333
4334
4335
4336
4337
4339
4340
4341
4342
4343
4345
4346
4347
4348
4349
4350
4352
4353
4354
4355
4356
4358
4359
4360
4361
4362
4364
4365
4366
4367
4368
4370
4370
4371
4372
4373
4374
4375
4376
4377
4378
4379
4380
4380
4381
4382
4383
4384
4385
4386
4387
4388
4389
4390
4390
4391
4392
4393
4394
4395
4396
4397
4398
4399
4400
4400
4401
4402
4403
4404
4405
4406
4407
4408
4409
4410
4410
4411
4412
4413
4414
4415
4416
4417
4418
4419
4420
4420
4421
4422
4423
4424
4425
4426
4427
4428
4429
4430
4430
4431
4432
4433
4434
4435
4436
4437
4438
4439
4440
4440
4441
4442
4443
4444
4445
4446
4447
4448
4449
4450
4450
4451
4452
4453
4454
4455
4456
4457
4458
4459
4460
4460
4461
4462
4463
4464
4465
4466
4467
4468
4469
4470
4470
4471
4472
4473
4474
4475
4476
4477
4478
4479
4480
4480
4481
4482
4483
4484
4485
4486
4487
4488
4489
4490
4491
4492
4493
4494
4495
4496
4497
4498
4499
4500
4500
4501
4502
4503
4504
4505
4506
4507
4508
4509
4510
4511
4512
4513
4514
4515
4516
4517
4518
4519
4520
4520
4521
4522
4523
4524
4525
4526
4527
4528
4529
4530
4531
4532
4533
4534
4535
4536
4537
4538
4539
4540
4540
4541
4542
4543
4544
4545
4546
4547
4548
4549
4550
4551
4552
4553
4554
4555
4556
4557
4558
4559
4560
4560
4561
4562
4563
4564
4565
4566
4567
4568
4569
4570
4571
4572
4573
4574
4575
4576
4577
4578
4579
4580
4580
4581
4582
4583
4584
4585
4586
4587
4588
4589
4590
4591
4592
4593
4594
4595
4596
4596
4597
4598
4599
4600
4601
4602
4603
4604
4605
4606
4607
4608
4609
4610
4611
4612
4613
4613
4614
4615
4616
4617
4618
4619
4620
4621
4622
4623
4624
4625
4626
4627
4628
4629
4630
4630
4631
4632
4633
4634
4635
4636
4637
4638
4639
4640
4641
4642
4643
4644
4645
4646
4646
4647
4648
4649
4650
4651
4652
4653
4654
4655
4656
4657
4658
4659
4660
4661
4662
4663
4663
4664
4665
4666
4667
4668
4669
4670
4671
4672
4673
4674
4675
4676
4677
4678
4679
4680
4680
4681
4682
4683
4684
4685
4686
4687
4688
4689
4690
4691
4692
4693
4694
4695
4696
4697
4698
4699
4700
4701
4702
4703
4704
4705
4706
4707
4708
4709
4710
4711
4712
4713
4714
4715
4716
4717
4718
4719
4720
4721
4722
4723
4724
4725
4726
4727
4728
4729
4730
4731
4732
4733
4734
4735
4736
4737
4738
4739
4740
4741
4742
4743
4744
4745
4746
4747
4748
4749
4750
4751
4752
4753
4754
4755
4756
4757
4758
4759
4760
4761
4762
4763
4764
4765
4766
4767
4768
4769
4770
4771
4772
4773
4774
4775
4776
4777
4778
4779
4780
4781
4782
4783
4784
4785
4786
4787
4788
4789
4790
4791
4792
4793
4794
4795
4796
4797
4798
4799
4800
4801
4802
4803
4804
4805
4806
4807
4808
4809
4810
4811
4812
4813
4814
4815
4816
4817
4818
4819
4820
4821
4822
4823
4824
4825
4826
4827
4828
4829
4830
4831
4832
4833
4834
4835
4836
4837
4838
4839
4840
4841
4842
4843
4844
4845
4846
4847
4848
4849
4850
4851
4852
4853
4854
4855
4856
4857
4858
4859
4860
4861
4862
4863
4864
4865
4866
4867
4868
4869
4870
4871
4872
4873
4874
4875
4876
4877
4878
4880
4881
4882
4883
4884
4885
4886
4887
4888
4889
4890
4891
4892
4894
4895
4896
4897
4898
4899
4900
4901
4902
4903
4904
4905
4906
4908
4909
4910
4911
4912
4913
4914
4915
4916
4917
4918
4919
4920
4922
4923
4924
4925
4926
4927
4928
4929
4930
4931
4932
4933
4935
4936
4937
4938
4939
4940
4941
4942
4943
4944
4945
4946
4947
4949
4950
4951
4952
4953
4954
4955
4956
4957
4958
4959
4960
4961
4963
4964
4965
4966
4967
4968
4969
4970
4971
4972
4973
4974
4975
4977
4978
4979
4980
4981
4982
4983
4984
4985
4986
4987
4988
4990
4991
4992
4993
4994
4995
4997
4998
4999
5000
5001
5003
5004
5005
5006
5007
5009
5010
5011
5012
5013
5015
5016
5017
5018
5019
5020
5022
5023
5024
5025
5026
5028
5029
5030
5031
5032
5034
5035
5036
5037
5038
5040
5041
5042
5043
5044
5045
5047
5048
5049
5050
5051
5053
5054
5055
5056
5057
5059
5060
5061
5062
5063
5064
5066
5067
5068
5069
5070
5072
5073
5074
5075
5076
5078
5079
5080
5081
5082
5084
5085
5086
5087
5088
5090
5091
5092
5093
5094
5096
5097
5098
5099
5101
5102
5103
5104
5106
5107
5108
5109
5110
5112
5113
5114
5115
5117
5118
5119
5120
5122
5123
5124
5125
5127
5128
5129
5130
5131
5133
5134
5135
5136
5138
5139
5140
5141
5143
5144
5145
5146
5148
5149
5150
5151
5152
5154
5155
5156
5157
5159
5160
5161
5162
5164
5165
5166
5167
5169
5170
5171
5172
5173
5175
5176
5177
5178
5180
5181
5182
5183
5185
5186
5187
5188
5190
5191
5192
5193
5194
5196
5197
5198
5199
5200
5202
5203
5204
5205
5207
5208
5209
5210
5211
5213
5214
5215
5216
5218
5219
5220
5221
5222
5224
5225
5226
5227
5229
5230
5231
5232
5233
5235
5236
5237
5238
5240
5241
5242
5243
5244
5246
5247
5248
5249
5250
5252
5253
5254
5255
5257
5258
5259
5260
5261
5263
5264
5265
5266
5268
5269
5270
5271
5272
5274
5275
5276
5277
5279
5280
5281
5282
5283
5285
5286
5287
5288
5290
5291
5293
5295
5297
5299
5301
5302
5304
5306
5308
5310
5312
5314
5315
5317
5319
5321
5323
5325
5327
5328
5330
5332
5334
5336
5338
5340
5341
5343
5345
5347
5349
5351
5352
5354
5356
5358
5360
5362
5364
5365
5367
5369
5371
5373
5375
5377
5378
5380
5382
5384
5386
5388
5390
5391
5393
5395
5396
5398
5400
5402
5403
5405
5407
5408
5410
5412
5414
5415
5417
5419
5421
5422
5424
5426
5427
5429
5431
5433
5434
5436
5438
5439
5441
5443
5445
5446
5448
5450
5452
5453
5455
5457
5458
5460
5462
5464
5465
5467
5469
5471
5472
5474
5476
5477
5479
5481
5483
5484
5486
5488
5490
5492
5494
5496
5498
5500
5502
5504
5507
5509
5511
5513
5515
5517
5519
5521
5524
5526
5528
5530
5532
5534
5536
5538
5541
5543
5545
5547
5549
5551
5553
5555
5558
5560
5562
5564
5566
5568
5570
5572
5575
5577
5579
5581
5583
5585
5587
5590
5592
5594
5596
5598
5600
5602
5604
5606
5608
5610
5612
5614
5616
5618
5620
5622
5624
5626
5628
5630
5632
5634
5636
5638
5640
5642
5645
5647
5649
5651
5653
5655
5657
5659
5661
5663
5665
5667
5669
5671
5673
5675
5677
5679
5681
5683
5685
5687
5689
5691
5693
5695
5697
5700
5701
5703
5704
5706
5707
5709
5711
5712
5714
5715
5717
5719
5720
5722
5723
5725
5726
5728
5730
5731
5733
5734
5736
5738
5739
5741
5742
5744
5746
5747
5749
5750
5752
5753
5755
5757
5758
5760
5761
5763
5765
5766
5768
5769
5771
5773
5774
5776
5777
5779
5780
5782
5784
5785
5787
5788
5790
5792
5793
5795
5796
5798
5800
5801
5802
5804
5805
5806
5808
5809
5810
5812
5813
5815
5816
5817
5819
5820
5821
5823
5824
5826
5827
5828
5830
5831
5832
5834
5835
5836
5838
5839
5841
5842
5843
5845
5846
5847
5849
5850
5852
5853
5854
5856
5857
5858
5860
5861
5863
5864
5865
5867
5868
5869
5871
5872
5873
5875
5876
5878
5879
5880
5882
5883
5884
5886
5887
5889
5890
5891
5893
5894
5895
5897
5898
5900
5901
5902
5903
5904
5905
5906
5907
5908
5909
5910
5911
5912
5913
5914
5915
5916
5917
5918
5919
5920
5921
5922
5923
5925
5926
5927
5928
5929
5930
5931
5932
5933
5934
5935
5936
5937
5938
5939
5940
5941
5942
5943
5944
5945
5946
5947
5948
5950
5951
5952
5953
5954
5955
5956
5957
5958
5959
5960
5961
5962
5963
5964
5965
5966
5967
5968
5969
5970
5971
5972
5973
5975
5976
5977
5978
5979
5980
5981
5982
5983
5984
5985
5986
5987
5988
5989
5990
5991
5992
5993
5994
5995
5996
5997
5998
6000
6001
6002
6004
6005
6006
6008
6009
6010
6012
6013
6014
6016
6017
6018
6020
6021
6022
6024
6025
6026
6028
6029
6030
6032
6033
6034
6036
6037
6038
6040
6041
6042
6044
6045
6046
6048
6049
6050
6052
6053
6054
6056
6057
6058
6060
6061
6062
6064
6065
6066
6068
6069
6070
6072
6073
6074
6076
6077
6078
6080
6081
6082
6084
6085
6086
6088
6089
6090
6092
6093
6094
6096
6097
6098
6100
6101
6102
6104
6105
6106
6108
6109
6110
6112
6113
6115
6116
6117
6119
6120
6121
6123
6124
6126
6127
6128
6130
6131
6132
6134
6135
6136
6138
6139
6141
6142
6143
6145
6146
6147
6149
6150
6152
6153
6154
6156
6157
6158
6160
6161
6163
6164
6165
6167
6168
6169
6171
6172
6173
6175
6176
6178
6179
6180
6182
6183
6184
6186
6187
6189
6190
6191
6193
6194
6195
6197
6198
6200
6201
6202
6203
6204
6206
6207
6208
6209
6211
6212
6213
6214
6216
6217
6218
6219
6220
6222
6223
6224
6225
6227
6228
6229
6230
6232
6233
6234
6235
6237
6238
6239
6240
6241
6243
6244
6245
6246
6248
6249
6250
6251
6253
6254
6255
6256
6258
6259
6260
6261
6262
6264
6265
6266
6267
6269
6270
6271
6272
6274
6275
6276
6277
6279
6280
6281
6282
6283
6285
6286
6287
6288
6290
6291
6292
6293
6295
6296
6297
6298
6300
6301
6303
6304
6306
6308
6309
6311
6313
6314
6316
6318
6319
6321
6322
6324
6326
6327
6329
6331
6332
6334
6336
6337
6339
6341
6342
6344
6345
6347
6349
6350
6352
6354
6355
6357
6359
6360
6362
6364
6365
6367
6368
6370
6372
6373
6375
6377
6378
6380
6382
6383
6385
6387
6388
6390
6391
6393
6395
6396
6398
6400
6401
6403
6405
6406
6408
6410
6411
6412
6413
6414
6415
6416
6417
6418
6419
6420
6421
6422
6423
6424
6425
6426
6427
6428
6429
6430
6431
6432
6433
6435
6436
6437
6438
6439
6440
6441
6442
6443
6444
6445
6446
6447
6448
6449
6450
6451
6452
6453
6454
6455
6456
6457
6458
6460
6461
6462
6463
6464
6465
6466
6467
6468
6469
6470
6471
6472
6473
6474
6475
6476
6477
6478
6479
6480
6481
6482
6483
6484
6486
6487
6488
6489
6490
6491
6492
6493
6494
6495
6496
6497
6498
6499
6500
6501
6502
6503
6504
6505
6506
6507
6508
6510
6511
6512
6513
6514
6516
6517
6518
6519
6520
6522
6523
6524
6525
6526
6528
6529
6530
6531
6532
6534
6535
6536
6537
6538
6540
6541
6542
6543
6544
6546
6547
6548
6549
6550
6552
6553
6554
6555
6556
6558
6559
6560
6561
6563
6564
6565
6566
6567
6569
6570
6571
6572
6573
6575
6576
6577
6578
6579
6581
6582
6583
6584
6585
6587
6588
6589
6590
6591
6593
6594
6595
6596
6597
6599
6600
6601
6602
6603
6605
6606
6607
6608
6610
6610
6611
6612
6613
6614
6615
6616
6617
6618
6619
6620
6621
6622
6623
6624
6624
6625
6626
6627
6628
6629
6630
6631
6632
6633
6634
6635
6636
6637
6638
6638
6639
6640
6641
6642
6643
6644
6645
6646
6647
6648
6649
6650
6651
6652
6652
6653
6654
6655
6656
6657
6658
6659
6660
6661
6662
6663
6664
6665
6666
6667
6667
6668
6669
6670
6671
6672
6673
6674
6675
6676
6677
6678
6679
6680
6681
6681
6682
6683
6684
6685
6686
6687
6688
6689
6690
6691
6692
6693
6694
6695
6695
6696
6697
6698
6699
6700
6701
6702
6703
6704
6705
6706
6707
6708
6709
6710
6710
6711
6712
6713
6714
6715
6716
6717
6718
6719
6719
6720
6721
6722
6723
6724
6725
6726
6727
6728
6728
6729
6730
6731
6732
6733
6734
6735
6736
6737
6737
6738
6739
6740
6741
6742
6743
6744
6745
6746
6746
6747
6748
6749
6750
6751
6752
6753
6754
6755
6755
6756
6757
6758
6759
6760
6761
6762
6763
6764
6764
6765
6766
6767
6768
6769
6770
6771
6772
6773
6773
6774
6775
6776
6777
6778
6779
6780
6781
6782
6782
6783
6784
6785
6786
6787
6788
6789
6790
6791
6791
6792
6793
6794
6795
6796
6797
6798
6799
6800
6800
6801
6802
6803
6804
6805
6806
6807
6808
6809
6810
6811
6812
6813
6815
6816
6817
6818
6820
6821
6822
6824
6825
6826
6827
6829
6830
6831
6833
6834
6835
6836
6838
6839
6840
6842
6843
6844
6845
6847
6848
6849
6851
6852
6853
6854
6856
6857
6858
6860
6861
6862
6863
6865
6866
6867
6868
6870
6871
6872
6874
6875
6876
6877
6879
6880
6881
6883
6884
6885
6886
6888
6889
6890
6892
6893
6894
6895
6897
6898
6899
6901
6902
6903
6904
6906
6907
6908
6910
6911
6912
6913
6914
6915
6916
6917
6918
6919
6920
6921
6922
6923
6924
6925
6927
6928
6929
6930
6931
6932
6933
6934
6935
6936
6937
6938
6939
6940
6941
6942
6944
6945
6946
6947
6948
6949
6950
6951
6952
6953
6954
6955
6956
6957
6958
6960
6961
6962
6963
6964
6965
6966
6967
6968
6969
6970
6971
6972
6973
6974
6975
6977
6978
6979
6980
6981
6982
6983
6984
6985
6986
6987
6988
6989
6990
6991
6992
6994
6995
6996
6997
6998
6999
7000
7001
7002
7003
7004
7005
7006
7007
7008
7010
7011
7012
7013
7014
7015
7016
7017
7018
7020
7021
7022
7023
7024
7025
7026
7027
7029
7030
7031
7032
7033
7034
7035
7036
7038
7039
7040
7041
7042
7043
7044
7045
7047
7048
7049
7050
7051
7052
7053
7054
7056
7057
7058
7059
7060
7061
7062
7063
7064
7066
7067
7068
7069
7070
7071
7072
7073
7075
7076
7077
7078
7079
7080
7081
7082
7084
7085
7086
7087
7088
7089
7090
7091
7093
7094
7095
7096
7097
7098
7099
7100
7102
7103
7104
7105
7106
7107
7108
7109
7111
7112
7113
7114
7115
7116
7117
7118
7120
7120
7121
7122
7123
7124
7125
7126
7127
7128
7129
7130
7131
7132
7133
7134
7135
7136
7137
7138
7139
7140
7141
7142
7143
7144
7145
7146
7147
7148
7149
7150
7151
7152
7153
7153
7154
7155
7156
7157
7158
7159
7160
7161
7162
7163
7164
7165
7166
7167
7168
7169
7170
7171
7172
7173
7174
7175
7176
7177
7178
7179
7180
7181
7182
7183
7184
7185
7186
7186
7187
7188
7189
7190
7191
7192
7193
7194
7195
7196
7197
7198
7199
7200
7201
7202
7203
7204
7205
7206
7207
7208
7209
7210
7211
7212
7213
7214
7215
7216
7217
7218
7219
7220
7221
7222
7224
7225
7226
7228
7229
7231
7232
7233
7235
7236
7238
7239
7240
7242
7243
7245
7246
7247
7249
7250
7251
7253
7254
7256
7257
7258
7260
7261
7263
7264
7265
7267
7268
7270
7271
7272
7274
7275
7276
7278
7279
7281
7282
7283
7285
7286
7288
7289
7290
7292
7293
7295
7296
7297
7299
7300
7301
7303
7304
7306
7307
7308
7310
7311
7313
7314
7315
7317
7318
7320
7322
7324
7326
7329
7331
7333
7336
7338
7340
7343
7345
7347
7350
7352
7354
7357
7359
7361
7364
7366
7368
7371
7373
7375
7378
7380
7382
7385
7387
7389
7392
7394
7396
7399
7401
7403
7406
7408
7410
7413
7415
7417
7420
7422
7424
7427
7429
7432
7434
7437
7439
7441
7444
7446
7449
7451
7454
7456
7459
7461
7463
7466
7468
7471
7473
7476
7478
7480
7483
7485
7488
7490
7493
7495
7498
7500
7502
7505
7507
7510
7512
7515
7517
7520
7522
7525
7527
7530
7533
7535
7538
7541
7543
7546
7548
7551
7554
7556
7559
7562
7564
7567
7569
7572
7575
7577
7580
7583
7585
7588
7591
7593
7596
7598
7601
7604
7606
7609
7612
7614
7617
7620
7622
7624
7627
7629
7631
7634
7636
7639
7641
7643
7646
7648
7650
7653
7655
7658
7660
7662
7665
7667
7670
7672
7674
7677
7679
7681
7684
7686
7689
7691
7693
7696
7698
7700
7703
7705
7708
7710
7712
7715
7717
7720
7721
7723
7725
7727
7728
7730
7732
7734
7735
7737
7739
7741
7743
7744
7746
7748
7750
7751
7753
7755
7757
7759
7760
7762
7764
7766
7767
7769
7771
7773
7775
7776
7778
7780
7782
7783
7785
7787
7789
7790
7792
7794
7796
7798
7799
7801
7803
7805
7806
7808
7810
7812
7814
7815
7817
7819
7821
7822
7824
7826
7828
7830
7832
7835
7838
7840
7843
7846
7848
7851
7854
7856
7859
7862
7864
7867
7870
7872
7875
7878
7880
7883
7886
7889
7891
7894
7897
7899
7902
7905
7907
7910
7913
7915
7918
7921
7923
7926
7929
7931
7934
7937
7940
7941
7943
7944
7946
7947
7949
7950
7952
7953
7955
7956
7958
7960
7961
7963
7964
7966
7967
7969
7970
7972
7973
7975
7976
7978
7979
7981
7983
7984
7986
7987
7989
7990
7992
7993
7995
7996
7998
8000
8001
8003
8004
8006
8007
8009
8010
8012
8013
8015
8016
8018
8020
8021
8023
8024
8026
8027
8029
8030
8032
8033
8035
8036
8038
8039
8041
8043
8044
8046
8047
8049
8050
8052
8053
8055
8056
8058
8059
8061
8063
8064
8066
8067
8069
8070
8072
8073
8075
8076
8078
8080
8081
8083
8084
8086
8087
8089
8090
8092
8093
8095
8096
8098
8100
8101
8103
8104
8106
8107
8109
8110
8112
8113
8115
8116
8118
8120
8121
8123
8124
8126
8127
8129
8130
8132
8133
8135
8136
8138
8140
8140
8141
8142
8143
8144
8145
8146
8147
8148
8148
8149
8150
8151
8152
8153
8154
8155
8156
8156
8157
8158
8159
8160
8161
8162
8163
8164
8165
8165
8166
8167
8168
8169
8170
8171
8172
8173
8173
8174
8175
8176
8177
8178
8179
8180
8181
8181
8182
8183
8184
8185
8186
8187
8188
8189
8190
8190
8191
8192
8193
8194
8195
8196
8197
8198
8198
8199
8200
8201
8202
8203
8204
8205
8206
8206
8207
8208
8209
8210
8211
8212
8213
8214
8215
8215
8216
8217
8218
8219
8220
8221
8222
8223
8223
8224
8225
8226
8227
8228
8229
8230
8231
8231
8232
8233
8234
8235
8236
8237
8238
8239
8240
8240
8241
8242
8243
8244
8245
8246
8247
8248
8249
8250
8251
8252
8253
8254
8255
8256
8256
8257
8258
8259
8260
8261
8262
8263
8264
8265
8266
8267
8268
8269
8270
8271
8272
8273
8273
8274
8275
8276
8277
8278
8279
8280
8281
8282
8283
8284
8285
8286
8287
8288
8289
8290
8290
8291
8292
8293
8294
8295
8296
8297
8298
8299
8300
8301
8302
8303
8304
8305
8306
8306
8307
8308
8309
8310
8311
8312
8313
8314
8315
8316
8317
8318
8319
8320
8321
8322
8323
8323
8324
8325
8326
8327
8328
8329
8330
8331
8332
8333
8334
8335
8336
8337
8338
8339
8340
8341
8342
8344
8345
8347
8348
8349
8351
8352
8354
8355
8356
8358
8359
8361
8362
8363
8365
8366
8368
8369
8370
8372
8373
8375
8376
8378
8379
8380
8382
8383
8385
8386
8387
8389
8390
8392
8393
8394
8396
8397
8399
8400
8401
8403
8404
8406
8407
8409
8410
8411
8413
8414
8416
8417
8418
8420
8421
8423
8424
8425
8427
8428
8430
8431
8432
8434
8435
8437
8438
8440
8441
8443
8445
8447
8448
8450
8452
8454
8456
8457
8459
8461
8463
8465
8466
8468
8470
8472
8473
8475
8477
8479
8481
8482
8484
8486
8488
8489
8491
8493
8495
8497
8498
8500
8502
8504
8506
8507
8509
8511
8513
8514
8516
8518
8520
8522
8523
8525
8527
8529
8531
8532
8534
8536
8538
8540
8541
8543
8545
8546
8548
8550
8551
8553
8555
8556
8558
8560
8562
8563
8565
8567
8568
8570
8572
8573
8575
8577
8578
8580
8582
8584
8585
8587
8589
8590
8592
8594
8595
8597
8599
8601
8602
8604
8606
8607
8609
8611
8612
8614
8616
8617
8619
8621
8623
8624
8626
8628
8629
8631
8633
8634
8636
8638
8640
8641
8642
8644
8645
8647
8648
8650
8651
8653
8654
8656
8657
8659
8660
8662
8663
8665
8666
8668
8669
8671
8672
8674
8675
8677
8678
8680
8681
8683
8684
8686
8687
8689
8690
8692
8693
8695
8696
8698
8699
8701
8702
8704
8705
8707
8708
8710
8711
8713
8714
8716
8717
8719
8720
8722
8723
8725
8726
8728
8729
8731
8732
8734
8735
8737
8738
8740
8741
8742
8744
8745
8747
8748
8750
8751
8753
8754
8756
8757
8759
8760
8762
8763
8765
8766
8767
8769
8770
8772
8773
8775
8776
8778
8779
8781
8782
8784
8785
8787
8788
8790
8791
8792
8794
8795
8797
8798
8800
8801
8803
8804
8806
8807
8809
8810
8812
8813
8815
8816
8817
8819
8820
8822
8823
8825
8826
8828
8829
8831
8832
8834
8835
8837
8838
8840
8841
8842
8843
8844
8845
8846
8848
8849
8850
8851
8852
8853
8854
8856
8857
8858
8859
8860
8861
8862
8864
8865
8866
8867
8868
8869
8871
8872
8873
8874
8875
8876
8877
8879
8880
8881
8882
8883
8884
8885
8887
8888
8889
8890
8891
8892
8894
8895
8896
8897
8898
8899
8900
8902
8903
8904
8905
8906
8907
8908
8910
8911
8912
8913
8914
8915
8917
8918
8919
8920
8921
8922
8923
8925
8926
8927
8928
8929
8930
8931
8933
8934
8935
8936
8937
8938
8940
8940
8941
8942
8943
8944
8945
8946
8947
8948
8949
8950
8951
8952
8952
8953
8954
8955
8956
8957
8958
8959
8960
8961
8962
8963
8964
8965
8965
8966
8967
8968
8969
8970
8971
8972
8973
8974
8975
8976
8977
8977
8978
8979
8980
8981
8982
8983
8984
8985
8986
8987
8988
8989
8989
8990
8991
8992
8993
8994
8995
8996
8997
8998
8999
9000
9001
9002
9002
9003
9004
9005
9006
9007
9008
9009
9010
9011
9012
9013
9014
9014
9015
9016
9017
9018
9019
9020
9021
9022
9023
9024
9025
9026
9027
9027
9028
9029
9030
9031
9032
9033
9034
9035
9036
9037
9038
9039
9040
9041
9042
9043
9044
9045
9046
9047
9048
9049
9050
9052
9053
9054
9055
9056
9057
9058
9059
9060
9061
9063
9064
9065
9066
9067
9068
9069
9070
9071
9072
9074
9075
9076
9077
9078
9079
9080
9081
9082
9083
9085
9086
9087
9088
9089
9090
9091
9092
9093
9094
9096
9097
9098
9099
9100
9101
9102
9103
9104
9105
9107
9108
9109
9110
9111
9112
9113
9114
9115
9116
9118
9119
9120
9121
9122
9123
9124
9125
9126
9127
9129
9130
9131
9132
9133
9134
9135
9136
9137
9138
9140
9140
9141
9142
9143
9144
9145
9146
9147
9148
9149
9150
9151
9152
9153
9154
9155
9156
9157
9158
9159
9160
9161
9162
9163
9164
9165
9166
9167
9168
9169
9170
9171
9172
9173
9174
9175
9176
9176
9177
9178
9179
9180
9181
9182
9183
9184
9185
9186
9187
9188
9189
9190
9191
9192
9193
9194
9195
9196
9197
9198
9199
9200
9201
9202
9203
9204
9205
9206
9207
9208
9209
9210
9211
9212
9213
9213
9214
9215
9216
9217
9218
9219
9220
9221
9222
9223
9224
9225
9226
9227
9228
9229
9230
9231
9232
9233
9234
9235
9236
9237
9238
9239
9240
9241
9242
9243
9244
9245
9246
9247
9248
9249
9250
9250
9251
9252
9253
9254
9255
9256
9257
9258
9259
9260
9261
9262
9263
9264
9265
9266
9267
9268
9269
9270
9271
9272
9273
9274
9275
9276
9277
9278
9279
9280
9281
9282
9283
9284
9285
9286
9287
9288
9289
9290
9291
9292
9293
9294
9295
9296
9297
9298
9299
9300
9300
9301
9302
9303
9304
9305
9306
9307
9308
9309
9310
9311
9312
9313
9314
9315
9316
9317
9318
9319
9320
9321
9322
9323
9324
9325
9326
9327
9328
9329
9330
9331
9332
9333
9334
9335
9336
9337
9338
9339
9340
9341
9342
9343
9344
9345
9346
9347
9348
9349
9350
9350
9351
9352
9353
9354
9355
9356
9357
9358
9359
9360
9361
9362
9363
9364
9365
9366
9367
9368
9369
9370
9371
9372
9373
9374
9375
9376
9377
9378
9379
9380
9381
9382
9383
9384
9385
9386
9387
9388
9389
9390
9391
9392
9393
9394
9395
9396
9397
9398
9399
9399
9400
9401
9402
9403
9404
9405
9406
9407
9408
9409
9410
9411
9412
9413
9414
9415
9416
9417
9418
9419
9420
9421
9422
9423
9424
9425
9426
9427
9428
9429
9430
9431
9432
9433
9434
9435
9436
9437
9438
9439
9440
9441
9442
9443
9444
9445
9446
9447
9448
9449
9450
9450
9451
9452
9453
9454
9455
9456
9457
9458
9459
9460
9461
9462
9463
9464
9465
9466
9467
9468
9469
9470
9471
9472
9473
9474
9475
9476
9477
9478
9479
9480
9481
9482
9483
9484
9485
9486
9487
9488
9489
9490
9491
9492
9493
9494
9495
9496
9497
9498
9499
9500
9500
9501
9502
9503
9504
9505
9506
9507
9508
9509
9510
9511
9512
9513
9514
9515
9516
9517
9518
9519
9520
9521
9522
9523
9524
9525
9526
9527
9528
9529
9530
9531
9532
9533
9534
9535
9536
9537
9538
9539
9540
9541
9542
9543
9544
9545
9546
9547
9548
9549
9550
9551
9552
9553
9554
9556
9557
9558
9559
9561
9562
9563
9564
9566
9567
9568
9569
9571
9572
9573
9574
9575
9577
9578
9579
9580
9582
9583
9584
9585
9587
9588
9589
9590
9592
9593
9594
9595
9596
9598
9599
9600
9601
9603
9604
9605
9606
9608
9609
9610
9611
9613
9614
9615
9616
9617
9619
9620
9621
9622
9624
9625
9626
9627
9629
9630
9631
9632
9634
9635
9636
9637
9638
9640
9641
9642
9643
9645
9646
9647
9648
9650
9651
9652
9653
9655
9656
9657
9658
9660
9661
9662
9663
9664
9665
9666
9668
9669
9670
9671
9672
9673
9675
9676
9677
9678
9679
9680
9682
9683
9684
9685
9686
9687
9689
9690
9691
9692
9693
9694
9696
9697
9698
9699
9700
9701
9703
9704
9705
9706
9707
9708
9710
9711
9712
9713
9714
9715
9716
9718
9719
9720
9721
9722
9723
9725
9726
9727
9728
9729
9730
9732
9733
9734
9735
9736
9737
9739
9740
9741
9742
9743
9744
9746
9747
9748
9749
9750
9751
9753
9754
9755
9756
9757
9758
9760
9761
9762
9763
9765
9766
9767
9769
9770
9771
9772
9774
9775
9776
9778
9779
9780
9782
9783
9784
9785
9787
9788
9789
9791
9792
9793
9795
9796
9797
9798
9800
9801
9802
9804
9805
9806
9808
9809
9810
9811
9813
9814
9815
9817
9818
9819
9821
9822
9823
9824
9826
9827
9828
9830
9831
9832
9834
9835
9836
9837
9839
9840
9841
9843
9844
9845
9847
9848
9849
9850
9852
9853
9854
9856
9857
9858
9860
9861
9862
9864
9865
9867
9868
9870
9871
9873
9874
9876
9877
9879
9880
9882
9883
9885
9886
9887
9889
9890
9892
9893
9895
9896
9898
9899
9901
9902
9904
9905
9907
9908
9910
9911
9912
9914
9915
9917
9918
9920
9921
9923
9924
9926
9927
9929
9930
9932
9933
9935
9936
9937
9939
9940
9942
9943
9945
9946
9948
9949
9951
9952
9954
9955
9957
9958
9960
9962
9964
9966
9969
9971
9973
9975
9978
9980
9982
9985
9987
9989
9991
9994
9996
9998
10000
10003
10005
10007
10010
10012
10014
10016
10019
10021
10023
10025
10028
10030
10032
10035
10037
10039
10041
10044
10046
10048
10050
10053
10055
10057
10060
10062
10064
10066
10069
10071
10073
10075
10078
10080
10082
10084
10087
10089
10091
10094
10096
10098
10100
10103
10105
10107
10110
10112
10115
10118
10121
10124
10126
10129
10132
10135
10138
10141
10143
10146
10149
10152
10155
10157
10160
10163
10166
10169
10172
10174
10177
10180
10183
10186
10188
10191
10194
10197
10200
10203
10205
10208
10211
10214
10217
10220
10222
10224
10227
10229
10231
10234
10236
10239
10241
10243
10246
10248
10250
10253
10255
10258
10260
10262
10265
10267
10270
10272
10274
10277
10279
10281
10284
10286
10289
10291
10293
10296
10298
10300
10303
10305
10308
10310
10312
10315
10317
10320
10322
10325
10327
10330
10332
10335
10337
10340
10343
10345
10348
10350
10353
10355
10358
10361
10363
10366
10368
10371
10373
10376
10378
10381
10384
10386
10389
10391
10394
10396
10399
10402
10404
10407
10409
10412
10414
10417
10420
10421
10422
10423
10424
10426
10427
10428
10429
10431
10432
10433
10434
10436
10437
10438
10439
10440
10442
10443
10444
10445
10447
10448
10449
10450
10452
10453
10454
10455
10457
10458
10459
10460
10461
10463
10464
10465
10466
10468
10469
10470
10471
10473
10474
10475
10476
10478
10479
10480
10481
10482
10484
10485
10486
10487
10489
10490
10491
10492
10494
10495
10496
10497
10499
10500
10501
10502
10503
10505
10506
10507
10508
10510
10511
10512
10513
10515
10516
10517
10518
10520
10521
10522
10524
10525
10526
10528
10529
10530
10532
10533
10535
10536
10537
10539
10540
10541
10543
10544
10546
10547
10548
10550
10551
10552
10554
10555
10556
10558
10559
10561
10562
10563
10565
10566
10567
10569
10570
10572
10573
10574
10576
10577
10578
10580
10581
10583
10584
10585
10587
10588
10589
10591
10592
10593
10595
10596
10598
10599
10600
10602
10603
10604
10606
10607
10609
10610
10611
10613
10614
10615
10617
10618
10620
10621
10622
10624
10625
10626
10628
10629
10630
10632
10633
10634
10636
10637
10638
10640
10641
10642
10644
10645
10647
10648
10649
10651
10652
10653
10655
10656
10657
10659
10660
10661
10663
10664
10665
10667
10668
10670
10671
10672
10674
10675
10676
10678
10679
10680
10682
10683
10684
10686
10687
10688
10690
10691
10692
10694
10695
10697
10698
10699
10701
10702
10703
10705
10706
10707
10709
10710
10711
10713
10714
10715
10717
10718
10720
10721
10722
10723
10725
10726
10727
10728
10730
10731
10732
10734
10735
10736
10737
10739
10740
10741
10743
10744
10745
10746
10748
10749
10750
10752
10753
10754
10755
10757
10758
10759
10761
10762
10763
10764
10766
10767
10768
10770
10771
10772
10773
10775
10776
10777
10778
10780
10781
10782
10784
10785
10786
10787
10789
10790
10791
10793
10794
10795
10796
10798
10799
10800
10802
10803
10804
10805
10807
10808
10809
10811
10812
10813
10814
10816
10817
10818
10820
10821
10822
10823
10825
10826
10827
10829
10830
10831
10833
10834
10835
10837
10838
10839
10841
10842
10843
10845
10846
10847
10848
10850
10851
10852
10854
10855
10856
10858
10859
10860
10862
10863
10864
10866
10867
10868
10870
10871
10872
10873
10875
10876
10877
10879
10880
10881
10883
10884
10885
10887
10888
10889
10891
10892
10893
10895
10896
10897
10898
10900
10901
10902
10904
10905
10906
10908
10909
10910
10912
10913
10914
10916
10917
10918
10920
10921
10922
10923
10924
10925
10926
10928
10929
10930
10931
10932
10933
10935
10936
10937
10938
10939
10940
10942
10943
10944
10945
10946
10947
10949
10950
10951
10952
10953
10954
10956
10957
10958
10959
10960
10961
10963
10964
10965
10966
10967
10968
10969
10971
10972
10973
10974
10975
10976
10978
10979
10980
10981
10982
10983
10985
10986
10987
10988
10989
10990
10992
10993
10994
10995
10996
10997
10999
11000
11001
11002
11003
11004
11006
11007
11008
11009
11010
11011
11013
11014
11015
11016
11017
11018
11020
11021
11022
11024
11025
11027
11028
11030
11031
11032
11034
11035
11037
11038
11040
11041
11042
11044
11045
11047
11048
11049
11051
11052
11054
11055
11057
11058
11059
11061
11062
11064
11065
11067
11068
11070
11071
11072
11074
11075
11077
11078
11080
11081
11082
11084
11085
11087
11088
11090
11091
11092
11094
11095
11097
11098
11100
11101
11102
11104
11105
11107
11108
11110
11111
11112
11114
11115
11117
11118
11120
11121
11122
11124
11125
11127
11128
11129
11131
11132
11134
11135
11137
11138
11139
11141
11142
11144
11145
11147
11148
11150
11151
11152
11154
11155
11157
11158
11160
11161
11162
11164
11165
11167
11168
11170
11171
11172
11174
11175
11177
11178
11180
11181
11182
11184
11185
11187
11188
11190
11191
11192
11194
11195
11197
11198
11200
11201
11202
11204
11205
11207
11208
11210
11211
11212
11214
11215
11217
11218
11220
11221
11222
11223
11224
11225
11226
11228
11229
11230
11231
11232
11233
11235
11236
11237
11238
11239
11240
11242
11243
11244
11245
11246
11247
11249
11250
11251
11252
11253
11254
11256
11257
11258
11259
11260
11261
11263
11264
11265
11266
11267
11268
11270
11271
11272
11273
11274
11275
11276
11278
11279
11280
11281
11282
11283
11285
11286
11287
11288
11289
11290
11292
11293
11294
11295
11296
11297
11299
11300
11301
11302
11303
11304
11306
11307
11308
11309
11310
11311
11313
11314
11315
11316
11317
11318
11320
11322
11324
11326
11328
11330
11332
11334
11336
11338
11340
11342
11344
11346
11348
11350
11352
11354
11356
11358
11360
11362
11364
11366
11368
11371
11373
11375
11377
11379
11381
11383
11385
11387
11389
11391
11393
11395
11397
11399
11401
11403
11405
11407
11409
11411
11413
11415
11417
11420
11421
11423
11424
11426
11428
11429
11431
11432
11434
11436
11437
11439
11440
11442
11444
11445
11447
11449
11450
11452
11453
11455
11457
11458
11460
11461
11463
11465
11466
11468
11469
11471
11473
11474
11476
11478
11479
11481
11482
11484
11486
11487
11489
11490
11492
11494
11495
11497
11499
11500
11502
11503
11505
11507
11508
11510
11511
11513
11515
11516
11518
11520
11521
11522
11524
11525
11527
11528
11530
11531
11533
11534
11536
11537
11539
11540
11542
11543
11545
11546
11547
11549
11550
11552
11553
11555
11556
11558
11559
11561
11562
11564
11565
11567
11568
11570
11571
11572
11574
11575
11577
11578
11580
11581
11583
11584
11586
11587
11589
11590
11592
11593
11594
11596
11597
11599
11600
11602
11603
11605
11606
11608
11609
11611
11612
11614
11615
11617
11618
11620
11621
11623
11624
11626
11628
11629
11631
11633
11634
11636
11638
11639
11641
11642
11644
11646
11647
11649
11651
11652
11654
11656
11657
11659
11660
11662
11664
11665
11667
11669
11670
11672
11674
11675
11677
11679
11680
11682
11683
11685
11687
11688
11690
11692
11693
11695
11697
11698
11700
11701
11703
11705
11706
11708
11710
11711
11713
11715
11716
11718
11720
11721
11722
11724
11725
11727
11728
11730
11731
11733
11734
11736
11737
11739
11740
11742
11743
11745
11746
11748
11749
11751
11752
11754
11755
11757
11758
11760
11761
11763
11764
11766
11767
11769
11770
11772
11773
11775
11776
11778
11779
11781
11782
11784
11785
11787
11788
11790
11791
11793
11794
11796
11797
11799
11800
11802
11803
11805
11806
11808
11809
11811
11812
11814
11815
11817
11818
11820
11822
11824
11826
11828
11830
11832
11834
11836
11838
11840
11842
11844
11846
11848
11850
11852
11854
11856
11858
11860
11862
11864
11866
11868
11870
11872
11874
11876
11878
11880
11882
11884
11886
11888
11890
11892
11894
11895
11898
11900
11902
11904
11906
11908
11910
11911
11914
11916
11918
11920
11922
11924
11926
11927
11930
11931
11933
11935
11937
11939
11941
11943
11945
11947
11948
11950
11952
11954
11956
11958
11960
11962
11964
11966
11967
11969
11971
11973
11975
11977
11979
11981
11983
11985
11986
11988
11990
11992
11994
11996
11998
12000
12002
12003
12005
12007
12009
12011
12013
12015
12017
12019
12021
12022
12024
12026
12028
12030
12032
12034
12036
12038
12040
12041
12043
12044
12046
12047
12049
12050
12052
12054
12055
12057
12058
12060
12061
12063
12065
12066
12068
12069
12071
12072
12074
12075
12077
12079
12080
12082
12083
12085
12086
12088
12090
12091
12093
12094
12096
12097
12099
12100
12102
12104
12105
12107
12108
12110
12111
12113
12115
12116
12118
12119
12121
12122
12124
12125
12127
12129
12130
12132
12133
12135
12136
12138
12140
12141
12142
12143
12144
12145
12146
12147
12148
12149
12150
12152
12153
12154
12155
12156
12157
12158
12159
12160
12161
12163
12164
12165
12166
12167
12168
12169
12170
12171
12172
12174
12175
12176
12177
12178
12179
12180
12181
12182
12183
12185
12186
12187
12188
12189
12190
12191
12192
12193
12194
12196
12197
12198
12199
12200
12201
12202
12203
12204
12205
12207
12208
12209
12210
12211
12212
12213
12214
12215
12216
12218
12219
12220
12221
12222
12223
12224
12225
12226
12227
12229
12230
12231
12232
12233
12234
12235
12236
12237
12238
12240
12241
12242
12243
12244
12245
12246
12247
12248
12250
12251
12252
12253
12254
12255
12256
12257
12258
12260
12261
12262
12263
12264
12265
12266
12267
12268
12270
12271
12272
12273
12274
12275
12276
12277
12278
12280
12281
12282
12283
12284
12285
12286
12287
12288
12290
12291
12292
12293
12294
12295
12296
12297
12298
12300
12301
12302
12303
12304
12305
12306
12307
12308
12310
12311
12312
12313
12314
12315
12316
12317
12318
12320
12321
12322
12323
12324
12325
12326
12327
12328
12330
12331
12332
12333
12334
12335
12336
12337
12338
12340
12340
12341
12342
12343
12344
12345
12346
12347
12348
12349
12350
12351
12352
12353
12354
12355
12356
12357
12358
12359
12360
12361
12362
12363
12364
12365
12365
12366
12367
12368
12369
12370
12371
12372
12373
12374
12375
12376
12377
12378
12379
12380
12381
12382
12383
12384
12385
12386
12387
12388
12389
12390
12390
12391
12392
12393
12394
12395
12396
12397
12398
12399
12400
12401
12402
12403
12404
12405
12406
12407
12408
12409
12410
12411
12412
12413
12414
12415
12415
12416
12417
12418
12419
12420
12421
12422
12423
12424
12425
12426
12427
12428
12429
12430
12431
12432
12433
12434
12435
12436
12437
12438
12439
12440
12441
12442
12443
12444
12445
12446
12448
12449
12450
12451
12452
12453
12454
12456
12457
12458
12459
12460
12461
12462
12464
12465
12466
12467
12468
12469
12471
12472
12473
12474
12475
12476
12477
12479
12480
12481
12482
12483
12484
12485
12487
12488
12489
12490
12491
12492
12494
12495
12496
12497
12498
12499
12500
12502
12503
12504
12505
12506
12507
12508
12510
12511
12512
12513
12514
12515
12517
12518
12519
12520
12521
12522
12523
12525
12526
12527
12528
12529
12530
12531
12533
12534
12535
12536
12537
12538
12540
12541
12542
12543
12544
12546
12547
12548
12549
12550
12552
12553
12554
12555
12556
12558
12559
12560
12561
12562
12564
12565
12566
12567
12568
12570
12571
12572
12573
12574
12576
12577
12578
12579
12580
12582
12583
12584
12585
12586
12588
12589
12590
12591
12593
12594
12595
12596
12597
12599
12600
12601
12602
12603
12605
12606
12607
12608
12609
12611
12612
12613
12614
12615
12617
12618
12619
12620
12621
12623
12624
12625
12626
12627
12629
12630
12631
12632
12633
12635
12636
12637
12638
12640
12641
12642
12643
12644
12645
12646
12647
12649
12650
12651
12652
12653
12654
12655
12657
12658
12659
12660
12661
12662
12663
12665
12666
12667
12668
12669
12670
12671
12672
12674
12675
12676
12677
12678
12679
12680
12682
12683
12684
12685
12686
12687
12688
12690
12691
12692
12693
12694
12695
12696
12697
12699
12700
12701
12702
12703
12704
12705
12707
12708
12709
12710
12711
12712
12713
12715
12716
12717
12718
12719
12720
12721
12722
12724
12725
12726
12727
12728
12729
12730
12732
12733
12734
12735
12736
12737
12738
12740
12741
12742
12743
12744
12746
12747
12748
12749
12750
12752
12753
12754
12755
12756
12758
12759
12760
12761
12762
12764
12765
12766
12767
12768
12770
12771
12772
12773
12774
12776
12777
12778
12779
12780
12782
12783
12784
12785
12786
12788
12789
12790
12791
12793
12794
12795
12796
12797
12799
12800
12801
12802
12803
12805
12806
12807
12808
12809
12811
12812
12813
12814
12815
12817
12818
12819
12820
12821
12823
12824
12825
12826
12827
12829
12830
12831
12832
12833
12835
12836
12837
12838
12840
12841
12842
12843
12844
12845
12846
12847
12848
12849
12850
12851
12852
12853
12854
12855
12857
12858
12859
12860
12861
12862
12863
12864
12865
12866
12867
12868
12869
12870
12871
12872
12874
12875
12876
12877
12878
12879
12880
12881
12882
12883
12884
12885
12886
12887
12888
12889
12891
12892
12893
12894
12895
12896
12897
12898
12899
12900
12901
12902
12903
12904
12905
12907
12908
12909
12910
12911
12912
12913
12914
12915
12916
12917
12918
12919
12920
12921
12922
12924
12925
12926
12927
12928
12929
12930
12931
12932
12933
12934
12935
12936
12937
12938
12940
12941
12942
12943
12944
12945
12946
12948
12949
12950
12951
12952
12953
12955
12956
12957
12958
12959
12960
12962
12963
12964
12965
12966
12967
12969
12970
12971
12972
12973
12974
12976
12977
12978
12979
12980
12981
12983
12984
12985
12986
12987
12988
12989
12991
12992
12993
12994
12995
12996
12998
12999
13000
13001
13002
13003
13005
13006
13007
13008
13009
13010
13012
13013
13014
13015
13016
13017
13019
13020
13021
13022
13023
13024
13026
13027
13028
13029
13030
13031
13033
13034
13035
13036
13037
13038
13040
13041
13043
13045
13047
13048
13050
13052
13054
13056
13057
13059
13061
13063
13065
13066
13068
13070
13072
13073
13075
13077
13079
13081
13082
13084
13086
13088
13090
13091
13093
13095
13097
13098
13100
13102
13104
13106
13107
13109
13111
13113
13115
13116
13118
13120
13122
13123
13125
13127
13129
13131
13132
13134
13136
13138
13140
13141
13143
13145
13147
13148
13150
13152
13154
13155
13157
13159
13161
13162
13164
13166
13168
13169
13171
13173
13175
13176
13178
13180
13182
13183
13185
13187
13189
13190
13192
13194
13196
13197
13199
13201
13203
13204
13206
13208
13210
13211
13213
13215
13217
13218
13220
13222
13224
13225
13227
13229
13231
13232
13234
13236
13238
13240
13242
13244
13246
13248
13250
13252
13254
13256
13258
13260
13262
13264
13266
13268
13270
13272
13274
13276
13278
13280
13282
13284
13286
13288
13291
13293
13295
13297
13299
13301
13303
13305
13307
13309
13311
13313
13315
13317
13319
13321
13323
13325
13327
13329
13331
13333
13335
13337
13340
13342
13344
13346
13348
13350
13352
13354
13356
13358
13360
13362
13364
13366
13368
13370
13372
13374
13376
13378
13380
13382
13384
13386
13388
13390
13392
13395
13397
13399
13401
13403
13405
13407
13409
13411
13413
13415
13417
13419
13421
13423
13425
13427
13429
13431
13433
13435
13437
13439
13441
13443
13445
13447
13450
13452
13455
13457
13459
13462
13465
13467
13469
13472
13475
13477
13480
13482
13485
13487
13490
13492
13495
13497
13500
13502
13504
13507
13510
13512
13515
13517
13520
13522
13525
13527
13530
13532
13535
13537
13540
13542
13545
13547
13550
13552
13555
13557
13560
13562
13565
13568
13571
13574
13577
13580
13583
13586
13589
13592
13595
13598
13601
13604
13607
13610
13612
13615
13618
13621
13624
13627
13630
13633
13636
13639
13642
13645
13648
13651
13654
13657
13660
13663
13667
13670
13674
13677
13681
13685
13688
13692
13695
13699
13702
13706
13710
13713
13717
13720
13724
13727
13731
13735
13738
13742
13745
13749
13752
13756
13760
13763
13767
13770
13774
13777
13781
13785
13788
13792
13795
13799
13802
13806
13809
13813
13817
13820
13824
13827
13831
13834
13838
13842
13845
13849
13852
13856
13860
13864
13868
13872
13876
13880
13885
13889
13893
13897
13901
13905
13910
13914
13918
13922
13926
13930
13935
13939
13943
13947
13951
13955
13960
13964
13969
13973
13978
13982
13987
13991
13996
14000
14005
14010
14014
14019
14023
14028
14032
14037
14041
14046
14050
14055
14060
14064
14069
14074
14079
14083
14088
14093
14098
14102
14107
14112
14117
14121
14126
14131
14136
14140
14145
14150
14155
14160
14164
14168
14172
14176
14181
14185
14189
14193
14198
14202
14206
14210
14215
14219
14223
14227
14231
14236
14240
14244
14248
14253
14257
14261
14265
14270
14276
14282
14288
14294
14300
14306
14312
14318
14324
14330
14336
14342
14348
14354
14360
14366
14372
14378
14384
14390
14394
14399
14404
14409
14413
14418
14423
14428
14432
14437
14442
14447
14451
14456
14461
14466
14470
14475
14480
14485
14490
14496
14502
14509
14515
14522
14528
14535
14541
14548
14554
14561
14567
14574
14580
14587
14593
14600
14605
14611
14616
14622
14627
14633
14638
14644
14649
14655
14661
14666
14672
14677
14683
14688
14694
14700
14705
14711
14716
14722
14727
14733
14738
14744
14750
14755
14761
14766
14772
14777
14783
14788
14794
14800
14809
14818
14827
14836
14845
14854
14863
14872
14881
14890
14900
14907
14914
14921
14928
14935
14942
14950
14957
14964
14971
14978
14985
14992
15000
15007
15014
15021
15028
15035
15042
15050
15057
15064
15071
15078
15085
15092
15100
15104
15108
15112
15116
15121
15125
15129
15133
15138
15142
15146
15150
15155
15159
15163
15167
15171
15176
15180
15184
15188
15193
15197
15201
15205
15210
15214
15219
15224
15229
15233
15238
15243
15248
15252
15257
15262
15267
15271
15276
15281
15286
15290
15295
15300
15305
15310
15315
15320
15325
15331
15336
15341
15346
15352
15357
15362
15367
15373
15378
15383
15388
15394
15399
15404
15410
15414
15419
15424
15429
15433
15438
15443
15448
15453
15457
15462
15467
15472
15476
15481
15486
15491
15496
15500
15505
15510
15515
15520
15524
15529
15533
15538
15542
15547
15551
15556
15560
15565
15570
15574
15579
15583
15588
15592
15597
15601
15606
15610
15615
15620
15625
15631
15636
15642
15647
15652
15658
15664
15669
15675
15680
15686
15691
15697
15702
15708
15713
15719
15724
15730
15737
15744
15751
15758
15765
15772
15780
15787
15794
15801
15808
15815
15822
15830
15837
15844
15851
15858
15865
15872
15879
15887
15894
15901
15908
15915
15922
15930
15936
15943
15950
15957
15964
15971
15978
15985
15991
15998
16005
16012
16019
16026
16033
16040
16047
16055
16063
16071
16079
16087
16094
16102
16110
16118
16126
16134
16142
16149
16155
16161
16167
16173
16179
16185
16191
16197
16202
16208
16214
16220
16226
16232
16238
16244
16250
16256
16262
16268
16274
16281
16287
16293
16300
16306
16312
16318
16325
16331
16337
16343
16350
16361
16372
16383
16394
16405
16416
16427
16438
16449
16460
16467
16474
16481
16488
16495
16502
16509
16517
16524
16531
16538
16545
16552
16560
16566
16572
16578
16585
16591
16597
16603
16610
16616
16622
16628
16634
16641
16647
16653
16660
16666
16672
16679
16685
16692
16698
16705
16711
16718
16724
16731
16737
16744
16750
16757
16763
16770
16781
16792
16803
16814
16825
16836
16847
16858
16870
16879
16888
16897
16906
16915
16925
16934
16943
16952
16961
16970
16980
16990
17000
17009
17020
17030
17040
17049
17060
17070
17080
17090
17101
17112
17123
17134
17145
17156
17167
17178
17189
17200
17204
17209
17213
17218
17222
17227
17231
17236
17240
17245
17250
17254
17259
17263
17268
17272
17277
17281
17286
17290
17295
17300
17306
17313
17320
17326
17333
17340
17346
17353
17360
17366
17373
17380
17386
17393
17400
17407
17415
17423
17430
17438
17446
17453
17461
17469
17476
17484
17492
17500
17505
17511
17516
17522
17527
17533
17538
17544
17550
17555
17561
17566
17572
17577
17583
17588
17594
17600
17605
17610
17615
17620
17626
17631
17636
17641
17647
17652
17657
17662
17668
17673
17678
17683
17689
17694
17699
17704
17710
17714
17719
17723
17728
17732
17737
17741
17746
17750
17755
17760
17764
17769
17773
17778
17782
17787
17791
17796
17800
17805
17810
17816
17822
17829
17835
17842
17848
17855
17861
17868
17874
17881
17887
17894
17900
17907
17913
17920
17925
17930
17935
17940
17946
17951
17956
17961
17967
17972
17977
17982
17988
17993
17998
18003
18009
18014
18019
18024
18030
18035
18041
18047
18053
18059
18065
18071
18077
18082
18088
18094
18100
18106
18112
18118
18124
18130
18134
18139
18144
18149
18153
18158
18163
18168
18172
18177
18182
18187
18191
18196
18201
18206
18210
18215
18220
18225
18230
18235
18240
18245
18250
18256
18261
18266
18271
18277
18282
18287
18292
18298
18303
18308
18313
18319
18324
18329
18334
18340
18345
18351
18357
18363
18369
18375
18381
18387
18392
18398
18404
18410
18416
18422
18428
18434
18440
18444
18449
18453
18458
18462
18467
18471
18476
18480
18485
18490
18494
18499
18503
18508
18512
18517
18521
18526
18530
18535
18540
18544
18549
18553
18558
18562
18567
18571
18576
18580
18585
18590
18594
18599
18603
18608
18612
18617
18621
18626
18630
18635
18640
18651
18663
18675
18687
18699
18710
18722
18734
18746
18758
18770
18775
18780
18785
18791
18796
18801
18806
18812
18817
18822
18827
18833
18838
18843
18848
18854
18859
18864
18870
18873
18877
18881
18885
18888
18892
18896
18900
18904
18907
18911
18915
18919
18923
18926
18930
18934
18938
18942
18945
18949
18953
18957
18961
18964
18968
18972
18976
18980
18982
18985
18988
18991
18994
18997
19000
19003
19006
19009
19012
19015
19018
19021
19024
19027
19030
19032
19035
19038
19041
19044
19047
19050
19053
19056
19059
19062
19065
19068
19071
19074
19077
19080
19084
19087
19092
19096
19099
19104
19107
19112
19116
19119
19124
19128
19131
19136
19140
19144
19148
19152
19156
19160
19163
19168
19172
19176
19180
19184
19188
19192
19196
19200
19205
19209
19213
19217
19221
19225
19230
19234
19238
19242
19246
19250
19255
19259
19263
19267
19271
19275
19280
19283
19286
19290
19293
19296
19300
19303
19306
19310
19313
19316
19320
19323
19326
19330
19333
19336
19340
19343
19346
19350
19353
19356
19360
19363
19366
19369
19373
19376
19380
19382
19384
19386
19388
19390
19393
19395
19397
19399
19401
19403
19406
19408
19410
19412
19414
19416
19419
19421
19423
19425
19427
19430
19432
19434
19436
19438
19440
19443
19445
19447
19449
19451
19453
19456
19458
19460
19462
19464
19466
19469
19471
19473
19475
19477
19480
19482
19484
19486
19488
19490
19493
19495
19497
19499
19501
19503
19506
19508
19510
19512
19514
19516
19519
19521
19523
19525
19527
19530
19532
19534
19536
19538
19540
19543
19545
19547
19549
19551
19553
19556
19558
19560
19562
19564
19566
19569
19571
19573
19575
19577
19580
19582
19585
19588
19591
19594
19597
19600
19603
19606
19608
19611
19614
19617
19620
19623
19626
19629
19632
19634
19637
19640
19643
19646
19649
19652
19655
19658
19661
19663
19666
19669
19672
19675
19678
19681
19684
19687
19690
19691
19693
19695
19697
19699
19701
19703
19705
19707
19709
19711
19712
19714
19716
19718
19720
19722
19724
19726
19728
19730
19732
19734
19735
19737
19739
19741
19743
19745
19747
19749
19751
19753
19755
19757
19758
19760
19762
19764
19766
19768
19770
19772
19774
19776
19778
19780
19781
19783
19785
19787
19788
19790
19792
19794
19795
19797
19799
19801
19802
19804
19806
19808
19809
19811
19813
19815
19816
19818
19820
19822
19823
19825
19827
19829
19830
19832
19834
19836
19837
19839
19841
19843
19844
19846
19848
19850
19851
19853
19855
19857
19858
19860
19862
19864
19865
19867
19869
19871
19872
19874
19876
19878
19880
19884
19888
19893
19897
19902
19906
19911
19915
19919
19924
19928
19933
19937
19942
19946
19951
19955
19960
19964
19968
19973
19977
19982
19986
19991
19995
20000
20004
20008
20013
20017
20022
20026
20031
20035
20040
20042
20045
20047
20050
20052
20055
20057
20060
20063
20065
20068
20070
20073
20075
20078
20081
20083
20086
20088
20091
20093
20096
20098
20101
20104
20106
20109
20111
20114
20116
20119
20122
20124
20127
20129
20132
20134
20137
20140
20142
20144
20147
20149
20152
20154
20157
20159
20161
20164
20166
20169
20171
20174
20176
20179
20181
20183
20186
20188
20191
20193
20196
20198
20200
20203
20205
20208
20210
20213
20215
20218
20220
20222
20225
20227
20230
20232
20235
20237
20240
20243
20246
20250
20253
20257
20260
20264
20267
20271
20274
20277
20281
20284
20288
20291
20295
20298
20302
20305
20308
20312
20315
20319
20322
20326
20329
20333
20336
20340
20342
20344
20346
20348
20350
20352
20354
20356
20358
20360
20362
20364
20366
20368
20370
20372
20374
20376
20378
20380
20382
20384
20386
20388
20390
20392
20395
20397
20399
20401
20403
20405
20407
20409
20411
20413
20415
20417
20419
20421
20423
20425
20427
20429
20431
20433
20435
20437
20439
20441
20443
20445
20447
20450
20451
20453
20454
20456
20458
20459
20461
20462
20464
20466
20467
20469
20470
20472
20474
20475
20477
20479
20480
20482
20483
20485
20487
20488
20490
20491
20493
20495
20496
20498
20500
20501
20503
20504
20506
20508
20509
20511
20512
20514
20516
20517
20519
20520
20522
20524
20525
20527
20529
20530
20532
20533
20535
20537
20538
20540
20541
20543
20545
20546
20548
20550
20551
20553
20555
20556
20558
20560
20561
20563
20565
20566
20568
20570
20571
20573
20575
20576
20578
20580
20581
20583
20585
20586
20588
20590
20591
20593
20595
20596
20598
20600
20601
20603
20605
20606
20608
20610
20611
20613
20615
20616
20618
20619
20621
20623
20625
20626
20628
20630
20631
20633
20634
20636
20638
20640
20641
20643
20645
20646
20648
20650
20651
20652
20653
20654
20655
20656
20657
20658
20659
20660
20661
20662
20663
20664
20665
20667
20668
20669
20670
20671
20672
20673
20674
20675
20676
20677
20678
20679
20680
20681
20682
20684
20685
20686
20687
20688
20689
20690
20691
20692
20693
20694
20695
20696
20697
20698
20700
20701
20702
20703
20704
20705
20706
20707
20708
20709
20710
20711
20712
20713
20714
20715
20717
20718
20719
20720
20721
20722
20723
20724
20725
20726
20727
20728
20729
20730
20731
20732
20734
20735
20736
20737
20738
20739
20740
20741
20742
20743
20744
20745
20746
20747
20748
20750
20751
20752
20753
20754
20755
20757
20758
20759
20760
20761
20762
20764
20765
20766
20767
20768
20770
20771
20772
20773
20774
20775
20777
20778
20779
20780
20781
20782
20784
20785
20786
20787
20788
20790
20791
20792
20793
20794
20795
20797
20798
20799
20800
20801
20802
20804
20805
20806
20807
20808
20810
20811
20812
20813
20814
20815
20817
20818
20819
20820
20821
20822
20824
20825
20826
20827
20828
20830
20831
20832
20833
20834
20835
20837
20838
20839
20840
20841
20842
20844
20845
20846
20847
20848
20850
20851
20852
20853
20854
20855
20856
20857
20858
20859
20860
20861
20862
20863
20865
20866
20867
20868
20869
20870
20871
20872
20873
20874
20875
20876
20877
20879
20880
20881
20882
20883
20884
20885
20886
20887
20888
20889
20890
20891
20893
20894
20895
20896
20897
20898
20899
20900
20901
20902
20903
20904
20905
20906
20908
20909
20910
20911
20912
20913
20914
20915
20916
20917
20918
20919
20920
20922
20923
20924
20925
20926
20927
20928
20929
20930
20931
20932
20933
20934
20936
20937
20938
20939
20940
20941
20942
20943
20944
20945
20946
20947
20948
20950
20951
20952
20953
20954
20955
20956
20957
20958
20959
20960
20961
20962
20963
20965
20966
20967
20968
20969
20970
20971
20972
20973
20974
20975
20976
20977
20979
20980
20981
20982
20983
20984
20985
20986
20987
20988
20989
20990
20991
20993
20994
20995
20996
20997
20998
20999
21000
21001
21002
21003
21004
21005
21006
21008
21009
21010
21011
21012
21013
21014
21015
21016
21017
21018
21019
21020
21022
21023
21024
21025
21026
21027
21028
21029
21030
21031
21032
21033
21034
21036
21037
21038
21039
21040
21041
21042
21043
21044
21045
21046
21047
21048
21050
21051
21053
21055
21056
21058
21060
21061
21063
21065
21066
21068
21070
21072
21073
21075
21077
21078
21080
21082
21083
21085
21087
21088
21090
21092
21094
21095
21097
21099
21100
21102
21104
21105
21107
21109
21110
21112
21114
21116
21117
21119
21121
21122
21124
21126
21127
21129
21131
21132
21134
21136
21138
21139
21141
21143
21144
21146
21148
21149
21151
21153
21154
21156
21158
21160
21161
21162
21164
21165
21167
21168
21170
21171
21172
21174
21175
21177
21178
21180
21181
21182
21184
21185
21187
21188
21190
21191
21192
21194
21195
21197
21198
21200
21201
21202
21204
21205
21207
21208
21210
21211
21212
21214
21215
21217
21218
21220
21221
21222
21224
21225
21227
21228
21230
21231
21232
21234
21235
21237
21238
21240
21241
21242
21244
21245
21247
21248
21250
21251
21252
21254
21255
21257
21258
21260
21262
21264
21266
21269
21271
21273
21275
21278
21280
21282
21285
21287
21289
21291
21294
21296
21298
21300
21303
21305
21307
21310
21312
21314
21316
21319
21321
21323
21325
21328
21330
21332
21335
21337
21339
21341
21344
21346
21348
21350
21353
21355
21357
21360
21361
21362
21364
21365
21366
21368
21369
21370
21372
21373
21374
21376
21377
21378
21380
21381
21382
21384
21385
21386
21387
21389
21390
21392
21393
21394
21396
21397
21398
21400
21401
21402
21404
21405
21406
21408
21409
21410
21412
21413
21414
21416
21417
21418
21420
21421
21422
21424
21425
21426
21428
21429
21430
21432
21433
21434
21436
21437
21438
21440
21441
21442
21444
21445
21446
21448
21449
21450
21452
21453
21454
21456
21457
21458
21460
21461
21462
21463
21464
21465
21466
21468
21469
21470
21471
21472
21473
21474
21476
21477
21478
21479
21480
21481
21482
21484
21485
21486
21487
21488
21489
21491
21492
21493
21494
21495
21496
21497
21499
21500
21501
21502
21503
21504
21505
21507
21508
21509
21510
21511
21512
21514
21515
21516
21517
21518
21519
21520
21522
21523
21524
21525
21526
21527
21528
21530
21531
21532
21533
21534
21535
21537
21538
21539
21540
21541
21542
21543
21545
21546
21547
21548
21549
21550
21551
21553
21554
21555
21556
21557
21558
21560
21561
21562
21564
21565
21567
21568
21570
21571
21573
21574
21576
21577
21579
21580
21582
21583
21585
21586
21588
21589
21591
21592
21594
21595
21597
21598
21600
21601
21603
21604
21606
21607
21609
21610
21612
21613
21615
21616
21618
21619
21621
21622
21624
21625
21627
21628
21630
21631
21633
21634
21636
21637
21639
21640
21642
21643
21645
21646
21648
21649
21651
21652
21654
21655
21657
21658
21660
21661
21662
21663
21664
21665
21666
21667
21668
21669
21670
21672
21673
21674
21675
21676
21677
21678
21679
21680
21681
21683
21684
21685
21686
21687
21688
21689
21690
21691
21692
21694
21695
21696
21697
21698
21699
21700
21701
21702
21703
21705
21706
21707
21708
21709
21710
21711
21712
21713
21714
21716
21717
21718
21719
21720
21721
21722
21723
21724
21725
21727
21728
21729
21730
21731
21732
21733
21734
21735
21736
21738
21739
21740
21741
21742
21743
21744
21745
21746
21747
21749
21750
21751
21752
21753
21754
21755
21756
21757
21758
21760
21761
21762
21764
21765
21767
21768
21770
21771
21773
21774
21776
21777
21779
21780
21782
21783
21785
21786
21787
21789
21790
21792
21793
21795
21796
21798
21799
21801
21802
21804
21805
21807
21808
21810
21811
21812
21814
21815
21817
21818
21820
21821
21823
21824
21826
21827
21829
21830
21832
21833
21835
21836
21837
21839
21840
21842
21843
21845
21846
21848
21849
21851
21852
21854
21855
21857
21858
21860
21861
21863
21865
21867
21868
21870
21872
21874
21875
21877
21879
21881
21882
21884
21886
21888
21889
21891
21893
21895
21896
21898
21900
21902
21903
21905
21907
21909
21910
21912
21914
21916
21917
21919
21921
21923
21924
21926
21928
21930
21931
21933
21935
21937
21938
21940
21942
21944
21945
21947
21949
21951
21952
21954
21956
21958
21960
21961
21963
21965
21967
21969
21971
21973
21975
21977
21979
21981
21983
21985
21987
21989
21991
21993
21995
21997
21999
22001
22003
22005
22007
22009
22010
22012
22014
22016
22018
22020
22022
22024
22026
22028
22030
22032
22034
22036
22038
22040
22042
22044
22046
22048
22050
22052
22054
22056
22058
22060
22061
22062
22063
22064
22065
22067
22068
22069
22070
22071
22073
22074
22075
22076
22077
22079
22080
22081
22082
22083
22085
22086
22087
22088
22089
22090
22092
22093
22094
22095
22096
22098
22099
22100
22101
22102
22104
22105
22106
22107
22108
22110
22111
22112
22113
22114
22115
22117
22118
22119
22120
22121
22123
22124
22125
22126
22127
22129
22130
22131
22132
22133
22134
22136
22137
22138
22139
22140
22142
22143
22144
22145
22146
22148
22149
22150
22151
22152
22154
22155
22156
22157
22158
22160
22160
22161
22162
22163
22164
22164
22165
22166
22167
22168
22168
22169
22170
22171
22172
22172
22173
22174
22175
22176
22176
22177
22178
22179
22180
22180
22181
22182
22183
22184
22184
22185
22186
22187
22188
22188
22189
22190
22191
22192
22192
22193
22194
22195
22196
22196
22197
22198
22199
22200
22200
22201
22202
22203
22204
22204
22205
22206
22207
22208
22208
22209
22210
22211
22212
22212
22213
22214
22215
22216
22216
22217
22218
22219
22220
22220
22221
22222
22223
22224
22224
22225
22226
22227
22228
22228
22229
22230
22231
22232
22232
22233
22234
22235
22236
22236
22237
22238
22239
22240
22240
22241
22242
22243
22244
22244
22245
22246
22247
22248
22248
22249
22250
22251
22252
22252
22253
22254
22255
22256
22256
22257
22258
22259
22260
22261
22262
22263
22264
22266
22267
22268
22269
22270
22272
22273
22274
22275
22277
22278
22279
22280
22281
22283
22284
22285
22286
22288
22289
22290
22291
22292
22294
22295
22296
22297
22299
22300
22301
22302
22303
22305
22306
22307
22308
22310
22311
22312
22313
22314
22316
22317
22318
22319
22320
22322
22323
22324
22325
22327
22328
22329
22330
22331
22333
22334
22335
22336
22338
22339
22340
22341
22342
22344
22345
22346
22347
22349
22350
22351
22352
22353
22355
22356
22357
22358
22360
22360
22361
22362
22363
22364
22365
22366
22367
22368
22369
22370
22371
22372
22373
22374
22375
22376
22377
22378
22379
22380
22381
22382
22383
22384
22384
22385
22386
22387
22388
22389
22390
22391
22392
22393
22394
22395
22396
22397
22398
22399
22400
22401
22402
22403
22404
22405
22406
22407
22408
22409
22410
22410
22411
22412
22413
22414
22415
22416
22417
22418
22419
22420
22421
22422
22423
22424
22425
22426
22427
22428
22429
22430
22431
22432
22433
22434
22435
22435
22436
22437
22438
22439
22440
22441
22442
22443
22444
22445
22446
22447
22448
22449
22450
22451
22452
22453
22454
22455
22456
22457
22458
22459
22460
22460
22461
22462
22463
22464
22465
22466
22467
22468
22468
22469
22470
22471
22472
22473
22474
22475
22476
22476
22477
22478
22479
22480
22481
22482
22483
22484
22485
22485
22486
22487
22488
22489
22490
22491
22492
22493
22493
22494
22495
22496
22497
22498
22499
22500
22501
22501
22502
22503
22504
22505
22506
22507
22508
22509
22509
22510
22511
22512
22513
22514
22515
22516
22517
22518
22518
22519
22520
22521
22522
22523
22524
22525
22526
22526
22527
22528
22529
22530
22531
22532
22533
22534
22535
22535
22536
22537
22538
22539
22540
22541
22542
22543
22543
22544
22545
22546
22547
22548
22549
22550
22551
22551
22552
22553
22554
22555
22556
22557
22558
22559
22560
22561
22562
22563
22564
22565
22566
22567
22568
22570
22571
22572
22573
22574
22575
22576
22577
22579
22580
22581
22582
22583
22584
22585
22586
22588
22589
22590
22591
22592
22593
22594
22595
22597
22598
22599
22600
22601
22602
22603
22604
22606
22607
22608
22609
22610
22611
22612
22613
22615
22616
22617
22618
22619
22620
22621
22622
22624
22625
22626
22627
22628
22629
22630
22631
22633
22634
22635
22636
22637
22638
22639
22640
22642
22643
22644
22645
22646
22647
22648
22649
22651
22652
22653
22654
22655
22656
22657
22658
22660
22661
22662
22663
22664
22665
22666
22667
22668
22669
22670
22671
22672
22673
22674
22675
22676
22677
22678
22679
22680
22681
22682
22683
22684
22685
22686
22687
22688
22689
22690
22691
22692
22693
22694
22695
22696
22697
22698
22699
22700
22701
22702
22703
22704
22705
22706
22707
22708
22709
22710
22711
22712
22713
22714
22715
22716
22717
22718
22719
22720
22721
22722
22723
22724
22725
22726
22727
22728
22729
22730
22731
22732
22733
22734
22735
22736
22737
22738
22739
22740
22741
22742
22743
22744
22745
22746
22747
22748
22749
22750
22751
22752
22753
22754
22755
22756
22757
22758
22759
22760
22761
22762
22764
22765
22766
22768
22769
22770
22772
22773
22775
22776
22777
22779
22780
22781
22783
22784
22786
22787
22788
22790
22791
22792
22794
22795
22796
22798
22799
22801
22802
22803
22805
22806
22807
22809
22810
22812
22813
22814
22816
22817
22818
22820
22821
22823
22824
22825
22827
22828
22829
22831
22832
22833
22835
22836
22838
22839
22840
22842
22843
22844
22846
22847
22849
22850
22851
22853
22854
22855
22857
22858
22860
22861
22862
22863
22864
22865
22866
22867
22868
22869
22870
22871
22872
22873
22874
22875
22876
22877
22878
22879
22880
22881
22882
22883
22884
22886
22887
22888
22889
22890
22891
22892
22893
22894
22895
22896
22897
22898
22899
22900
22901
22902
22903
22904
22905
22906
22907
22908
22910
22911
22912
22913
22914
22915
22916
22917
22918
22919
22920
22921
22922
22923
22924
22925
22926
22927
22928
22929
22930
22931
22932
22933
22935
22936
22937
22938
22939
22940
22941
22942
22943
22944
22945
22946
22947
22948
22949
22950
22951
22952
22953
22954
22955
22956
22957
22958
22960
22961
22962
22964
22965
22967
22968
22969
22971
22972
22974
22975
22976
22978
22979
22981
22982
22983
22985
22986
22988
22989
22990
22992
22993
22995
22996
22998
22999
23000
23002
23003
23005
23006
23007
23009
23010
23012
23013
23014
23016
23017
23019
23020
23021
23023
23024
23026
23027
23029
23030
23031
23033
23034
23036
23037
23038
23040
23041
23043
23044
23045
23047
23048
23050
23051
23052
23054
23055
23057
23058
23060
23061
23063
23064
23066
23068
23069
23071
23072
23074
23076
23077
23079
23081
23082
23084
23085
23087
23089
23090
23092
23093
23095
23097
23098
23100
23102
23103
23105
23106
23108
23110
23111
23113
23115
23116
23118
23119
23121
23123
23124
23126
23127
23129
23131
23132
23134
23136
23137
23139
23140
23142
23144
23145
23147
23148
23150
23152
23153
23155
23157
23158
23160
23161
23163
23165
23166
23168
23170
23170
23171
23172
23173
23174
23175
23176
23177
23178
23179
23180
23181
23182
23183
23184
23185
23186
23187
23188
23189
23190
23191
23192
23193
23194
23195
23196
23197
23198
23199
23200
23201
23202
23203
23204
23205
23206
23207
23208
23209
23210
23211
23212
23213
23214
23215
23216
23217
23218
23219
23220
23221
23222
23223
23224
23225
23226
23227
23228
23229
23230
23231
23232
23233
23234
23235
23236
23237
23238
23239
23240
23241
23242
23243
23244
23245
23246
23247
23248
23249
23250
23251
23252
23253
23254
23255
23256
23257
23258
23259
23260
23261
23262
23263
23264
23265
23266
23267
23268
23269
23270
23271
23273
23275
23277
23278
23280
23282
23284
23286
23287
23289
23291
23293
23295
23296
23298
23300
23302
23303
23305
23307
23309
23311
23312
23314
23316
23318
23320
23321
23323
23325
23327
23328
23330
23332
23334
23336
23337
23339
23341
23343
23345
23346
23348
23350
23352
23353
23355
23357
23359
23361
23362
23364
23366
23368
23370
23371
23373
23375
23376
23378
23380
23382
23383
23385
23387
23388
23390
23392
23394
23395
23397
23399
23401
23402
23404
23406
23407
23409
23411
23413
23414
23416
23418
23420
23421
23423
23425
23426
23428
23430
23432
23433
23435
23437
23438
23440
23442
23444
23445
23447
23449
23451
23452
23454
23456
23457
23459
23461
23463
23464
23466
23468
23470
23472
23475
23477
23480
23482
23485
23487
23490
23493
23495
23498
23500
23503
23505
23508
23511
23513
23516
23518
23521
23523
23526
23528
23531
23534
23536
23539
23541
23544
23546
23549
23552
23554
23557
23559
23562
23564
23567
23570
23571
23572
23574
23575
23577
23578
23580
23581
23583
23584
23586
23587
23589
23590
23592
23593
23595
23596
23598
23599
23601
23602
23604
23605
23607
23608
23610
23611
23613
23614
23616
23617
23619
23620
23622
23623
23625
23626
23627
23629
23630
23632
23633
23635
23636
23638
23639
23641
23642
23644
23645
23647
23648
23650
23651
23653
23654
23656
23657
23659
23660
23662
23663
23665
23666
23668
23669
23671
23672
23674
23675
23677
23678
23680
23681
23682
23683
23684
23685
23686
23687
23688
23689
23690
23691
23692
23693
23695
23696
23697
23698
23699
23700
23701
23702
23703
23704
23705
23706
23707
23709
23710
23711
23712
23713
23714
23715
23716
23717
23718
23719
23720
23721
23723
23724
23725
23726
23727
23728
23729
23730
23731
23732
23733
23734
23735
23736
23738
23739
23740
23741
23742
23743
23744
23745
23746
23747
23748
23749
23750
23752
23753
23754
23755
23756
23757
23758
23759
23760
23761
23762
23763
23764
23766
23767
23768
23769
23770
23771
23772
23773
23774
23775
23776
23777
23778
23780
23781
23782
23783
23785
23786
23787
23789
23790
23791
23793
23794
23795
23797
23798
23799
23801
23802
23803
23805
23806
23807
23808
23810
23811
23812
23814
23815
23816
23818
23819
23820
23822
23823
23824
23826
23827
23828
23830
23831
23832
23833
23835
23836
23837
23839
23840
23841
23843
23844
23845
23847
23848
23849
23851
23852
23853
23855
23856
23857
23858
23860
23861
23862
23864
23865
23866
23868
23869
23870
23872
23873
23874
23876
23877
23878
23880
23881
23882
23883
23884
23885
23886
23887
23888
23889
23890
23891
23893
23894
23895
23896
23897
23898
23899
23900
23901
23902
23903
23905
23906
23907
23908
23909
23910
23911
23912
23913
23914
23915
23916
23918
23919
23920
23921
23922
23923
23924
23925
23926
23927
23928
23930
23931
23932
23933
23934
23935
23936
23937
23938
23939
23940
23941
23943
23944
23945
23946
23947
23948
23949
23950
23951
23952
23953
23955
23956
23957
23958
23959
23960
23961
23962
23963
23964
23965
23966
23968
23969
23970
23971
23972
23973
23974
23975
23976
23977
23978
23980
23981
23983
23985
23987
23989
23991
23993
23995
23997
23999
24001
24003
24005
24007
24008
24010
24012
24014
24016
24018
24020
24022
24024
24026
24028
24030
24032
24034
24035
24037
24039
24041
24043
24045
24047
24049
24051
24053
24055
24057
24059
24061
24062
24064
24066
24068
24070
24072
24074
24076
24078
24080
24082
24084
24086
24088
24090
24091
24092
24093
24094
24095
24097
24098
24099
24100
24101
24102
24104
24105
24106
24107
24108
24110
24111
24112
24113
24114
24115
24117
24118
24119
24120
24121
24122
24124
24125
24126
24127
24128
24130
24131
24132
24133
24134
24135
24137
24138
24139
24140
24141
24142
24144
24145
24146
24147
24148
24150
24151
24152
24153
24154
24155
24157
24158
24159
24160
24161
24162
24164
24165
24166
24167
24168
24170
24171
24172
24173
24174
24175
24177
24178
24179
24180
24181
24182
24184
24185
24186
24187
24188
24190
24191
24192
24193
24194
24196
24197
24198
24199
24200
24202
24203
24204
24205
24206
24208
24209
24210
24211
24212
24214
24215
24216
24217
24218
24220
24221
24222
24223
24224
24226
24227
24228
24229
24230
24232
24233
24234
24235
24236
24238
24239
24240
24241
24243
24244
24245
24246
24247
24249
24250
24251
24252
24253
24255
24256
24257
24258
24259
24261
24262
24263
24264
24265
24267
24268
24269
24270
24271
24273
24274
24275
24276
24277
24279
24280
24281
24282
24283
24285
24286
24287
24288
24290
24291
24293
24294
24296
24298
24300
24301
24303
24305
24306
24308
24310
24311
24313
24314
24316
24318
24320
24321
24323
24325
24326
24328
24330
24331
24333
24335
24336
24338
24340
24341
24343
24345
24346
24348
24350
24351
24353
24355
24356
24358
24360
24361
24363
24365
24366
24368
24370
24371
24373
24375
24376
24378
24380
24381
24383
24385
24386
24388
24390
24391
24392
24394
24395
24396
24398
24399
24401
24402
24403
24405
24406
24408
24409
24410
24412
24413
24415
24416
24417
24419
24420
24422
24423
24424
24426
24427
24428
24430
24431
24433
24434
24435
24437
24438
24440
24441
24442
24444
24445
24447
24448
24449
24451
24452
24454
24455
24456
24458
24459
24461
24462
24463
24465
24466
24467
24469
24470
24472
24473
24474
24476
24477
24479
24480
24481
24483
24484
24486
24487
24488
24490
24491
24493
24494
24495
24497
24498
24500
24501
24503
24504
24506
24508
24509
24511
24512
24514
24516
24517
24519
24520
24522
24524
24525
24527
24529
24530
24532
24533
24535
24537
24538
24540
24541
24543
24545
24546
24548
24550
24551
24553
24554
24556
24558
24559
24561
24562
24564
24566
24567
24569
24570
24572
24574
24575
24577
24579
24580
24582
24583
24585
24587
24588
24590
24591
24593
24595
24596
24598
24600
24601
24602
24603
24604
24605
24606
24607
24608
24609
24610
24611
24612
24613
24614
24615
24616
24617
24618
24619
24620
24621
24622
24623
24624
24625
24626
24627
24628
24629
24630
24631
24632
24634
24635
24636
24637
24638
24639
24640
24641
24642
24643
24644
24645
24646
24647
24648
24649
24650
24651
24652
24653
24654
24655
24656
24657
24658
24659
24660
24661
24662
24663
24664
24665
24667
24668
24669
24670
24671
24672
24673
24674
24675
24676
24677
24678
24679
24680
24681
24682
24683
24684
24685
24686
24687
24688
24689
24690
24691
24692
24693
24694
24695
24696
24697
24698
24700
24701
24702
24703
24705
24706
24707
24709
24710
24711
24713
24714
24715
24717
24718
24719
24721
24722
24723
24725
24726
24727
24728
24730
24731
24732
24734
24735
24736
24738
24739
24740
24742
24743
24744
24746
24747
24748
24750
24751
24752
24753
24755
24756
24757
24759
24760
24761
24763
24764
24765
24767
24768
24769
24771
24772
24773
24775
24776
24777
24778
24780
24781
24782
24784
24785
24786
24788
24789
24790
24792
24793
24794
24796
24797
24798
24800
24801
24802
24803
24805
24806
24807
24809
24810
24811
24812
24814
24815
24816
24818
24819
24820
24822
24823
24824
24825
24827
24828
24829
24831
24832
24833
24834
24836
24837
24838
24840
24841
24842
24844
24845
24846
24847
24849
24850
24851
24853
24854
24855
24856
24858
24859
24860
24862
24863
24864
24866
24867
24868
24869
24871
24872
24873
24875
24876
24877
24878
24880
24881
24882
24884
24885
24886
24888
24889
24890
24891
24893
24894
24895
24897
24898
24899
24900
24902
24903
24904
24906
24907
24908
24910
24911
24912
24913
24914
24915
24916
24917
24919
24920
24921
24922
24923
24924
24925
24927
24928
24929
24930
24931
24932
24933
24934
24936
24937
24938
24939
24940
24941
24942
24944
24945
24946
24947
24948
24949
24950
24951
24953
24954
24955
24956
24957
24958
24959
24961
24962
24963
24964
24965
24966
24967
24968
24970
24971
24972
24973
24974
24975
24976
24978
24979
24980
24981
24982
24983
24984
24985
24987
24988
24989
24990
24991
24992
24993
24995
24996
24997
24998
24999
25000
25001
25002
25004
25005
25006
25007
25008
25009
25010
25012
25013
25014
25015
25016
25017
25018
25020
25021
25022
25023
25024
25025
25026
25028
25029
25030
25031
25032
25033
25035
25036
25037
25038
25039
25040
25042
25043
25044
25045
25046
25047
25049
25050
25051
25052
25053
25054
25056
25057
25058
25059
25060
25061
25063
25064
25065
25066
25067
25068
25070
25071
25072
25073
25074
25075
25076
25078
25079
25080
25081
25082
25083
25085
25086
25087
25088
25089
25090
25092
25093
25094
25095
25096
25097
25099
25100
25101
25102
25103
25104
25106
25107
25108
25109
25110
25111
25113
25114
25115
25116
25117
25118
25120
25121
25122
25123
25125
25126
25127
25128
25130
25131
25132
25133
25135
25136
25137
25138
25140
25141
25142
25143
25145
25146
25147
25148
25150
25151
25152
25153
25155
25156
25157
25158
25160
25161
25162
25163
25165
25166
25167
25168
25170
25171
25172
25173
25175
25176
25177
25178
25180
25181
25182
25183
25185
25186
25187
25188
25189
25191
25192
25193
25195
25196
25197
25198
25200
25201
25202
25203
25205
25206
25207
25208
25210
25211
25212
25213
25215
25216
25217
25218
25220
25221
25223
25224
25226
25228
25229
25231
25232
25234
25236
25237
25239
25240
25242
25244
25245
25247
25249
25250
25252
25253
25255
25257
25258
25260
25261
25263
25265
25266
25268
25270
25271
25273
25274
25276
25278
25279
25281
25282
25284
25286
25287
25289
25290
25292
25294
25295
25297
25299
25300
25302
25303
25305
25307
25308
25310
25311
25313
25315
25316
25318
25320
25321
25323
25324
25326
25328
25329
25331
25333
25334
25336
25338
25339
25341
25342
25344
25346
25347
25349
25351
25352
25354
25356
25357
25359
25360
25362
25364
25365
25367
25369
25370
25372
25374
25375
25377
25379
25380
25382
25383
25385
25387
25388
25390
25392
25393
25395
25397
25398
25400
25401
25403
25405
25406
25408
25410
25411
25413
25415
25416
25418
25420
25421
25422
25424
25425
25427
25428
25429
25431
25432
25434
25435
25436
25438
25439
25441
25442
25443
25445
25446
25448
25449
25450
25452
25453
25455
25456
25458
25459
25460
25462
25463
25465
25466
25467
25469
25470
25472
25473
25474
25476
25477
25479
25480
25481
25483
25484
25486
25487
25489
25490
25491
25493
25494
25496
25497
25498
25500
25501
25503
25504
25505
25507
25508
25510
25511
25512
25514
25515
25517
25518
25520
25522
25524
25526
25528
25530
25532
25534
25536
25538
25540
25542
25544
25546
25548
25550
25552
25554
25556
25558
25560
25562
25564
25566
25568
25571
25573
25575
25577
25579
25581
25583
25585
25587
25589
25591
25593
25595
25597
25599
25601
25603
25605
25607
25609
25611
25613
25615
25617
25620
25621
25622
25623
25625
25626
25627
25629
25630
25631
25633
25634
25635
25637
25638
25639
25641
25642
25643
25645
25646
25647
25648
25650
25651
25652
25654
25655
25656
25658
25659
25660
25662
25663
25664
25666
25667
25668
25670
25671
25672
25673
25675
25676
25677
25679
25680
25681
25683
25684
25685
25687
25688
25689
25691
25692
25693
25695
25696
25697
25698
25700
25701
25702
25704
25705
25706
25708
25709
25710
25712
25713
25714
25716
25717
25718
25720
25721
25723
25724
25726
25728
25729
25731
25732
25734
25736
25737
25739
25740
25742
25744
25745
25747
25749
25750
25752
25753
25755
25757
25758
25760
25761
25763
25765
25766
25768
25770
25771
25773
25774
25776
25778
25779
25781
25782
25784
25786
25787
25789
25790
25792
25794
25795
25797
25799
25800
25802
25803
25805
25807
25808
25810
25811
25813
25815
25816
25818
25820
25821
25822
25823
25824
25826
25827
25828
25829
25830
25832
25833
25834
25835
25836
25838
25839
25840
25841
25842
25844
25845
25846
25847
25848
25850
25851
25852
25853
25854
25856
25857
25858
25859
25860
25862
25863
25864
25865
25866
25868
25869
25870
25871
25873
25874
25875
25876
25877
25879
25880
25881
25882
25883
25885
25886
25887
25888
25889
25891
25892
25893
25894
25895
25897
25898
25899
25900
25901
25903
25904
25905
25906
25907
25909
25910
25911
25912
25913
25915
25916
25917
25918
25920
25921
25922
25923
25925
25926
25927
25929
25930
25931
25932
25934
25935
25936
25938
25939
25940
25942
25943
25944
25945
25947
25948
25949
25951
25952
25953
25955
25956
25957
25958
25960
25961
25962
25964
25965
25966
25968
25969
25970
25971
25973
25974
25975
25977
25978
25979
25981
25982
25983
25984
25986
25987
25988
25990
25991
25992
25994
25995
25996
25997
25999
26000
26001
26003
26004
26005
26007
26008
26009
26010
26012
26013
26014
26016
26017
26018
26020
26021
26022
26024
26025
26027
26028
26030
26031
26033
26034
26035
26037
26038
26040
26041
26043
26044
26046
26047
26048
26050
26051
26053
26054
26056
26057
26059
26060
26062
26063
26064
26066
26067
26069
26070
26072
26073
26075
26076
26077
26079
26080
26082
26083
26085
26086
26088
26089
26091
26092
26093
26095
26096
26098
26099
26101
26102
26104
26105
26106
26108
26109
26111
26112
26114
26115
26117
26118
26120
26121
26122
26124
26125
26127
26128
26129
26131
26132
26134
26135
26136
26138
26139
26141
26142
26143
26145
26146
26148
26149
26150
26152
26153
26155
26156
26158
26159
26160
26162
26163
26165
26166
26167
26169
26170
26172
26173
26174
26176
26177
26179
26180
26181
26183
26184
26186
26187
26189
26190
26191
26193
26194
26196
26197
26198
26200
26201
26203
26204
26205
26207
26208
26210
26211
26212
26214
26215
26217
26218
26220
26221
26222
26224
26225
26227
26228
26230
26231
26232
26234
26235
26237
26238
26240
26241
26242
26244
26245
26247
26248
26250
26251
26252
26254
26255
26257
26258
26259
26261
26262
26264
26265
26267
26268
26270
26271
26272
26274
26275
26277
26278
26280
26281
26282
26284
26285
26287
26288
26290
26291
26292
26294
26295
26297
26298
26300
26301
26302
26304
26305
26307
26308
26310
26311
26312
26314
26315
26317
26318
26320
26321
26323
26325
26326
26328
26330
26332
26333
26335
26337
26338
26340
26342
26344
26345
26347
26349
26351
26352
26354
26356
26357
26359
26361
26363
26364
26366
26368
26370
26371
26373
26375
26376
26378
26380
26382
26383
26385
26387
26388
26390
26392
26394
26395
26397
26399
26401
26402
26404
26406
26407
26409
26411
26413
26414
26416
26418
26420
26422
26424
26426
26428
26430
26432
26434
26436
26438
26440
26442
26444
26446
26448
26450
26452
26454
26456
26458
26460
26462
26464
26466
26468
26470
26472
26474
26476
26478
26480
26482
26484
26486
26488
26490
26492
26494
26496
26498
26500
26502
26504
26506
26508
26510
26512
26514
26516
26518
26520
26522
26524
26526
26528
26530
26531
26533
26535
26537
26539
26541
26543
26545
26547
26549
26551
26553
26555
26557
26559
26561
26563
26565
26567
26569
26571
26573
26575
26577
26579
26581
26583
26585
26586
26588
26590
26592
26594
26596
26598
26600
26602
26604
26606
26608
26610
26612
26614
26616
26618
26620
26622
26624
26626
26628
26630
26632
26634
26636
26638
26640
26641
26642
26644
26645
26647
26648
26650
26651
26653
26654
26656
26657
26659
26660
26662
26663
26665
26666
26667
26669
26670
26672
26673
26675
26676
26678
26679
26681
26682
26684
26685
26687
26688
26689
26691
26692
26694
26695
26697
26698
26700
26701
26703
26704
26706
26707
26709
26710
26712
26713
26715
26716
26717
26719
26720
26722
26723
26725
26726
26728
26729
26731
26732
26734
26735
26737
26738
26740
26741
26743
26744
26746
26748
26749
26751
26752
26754
26756
26757
26759
26760
26762
26764
26765
26767
26769
26770
26772
26773
26775
26777
26778
26780
26781
26783
26785
26786
26788
26790
26791
26793
26794
26796
26798
26799
26801
26802
26804
26806
26807
26809
26810
26812
26814
26815
26817
26819
26820
26822
26823
26825
26827
26828
26830
26831
26833
26835
26836
26838
26840
26841
26843
26845
26846
26848
26850
26851
26853
26855
26856
26858
26860
26862
26863
26865
26867
26868
26870
26872
26873
26875
26877
26878
26880
26882
26884
26885
26887
26889
26890
26892
26894
26895
26897
26899
26900
26902
26904
26906
26907
26909
26911
26912
26914
26916
26917
26919
26921
26922
26924
26926
26928
26929
26931
26933
26934
26936
26938
26939
26941
26943
26944
26946
26948
26950
26951
26953
26954
26956
26957
26959
26960
26962
26963
26965
26966
26968
26969
26971
26972
26974
26975
26977
26978
26980
26981
26983
26984
26986
26987
26989
26990
26992
26993
26995
26996
26998
27000
27001
27003
27004
27006
27007
27009
27010
27012
27013
27015
27016
27018
27019
27021
27022
27024
27025
27027
27028
27030
27031
27033
27034
27036
27037
27039
27040
27042
27043
27045
27046
27048
27050
27051
27053
27055
27057
27059
27061
27063
27065
27066
27068
27070
27072
27074
27076
27078
27080
27082
27083
27085
27087
27089
27091
27093
27095
27097
27099
27100
27102
27104
27106
27108
27110
27112
27114
27116
27117
27119
27121
27123
27125
27127
27129
27131
27133
27134
27136
27138
27140
27142
27144
27146
27148
27150
27152
27154
27156
27158
27160
27162
27164
27166
27169
27171
27173
27175
27177
27179
27181
27183
27185
27188
27190
27192
27194
27196
27198
27200
27202
27205
27207
27209
27211
27213
27215
27217
27219
27221
27224
27226
27228
27230
27232
27234
27236
27238
27240
27243
27245
27247
27249
27251
27253
27255
27257
27260
27262
27264
27266
27268
27271
27273
27275
27277
27280
27282
27284
27286
27288
27291
27293
27295
27297
27300
27302
27304
27306
27308
27311
27313
27315
27317
27320
27322
27324
27326
27328
27331
27333
27335
27337
27340
27342
27344
27346
27348
27351
27353
27355
27357
27360
27361
27363
27365
27367
27369
27371
27373
27375
27377
27379
27381
27383
27384
27386
27388
27390
27392
27394
27396
27398
27400
27402
27404
27406
27408
27410
27411
27413
27415
27417
27419
27421
27423
27425
27427
27429
27431
27433
27435
27436
27438
27440
27442
27444
27446
27448
27450
27452
27454
27456
27458
27460
27462
27464
27466
27468
27470
27472
27474
27476
27478
27480
27482
27485
27487
27489
27491
27493
27495
27497
27499
27501
27503
27505
27507
27509
27512
27514
27516
27518
27520
27522
27524
27526
27528
27530
27532
27535
27537
27539
27541
27543
27545
27547
27549
27551
27553
27555
27557
27560
27561
27563
27564
27566
27567
27569
27570
27572
27574
27575
27577
27578
27580
27581
27583
27585
27586
27588
27589
27591
27592
27594
27595
27597
27599
27600
27602
27603
27605
27606
27608
27610
27611
27613
27614
27616
27617
27619
27620
27622
27624
27625
27627
27628
27630
27631
27633
27634
27636
27638
27639
27641
27642
27644
27645
27647
27649
27650
27652
27653
27655
27656
27658
27660
27661
27663
27664
27666
27667
27669
27670
27672
27673
27675
27676
27678
27679
27681
27682
27684
27685
27687
27688
27690
27691
27693
27694
27696
27697
27699
27700
27702
27703
27705
27706
27708
27710
27711
27713
27714
27716
27717
27719
27720
27722
27723
27725
27726
27728
27729
27731
27732
27734
27735
27737
27738
27740
27741
27743
27744
27746
27747
27749
27750
27752
27753
27755
27756
27758
27760
27762
27764
27767
27769
27771
27774
27776
27778
27781
27783
27785
27788
27790
27792
27795
27797
27799
27802
27804
27806
27809
27811
27813
27816
27818
27820
27823
27825
27827
27830
27832
27834
27837
27839
27841
27844
27846
27848
27851
27853
27855
27858
27860
27862
27865
27867
27870
27871
27873
27874
27876
27877
27879
27880
27882
27883
27885
27886
27888
27890
27891
27893
27894
27896
27897
27899
27900
27902
27903
27905
27906
27908
27910
27911
27913
27914
27916
27917
27919
27920
27922
27923
27925
27926
27928
27930
27931
27933
27934
27936
27937
27939
27940
27942
27943
27945
27946
27948
27950
27951
27953
27954
27956
27957
27959
27960
27962
27963
27965
27966
27968
27970
27971
27973
27975
27977
27978
27980
27982
27984
27985
27987
27989
27991
27992
27994
27996
27998
27999
28001
28003
28005
28006
28008
28010
28012
28013
28015
28017
28019
28020
28022
28024
28026
28027
28029
28031
28033
28034
28036
28038
28040
28041
28043
28045
28047
28048
28050
28052
28054
28055
28057
28059
28061
28062
28064
28066
28068
28070
28071
28073
28075
28077
28078
28080
28082
28084
28086
28087
28089
28091
28093
28095
28096
28098
28100
28102
28103
28105
28107
28109
28111
28112
28114
28116
28118
28120
28121
28123
28125
28127
28128
28130
28132
28134
28136
28137
28139
28141
28143
28145
28146
28148
28150
28152
28153
28155
28157
28159
28161
28162
28164
28166
28168
28170
28171
28173
28175
28177
28179
28181
28183
28185
28187
28189
28191
28193
28195
28197
28198
28200
28202
28204
28206
28208
28210
28212
28214
28216
28218
28220
28222
28224
28225
28227
28229
28231
28233
28235
28237
28239
28241
28243
28245
28247
28249
28251
28252
28254
28256
28258
28260
28262
28264
28266
28268
28270
28272
28274
28276
28278
28280
28282
28285
28288
28290
28293
28296
28298
28301
28304
28307
28309
28312
28315
28317
28320
28323
28325
28328
28331
28334
28336
28339
28342
28344
28347
28350
28352
28355
28358
28361
28363
28366
28369
28371
28374
28377
28380
28382
28384
28386
28388
28390
28392
28394
28396
28398
28400
28402
28404
28406
28408
28410
28412
28414
28416
28418
28420
28422
28424
28426
28428
28431
28433
28435
28437
28439
28441
28443
28445
28447
28449
28451
28453
28455
28457
28459
28461
28463
28465
28467
28469
28471
28473
28475
28477
28480
28482
28485
28488
28490
28493
28496
28498
28501
28504
28507
28509
28512
28515
28517
28520
28523
28525
28528
28531
28534
28536
28539
28542
28544
28547
28550
28552
28555
28558
28561
28563
28566
28569
28571
28574
28577
28580
28582
28584
28586
28588
28590
28592
28594
28597
28599
28601
28603
28605
28607
28609
28611
28614
28616
28618
28620
28622
28624
28626
28628
28631
28633
28635
28637
28639
28641
28643
28645
28648
28650
28652
28654
28656
28658
28660
28662
28665
28667
28669
28671
28673
28675
28677
28680
28682
28685
28688
28690
28693
28696
28698
28701
28704
28707
28709
28712
28715
28717
28720
28723
28725
28728
28731
28734
28736
28739
28742
28744
28747
28750
28752
28755
28758
28761
28763
28766
28769
28771
28774
28777
28780
28782
28785
28787
28790
28792
28795
28797
28800
28802
28805
28807
28810
28812
28815
28817
28820
28822
28825
28827
28830
28832
28835
28837
28840
28842
28845
28847
28850
28852
28855
28857
28860
28862
28865
28867
28869
28872
28875
28877
28880
28882
28884
28886
28888
28890
28892
28894
28896
28898
28900
28902
28905
28907
28909
28911
28913
28915
28917
28919
28921
28923
28925
28927
28930
28932
28934
28936
28938
28940
28942
28944
28946
28948
28950
28952
28955
28957
28959
28961
28963
28965
28967
28969
28971
28973
28975
28977
28980
28982
28985
28987
28990
28992
28995
28997
29000
29002
29005
29007
29010
29012
29015
29017
29020
29022
29025
29027
29030
29032
29035
29037
29040
29042
29045
29047
29050
29052
29055
29057
29060
29062
29065
29067
29070
29072
29075
29077
29080
29082
29085
29087
29090
29092
29095
29097
29100
29102
29105
29107
29110
29112
29115
29117
29120
29122
29125
29127
29130
29132
29135
29137
29140
29142
29145
29147
29150
29152
29155
29157
29160
29162
29165
29167
29170
29172
29175
29177
29180
29182
29185
29187
29189
29192
29195
29197
29200
29202
29205
29207
29210
29212
29215
29217
29220
29223
29225
29228
29230
29233
29235
29238
29241
29243
29246
29248
29251
29253
29256
29258
29261
29264
29266
29269
29271
29274
29276
29279
29282
29284
29287
29289
29292
29294
29297
29300
29301
29303
29305
29307
29309
29310
29312
29314
29316
29318
29320
29321
29323
29325
29327
29329
29330
29332
29334
29336
29338
29340
29341
29343
29345
29347
29349
29350
29352
29354
29356
29358
29360
29361
29363
29365
29367
29369
29370
29372
29374
29376
29378
29380
29381
29383
29385
29387
29389
29390
29392
29394
29396
29398
29400
29401
29403
29405
29407
29409
29411
29413
29415
29417
29419
29421
29423
29424
29426
29428
29430
29432
29434
29436
29438
29440
29442
29444
29446
29448
29450
29451
29453
29455
29457
29459
29461
29463
29465
29467
29469
29471
29473
29475
29476
29478
29480
29482
29484
29486
29488
29490
29492
29494
29496
29498
29500
29502
29504
29506
29509
29511
29513
29516
29518
29520
29523
29525
29527
29530
29532
29534
29537
29539
29541
29544
29546
29548
29551
29553
29555
29558
29560
29562
29565
29567
29569
29572
29574
29576
29579
29581
29583
29586
29588
29590
29593
29595
29597
29600
29601
29603
29605
29606
29608
29610
29611
29613
29615
29616
29618
29620
29622
29623
29625
29627
29628
29630
29632
29633
29635
29637
29638
29640
29642
29644
29645
29647
29649
29650
29652
29654
29655
29657
29659
29661
29662
29664
29666
29667
29669
29671
29672
29674
29676
29677
29679
29681
29683
29684
29686
29688
29689
29691
29693
29694
29696
29698
29700
29702
29704
29706
29709
29711
29713
29715
29718
29720
29722
29725
29727
29729
29731
29734
29736
29738
29740
29743
29745
29747
29750
29752
29754
29756
29759
29761
29763
29765
29768
29770
29772
29775
29777
29779
29781
29784
29786
29788
29790
29793
29795
29797
29800
29801
29803
29804
29806
29807
29809
29810
29812
29813
29815
29816
29818
29819
29821
29822
29824
29825
29827
29828
29830
29831
29833
29834
29836
29837
29839
29840
29842
29843
29845
29846
29848
29850
29851
29853
29854
29856
29857
29859
29860
29862
29863
29865
29866
29868
29869
29871
29872
29874
29875
29877
29878
29880
29881
29883
29884
29886
29887
29889
29890
29892
29893
29895
29896
29898
29900
29901
29903
29904
29906
29907
29909
29910
29912
29914
29915
29917
29918
29920
29921
29923
29924
29926
29928
29929
29931
29932
29934
29935
29937
29939
29940
29942
29943
29945
29946
29948
29950
29951
29953
29954
29956
29957
29959
29960
29962
29964
29965
29967
29968
29970
29971
29973
29975
29976
29978
29979
29981
29982
29984
29985
29987
29989
29990
29992
29993
29995
29996
29998
30000
