0.16 72176.0
0.27 63848.0
0.38 72176.0
0.49 77728.0
0.60 76340.0
0.70 63848.0
0.81 79116.0
0.91 69400.0
1.02 36088.0
1.13 54132.0
1.24 65236.0
1.35 66624.0
1.45 63848.0
1.56 62460.0
1.66 49968.0
1.77 81892.0
1.88 76340.0
1.99 80504.0
2.10 80504.0
2.20 68012.0
2.31 65236.0
2.41 40252.0
2.52 56908.0
2.63 73564.0
2.74 65236.0
2.85 83280.0
2.95 52744.0
3.06 84668.0
3.16 62460.0
3.27 77728.0
3.39 80504.0
3.51 87444.0
3.62 81892.0
3.72 81892.0
3.83 87444.0
3.94 72176.0
4.06 86056.0
4.16 74952.0
4.27 73564.0
4.38 81892.0
4.49 90220.0
4.60 80504.0
4.70 70788.0
4.81 83280.0
4.91 63848.0
5.02 69400.0
5.13 79116.0
5.24 73564.0
5.35 77728.0
5.45 63848.0
5.56 70788.0
5.66 66624.0
5.77 81892.0
5.88 72176.0
5.99 72176.0
6.10 65236.0
6.20 66624.0
6.31 70788.0
6.42 62460.0
6.54 62460.0
6.64 68012.0
6.75 70788.0
6.86 61072.0
6.96 65236.0
7.07 63848.0
7.18 56908.0
7.29 72176.0
7.40 62460.0
7.51 77728.0
7.63 72176.0
7.74 61072.0
7.85 58296.0
7.96 41640.0
8.07 44416.0
8.17 43028.0
8.28 68012.0
8.39 68012.0
8.51 81892.0
8.62 77728.0
8.72 70788.0
8.84 69400.0
8.94 81892.0
9.05 73564.0
9.16 47192.0
9.27 52744.0
9.38 44416.0
9.49 44416.0
9.60 47192.0
9.70 51356.0
9.81 65236.0
9.91 58296.0
10.02 55520.0
10.13 59684.0
10.24 84668.0
10.35 80504.0
10.45 73564.0
10.56 80504.0
10.66 66624.0
10.77 74952.0
10.88 76340.0
10.99 83280.0
11.10 62460.0
11.20 72176.0
11.31 72176.0
11.41 63848.0
11.53 76340.0
11.63 61072.0
11.74 62460.0
11.85 61072.0
11.95 72176.0
12.06 84668.0
12.16 68012.0
12.27 74952.0
12.38 79116.0
12.49 83280.0
12.60 79116.0
12.70 63848.0
12.82 77728.0
12.92 77728.0
13.03 77728.0
13.13 74952.0
13.24 74952.0
13.35 77728.0
13.45 73564.0
13.56 86056.0
13.67 72176.0
13.78 72176.0
13.88 79116.0
13.99 83280.0
14.10 72176.0
14.20 54132.0
14.31 56908.0
14.41 52744.0
14.52 58296.0
14.63 62460.0
14.74 73564.0
14.85 72176.0
14.95 68012.0
15.07 68012.0
15.17 81892.0
15.28 70788.0
15.38 56908.0
15.49 66624.0
15.60 58296.0
15.70 61072.0
15.81 63848.0
15.91 56908.0
16.02 56908.0
16.13 66624.0
16.24 61072.0
16.35 69400.0
16.45 65236.0
16.56 66624.0
16.67 69400.0
16.78 79116.0
16.88 65236.0
17.00 77728.0
17.11 84668.0
17.21 70788.0
17.32 80504.0
17.42 68012.0
17.53 66624.0
17.63 52744.0
17.74 72176.0
17.85 65236.0
17.95 51356.0
18.06 48580.0
18.16 41640.0
18.27 47192.0
18.38 63848.0
18.49 70788.0
18.60 79116.0
18.70 72176.0
18.81 76340.0
18.91 63848.0
19.02 73564.0
19.13 81892.0
19.24 74952.0
19.35 70788.0
19.45 73564.0
19.56 83280.0
19.67 73564.0
19.79 84668.0
19.90 79116.0
20.01 81892.0
20.12 87444.0
20.22 61072.0
20.33 62460.0
20.43 47192.0
20.54 56908.0
20.64 56908.0
20.75 72176.0
20.86 76340.0
20.96 65236.0
21.07 70788.0
21.17 55520.0
21.28 55520.0
21.38 65236.0
21.49 76340.0
21.60 79116.0
21.70 76340.0
21.81 79116.0
21.91 68012.0
22.03 70788.0
22.13 48580.0
22.24 51356.0
22.35 58296.0
22.45 68012.0
22.56 81892.0
22.67 63848.0
22.78 69400.0
22.88 65236.0
22.99 74952.0
23.10 77728.0
23.20 72176.0
23.31 72176.0
23.41 70788.0
23.52 77728.0
23.63 76340.0
23.74 74952.0
23.85 72176.0
23.95 70788.0
24.07 72176.0
24.17 87444.0
24.28 86056.0
24.38 73564.0
24.49 70788.0
24.60 69400.0
24.70 63848.0
24.81 59684.0
24.91 49968.0
25.02 63848.0
25.13 65236.0
25.24 70788.0
25.35 72176.0
25.45 70788.0
25.56 72176.0
25.66 72176.0
25.77 72176.0
25.88 62460.0
25.99 49968.0
26.10 55520.0
26.20 48580.0
26.31 58296.0
26.41 43028.0
26.52 52744.0
26.63 59684.0
26.74 76340.0
26.86 80504.0
26.96 70788.0
27.07 68012.0
27.17 55520.0
27.28 62460.0
27.38 66624.0
27.49 65236.0
27.60 68012.0
27.71 73564.0
27.82 91608.0
27.92 73564.0
28.03 83280.0
28.13 62460.0
28.24 73564.0
28.35 87444.0
28.46 72176.0
28.57 98548.0
28.67 79116.0
28.78 81892.0
28.88 76340.0
28.99 73564.0
29.11 73564.0
29.22 66624.0
29.33 74952.0
29.43 68012.0
29.55 81892.0
29.65 81892.0
29.76 73564.0
29.87 77728.0
29.97 76340.0
30.08 80504.0
30.18 68012.0
30.29 68012.0
30.39 72176.0
30.50 65236.0
30.61 66624.0
30.71 72176.0
30.82 70788.0
30.92 68012.0
31.03 63848.0
31.13 65236.0
31.24 72176.0
31.35 66624.0
31.45 58296.0
31.56 52744.0
31.66 56908.0
31.77 80504.0
31.88 83280.0
31.99 74952.0
32.10 87444.0
32.20 72176.0
32.31 80504.0
32.41 76340.0
32.52 77728.0
32.63 87444.0
32.74 87444.0
32.85 90220.0
32.95 69400.0
33.06 84668.0
33.16 83280.0
33.27 72176.0
33.38 66624.0
33.49 86056.0
33.60 84668.0
33.70 74952.0
33.81 79116.0
33.91 77728.0
34.02 65236.0
34.13 76340.0
34.24 79116.0
34.36 74952.0
34.46 79116.0
34.57 79116.0
34.67 68012.0
34.78 79116.0
34.88 62460.0
34.99 58296.0
35.10 47192.0
35.20 43028.0
35.31 51356.0
35.41 49968.0
35.52 65236.0
35.63 87444.0
35.74 74952.0
35.85 77728.0
35.95 81892.0
36.06 76340.0
36.16 61072.0
36.27 79116.0
36.38 69400.0
36.49 70788.0
36.60 69400.0
36.70 74952.0
36.81 70788.0
36.91 73564.0
37.02 63848.0
37.13 56908.0
37.25 66624.0
37.36 51356.0
37.46 49968.0
37.57 45804.0
37.67 45804.0
37.78 43028.0
37.88 36088.0
37.99 74952.0
38.10 69400.0
38.20 55520.0
38.32 59684.0
38.42 68012.0
38.53 56908.0
38.63 70788.0
38.74 79116.0
38.85 69400.0
38.95 70788.0
39.06 94384.0
39.16 74952.0
39.27 83280.0
39.38 86056.0
39.49 76340.0
39.60 68012.0
39.70 52744.0
39.81 44416.0
39.91 34700.0
40.02 36088.0
40.13 59684.0
40.24 58296.0
40.35 44416.0
40.45 49968.0
40.56 45804.0
40.66 51356.0
40.77 74952.0
40.89 77728.0
41.00 81892.0
41.11 80504.0
41.21 74952.0
41.32 81892.0
41.42 62460.0
41.53 86056.0
41.63 48580.0
41.74 52744.0
41.85 68012.0
41.95 38864.0
42.07 41640.0
42.17 66624.0
42.28 65236.0
42.38 63848.0
42.49 77728.0
42.60 84668.0
42.70 69400.0
42.81 74952.0
42.91 69400.0
43.02 83280.0
43.13 79116.0
43.24 81892.0
43.35 66624.0
43.45 76340.0
43.56 81892.0
43.66 73564.0
43.77 84668.0
43.88 77728.0
43.99 65236.0
44.10 54132.0
44.20 72176.0
44.31 55520.0
44.41 58296.0
44.52 59684.0
44.63 54132.0
44.74 84668.0
44.86 95772.0
44.96 81892.0
45.07 76340.0
45.17 80504.0
45.28 81892.0
45.38 80504.0
45.49 88832.0
45.60 88832.0
45.70 80504.0
45.81 73564.0
45.91 69400.0
46.02 68012.0
46.13 69400.0
46.24 76340.0
46.35 81892.0
46.45 61072.0
46.56 79116.0
46.66 73564.0
46.77 87444.0
46.88 74952.0
46.99 87444.0
47.10 76340.0
47.20 69400.0
47.31 84668.0
47.42 80504.0
47.53 83280.0
47.63 88832.0
47.74 84668.0
47.85 70788.0
47.95 80504.0
48.06 94384.0
48.16 76340.0
48.27 88832.0
48.38 81892.0
48.49 83280.0
48.60 77728.0
48.70 68012.0
48.81 81892.0
48.91 62460.0
49.02 70788.0
49.13 77728.0
49.24 80504.0
49.35 80504.0
49.45 69400.0
49.56 84668.0
49.66 70788.0
49.77 77728.0
49.88 83280.0
49.99 91608.0
50.10 62460.0
50.20 73564.0
50.31 72176.0
50.41 72176.0
50.52 102712.0
50.63 81892.0
50.74 80504.0
50.85 76340.0
50.95 88832.0
51.06 86056.0
51.16 77728.0
51.27 83280.0
51.38 70788.0
51.49 87444.0
51.60 80504.0
51.70 73564.0
51.81 68012.0
51.91 68012.0
52.02 86056.0
52.13 86056.0
52.24 81892.0
52.35 73564.0
52.45 72176.0
52.56 83280.0
52.66 76340.0
52.77 73564.0
52.88 70788.0
52.99 62460.0
53.10 49968.0
53.20 44416.0
53.31 73564.0
53.41 73564.0
53.52 77728.0
53.63 83280.0
53.74 76340.0
53.85 83280.0
53.95 63848.0
54.07 86056.0
54.17 83280.0
54.28 83280.0
54.38 76340.0
54.49 83280.0
54.60 74952.0
54.70 81892.0
54.81 76340.0
54.91 73564.0
55.02 84668.0
55.13 84668.0
55.24 80504.0
55.35 72176.0
55.45 74952.0
55.56 70788.0
55.66 68012.0
55.77 69400.0
55.88 51356.0
55.99 51356.0
56.10 55520.0
56.20 56908.0
56.31 80504.0
56.41 73564.0
56.52 77728.0
56.63 77728.0
56.74 73564.0
56.85 65236.0
56.95 68012.0
57.06 76340.0
57.16 76340.0
57.27 72176.0
57.38 99936.0
57.49 95772.0
57.60 83280.0
57.70 77728.0
57.81 79116.0
57.91 81892.0
58.02 90220.0
58.13 83280.0
58.24 80504.0
58.35 80504.0
58.45 62460.0
58.56 81892.0
58.66 68012.0
58.77 79116.0
58.88 68012.0
58.99 74952.0
59.10 90220.0
59.20 63848.0
59.31 62460.0
59.41 45804.0
59.52 62460.0
59.63 72176.0
59.74 76340.0
59.85 83280.0
59.95 58296.0
