0.18 69400.0
0.29 74952.0
0.39 72176.0
0.50 73564.0
0.60 79116.0
0.71 84668.0
0.83 81892.0
0.93 83280.0
1.04 84668.0
1.14 72176.0
1.25 69400.0
1.35 68012.0
1.46 80504.0
1.57 61072.0
1.68 70788.0
1.79 68012.0
1.89 70788.0
2.00 94384.0
2.10 73564.0
2.21 81892.0
2.33 68012.0
2.43 55520.0
2.54 74952.0
2.64 55520.0
2.75 61072.0
2.86 66624.0
2.97 76340.0
3.08 76340.0
3.18 69400.0
3.29 70788.0
3.39 66624.0
3.50 81892.0
3.60 62460.0
3.71 86056.0
3.82 70788.0
3.93 55520.0
4.04 79116.0
4.14 73564.0
4.25 83280.0
4.35 74952.0
4.46 87444.0
4.57 90220.0
4.67 69400.0
4.78 81892.0
4.89 79116.0
5.00 80504.0
5.10 79116.0
5.21 81892.0
5.32 74952.0
5.42 73564.0
5.53 80504.0
5.63 61072.0
5.74 79116.0
5.85 65236.0
5.96 44416.0
6.07 38864.0
6.17 72176.0
6.28 76340.0
6.38 63848.0
6.49 76340.0
6.60 76340.0
6.71 83280.0
6.82 91608.0
6.92 77728.0
7.03 68012.0
7.13 65236.0
7.24 76340.0
7.35 79116.0
7.46 62460.0
7.57 70788.0
7.67 66624.0
7.78 61072.0
7.88 45804.0
7.99 62460.0
8.10 59684.0
8.21 63848.0
8.32 68012.0
8.42 49968.0
8.53 70788.0
8.64 83280.0
8.75 83280.0
8.85 81892.0
8.96 66624.0
9.07 70788.0
9.17 66624.0
9.28 56908.0
9.38 79116.0
9.49 74952.0
9.60 65236.0
9.71 52744.0
9.82 69400.0
9.93 66624.0
10.04 65236.0
10.14 56908.0
10.25 52744.0
10.35 65236.0
10.46 73564.0
10.57 84668.0
10.67 59684.0
10.78 59684.0
10.88 72176.0
10.99 63848.0
11.10 73564.0
11.21 62460.0
11.32 61072.0
11.42 59684.0
11.53 72176.0
11.63 55520.0
11.74 61072.0
11.85 47192.0
11.96 49968.0
12.08 20820.0
12.18 27760.0
12.29 63848.0
12.39 55520.0
12.50 51356.0
12.60 61072.0
12.71 63848.0
12.82 54132.0
12.92 51356.0
13.03 55520.0
13.13 43028.0
13.25 47192.0
13.35 48580.0
13.46 47192.0
13.57 45804.0
13.67 55520.0
13.78 70788.0
13.89 56908.0
14.00 74952.0
14.10 69400.0
14.21 69400.0
14.32 63848.0
14.43 55520.0
14.54 58296.0
14.64 65236.0
14.75 68012.0
14.85 73564.0
14.96 68012.0
15.07 73564.0
15.17 58296.0
15.28 56908.0
15.38 72176.0
15.49 84668.0
15.61 94384.0
15.72 88832.0
15.83 83280.0
15.93 59684.0
16.04 69400.0
16.14 59684.0
16.26 66624.0
16.37 69400.0
16.48 56908.0
16.59 70788.0
16.69 66624.0
16.80 80504.0
16.90 76340.0
17.01 68012.0
17.11 73564.0
17.22 73564.0
17.33 62460.0
17.43 49968.0
17.54 70788.0
17.64 69400.0
17.75 91608.0
17.85 66624.0
17.96 61072.0
18.07 77728.0
18.17 55520.0
18.28 59684.0
18.38 43028.0
18.49 69400.0
18.60 76340.0
18.71 84668.0
18.82 94384.0
18.92 72176.0
19.03 91608.0
19.14 73564.0
19.25 74952.0
19.35 62460.0
19.46 76340.0
19.57 76340.0
19.67 69400.0
19.78 87444.0
19.88 80504.0
19.99 66624.0
20.11 83280.0
20.22 86056.0
20.33 77728.0
20.43 80504.0
20.54 86056.0
20.64 56908.0
20.75 58296.0
20.85 69400.0
20.96 52744.0
21.07 80504.0
21.17 69400.0
21.28 81892.0
21.38 72176.0
21.49 74952.0
21.60 92996.0
21.71 91608.0
21.82 84668.0
21.92 73564.0
22.03 97160.0
22.13 87444.0
22.24 108264.0
22.35 101324.0
22.46 97160.0
22.57 99936.0
22.67 94384.0
22.78 101324.0
22.88 90220.0
22.99 104100.0
23.10 106876.0
23.21 104100.0
23.32 90220.0
23.42 97160.0
23.53 109652.0
23.63 90220.0
23.74 92996.0
23.85 83280.0
23.96 47192.0
24.07 72176.0
24.17 87444.0
24.28 105488.0
24.38 91608.0
24.49 94384.0
24.60 63848.0
24.71 99936.0
24.82 90220.0
24.93 69400.0
25.04 87444.0
25.15 77728.0
25.26 105488.0
25.36 90220.0
25.47 86056.0
25.58 86056.0
25.68 80504.0
25.80 81892.0
25.90 69400.0
26.01 61072.0
26.11 61072.0
26.22 81892.0
26.33 68012.0
26.43 76340.0
26.54 84668.0
26.64 72176.0
26.75 87444.0
26.85 72176.0
26.96 80504.0
27.07 65236.0
27.17 74952.0
27.28 83280.0
27.38 62460.0
27.49 83280.0
27.60 84668.0
27.71 77728.0
27.82 74952.0
27.93 74952.0
28.04 79116.0
28.14 68012.0
28.25 79116.0
28.35 74952.0
28.46 90220.0
28.57 72176.0
28.67 81892.0
28.78 81892.0
28.88 76340.0
28.99 79116.0
29.10 87444.0
29.21 77728.0
29.32 87444.0
29.42 88832.0
29.53 90220.0
29.63 79116.0
29.74 95772.0
29.85 86056.0
29.96 111040.0
30.07 106876.0
30.17 69400.0
30.28 24984.0
30.38 69400.0
30.50 108264.0
30.60 92996.0
30.71 99936.0
30.83 72176.0
30.93 77728.0
31.04 88832.0
31.14 73564.0
31.25 80504.0
31.35 76340.0
31.46 61072.0
31.57 43028.0
31.67 49968.0
31.78 48580.0
31.88 41640.0
31.99 59684.0
32.10 70788.0
32.21 66624.0
32.32 87444.0
32.42 65236.0
32.53 70788.0
32.63 72176.0
32.74 97160.0
32.85 102712.0
32.96 99936.0
33.08 88832.0
33.18 73564.0
33.29 76340.0
33.39 59684.0
33.50 68012.0
33.60 61072.0
33.71 61072.0
33.82 37476.0
33.92 49968.0
34.03 70788.0
34.13 69400.0
34.24 72176.0
34.35 61072.0
34.46 87444.0
34.57 87444.0
34.67 86056.0
34.78 98548.0
34.88 66624.0
34.99 80504.0
35.10 77728.0
35.21 74952.0
35.32 99936.0
35.42 79116.0
35.53 90220.0
35.63 72176.0
35.74 63848.0
35.85 95772.0
35.96 81892.0
36.07 99936.0
36.18 66624.0
36.29 94384.0
36.39 74952.0
36.50 56908.0
36.60 63848.0
36.71 80504.0
36.82 77728.0
36.92 54132.0
37.03 98548.0
37.13 65236.0
37.24 97160.0
37.35 90220.0
37.46 84668.0
37.57 66624.0
37.67 77728.0
37.78 76340.0
37.88 73564.0
37.99 68012.0
38.10 63848.0
38.21 55520.0
38.32 56908.0
38.42 43028.0
38.53 47192.0
38.63 47192.0
38.74 48580.0
38.85 70788.0
38.96 70788.0
39.07 61072.0
39.17 66624.0
39.28 81892.0
39.38 52744.0
39.49 56908.0
39.60 66624.0
39.71 73564.0
39.82 79116.0
39.92 72176.0
40.03 68012.0
40.13 65236.0
40.25 68012.0
40.35 52744.0
40.46 80504.0
40.57 74952.0
40.67 77728.0
40.78 72176.0
40.88 68012.0
40.99 74952.0
41.10 74952.0
41.21 65236.0
41.32 73564.0
41.42 66624.0
41.53 56908.0
41.83 33312.0
41.93 183216.0
42.04 54132.0
42.14 51356.0
42.25 65236.0
42.35 56908.0
42.46 74952.0
42.57 72176.0
42.67 74952.0
42.78 76340.0
42.88 65236.0
42.99 70788.0
43.10 56908.0
43.21 62460.0
43.32 56908.0
43.42 45804.0
43.54 56908.0
43.64 68012.0
43.75 59684.0
43.85 49968.0
43.96 62460.0
44.07 79116.0
44.17 69400.0
44.28 97160.0
44.38 77728.0
44.49 66624.0
44.60 65236.0
44.71 66624.0
44.82 58296.0
44.92 55520.0
45.03 52744.0
45.13 54132.0
45.24 72176.0
45.35 80504.0
45.46 79116.0
45.57 68012.0
45.67 59684.0
45.78 70788.0
45.88 68012.0
45.99 65236.0
46.10 63848.0
46.22 73564.0
46.33 81892.0
46.43 72176.0
46.54 76340.0
46.64 72176.0
46.75 81892.0
46.85 74952.0
46.96 84668.0
47.07 74952.0
47.18 74952.0
47.29 80504.0
47.39 59684.0
47.50 70788.0
47.60 59684.0
47.71 63848.0
47.82 61072.0
47.92 54132.0
48.03 77728.0
48.13 66624.0
48.24 74952.0
48.35 79116.0
48.46 90220.0
48.57 84668.0
48.67 91608.0
48.78 97160.0
48.89 81892.0
49.00 80504.0
49.10 69400.0
49.21 83280.0
49.32 79116.0
49.42 65236.0
49.53 73564.0
49.63 74952.0
49.74 76340.0
49.85 77728.0
49.96 92996.0
50.07 94384.0
50.17 70788.0
50.28 84668.0
50.38 76340.0
50.49 81892.0
50.60 88832.0
50.71 83280.0
50.82 84668.0
50.92 81892.0
51.03 94384.0
51.14 83280.0
51.25 98548.0
51.35 74952.0
51.46 91608.0
51.57 97160.0
51.67 73564.0
51.78 84668.0
51.88 83280.0
51.99 83280.0
52.10 76340.0
52.21 91608.0
52.32 79116.0
52.42 62460.0
52.53 74952.0
52.63 66624.0
52.74 86056.0
52.85 77728.0
52.96 79116.0
53.07 77728.0
53.17 74952.0
53.28 80504.0
53.38 80504.0
53.49 79116.0
53.60 70788.0
53.71 77728.0
53.82 87444.0
53.92 68012.0
54.03 84668.0
54.13 72176.0
54.24 70788.0
54.36 83280.0
54.47 80504.0
54.58 84668.0
54.69 80504.0
54.80 92996.0
54.90 70788.0
55.01 70788.0
55.11 62460.0
55.22 68012.0
55.33 65236.0
55.43 65236.0
55.54 72176.0
55.64 69400.0
55.75 66624.0
55.85 65236.0
55.96 91608.0
56.07 86056.0
56.17 72176.0
56.28 77728.0
56.38 69400.0
56.49 86056.0
56.60 68012.0
56.71 86056.0
56.82 87444.0
56.92 77728.0
57.03 86056.0
57.13 51356.0
57.24 61072.0
57.36 81892.0
57.47 72176.0
57.58 72176.0
57.68 66624.0
57.79 81892.0
57.89 62460.0
58.00 59684.0
58.10 49968.0
58.21 47192.0
58.32 44416.0
58.42 36088.0
58.53 59684.0
58.63 56908.0
58.74 63848.0
58.85 62460.0
58.96 59684.0
59.07 68012.0
59.17 49968.0
59.28 56908.0
59.38 47192.0
59.49 45804.0
59.60 56908.0
59.71 55520.0
59.82 66624.0
59.92 70788.0
