0.12 62460.0
0.23 80504.0
0.34 84668.0
0.44 69400.0
0.55 70788.0
0.65 73564.0
0.76 74952.0
0.87 68012.0
0.98 72176.0
1.09 84668.0
1.19 70788.0
1.30 65236.0
1.40 76340.0
1.51 87444.0
1.62 80504.0
1.73 80504.0
1.84 77728.0
1.94 80504.0
2.05 83280.0
2.15 105488.0
2.26 87444.0
2.37 108264.0
2.48 101324.0
2.59 81892.0
2.69 66624.0
2.81 87444.0
2.92 66624.0
3.03 72176.0
3.13 49968.0
3.24 58296.0
3.35 69400.0
3.45 59684.0
3.56 58296.0
3.66 54132.0
3.77 38864.0
3.87 36088.0
3.98 40252.0
4.09 43028.0
4.19 37476.0
4.30 44416.0
4.40 43028.0
4.51 43028.0
4.63 44416.0
4.75 51356.0
4.86 41640.0
4.96 45804.0
5.08 59684.0
5.18 54132.0
5.29 61072.0
5.39 61072.0
5.50 56908.0
5.61 56908.0
5.71 52744.0
5.82 68012.0
5.92 72176.0
6.03 61072.0
6.13 63848.0
6.25 88832.0
6.36 79116.0
6.46 48580.0
6.57 49968.0
6.67 59684.0
6.78 73564.0
6.89 63848.0
7.00 62460.0
7.11 52744.0
7.21 55520.0
7.32 58296.0
7.42 59684.0
7.53 77728.0
7.63 56908.0
7.74 69400.0
7.85 56908.0
7.95 69400.0
8.06 73564.0
8.16 68012.0
8.27 51356.0
8.37 52744.0
8.48 59684.0
8.59 62460.0
8.69 40252.0
8.80 61072.0
8.90 45804.0
9.01 54132.0
9.12 58296.0
9.23 66624.0
9.34 40252.0
9.44 47192.0
9.55 48580.0
9.65 61072.0
9.76 61072.0
9.87 65236.0
9.98 62460.0
10.09 58296.0
10.19 65236.0
10.30 65236.0
10.40 54132.0
10.51 70788.0
10.62 70788.0
10.73 69400.0
10.84 69400.0
10.94 58296.0
11.05 58296.0
11.15 43028.0
11.26 58296.0
11.37 69400.0
11.49 79116.0
11.60 37476.0
11.70 33312.0
11.81 44416.0
11.91 45804.0
12.03 38864.0
12.13 36088.0
12.25 23596.0
12.36 22208.0
12.46 29148.0
12.57 31924.0
12.67 43028.0
12.78 68012.0
12.88 65236.0
12.99 72176.0
13.11 90220.0
13.22 69400.0
13.33 80504.0
13.43 59684.0
13.54 47192.0
13.64 52744.0
13.75 80504.0
13.86 72176.0
13.96 54132.0
14.07 54132.0
14.17 70788.0
14.28 79116.0
14.38 74952.0
14.49 66624.0
14.60 81892.0
14.70 45804.0
14.82 76340.0
14.92 77728.0
15.03 73564.0
15.13 58296.0
15.24 62460.0
15.35 65236.0
15.45 62460.0
15.56 36088.0
15.66 40252.0
15.77 62460.0
15.87 26372.0
15.98 23596.0
16.09 26372.0
16.19 24984.0
16.30 26372.0
16.41 34700.0
16.52 37476.0
16.62 31924.0
16.73 43028.0
16.84 41640.0
16.94 37476.0
17.05 33312.0
17.15 34700.0
17.26 40252.0
17.38 34700.0
17.49 38864.0
17.60 52744.0
17.70 48580.0
17.81 56908.0
17.91 63848.0
18.02 72176.0
18.12 59684.0
18.23 92996.0
18.34 80504.0
18.44 63848.0
18.55 80504.0
18.65 68012.0
18.76 74952.0
18.87 79116.0
18.98 76340.0
19.09 87444.0
19.19 73564.0
19.30 80504.0
19.40 74952.0
19.51 88832.0
19.62 66624.0
19.73 79116.0
19.84 63848.0
19.94 72176.0
20.05 73564.0
20.15 63848.0
20.26 72176.0
20.37 69400.0
20.48 70788.0
20.59 65236.0
20.69 68012.0
20.80 66624.0
20.90 73564.0
21.01 74952.0
21.12 74952.0
21.23 61072.0
21.34 86056.0
21.44 61072.0
21.55 69400.0
21.65 61072.0
21.76 79116.0
21.87 70788.0
21.98 63848.0
22.09 66624.0
22.19 58296.0
22.30 62460.0
22.40 65236.0
22.51 63848.0
22.62 62460.0
22.73 69400.0
22.84 80504.0
22.94 66624.0
23.05 81892.0
23.15 77728.0
23.26 77728.0
23.37 88832.0
23.48 77728.0
23.59 68012.0
23.69 73564.0
23.80 72176.0
23.90 63848.0
24.01 72176.0
24.12 68012.0
24.23 77728.0
24.34 83280.0
24.44 69400.0
24.55 80504.0
24.65 62460.0
24.76 87444.0
24.87 70788.0
24.98 81892.0
25.09 94384.0
25.19 76340.0
25.30 81892.0
25.40 83280.0
25.51 80504.0
25.62 73564.0
25.73 76340.0
25.84 91608.0
25.94 63848.0
26.05 73564.0
26.15 68012.0
26.26 70788.0
26.37 86056.0
26.48 68012.0
26.59 68012.0
26.69 55520.0
26.80 68012.0
26.90 43028.0
27.01 55520.0
27.12 56908.0
27.23 52744.0
27.34 62460.0
27.44 62460.0
27.55 58296.0
27.65 54132.0
27.76 63848.0
27.88 74952.0
27.99 69400.0
28.10 52744.0
28.20 48580.0
28.31 48580.0
28.41 48580.0
28.52 56908.0
28.62 48580.0
28.73 55520.0
28.84 63848.0
28.94 59684.0
29.06 63848.0
29.17 79116.0
29.28 80504.0
29.38 87444.0
29.49 80504.0
29.60 74952.0
29.70 79116.0
29.81 81892.0
29.91 73564.0
30.02 92996.0
30.12 68012.0
30.23 83280.0
30.34 77728.0
30.44 62460.0
30.55 73564.0
30.65 76340.0
30.76 70788.0
30.87 77728.0
30.98 68012.0
31.09 62460.0
31.19 51356.0
31.30 47192.0
31.40 41640.0
31.51 56908.0
31.62 66624.0
31.73 68012.0
31.84 61072.0
31.94 43028.0
32.05 41640.0
32.15 38864.0
32.26 51356.0
32.37 38864.0
32.48 37476.0
32.59 54132.0
32.69 54132.0
32.80 80504.0
32.90 74952.0
33.01 80504.0
33.12 66624.0
33.23 54132.0
33.34 63848.0
33.44 38864.0
33.55 65236.0
33.65 49968.0
33.76 52744.0
33.87 63848.0
33.98 70788.0
34.09 52744.0
34.19 38864.0
34.30 52744.0
34.40 65236.0
34.51 65236.0
34.62 61072.0
34.73 56908.0
34.84 45804.0
34.94 36088.0
35.05 41640.0
35.15 45804.0
35.26 47192.0
35.37 55520.0
35.48 63848.0
35.59 65236.0
35.69 73564.0
35.80 80504.0
35.90 74952.0
36.01 66624.0
36.12 65236.0
36.23 76340.0
36.34 65236.0
36.45 54132.0
36.56 56908.0
36.66 54132.0
36.77 69400.0
36.87 69400.0
36.98 62460.0
37.09 61072.0
37.19 48580.0
37.30 69400.0
37.40 68012.0
37.51 66624.0
37.62 84668.0
37.73 74952.0
37.84 66624.0
37.94 62460.0
38.05 74952.0
38.15 83280.0
38.26 80504.0
38.37 79116.0
38.48 84668.0
38.59 83280.0
38.69 76340.0
38.80 87444.0
38.90 80504.0
39.01 88832.0
39.12 88832.0
39.23 87444.0
39.34 88832.0
39.44 76340.0
39.55 88832.0
39.66 77728.0
39.77 81892.0
39.87 74952.0
39.98 83280.0
40.10 81892.0
40.20 79116.0
40.31 92996.0
40.41 86056.0
40.52 88832.0
40.62 58296.0
40.74 106876.0
40.85 72176.0
40.96 77728.0
41.07 92996.0
41.18 76340.0
41.29 92996.0
41.39 77728.0
41.50 80504.0
41.61 74952.0
41.71 59684.0
41.82 76340.0
41.92 59684.0
42.03 79116.0
42.13 52744.0
42.25 63848.0
42.37 73564.0
42.48 68012.0
42.59 79116.0
42.69 66624.0
42.80 72176.0
42.90 68012.0
43.01 73564.0
43.12 70788.0
43.23 63848.0
43.34 90220.0
43.44 63848.0
43.55 92996.0
43.65 73564.0
43.76 76340.0
43.87 79116.0
43.98 80504.0
44.09 68012.0
44.19 80504.0
44.30 79116.0
44.40 76340.0
44.51 65236.0
44.62 88832.0
44.73 80504.0
44.84 72176.0
44.94 72176.0
45.05 84668.0
45.15 72176.0
45.26 69400.0
45.37 69400.0
45.48 74952.0
45.59 79116.0
45.69 73564.0
45.80 83280.0
45.91 73564.0
46.02 77728.0
46.12 76340.0
46.23 86056.0
46.34 79116.0
46.44 72176.0
46.55 74952.0
46.65 79116.0
46.76 83280.0
46.87 79116.0
46.98 68012.0
47.09 68012.0
47.19 48580.0
47.30 83280.0
47.40 73564.0
47.51 70788.0
47.62 90220.0
47.73 76340.0
47.84 86056.0
47.94 66624.0
48.05 81892.0
48.15 68012.0
48.26 88832.0
48.37 84668.0
48.48 88832.0
48.59 77728.0
48.69 80504.0
48.81 69400.0
48.91 56908.0
49.02 77728.0
49.12 61072.0
49.23 45804.0
49.34 66624.0
49.45 81892.0
49.56 81892.0
49.66 59684.0
49.77 59684.0
49.87 56908.0
49.98 94384.0
50.09 88832.0
50.19 83280.0
50.30 81892.0
50.40 69400.0
50.51 77728.0
50.62 88832.0
50.73 83280.0
50.84 80504.0
50.94 80504.0
51.05 80504.0
51.15 79116.0
51.26 79116.0
51.38 80504.0
51.49 73564.0
51.60 58296.0
51.70 61072.0
51.81 68012.0
51.91 55520.0
52.02 37476.0
52.12 59684.0
52.23 83280.0
52.34 69400.0
52.44 49968.0
52.55 38864.0
52.65 63848.0
52.76 66624.0
52.87 84668.0
52.98 86056.0
53.09 76340.0
53.19 65236.0
53.30 68012.0
53.40 72176.0
53.51 74952.0
53.62 76340.0
53.74 77728.0
53.85 104100.0
53.95 70788.0
54.06 83280.0
54.17 66624.0
54.28 80504.0
54.38 72176.0
54.49 63848.0
54.60 74952.0
54.70 69400.0
54.82 58296.0
54.92 66624.0
55.03 62460.0
55.13 65236.0
55.24 55520.0
55.35 83280.0
55.45 68012.0
55.56 76340.0
55.66 70788.0
55.77 74952.0
55.87 62460.0
55.98 73564.0
56.09 87444.0
56.19 62460.0
56.30 70788.0
56.40 77728.0
56.51 76340.0
56.62 80504.0
56.73 81892.0
56.84 76340.0
56.94 76340.0
57.05 81892.0
57.15 73564.0
57.26 87444.0
57.37 77728.0
57.48 80504.0
57.59 62460.0
57.69 65236.0
57.80 74952.0
57.90 55520.0
58.01 72176.0
58.13 81892.0
58.24 77728.0
58.35 77728.0
58.45 73564.0
58.56 83280.0
58.66 76340.0
58.77 88832.0
58.87 80504.0
58.98 79116.0
59.09 77728.0
59.19 84668.0
59.30 83280.0
59.40 73564.0
59.51 58296.0
59.62 83280.0
59.73 76340.0
59.84 74952.0
59.94 74952.0
