0.10 61747.20
0.20 61747.20
0.30 61747.20
0.40 61747.20
0.50 61747.20
0.60 61747.20
0.70 61747.20
0.80 61747.20
0.90 61747.20
1.00 61747.20
1.10 52326.40
1.20 52326.40
1.30 52326.40
1.40 52326.40
1.50 52326.40
1.60 52326.40
1.70 52326.40
1.80 52326.40
1.90 52326.40
2.00 52326.40
2.10 51404.80
2.20 51404.80
2.30 51404.80
2.40 51404.80
2.50 51404.80
2.60 51404.80
2.70 51404.80
2.80 51404.80
2.90 51404.80
3.00 51404.80
3.10 55296.00
3.20 55296.00
3.30 55296.00
3.40 55296.00
3.50 55296.00
3.60 55296.00
3.70 55296.00
3.80 55296.00
3.90 55296.00
4.00 55296.00
4.10 63488.00
4.20 63488.00
4.30 63488.00
4.40 63488.00
4.50 63488.00
4.60 63488.00
4.70 63488.00
4.80 63488.00
4.90 63488.00
5.00 63488.00
5.10 63488.00
5.20 63488.00
5.30 63488.00
5.40 63488.00
5.50 63488.00
5.60 63488.00
5.70 63488.00
5.80 63488.00
5.90 63488.00
6.00 63488.00
6.10 9420.80
6.20 9420.80
6.30 9420.80
6.40 9420.80
6.50 9420.80
6.60 9420.80
6.70 9420.80
6.80 9420.80
6.90 9420.80
7.00 9420.80
7.10 112742.40
7.20 112742.40
7.30 112742.40
7.40 112742.40
7.50 112742.40
7.60 112742.40
7.70 112742.40
7.80 112742.40
7.90 112742.40
8.00 112742.40
8.10 60620.80
8.20 60620.80
8.30 60620.80
8.40 60620.80
8.50 60620.80
8.60 60620.80
8.70 60620.80
8.80 60620.80
8.90 60620.80
9.00 60620.80
9.10 62976.00
9.20 62976.00
9.30 62976.00
9.40 62976.00
9.50 62976.00
9.60 62976.00
9.70 62976.00
9.80 62976.00
9.90 62976.00
10.00 62976.00
10.10 61030.40
10.20 61030.40
10.30 61030.40
10.40 61030.40
10.50 61030.40
10.60 61030.40
10.70 61030.40
10.80 61030.40
10.90 61030.40
11.00 61030.40
11.10 58572.80
11.20 58572.80
11.30 58572.80
11.40 58572.80
11.50 58572.80
11.60 58572.80
11.70 58572.80
11.80 58572.80
11.90 58572.80
12.00 58572.80
12.10 68198.40
12.20 68198.40
12.30 68198.40
12.40 68198.40
12.50 68198.40
12.60 68198.40
12.70 68198.40
12.80 68198.40
12.90 68198.40
13.00 68198.40
13.10 64614.40
13.20 64614.40
13.30 64614.40
13.40 64614.40
13.50 64614.40
13.60 64614.40
13.70 64614.40
13.80 64614.40
13.90 64614.40
14.00 64614.40
14.10 57446.40
14.20 57446.40
14.30 57446.40
14.40 57446.40
14.50 57446.40
14.60 57446.40
14.70 57446.40
14.80 57446.40
14.90 57446.40
15.00 57446.40
15.10 59596.80
15.20 59596.80
15.30 59596.80
15.40 59596.80
15.50 59596.80
15.60 59596.80
15.70 59596.80
15.80 59596.80
15.90 59596.80
16.00 59596.80
16.10 61849.60
16.20 61849.60
16.30 61849.60
16.40 61849.60
16.50 61849.60
16.60 61849.60
16.70 61849.60
16.80 61849.60
16.90 61849.60
17.00 61849.60
17.10 62668.80
17.20 62668.80
17.30 62668.80
17.40 62668.80
17.50 62668.80
17.60 62668.80
17.70 62668.80
17.80 62668.80
17.90 62668.80
18.00 62668.80
18.10 57856.00
18.20 57856.00
18.30 57856.00
18.40 57856.00
18.50 57856.00
18.60 57856.00
18.70 57856.00
18.80 57856.00
18.90 57856.00
19.00 57856.00
19.10 20582.40
19.20 20582.40
19.30 20582.40
19.40 20582.40
19.50 20582.40
19.60 20582.40
19.70 20582.40
19.80 20582.40
19.90 20582.40
20.00 20582.40
20.10 93593.60
20.20 93593.60
20.30 93593.60
20.40 93593.60
20.50 93593.60
20.60 93593.60
20.70 93593.60
20.80 93593.60
20.90 93593.60
21.00 93593.60
21.10 55296.00
21.20 55296.00
21.30 55296.00
21.40 55296.00
21.50 55296.00
21.60 55296.00
21.70 55296.00
21.80 55296.00
21.90 55296.00
22.00 55296.00
22.10 50380.80
22.20 50380.80
22.30 50380.80
22.40 50380.80
22.50 50380.80
22.60 50380.80
22.70 50380.80
22.80 50380.80
22.90 50380.80
23.00 50380.80
23.10 30924.80
23.20 30924.80
23.30 30924.80
23.40 30924.80
23.50 30924.80
23.60 30924.80
23.70 30924.80
23.80 30924.80
23.90 30924.80
24.00 30924.80
24.10 77209.60
24.20 77209.60
24.30 77209.60
24.40 77209.60
24.50 77209.60
24.60 77209.60
24.70 77209.60
24.80 77209.60
24.90 77209.60
25.00 77209.60
25.10 57958.40
25.20 57958.40
25.30 57958.40
25.40 57958.40
25.50 57958.40
25.60 57958.40
25.70 57958.40
25.80 57958.40
25.90 57958.40
26.00 57958.40
26.10 52940.80
26.20 52940.80
26.30 52940.80
26.40 52940.80
26.50 52940.80
26.60 52940.80
26.70 52940.80
26.80 52940.80
26.90 52940.80
27.00 52940.80
27.10 50790.40
27.20 50790.40
27.30 50790.40
27.40 50790.40
27.50 50790.40
27.60 50790.40
27.70 50790.40
27.80 50790.40
27.90 50790.40
28.00 50790.40
28.10 52736.00
28.20 52736.00
28.30 52736.00
28.40 52736.00
28.50 52736.00
28.60 52736.00
28.70 52736.00
28.80 52736.00
28.90 52736.00
29.00 52736.00
29.10 57139.20
29.20 57139.20
29.30 57139.20
29.40 57139.20
29.50 57139.20
29.60 57139.20
29.70 57139.20
29.80 57139.20
29.90 57139.20
30.00 57139.20
