0.10 85094.40
0.20 85094.40
0.30 85094.40
0.40 85094.40
0.50 85094.40
0.60 85094.40
0.70 85094.40
0.80 85094.40
0.90 85094.40
1.00 85094.40
1.10 95846.40
1.20 95846.40
1.30 95846.40
1.40 95846.40
1.50 95846.40
1.60 95846.40
1.70 95846.40
1.80 95846.40
1.90 95846.40
2.00 95846.40
2.10 79257.60
2.20 79257.60
2.30 79257.60
2.40 79257.60
2.50 79257.60
2.60 79257.60
2.70 79257.60
2.80 79257.60
2.90 79257.60
3.00 79257.60
3.10 86118.40
3.20 86118.40
3.30 86118.40
3.40 86118.40
3.50 86118.40
3.60 86118.40
3.70 86118.40
3.80 86118.40
3.90 86118.40
4.00 86118.40
4.10 90112.00
4.20 90112.00
4.30 90112.00
4.40 90112.00
4.50 90112.00
4.60 90112.00
4.70 90112.00
4.80 90112.00
4.90 90112.00
5.00 90112.00
5.10 94720.00
5.20 94720.00
5.30 94720.00
5.40 94720.00
5.50 94720.00
5.60 94720.00
5.70 94720.00
5.80 94720.00
5.90 94720.00
6.00 94720.00
6.10 95948.80
6.20 95948.80
6.30 95948.80
6.40 95948.80
6.50 95948.80
6.60 95948.80
6.70 95948.80
6.80 95948.80
6.90 95948.80
7.00 95948.80
7.10 78643.20
7.20 78643.20
7.30 78643.20
7.40 78643.20
7.50 78643.20
7.60 78643.20
7.70 78643.20
7.80 78643.20
7.90 78643.20
8.00 78643.20
8.10 93388.80
8.20 93388.80
8.30 93388.80
8.40 93388.80
8.50 93388.80
8.60 93388.80
8.70 93388.80
8.80 93388.80
8.90 93388.80
9.00 93388.80
9.10 95539.20
9.20 95539.20
9.30 95539.20
9.40 95539.20
9.50 95539.20
9.60 95539.20
9.70 95539.20
9.80 95539.20
9.90 95539.20
10.00 95539.20
10.10 94822.40
10.20 94822.40
10.30 94822.40
10.40 94822.40
10.50 94822.40
10.60 94822.40
10.70 94822.40
10.80 94822.40
10.90 94822.40
11.00 94822.40
11.10 99635.20
11.20 99635.20
11.30 99635.20
11.40 99635.20
11.50 99635.20
11.60 99635.20
11.70 99635.20
11.80 99635.20
11.90 99635.20
12.00 99635.20
12.10 87552.00
12.20 87552.00
12.30 87552.00
12.40 87552.00
12.50 87552.00
12.60 87552.00
12.70 87552.00
12.80 87552.00
12.90 87552.00
13.00 87552.00
13.10 101683.20
13.20 101683.20
13.30 101683.20
13.40 101683.20
13.50 101683.20
13.60 101683.20
13.70 101683.20
13.80 101683.20
13.90 101683.20
14.00 101683.20
14.10 101990.40
14.20 101990.40
14.30 101990.40
14.40 101990.40
14.50 101990.40
14.60 101990.40
14.70 101990.40
14.80 101990.40
14.90 101990.40
15.00 101990.40
15.10 95129.60
15.20 95129.60
15.30 95129.60
15.40 95129.60
15.50 95129.60
15.60 95129.60
15.70 95129.60
15.80 95129.60
15.90 95129.60
16.00 95129.60
16.10 94003.20
16.20 94003.20
16.30 94003.20
16.40 94003.20
16.50 94003.20
16.60 94003.20
16.70 94003.20
16.80 94003.20
16.90 94003.20
17.00 94003.20
17.10 87142.40
17.20 87142.40
17.30 87142.40
17.40 87142.40
17.50 87142.40
17.60 87142.40
17.70 87142.40
17.80 87142.40
17.90 87142.40
18.00 87142.40
18.10 95539.20
18.20 95539.20
18.30 95539.20
18.40 95539.20
18.50 95539.20
18.60 95539.20
18.70 95539.20
18.80 95539.20
18.90 95539.20
19.00 95539.20
19.10 96256.00
19.20 96256.00
19.30 96256.00
19.40 96256.00
19.50 96256.00
19.60 96256.00
19.70 96256.00
19.80 96256.00
19.90 96256.00
20.00 96256.00
20.10 85811.20
20.20 85811.20
20.30 85811.20
20.40 85811.20
20.50 85811.20
20.60 85811.20
20.70 85811.20
20.80 85811.20
20.90 85811.20
21.00 85811.20
21.10 93696.00
21.20 93696.00
21.30 93696.00
21.40 93696.00
21.50 93696.00
21.60 93696.00
21.70 93696.00
21.80 93696.00
21.90 93696.00
22.00 93696.00
22.10 88268.80
22.20 88268.80
22.30 88268.80
22.40 88268.80
22.50 88268.80
22.60 88268.80
22.70 88268.80
22.80 88268.80
22.90 88268.80
23.00 88268.80
23.10 94003.20
23.20 94003.20
23.30 94003.20
23.40 94003.20
23.50 94003.20
23.60 94003.20
23.70 94003.20
23.80 94003.20
23.90 94003.20
24.00 94003.20
24.10 90112.00
24.20 90112.00
24.30 90112.00
24.40 90112.00
24.50 90112.00
24.60 90112.00
24.70 90112.00
24.80 90112.00
24.90 90112.00
25.00 90112.00
25.10 91955.20
25.20 91955.20
25.30 91955.20
25.40 91955.20
25.50 91955.20
25.60 91955.20
25.70 91955.20
25.80 91955.20
25.90 91955.20
26.00 91955.20
26.10 87244.80
26.20 87244.80
26.30 87244.80
26.40 87244.80
26.50 87244.80
26.60 87244.80
26.70 87244.80
26.80 87244.80
26.90 87244.80
27.00 87244.80
27.10 92262.40
27.20 92262.40
27.30 92262.40
27.40 92262.40
27.50 92262.40
27.60 92262.40
27.70 92262.40
27.80 92262.40
27.90 92262.40
28.00 92262.40
28.10 90419.20
28.20 90419.20
28.30 90419.20
28.40 90419.20
28.50 90419.20
28.60 90419.20
28.70 90419.20
28.80 90419.20
28.90 90419.20
29.00 90419.20
29.10 82227.20
29.20 82227.20
29.30 82227.20
29.40 82227.20
29.50 82227.20
29.60 82227.20
29.70 82227.20
29.80 82227.20
29.90 82227.20
30.00 82227.20
