0.10 24903.70
0.20 24903.70
0.30 24903.70
0.40 24903.70
0.50 24903.70
0.60 27263.00
0.70 27263.00
0.80 27263.00
0.90 27263.00
1.00 27263.00
1.10 25165.80
1.20 25165.80
1.30 25165.80
1.40 25165.80
1.50 25165.80
1.60 24117.20
1.70 24117.20
1.80 24117.20
1.90 24117.20
2.00 24117.20
2.10 91488.30
2.20 91488.30
2.30 91488.30
2.40 91488.30
2.50 91488.30
2.60 46137.30
2.70 46137.30
2.80 46137.30
2.90 46137.30
3.00 46137.30
3.10 68157.40
3.20 68157.40
3.30 68157.40
3.40 68157.40
3.50 68157.40
3.60 61603.80
3.70 61603.80
3.80 61603.80
3.90 61603.80
4.00 61603.80
4.10 49545.20
4.20 49545.20
4.30 49545.20
4.40 49545.20
4.50 49545.20
4.60 33292.30
4.70 33292.30
4.80 33292.30
4.90 33292.30
5.00 33292.30
5.10 39583.70
5.20 39583.70
5.30 39583.70
5.40 39583.70
5.50 39583.70
5.60 26214.40
5.70 26214.40
5.80 26214.40
5.90 26214.40
6.00 26214.40
6.10 60817.40
6.20 60817.40
6.30 60817.40
6.40 60817.40
6.50 60817.40
6.60 60817.40
6.70 60817.40
6.80 60817.40
6.90 60817.40
7.00 60817.40
7.10 78643.20
7.20 78643.20
7.30 78643.20
7.40 78643.20
7.50 78643.20
7.60 41943.00
7.70 41943.00
7.80 41943.00
7.90 41943.00
8.00 41943.00
8.10 55574.50
8.20 55574.50
8.30 55574.50
8.40 55574.50
8.50 55574.50
8.60 76546.00
8.70 76546.00
8.80 76546.00
8.90 76546.00
9.00 76546.00
9.10 42991.60
9.20 42991.60
9.30 42991.60
9.40 42991.60
9.50 42991.60
9.60 38797.30
9.70 38797.30
9.80 38797.30
9.90 38797.30
10.00 38797.30
10.10 48234.50
10.20 48234.50
10.30 48234.50
10.40 48234.50
10.50 48234.50
10.60 45875.20
10.70 45875.20
10.80 45875.20
10.90 45875.20
11.00 45875.20
11.10 13893.60
11.20 13893.60
11.30 13893.60
11.40 13893.60
11.50 13893.60
11.60 39321.60
11.70 39321.60
11.80 39321.60
11.90 39321.60
12.00 39321.60
12.10 59768.80
12.20 59768.80
12.30 59768.80
12.40 59768.80
12.50 59768.80
12.60 68681.70
12.70 68681.70
12.80 68681.70
12.90 68681.70
13.00 68681.70
13.10 27525.10
13.20 27525.10
13.30 27525.10
13.40 27525.10
13.50 27525.10
13.60 25428.00
13.70 25428.00
13.80 25428.00
13.90 25428.00
14.00 25428.00
14.10 54526.00
14.20 54526.00
14.30 54526.00
14.40 54526.00
14.50 54526.00
14.60 64487.40
14.70 64487.40
14.80 64487.40
14.90 64487.40
15.00 64487.40
15.10 33554.40
15.20 33554.40
15.30 33554.40
15.40 33554.40
15.50 33554.40
15.60 31195.10
15.70 31195.10
15.80 31195.10
15.90 31195.10
16.00 31195.10
16.10 40632.30
16.20 40632.30
16.30 40632.30
16.40 40632.30
16.50 40632.30
16.60 46137.30
16.70 46137.30
16.80 46137.30
16.90 46137.30
17.00 46137.30
17.10 51642.40
17.20 51642.40
17.30 51642.40
17.40 51642.40
17.50 51642.40
17.60 51642.40
17.70 51642.40
17.80 51642.40
17.90 51642.40
18.00 51642.40
18.10 53739.50
18.20 53739.50
18.30 53739.50
18.40 53739.50
18.50 53739.50
18.60 51380.20
18.70 51380.20
18.80 51380.20
18.90 51380.20
19.00 51380.20
19.10 67633.20
19.20 67633.20
19.30 67633.20
19.40 67633.20
19.50 67633.20
19.60 51904.50
19.70 51904.50
19.80 51904.50
19.90 51904.50
20.00 51904.50
20.10 21495.80
20.20 21495.80
20.30 21495.80
20.40 21495.80
20.50 21495.80
20.60 47972.40
20.70 47972.40
20.80 47972.40
20.90 47972.40
21.00 47972.40
21.10 79167.50
21.20 79167.50
21.30 79167.50
21.40 79167.50
21.50 79167.50
21.60 40894.50
21.70 40894.50
21.80 40894.50
21.90 40894.50
22.00 40894.50
22.10 74711.00
22.20 74711.00
22.30 74711.00
22.40 74711.00
22.50 74711.00
22.60 51380.20
22.70 51380.20
22.80 51380.20
22.90 51380.20
23.00 51380.20
23.10 16515.10
23.20 16515.10
23.30 16515.10
23.40 16515.10
23.50 16515.10
23.60 25428.00
23.70 25428.00
23.80 25428.00
23.90 25428.00
24.00 25428.00
24.10 47185.90
24.20 47185.90
24.30 47185.90
24.40 47185.90
24.50 47185.90
24.60 51642.40
24.70 51642.40
24.80 51642.40
24.90 51642.40
25.00 51642.40
25.10 52166.70
25.20 52166.70
25.30 52166.70
25.40 52166.70
25.50 52166.70
25.60 41680.90
25.70 41680.90
25.80 41680.90
25.90 41680.90
26.00 41680.90
26.10 21495.80
26.20 21495.80
26.30 21495.80
26.40 21495.80
26.50 21495.80
26.60 30146.60
26.70 30146.60
26.80 30146.60
26.90 30146.60
27.00 30146.60
27.10 27263.00
27.20 27263.00
27.30 27263.00
27.40 27263.00
27.50 27263.00
27.60 33554.40
27.70 33554.40
27.80 33554.40
27.90 33554.40
28.00 33554.40
28.10 25165.80
28.20 25165.80
28.30 25165.80
28.40 25165.80
28.50 25165.80
28.60 27525.10
28.70 27525.10
28.80 27525.10
28.90 27525.10
29.00 27525.10
29.10 32243.70
29.20 32243.70
29.30 32243.70
29.40 32243.70
29.50 32243.70
29.60 34078.70
29.70 34078.70
29.80 34078.70
29.90 34078.70
30.00 34078.70
