0.10 71565.30
0.20 71565.30
0.30 71565.30
0.40 71565.30
0.50 71565.30
0.60 60293.10
0.70 60293.10
0.80 60293.10
0.90 60293.10
1.00 60293.10
1.10 73138.20
1.20 73138.20
1.30 73138.20
1.40 73138.20
1.50 73138.20
1.60 24641.50
1.70 24641.50
1.80 24641.50
1.90 24641.50
2.00 24641.50
2.10 23593.00
2.20 23593.00
2.30 23593.00
2.40 23593.00
2.50 23593.00
2.60 109314.00
2.70 109314.00
2.80 109314.00
2.90 109314.00
3.00 109314.00
3.10 33292.30
3.20 33292.30
3.30 33292.30
3.40 33292.30
3.50 33292.30
3.60 85721.10
3.70 85721.10
3.80 85721.10
3.90 85721.10
4.00 85721.10
4.10 83361.80
4.20 83361.80
4.30 83361.80
4.40 83361.80
4.50 83361.80
4.60 8912.90
4.70 8912.90
4.80 8912.90
4.90 8912.90
5.00 8912.90
5.10 50855.90
5.20 50855.90
5.30 50855.90
5.40 50855.90
5.50 50855.90
5.60 47972.40
5.70 47972.40
5.80 47972.40
5.90 47972.40
6.00 47972.40
6.10 45088.80
6.20 45088.80
6.30 45088.80
6.40 45088.80
6.50 45088.80
6.60 58196.00
6.70 58196.00
6.80 58196.00
6.90 58196.00
7.00 58196.00
7.10 50593.80
7.20 50593.80
7.30 50593.80
7.40 50593.80
7.50 50593.80
7.60 54526.00
7.70 54526.00
7.80 54526.00
7.90 54526.00
8.00 54526.00
8.10 62390.30
8.20 62390.30
8.30 62390.30
8.40 62390.30
8.50 62390.30
8.60 47448.10
8.70 47448.10
8.80 47448.10
8.90 47448.10
9.00 47448.10
9.10 96993.30
9.20 96993.30
9.30 96993.30
9.40 96993.30
9.50 96993.30
9.60 31195.10
9.70 31195.10
9.80 31195.10
9.90 31195.10
10.00 31195.10
10.10 117964.80
10.20 117964.80
10.30 117964.80
10.40 117964.80
10.50 117964.80
10.60 53477.40
10.70 53477.40
10.80 53477.40
10.90 53477.40
11.00 53477.40
11.10 29098.00
11.20 29098.00
11.30 29098.00
11.40 29098.00
11.50 29098.00
11.60 49807.40
11.70 49807.40
11.80 49807.40
11.90 49807.40
12.00 49807.40
12.10 39845.90
12.20 39845.90
12.30 39845.90
12.40 39845.90
12.50 39845.90
12.60 73400.30
12.70 73400.30
12.80 73400.30
12.90 73400.30
13.00 73400.30
13.10 28835.80
13.20 28835.80
13.30 28835.80
13.40 28835.80
13.50 28835.80
13.60 65798.10
13.70 65798.10
13.80 65798.10
13.90 65798.10
14.00 65798.10
14.10 68681.70
14.20 68681.70
14.30 68681.70
14.40 68681.70
14.50 68681.70
14.60 5242.90
14.70 5242.90
14.80 5242.90
14.90 5242.90
15.00 5242.90
15.10 78643.20
15.20 78643.20
15.30 78643.20
15.40 78643.20
15.50 78643.20
15.60 48758.80
15.70 48758.80
15.80 48758.80
15.90 48758.80
16.00 48758.80
16.10 75759.60
16.20 75759.60
16.30 75759.60
16.40 75759.60
16.50 75759.60
16.60 59244.50
16.70 59244.50
16.80 59244.50
16.90 59244.50
17.00 59244.50
17.10 42991.60
17.20 42991.60
17.30 42991.60
17.40 42991.60
17.50 42991.60
17.60 59506.70
17.70 59506.70
17.80 59506.70
17.90 59506.70
18.00 59506.70
18.10 35389.40
18.20 35389.40
18.30 35389.40
18.40 35389.40
18.50 35389.40
18.60 23855.10
18.70 23855.10
18.80 23855.10
18.90 23855.10
19.00 23855.10
19.10 52428.80
19.20 52428.80
19.30 52428.80
19.40 52428.80
19.50 52428.80
19.60 62652.40
19.70 62652.40
19.80 62652.40
19.90 62652.40
20.00 62652.40
20.10 33292.30
20.20 33292.30
20.30 33292.30
20.40 33292.30
20.50 33292.30
20.60 78905.30
20.70 78905.30
20.80 78905.30
20.90 78905.30
21.00 78905.30
21.10 83886.10
21.20 83886.10
21.30 83886.10
21.40 83886.10
21.50 83886.10
21.60 69730.30
21.70 69730.30
21.80 69730.30
21.90 69730.30
22.00 69730.30
22.10 100139.00
22.20 100139.00
22.30 100139.00
22.40 100139.00
22.50 100139.00
22.60 34078.70
22.70 34078.70
22.80 34078.70
22.90 34078.70
23.00 34078.70
23.10 19136.50
23.20 19136.50
23.30 19136.50
23.40 19136.50
23.50 19136.50
23.60 37224.40
23.70 37224.40
23.80 37224.40
23.90 37224.40
24.00 37224.40
24.10 33292.30
24.20 33292.30
24.30 33292.30
24.40 33292.30
24.50 33292.30
24.60 41156.60
24.70 41156.60
24.80 41156.60
24.90 41156.60
25.00 41156.60
25.10 34340.90
25.20 34340.90
25.30 34340.90
25.40 34340.90
25.50 34340.90
25.60 16252.90
25.70 16252.90
25.80 16252.90
25.90 16252.90
26.00 16252.90
26.10 35913.70
26.20 35913.70
26.30 35913.70
26.40 35913.70
26.50 35913.70
26.60 26738.70
26.70 26738.70
26.80 26738.70
26.90 26738.70
27.00 26738.70
27.10 23593.00
27.20 23593.00
27.30 23593.00
27.40 23593.00
27.50 23593.00
27.60 32243.70
27.70 32243.70
27.80 32243.70
27.90 32243.70
28.00 32243.70
28.10 20447.20
28.20 20447.20
28.30 20447.20
28.40 20447.20
28.50 20447.20
28.60 43515.90
28.70 43515.90
28.80 43515.90
28.90 43515.90
29.00 43515.90
29.10 14417.90
29.20 14417.90
29.30 14417.90
29.40 14417.90
29.50 14417.90
29.60 5242.90
29.70 5242.90
29.80 5242.90
29.90 5242.90
30.00 5242.90
