0.10 39059.50
0.20 39059.50
0.30 39059.50
0.40 39059.50
0.50 39059.50
0.60 27263.00
0.70 27263.00
0.80 27263.00
0.90 27263.00
1.00 27263.00
1.10 35389.40
1.20 35389.40
1.30 35389.40
1.40 35389.40
1.50 35389.40
1.60 21758.00
1.70 21758.00
1.80 21758.00
1.90 21758.00
2.00 21758.00
2.10 37224.40
2.20 37224.40
2.30 37224.40
2.40 37224.40
2.50 37224.40
2.60 45875.20
2.70 45875.20
2.80 45875.20
2.90 45875.20
3.00 45875.20
3.10 50593.80
3.20 50593.80
3.30 50593.80
3.40 50593.80
3.50 50593.80
3.60 26476.50
3.70 26476.50
3.80 26476.50
3.90 26476.50
4.00 26476.50
4.10 39845.90
4.20 39845.90
4.30 39845.90
4.40 39845.90
4.50 39845.90
4.60 14417.90
4.70 14417.90
4.80 14417.90
4.90 14417.90
5.00 14417.90
5.10 51118.10
5.20 51118.10
5.30 51118.10
5.40 51118.10
5.50 51118.10
5.60 32768.00
5.70 32768.00
5.80 32768.00
5.90 32768.00
6.00 32768.00
6.10 16515.10
6.20 16515.10
6.30 16515.10
6.40 16515.10
6.50 16515.10
6.60 42205.20
6.70 42205.20
6.80 42205.20
6.90 42205.20
7.00 42205.20
7.10 19398.70
7.20 19398.70
7.30 19398.70
7.40 19398.70
7.50 19398.70
7.60 28049.40
7.70 28049.40
7.80 28049.40
7.90 28049.40
8.00 28049.40
8.10 38797.30
8.20 38797.30
8.30 38797.30
8.40 38797.30
8.50 38797.30
8.60 25690.10
8.70 25690.10
8.80 25690.10
8.90 25690.10
9.00 25690.10
9.10 27525.10
9.20 27525.10
9.30 27525.10
9.40 27525.10
9.50 27525.10
9.60 31719.40
9.70 31719.40
9.80 31719.40
9.90 31719.40
10.00 31719.40
10.10 31981.60
10.20 31981.60
10.30 31981.60
10.40 31981.60
10.50 31981.60
10.60 38797.30
10.70 38797.30
10.80 38797.30
10.90 38797.30
11.00 38797.30
11.10 30933.00
11.20 30933.00
11.30 30933.00
11.40 30933.00
11.50 30933.00
11.60 26214.40
11.70 26214.40
11.80 26214.40
11.90 26214.40
12.00 26214.40
12.10 19660.80
12.20 19660.80
12.30 19660.80
12.40 19660.80
12.50 19660.80
12.60 39321.60
12.70 39321.60
12.80 39321.60
12.90 39321.60
13.00 39321.60
13.10 17825.80
13.20 17825.80
13.30 17825.80
13.40 17825.80
13.50 17825.80
13.60 20971.50
13.70 20971.50
13.80 20971.50
13.90 20971.50
14.00 20971.50
14.10 16515.10
14.20 16515.10
14.30 16515.10
14.40 16515.10
14.50 16515.10
14.60 21495.80
14.70 21495.80
14.80 21495.80
14.90 21495.80
15.00 21495.80
15.10 28311.60
15.20 28311.60
15.30 28311.60
15.40 28311.60
15.50 28311.60
15.60 23593.00
15.70 23593.00
15.80 23593.00
15.90 23593.00
16.00 23593.00
16.10 37486.60
16.20 37486.60
16.30 37486.60
16.40 37486.60
16.50 37486.60
16.60 26476.50
16.70 26476.50
16.80 26476.50
16.90 26476.50
17.00 26476.50
17.10 17301.50
17.20 17301.50
17.30 17301.50
17.40 17301.50
17.50 17301.50
17.60 14942.20
17.70 14942.20
17.80 14942.20
17.90 14942.20
18.00 14942.20
18.10 24903.70
18.20 24903.70
18.30 24903.70
18.40 24903.70
18.50 24903.70
18.60 33554.40
18.70 33554.40
18.80 33554.40
18.90 33554.40
19.00 33554.40
19.10 38273.00
19.20 38273.00
19.30 38273.00
19.40 38273.00
19.50 38273.00
19.60 45088.80
19.70 45088.80
19.80 45088.80
19.90 45088.80
20.00 45088.80
20.10 36962.30
20.20 36962.30
20.30 36962.30
20.40 36962.30
20.50 36962.30
20.60 33554.40
20.70 33554.40
20.80 33554.40
20.90 33554.40
21.00 33554.40
21.10 28311.60
21.20 28311.60
21.30 28311.60
21.40 28311.60
21.50 28311.60
21.60 21758.00
21.70 21758.00
21.80 21758.00
21.90 21758.00
22.00 21758.00
22.10 24117.20
22.20 24117.20
22.30 24117.20
22.40 24117.20
22.50 24117.20
22.60 13631.50
22.70 13631.50
22.80 13631.50
22.90 13631.50
23.00 13631.50
23.10 31195.10
23.20 31195.10
23.30 31195.10
23.40 31195.10
23.50 31195.10
23.60 28573.70
23.70 28573.70
23.80 28573.70
23.90 28573.70
24.00 28573.70
24.10 40894.50
24.20 40894.50
24.30 40894.50
24.40 40894.50
24.50 40894.50
24.60 35127.30
24.70 35127.30
24.80 35127.30
24.90 35127.30
25.00 35127.30
25.10 23855.10
25.20 23855.10
25.30 23855.10
25.40 23855.10
25.50 23855.10
25.60 41418.80
25.70 41418.80
25.80 41418.80
25.90 41418.80
26.00 41418.80
26.10 23330.80
26.20 23330.80
26.30 23330.80
26.40 23330.80
26.50 23330.80
26.60 40894.50
26.70 40894.50
26.80 40894.50
26.90 40894.50
27.00 40894.50
27.10 39845.90
27.20 39845.90
27.30 39845.90
27.40 39845.90
27.50 39845.90
27.60 20709.40
27.70 20709.40
27.80 20709.40
27.90 20709.40
28.00 20709.40
28.10 50593.80
28.20 50593.80
28.30 50593.80
28.40 50593.80
28.50 50593.80
28.60 22020.10
28.70 22020.10
28.80 22020.10
28.90 22020.10
29.00 22020.10
29.10 23855.10
29.20 23855.10
29.30 23855.10
29.40 23855.10
29.50 23855.10
29.60 7864.30
29.70 7864.30
29.80 7864.30
29.90 7864.30
30.00 7864.30
