0.10 50855.90
0.20 50855.90
0.30 50855.90
0.40 50855.90
0.50 50855.90
0.60 63176.70
0.70 63176.70
0.80 63176.70
0.90 63176.70
1.00 63176.70
1.10 46399.50
1.20 46399.50
1.30 46399.50
1.40 46399.50
1.50 46399.50
1.60 36700.20
1.70 36700.20
1.80 36700.20
1.90 36700.20
2.00 36700.20
2.10 41156.60
2.20 41156.60
2.30 41156.60
2.40 41156.60
2.50 41156.60
2.60 80478.20
2.70 80478.20
2.80 80478.20
2.90 80478.20
3.00 80478.20
3.10 89129.00
3.20 89129.00
3.30 89129.00
3.40 89129.00
3.50 89129.00
3.60 93323.30
3.70 93323.30
3.80 93323.30
3.90 93323.30
4.00 93323.30
4.10 117178.40
4.20 117178.40
4.30 117178.40
4.40 117178.40
4.50 117178.40
4.60 108789.80
4.70 108789.80
4.80 108789.80
4.90 108789.80
5.00 108789.80
5.10 61079.60
5.20 61079.60
5.30 61079.60
5.40 61079.60
5.50 61079.60
5.60 78381.10
5.70 78381.10
5.80 78381.10
5.90 78381.10
6.00 78381.10
6.10 35389.40
6.20 35389.40
6.30 35389.40
6.40 35389.40
6.50 35389.40
6.60 69206.00
6.70 69206.00
6.80 69206.00
6.90 69206.00
7.00 69206.00
7.10 29360.10
7.20 29360.10
7.30 29360.10
7.40 29360.10
7.50 29360.10
7.60 25690.10
7.70 25690.10
7.80 25690.10
7.90 25690.10
8.00 25690.10
8.10 48758.80
8.20 48758.80
8.30 48758.80
8.40 48758.80
8.50 48758.80
8.60 107741.20
8.70 107741.20
8.80 107741.20
8.90 107741.20
9.00 107741.20
9.10 60817.40
9.20 60817.40
9.30 60817.40
9.40 60817.40
9.50 60817.40
9.60 49020.90
9.70 49020.90
9.80 49020.90
9.90 49020.90
10.00 49020.90
10.10 64749.60
10.20 64749.60
10.30 64749.60
10.40 64749.60
10.50 64749.60
10.60 48234.50
10.70 48234.50
10.80 48234.50
10.90 48234.50
11.00 48234.50
11.10 105644.00
11.20 105644.00
11.30 105644.00
11.40 105644.00
11.50 105644.00
11.60 75497.50
11.70 75497.50
11.80 75497.50
11.90 75497.50
12.00 75497.50
12.10 42205.20
12.20 42205.20
12.30 42205.20
12.40 42205.20
12.50 42205.20
12.60 44826.60
12.70 44826.60
12.80 44826.60
12.90 44826.60
13.00 44826.60
13.10 64225.30
13.20 64225.30
13.30 64225.30
13.40 64225.30
13.50 64225.30
13.60 38797.30
13.70 38797.30
13.80 38797.30
13.90 38797.30
14.00 38797.30
14.10 46923.80
14.20 46923.80
14.30 46923.80
14.40 46923.80
14.50 46923.80
14.60 53477.40
14.70 53477.40
14.80 53477.40
14.90 53477.40
15.00 53477.40
15.10 62390.30
15.20 62390.30
15.30 62390.30
15.40 62390.30
15.50 62390.30
15.60 40632.30
15.70 40632.30
15.80 40632.30
15.90 40632.30
16.00 40632.30
16.10 52953.10
16.20 52953.10
16.30 52953.10
16.40 52953.10
16.50 52953.10
16.60 146538.50
16.70 146538.50
16.80 146538.50
16.90 146538.50
17.00 146538.50
17.10 46661.60
17.20 46661.60
17.30 46661.60
17.40 46661.60
17.50 46661.60
17.60 5242.90
17.70 5242.90
17.80 5242.90
17.90 5242.90
18.00 5242.90
18.10 49545.20
18.20 49545.20
18.30 49545.20
18.40 49545.20
18.50 49545.20
18.60 69468.20
18.70 69468.20
18.80 69468.20
18.90 69468.20
19.00 69468.20
19.10 53215.20
19.20 53215.20
19.30 53215.20
19.40 53215.20
19.50 53215.20
19.60 29098.00
19.70 29098.00
19.80 29098.00
19.90 29098.00
20.00 29098.00
20.10 25690.10
20.20 25690.10
20.30 25690.10
20.40 25690.10
20.50 25690.10
20.60 36175.90
20.70 36175.90
20.80 36175.90
20.90 36175.90
21.00 36175.90
21.10 35127.30
21.20 35127.30
21.30 35127.30
21.40 35127.30
21.50 35127.30
21.60 34865.20
21.70 34865.20
21.80 34865.20
21.90 34865.20
22.00 34865.20
22.10 47710.20
22.20 47710.20
22.30 47710.20
22.40 47710.20
22.50 47710.20
22.60 73924.60
22.70 73924.60
22.80 73924.60
22.90 73924.60
23.00 73924.60
23.10 74186.80
23.20 74186.80
23.30 74186.80
23.40 74186.80
23.50 74186.80
23.60 88866.80
23.70 88866.80
23.80 88866.80
23.90 88866.80
24.00 88866.80
24.10 51642.40
24.20 51642.40
24.30 51642.40
24.40 51642.40
24.50 51642.40
24.60 36438.00
24.70 36438.00
24.80 36438.00
24.90 36438.00
25.00 36438.00
25.10 113246.20
25.20 113246.20
25.30 113246.20
25.40 113246.20
25.50 113246.20
25.60 78118.90
25.70 78118.90
25.80 78118.90
25.90 78118.90
26.00 78118.90
26.10 13893.60
26.20 13893.60
26.30 13893.60
26.40 13893.60
26.50 13893.60
26.60 52166.70
26.70 52166.70
26.80 52166.70
26.90 52166.70
27.00 52166.70
27.10 26738.70
27.20 26738.70
27.30 26738.70
27.40 26738.70
27.50 26738.70
27.60 40894.50
27.70 40894.50
27.80 40894.50
27.90 40894.50
28.00 40894.50
28.10 48234.50
28.20 48234.50
28.30 48234.50
28.40 48234.50
28.50 48234.50
28.60 67371.00
28.70 67371.00
28.80 67371.00
28.90 67371.00
29.00 67371.00
29.10 70516.70
29.20 70516.70
29.30 70516.70
29.40 70516.70
29.50 70516.70
29.60 24117.20
29.70 24117.20
29.80 24117.20
29.90 24117.20
30.00 24117.20
