0.10 33816.60
0.20 33816.60
0.30 33816.60
0.40 33816.60
0.50 33816.60
0.60 41943.00
0.70 41943.00
0.80 41943.00
0.90 41943.00
1.00 41943.00
1.10 15204.40
1.20 15204.40
1.30 15204.40
1.40 15204.40
1.50 15204.40
1.60 34603.00
1.70 34603.00
1.80 34603.00
1.90 34603.00
2.00 34603.00
2.10 26476.50
2.20 26476.50
2.30 26476.50
2.40 26476.50
2.50 26476.50
2.60 9961.50
2.70 9961.50
2.80 9961.50
2.90 9961.50
3.00 9961.50
3.10 34603.00
3.20 34603.00
3.30 34603.00
3.40 34603.00
3.50 34603.00
3.60 76021.80
3.70 76021.80
3.80 76021.80
3.90 76021.80
4.00 76021.80
4.10 15728.60
4.20 15728.60
4.30 15728.60
4.40 15728.60
4.50 15728.60
4.60 24117.20
4.70 24117.20
4.80 24117.20
4.90 24117.20
5.00 24117.20
5.10 103284.70
5.20 103284.70
5.30 103284.70
5.40 103284.70
5.50 103284.70
5.60 27263.00
5.70 27263.00
5.80 27263.00
5.90 27263.00
6.00 27263.00
6.10 65798.10
6.20 65798.10
6.30 65798.10
6.40 65798.10
6.50 65798.10
6.60 110362.60
6.70 110362.60
6.80 110362.60
6.90 110362.60
7.00 110362.60
7.10 72089.60
7.20 72089.60
7.30 72089.60
7.40 72089.60
7.50 72089.60
7.60 46137.30
7.70 46137.30
7.80 46137.30
7.90 46137.30
8.00 46137.30
8.10 68681.70
8.20 68681.70
8.30 68681.70
8.40 68681.70
8.50 68681.70
8.60 5242.90
8.70 5242.90
8.80 5242.90
8.90 5242.90
9.00 5242.90
9.10 83099.60
9.20 83099.60
9.30 83099.60
9.40 83099.60
9.50 83099.60
9.60 66060.30
9.70 66060.30
9.80 66060.30
9.90 66060.30
10.00 66060.30
10.10 97517.60
10.20 97517.60
10.30 97517.60
10.40 97517.60
10.50 97517.60
10.60 88080.40
10.70 88080.40
10.80 88080.40
10.90 88080.40
11.00 88080.40
11.10 90177.50
11.20 90177.50
11.30 90177.50
11.40 90177.50
11.50 90177.50
11.60 18874.40
11.70 18874.40
11.80 18874.40
11.90 18874.40
12.00 18874.40
12.10 59506.70
12.20 59506.70
12.30 59506.70
12.40 59506.70
12.50 59506.70
12.60 66846.70
12.70 66846.70
12.80 66846.70
12.90 66846.70
13.00 66846.70
13.10 46923.80
13.20 46923.80
13.30 46923.80
13.40 46923.80
13.50 46923.80
13.60 5242.90
13.70 5242.90
13.80 5242.90
13.90 5242.90
14.00 5242.90
14.10 29360.10
14.20 29360.10
14.30 29360.10
14.40 29360.10
14.50 29360.10
14.60 18874.40
14.70 18874.40
14.80 18874.40
14.90 18874.40
15.00 18874.40
15.10 38010.90
15.20 38010.90
15.30 38010.90
15.40 38010.90
15.50 38010.90
15.60 35913.70
15.70 35913.70
15.80 35913.70
15.90 35913.70
16.00 35913.70
16.10 8650.80
16.20 8650.80
16.30 8650.80
16.40 8650.80
16.50 8650.80
16.60 137625.60
16.70 137625.60
16.80 137625.60
16.90 137625.60
17.00 137625.60
17.10 65798.10
17.20 65798.10
17.30 65798.10
17.40 65798.10
17.50 65798.10
17.60 5242.90
17.70 5242.90
17.80 5242.90
17.90 5242.90
18.00 5242.90
18.10 81264.60
18.20 81264.60
18.30 81264.60
18.40 81264.60
18.50 81264.60
18.60 27263.00
18.70 27263.00
18.80 27263.00
18.90 27263.00
19.00 27263.00
19.10 57147.40
19.20 57147.40
19.30 57147.40
19.40 57147.40
19.50 57147.40
19.60 49283.10
19.70 49283.10
19.80 49283.10
19.90 49283.10
20.00 49283.10
20.10 57933.80
20.20 57933.80
20.30 57933.80
20.40 57933.80
20.50 57933.80
20.60 46923.80
20.70 46923.80
20.80 46923.80
20.90 46923.80
21.00 46923.80
21.10 61866.00
21.20 61866.00
21.30 61866.00
21.40 61866.00
21.50 61866.00
21.60 22020.10
21.70 22020.10
21.80 22020.10
21.90 22020.10
22.00 22020.10
22.10 52953.10
22.20 52953.10
22.30 52953.10
22.40 52953.10
22.50 52953.10
22.60 33554.40
22.70 33554.40
22.80 33554.40
22.90 33554.40
23.00 33554.40
23.10 100139.00
23.20 100139.00
23.30 100139.00
23.40 100139.00
23.50 100139.00
23.60 22544.40
23.70 22544.40
23.80 22544.40
23.90 22544.40
24.00 22544.40
24.10 14417.90
24.20 14417.90
24.30 14417.90
24.40 14417.90
24.50 14417.90
24.60 28573.70
24.70 28573.70
24.80 28573.70
24.90 28573.70
25.00 28573.70
25.10 67633.20
25.20 67633.20
25.30 67633.20
25.40 67633.20
25.50 67633.20
25.60 87818.20
25.70 87818.20
25.80 87818.20
25.90 87818.20
26.00 87818.20
26.10 74448.90
26.20 74448.90
26.30 74448.90
26.40 74448.90
26.50 74448.90
26.60 62652.40
26.70 62652.40
26.80 62652.40
26.90 62652.40
27.00 62652.40
27.10 82837.50
27.20 82837.50
27.30 82837.50
27.40 82837.50
27.50 82837.50
27.60 59768.80
27.70 59768.80
27.80 59768.80
27.90 59768.80
28.00 59768.80
28.10 48496.60
28.20 48496.60
28.30 48496.60
28.40 48496.60
28.50 48496.60
28.60 36438.00
28.70 36438.00
28.80 36438.00
28.90 36438.00
29.00 36438.00
29.10 82313.20
29.20 82313.20
29.30 82313.20
29.40 82313.20
29.50 82313.20
29.60 55574.50
29.70 55574.50
29.80 55574.50
29.90 55574.50
30.00 55574.50
