0.10 35651.60
0.20 35651.60
0.30 35651.60
0.40 35651.60
0.50 35651.60
0.60 26214.40
0.70 26214.40
0.80 26214.40
0.90 26214.40
1.00 26214.40
1.10 30408.70
1.20 30408.70
1.30 30408.70
1.40 30408.70
1.50 30408.70
1.60 33292.30
1.70 33292.30
1.80 33292.30
1.90 33292.30
2.00 33292.30
2.10 36175.90
2.20 36175.90
2.30 36175.90
2.40 36175.90
2.50 36175.90
2.60 44826.60
2.70 44826.60
2.80 44826.60
2.90 44826.60
3.00 44826.60
3.10 28311.60
3.20 28311.60
3.30 28311.60
3.40 28311.60
3.50 28311.60
3.60 33554.40
3.70 33554.40
3.80 33554.40
3.90 33554.40
4.00 33554.40
4.10 24379.40
4.20 24379.40
4.30 24379.40
4.40 24379.40
4.50 24379.40
4.60 29098.00
4.70 29098.00
4.80 29098.00
4.90 29098.00
5.00 29098.00
5.10 46399.50
5.20 46399.50
5.30 46399.50
5.40 46399.50
5.50 46399.50
5.60 39059.50
5.70 39059.50
5.80 39059.50
5.90 39059.50
6.00 39059.50
6.10 17825.80
6.20 17825.80
6.30 17825.80
6.40 17825.80
6.50 17825.80
6.60 23593.00
6.70 23593.00
6.80 23593.00
6.90 23593.00
7.00 23593.00
7.10 20447.20
7.20 20447.20
7.30 20447.20
7.40 20447.20
7.50 20447.20
7.60 39321.60
7.70 39321.60
7.80 39321.60
7.90 39321.60
8.00 39321.60
8.10 17039.40
8.20 17039.40
8.30 17039.40
8.40 17039.40
8.50 17039.40
8.60 40370.20
8.70 40370.20
8.80 40370.20
8.90 40370.20
9.00 40370.20
9.10 28049.40
9.20 28049.40
9.30 28049.40
9.40 28049.40
9.50 28049.40
9.60 17825.80
9.70 17825.80
9.80 17825.80
9.90 17825.80
10.00 17825.80
10.10 21758.00
10.20 21758.00
10.30 21758.00
10.40 21758.00
10.50 21758.00
10.60 24903.70
10.70 24903.70
10.80 24903.70
10.90 24903.70
11.00 24903.70
11.10 23068.70
11.20 23068.70
11.30 23068.70
11.40 23068.70
11.50 23068.70
11.60 23068.70
11.70 23068.70
11.80 23068.70
11.90 23068.70
12.00 23068.70
12.10 32243.70
12.20 32243.70
12.30 32243.70
12.40 32243.70
12.50 32243.70
12.60 32243.70
12.70 32243.70
12.80 32243.70
12.90 32243.70
13.00 32243.70
13.10 28311.60
13.20 28311.60
13.30 28311.60
13.40 28311.60
13.50 28311.60
13.60 28311.60
13.70 28311.60
13.80 28311.60
13.90 28311.60
14.00 28311.60
14.10 30408.70
14.20 30408.70
14.30 30408.70
14.40 30408.70
14.50 30408.70
14.60 23593.00
14.70 23593.00
14.80 23593.00
14.90 23593.00
15.00 23593.00
15.10 20709.40
15.20 20709.40
15.30 20709.40
15.40 20709.40
15.50 20709.40
15.60 23855.10
15.70 23855.10
15.80 23855.10
15.90 23855.10
16.00 23855.10
16.10 24117.20
16.20 24117.20
16.30 24117.20
16.40 24117.20
16.50 24117.20
16.60 18612.20
16.70 18612.20
16.80 18612.20
16.90 18612.20
17.00 18612.20
17.10 25428.00
17.20 25428.00
17.30 25428.00
17.40 25428.00
17.50 25428.00
17.60 31457.30
17.70 31457.30
17.80 31457.30
17.90 31457.30
18.00 31457.30
18.10 30670.80
18.20 30670.80
18.30 30670.80
18.40 30670.80
18.50 30670.80
18.60 19660.80
18.70 19660.80
18.80 19660.80
18.90 19660.80
19.00 19660.80
19.10 25952.30
19.20 25952.30
19.30 25952.30
19.40 25952.30
19.50 25952.30
19.60 39059.50
19.70 39059.50
19.80 39059.50
19.90 39059.50
20.00 39059.50
20.10 10223.60
20.20 10223.60
20.30 10223.60
20.40 10223.60
20.50 10223.60
20.60 26476.50
20.70 26476.50
20.80 26476.50
20.90 26476.50
21.00 26476.50
21.10 32243.70
21.20 32243.70
21.30 32243.70
21.40 32243.70
21.50 32243.70
21.60 24379.40
21.70 24379.40
21.80 24379.40
21.90 24379.40
22.00 24379.40
22.10 35651.60
22.20 35651.60
22.30 35651.60
22.40 35651.60
22.50 35651.60
22.60 19136.50
22.70 19136.50
22.80 19136.50
22.90 19136.50
23.00 19136.50
23.10 17039.40
23.20 17039.40
23.30 17039.40
23.40 17039.40
23.50 17039.40
23.60 21495.80
23.70 21495.80
23.80 21495.80
23.90 21495.80
24.00 21495.80
24.10 21233.70
24.20 21233.70
24.30 21233.70
24.40 21233.70
24.50 21233.70
24.60 27787.30
24.70 27787.30
24.80 27787.30
24.90 27787.30
25.00 27787.30
25.10 14155.80
25.20 14155.80
25.30 14155.80
25.40 14155.80
25.50 14155.80
25.60 27000.80
25.70 27000.80
25.80 27000.80
25.90 27000.80
26.00 27000.80
26.10 33030.10
26.20 33030.10
26.30 33030.10
26.40 33030.10
26.50 33030.10
26.60 22020.10
26.70 22020.10
26.80 22020.10
26.90 22020.10
27.00 22020.10
27.10 54526.00
27.20 54526.00
27.30 54526.00
27.40 54526.00
27.50 54526.00
27.60 25428.00
27.70 25428.00
27.80 25428.00
27.90 25428.00
28.00 25428.00
28.10 42205.20
28.20 42205.20
28.30 42205.20
28.40 42205.20
28.50 42205.20
28.60 29360.10
28.70 29360.10
28.80 29360.10
28.90 29360.10
29.00 29360.10
29.10 41418.80
29.20 41418.80
29.30 41418.80
29.40 41418.80
29.50 41418.80
29.60 29884.40
29.70 29884.40
29.80 29884.40
29.90 29884.40
30.00 29884.40
