0.10 20971.50
0.20 20971.50
0.30 20971.50
0.40 20971.50
0.50 20971.50
0.60 21758.00
0.70 21758.00
0.80 21758.00
0.90 21758.00
1.00 21758.00
1.10 22020.10
1.20 22020.10
1.30 22020.10
1.40 22020.10
1.50 22020.10
1.60 16777.20
1.70 16777.20
1.80 16777.20
1.90 16777.20
2.00 16777.20
2.10 18874.40
2.20 18874.40
2.30 18874.40
2.40 18874.40
2.50 18874.40
2.60 44302.30
2.70 44302.30
2.80 44302.30
2.90 44302.30
3.00 44302.30
3.10 42205.20
3.20 42205.20
3.30 42205.20
3.40 42205.20
3.50 42205.20
3.60 55312.40
3.70 55312.40
3.80 55312.40
3.90 55312.40
4.00 55312.40
4.10 53739.50
4.20 53739.50
4.30 53739.50
4.40 53739.50
4.50 53739.50
4.60 32243.70
4.70 32243.70
4.80 32243.70
4.90 32243.70
5.00 32243.70
5.10 5242.90
5.20 5242.90
5.30 5242.90
5.40 5242.90
5.50 5242.90
5.60 44826.60
5.70 44826.60
5.80 44826.60
5.90 44826.60
6.00 44826.60
6.10 47710.20
6.20 47710.20
6.30 47710.20
6.40 47710.20
6.50 47710.20
6.60 30408.70
6.70 30408.70
6.80 30408.70
6.90 30408.70
7.00 30408.70
7.10 23330.80
7.20 23330.80
7.30 23330.80
7.40 23330.80
7.50 23330.80
7.60 31457.30
7.70 31457.30
7.80 31457.30
7.90 31457.30
8.00 31457.30
8.10 19398.70
8.20 19398.70
8.30 19398.70
8.40 19398.70
8.50 19398.70
8.60 35651.60
8.70 35651.60
8.80 35651.60
8.90 35651.60
9.00 35651.60
9.10 21233.70
9.20 21233.70
9.30 21233.70
9.40 21233.70
9.50 21233.70
9.60 28573.70
9.70 28573.70
9.80 28573.70
9.90 28573.70
10.00 28573.70
10.10 15728.60
10.20 15728.60
10.30 15728.60
10.40 15728.60
10.50 15728.60
10.60 37748.70
10.70 37748.70
10.80 37748.70
10.90 37748.70
11.00 37748.70
11.10 21233.70
11.20 21233.70
11.30 21233.70
11.40 21233.70
11.50 21233.70
11.60 18350.10
11.70 18350.10
11.80 18350.10
11.90 18350.10
12.00 18350.10
12.10 8388.60
12.20 8388.60
12.30 8388.60
12.40 8388.60
12.50 8388.60
12.60 16252.90
12.70 16252.90
12.80 16252.90
12.90 16252.90
13.00 16252.90
13.10 14417.90
13.20 14417.90
13.30 14417.90
13.40 14417.90
13.50 14417.90
13.60 23593.00
13.70 23593.00
13.80 23593.00
13.90 23593.00
14.00 23593.00
14.10 23593.00
14.20 23593.00
14.30 23593.00
14.40 23593.00
14.50 23593.00
14.60 19922.90
14.70 19922.90
14.80 19922.90
14.90 19922.90
15.00 19922.90
15.10 7602.20
15.20 7602.20
15.30 7602.20
15.40 7602.20
15.50 7602.20
15.60 21233.70
15.70 21233.70
15.80 21233.70
15.90 21233.70
16.00 21233.70
16.10 20447.20
16.20 20447.20
16.30 20447.20
16.40 20447.20
16.50 20447.20
16.60 20185.10
16.70 20185.10
16.80 20185.10
16.90 20185.10
17.00 20185.10
17.10 17301.50
17.20 17301.50
17.30 17301.50
17.40 17301.50
17.50 17301.50
17.60 26738.70
17.70 26738.70
17.80 26738.70
17.90 26738.70
18.00 26738.70
18.10 25952.30
18.20 25952.30
18.30 25952.30
18.40 25952.30
18.50 25952.30
18.60 25428.00
18.70 25428.00
18.80 25428.00
18.90 25428.00
19.00 25428.00
19.10 24379.40
19.20 24379.40
19.30 24379.40
19.40 24379.40
19.50 24379.40
19.60 25428.00
19.70 25428.00
19.80 25428.00
19.90 25428.00
20.00 25428.00
20.10 21495.80
20.20 21495.80
20.30 21495.80
20.40 21495.80
20.50 21495.80
20.60 28311.60
20.70 28311.60
20.80 28311.60
20.90 28311.60
21.00 28311.60
21.10 18612.20
21.20 18612.20
21.30 18612.20
21.40 18612.20
21.50 18612.20
21.60 19922.90
21.70 19922.90
21.80 19922.90
21.90 19922.90
22.00 19922.90
22.10 26214.40
22.20 26214.40
22.30 26214.40
22.40 26214.40
22.50 26214.40
22.60 24117.20
22.70 24117.20
22.80 24117.20
22.90 24117.20
23.00 24117.20
23.10 22020.10
23.20 22020.10
23.30 22020.10
23.40 22020.10
23.50 22020.10
23.60 30146.60
23.70 30146.60
23.80 30146.60
23.90 30146.60
24.00 30146.60
24.10 17825.80
24.20 17825.80
24.30 17825.80
24.40 17825.80
24.50 17825.80
24.60 22544.40
24.70 22544.40
24.80 22544.40
24.90 22544.40
25.00 22544.40
25.10 23593.00
25.20 23593.00
25.30 23593.00
25.40 23593.00
25.50 23593.00
25.60 25428.00
25.70 25428.00
25.80 25428.00
25.90 25428.00
26.00 25428.00
26.10 19136.50
26.20 19136.50
26.30 19136.50
26.40 19136.50
26.50 19136.50
26.60 23068.70
26.70 23068.70
26.80 23068.70
26.90 23068.70
27.00 23068.70
27.10 31195.10
27.20 31195.10
27.30 31195.10
27.40 31195.10
27.50 31195.10
27.60 11272.20
27.70 11272.20
27.80 11272.20
27.90 11272.20
28.00 11272.20
28.10 9437.20
28.20 9437.20
28.30 9437.20
28.40 9437.20
28.50 9437.20
28.60 17825.80
28.70 17825.80
28.80 17825.80
28.90 17825.80
29.00 17825.80
29.10 30146.60
29.20 30146.60
29.30 30146.60
29.40 30146.60
29.50 30146.60
29.60 16777.20
29.70 16777.20
29.80 16777.20
29.90 16777.20
30.00 16777.20
