0.10 32505.90
0.20 32505.90
0.30 32505.90
0.40 32505.90
0.50 32505.90
0.60 19660.80
0.70 19660.80
0.80 19660.80
0.90 19660.80
1.00 19660.80
1.10 25690.10
1.20 25690.10
1.30 25690.10
1.40 25690.10
1.50 25690.10
1.60 30146.60
1.70 30146.60
1.80 30146.60
1.90 30146.60
2.00 30146.60
2.10 47710.20
2.20 47710.20
2.30 47710.20
2.40 47710.20
2.50 47710.20
2.60 24903.70
2.70 24903.70
2.80 24903.70
2.90 24903.70
3.00 24903.70
3.10 27000.80
3.20 27000.80
3.30 27000.80
3.40 27000.80
3.50 27000.80
3.60 20709.40
3.70 20709.40
3.80 20709.40
3.90 20709.40
4.00 20709.40
4.10 21495.80
4.20 21495.80
4.30 21495.80
4.40 21495.80
4.50 21495.80
4.60 21495.80
4.70 21495.80
4.80 21495.80
4.90 21495.80
5.00 21495.80
5.10 22544.40
5.20 22544.40
5.30 22544.40
5.40 22544.40
5.50 22544.40
5.60 13107.20
5.70 13107.20
5.80 13107.20
5.90 13107.20
6.00 13107.20
6.10 20709.40
6.20 20709.40
6.30 20709.40
6.40 20709.40
6.50 20709.40
6.60 13107.20
6.70 13107.20
6.80 13107.20
6.90 13107.20
7.00 13107.20
7.10 19660.80
7.20 19660.80
7.30 19660.80
7.40 19660.80
7.50 19660.80
7.60 15204.40
7.70 15204.40
7.80 15204.40
7.90 15204.40
8.00 15204.40
8.10 16252.90
8.20 16252.90
8.30 16252.90
8.40 16252.90
8.50 16252.90
8.60 22020.10
8.70 22020.10
8.80 22020.10
8.90 22020.10
9.00 22020.10
9.10 21233.70
9.20 21233.70
9.30 21233.70
9.40 21233.70
9.50 21233.70
9.60 18874.40
9.70 18874.40
9.80 18874.40
9.90 18874.40
10.00 18874.40
10.10 16777.20
10.20 16777.20
10.30 16777.20
10.40 16777.20
10.50 16777.20
10.60 15466.50
10.70 15466.50
10.80 15466.50
10.90 15466.50
11.00 15466.50
11.10 24379.40
11.20 24379.40
11.30 24379.40
11.40 24379.40
11.50 24379.40
11.60 13893.60
11.70 13893.60
11.80 13893.60
11.90 13893.60
12.00 13893.60
12.10 19660.80
12.20 19660.80
12.30 19660.80
12.40 19660.80
12.50 19660.80
12.60 19922.90
12.70 19922.90
12.80 19922.90
12.90 19922.90
13.00 19922.90
13.10 16777.20
13.20 16777.20
13.30 16777.20
13.40 16777.20
13.50 16777.20
13.60 17563.60
13.70 17563.60
13.80 17563.60
13.90 17563.60
14.00 17563.60
14.10 16252.90
14.20 16252.90
14.30 16252.90
14.40 16252.90
14.50 16252.90
14.60 23068.70
14.70 23068.70
14.80 23068.70
14.90 23068.70
15.00 23068.70
15.10 13893.60
15.20 13893.60
15.30 13893.60
15.40 13893.60
15.50 13893.60
15.60 17301.50
15.70 17301.50
15.80 17301.50
15.90 17301.50
16.00 17301.50
16.10 17301.50
16.20 17301.50
16.30 17301.50
16.40 17301.50
16.50 17301.50
16.60 20447.20
16.70 20447.20
16.80 20447.20
16.90 20447.20
17.00 20447.20
17.10 17301.50
17.20 17301.50
17.30 17301.50
17.40 17301.50
17.50 17301.50
17.60 22020.10
17.70 22020.10
17.80 22020.10
17.90 22020.10
18.00 22020.10
18.10 16777.20
18.20 16777.20
18.30 16777.20
18.40 16777.20
18.50 16777.20
18.60 22544.40
18.70 22544.40
18.80 22544.40
18.90 22544.40
19.00 22544.40
19.10 17825.80
19.20 17825.80
19.30 17825.80
19.40 17825.80
19.50 17825.80
19.60 20971.50
19.70 20971.50
19.80 20971.50
19.90 20971.50
20.00 20971.50
20.10 23855.10
20.20 23855.10
20.30 23855.10
20.40 23855.10
20.50 23855.10
20.60 20185.10
20.70 20185.10
20.80 20185.10
20.90 20185.10
21.00 20185.10
21.10 63176.70
21.20 63176.70
21.30 63176.70
21.40 63176.70
21.50 63176.70
21.60 13107.20
21.70 13107.20
21.80 13107.20
21.90 13107.20
22.00 13107.20
22.10 19922.90
22.20 19922.90
22.30 19922.90
22.40 19922.90
22.50 19922.90
22.60 31195.10
22.70 31195.10
22.80 31195.10
22.90 31195.10
23.00 31195.10
23.10 8126.50
23.20 8126.50
23.30 8126.50
23.40 8126.50
23.50 8126.50
23.60 39845.90
23.70 39845.90
23.80 39845.90
23.90 39845.90
24.00 39845.90
24.10 50593.80
24.20 50593.80
24.30 50593.80
24.40 50593.80
24.50 50593.80
24.60 46661.60
24.70 46661.60
24.80 46661.60
24.90 46661.60
25.00 46661.60
25.10 21495.80
25.20 21495.80
25.30 21495.80
25.40 21495.80
25.50 21495.80
25.60 33816.60
25.70 33816.60
25.80 33816.60
25.90 33816.60
26.00 33816.60
26.10 23855.10
26.20 23855.10
26.30 23855.10
26.40 23855.10
26.50 23855.10
26.60 40894.50
26.70 40894.50
26.80 40894.50
26.90 40894.50
27.00 40894.50
27.10 47185.90
27.20 47185.90
27.30 47185.90
27.40 47185.90
27.50 47185.90
27.60 28573.70
27.70 28573.70
27.80 28573.70
27.90 28573.70
28.00 28573.70
28.10 24379.40
28.20 24379.40
28.30 24379.40
28.40 24379.40
28.50 24379.40
28.60 37748.70
28.70 37748.70
28.80 37748.70
28.90 37748.70
29.00 37748.70
29.10 49807.40
29.20 49807.40
29.30 49807.40
29.40 49807.40
29.50 49807.40
29.60 25165.80
29.70 25165.80
29.80 25165.80
29.90 25165.80
30.00 25165.80
