0.10 84672.50
0.20 84672.50
0.30 84672.50
0.40 84672.50
0.50 84672.50
0.60 23068.70
0.70 23068.70
0.80 23068.70
0.90 23068.70
1.00 23068.70
1.10 33292.30
1.20 33292.30
1.30 33292.30
1.40 33292.30
1.50 33292.30
1.60 20185.10
1.70 20185.10
1.80 20185.10
1.90 20185.10
2.00 20185.10
2.10 35651.60
2.20 35651.60
2.30 35651.60
2.40 35651.60
2.50 35651.60
2.60 12845.10
2.70 12845.10
2.80 12845.10
2.90 12845.10
3.00 12845.10
3.10 23593.00
3.20 23593.00
3.30 23593.00
3.40 23593.00
3.50 23593.00
3.60 31457.30
3.70 31457.30
3.80 31457.30
3.90 31457.30
4.00 31457.30
4.10 50855.90
4.20 50855.90
4.30 50855.90
4.40 50855.90
4.50 50855.90
4.60 31981.60
4.70 31981.60
4.80 31981.60
4.90 31981.60
5.00 31981.60
5.10 55050.20
5.20 55050.20
5.30 55050.20
5.40 55050.20
5.50 55050.20
5.60 42205.20
5.70 42205.20
5.80 42205.20
5.90 42205.20
6.00 42205.20
6.10 30670.80
6.20 30670.80
6.30 30670.80
6.40 30670.80
6.50 30670.80
6.60 34078.70
6.70 34078.70
6.80 34078.70
6.90 34078.70
7.00 34078.70
7.10 44564.50
7.20 44564.50
7.30 44564.50
7.40 44564.50
7.50 44564.50
7.60 60293.10
7.70 60293.10
7.80 60293.10
7.90 60293.10
8.00 60293.10
8.10 40632.30
8.20 40632.30
8.30 40632.30
8.40 40632.30
8.50 40632.30
8.60 39583.70
8.70 39583.70
8.80 39583.70
8.90 39583.70
9.00 39583.70
9.10 33816.60
9.20 33816.60
9.30 33816.60
9.40 33816.60
9.50 33816.60
9.60 22282.20
9.70 22282.20
9.80 22282.20
9.90 22282.20
10.00 22282.20
10.10 43778.00
10.20 43778.00
10.30 43778.00
10.40 43778.00
10.50 43778.00
10.60 39845.90
10.70 39845.90
10.80 39845.90
10.90 39845.90
11.00 39845.90
11.10 44826.60
11.20 44826.60
11.30 44826.60
11.40 44826.60
11.50 44826.60
11.60 57147.40
11.70 57147.40
11.80 57147.40
11.90 57147.40
12.00 57147.40
12.10 30933.00
12.20 30933.00
12.30 30933.00
12.40 30933.00
12.50 30933.00
12.60 58196.00
12.70 58196.00
12.80 58196.00
12.90 58196.00
13.00 58196.00
13.10 64749.60
13.20 64749.60
13.30 64749.60
13.40 64749.60
13.50 64749.60
13.60 48234.50
13.70 48234.50
13.80 48234.50
13.90 48234.50
14.00 48234.50
14.10 34603.00
14.20 34603.00
14.30 34603.00
14.40 34603.00
14.50 34603.00
14.60 39583.70
14.70 39583.70
14.80 39583.70
14.90 39583.70
15.00 39583.70
15.10 34865.20
15.20 34865.20
15.30 34865.20
15.40 34865.20
15.50 34865.20
15.60 54263.80
15.70 54263.80
15.80 54263.80
15.90 54263.80
16.00 54263.80
16.10 14942.20
16.20 14942.20
16.30 14942.20
16.40 14942.20
16.50 14942.20
16.60 47972.40
16.70 47972.40
16.80 47972.40
16.90 47972.40
17.00 47972.40
17.10 37486.60
17.20 37486.60
17.30 37486.60
17.40 37486.60
17.50 37486.60
17.60 47972.40
17.70 47972.40
17.80 47972.40
17.90 47972.40
18.00 47972.40
18.10 38797.30
18.20 38797.30
18.30 38797.30
18.40 38797.30
18.50 38797.30
18.60 47185.90
18.70 47185.90
18.80 47185.90
18.90 47185.90
19.00 47185.90
19.10 41156.60
19.20 41156.60
19.30 41156.60
19.40 41156.60
19.50 41156.60
19.60 61079.60
19.70 61079.60
19.80 61079.60
19.90 61079.60
20.00 61079.60
20.10 60293.10
20.20 60293.10
20.30 60293.10
20.40 60293.10
20.50 60293.10
20.60 23330.80
20.70 23330.80
20.80 23330.80
20.90 23330.80
21.00 23330.80
21.10 26476.50
21.20 26476.50
21.30 26476.50
21.40 26476.50
21.50 26476.50
21.60 50855.90
21.70 50855.90
21.80 50855.90
21.90 50855.90
22.00 50855.90
22.10 19922.90
22.20 19922.90
22.30 19922.90
22.40 19922.90
22.50 19922.90
22.60 33292.30
22.70 33292.30
22.80 33292.30
22.90 33292.30
23.00 33292.30
23.10 15990.80
23.20 15990.80
23.30 15990.80
23.40 15990.80
23.50 15990.80
23.60 24117.20
23.70 24117.20
23.80 24117.20
23.90 24117.20
24.00 24117.20
24.10 26214.40
24.20 26214.40
24.30 26214.40
24.40 26214.40
24.50 26214.40
24.60 31195.10
24.70 31195.10
24.80 31195.10
24.90 31195.10
25.00 31195.10
25.10 29622.30
25.20 29622.30
25.30 29622.30
25.40 29622.30
25.50 29622.30
25.60 29884.40
25.70 29884.40
25.80 29884.40
25.90 29884.40
26.00 29884.40
26.10 47185.90
26.20 47185.90
26.30 47185.90
26.40 47185.90
26.50 47185.90
26.60 12058.60
26.70 12058.60
26.80 12058.60
26.90 12058.60
27.00 12058.60
27.10 35651.60
27.20 35651.60
27.30 35651.60
27.40 35651.60
27.50 35651.60
27.60 51642.40
27.70 51642.40
27.80 51642.40
27.90 51642.40
28.00 51642.40
28.10 14417.90
28.20 14417.90
28.30 14417.90
28.40 14417.90
28.50 14417.90
28.60 28573.70
28.70 28573.70
28.80 28573.70
28.90 28573.70
29.00 28573.70
29.10 36438.00
29.20 36438.00
29.30 36438.00
29.40 36438.00
29.50 36438.00
29.60 41418.80
29.70 41418.80
29.80 41418.80
29.90 41418.80
30.00 41418.80
