0.10 46218.44
0.20 46218.44
0.30 46218.44
0.40 46218.44
0.50 46218.44
0.60 46218.44
0.70 46218.44
0.80 46218.44
0.90 46218.44
1.00 46218.44
1.10 11426.31
1.20 11426.31
1.30 11426.31
1.40 11426.31
1.50 11426.31
1.60 11426.31
1.70 11426.31
1.80 11426.31
1.90 11426.31
2.00 11426.31
2.10 18775.91
2.20 18775.91
2.30 18775.91
2.40 18775.91
2.50 18775.91
2.60 18775.91
2.70 18775.91
2.80 18775.91
2.90 18775.91
3.00 18775.91
3.10 129718.94
3.20 129718.94
3.30 129718.94
3.40 129718.94
3.50 129718.94
3.60 129718.94
3.70 129718.94
3.80 129718.94
3.90 129718.94
4.00 129718.94
4.10 68159.65
4.20 68159.65
4.30 68159.65
4.40 68159.65
4.50 68159.65
4.60 68159.65
4.70 68159.65
4.80 68159.65
4.90 68159.65
5.00 68159.65
5.10 175040.41
5.20 175040.41
5.30 175040.41
5.40 175040.41
5.50 175040.41
5.60 175040.41
5.70 175040.41
5.80 175040.41
5.90 175040.41
6.00 175040.41
6.10 136884.24
6.20 136884.24
6.30 136884.24
6.40 136884.24
6.50 136884.24
6.60 136884.24
6.70 136884.24
6.80 136884.24
6.90 136884.24
7.00 136884.24
7.10 123132.85
7.20 123132.85
7.30 123132.85
7.40 123132.85
7.50 123132.85
7.60 123132.85
7.70 123132.85
7.80 123132.85
7.90 123132.85
8.00 123132.85
8.10 225276.22
8.20 225276.22
8.30 225276.22
8.40 225276.22
8.50 225276.22
8.60 225276.22
8.70 225276.22
8.80 225276.22
8.90 225276.22
9.00 225276.22
9.10 171303.21
9.20 171303.21
9.30 171303.21
9.40 171303.21
9.50 171303.21
9.60 171303.21
9.70 171303.21
9.80 171303.21
9.90 171303.21
10.00 171303.21
10.10 79523.01
10.20 79523.01
10.30 79523.01
10.40 79523.01
10.50 79523.01
10.60 79523.01
10.70 79523.01
10.80 79523.01
10.90 79523.01
11.00 79523.01
11.10 153983.97
11.20 153983.97
11.30 153983.97
11.40 153983.97
11.50 153983.97
11.60 153983.97
11.70 153983.97
11.80 153983.97
11.90 153983.97
12.00 153983.97
12.10 200459.18
12.20 200459.18
12.30 200459.18
12.40 200459.18
12.50 200459.18
12.60 200459.18
12.70 200459.18
12.80 200459.18
12.90 200459.18
13.00 200459.18
13.10 289962.03
13.20 289962.03
13.30 289962.03
13.40 289962.03
13.50 289962.03
13.60 289962.03
13.70 289962.03
13.80 289962.03
13.90 289962.03
14.00 289962.03
14.10 158668.27
14.20 158668.27
14.30 158668.27
14.40 158668.27
14.50 158668.27
14.60 158668.27
14.70 158668.27
14.80 158668.27
14.90 158668.27
15.00 158668.27
15.10 273744.09
15.20 273744.09
15.30 273744.09
15.40 273744.09
15.50 273744.09
15.60 273744.09
15.70 273744.09
15.80 273744.09
15.90 273744.09
16.00 273744.09
16.10 204132.67
16.20 204132.67
16.30 204132.67
16.40 204132.67
16.50 204132.67
16.60 204132.67
16.70 204132.67
16.80 204132.67
16.90 204132.67
17.00 204132.67
17.10 255873.89
17.20 255873.89
17.30 255873.89
17.40 255873.89
17.50 255873.89
17.60 255873.89
17.70 255873.89
17.80 255873.89
17.90 255873.89
18.00 255873.89
18.10 298991.10
18.20 298991.10
18.30 298991.10
18.40 298991.10
18.50 298991.10
18.60 298991.10
18.70 298991.10
18.80 298991.10
18.90 298991.10
19.00 298991.10
19.10 294647.13
19.20 294647.13
19.30 294647.13
19.40 294647.13
19.50 294647.13
19.60 294647.13
19.70 294647.13
19.80 294647.13
19.90 294647.13
20.00 294647.13
20.10 215802.44
20.20 215802.44
20.30 215802.44
20.40 215802.44
20.50 215802.44
20.60 215802.44
20.70 215802.44
20.80 215802.44
20.90 215802.44
21.00 215802.44
21.10 189207.92
21.20 189207.92
21.30 189207.92
21.40 189207.92
21.50 189207.92
21.60 189207.92
21.70 189207.92
21.80 189207.92
21.90 189207.92
22.00 189207.92
22.10 77449.80
22.20 77449.80
22.30 77449.80
22.40 77449.80
22.50 77449.80
22.60 77449.80
22.70 77449.80
22.80 77449.80
22.90 77449.80
23.00 77449.80
23.10 39231.59
23.20 39231.59
23.30 39231.59
23.40 39231.59
23.50 39231.59
23.60 39231.59
23.70 39231.59
23.80 39231.59
23.90 39231.59
24.00 39231.59
24.10 65223.18
24.20 65223.18
24.30 65223.18
24.40 65223.18
24.50 65223.18
24.60 65223.18
24.70 65223.18
24.80 65223.18
24.90 65223.18
25.00 65223.18
25.10 110753.04
25.20 110753.04
25.30 110753.04
25.40 110753.04
25.50 110753.04
25.60 110753.04
25.70 110753.04
25.80 110753.04
25.90 110753.04
26.00 110753.04
26.10 138552.25
26.20 138552.25
26.30 138552.25
26.40 138552.25
26.50 138552.25
26.60 138552.25
26.70 138552.25
26.80 138552.25
26.90 138552.25
27.00 138552.25
27.10 166056.91
27.20 166056.91
27.30 166056.91
27.40 166056.91
27.50 166056.91
27.60 166056.91
27.70 166056.91
27.80 166056.91
27.90 166056.91
28.00 166056.91
28.10 281793.22
28.20 281793.22
28.30 281793.22
28.40 281793.22
28.50 281793.22
28.60 281793.22
28.70 281793.22
28.80 281793.22
28.90 281793.22
29.00 281793.22
29.10 271190.48
29.20 271190.48
29.30 271190.48
29.40 271190.48
29.50 271190.48
29.60 271190.48
29.70 271190.48
29.80 271190.48
29.90 271190.48
30.00 271190.48
30.10 310902.30
30.20 310902.30
30.30 310902.30
30.40 310902.30
30.50 310902.30
30.60 310902.30
30.70 310902.30
30.80 310902.30
30.90 310902.30
31.00 310902.30
31.10 308764.29
31.20 308764.29
31.30 308764.29
31.40 308764.29
31.50 308764.29
31.60 308764.29
31.70 308764.29
31.80 308764.29
31.90 308764.29
32.00 308764.29
32.10 251874.04
32.20 251874.04
32.30 251874.04
32.40 251874.04
32.50 251874.04
32.60 251874.04
32.70 251874.04
32.80 251874.04
32.90 251874.04
33.00 251874.04
33.10 216680.54
33.20 216680.54
33.30 216680.54
33.40 216680.54
33.50 216680.54
33.60 216680.54
33.70 216680.54
33.80 216680.54
33.90 216680.54
34.00 216680.54
34.10 210514.14
34.20 210514.14
34.30 210514.14
34.40 210514.14
34.50 210514.14
34.60 210514.14
34.70 210514.14
34.80 210514.14
34.90 210514.14
35.00 210514.14
35.10 389303.15
35.20 389303.15
35.30 389303.15
35.40 389303.15
35.50 389303.15
35.60 389303.15
35.70 389303.15
35.80 389303.15
35.90 389303.15
36.00 389303.15
36.10 276928.23
36.20 276928.23
36.30 276928.23
36.40 276928.23
36.50 276928.23
36.60 276928.23
36.70 276928.23
36.80 276928.23
36.90 276928.23
37.00 276928.23
37.10 309337.97
37.20 309337.97
37.30 309337.97
37.40 309337.97
37.50 309337.97
37.60 309337.97
37.70 309337.97
37.80 309337.97
37.90 309337.97
38.00 309337.97
38.10 254264.02
38.20 254264.02
38.30 254264.02
38.40 254264.02
38.50 254264.02
38.60 254264.02
38.70 254264.02
38.80 254264.02
38.90 254264.02
39.00 254264.02
39.10 253417.09
39.20 253417.09
39.30 253417.09
39.40 253417.09
39.50 253417.09
39.60 253417.09
39.70 253417.09
39.80 253417.09
39.90 253417.09
40.00 253417.09
40.10 297619.97
40.20 297619.97
40.30 297619.97
40.40 297619.97
40.50 297619.97
40.60 297619.97
40.70 297619.97
40.80 297619.97
40.90 297619.97
41.00 297619.97
41.10 266853.63
41.20 266853.63
41.30 266853.63
41.40 266853.63
41.50 266853.63
41.60 266853.63
41.70 266853.63
41.80 266853.63
41.90 266853.63
42.00 266853.63
42.10 159478.63
42.20 159478.63
42.30 159478.63
42.40 159478.63
42.50 159478.63
42.60 159478.63
42.70 159478.63
42.80 159478.63
42.90 159478.63
43.00 159478.63
43.10 103071.75
43.20 103071.75
43.30 103071.75
43.40 103071.75
43.50 103071.75
43.60 103071.75
43.70 103071.75
43.80 103071.75
43.90 103071.75
44.00 103071.75
44.10 79656.25
44.20 79656.25
44.30 79656.25
44.40 79656.25
44.50 79656.25
44.60 79656.25
44.70 79656.25
44.80 79656.25
44.90 79656.25
45.00 79656.25
45.10 46484.50
45.20 46484.50
45.30 46484.50
45.40 46484.50
45.50 46484.50
45.60 46484.50
45.70 46484.50
45.80 46484.50
45.90 46484.50
46.00 46484.50
46.10 46197.60
46.20 46197.60
46.30 46197.60
46.40 46197.60
46.50 46197.60
46.60 46197.60
46.70 46197.60
46.80 46197.60
46.90 46197.60
47.00 46197.60
47.10 171246.93
47.20 171246.93
47.30 171246.93
47.40 171246.93
47.50 171246.93
47.60 171246.93
47.70 171246.93
47.80 171246.93
47.90 171246.93
48.00 171246.93
48.10 158419.40
48.20 158419.40
48.30 158419.40
48.40 158419.40
48.50 158419.40
48.60 158419.40
48.70 158419.40
48.80 158419.40
48.90 158419.40
49.00 158419.40
49.10 116965.89
49.20 116965.89
49.30 116965.89
49.40 116965.89
49.50 116965.89
49.60 116965.89
49.70 116965.89
49.80 116965.89
49.90 116965.89
50.00 116965.89
50.10 44843.48
50.20 44843.48
50.30 44843.48
50.40 44843.48
50.50 44843.48
50.60 44843.48
50.70 44843.48
50.80 44843.48
50.90 44843.48
51.00 44843.48
51.10 71580.70
51.20 71580.70
51.30 71580.70
51.40 71580.70
51.50 71580.70
51.60 71580.70
51.70 71580.70
51.80 71580.70
51.90 71580.70
52.00 71580.70
52.10 25989.18
52.20 25989.18
52.30 25989.18
52.40 25989.18
52.50 25989.18
52.60 25989.18
52.70 25989.18
52.80 25989.18
52.90 25989.18
53.00 25989.18
53.10 54448.52
53.20 54448.52
53.30 54448.52
53.40 54448.52
53.50 54448.52
53.60 54448.52
53.70 54448.52
53.80 54448.52
53.90 54448.52
54.00 54448.52
54.10 220039.46
54.20 220039.46
54.30 220039.46
54.40 220039.46
54.50 220039.46
54.60 220039.46
54.70 220039.46
54.80 220039.46
54.90 220039.46
55.00 220039.46
55.10 211781.52
55.20 211781.52
55.30 211781.52
55.40 211781.52
55.50 211781.52
55.60 211781.52
55.70 211781.52
55.80 211781.52
55.90 211781.52
56.00 211781.52
56.10 180317.92
56.20 180317.92
56.30 180317.92
56.40 180317.92
56.50 180317.92
56.60 180317.92
56.70 180317.92
56.80 180317.92
56.90 180317.92
57.00 180317.92
57.10 308308.78
57.20 308308.78
57.30 308308.78
57.40 308308.78
57.50 308308.78
57.60 308308.78
57.70 308308.78
57.80 308308.78
57.90 308308.78
58.00 308308.78
58.10 182864.57
58.20 182864.57
58.30 182864.57
58.40 182864.57
58.50 182864.57
58.60 182864.57
58.70 182864.57
58.80 182864.57
58.90 182864.57
59.00 182864.57
59.10 254949.06
59.20 254949.06
59.30 254949.06
59.40 254949.06
59.50 254949.06
59.60 254949.06
59.70 254949.06
59.80 254949.06
59.90 254949.06
60.00 254949.06
