2
4
6
8
10
12
14
16
18
20
22
24
26
28
30
32
34
36
38
40
42
44
46
48
51
53
55
57
59
61
63
65
67
69
71
73
75
77
79
81
83
85
87
89
91
93
95
97
100
102
104
106
108
111
113
115
117
120
122
124
126
128
131
133
135
137
140
142
144
146
148
151
153
155
157
160
162
164
166
168
171
173
175
177
180
182
184
186
188
191
193
195
197
200
202
204
206
208
210
212
215
217
219
221
223
225
228
230
232
234
236
238
240
243
245
247
249
251
253
256
258
260
262
264
266
269
271
273
275
277
279
281
284
286
288
290
292
294
297
299
301
303
305
307
310
313
316
320
323
327
330
334
337
341
344
347
351
354
358
361
365
368
372
375
378
382
385
389
392
396
399
403
406
410
412
415
418
421
424
427
430
433
436
439
442
445
448
451
454
457
460
463
466
469
472
475
478
481
484
487
490
493
496
499
502
505
508
511
514
517
520
522
524
527
529
531
534
536
538
541
543
545
548
550
552
555
557
559
562
564
566
569
571
573
576
578
580
583
585
587
590
592
594
597
599
601
604
606
608
611
613
615
618
620
622
625
627
630
633
636
639
642
645
648
651
654
657
660
663
666
669
672
675
678
681
684
687
690
693
696
699
702
705
708
711
714
717
720
723
726
729
732
735
738
741
744
747
750
752
754
757
759
762
764
767
769
772
774
776
779
781
784
786
789
791
794
796
798
801
803
806
808
811
813
816
818
820
823
825
828
830
833
835
838
840
842
845
847
850
852
855
857
860
862
865
867
870
872
875
877
880
882
885
887
890
892
895
897
900
902
905
907
909
912
915
917
919
922
924
927
929
932
934
937
940
942
945
947
950
952
955
957
960
965
970
975
980
985
990
995
1000
1004
1010
1015
1020
1025
1030
1035
1040
1045
1050
1055
1060
1065
1070
1076
1082
1088
1095
1101
1107
1113
1120
1126
1132
1138
1145
1151
1157
1163
1170
1173
1176
1179
1182
1185
1188
1192
1195
1198
1201
1204
1207
1210
1214
1217
1220
1223
1226
1229
1232
1236
1239
1242
1245
1248
1251
1254
1258
1261
1264
1267
1270
1273
1276
1280
1283
1286
1290
1293
1297
1300
1304
1307
1311
1314
1317
1321
1324
1328
1331
1335
1338
1342
1345
1348
1352
1355
1359
1362
1366
1369
1373
1376
1380
1383
1386
1389
1392
1395
1398
1402
1405
1408
1411
1414
1417
1420
1424
1427
1430
1433
1436
1439
1442
1446
1449
1452
1455
1458
1461
1464
1468
1471
1474
1477
1480
1483
1486
1490
1494
1498
1503
1507
1512
1516
1520
1525
1529
1534
1538
1542
1547
1551
1556
1560
1564
1569
1573
1578
1582
1586
1591
1595
1600
1603
1606
1609
1612
1615
1618
1621
1624
1627
1630
1633
1636
1639
1642
1645
1648
1651
1654
1657
1660
1663
1666
1669
1672
1675
1678
1681
1684
1687
1690
1693
1696
1700
1703
1707
1710
1714
1717
1721
1724
1728
1731
1735
1739
1742
1746
1749
1753
1756
1760
1763
1767
1770
1774
1778
1781
1785
1788
1792
1795
1799
1802
1806
1810
1813
1816
1819
1822
1825
1828
1831
1834
1837
1840
1843
1846
1849
1852
1855
1858
1861
1864
1867
1870
1873
1876
1879
1882
1885
1888
1891
1894
1897
1900
1903
1906
1910
1913
1916
1920
1923
1926
1930
1933
1936
1940
1943
1946
1950
1953
1956
1960
1963
1966
1970
1973
1976
1980
1983
1986
1990
1993
1996
2000
2003
2006
2009
2013
2016
2020
2023
2026
2030
2033
2037
2040
2044
2047
2050
2054
2057
2061
2064
2068
2071
2075
2078
2081
2085
2088
2092
2095
2099
2102
2105
2109
2112
2116
2119
2123
2126
2130
2132
2135
2138
2141
2144
2147
2150
2153
2156
2159
2162
2165
2168
2171
2174
2177
2180
2183
2186
2189
2192
2195
2198
2201
2204
2207
2210
2213
2216
2219
2222
2225
2228
2231
2234
2237
2240
2242
2244
2246
2248
2251
2253
2255
2257
2260
2262
2264
2266
2269
2271
2273
2275
2278
2280
2282
2284
2287
2289
2291
2293
2296
2298
2300
2302
2305
2307
2309
2311
2314
2316
2318
2320
2323
2325
2327
2329
2332
2334
2336
2338
2341
2343
2345
2347
2350
2352
2355
2357
2360
2362
2365
2367
2370
2373
2375
2378
2380
2383
2385
2388
2391
2393
2396
2398
2401
2403
2406
2408
2411
2414
2416
2419
2421
2424
2426
2429
2432
2434
2437
2439
2442
2444
2447
2450
2453
2456
2459
2462
2465
2468
2471
2474
2477
2480
2483
2486
2489
2492
2495
2498
2501
2505
2508
2511
2514
2517
2520
2523
2526
2529
2532
2535
2538
2541
2544
2547
2550
2553
2556
2560
2562
2564
2566
2569
2571
2573
2576
2578
2580
2583
2585
2587
2590
2592
2594
2597
2599
2601
2604
2606
2608
2611
2613
2615
2618
2620
2622
2625
2627
2629
2632
2634
2636
2639
2641
2643
2646
2648
2650
2653
2655
2657
2660
2664
2668
2672
2676
2681
2685
2689
2693
2698
2702
2706
2710
2715
2719
2723
2727
2731
2736
2740
2744
2748
2753
2757
2761
2765
2770
2774
2778
2783
2787
2792
2796
2800
2805
2809
2814
2818
2822
2827
2831
2836
2840
2844
2849
2853
2858
2862
2866
2871
2875
2880
2885
2890
2895
2900
2906
2911
2916
2921
2927
2932
2937
2942
2948
2953
2958
2963
2969
2974
2979
2984
2990
2993
2996
2999
3002
3006
3009
3012
3015
3019
3022
3025
3028
3032
3035
3038
3041
3045
3048
3051
3054
3057
3061
3064
3067
3070
3074
3077
3080
3083
3087
3090
3093
3096
3100
3103
3107
3111
3114
3118
3122
3125
3129
3133
3137
3140
3144
3148
3151
3155
3159
3162
3166
3170
3174
3177
3181
3185
3188
3192
3196
3200
3203
3206
3209
3212
3216
3219
3222
3225
3229
3232
3235
3238
3242
3245
3248
3251
3255
3258
3261
3264
3267
3271
3274
3277
3280
3284
3287
3290
3293
3297
3300
3303
3306
3310
3313
3317
3321
3324
3328
3332
3335
3339
3343
3347
3350
3354
3358
3361
3365
3369
3372
3376
3380
3384
3387
3391
3395
3398
3402
3406
3410
3412
3415
3418
3421
3424
3426
3429
3432
3435
3438
3441
3443
3446
3449
3452
3455
3457
3460
3463
3466
3469
3472
3474
3477
3480
3483
3486
3488
3491
3494
3497
3500
3503
3505
3508
3511
3514
3517
3520
3522
3524
3527
3529
3532
3534
3537
3539
3542
3544
3546
3549
3551
3554
3556
3559
3561
3564
3566
3568
3571
3573
3576
3578
3581
3583
3586
3588
3590
3593
3595
3598
3600
3603
3605
3608
3610
3612
3615
3617
3620
3622
3625
3627
3630
3631
3633
3635
3637
3638
3640
3642
3644
3645
3647
3649
3651
3653
3654
3656
3658
3660
3661
3663
3665
3667
3669
3670
3672
3674
3676
3677
3679
3681
3683
3685
3686
3688
3690
3692
3693
3695
3697
3699
3700
3702
3704
3706
3708
3709
3711
3713
3715
3716
3718
3720
3722
3724
3725
3727
3729
3731
3732
3734
3736
3738
3740
3742
3744
3746
3748
3750
3752
3755
3757
3759
3761
3763
3765
3768
3770
3772
3774
3776
3778
3780
3783
3785
3787
3789
3791
3793
3796
3798
3800
3802
3804
3806
3809
3811
3813
3815
3817
3819
3821
3824
3826
3828
3830
3832
3834
3837
3839
3841
3843
3845
3847
3850
3851
3853
3854
3856
3857
3859
3860
3862
3864
3865
3867
3868
3870
3871
3873
3875
3876
3878
3879
3881
3882
3884
3885
3887
3889
3890
3892
3893
3895
3896
3898
3900
3901
3903
3904
3906
3907
3909
3910
3912
3914
3915
3917
3918
3920
3921
3923
3925
3926
3928
3929
3931
3932
3934
3935
3937
3939
3940
3942
3943
3945
3946
3948
3950
3951
3953
3955
3957
3959
3961
3963
3965
3967
3968
3970
3972
3974
3976
3978
3980
3982
3984
3986
3987
3989
3991
3993
3995
3997
3999
4001
4003
4005
4006
4008
4010
4012
4014
4016
4018
4020
4022
4023
4025
4027
4029
4031
4033
4035
4037
4039
4041
4042
4044
4046
4048
4050
4052
4054
4056
4058
4059
4062
4064
4066
4068
4070
4073
4075
4077
4079
4081
4083
4086
4088
4090
4092
4094
4096
4099
4101
4103
4105
4107
4109
4112
4114
4116
4118
4120
4123
4125
4127
4129
4131
4133
4136
4138
4140
4142
4144
4146
4149
4151
4153
4155
4157
4160
4162
4164
4166
4168
4170
4172
4174
4176
4179
4181
4183
4185
4187
4189
4191
4193
4195
4198
4200
4202
4204
4206
4208
4210
4212
4215
4217
4219
4221
4223
4225
4227
4229
4231
4234
4236
4238
4240
4242
4244
4246
4248
4250
4253
4255
4257
4259
4261
4263
4265
4267
4270
4273
4276
4279
4282
4285
4288
4291
4294
4297
4300
4303
4306
4309
4312
4315
4318
4321
4324
4328
4331
4334
4337
4340
4343
4346
4349
4352
4355
4358
4361
4364
4367
4370
4373
4376
4380
4383
4386
4389
4392
4396
4399
4402
4405
4409
4412
4415
4418
4422
4425
4428
4431
4435
4438
4441
4444
4447
4451
4454
4457
4460
4464
4467
4470
4473
4477
4480
4483
4486
4490
4492
4494
4496
4498
4500
4502
4505
4507
4509
4511
4513
4515
4518
4520
4522
4524
4526
4528
4530
4533
4535
4537
4539
4541
4543
4546
4548
4550
4552
4554
4556
4559
4561
4563
4565
4567
4569
4571
4574
4576
4578
4580
4582
4584
4587
4589
4591
4593
4595
4597
4600
4602
4605
4607
4610
4612
4615
4617
4620
4623
4625
4628
4630
4633
4635
4638
4641
4643
4646
4648
4651
4653
4656
4658
4661
4664
4666
4669
4671
4674
4676
4679
4682
4684
4687
4689
4692
4694
4697
4700
4702
4704
4707
4709
4711
4714
4716
4718
4721
4723
4725
4728
4730
4732
4735
4737
4739
4742
4744
4746
4749
4751
4753
4756
4758
4760
4763
4765
4767
4770
4772
4774
4777
4779
4781
4784
4786
4788
4791
4793
4795
4798
4800
4802
4805
4807
4810
4812
4814
4817
4819
4822
4824
4827
4829
4831
4834
4836
4839
4841
4844
4846
4849
4851
4853
4856
4858
4861
4863
4866
4868
4870
4873
4875
4878
4880
4883
4885
4888
4890
4892
4895
4897
4900
4902
4905
4907
4910
4911
4913
4914
4916
4917
4919
4920
4922
4923
4925
4926
4928
4929
4931
4932
4934
4935
4937
4939
4940
4942
4943
4945
4946
4948
4949
4951
4952
4954
4955
4957
4958
4960
4961
4963
4965
4966
4968
4969
4971
4972
4974
4975
4977
4978
4980
4981
4983
4984
4986
4987
4989
4990
4992
4994
4995
4997
4998
5000
5001
5003
5004
5006
5007
5009
5010
5012
5013
5015
5016
5018
5020
5022
5024
5026
5029
5031
5033
5036
5038
5040
5042
5045
5047
5049
5052
5054
5056
5058
5061
5063
5065
5068
5070
5072
5074
5077
5079
5081
5084
5086
5088
5091
5093
5095
5097
5100
5102
5104
5107
5109
5111
5113
5116
5118
5120
5123
5125
5127
5130
5132
5134
5136
5138
5140
5143
5145
5147
5149
5151
5154
5156
5158
5160
5162
5164
5167
5169
5171
5173
5175
5178
5180
5182
5184
5186
5188
5191
5193
5195
5197
5199
5202
5204
5206
5208
5210
5212
5215
5217
5219
5221
5223
5226
5228
5230
5232
5234
5236
5239
5241
5243
5245
5247
5250
5252
5254
5256
5258
5261
5263
5265
5267
5269
5272
5274
5276
5278
5280
5283
5285
5287
5289
5291
5294
5296
5298
5300
5302
5305
5307
5309
5311
5313
5316
5318
5320
5322
5324
5327
5329
5331
5333
5335
5338
5340
5342
5344
5346
5349
5351
5353
5355
5357
5360
5362
5364
5366
5369
5371
5373
5375
5378
5380
5382
5385
5387
5389
5391
5394
5396
5398
5400
5403
5405
5407
5410
5412
5414
5416
5419
5421
5423
5425
5428
5430
5432
5435
5437
5439
5441
5444
5446
5448
5450
5453
5455
5457
5460
5463
5466
5469
5472
5475
5478
5481
5484
5487
5490
5493
5496
5499
5502
5505
5508
5511
5515
5518
5521
5524
5527
5530
5533
5536
5539
5542
5545
5548
5551
5554
5557
5560
5563
5566
5570
5573
5576
5579
5582
5586
5589
5592
5595
5599
5602
5605
5608
5611
5615
5618
5621
5624
5628
5631
5634
5637
5640
5644
5647
5650
5653
5657
5660
5663
5666
5670
5672
5674
5676
5678
5681
5683
5685
5687
5689
5692
5694
5696
5698
5700
5703
5705
5707
5709
5711
5714
5716
5718
5720
5722
5725
5727
5729
5731
5733
5736
5738
5740
5742
5744
5747
5749
5751
5753
5755
5758
5760
5762
5764
5766
5769
5771
5773
5775
5777
5780
5784
5788
5792
5796
5800
5804
5808
5812
5816
5820
5824
5828
5832
5836
5840
5844
5848
5852
5856
5860
5864
5868
5872
5876
5880
5883
5886
5890
5893
5897
5900
5904
5907
5910
5914
5917
5921
5924
5928
5931
5935
5938
5941
5945
5948
5952
5955
5959
5962
5965
5969
5972
5976
5979
5983
5986
5990
5993
5997
6001
6005
6009
6013
6017
6021
6025
6029
6033
6037
6041
6045
6048
6052
6056
6060
6064
6068
6072
6076
6080
6084
6088
6092
6096
6100
6103
6106
6109
6112
6116
6119
6122
6125
6129
6132
6135
6138
6141
6145
6148
6151
6154
6158
6161
6164
6167
6170
6174
6177
6180
6183
6187
6190
6193
6196
6200
6203
6207
6210
6214
6218
6221
6225
6229
6232
6236
6240
6243
6247
6250
6254
6258
6261
6265
6269
6272
6276
6280
6283
6287
6290
6294
6298
6301
6305
6309
6312
6316
6320
6322
6325
6328
6331
6334
6337
6340
6342
6345
6348
6351
6354
6357
6360
6362
6365
6368
6371
6374
6377
6380
6382
6385
6388
6391
6394
6397
6400
6402
6405
6408
6411
6414
6417
6420
6422
6425
6428
6431
6434
6436
6439
6442
6445
6448
6451
6453
6456
6459
6462
6465
6467
6470
6473
6476
6479
6482
6484
6487
6490
6493
6496
6498
6501
6504
6507
6510
6513
6515
6518
6521
6524
6527
6530
6533
6536
6540
6543
6546
6550
6553
6556
6560
6563
6566
6570
6573
6576
6580
6583
6586
6590
6593
6596
6600
6603
6606
6609
6613
6616
6620
6623
6626
6630
6633
6636
6640
6642
6645
6648
6650
6653
6656
6658
6661
6664
6666
6669
6672
6674
6677
6680
6682
6685
6688
6690
6693
6696
6699
6701
6704
6707
6709
6712
6715
6717
6720
6723
6725
6728
6731
6733
6736
6739
6741
6744
6747
6750
6753
6756
6759
6762
6766
6769
6772
6775
6779
6782
6785
6788
6792
6795
6798
6801
6805
6808
6811
6814
6817
6821
6824
6827
6830
6834
6837
6840
6843
6847
6850
6853
6856
6860
6862
6865
6867
6870
6872
6875
6877
6880
6883
6885
6888
6890
6893
6895
6898
6901
6903
6906
6908
6911
6913
6916
6918
6921
6924
6926
6929
6931
6934
6936
6939
6942
6944
6947
6949
6952
6954
6957
6960
6962
6965
6968
6971
6974
6977
6980
6983
6986
6989
6992
6995
6998
7001
7004
7007
7010
7013
7016
7019
7022
7025
7028
7031
7034
7037
7040
7043
7046
7049
7052
7055
7058
7061
7064
7067
7070
7072
7075
7077
7080
7082
7085
7087
7090
7093
7095
7098
7100
7103
7105
7108
7111
7113
7116
7118
7121
7123
7126
7128
7131
7134
7136
7139
7141
7144
7146
7149
7152
7154
7157
7159
7162
7164
7167
7170
7172
7175
7177
7180
7183
7185
7188
7190
7193
7196
7198
7201
7204
7206
7209
7211
7214
7217
7219
7222
7225
7227
7230
7232
7235
7238
7240
7243
7245
7248
7251
7253
7256
7259
7261
7264
7266
7269
7272
7274
7277
7280
7282
7284
7286
7289
7291
7293
7295
7298
7300
7302
7305
7307
7309
7311
7314
7316
7318
7320
7323
7325
7327
7330
7332
7334
7336
7339
7341
7343
7345
7348
7350
7352
7355
7357
7359
7361
7364
7366
7368
7370
7373
7375
7377
7380
7382
7385
7388
7391
7394
7397
7400
7403
7406
7408
7411
7414
7417
7420
7423
7426
7429
7432
7435
7437
7440
7443
7446
7449
7452
7455
7458
7461
7463
7466
7469
7472
7475
7478
7481
7484
7487
7490
7492
7495
7498
7501
7503
7506
7509
7512
7515
7517
7520
7523
7526
7529
7531
7534
7537
7540
7543
7545
7548
7551
7554
7556
7559
7562
7565
7568
7570
7573
7576
7579
7582
7584
7587
7590
7593
7596
7598
7601
7604
7607
7610
7612
7614
7616
7619
7621
7623
7625
7628
7630
7632
7635
7637
7639
7641
7644
7646
7648
7650
7653
7655
7657
7660
7662
7664
7666
7669
7671
7673
7675
7678
7680
7682
7685
7687
7689
7691
7694
7696
7698
7700
7703
7705
7707
7710
7712
7715
7717
7720
7722
7725
7727
7730
7733
7735
7738
7740
7743
7745
7748
7750
7753
7756
7758
7761
7763
7766
7768
7771
7773
7776
7779
7781
7784
7786
7789
7791
7794
7796
7799
7802
7804
7807
7809
7812
7814
7817
7820
7822
7825
7828
7831
7834
7837
7840
7842
7845
7848
7851
7854
7857
7860
7862
7865
7868
7871
7874
7877
7880
7882
7885
7888
7891
7894
7897
7900
7902
7905
7908
7911
7914
7917
7920
7922
7925
7927
7930
7933
7935
7938
7940
7943
7946
7948
7951
7954
7956
7959
7961
7964
7967
7969
7972
7975
7977
7980
7982
7985
7988
7990
7993
7995
7998
8001
8003
8006
8009
8011
8014
8016
8019
8022
8024
8027
8029
8033
8036
8039
8042
8045
8048
8051
8055
8058
8061
8064
8067
8070
8073
8076
8080
8083
8086
8089
8092
8095
8098
8101
8105
8108
8111
8114
8117
8120
8123
8126
8130
8132
8135
8138
8141
8144
8147
8150
8153
8156
8159
8162
8165
8168
8171
8174
8177
8180
8183
8186
8189
8192
8195
8198
8201
8204
8207
8210
8213
8216
8219
8222
8225
8228
8231
8234
8237
8240
8242
8245
8248
8251
8254
8257
8260
8263
8266
8269
8272
8275
8278
8281
8284
8287
8290
8293
8296
8299
8302
8305
8308
8311
8314
8317
8320
8323
8326
8329
8332
8335
8338
8341
8344
8347
8350
8353
8356
8360
8363
8366
8370
8373
8376
8379
8383
8386
8389
8393
8396
8399
8403
8406
8410
8413
8416
8420
8423
8426
8430
8433
8436
8440
8443
8446
8450
8452
8455
8458
8460
8463
8466
8468
8471
8474
8476
8479
8482
8484
8487
8490
8492
8495
8498
8500
8503
8506
8509
8511
8514
8517
8519
8522
8525
8527
8530
8533
8535
8538
8541
8543
8546
8549
8551
8554
8557
8560
8562
8565
8567
8570
8572
8575
8577
8580
8582
8585
8587
8590
8592
8595
8597
8600
8602
8605
8607
8610
8612
8615
8617
8620
8622
8625
8627
8630
8632
8635
8637
8640
8642
8645
8647
8650
8652
8655
8657
8660
8663
8666
8669
8672
8675
8678
8681
8684
8687
8690
8693
8696
8699
8702
8705
8708
8711
8715
8718
8721
8724
8727
8730
8733
8736
8739
8742
8745
8748
8751
8754
8757
8760
8763
8766
8770
8772
8775
8778
8780
8783
8786
8788
8791
8794
8796
8799
8802
8804
8807
8810
8812
8815
8818
8820
8823
8826
8829
8831
8834
8837
8839
8842
8845
8847
8850
8853
8855
8858
8861
8863
8866
8869
8871
8874
8877
8880
8883
8886
8889
8892
8895
8898
8901
8904
8907
8910
8913
8916
8919
8922
8925
8928
8931
8935
8938
8941
8944
8947
8950
8953
8956
8959
8962
8965
8968
8971
8974
8977
8980
8983
8986
8990
8993
8997
9001
9004
9008
9012
9015
9019
9023
9026
9030
9034
9037
9041
9045
9048
9052
9056
9059
9063
9067
9070
9074
9078
9081
9085
9089
9092
9096
9100
9103
9107
9111
9115
9119
9123
9126
9130
9134
9138
9142
9146
9149
9153
9157
9161
9165
9169
9173
9176
9180
9184
9188
9192
9196
9200
9203
9207
9211
9215
9219
9223
9227
9231
9235
9239
9243
9247
9251
9254
9258
9262
9266
9270
9274
9278
9282
9286
9290
9294
9298
9302
9306
9310
9312
9314
9317
9319
9321
9324
9326
9329
9331
9333
9336
9338
9340
9343
9345
9348
9350
9352
9355
9357
9360
9362
9364
9367
9369
9371
9374
9376
9379
9381
9383
9386
9388
9390
9393
9395
9398
9400
9402
9405
9407
9410
9411
9413
9415
9417
9419
9421
9423
9425
9427
9429
9431
9433
9435
9437
9438
9440
9442
9444
9446
9448
9450
9452
9454
9456
9458
9460
9462
9464
9465
9467
9469
9471
9473
9475
9477
9479
9481
9483
9485
9487
9489
9491
9492
9494
9496
9498
9500
9502
9504
9506
9508
9510
9512
9514
9516
9518
9520
9522
9525
9528
9530
9533
9536
9538
9541
9544
9546
9549
9552
9554
9557
9560
9562
9565
9568
9570
9573
9576
9579
9581
9584
9587
9589
9592
9595
9597
9600
9603
9605
9608
9611
9613
9616
9619
9621
9624
9627
9630
9632
9635
9637
9640
9642
9645
9647
9650
9652
9655
9657
9660
9662
9665
9667
9670
9672
9675
9677
9680
9682
9685
9687
9690
9692
9695
9697
9700
9702
9705
9707
9710
9712
9715
9717
9720
9722
9725
9727
9730
9732
9735
9737
9740
9742
9744
9747
9749
9751
9754
9756
9759
9761
9763
9766
9768
9771
9773
9775
9778
9780
9783
9785
9787
9790
9792
9795
9797
9799
9802
9804
9806
9809
9811
9814
9816
9818
9821
9823
9826
9828
9830
9833
9835
9838
9840
9842
9845
9847
9850
9852
9854
9857
9859
9862
9864
9867
9869
9871
9874
9876
9879
9881
9884
9886
9889
9891
9893
9896
9898
9901
9903
9906
9908
9910
9913
9915
9918
9920
9923
9925
9928
9930
9932
9935
9937
9940
9942
9945
9947
9950
9952
9954
9957
9959
9961
9964
9966
9969
9971
9973
9976
9978
9981
9983
9985
9988
9990
9993
9995
9997
10000
10002
10004
10007
10009
10012
10014
10016
10019
10021
10024
10026
10028
10031
10033
10036
10038
10040
10043
10045
10048
10050
10052
10055
10057
10060
10063
10066
10070
10073
10076
10080
10083
10086
10090
10093
10096
10100
10103
10106
10110
10113
10116
10120
10123
10126
10130
10133
10136
10140
10143
10146
10150
10153
10156
10160
10162
10165
10168
10171
10174
10177
10180
10183
10186
10188
10191
10194
10197
10200
10203
10206
10209
10212
10215
10217
10220
10223
10226
10229
10232
10235
10238
10241
10243
10246
10249
10252
10255
10258
10261
10264
10267
10270
10272
10275
10277
10280
10282
10285
10287
10290
10293
10295
10298
10300
10303
10305
10308
10310
10313
10316
10318
10321
10323
10326
10328
10331
10333
10336
10339
10341
10344
10346
10349
10351
10354
10356
10359
10362
10364
10367
10369
10372
10374
10377
10380
10383
10387
10391
10394
10398
10402
10405
10409
10413
10416
10420
10424
10427
10431
10435
10438
10442
10446
10449
10453
10457
10460
10464
10468
10471
10475
10479
10482
10486
10490
10492
10495
10498
10500
10503
10506
10508
10511
10514
10516
10519
10522
10524
10527
10530
10532
10535
10538
10540
10543
10546
10549
10551
10554
10557
10559
10562
10565
10567
10570
10573
10575
10578
10581
10583
10586
10589
10591
10594
10597
10600
10602
10605
10607
10610
10612
10615
10617
10620
10623
10625
10628
10630
10633
10635
10638
10641
10643
10646
10648
10651
10653
10656
10658
10661
10664
10666
10669
10671
10674
10676
10679
10682
10684
10687
10689
10692
10694
10697
10700
10702
10705
10707
10710
10712
10715
10717
10720
10723
10725
10728
10730
10733
10735
10738
10740
10743
10746
10748
10751
10753
10756
10758
10761
10763
10766
10769
10771
10774
10776
10779
10781
10784
10786
10789
10792
10794
10797
10799
10802
10804
10807
10810
10812
10814
10816
10818
10820
10822
10824
10826
10828
10830
10832
10834
10836
10838
10840
10842
10844
10846
10848
10850
10852
10854
10856
10858
10861
10863
10865
10867
10869
10871
10873
10875
10877
10879
10881
10883
10885
10887
10889
10891
10893
10895
10897
10899
10901
10903
10905
10907
10910
10912
10914
10916
10918
10921
10923
10925
10927
10929
10932
10934
10936
10938
10940
10943
10945
10947
10949
10951
10954
10956
10958
10960
10962
10965
10967
10969
10971
10973
10976
10978
10980
10982
10984
10987
10989
10991
10993
10995
10998
11000
11002
11004
11006
11009
11011
11013
11015
11017
11020
11022
11024
11026
11028
11030
11033
11035
11037
11039
11042
11044
11046
11048
11050
11053
11055
11057
11059
11061
11064
11066
11068
11070
11072
11075
11077
11079
11081
11083
11086
11088
11090
11092
11094
11097
11099
11101
11103
11105
11108
11110
11112
11114
11116
11119
11121
11123
11125
11127
11130
11131
11133
11135
11136
11138
11140
11141
11143
11145
11146
11148
11150
11152
11153
11155
11157
11158
11160
11162
11163
11165
11167
11168
11170
11172
11174
11175
11177
11179
11180
11182
11184
11185
11187
11189
11190
11192
11194
11196
11197
11199
11201
11202
11204
11206
11207
11209
11211
11212
11214
11216
11218
11219
11221
11223
11224
11226
11228
11229
11231
11233
11234
11236
11238
11240
11242
11244
11246
11248
11250
11252
11254
11256
11258
11260
11262
11264
11266
11268
11270
11272
11274
11276
11278
11280
11282
11284
11286
11288
11290
11292
11294
11296
11298
11300
11302
11304
11306
11308
11310
11312
11314
11315
11318
11320
11322
11324
11326
11328
11330
11331
11334
11336
11338
11340
11342
11344
11346
11347
11350
11351
11353
11355
11357
11358
11360
11362
11364
11365
11367
11369
11371
11373
11374
11376
11378
11380
11381
11383
11385
11387
11389
11390
11392
11394
11396
11397
11399
11401
11403
11405
11406
11408
11410
11412
11413
11415
11417
11419
11420
11422
11424
11426
11428
11429
11431
11433
11435
11436
11438
11440
11442
11444
11445
11447
11449
11451
11452
11454
11456
11458
11460
11461
11463
11465
11466
11468
11470
11472
11473
11475
11477
11478
11480
11482
11484
11485
11487
11489
11490
11492
11494
11496
11497
11499
11501
11502
11504
11506
11508
11509
11511
11513
11515
11516
11518
11520
11521
11523
11525
11527
11528
11530
11532
11533
11535
11537
11539
11540
11542
11544
11545
11547
11549
11551
11552
11554
11556
11557
11559
11561
11563
11564
11566
11568
11570
11571
11573
11575
11577
11579
11581
11583
11585
11586
11588
11590
11592
11594
11596
11598
11600
11602
11603
11605
11607
11609
11611
11613
11615
11617
11619
11620
11622
11624
11626
11628
11630
11632
11634
11636
11637
11639
11641
11643
11645
11647
11649
11651
11653
11654
11656
11658
11660
11662
11664
11666
11668
11670
11671
11673
11675
11677
11679
11681
11683
11685
11687
11689
11691
11693
11695
11697
11699
11701
11703
11705
11707
11709
11711
11713
11715
11717
11719
11721
11723
11725
11727
11729
11730
11732
11734
11736
11738
11740
11742
11744
11746
11748
11750
11752
11754
11756
11758
11760
11762
11764
11766
11768
11770
11772
11774
11776
11778
11780
11782
11784
11786
11788
11790
11791
11793
11795
11797
11798
11800
11802
11804
11805
11807
11809
11811
11812
11814
11816
11818
11819
11821
11823
11825
11826
11828
11830
11832
11833
11835
11837
11839
11840
11842
11844
11846
11847
11849
11851
11853
11854
11856
11858
11860
11861
11863
11865
11867
11868
11870
11872
11874
11875
11877
11879
11881
11882
11884
11886
11888
11890
11891
11893
11895
11896
11898
11900
11901
11903
11905
11906
11908
11910
11911
11913
11915
11916
11918
11920
11921
11923
11925
11926
11928
11930
11931
11933
11935
11936
11938
11940
11941
11943
11945
11946
11948
11950
11951
11953
11955
11956
11958
11960
11961
11963
11965
11966
11968
11970
11971
11973
11975
11976
11978
11980
11981
11983
11985
11986
11988
11990
11991
11993
11995
11996
11998
12000
12002
12004
12006
12008
12010
12012
12015
12017
12019
12021
12023
12025
12028
12030
12032
12034
12036
12038
12040
12043
12045
12047
12049
12051
12053
12056
12058
12060
12062
12064
12066
12069
12071
12073
12075
12077
12079
12081
12084
12086
12088
12090
12092
12094
12097
12099
12101
12103
12105
12107
12110
12112
12115
12117
12120
12123
12125
12128
12131
12133
12136
12138
12141
12144
12146
12149
12152
12154
12157
12160
12162
12165
12167
12170
12173
12175
12178
12181
12183
12186
12188
12191
12194
12196
12199
12202
12204
12207
12210
12212
12214
12216
12219
12221
12223
12226
12228
12230
12232
12235
12237
12239
12242
12244
12246
12248
12251
12253
12255
12258
12260
12262
12265
12267
12269
12271
12274
12276
12278
12281
12283
12285
12287
12290
12292
12294
12297
12299
12301
12303
12306
12308
12310
12313
12315
12317
12320
12322
12324
12326
12328
12330
12332
12334
12337
12339
12341
12343
12345
12347
12349
12351
12354
12356
12358
12360
12362
12364
12366
12368
12371
12373
12375
12377
12379
12381
12383
12385
12388
12390
12392
12394
12396
12398
12400
12402
12405
12407
12409
12411
12413
12415
12417
12420
12422
12424
12426
12428
12431
12433
12435
12437
12439
12442
12444
12446
12448
12450
12453
12455
12457
12459
12461
12464
12466
12468
12470
12472
12475
12477
12479
12481
12483
12485
12488
12490
12492
12494
12497
12499
12501
12503
12505
12508
12510
12512
12514
12516
12519
12521
12523
12525
12527
12530
12532
12534
12536
12538
12540
12542
12544
12546
12548
12550
12552
12554
12556
12558
12560
12562
12564
12566
12568
12570
12572
12574
12576
12578
12580
12582
12585
12587
12589
12591
12593
12595
12597
12599
12601
12603
12605
12607
12609
12611
12613
12615
12617
12619
12621
12623
12625
12627
12629
12631
12633
12635
12637
12640
12641
12643
12645
12646
12648
12650
12651
12653
12655
12656
12658
12660
12662
12663
12665
12667
12668
12670
12672
12673
12675
12677
12678
12680
12682
12684
12685
12687
12689
12690
12692
12694
12695
12697
12699
12700
12702
12704
12706
12707
12709
12711
12712
12714
12716
12717
12719
12721
12722
12724
12726
12728
12729
12731
12733
12734
12736
12738
12739
12741
12743
12744
12746
12748
12750
12751
12753
12755
12757
12759
12761
12763
12765
12767
12769
12771
12773
12775
12777
12779
12781
12783
12785
12787
12789
12791
12793
12795
12797
12799
12801
12803
12805
12806
12808
12810
12812
12814
12816
12818
12820
12822
12824
12826
12828
12830
12832
12834
12836
12838
12840
12842
12844
12846
12848
12850
12852
12854
12856
12858
12860
12862
12865
12867
12870
12873
12875
12878
12881
12883
12886
12888
12891
12894
12896
12899
12902
12904
12907
12910
12912
12915
12917
12920
12923
12925
12928
12931
12933
12936
12938
12941
12944
12946
12949
12952
12954
12957
12960
12961
12963
12965
12967
12969
12971
12973
12975
12977
12979
12981
12983
12985
12987
12988
12990
12992
12994
12996
12998
13000
13002
13004
13006
13008
13010
13012
13014
13015
13017
13019
13021
13023
13025
13027
13029
13031
13033
13035
13037
13039
13041
13042
13044
13046
13048
13050
13052
13054
13056
13058
13060
13062
13064
13066
13068
13070
13072
13075
13078
13081
13084
13087
13090
13093
13096
13099
13102
13105
13108
13111
13114
13117
13120
13122
13125
13128
13131
13134
13137
13140
13143
13146
13149
13152
13155
13158
13161
13164
13167
13170
13172
13175
13178
13181
13184
13187
13190
13193
13196
13198
13201
13204
13207
13210
13213
13216
13219
13222
13225
13227
13230
13233
13236
13239
13242
13245
13248
13251
13253
13256
13259
13262
13265
13268
13271
13274
13277
13280
13282
13285
13288
13291
13293
13296
13299
13302
13305
13307
13310
13313
13316
13318
13321
13324
13327
13330
13332
13335
13338
13341
13343
13346
13349
13352
13355
13357
13360
13363
13366
13368
13371
13374
13377
13380
13382
13385
13388
13391
13393
13396
13399
13402
13404
13407
13410
13413
13415
13418
13421
13424
13426
13429
13432
13435
13437
13440
13443
13446
13448
13451
13454
13457
13459
13462
13465
13468
13470
13473
13476
13479
13481
13484
13487
13490
13492
13495
13497
13500
13502
13505
13507
13510
13512
13515
13517
13520
13522
13525
13527
13530
13532
13535
13537
13540
13542
13545
13547
13550
13552
13555
13557
13560
13562
13565
13567
13570
13572
13575
13577
13580
13582
13584
13587
13590
13592
13594
13597
13600
13602
13605
13608
13610
13613
13616
13618
13621
13624
13627
13629
13632
13635
13637
13640
13643
13645
13648
13651
13654
13656
13659
13662
13664
13667
13670
13672
13675
13678
13681
13683
13686
13689
13691
13694
13697
13700
13702
13704
13707
13709
13711
13714
13716
13718
13721
13723
13725
13728
13730
13732
13735
13737
13739
13742
13744
13746
13749
13751
13753
13756
13758
13760
13763
13765
13767
13770
13772
13774
13777
13779
13781
13784
13786
13788
13791
13793
13795
13798
13800
13802
13805
13807
13810
13812
13814
13816
13818
13820
13822
13825
13827
13829
13831
13833
13835
13838
13840
13842
13844
13846
13848
13850
13853
13855
13857
13859
13861
13863
13866
13868
13870
13872
13874
13876
13879
13881
13883
13885
13887
13889
13891
13894
13896
13898
13900
13902
13904
13907
13909
13911
13913
13915
13917
13920
13922
13924
13927
13929
13931
13934
13936
13939
13941
13943
13946
13948
13951
13953
13955
13958
13960
13963
13965
13967
13970
13972
13975
13977
13979
13982
13984
13986
13989
13991
13994
13996
13998
14001
14003
14006
14008
14010
14013
14015
14018
14020
14022
14025
14027
14030
14032
14034
14036
14039
14041
14043
14046
14048
14050
14052
14055
14057
14059
14062
14064
14066
14068
14071
14073
14075
14078
14080
14082
14085
14087
14089
14091
14094
14096
14098
14101
14103
14105
14107
14110
14112
14114
14117
14119
14121
14123
14126
14128
14130
14133
14135
14137
14140
14142
14145
14147
14150
14152
14155
14157
14160
14163
14165
14168
14170
14173
14175
14178
14180
14183
14186
14188
14191
14193
14196
14198
14201
14203
14206
14209
14211
14214
14216
14219
14221
14224
14226
14229
14232
14234
14237
14239
14242
14244
14247
14250
14253
14256
14259
14262
14265
14268
14271
14274
14277
14280
14283
14286
14289
14292
14295
14298
14301
14305
14308
14311
14314
14317
14320
14323
14326
14329
14332
14335
14338
14341
14344
14347
14350
14353
14356
14360
14362
14364
14366
14369
14371
14373
14376
14378
14380
14383
14385
14387
14390
14392
14394
14397
14399
14401
14404
14406
14408
14411
14413
14415
14418
14420
14422
14425
14427
14429
14432
14434
14436
14439
14441
14443
14446
14448
14450
14453
14455
14457
14460
14462
14464
14466
14469
14471
14473
14476
14478
14480
14482
14485
14487
14489
14492
14494
14496
14498
14501
14503
14505
14508
14510
14512
14515
14517
14519
14521
14524
14526
14528
14531
14533
14535
14537
14540
14542
14544
14547
14549
14551
14553
14556
14558
14560
14563
14565
14567
14570
14572
14574
14576
14578
14580
14582
14584
14586
14588
14590
14592
14594
14596
14598
14600
14602
14604
14606
14608
14610
14612
14614
14616
14618
14621
14623
14625
14627
14629
14631
14633
14635
14637
14639
14641
14643
14645
14647
14649
14651
14653
14655
14657
14659
14661
14663
14665
14667
14670
14672
14674
14677
14679
14681
14684
14686
14688
14691
14693
14695
14698
14700
14702
14705
14707
14709
14712
14714
14716
14719
14721
14723
14726
14728
14730
14733
14735
14737
14740
14742
14744
14747
14749
14751
14754
14756
14758
14761
14763
14765
14768
14770
14772
14775
14777
14780
14782
14784
14786
14788
14790
14793
14795
14797
14799
14801
14803
14806
14808
14810
14812
14814
14816
14819
14821
14823
14825
14827
14830
14832
14834
14836
14838
14840
14843
14845
14847
14849
14851
14853
14856
14858
14860
14862
14864
14866
14869
14871
14873
14875
14877
14880
14882
14884
14887
14889
14892
14894
14897
14899
14902
14904
14906
14909
14911
14914
14916
14919
14921
14924
14926
14928
14931
14933
14936
14938
14941
14943
14946
14948
14950
14953
14955
14958
14960
14963
14965
14968
14970
14972
14975
14977
14980
14982
14985
14987
14990
14993
14996
14999
15002
15005
15008
15011
15014
15017
15020
15023
15026
15029
15032
15035
15038
15041
15045
15048
15051
15054
15057
15060
15063
15066
15069
15072
15075
15078
15081
15084
15087
15090
15093
15096
15100
15103
15106
15110
15113
15116
15120
15123
15126
15129
15133
15136
15139
15143
15146
15149
15153
15156
15160
15163
15166
15170
15173
15176
15180
15183
15186
15190
15193
15196
15200
15203
15206
15209
15213
15216
15219
15223
15226
15230
15233
15236
15240
15243
15246
15250
15253
15256
15260
15263
15266
15270
15273
15276
15280
15283
15286
15290
15293
15296
15300
15303
15306
15310
15313
15316
15320
15322
15325
15328
15331
15333
15336
15339
15342
15345
15347
15350
15353
15356
15358
15361
15364
15367
15370
15372
15375
15378
15381
15383
15386
15389
15392
15395
15397
15400
15403
15406
15408
15411
15414
15417
15420
15423
15426
15430
15433
15436
15440
15443
15446
15450
15453
15456
15459
15463
15466
15469
15473
15476
15480
15483
15486
15490
15493
15496
15500
15503
15506
15510
15513
15516
15520
15523
15526
15530
15532
15535
15538
15541
15543
15546
15549
15552
15554
15557
15560
15562
15565
15568
15571
15574
15576
15579
15582
15585
15587
15590
15593
15596
15598
15601
15604
15607
15609
15612
15615
15618
15620
15623
15626
15629
15631
15634
15637
15640
15642
15645
15647
15650
15652
15655
15657
15660
15662
15665
15667
15670
15672
15675
15677
15680
15682
15685
15687
15690
15692
15695
15697
15700
15702
15705
15707
15710
15712
15715
15717
15720
15722
15725
15727
15730
15732
15735
15737
15740
15742
15745
15747
15750
15752
15755
15757
15760
15762
15765
15767
15770
15773
15775
15778
15780
15783
15785
15788
15790
15793
15796
15798
15801
15803
15806
15808
15811
15813
15816
15819
15821
15824
15826
15829
15831
15834
15836
15839
15842
15844
15847
15849
15852
15854
15857
15860
15861
15863
15865
15867
15869
15871
15873
15875
15876
15878
15880
15882
15884
15886
15888
15890
15892
15893
15895
15897
15899
15901
15903
15905
15907
15909
15910
15912
15914
15916
15918
15920
15922
15924
15926
15927
15929
15931
15933
15935
15937
15939
15941
15943
15944
15946
15948
15950
15952
15954
15956
15958
15960
15962
15965
15967
15970
15972
15975
15977
15980
15982
15985
15987
15990
15992
15995
15997
16000
16002
16004
16007
16009
16012
16015
16017
16020
16022
16024
16027
16030
16032
16035
16037
16040
16042
16044
16047
16049
16052
16055
16057
16059
16062
16064
16067
16070
16072
16075
16077
16079
16081
16083
16085
16087
16089
16091
16093
16095
16097
16099
16101
16103
16105
16107
16109
16111
16113
16115
16117
16119
16121
16123
16125
16127
16129
16130
16132
16134
16136
16138
16140
16142
16144
16146
16148
16150
16152
16154
16156
16158
16160
16162
16164
16166
16168
16170
16172
16174
16176
16178
16180
16181
16183
16185
16186
16188
16190
16192
16193
16195
16197
16198
16200
16202
16204
16205
16207
16209
16210
16212
16214
16216
16217
16219
16221
16222
16224
16226
16228
16229
16231
16233
16235
16236
16238
16240
16241
16243
16245
16247
16248
16250
16252
16253
16255
16257
16259
16260
16262
16264
16265
16267
16269
16271
16272
16274
16276
16277
16279
16281
16283
16284
16286
16288
16290
16291
16293
16295
16297
16299
16301
16302
16304
16306
16308
16310
16312
16314
16315
16317
16319
16321
16323
16325
16327
16328
16330
16332
16334
16336
16338
16340
16341
16343
16345
16347
16349
16351
16352
16354
16356
16358
16360
16362
16364
16365
16367
16369
16371
16373
16375
16377
16378
16380
16382
16384
16386
16388
16390
16392
16394
16396
16398
16400
16402
16404
16406
16408
16410
16412
16414
16416
16419
16421
16423
16425
16427
16429
16431
16433
16435
16437
16439
16441
16443
16446
16448
16450
16452
16454
16456
16458
16460
16462
16464
16466
16468
16470
16473
16475
16477
16479
16481
16483
16485
16487
16489
16491
16493
16495
16497
16500
16502
16505
16507
16510
16512
16515
16517
16520
16523
16525
16528
16530
16533
16535
16538
16540
16543
16546
16548
16551
16553
16556
16558
16561
16563
16566
16569
16571
16574
16576
16579
16581
16584
16586
16589
16592
16594
16597
16599
16602
16604
16607
16610
16613
16616
16619
16622
16625
16628
16631
16634
16637
16640
16643
16646
16649
16652
16655
16658
16661
16664
16667
16670
16673
16676
16679
16682
16685
16688
16691
16694
16697
16700
16703
16706
16710
16712
16715
16718
16721
16724
16727
16730
16733
16736
16738
16741
16744
16747
16750
16753
16756
16759
16762
16765
16767
16770
16773
16776
16779
16782
16785
16788
16791
16793
16796
16799
16802
16805
16808
16811
16814
16817
16820
16822
16825
16828
16831
16834
16837
16840
16842
16845
16848
16851
16854
16857
16860
16862
16865
16868
16871
16874
16877
16880
16882
16885
16888
16891
16894
16897
16900
16902
16905
16908
16911
16914
16917
16920
16922
16925
16928
16931
16933
16936
16939
16942
16944
16947
16950
16953
16955
16958
16961
16964
16966
16969
16972
16975
16977
16980
16983
16986
16988
16991
16994
16997
16999
17002
17005
17008
17010
17013
17016
17019
17021
17024
17027
17030
17032
17035
17038
17041
17044
17047
17050
17053
17056
17059
17062
17065
17068
17071
17074
17077
17080
17082
17085
17088
17091
17094
17097
17100
17103
17106
17109
17112
17115
17118
17121
17124
17127
17130
17133
17136
17139
17142
17146
17149
17152
17155
17159
17162
17165
17168
17172
17175
17178
17181
17185
17188
17191
17194
17198
17201
17204
17207
17211
17214
17217
17220
17224
17227
17230
17233
17237
17240
17243
17246
17250
17252
17254
17257
17259
17261
17264
17266
17269
17271
17273
17276
17278
17281
17283
17285
17288
17290
17293
17295
17297
17300
17302
17305
17307
17309
17312
17314
17316
17319
17321
17324
17326
17328
17331
17333
17336
17338
17340
17343
17345
17348
17350
17352
17355
17357
17360
17363
17366
17369
17372
17376
17379
17382
17385
17389
17392
17395
17398
17401
17405
17408
17411
17414
17418
17421
17424
17427
17430
17434
17437
17440
17443
17447
17450
17453
17456
17460
17462
17465
17467
17470
17472
17475
17477
17480
17483
17485
17488
17490
17493
17495
17498
17500
17503
17506
17508
17511
17513
17516
17518
17521
17523
17526
17529
17531
17534
17536
17539
17541
17544
17546
17549
17552
17554
17557
17559
17562
17564
17567
17570
17572
17575
17578
17581
17584
17587
17590
17592
17595
17598
17601
17604
17607
17610
17612
17615
17618
17621
17624
17627
17630
17632
17635
17638
17641
17644
17647
17650
17652
17655
17658
17661
17664
17667
17670
17672
17675
17677
17680
17682
17685
17687
17690
17693
17695
17698
17700
17703
17705
17708
17710
17713
17716
17718
17721
17723
17726
17728
17731
17733
17736
17739
17741
17744
17746
17749
17751
17754
17756
17759
17762
17764
17767
17769
17772
17774
17777
17780
17782
17785
17787
17790
17792
17795
17797
17800
17802
17805
17807
17810
17812
17815
17817
17820
17822
17825
17827
17830
17832
17835
17837
17840
17842
17845
17847
17850
17852
17855
17857
17860
17862
17865
17867
17869
17872
17875
17877
17880
17882
17885
17888
17891
17894
17897
17900
17903
17906
17909
17912
17915
17918
17921
17924
17927
17930
17933
17936
17939
17942
17945
17948
17951
17954
17957
17960
17963
17966
17969
17972
17975
17978
17981
17984
17987
17990
17993
17996
17999
18002
18005
18008
18012
18015
18018
18021
18024
18027
18030
18034
18037
18040
18043
18046
18049
18052
18056
18059
18062
18065
18068
18071
18074
18078
18081
18084
18087
18090
18093
18096
18100
18102
18105
18108
18110
18113
18116
18118
18121
18124
18127
18129
18132
18135
18137
18140
18143
18145
18148
18151
18154
18156
18159
18162
18164
18167
18170
18172
18175
18178
18181
18183
18186
18189
18191
18194
18197
18200
18202
18205
18208
18211
18214
18217
18220
18223
18226
18229
18232
18235
18238
18241
18244
18247
18250
18253
18256
18259
18262
18265
18268
18271
18274
18277
18280
18283
18286
18289
18292
18295
18298
18301
18304
18307
18310
18312
18315
18317
18320
18322
18325
18327
18330
18333
18335
18338
18340
18343
18345
18348
18350
18353
18356
18358
18361
18363
18366
18368
18371
18373
18376
18379
18381
18384
18386
18389
18391
18394
18396
18399
18402
18404
18407
18409
18412
18414
18417
18420
18422
18425
18427
18430
18433
18435
18438
18440
18443
18446
18448
18451
18454
18456
18459
18461
18464
18467
18469
18472
18475
18477
18480
18482
18485
18488
18490
18493
18495
18498
18501
18503
18506
18509
18511
18514
18516
18519
18522
18524
18527
18530
18532
18535
18538
18541
18544
18547
18550
18553
18556
18559
18562
18565
18568
18571
18574
18577
18580
18582
18585
18588
18591
18594
18597
18600
18603
18606
18609
18612
18615
18618
18621
18624
18627
18630
18632
18635
18637
18640
18643
18645
18648
18650
18653
18656
18658
18661
18664
18666
18669
18671
18674
18677
18679
18682
18685
18687
18690
18692
18695
18698
18700
18703
18705
18708
18711
18713
18716
18719
18721
18724
18726
18729
18732
18734
18737
18740
18743
18746
18749
18752
18755
18758
18762
18765
18768
18771
18774
18777
18780
18784
18787
18790
18793
18796
18799
18802
18806
18809
18812
18815
18818
18821
18824
18828
18831
18834
18837
18840
18843
18846
18850
18852
18855
18858
18861
18864
18867
18870
18873
18876
18879
18882
18885
18888
18891
18894
18897
18900
18902
18905
18908
18911
18914
18917
18920
18923
18926
18929
18932
18935
18938
18941
18944
18947
18950
18953
18956
18959
18962
18966
18969
18972
18975
18979
18982
18985
18988
18992
18995
18998
19001
19005
19008
19011
19014
19017
19021
19024
19027
19030
19034
19037
19040
19043
19047
19050
19053
19056
19060
19062
19065
19067
19070
19072
19075
19077
19080
19083
19085
19088
19090
19093
19095
19098
19101
19103
19106
19108
19111
19113
19116
19118
19121
19124
19126
19129
19131
19134
19136
19139
19142
19144
19147
19149
19152
19154
19157
19160
19162
19165
19168
19171
19174
19177
19180
19183
19186
19188
19191
19194
19197
19200
19203
19206
19209
19212
19215
19217
19220
19223
19226
19229
19232
19235
19238
19241
19243
19246
19249
19252
19255
19258
19261
19264
19267
19270
19272
19275
19278
19280
19283
19286
19288
19291
19294
19296
19299
19302
19304
19307
19310
19312
19315
19318
19320
19323
19326
19329
19331
19334
19337
19339
19342
19345
19347
19350
19353
19355
19358
19361
19363
19366
19369
19371
19374
19377
19380
19382
19384
19386
19388
19390
19392
19395
19397
19399
19401
19403
19405
19408
19410
19412
19414
19416
19418
19420
19423
19425
19427
19429
19431
19433
19436
19438
19440
19442
19444
19446
19449
19451
19453
19455
19457
19459
19461
19464
19466
19468
19470
19472
19474
19477
19479
19481
19483
19485
19487
19490
19492
19494
19496
19498
19500
19502
19504
19506
19508
19510
19512
19514
19516
19518
19520
19522
19524
19526
19528
19530
19532
19534
19536
19538
19540
19542
19545
19547
19549
19551
19553
19555
19557
19559
19561
19563
19565
19567
19569
19571
19573
19575
19577
19579
19581
19583
19585
19587
19589
19591
19593
19595
19597
19600
19602
19604
19606
19609
19611
19613
19615
19618
19620
19622
19625
19627
19629
19631
19634
19636
19638
19640
19643
19645
19647
19650
19652
19654
19656
19659
19661
19663
19665
19668
19670
19672
19675
19677
19679
19681
19684
19686
19688
19690
19693
19695
19697
19700
19701
19703
19705
19707
19709
19711
19713
19715
19717
19719
19721
19723
19725
19727
19728
19730
19732
19734
19736
19738
19740
19742
19744
19746
19748
19750
19752
19754
19755
19757
19759
19761
19763
19765
19767
19769
19771
19773
19775
19777
19779
19781
19782
19784
19786
19788
19790
19792
19794
19796
19798
19800
19802
19804
19806
19808
19810
19812
19814
19816
19819
19821
19823
19826
19828
19830
19833
19835
19837
19840
19842
19844
19847
19849
19851
19854
19856
19858
19861
19863
19865
19868
19870
19872
19875
19877
19879
19882
19884
19886
19889
19891
19893
19896
19898
19900
19903
19905
19907
19910
19911
19913
19915
19917
19919
19921
19923
19925
19927
19928
19930
19932
19934
19936
19938
19940
19942
19944
19946
19947
19949
19951
19953
19955
19957
19959
19961
19963
19965
19966
19968
19970
19972
19974
19976
19978
19980
19982
19983
19985
19987
19989
19991
19993
19995
19997
19999
20001
20002
20004
20006
20008
20010
20012
20014
20016
20018
20020
20021
20023
20024
20026
20028
20029
20031
20032
20034
20036
20037
20039
20041
20042
20044
20045
20047
20049
20050
20052
20053
20055
20057
20058
20060
20062
20063
20065
20066
20068
20070
20071
20073
20075
20076
20078
20079
20081
20083
20084
20086
20087
20089
20091
20092
20094
20096
20097
20099
20100
20102
20104
20105
20107
20108
20110
20112
20113
20115
20117
20118
20120
20121
20123
20125
20126
20128
20130
20132
20134
20136
20138
20140
20142
20144
20146
20148
20150
20152
20154
20156
20159
20161
20163
20165
20167
20169
20171
20173
20175
20177
20179
20181
20183
20186
20188
20190
20192
20194
20196
20198
20200
20202
20204
20206
20208
20210
20213
20215
20217
20219
20221
20223
20225
20227
20229
20231
20233
20235
20237
20240
20242
20244
20246
20248
20250
20252
20254
20256
20258
20260
20262
20264
20266
20268
20270
20272
20274
20276
20278
20280
20282
20284
20286
20288
20290
20292
20295
20297
20299
20301
20303
20305
20307
20309
20311
20313
20315
20317
20319
20321
20323
20325
20327
20329
20331
20333
20335
20337
20339
20341
20343
20345
20347
20350
20352
20354
20356
20359
20361
20363
20365
20368
20370
20372
20375
20377
20379
20381
20384
20386
20388
20390
20393
20395
20397
20400
20402
20404
20406
20409
20411
20413
20415
20418
20420
20422
20425
20427
20429
20431
20434
20436
20438
20440
20443
20445
20447
20450
20452
20454
20456
20458
20461
20463
20465
20467
20470
20472
20474
20476
20478
20481
20483
20485
20487
20490
20492
20494
20496
20498
20501
20503
20505
20507
20509
20512
20514
20516
20518
20521
20523
20525
20527
20530
20532
20534
20536
20538
20541
20543
20545
20547
20550
20552
20554
20556
20558
20561
20563
20565
20567
20570
20572
20574
20576
20579
20581
20583
20586
20588
20590
20593
20595
20597
20600
20602
20604
20607
20609
20611
20614
20616
20618
20621
20623
20625
20628
20630
20632
20635
20637
20639
20642
20644
20646
20649
20651
20653
20656
20658
20660
20663
20665
20667
20670
20672
20675
20677
20680
20683
20685
20688
20690
20693
20696
20698
20701
20703
20706
20709
20711
20714
20716
20719
20722
20724
20727
20730
20732
20735
20737
20740
20743
20745
20748
20750
20753
20756
20758
20761
20763
20766
20769
20771
20774
20776
20779
20782
20784
20787
20790
20792
20794
20796
20798
20800
20802
20804
20807
20809
20811
20813
20815
20817
20819
20821
20824
20826
20828
20830
20832
20834
20836
20838
20841
20843
20845
20847
20849
20851
20853
20855
20858
20860
20862
20864
20866
20868
20870
20872
20875
20877
20879
20881
20883
20885
20887
20890
20892
20894
20897
20899
20901
20904
20906
20909
20911
20913
20916
20918
20921
20923
20925
20928
20930
20933
20935
20937
20940
20942
20945
20947
20949
20952
20954
20956
20959
20961
20964
20966
20968
20971
20973
20976
20978
20980
20983
20985
20988
20990
20992
20995
20997
21000
21002
21004
21006
21008
21010
21012
21015
21017
21019
21021
21023
21025
21027
21030
21032
21034
21036
21038
21040
21042
21045
21047
21049
21051
21053
21055
21057
21060
21062
21064
21066
21068
21070
21072
21075
21077
21079
21081
21083
21085
21087
21090
21092
21094
21096
21098
21100
21102
21105
21107
21109
21111
21113
21115
21117
21120
21122
21124
21126
21128
21130
21132
21134
21136
21138
21140
21142
21144
21146
21148
21150
21152
21154
21156
21158
21160
21162
21164
21166
21168
21170
21172
21174
21176
21178
21180
21182
21184
21186
21188
21189
21192
21194
21195
21198
21200
21202
21204
21206
21208
21210
21212
21214
21215
21218
21220
21222
21225
21227
21230
21232
21235
21237
21240
21243
21245
21248
21250
21253
21255
21258
21260
21263
21266
21268
21271
21273
21276
21278
21281
21283
21286
21289
21291
21294
21296
21299
21301
21304
21306
21309
21312
21314
21317
21319
21322
21324
21327
21330
21332
21335
21337
21340
21342
21345
21347
21350
21353
21355
21358
21360
21363
21365
21368
21371
21373
21376
21378
21381
21383
21386
21388
21391
21394
21396
21399
21401
21404
21406
21409
21412
21414
21417
21419
21422
21424
21427
21430
21432
21435
21438
21441
21444
21447
21450
21453
21456
21459
21462
21465
21468
21471
21474
21477
21480
21483
21486
21489
21492
21495
21498
21501
21504
21507
21510
21513
21516
21519
21522
21525
21528
21531
21534
21537
21540
21543
21546
21549
21552
21555
21558
21561
21564
21567
21570
21573
21576
21579
21582
21585
21588
21591
21594
21597
21600
21603
21606
21609
21612
21615
21618
21621
21624
21627
21630
21633
21636
21640
21643
21646
21650
21653
21656
21660
21663
21666
21670
21673
21676
21680
21683
21686
21690
21693
21696
21700
21703
21706
21710
21713
21716
21720
21723
21726
21730
21733
21736
21740
21743
21746
21750
21752
21755
21758
21761
21763
21766
21769
21772
21774
21777
21780
21783
21785
21788
21791
21794
21796
21799
21802
21805
21807
21810
21813
21816
21818
21821
21824
21827
21829
21832
21835
21838
21840
21843
21846
21849
21851
21854
21857
21860
21862
21865
21867
21870
21872
21875
21877
21880
21883
21885
21888
21890
21893
21895
21898
21901
21903
21906
21908
21911
21913
21916
21918
21921
21924
21926
21929
21931
21934
21936
21939
21942
21944
21947
21949
21952
21954
21957
21960
21962
21964
21966
21968
21970
21972
21974
21976
21978
21980
21982
21984
21986
21989
21991
21993
21995
21997
21999
22001
22003
22005
22007
22009
22011
22013
22016
22018
22020
22022
22024
22026
22028
22030
22032
22034
22036
22038
22040
22043
22045
22047
22049
22051
22053
22055
22057
22059
22061
22063
22065
22067
22070
22072
22074
22076
22078
22080
22083
22085
22087
22089
22091
22093
22096
22098
22100
22102
22104
22106
22109
22111
22113
22115
22117
22120
22122
22124
22126
22128
22130
22133
22135
22137
22139
22141
22143
22146
22148
22150
22152
22154
22156
22159
22161
22163
22165
22167
22170
22172
22174
22176
22178
22181
22183
22185
22187
22190
22192
22194
22196
22199
22201
22203
22205
22208
22210
22212
22214
22217
22219
22221
22223
22226
22228
22230
22232
22235
22237
22239
22241
22244
22246
22248
22250
22253
22255
22257
22259
22262
22264
22266
22268
22271
22273
22275
22277
22280
22282
22284
22287
22289
22292
22294
22297
22299
22301
22304
22306
22309
22311
22314
22316
22319
22321
22323
22326
22328
22331
22333
22336
22338
22340
22343
22345
22348
22350
22353
22355
22358
22360
22362
22365
22367
22370
22372
22375
22377
22380
22382
22384
22386
22388
22391
22393
22395
22397
22399
22401
22404
22406
22408
22410
22413
22415
22417
22419
22421
22424
22426
22428
22430
22432
22435
22437
22439
22441
22443
22445
22448
22450
22452
22454
22456
22459
22461
22463
22465
22468
22470
22472
22474
22476
22479
22481
22483
22485
22487
22490
22492
22494
22496
22498
22500
22502
22504
22506
22508
22510
22512
22514
22516
22519
22521
22523
22525
22527
22529
22531
22533
22535
22537
22539
22541
22543
22546
22548
22550
22552
22554
22556
22558
22560
22562
22564
22566
22568
22570
22573
22575
22577
22579
22581
22583
22585
22587
22589
22591
22593
22595
22597
22600
22602
22604
22606
22608
22610
22612
22614
22616
22618
22620
22622
22624
22626
22628
22630
22632
22634
22636
22638
22640
22642
22644
22646
22648
22651
22653
22655
22657
22659
22661
22663
22665
22667
22669
22671
22673
22675
22677
22679
22681
22683
22685
22687
22689
22691
22693
22695
22697
22700
22702
22705
22708
22711
22714
22717
22720
22723
22726
22728
22731
22734
22737
22740
22743
22746
22749
22752
22755
22757
22760
22763
22766
22769
22772
22775
22778
22781
22783
22786
22789
22792
22795
22798
22801
22804
22807
22810
22812
22815
22817
22820
22823
22825
22828
22831
22833
22836
22838
22841
22844
22846
22849
22852
22854
22857
22860
22862
22865
22867
22870
22873
22875
22878
22881
22883
22886
22888
22891
22894
22896
22899
22902
22904
22907
22910
22912
22915
22917
22920
22922
22925
22927
22930
22933
22935
22938
22940
22943
22945
22948
22950
22953
22956
22958
22961
22963
22966
22968
22971
22973
22976
22979
22981
22984
22986
22989
22991
22994
22996
22999
23002
23004
23007
23009
23012
23014
23017
23020
23022
23024
23027
23029
23032
23034
23037
23039
23041
23044
23046
23049
23051
23054
23056
23059
23061
23064
23066
23068
23071
23073
23076
23078
23081
23083
23086
23088
23090
23093
23095
23098
23100
23103
23105
23108
23110
23112
23115
23117
23120
23122
23125
23127
23130
23132
23135
23138
23140
23143
23146
23148
23151
23154
23156
23159
23162
23164
23167
23170
23172
23175
23178
23180
23183
23186
23189
23191
23194
23197
23199
23202
23205
23207
23210
23213
23215
23218
23221
23223
23226
23229
23231
23234
23237
23240
23242
23245
23248
23250
23253
23256
23259
23262
23264
23267
23270
23273
23275
23278
23281
23284
23286
23289
23292
23295
23297
23300
23303
23306
23308
23311
23314
23317
23319
23322
23325
23328
23330
23333
23336
23339
23341
23344
23347
23350
23354
23358
23362
23366
23370
23374
23378
23382
23386
23390
23394
23398
23402
23406
23410
23414
23418
23422
23426
23430
23434
23438
23442
23445
23450
23452
23455
23458
23461
23464
23467
23470
23473
23476
23478
23481
23484
23487
23490
23493
23496
23499
23502
23505
23507
23510
23513
23516
23519
23522
23525
23528
23531
23533
23536
23539
23542
23545
23548
23551
23554
23557
23560
23562
23564
23566
23568
23570
23572
23574
23576
23578
23580
23582
23584
23586
23588
23590
23592
23594
23596
23598
23600
23602
23604
23606
23608
23611
23613
23615
23617
23619
23621
23623
23625
23627
23629
23631
23633
23635
23637
23639
23641
23643
23645
23647
23649
23651
23653
23655
23657
23660
23662
23665
23667
23670
23673
23675
23678
23680
23683
23686
23688
23691
23694
23696
23699
23701
23704
23707
23709
23712
23715
23717
23720
23722
23725
23728
23730
23733
23735
23738
23741
23743
23746
23749
23751
23754
23756
23759
23762
23764
23767
23770
23772
23774
23777
23779
23781
23784
23786
23789
23791
23793
23796
23798
23801
23803
23805
23808
23810
23813
23815
23817
23820
23822
23825
23827
23829
23832
23834
23836
23839
23841
23844
23846
23848
23851
23853
23856
23858
23860
23863
23865
23868
23870
23872
23875
23877
23880
23882
23885
23887
23890
23892
23895
23897
23900
23903
23905
23908
23910
23913
23915
23918
23920
23923
23926
23928
23931
23933
23936
23938
23941
23943
23946
23949
23951
23954
23956
23959
23961
23964
23966
23969
23972
23974
23977
23979
23982
23984
23987
23990
23992
23995
23998
24001
24004
24006
24009
24012
24015
24018
24021
24023
24026
24029
24032
24035
24037
24040
24043
24046
24049
24052
24054
24057
24060
24063
24066
24068
24071
24074
24077
24080
24083
24085
24088
24091
24094
24097
24100
24102
24104
24106
24108
24111
24113
24115
24117
24120
24122
24124
24126
24128
24131
24133
24135
24137
24140
24142
24144
24146
24148
24151
24153
24155
24157
24160
24162
24164
24166
24168
24171
24173
24175
24177
24180
24182
24184
24186
24188
24191
24193
24195
24197
24200
24202
24204
24206
24208
24211
24213
24215
24217
24219
24221
24224
24226
24228
24230
24233
24235
24237
24239
24241
24244
24246
24248
24250
24252
24255
24257
24259
24261
24263
24266
24268
24270
24272
24274
24276
24279
24281
24283
24285
24288
24290
24292
24294
24296
24299
24301
24303
24305
24307
24310
24312
24314
24316
24318
24320
24322
24324
24326
24328
24330
24332
24334
24336
24338
24340
24342
24344
24346
24348
24350
24352
24354
24356
24358
24361
24363
24365
24367
24369
24371
24373
24375
24377
24379
24381
24383
24385
24387
24389
24391
24393
24395
24397
24399
24401
24403
24405
24407
24410
24412
24415
24418
24421
24424
24427
24430
24433
24436
24438
24441
24444
24447
24450
24453
24456
24459
24462
24465
24467
24470
24473
24476
24479
24482
24485
24488
24491
24493
24496
24499
24502
24505
24508
24511
24514
24517
24520
24523
24526
24529
24532
24535
24538
24541
24544
24547
24550
24553
24556
24559
24562
24565
24568
24571
24575
24578
24581
24584
24587
24590
24593
24596
24599
24602
24605
24608
24611
24614
24617
24620
24623
24626
24630
24632
24635
24637
24640
24643
24645
24648
24650
24653
24656
24658
24661
24664
24666
24669
24671
24674
24677
24679
24682
24685
24687
24690
24692
24695
24698
24700
24703
24705
24708
24711
24713
24716
24719
24721
24724
24726
24729
24732
24734
24737
24740
24742
24745
24748
24751
24754
24756
24759
24762
24765
24768
24771
24773
24776
24779
24782
24785
24787
24790
24793
24796
24799
24802
24804
24807
24810
24813
24816
24818
24821
24824
24827
24830
24833
24835
24838
24841
24844
24847
24850
24852
24855
24858
24861
24864
24867
24870
24872
24875
24878
24881
24884
24887
24890
24892
24895
24898
24901
24904
24907
24910
24912
24915
24918
24921
24924
24927
24930
24932
24935
24938
24941
24944
24947
24950
24952
24955
24958
24961
24963
24966
24969
24971
24974
24977
24980
24983
24985
24988
24991
24994
24996
24999
25002
25005
25007
25010
25013
25016
25018
25021
25024
25026
25029
25032
25035
25038
25040
25043
25046
25049
25051
25054
25057
25060
25062
25065
25067
25070
25073
25075
25078
25081
25083
25086
25088
25091
25094
25096
25099
25102
25104
25107
25110
25112
25115
25117
25120
25123
25125
25128
25131
25133
25136
25138
25141
25144
25146
25149
25152
25154
25157
25160
25162
25164
25167
25169
25171
25174
25176
25178
25181
25183
25185
25188
25190
25192
25195
25197
25199
25202
25204
25206
25209
25211
25213
25216
25218
25220
25223
25225
25227
25230
25232
25234
25237
25239
25241
25244
25246
25248
25251
25253
25255
25258
25260
25262
25265
25267
25270
25272
25275
25278
25281
25284
25286
25289
25292
25295
25298
25301
25303
25306
25309
25312
25315
25317
25320
25323
25326
25329
25332
25334
25337
25340
25343
25346
25348
25351
25354
25357
25360
25363
25365
25368
25371
25374
25377
25380
25382
25385
25388
25391
25394
25396
25399
25402
25405
25408
25411
25413
25416
25419
25422
25425
25427
25430
25433
25436
25439
25442
25444
25447
25450
25453
25456
25458
25461
25464
25467
25470
25473
25475
25478
25481
25484
25487
25490
25494
25498
25502
25506
25510
25514
25518
25523
25527
25531
25535
25539
25543
25547
25552
25556
25560
25564
25568
25572
25576
25581
25585
25589
25593
25597
25601
25605
25610
25613
25616
25619
25622
25626
25629
25632
25635
25639
25642
25645
25648
25651
25655
25658
25661
25664
25668
25671
25674
25677
25680
25684
25687
25690
25693
25697
25700
25703
25706
25710
25713
25717
25721
25725
25729
25733
25737
25741
25745
25749
25753
25757
25761
25765
25768
25772
25776
25780
25784
25788
25792
25796
25800
25804
25808
25812
25816
25820
25824
25828
25833
25837
25841
25846
25850
25854
25859
25863
25867
25872
25876
25880
25885
25889
25893
25898
25902
25906
25911
25915
25920
25923
25927
25931
25934
25938
25942
25945
25949
25953
25956
25960
25964
25967
25971
25975
25978
25982
25986
25989
25993
25997
26000
26004
26008
26011
26015
26019
26022
26026
26030
26035
26040
26045
26050
26055
26060
26065
26070
26075
26080
26085
26090
26095
26100
26105
26110
26115
26119
26125
26130
26134
26138
26142
26146
26150
26154
26158
26162
26166
26170
26174
26178
26182
26187
26191
26195
26199
26203
26207
26211
26215
26219
26223
26227
26231
26235
26240
26245
26250
26255
26260
26266
26271
26276
26281
26287
26292
26297
26302
26308
26313
26318
26323
26329
26334
26339
26344
26350
26353
26357
26360
26364
26367
26371
26375
26378
26382
26385
26389
26392
26396
26400
26403
26407
26410
26414
26417
26421
26425
26428
26432
26435
26439
26442
26446
26450
26454
26458
26463
26467
26471
26476
26480
26485
26489
26494
26498
26502
26507
26511
26516
26520
26524
26529
26533
26538
26542
26546
26551
26555
26560
26564
26569
26573
26578
26582
26587
26591
26596
26600
26605
26610
26614
26619
26623
26628
26632
26637
26641
26646
26650
26655
26660
26666
26672
26678
26685
26691
26697
26704
26710
26716
26723
26729
26735
26742
26748
26754
26761
26767
26773
26780
26784
26788
26793
26797
26801
26806
26810
26814
26819
26823
26827
26832
26836
26840
26845
26849
26853
26858
26862
26866
26871
26875
26880
26885
26891
26896
26901
26907
26913
26918
26924
26929
26935
26940
26945
26951
26956
26962
26968
26973
26979
26984
26990
26994
26998
27003
27007
27012
27016
27020
27025
27029
27034
27038
27042
27047
27051
27056
27060
27064
27069
27073
27078
27082
27086
27091
27095
27100
27104
27108
27112
27116
27120
27125
27129
27133
27137
27141
27145
27150
27154
27158
27162
27166
27170
27175
27179
27183
27187
27191
27195
27200
27203
27206
27210
27213
27216
27220
27223
27226
27230
27233
27236
27240
27243
27246
27250
27253
27256
27259
27263
27266
27270
27273
27276
27280
27283
27286
27290
27293
27296
27300
27303
27306
27310
27313
27316
27320
27323
27326
27329
27332
27336
27339
27342
27345
27349
27352
27355
27358
27361
27365
27368
27371
27374
27378
27381
27384
27387
27390
27394
27397
27400
27403
27407
27410
27413
27416
27420
27423
27426
27429
27432
27436
27439
27442
27445
27449
27452
27455
27458
27462
27465
27468
27471
27475
27478
27481
27484
27487
27491
27494
27497
27500
27504
27507
27510
27513
27517
27520
27523
27526
27530
27532
27535
27538
27541
27543
27546
27549
27552
27555
27557
27560
27563
27566
27568
27571
27574
27577
27580
27582
27585
27588
27591
27593
27596
27599
27602
27605
27607
27610
27613
27616
27618
27621
27624
27627
27630
27632
27634
27636
27638
27641
27643
27645
27647
27650
27652
27654
27656
27659
27661
27663
27665
27668
27670
27672
27674
27677
27679
27681
27683
27686
27688
27690
27692
27695
27697
27699
27701
27704
27706
27708
27710
27713
27715
27717
27719
27722
27724
27726
27728
27731
27733
27735
27737
27740
27742
27745
27748
27751
27754
27756
27759
27762
27765
27768
27771
27773
27776
27779
27782
27785
27787
27790
27793
27796
27799
27802
27804
27807
27810
27813
27816
27818
27821
27824
27827
27830
27833
27835
27838
27841
27844
27847
27850
27852
27855
27857
27860
27863
27865
27868
27871
27873
27876
27878
27881
27884
27886
27889
27892
27894
27897
27900
27902
27905
27907
27910
27913
27915
27918
27921
27923
27926
27928
27931
27934
27936
27939
27942
27944
27947
27950
27953
27957
27960
27964
27967
27971
27974
27978
27981
27985
27989
27992
27996
27999
28003
28006
28010
28013
28017
28020
28024
28028
28031
28035
28038
28042
28045
28049
28052
28056
28060
28063
28066
28070
28073
28077
28080
28084
28087
28091
28094
28097
28101
28104
28108
28111
28115
28118
28122
28125
28128
28132
28135
28139
28142
28146
28149
28153
28156
28160
28162
28165
28168
28171
28174
28177
28180
28183
28186
28189
28192
28195
28198
28201
28204
28207
28210
28213
28216
28219
28222
28225
28228
28231
28234
28237
28240
28243
28246
28249
28252
28255
28258
28261
28264
28267
28270
28272
28275
28277
28280
28282
28285
28287
28290
28292
28294
28297
28300
28302
28305
28307
28310
28312
28314
28317
28320
28322
28325
28327
28330
28332
28335
28337
28340
28342
28345
28347
28349
28352
28355
28357
28360
28362
28365
28367
28369
28372
28375
28377
28380
28383
28386
28389
28392
28395
28398
28401
28404
28407
28410
28413
28416
28419
28422
28425
28428
28431
28435
28438
28441
28444
28447
28450
28453
28456
28459
28462
28465
28468
28471
28474
28477
28480
28483
28486
28490
28492
28495
28498
28501
28504
28507
28510
28513
28516
28519
28522
28525
28528
28531
28534
28537
28540
28543
28546
28549
28552
28555
28558
28561
28564
28567
28570
28573
28576
28579
28582
28585
28588
28591
28594
28597
28600
28603
28606
28610
28613
28616
28620
28623
28626
28630
28633
28636
28640
28643
28646
28650
28653
28656
28660
28663
28666
28670
28673
28676
28680
28683
28686
28689
28693
28696
28700
28702
28705
28708
28710
28713
28716
28718
28721
28724
28726
28729
28732
28734
28737
28740
28742
28745
28748
28750
28753
28756
28759
28761
28764
28767
28769
28772
28775
28777
28780
28783
28785
28788
28791
28793
28796
28799
28801
28804
28807
28810
28812
28814
28817
28819
28821
28824
28826
28829
28831
28833
28836
28838
28840
28843
28845
28848
28850
28852
28855
28857
28860
28862
28864
28867
28869
28871
28874
28876
28879
28881
28883
28886
28888
28890
28893
28895
28898
28900
28902
28905
28907
28910
28912
28914
28916
28919
28921
28923
28926
28928
28930
28932
28935
28937
28939
28942
28944
28946
28948
28951
28953
28955
28958
28960
28962
28965
28967
28969
28971
28974
28976
28978
28981
28983
28985
28987
28990
28992
28994
28997
28999
29001
29003
29006
29008
29010
29013
29015
29017
29020
29022
29025
29028
29031
29034
29036
29039
29042
29045
29048
29051
29053
29056
29059
29062
29065
29067
29070
29073
29076
29079
29082
29084
29087
29090
29093
29096
29098
29101
29104
29107
29110
29113
29115
29118
29121
29124
29127
29130
29133
29136
29139
29142
29145
29148
29151
29154
29157
29160
29163
29166
29169
29172
29175
29178
29181
29185
29188
29191
29194
29197
29200
29203
29206
29209
29212
29215
29218
29221
29224
29227
29230
29233
29236
29240
29242
29245
29247
29250
29252
29255
29257
29260
29263
29265
29268
29270
29273
29275
29278
29280
29283
29286
29288
29291
29293
29296
29298
29301
29303
29306
29309
29311
29314
29316
29319
29321
29324
29326
29329
29332
29334
29337
29339
29342
29344
29347
29350
29352
29354
29356
29358
29360
29363
29365
29367
29369
29371
29373
29376
29378
29380
29382
29384
29386
29389
29391
29393
29395
29397
29400
29402
29404
29406
29408
29410
29413
29415
29417
29419
29421
29423
29426
29428
29430
29432
29434
29436
29439
29441
29443
29445
29447
29450
29452
29454
29456
29458
29460
29462
29465
29467
29469
29471
29473
29475
29478
29480
29482
29484
29486
29488
29490
29493
29495
29497
29499
29501
29503
29506
29508
29510
29512
29514
29516
29519
29521
29523
29525
29527
29529
29531
29534
29536
29538
29540
29542
29544
29547
29549
29551
29553
29555
29557
29560
29561
29563
29565
29567
29569
29571
29573
29575
29576
29578
29580
29582
29584
29586
29588
29590
29592
29593
29595
29597
29599
29601
29603
29605
29607
29609
29610
29612
29614
29616
29618
29620
29622
29624
29626
29627
29629
29631
29633
29635
29637
29639
29641
29643
29644
29646
29648
29650
29652
29654
29656
29658
29660
29662
29665
29668
29671
29674
29677
29680
29683
29686
29688
29691
29694
29697
29700
29703
29706
29709
29712
29715
29717
29720
29723
29726
29729
29732
29735
29738
29741
29743
29746
29749
29752
29755
29758
29761
29764
29767
29770
29772
29775
29777
29780
29782
29785
29787
29790
29793
29795
29798
29800
29803
29805
29808
29810
29813
29816
29818
29821
29823
29826
29828
29831
29833
29836
29839
29841
29844
29846
29849
29851
29854
29856
29859
29862
29864
29867
29869
29872
29874
29877
29880
29882
29885
29888
29891
29894
29896
29899
29902
29905
29908
29911
29913
29916
29919
29922
29925
29927
29930
29933
29936
29939
29942
29944
29947
29950
29953
29956
29958
29961
29964
29967
29970
29973
29975
29978
29981
29984
29987
29990
