0.10 247843.44
0.20 247843.44
0.30 247843.44
0.40 247843.44
0.50 247843.44
0.60 247843.44
0.70 247843.44
0.80 247843.44
0.90 247843.44
1.00 247843.44
1.10 340507.14
1.20 340507.14
1.30 340507.14
1.40 340507.14
1.50 340507.14
1.60 340507.14
1.70 340507.14
1.80 340507.14
1.90 340507.14
2.00 340507.14
2.10 296238.17
2.20 296238.17
2.30 296238.17
2.40 296238.17
2.50 296238.17
2.60 296238.17
2.70 296238.17
2.80 296238.17
2.90 296238.17
3.00 296238.17
3.10 327157.95
3.20 327157.95
3.30 327157.95
3.40 327157.95
3.50 327157.95
3.60 327157.95
3.70 327157.95
3.80 327157.95
3.90 327157.95
4.00 327157.95
4.10 327342.09
4.20 327342.09
4.30 327342.09
4.40 327342.09
4.50 327342.09
4.60 327342.09
4.70 327342.09
4.80 327342.09
4.90 327342.09
5.00 327342.09
5.10 350460.66
5.20 350460.66
5.30 350460.66
5.40 350460.66
5.50 350460.66
5.60 350460.66
5.70 350460.66
5.80 350460.66
5.90 350460.66
6.00 350460.66
6.10 198670.33
6.20 198670.33
6.30 198670.33
6.40 198670.33
6.50 198670.33
6.60 198670.33
6.70 198670.33
6.80 198670.33
6.90 198670.33
7.00 198670.33
7.10 238378.03
7.20 238378.03
7.30 238378.03
7.40 238378.03
7.50 238378.03
7.60 238378.03
7.70 238378.03
7.80 238378.03
7.90 238378.03
8.00 238378.03
8.10 320534.35
8.20 320534.35
8.30 320534.35
8.40 320534.35
8.50 320534.35
8.60 320534.35
8.70 320534.35
8.80 320534.35
8.90 320534.35
9.00 320534.35
9.10 271663.24
9.20 271663.24
9.30 271663.24
9.40 271663.24
9.50 271663.24
9.60 271663.24
9.70 271663.24
9.80 271663.24
9.90 271663.24
10.00 271663.24
10.10 368993.33
10.20 368993.33
10.30 368993.33
10.40 368993.33
10.50 368993.33
10.60 368993.33
10.70 368993.33
10.80 368993.33
10.90 368993.33
11.00 368993.33
11.10 358650.83
11.20 358650.83
11.30 358650.83
11.40 358650.83
11.50 358650.83
11.60 358650.83
11.70 358650.83
11.80 358650.83
11.90 358650.83
12.00 358650.83
12.10 326178.64
12.20 326178.64
12.30 326178.64
12.40 326178.64
12.50 326178.64
12.60 326178.64
12.70 326178.64
12.80 326178.64
12.90 326178.64
13.00 326178.64
13.10 346929.57
13.20 346929.57
13.30 346929.57
13.40 346929.57
13.50 346929.57
13.60 346929.57
13.70 346929.57
13.80 346929.57
13.90 346929.57
14.00 346929.57
14.10 300595.84
14.20 300595.84
14.30 300595.84
14.40 300595.84
14.50 300595.84
14.60 300595.84
14.70 300595.84
14.80 300595.84
14.90 300595.84
15.00 300595.84
15.10 324340.46
15.20 324340.46
15.30 324340.46
15.40 324340.46
15.50 324340.46
15.60 324340.46
15.70 324340.46
15.80 324340.46
15.90 324340.46
16.00 324340.46
16.10 317257.32
16.20 317257.32
16.30 317257.32
16.40 317257.32
16.50 317257.32
16.60 317257.32
16.70 317257.32
16.80 317257.32
16.90 317257.32
17.00 317257.32
17.10 354783.28
17.20 354783.28
17.30 354783.28
17.40 354783.28
17.50 354783.28
17.60 354783.28
17.70 354783.28
17.80 354783.28
17.90 354783.28
18.00 354783.28
18.10 316891.51
18.20 316891.51
18.30 316891.51
18.40 316891.51
18.50 316891.51
18.60 316891.51
18.70 316891.51
18.80 316891.51
18.90 316891.51
19.00 316891.51
19.10 353986.18
19.20 353986.18
19.30 353986.18
19.40 353986.18
19.50 353986.18
19.60 353986.18
19.70 353986.18
19.80 353986.18
19.90 353986.18
20.00 353986.18
20.10 320891.50
20.20 320891.50
20.30 320891.50
20.40 320891.50
20.50 320891.50
20.60 320891.50
20.70 320891.50
20.80 320891.50
20.90 320891.50
21.00 320891.50
21.10 354189.72
21.20 354189.72
21.30 354189.72
21.40 354189.72
21.50 354189.72
21.60 354189.72
21.70 354189.72
21.80 354189.72
21.90 354189.72
22.00 354189.72
22.10 305414.35
22.20 305414.35
22.30 305414.35
22.40 305414.35
22.50 305414.35
22.60 305414.35
22.70 305414.35
22.80 305414.35
22.90 305414.35
23.00 305414.35
23.10 349806.31
23.20 349806.31
23.30 349806.31
23.40 349806.31
23.50 349806.31
23.60 349806.31
23.70 349806.31
23.80 349806.31
23.90 349806.31
24.00 349806.31
24.10 320249.00
24.20 320249.00
24.30 320249.00
24.40 320249.00
24.50 320249.00
24.60 320249.00
24.70 320249.00
24.80 320249.00
24.90 320249.00
25.00 320249.00
25.10 353442.22
25.20 353442.22
25.30 353442.22
25.40 353442.22
25.50 353442.22
25.60 353442.22
25.70 353442.22
25.80 353442.22
25.90 353442.22
26.00 353442.22
26.10 318472.39
26.20 318472.39
26.30 318472.39
26.40 318472.39
26.50 318472.39
26.60 318472.39
26.70 318472.39
26.80 318472.39
26.90 318472.39
27.00 318472.39
27.10 355879.58
27.20 355879.58
27.30 355879.58
27.40 355879.58
27.50 355879.58
27.60 355879.58
27.70 355879.58
27.80 355879.58
27.90 355879.58
28.00 355879.58
28.10 310340.17
28.20 310340.17
28.30 310340.17
28.40 310340.17
28.50 310340.17
28.60 310340.17
28.70 310340.17
28.80 310340.17
28.90 310340.17
29.00 310340.17
29.10 353357.69
29.20 353357.69
29.30 353357.69
29.40 353357.69
29.50 353357.69
29.60 353357.69
29.70 353357.69
29.80 353357.69
29.90 353357.69
30.00 353357.69
