2
5
7
10
12
15
17
20
23
25
28
30
33
35
38
41
43
46
48
51
53
56
58
61
64
66
69
71
74
76
79
82
84
87
89
92
94
97
100
102
105
107
110
112
115
117
120
123
125
128
130
133
135
138
141
143
146
148
151
153
156
158
161
164
166
169
171
174
176
179
182
184
187
189
192
194
197
200
202
205
207
210
212
215
217
220
223
225
228
230
233
235
238
241
243
246
248
251
253
256
258
261
264
266
269
271
274
276
279
282
284
287
289
292
294
297
300
302
305
307
310
312
315
317
320
323
325
328
330
333
335
338
341
343
346
348
351
353
356
358
361
364
366
369
371
374
376
379
382
384
387
389
392
394
397
400
402
405
407
410
412
415
417
420
423
425
428
430
433
435
438
441
443
446
448
451
453
456
458
461
464
466
469
471
474
476
479
482
484
487
489
492
494
497
500
502
505
507
510
512
515
517
520
523
525
528
530
533
535
538
541
543
546
548
551
553
556
558
561
564
566
569
571
574
576
579
582
584
587
589
592
594
597
600
602
605
607
610
612
615
617
620
623
625
628
630
633
635
638
641
643
646
648
651
653
656
658
661
664
666
669
671
674
676
679
682
684
687
689
692
694
697
700
702
705
707
710
712
715
717
720
723
725
728
730
733
735
738
741
743
746
748
751
753
756
758
761
764
766
769
771
774
776
779
782
784
787
789
792
794
797
800
802
805
807
810
812
815
817
820
823
825
828
830
833
835
838
841
843
846
848
851
853
856
858
861
864
866
869
871
874
876
879
882
884
887
889
892
894
897
900
902
905
907
910
912
915
917
920
923
925
928
930
933
935
938
941
943
946
948
951
953
956
958
961
964
966
969
971
974
976
979
982
984
987
989
992
994
997
1000
1002
1005
1007
1010
1013
1015
1018
1021
1023
1026
1028
1031
1034
1036
1039
1042
1044
1047
1050
1052
1055
1057
1060
1063
1065
1068
1071
1073
1076
1078
1081
1084
1086
1089
1092
1094
1097
1100
1102
1105
1107
1110
1113
1115
1118
1121
1123
1126
1128
1131
1134
1136
1139
1142
1144
1147
1150
1152
1155
1157
1160
1163
1165
1168
1171
1173
1176
1178
1181
1184
1186
1189
1192
1194
1197
1200
1202
1205
1207
1210
1213
1215
1218
1221
1223
1226
1228
1231
1234
1236
1239
1242
1244
1247
1250
1252
1255
1257
1260
1263
1265
1268
1271
1273
1276
1278
1281
1284
1286
1289
1292
1294
1297
1300
1302
1305
1307
1310
1313
1315
1318
1321
1323
1326
1328
1331
1334
1336
1339
1342
1344
1347
1350
1352
1355
1357
1360
1363
1365
1368
1371
1373
1376
1378
1381
1384
1386
1389
1392
1394
1397
1400
1402
1405
1408
1410
1413
1416
1418
1421
1424
1427
1429
1432
1435
1437
1440
1443
1445
1448
1451
1454
1456
1459
1462
1464
1467
1470
1472
1475
1478
1481
1483
1486
1489
1491
1494
1497
1500
1502
1505
1507
1510
1513
1515
1518
1521
1523
1526
1528
1531
1534
1536
1539
1542
1544
1547
1550
1552
1555
1557
1560
1563
1565
1568
1571
1573
1576
1578
1581
1584
1586
1589
1592
1594
1597
1600
1602
1605
1607
1610
1613
1615
1618
1621
1623
1626
1628
1631
1634
1636
1639
1642
1644
1647
1650
1652
1655
1657
1660
1663
1665
1668
1671
1673
1676
1678
1681
1684
1686
1689
1692
1694
1697
1700
1702
1705
1707
1710
1713
1715
1718
1721
1723
1726
1728
1731
1734
1736
1739
1742
1744
1747
1750
1752
1755
1757
1760
1763
1765
1768
1771
1773
1776
1778
1781
1784
1786
1789
1792
1794
1797
1800
1802
1805
1807
1810
1813
1815
1818
1821
1823
1826
1828
1831
1834
1836
1839
1842
1844
1847
1850
1852
1855
1857
1860
1863
1865
1868
1871
1873
1876
1878
1881
1884
1886
1889
1892
1894
1897
1900
1902
1905
1907
1910
1913
1915
1918
1921
1923
1926
1928
1931
1934
1936
1939
1942
1944
1947
1950
1952
1955
1957
1960
1963
1965
1968
1971
1973
1976
1978
1981
1984
1986
1989
1992
1994
1997
2000
2002
2005
2007
2010
2013
2015
2018
2021
2023
2026
2028
2031
2034
2036
2039
2042
2044
2047
2050
2052
2055
2057
2060
2063
2065
2068
2071
2073
2076
2078
2081
2084
2086
2089
2092
2094
2097
2100
2102
2105
2107
2110
2113
2115
2118
2121
2123
2126
2128
2131
2134
2136
2139
2142
2144
2147
2150
2152
2155
2157
2160
2163
2165
2168
2171
2173
2176
2178
2181
2184
2186
2189
2192
2194
2197
2200
2202
2205
2207
2210
2213
2215
2218
2221
2223
2226
2228
2231
2234
2236
2239
2242
2244
2247
2250
2252
2255
2257
2260
2263
2265
2268
2271
2273
2276
2278
2281
2284
2286
2289
2292
2294
2297
2300
2302
2305
2307
2310
2313
2315
2318
2321
2323
2326
2328
2331
2334
2336
2339
2342
2344
2347
2350
2352
2355
2357
2360
2363
2365
2368
2371
2373
2376
2378
2381
2384
2386
2389
2392
2394
2397
2400
2402
2405
2407
2410
2413
2415
2418
2421
2423
2426
2428
2431
2434
2436
2439
2442
2444
2447
2450
2452
2455
2457
2460
2463
2465
2468
2471
2473
2476
2478
2481
2484
2486
2489
2492
2494
2497
2500
2502
2505
2507
2510
2513
2515
2518
2521
2523
2526
2528
2531
2534
2536
2539
2542
2544
2547
2550
2552
2555
2557
2560
2563
2565
2568
2571
2573
2576
2578
2581
2584
2586
2589
2592
2594
2597
2600
2602
2605
2607
2610
2612
2615
2617
2620
2623
2625
2628
2630
2633
2635
2638
2641
2643
2646
2648
2651
2653
2656
2658
2661
2664
2666
2669
2671
2674
2676
2679
2682
2684
2687
2689
2692
2694
2697
2700
2702
2705
2707
2710
2713
2715
2718
2721
2723
2726
2728
2731
2734
2736
2739
2742
2744
2747
2750
2752
2755
2757
2760
2763
2765
2768
2771
2773
2776
2778
2781
2784
2786
2789
2792
2794
2797
2800
2802
2805
2807
2810
2813
2815
2818
2821
2823
2826
2828
2831
2834
2836
2839
2842
2844
2847
2850
2852
2855
2857
2860
2863
2865
2868
2871
2873
2876
2878
2881
2884
2886
2889
2892
2894
2897
2900
2902
2905
2907
2910
2913
2915
2918
2921
2923
2926
2928
2931
2934
2936
2939
2942
2944
2947
2950
2952
2955
2957
2960
2963
2965
2968
2971
2973
2976
2978
2981
2984
2986
2989
2992
2994
2997
3000
3002
3004
3007
3009
3011
3014
3016
3019
3021
3023
3026
3028
3030
3033
3035
3038
3040
3042
3045
3047
3050
3052
3054
3057
3059
3061
3064
3066
3069
3071
3073
3076
3078
3080
3083
3085
3088
3090
3092
3095
3097
3100
3102
3104
3107
3109
3111
3114
3116
3119
3121
3123
3126
3128
3130
3133
3135
3138
3140
3142
3145
3147
3150
3152
3154
3157
3159
3161
3164
3166
3169
3171
3173
3176
3178
3180
3183
3185
3188
3190
3192
3195
3197
3200
3202
3204
3207
3209
3211
3214
3216
3219
3221
3223
3226
3228
3230
3233
3235
3238
3240
3242
3245
3247
3250
3252
3254
3257
3259
3261
3264
3266
3269
3271
3273
3276
3278
3280
3283
3285
3288
3290
3292
3295
3297
3300
3302
3304
3307
3309
3311
3314
3316
3319
3321
3323
3326
3328
3330
3333
3335
3338
3340
3342
3345
3347
3349
3352
3354
3357
3359
3361
3364
3366
3369
3371
3373
3376
3378
3380
3383
3385
3388
3390
3392
3395
3397
3400
3402
3404
3407
3409
3411
3414
3416
3419
3421
3423
3426
3428
3430
3433
3435
3438
3440
3442
3445
3447
3450
3452
3454
3457
3459
3461
3464
3466
3469
3471
3473
3476
3478
3480
3483
3485
3488
3490
3492
3495
3497
3500
3502
3504
3507
3509
3511
3514
3516
3519
3521
3523
3526
3528
3530
3533
3535
3538
3540
3542
3545
3547
3550
3552
3554
3557
3559
3561
3564
3566
3569
3571
3573
3576
3578
3580
3583
3585
3588
3590
3592
3595
3597
3600
3602
3604
3607
3609
3611
3614
3616
3619
3621
3623
3626
3628
3630
3633
3635
3638
3640
3642
3645
3647
3650
3652
3654
3657
3659
3661
3664
3666
3669
3671
3673
3676
3678
3680
3683
3685
3688
3690
3692
3695
3697
3700
3702
3704
3707
3709
3711
3714
3716
3719
3721
3723
3726
3728
3730
3733
3735
3738
3740
3742
3745
3747
3750
3752
3754
3757
3759
3761
3764
3766
3769
3771
3773
3776
3778
3780
3783
3785
3788
3790
3792
3795
3797
3800
3802
3804
3807
3809
3811
3814
3816
3819
3821
3823
3826
3828
3830
3833
3835
3838
3840
3842
3845
3847
3849
3852
3854
3857
3859
3861
3864
3866
3869
3871
3873
3876
3878
3880
3883
3885
3888
3890
3892
3895
3897
3900
3902
3904
3907
3909
3911
3914
3916
3919
3921
3923
3926
3928
3930
3933
3935
3938
3940
3942
3945
3947
3950
3952
3954
3957
3959
3961
3964
3966
3969
3971
3973
3976
3978
3980
3983
3985
3988
3990
3992
3995
3997
4000
4002
4004
4006
4009
4011
4013
4015
4018
4020
4022
4025
4027
4029
4031
4034
4036
4038
4040
4043
4045
4047
4050
4052
4054
4056
4059
4061
4063
4065
4068
4070
4072
4074
4077
4079
4081
4084
4086
4088
4090
4093
4095
4097
4100
4102
4104
4106
4109
4111
4113
4115
4118
4120
4122
4125
4127
4129
4131
4134
4136
4138
4140
4143
4145
4147
4150
4152
4154
4156
4159
4161
4163
4165
4168
4170
4172
4175
4177
4179
4181
4184
4186
4188
4190
4193
4195
4197
4200
4202
4204
4206
4208
4211
4213
4215
4217
4220
4222
4224
4226
4228
4231
4233
4235
4237
4240
4242
4244
4246
4248
4251
4253
4255
4257
4260
4262
4264
4266
4268
4271
4273
4275
4277
4280
4282
4284
4286
4288
4291
4293
4295
4297
4300
4302
4304
4306
4309
4311
4313
4315
4318
4320
4322
4325
4327
4329
4331
4334
4336
4338
4340
4343
4345
4347
4350
4352
4354
4356
4359
4361
4363
4365
4368
4370
4372
4375
4377
4379
4381
4384
4386
4388
4390
4393
4395
4397
4400
4402
4404
4406
4409
4411
4413
4415
4418
4420
4422
4425
4427
4429
4431
4434
4436
4438
4440
4443
4445
4447
4450
4452
4454
4456
4459
4461
4463
4465
4468
4470
4472
4475
4477
4479
4481
4484
4486
4488
4490
4493
4495
4497
4500
4502
4504
4506
4509
4511
4513
4515
4518
4520
4522
4525
4527
4529
4531
4534
4536
4538
4540
4543
4545
4547
4550
4552
4554
4556
4559
4561
4563
4565
4568
4570
4572
4574
4577
4579
4581
4584
4586
4588
4590
4593
4595
4597
4600
4602
4604
4606
4608
4611
4613
4615
4617
4620
4622
4624
4626
4628
4631
4633
4635
4637
4640
4642
4644
4646
4648
4651
4653
4655
4657
4660
4662
4664
4666
4668
4671
4673
4675
4677
4680
4682
4684
4686
4688
4691
4693
4695
4697
4700
4702
4704
4706
4709
4711
4713
4715
4718
4720
4722
4725
4727
4729
4731
4734
4736
4738
4740
4743
4745
4747
4750
4752
4754
4756
4759
4761
4763
4765
4768
4770
4772
4775
4777
4779
4781
4784
4786
4788
4790
4793
4795
4797
4800
4802
4804
4806
4809
4811
4813
4815
4818
4820
4822
4825
4827
4829
4831
4834
4836
4838
4840
4843
4845
4847
4850
4852
4854
4856
4859
4861
4863
4865
4868
4870
4872
4875
4877
4879
4881
4884
4886
4888
4890
4893
4895
4897
4900
4902
4904
4906
4908
4911
4913
4915
4917
4920
4922
4924
4926
4928
4931
4933
4935
4937
4940
4942
4944
4946
4948
4951
4953
4955
4957
4960
4962
4964
4966
4968
4971
4973
4975
4977
4980
4982
4984
4986
4988
4991
4993
4995
4997
5000
5002
5004
5006
5009
5011
5013
5016
5018
5020
5023
5025
5027
5030
5032
5034
5037
5039
5041
5044
5046
5048
5051
5053
5055
5058
5060
5062
5065
5067
5069
5072
5074
5076
5079
5081
5083
5086
5088
5090
5093
5095
5097
5100
5102
5104
5106
5109
5111
5113
5115
5118
5120
5122
5125
5127
5129
5131
5134
5136
5138
5140
5143
5145
5147
5150
5152
5154
5156
5159
5161
5163
5165
5168
5170
5172
5175
5177
5179
5181
5184
5186
5188
5190
5193
5195
5197
5200
5202
5204
5206
5209
5211
5213
5215
5218
5220
5222
5225
5227
5229
5231
5234
5236
5238
5240
5243
5245
5247
5250
5252
5254
5256
5259
5261
5263
5265
5268
5270
5272
5275
5277
5279
5281
5284
5286
5288
5290
5293
5295
5297
5300
5302
5304
5306
5309
5311
5313
5316
5318
5320
5323
5325
5327
5330
5332
5334
5337
5339
5341
5344
5346
5348
5351
5353
5355
5358
5360
5362
5365
5367
5369
5372
5374
5376
5379
5381
5383
5386
5388
5390
5393
5395
5397
5400
5402
5404
5406
5409
5411
5413
5415
5418
5420
5422
5425
5427
5429
5431
5434
5436
5438
5440
5443
5445
5447
5450
5452
5454
5456
5459
5461
5463
5465
5468
5470
5472
5475
5477
5479
5481
5484
5486
5488
5490
5493
5495
5497
5500
5502
5504
5506
5509
5511
5513
5516
5518
5520
5523
5525
5527
5530
5532
5534
5537
5539
5541
5544
5546
5548
5551
5553
5555
5558
5560
5562
5565
5567
5569
5572
5574
5576
5579
5581
5583
5586
5588
5590
5593
5595
5597
5600
5602
5604
5606
5609
5611
5613
5615
5618
5620
5622
5625
5627
5629
5631
5634
5636
5638
5640
5643
5645
5647
5650
5652
5654
5656
5659
5661
5663
5665
5668
5670
5672
5675
5677
5679
5681
5684
5686
5688
5690
5693
5695
5697
5700
5702
5704
5706
5709
5711
5713
5715
5718
5720
5722
5725
5727
5729
5731
5734
5736
5738
5740
5743
5745
5747
5750
5752
5754
5756
5759
5761
5763
5765
5768
5770
5772
5775
5777
5779
5781
5784
5786
5788
5790
5793
5795
5797
5800
5802
5804
5806
5809
5811
5813
5816
5818
5820
5823
5825
5827
5830
5832
5834
5837
5839
5841
5844
5846
5848
5851
5853
5855
5858
5860
5862
5865
5867
5869
5872
5874
5876
5879
5881
5883
5886
5888
5890
5893
5895
5897
5900
5902
5904
5906
5909
5911
5913
5915
5918
5920
5922
5925
5927
5929
5931
5934
5936
5938
5940
5943
5945
5947
5950
5952
5954
5956
5959
5961
5963
5965
5968
5970
5972
5975
5977
5979
5981
5984
5986
5988
5990
5993
5995
5997
6000
6003
6007
6011
6015
6019
6023
6026
6030
6034
6038
6042
6046
6050
6053
6057
6061
6065
6069
6073
6076
6080
6084
6088
6092
6096
6100
6103
6107
6111
6115
6119
6123
6126
6130
6134
6138
6142
6146
6150
6153
6157
6161
6165
6169
6173
6176
6180
6184
6188
6192
6196
6200
6203
6207
6211
6215
6219
6223
6226
6230
6234
6238
6242
6246
6250
6253
6257
6261
6265
6269
6273
6276
6280
6284
6288
6292
6296
6300
6303
6307
6311
6315
6319
6323
6326
6330
6334
6338
6342
6346
6350
6353
6357
6361
6365
6369
6373
6376
6380
6384
6388
6392
6396
6400
6403
6407
6411
6415
6419
6423
6426
6430
6434
6438
6442
6446
6450
6453
6457
6461
6465
6469
6473
6476
6480
6484
6488
6492
6496
6500
6503
6507
6511
6515
6519
6523
6526
6530
6534
6538
6542
6546
6550
6553
6557
6561
6565
6569
6573
6576
6580
6584
6588
6592
6596
6600
6603
6607
6611
6615
6619
6623
6626
6630
6634
6638
6642
6646
6650
6653
6657
6661
6665
6669
6673
6676
6680
6684
6688
6692
6696
6700
6703
6707
6711
6714
6718
6722
6725
6729
6733
6737
6740
6744
6748
6751
6755
6759
6762
6766
6770
6774
6777
6781
6785
6788
6792
6796
6800
6803
6807
6811
6815
6819
6823
6826
6830
6834
6838
6842
6846
6850
6853
6857
6861
6865
6869
6873
6876
6880
6884
6888
6892
6896
6900
6903
6907
6911
6915
6919
6923
6926
6930
6934
6938
6942
6946
6950
6953
6957
6961
6965
6969
6973
6976
6980
6984
6988
6992
6996
7000
7001
7003
7005
7006
7008
7010
7011
7013
7015
7016
7018
7020
7021
7023
7025
7026
7028
7030
7031
7033
7035
7036
7038
7040
7041
7043
7045
7046
7048
7050
7051
7053
7055
7056
7058
7060
7061
7063
7064
7066
7068
7069
7071
7073
7074
7076
7078
7080
7081
7083
7085
7086
7088
7090
7091
7093
7095
7096
7098
7100
7101
7103
7104
7106
7108
7109
7111
7113
7114
7116
7118
7119
7121
7122
7124
7126
7127
7129
7131
7132
7134
7136
7137
7139
7140
7142
7144
7145
7147
7149
7150
7152
7154
7155
7157
7159
7160
7162
7163
7165
7167
7168
7170
7172
7173
7175
7177
7178
7180
7181
7183
7185
7186
7188
7190
7191
7193
7195
7196
7198
7200
7201
7203
7205
7206
7208
7210
7211
7213
7215
7216
7218
7220
7221
7223
7225
7226
7228
7230
7231
7233
7235
7236
7238
7240
7241
7243
7245
7246
7248
7250
7251
7253
7255
7256
7258
7260
7261
7263
7265
7266
7268
7270
7271
7273
7275
7276
7278
7280
7281
7283
7285
7286
7288
7290
7291
7293
7295
7296
7298
7300
7301
7303
7304
7306
7308
7309
7311
7313
7314
7316
7318
7319
7321
7322
7324
7326
7327
7329
7331
7332
7334
7336
7337
7339
7340
7342
7344
7345
7347
7349
7350
7352
7354
7355
7357
7359
7360
7362
7363
7365
7367
7368
7370
7372
7373
7375
7377
7378
7380
7381
7383
7385
7386
7388
7390
7391
7393
7395
7396
7398
7400
7401
7403
7405
7406
7408
7410
7411
7413
7415
7416
7418
7420
7421
7423
7425
7426
7428
7430
7431
7433
7435
7436
7438
7440
7441
7443
7445
7446
7448
7450
7451
7453
7455
7456
7458
7460
7461
7463
7465
7466
7468
7470
7471
7473
7475
7476
7478
7480
7481
7483
7485
7486
7488
7490
7491
7493
7495
7496
7498
7500
7501
7503
7504
7506
7508
7509
7511
7513
7514
7516
7518
7519
7521
7522
7524
7526
7527
7529
7531
7532
7534
7536
7537
7539
7540
7542
7544
7545
7547
7549
7550
7552
7554
7555
7557
7559
7560
7562
7563
7565
7567
7568
7570
7572
7573
7575
7577
7578
7580
7581
7583
7585
7586
7588
7590
7591
7593
7595
7596
7598
7600
7601
7603
7604
7606
7608
7609
7611
7613
7614
7616
7618
7620
7621
7623
7625
7626
7628
7630
7631
7633
7635
7636
7638
7640
7641
7643
7645
7646
7648
7650
7651
7653
7655
7656
7658
7660
7661
7663
7665
7666
7668
7670
7671
7673
7675
7676
7678
7680
7681
7683
7685
7686
7688
7690
7691
7693
7695
7696
7698
7700
7701
7703
7704
7706
7708
7709
7711
7713
7714
7716
7718
7719
7721
7722
7724
7726
7727
7729
7731
7732
7734
7736
7737
7739
7740
7742
7744
7745
7747
7749
7750
7752
7754
7755
7757
7759
7760
7762
7763
7765
7767
7768
7770
7772
7773
7775
7777
7778
7780
7781
7783
7785
7786
7788
7790
7791
7793
7795
7796
7798
7800
7801
7803
7805
7806
7808
7810
7811
7813
7814
7816
7818
7820
7821
7823
7825
7826
7828
7830
7831
7833
7835
7836
7838
7840
7841
7843
7845
7846
7848
7850
7851
7853
7855
7856
7858
7860
7861
7863
7865
7866
7868
7870
7871
7873
7875
7876
7878
7880
7881
7883
7885
7886
7888
7890
7891
7893
7895
7896
7898
7900
7901
7903
7904
7906
7908
7909
7911
7913
7914
7916
7918
7919
7921
7922
7924
7926
7927
7929
7931
7932
7934
7936
7937
7939
7940
7942
7944
7945
7947
7949
7950
7952
7954
7955
7957
7959
7960
7962
7963
7965
7967
7968
7970
7972
7973
7975
7977
7978
7980
7981
7983
7985
7986
7988
7990
7991
7993
7995
7996
7998
8000
8002
8005
8007
8010
8012
8015
8017
8020
8023
8025
8028
8030
8033
8035
8038
8041
8043
8046
8048
8051
8053
8056
8058
8061
8064
8066
8069
8071
8074
8076
8079
8082
8084
8087
8089
8092
8094
8097
8100
8102
8105
8107
8110
8112
8115
8117
8120
8123
8125
8128
8130
8133
8135
8138
8141
8143
8146
8148
8151
8153
8156
8158
8161
8164
8166
8169
8171
8174
8176
8179
8182
8184
8187
8189
8192
8194
8197
8200
8202
8205
8207
8210
8212
8215
8217
8220
8223
8225
8228
8230
8233
8235
8238
8241
8243
8246
8248
8251
8253
8256
8258
8261
8264
8266
8269
8271
8274
8276
8279
8282
8284
8287
8289
8292
8294
8297
8300
8302
8305
8307
8310
8312
8315
8317
8320
8323
8325
8328
8330
8333
8335
8338
8341
8343
8346
8348
8351
8353
8356
8358
8361
8364
8366
8369
8371
8374
8376
8379
8382
8384
8387
8389
8392
8394
8397
8400
8402
8405
8407
8410
8412
8415
8417
8420
8423
8425
8428
8430
8433
8435
8438
8441
8443
8446
8448
8451
8453
8456
8458
8461
8464
8466
8469
8471
8474
8476
8479
8482
8484
8487
8489
8492
8494
8497
8500
8502
8505
8507
8510
8512
8515
8517
8520
8523
8525
8528
8530
8533
8535
8538
8541
8543
8546
8548
8551
8553
8556
8558
8561
8564
8566
8569
8571
8574
8576
8579
8582
8584
8587
8589
8592
8594
8597
8600
8602
8605
8607
8610
8612
8615
8617
8620
8623
8625
8628
8630
8633
8635
8638
8641
8643
8646
8648
8651
8653
8656
8658
8661
8664
8666
8669
8671
8674
8676
8679
8682
8684
8687
8689
8692
8694
8697
8700
8702
8705
8707
8710
8712
8715
8717
8720
8723
8725
8728
8730
8733
8735
8738
8741
8743
8746
8748
8751
8753
8756
8758
8761
8764
8766
8769
8771
8774
8776
8779
8782
8784
8787
8789
8792
8794
8797
8800
8802
8805
8807
8810
8812
8815
8817
8820
8822
8825
8827
8830
8832
8835
8837
8840
8842
8845
8847
8850
8852
8855
8857
8860
8862
8865
8867
8870
8872
8875
8877
8880
8882
8885
8887
8890
8892
8895
8897
8900
8902
8905
8907
8910
8912
8915
8917
8920
8923
8925
8928
8930
8933
8935
8938
8941
8943
8946
8948
8951
8953
8956
8958
8961
8964
8966
8969
8971
8974
8976
8979
8982
8984
8987
8989
8992
8994
8997
9000
9002
9004
9007
9009
9012
9014
9017
9019
9021
9024
9026
9029
9031
9034
9036
9039
9041
9043
9046
9048
9051
9053
9056
9058
9060
9063
9065
9068
9070
9073
9075
9078
9080
9082
9085
9087
9090
9092
9095
9097
9100
9102
9104
9107
9109
9112
9114
9117
9119
9121
9124
9126
9129
9131
9134
9136
9139
9141
9143
9146
9148
9151
9153
9156
9158
9160
9163
9165
9168
9170
9173
9175
9178
9180
9182
9185
9187
9190
9192
9195
9197
9200
9202
9204
9207
9209
9212
9214
9217
9219
9221
9224
9226
9229
9231
9234
9236
9239
9241
9243
9246
9248
9251
9253
9256
9258
9260
9263
9265
9268
9270
9273
9275
9278
9280
9282
9285
9287
9290
9292
9295
9297
9300
9302
9304
9307
9309
9311
9314
9316
9319
9321
9323
9326
9328
9330
9333
9335
9338
9340
9342
9345
9347
9350
9352
9354
9357
9359
9361
9364
9366
9369
9371
9373
9376
9378
9380
9383
9385
9388
9390
9392
9395
9397
9400
9402
9404
9407
9409
9412
9414
9417
9419
9421
9424
9426
9429
9431
9434
9436
9439
9441
9443
9446
9448
9451
9453
9456
9458
9460
9463
9465
9468
9470
9473
9475
9478
9480
9482
9485
9487
9490
9492
9495
9497
9500
9502
9504
9507
9509
9512
9514
9517
9519
9521
9524
9526
9529
9531
9534
9536
9539
9541
9543
9546
9548
9551
9553
9556
9558
9560
9563
9565
9568
9570
9573
9575
9578
9580
9582
9585
9587
9590
9592
9595
9597
9600
9602
9604
9607
9609
9612
9614
9617
9619
9621
9624
9626
9629
9631
9634
9636
9639
9641
9643
9646
9648
9651
9653
9656
9658
9660
9663
9665
9668
9670
9673
9675
9678
9680
9682
9685
9687
9690
9692
9695
9697
9700
9702
9704
9707
9709
9711
9714
9716
9719
9721
9723
9726
9728
9730
9733
9735
9738
9740
9742
9745
9747
9750
9752
9754
9757
9759
9761
9764
9766
9769
9771
9773
9776
9778
9780
9783
9785
9788
9790
9792
9795
9797
9800
9802
9804
9807
9809
9812
9814
9817
9819
9821
9824
9826
9829
9831
9834
9836
9839
9841
9843
9846
9848
9851
9853
9856
9858
9860
9863
9865
9868
9870
9873
9875
9878
9880
9882
9885
9887
9890
9892
9895
9897
9900
9902
9904
9907
9909
9912
9914
9917
9919
9921
9924
9926
9929
9931
9934
9936
9939
9941
9943
9946
9948
9951
9953
9956
9958
9960
9963
9965
9968
9970
9973
9975
9978
9980
9982
9985
9987
9990
9992
9995
9997
10000
10002
10004
10007
10009
10011
10014
10016
10019
10021
10023
10026
10028
10030
10033
10035
10038
10040
10042
10045
10047
10050
10052
10054
10057
10059
10061
10064
10066
10069
10071
10073
10076
10078
10080
10083
10085
10088
10090
10092
10095
10097
10100
10102
10104
10106
10109
10111
10113
10116
10118
10120
10123
10125
10127
10130
10132
10134
10137
10139
10141
10144
10146
10148
10151
10153
10155
10158
10160
10162
10165
10167
10169
10172
10174
10176
10179
10181
10183
10186
10188
10190
10193
10195
10197
10200
10202
10204
10207
10209
10211
10214
10216
10219
10221
10223
10226
10228
10230
10233
10235
10238
10240
10242
10245
10247
10250
10252
10254
10257
10259
10261
10264
10266
10269
10271
10273
10276
10278
10280
10283
10285
10288
10290
10292
10295
10297
10300
10302
10304
10307
10309
10311
10314
10316
10319
10321
10323
10326
10328
10330
10333
10335
10338
10340
10342
10345
10347
10350
10352
10354
10357
10359
10361
10364
10366
10369
10371
10373
10376
10378
10380
10383
10385
10388
10390
10392
10395
10397
10400
10402
10404
10406
10409
10411
10413
10416
10418
10420
10423
10425
10427
10430
10432
10434
10437
10439
10441
10444
10446
10448
10451
10453
10455
10458
10460
10462
10465
10467
10469
10472
10474
10476
10479
10481
10483
10486
10488
10490
10493
10495
10497
10500
10502
10504
10507
10509
10511
10514
10516
10519
10521
10523
10526
10528
10530
10533
10535
10538
10540
10542
10545
10547
10550
10552
10554
10557
10559
10561
10564
10566
10569
10571
10573
10576
10578
10580
10583
10585
10588
10590
10592
10595
10597
10600
10602
10604
10607
10609
10611
10614
10616
10619
10621
10623
10626
10628
10630
10633
10635
10638
10640
10642
10645
10647
10649
10652
10654
10657
10659
10661
10664
10666
10669
10671
10673
10676
10678
10680
10683
10685
10688
10690
10692
10695
10697
10700
10702
10704
10706
10709
10711
10713
10716
10718
10720
10723
10725
10727
10730
10732
10734
10737
10739
10741
10744
10746
10748
10751
10753
10755
10758
10760
10762
10765
10767
10769
10772
10774
10776
10779
10781
10783
10786
10788
10790
10793
10795
10797
10800
10802
10804
10807
10809
10811
10814
10816
10819
10821
10823
10826
10828
10830
10833
10835
10838
10840
10842
10845
10847
10850
10852
10854
10857
10859
10861
10864
10866
10869
10871
10873
10876
10878
10880
10883
10885
10888
10890
10892
10895
10897
10900
10902
10904
10907
10909
10911
10914
10916
10919
10921
10923
10926
10928
10930
10933
10935
10938
10940
10942
10945
10947
10950
10952
10954
10957
10959
10961
10964
10966
10969
10971
10973
10976
10978
10980
10983
10985
10988
10990
10992
10995
10997
11000
11003
11007
11010
11014
11017
11021
11025
11028
11032
11035
11039
11042
11046
11050
11053
11057
11060
11064
11067
11071
11075
11078
11082
11085
11089
11092
11096
11100
11103
11106
11110
11113
11117
11120
11124
11127
11131
11134
11137
11141
11144
11148
11151
11155
11158
11162
11165
11168
11172
11175
11179
11182
11186
11189
11193
11196
11200
11203
11207
11210
11214
11217
11221
11225
11228
11232
11235
11239
11242
11246
11250
11253
11257
11260
11264
11267
11271
11275
11278
11282
11285
11289
11292
11296
11300
11303
11307
11310
11314
11317
11321
11325
11328
11332
11335
11339
11342
11346
11350
11353
11357
11360
11364
11367
11371
11375
11378
11382
11385
11389
11392
11396
11400
11403
11407
11410
11414
11417
11421
11425
11428
11432
11435
11439
11442
11446
11450
11453
11457
11460
11464
11467
11471
11475
11478
11482
11485
11489
11492
11496
11500
11503
11507
11510
11514
11517
11521
11525
11528
11532
11535
11539
11542
11546
11550
11553
11557
11560
11564
11567
11571
11575
11578
11582
11585
11589
11592
11596
11600
11603
11607
11610
11614
11617
11621
11625
11628
11632
11635
11639
11642
11646
11649
11653
11657
11660
11664
11667
11671
11674
11678
11682
11685
11689
11692
11696
11700
11703
11707
11710
11714
11717
11721
11725
11728
11732
11735
11739
11742
11746
11750
11753
11757
11760
11764
11767
11771
11775
11778
11782
11785
11789
11792
11796
11800
11803
11807
11810
11814
11817
11821
11825
11828
11832
11835
11839
11842
11846
11850
11853
11857
11860
11864
11867
11871
11875
11878
11882
11885
11889
11892
11896
11900
11903
11906
11910
11913
11917
11920
11924
11927
11931
11934
11937
11941
11944
11948
11951
11955
11958
11962
11965
11968
11972
11975
11979
11982
11986
11989
11993
11996
12000
12002
12004
12006
12009
12011
12013
12015
12018
12020
12022
12025
12027
12029
12031
12034
12036
12038
12040
12043
12045
12047
12050
12052
12054
12056
12059
12061
12063
12065
12068
12070
12072
12075
12077
12079
12081
12084
12086
12088
12090
12093
12095
12097
12100
12102
12104
12106
12109
12111
12113
12115
12118
12120
12122
12125
12127
12129
12131
12134
12136
12138
12140
12143
12145
12147
12149
12152
12154
12156
12159
12161
12163
12165
12168
12170
12172
12174
12177
12179
12181
12184
12186
12188
12190
12193
12195
12197
12200
12202
12204
12206
12209
12211
12213
12215
12218
12220
12222
12225
12227
12229
12231
12234
12236
12238
12240
12243
12245
12247
12250
12252
12254
12256
12259
12261
12263
12265
12268
12270
12272
12275
12277
12279
12281
12284
12286
12288
12290
12293
12295
12297
12300
12302
12304
12306
12308
12311
12313
12315
12317
12320
12322
12324
12326
12328
12331
12333
12335
12337
12340
12342
12344
12346
12348
12351
12353
12355
12357
12360
12362
12364
12366
12368
12371
12373
12375
12377
12380
12382
12384
12386
12388
12391
12393
12395
12397
12400
12402
12404
12406
12409
12411
12413
12415
12418
12420
12422
12425
12427
12429
12431
12434
12436
12438
12440
12443
12445
12447
12450
12452
12454
12456
12459
12461
12463
12465
12468
12470
12472
12475
12477
12479
12481
12484
12486
12488
12490
12493
12495
12497
12500
12502
12504
12506
12509
12511
12513
12515
12518
12520
12522
12525
12527
12529
12531
12534
12536
12538
12540
12543
12545
12547
12550
12552
12554
12556
12559
12561
12563
12565
12568
12570
12572
12575
12577
12579
12581
12584
12586
12588
12590
12593
12595
12597
12600
12602
12604
12606
12608
12611
12613
12615
12617
12620
12622
12624
12626
12628
12631
12633
12635
12637
12639
12642
12644
12646
12648
12651
12653
12655
12657
12660
12662
12664
12666
12668
12671
12673
12675
12677
12680
12682
12684
12686
12688
12691
12693
12695
12697
12700
12702
12704
12706
12709
12711
12713
12715
12718
12720
12722
12725
12727
12729
12731
12734
12736
12738
12740
12743
12745
12747
12750
12752
12754
12756
12759
12761
12763
12765
12768
12770
12772
12775
12777
12779
12781
12784
12786
12788
12790
12793
12795
12797
12800
12802
12804
12806
12809
12811
12813
12815
12818
12820
12822
12825
12827
12829
12831
12834
12836
12838
12840
12843
12845
12847
12850
12852
12854
12856
12859
12861
12863
12865
12868
12870
12872
12875
12877
12879
12881
12884
12886
12888
12890
12893
12895
12897
12900
12902
12904
12906
12908
12911
12913
12915
12917
12920
12922
12924
12926
12928
12931
12933
12935
12937
12940
12942
12944
12946
12948
12951
12953
12955
12957
12960
12962
12964
12966
12968
12971
12973
12975
12977
12980
12982
12984
12986
12988
12991
12993
12995
12997
13000
13002
13005
13007
13010
13013
13015
13018
13021
13023
13026
13028
13031
13034
13036
13039
13042
13044
13047
13050
13052
13055
13057
13060
13063
13065
13068
13071
13073
13076
13078
13081
13084
13086
13089
13092
13094
13097
13100
13102
13105
13107
13110
13112
13115
13117
13120
13123
13125
13128
13130
13133
13135
13138
13141
13143
13146
13148
13151
13153
13156
13158
13161
13164
13166
13169
13171
13174
13176
13179
13182
13184
13187
13189
13192
13194
13197
13200
13202
13205
13207
13210
13212
13215
13217
13220
13223
13225
13228
13230
13233
13235
13238
13241
13243
13246
13248
13251
13253
13256
13258
13261
13264
13266
13269
13271
13274
13276
13279
13282
13284
13287
13289
13292
13294
13297
13300
13302
13305
13307
13310
13313
13315
13318
13321
13323
13326
13328
13331
13334
13336
13339
13342
13344
13347
13350
13352
13355
13357
13360
13363
13365
13368
13371
13373
13376
13378
13381
13384
13386
13389
13392
13394
13397
13400
13402
13405
13407
13410
13412
13415
13417
13420
13423
13425
13428
13430
13433
13435
13438
13441
13443
13446
13448
13451
13453
13456
13458
13461
13464
13466
13469
13471
13474
13476
13479
13482
13484
13487
13489
13492
13494
13497
13500
13502
13505
13507
13510
13512
13515
13517
13520
13523
13525
13528
13530
13533
13535
13538
13541
13543
13546
13548
13551
13553
13556
13558
13561
13564
13566
13569
13571
13574
13576
13579
13582
13584
13587
13589
13592
13594
13597
13600
13602
13605
13607
13610
13612
13615
13617
13620
13623
13625
13628
13630
13633
13635
13638
13641
13643
13646
13648
13651
13653
13656
13658
13661
13664
13666
13669
13671
13674
13676
13679
13682
13684
13687
13689
13692
13694
13697
13700
13702
13705
13707
13710
13713
13715
13718
13721
13723
13726
13728
13731
13734
13736
13739
13742
13744
13747
13750
13752
13755
13757
13760
13763
13765
13768
13771
13773
13776
13778
13781
13784
13786
13789
13792
13794
13797
13800
13802
13805
13807
13810
13812
13815
13817
13820
13823
13825
13828
13830
13833
13835
13838
13841
13843
13846
13848
13851
13853
13856
13858
13861
13864
13866
13869
13871
13874
13876
13879
13882
13884
13887
13889
13892
13894
13897
13900
13902
13905
13907
13910
13912
13915
13917
13920
13923
13925
13928
13930
13933
13935
13938
13941
13943
13946
13948
13951
13953
13956
13958
13961
13964
13966
13969
13971
13974
13976
13979
13982
13984
13987
13989
13992
13994
13997
14000
14002
14005
14008
14011
14014
14017
14020
14023
14026
14029
14032
14035
14038
14041
14044
14047
14050
14052
14055
14058
14061
14064
14067
14070
14073
14076
14079
14082
14085
14088
14091
14094
14097
14100
14102
14105
14108
14111
14114
14117
14120
14122
14125
14128
14131
14134
14137
14139
14142
14145
14148
14151
14154
14157
14160
14162
14165
14168
14171
14174
14177
14180
14182
14185
14188
14191
14194
14197
14200
14202
14205
14208
14211
14214
14217
14219
14222
14225
14228
14231
14234
14237
14240
14242
14245
14248
14251
14254
14257
14260
14262
14265
14268
14271
14274
14277
14280
14282
14285
14288
14291
14294
14297
14300
14302
14305
14308
14311
14314
14317
14320
14323
14326
14329
14332
14335
14338
14341
14344
14347
14350
14352
14355
14358
14361
14364
14367
14370
14373
14376
14379
14382
14385
14388
14391
14394
14397
14400
14402
14405
14408
14411
14414
14417
14420
14422
14425
14428
14431
14434
14437
14440
14442
14445
14448
14451
14454
14457
14460
14462
14465
14468
14471
14474
14477
14480
14482
14485
14488
14491
14494
14497
14500
14502
14505
14508
14511
14514
14517
14520
14522
14525
14528
14531
14534
14537
14540
14542
14545
14548
14551
14554
14557
14560
14562
14565
14568
14571
14574
14577
14580
14582
14585
14588
14591
14594
14597
14600
14602
14605
14608
14611
14614
14617
14620
14623
14626
14629
14632
14635
14638
14641
14644
14647
14649
14652
14655
14658
14661
14664
14667
14670
14673
14676
14679
14682
14685
14688
14691
14694
14697
14700
14702
14705
14708
14711
14714
14717
14719
14722
14725
14728
14731
14734
14737
14740
14742
14745
14748
14751
14754
14757
14760
14762
14765
14768
14771
14774
14777
14780
14782
14785
14788
14791
14794
14797
14800
14802
14805
14808
14811
14814
14817
14820
14822
14825
14828
14831
14834
14837
14840
14842
14845
14848
14851
14854
14857
14860
14862
14865
14868
14871
14874
14877
14880
14882
14885
14888
14891
14894
14897
14900
14902
14905
14908
14911
14914
14917
14920
14923
14926
14929
14932
14935
14938
14941
14944
14947
14950
14952
14955
14958
14961
14964
14967
14970
14973
14976
14979
14982
14985
14988
14991
14994
14997
15000
15003
15006
15009
15012
15016
15019
15022
15025
15029
15032
15035
15038
15041
15045
15048
15051
15054
15058
15061
15064
15067
15070
15074
15077
15080
15083
15087
15090
15093
15096
15100
15103
15106
15109
15112
15116
15119
15122
15125
15129
15132
15135
15138
15141
15145
15148
15151
15154
15158
15161
15164
15167
15170
15174
15177
15180
15183
15187
15190
15193
15196
15200
15203
15206
15209
15212
15216
15219
15222
15225
15229
15232
15235
15238
15241
15245
15248
15251
15254
15258
15261
15264
15267
15270
15274
15277
15280
15283
15287
15290
15293
15296
15300
15303
15306
15309
15312
15316
15319
15322
15325
15329
15332
15335
15338
15341
15345
15348
15351
15354
15358
15361
15364
15367
15370
15374
15377
15380
15383
15387
15390
15393
15396
15400
15403
15406
15409
15412
15416
15419
15422
15425
15429
15432
15435
15438
15441
15445
15448
15451
15454
15458
15461
15464
15467
15470
15474
15477
15480
15483
15487
15490
15493
15496
15500
15503
15506
15509
15512
15516
15519
15522
15525
15529
15532
15535
15538
15541
15545
15548
15551
15554
15558
15561
15564
15567
15570
15574
15577
15580
15583
15587
15590
15593
15596
15600
15603
15606
15610
15613
15616
15620
15623
15626
15629
15633
15636
15639
15643
15646
15649
15653
15656
15660
15663
15666
15670
15673
15676
15680
15683
15686
15690
15693
15696
15700
15703
15706
15709
15712
15716
15719
15722
15725
15729
15732
15735
15738
15741
15745
15748
15751
15754
15758
15761
15764
15767
15770
15774
15777
15780
15783
15787
15790
15793
15796
15800
15803
15806
15809
15812
15816
15819
15822
15825
15829
15832
15835
15838
15841
15845
15848
15851
15854
15858
15861
15864
15867
15870
15874
15877
15880
15883
15887
15890
15893
15896
15900
15903
15906
15909
15912
15916
15919
15922
15925
15929
15932
15935
15938
15941
15945
15948
15951
15954
15958
15961
15964
15967
15970
15974
15977
15980
15983
15987
15990
15993
15996
16000
16002
16005
16008
16011
16013
16016
16019
16022
16024
16027
16030
16033
16036
16038
16041
16044
16047
16050
16052
16055
16058
16061
16063
16066
16069
16072
16075
16077
16080
16083
16086
16088
16091
16094
16097
16100
16102
16105
16108
16111
16114
16117
16120
16122
16125
16128
16131
16134
16137
16140
16142
16145
16148
16151
16154
16157
16160
16162
16165
16168
16171
16174
16177
16180
16182
16185
16188
16191
16194
16197
16200
16202
16205
16208
16211
16213
16216
16219
16222
16225
16227
16230
16233
16236
16238
16241
16244
16247
16250
16252
16255
16258
16261
16263
16266
16269
16272
16274
16277
16280
16283
16286
16288
16291
16294
16297
16300
16302
16305
16308
16311
16314
16317
16320
16322
16325
16328
16331
16334
16337
16340
16342
16345
16348
16351
16354
16357
16360
16362
16365
16368
16371
16374
16377
16379
16382
16385
16388
16391
16394
16397
16400
16402
16405
16408
16411
16413
16416
16419
16422
16424
16427
16430
16433
16436
16438
16441
16444
16447
16450
16452
16455
16458
16461
16463
16466
16469
16472
16475
16477
16480
16483
16486
16488
16491
16494
16497
16500
16502
16505
16508
16511
16514
16517
16520
16522
16525
16528
16531
16534
16537
16540
16542
16545
16548
16551
16554
16557
16560
16562
16565
16568
16571
16574
16577
16580
16582
16585
16588
16591
16594
16597
16600
16602
16605
16608
16611
16613
16616
16619
16622
16625
16627
16630
16633
16636
16638
16641
16644
16647
16650
16652
16655
16658
16661
16663
16666
16669
16672
16675
16677
16680
16683
16686
16688
16691
16694
16697
16700
16702
16705
16708
16711
16714
16717
16720
16722
16725
16728
16731
16734
16737
16740
16742
16745
16748
16751
16754
16757
16760
16762
16765
16768
16771
16774
16777
16780
16782
16785
16788
16791
16794
16797
16800
16802
16805
16808
16811
16813
16816
16819
16822
16825
16827
16830
16833
16836
16838
16841
16844
16847
16850
16852
16855
16858
16861
16863
16866
16869
16872
16875
16877
16880
16883
16886
16888
16891
16894
16897
16900
16902
16905
16908
16911
16914
16917
16919
16922
16925
16928
16931
16934
16937
16939
16942
16945
16948
16951
16954
16957
16960
16962
16965
16968
16971
16974
16977
16980
16982
16985
16988
16991
16994
16997
17000
17002
17005
17007
17010
17012
17015
17017
17020
17023
17025
17028
17030
17033
17035
17038
17041
17043
17046
17048
17051
17053
17056
17058
17061
17064
17066
17069
17071
17074
17076
17079
17082
17084
17087
17089
17092
17094
17097
17100
17102
17105
17107
17110
17113
17115
17118
17121
17123
17126
17128
17131
17134
17136
17139
17142
17144
17147
17150
17152
17155
17157
17160
17163
17165
17168
17171
17173
17176
17178
17181
17184
17186
17189
17192
17194
17197
17200
17202
17205
17207
17210
17212
17215
17217
17220
17223
17225
17228
17230
17233
17235
17238
17241
17243
17246
17248
17251
17253
17256
17258
17261
17264
17266
17269
17271
17274
17276
17279
17282
17284
17287
17289
17292
17294
17297
17300
17302
17305
17307
17310
17312
17315
17317
17320
17323
17325
17328
17330
17333
17335
17338
17341
17343
17346
17348
17351
17353
17356
17358
17361
17364
17366
17369
17371
17374
17376
17379
17382
17384
17387
17389
17392
17394
17397
17400
17402
17405
17407
17410
17413
17415
17418
17421
17423
17426
17428
17431
17434
17436
17439
17442
17444
17447
17450
17452
17455
17457
17460
17463
17465
17468
17471
17473
17476
17478
17481
17484
17486
17489
17492
17494
17497
17500
17502
17505
17507
17510
17512
17515
17517
17520
17523
17525
17528
17530
17533
17535
17538
17541
17543
17546
17548
17551
17553
17556
17558
17561
17564
17566
17569
17571
17574
17576
17579
17582
17584
17587
17589
17592
17594
17597
17600
17602
17605
17607
17610
17613
17615
17618
17621
17623
17626
17628
17631
17634
17636
17639
17642
17644
17647
17650
17652
17655
17657
17660
17663
17665
17668
17671
17673
17676
17678
17681
17684
17686
17689
17692
17694
17697
17700
17702
17705
17707
17710
17712
17715
17717
17720
17723
17725
17728
17730
17733
17735
17738
17741
17743
17746
17748
17751
17753
17756
17758
17761
17764
17766
17769
17771
17774
17776
17779
17782
17784
17787
17789
17792
17794
17797
17800
17802
17805
17807
17810
17812
17815
17817
17820
17823
17825
17828
17830
17833
17835
17838
17841
17843
17846
17848
17851
17853
17856
17858
17861
17864
17866
17869
17871
17874
17876
17879
17882
17884
17887
17889
17892
17894
17897
17900
17902
17905
17907
17910
17913
17915
17918
17921
17923
17926
17928
17931
17934
17936
17939
17942
17944
17947
17950
17952
17955
17957
17960
17963
17965
17968
17971
17973
17976
17978
17981
17984
17986
17989
17992
17994
17997
18000
18003
18006
18009
18012
18016
18019
18022
18025
18029
18032
18035
18038
18041
18045
18048
18051
18054
18058
18061
18064
18067
18070
18074
18077
18080
18083
18087
18090
18093
18096
18100
18103
18106
18109
18112
18116
18119
18122
18125
18129
18132
18135
18138
18141
18145
18148
18151
18154
18158
18161
18164
18167
18170
18174
18177
18180
18183
18187
18190
18193
18196
18200
18203
18206
18210
18213
18216
18220
18223
18226
18230
18233
18236
18240
18243
18246
18250
18253
18256
18260
18263
18266
18270
18273
18276
18280
18283
18286
18290
18293
18296
18300
18303
18306
18309
18312
18316
18319
18322
18325
18329
18332
18335
18338
18341
18345
18348
18351
18354
18358
18361
18364
18367
18370
18374
18377
18380
18383
18387
18390
18393
18396
18400
18403
18406
18410
18413
18416
18419
18423
18426
18430
18433
18436
18439
18443
18446
18450
18453
18456
18460
18463
18466
18470
18473
18476
18480
18483
18486
18490
18493
18496
18500
18503
18506
18509
18512
18516
18519
18522
18525
18529
18532
18535
18538
18541
18545
18548
18551
18554
18558
18561
18564
18567
18570
18574
18577
18580
18583
18587
18590
18593
18596
18600
18603
18606
18610
18613
18616
18620
18623
18626
18630
18633
18636
18640
18643
18646
18650
18653
18656
18660
18663
18666
18670
18673
18676
18680
18683
18686
18689
18693
18696
18700
18703
18706
18709
18712
18716
18719
18722
18725
18729
18732
18735
18738
18741
18745
18748
18751
18754
18758
18761
18764
18767
18770
18774
18777
18780
18783
18787
18790
18793
18796
18800
18803
18806
18809
18812
18816
18819
18822
18825
18829
18832
18835
18838
18841
18845
18848
18851
18854
18858
18861
18864
18867
18870
18874
18877
18880
18883
18887
18890
18893
18896
18900
18903
18906
18910
18913
18916
18919
18923
18926
18930
18933
18936
18939
18943
18946
18950
18953
18956
18960
18963
18966
18970
18973
18976
18980
18983
18986
18990
18993
18996
19000
19002
19005
19007
19010
19013
19015
19018
19021
19023
19026
19028
19031
19034
19036
19039
19042
19044
19047
19050
19052
19055
19057
19060
19063
19065
19068
19071
19073
19076
19078
19081
19084
19086
19089
19092
19094
19097
19100
19102
19105
19108
19110
19113
19116
19118
19121
19124
19127
19129
19132
19135
19137
19140
19143
19145
19148
19151
19154
19156
19159
19162
19164
19167
19170
19172
19175
19178
19181
19183
19186
19189
19191
19194
19197
19200
19202
19205
19208
19210
19213
19216
19218
19221
19224
19227
19229
19232
19235
19237
19240
19243
19245
19248
19251
19254
19256
19259
19262
19264
19267
19270
19272
19275
19278
19281
19283
19286
19289
19291
19294
19297
19300
19302
19305
19307
19310
19313
19315
19318
19321
19323
19326
19328
19331
19334
19336
19339
19342
19344
19347
19350
19352
19355
19357
19360
19363
19365
19368
19371
19373
19376
19378
19381
19384
19386
19389
19392
19394
19397
19400
19402
19405
19408
19410
19413
19416
19418
19421
19424
19427
19429
19432
19435
19437
19440
19443
19445
19448
19451
19454
19456
19459
19462
19464
19467
19470
19472
19475
19478
19481
19483
19486
19489
19491
19494
19497
19500
19502
19505
19508
19510
19513
19516
19518
19521
19524
19527
19529
19532
19535
19537
19540
19543
19545
19548
19551
19554
19556
19559
19562
19564
19567
19570
19572
19575
19578
19581
19583
19586
19589
19591
19594
19597
19600
19602
19605
19607
19610
19613
19615
19618
19621
19623
19626
19628
19631
19634
19636
19639
19642
19644
19647
19650
19652
19655
19657
19660
19663
19665
19668
19671
19673
19676
19678
19681
19684
19686
19689
19692
19694
19697
19700
19702
19705
19708
19710
19713
19716
19718
19721
19724
19727
19729
19732
19735
19737
19740
19743
19745
19748
19751
19754
19756
19759
19762
19764
19767
19770
19772
19775
19778
19781
19783
19786
19789
19791
19794
19797
19800
19802
19805
19808
19810
19813
19816
19818
19821
19824
19827
19829
19832
19835
19837
19840
19843
19845
19848
19851
19854
19856
19859
19862
19864
19867
19870
19872
19875
19878
19881
19883
19886
19889
19891
19894
19897
19900
19902
19905
19907
19910
19913
19915
19918
19921
19923
19926
19928
19931
19934
19936
19939
19942
19944
19947
19950
19952
19955
19957
19960
19963
19965
19968
19971
19973
19976
19978
19981
19984
19986
19989
19992
19994
19997
20000
20002
20004
20007
20009
20012
20014
20017
20019
20021
20024
20026
20029
20031
20034
20036
20039
20041
20043
20046
20048
20051
20053
20056
20058
20060
20063
20065
20068
20070
20073
20075
20078
20080
20082
20085
20087
20090
20092
20095
20097
20100
20102
20104
20107
20109
20111
20114
20116
20119
20121
20123
20126
20128
20130
20133
20135
20138
20140
20142
20145
20147
20150
20152
20154
20157
20159
20161
20164
20166
20169
20171
20173
20176
20178
20180
20183
20185
20188
20190
20192
20195
20197
20200
20202
20204
20207
20209
20211
20214
20216
20219
20221
20223
20226
20228
20230
20233
20235
20238
20240
20242
20245
20247
20250
20252
20254
20257
20259
20261
20264
20266
20269
20271
20273
20276
20278
20280
20283
20285
20288
20290
20292
20295
20297
20300
20302
20304
20307
20309
20311
20314
20316
20319
20321
20323
20326
20328
20330
20333
20335
20338
20340
20342
20345
20347
20349
20352
20354
20357
20359
20361
20364
20366
20369
20371
20373
20376
20378
20380
20383
20385
20388
20390
20392
20395
20397
20400
20402
20404
20407
20409
20411
20414
20416
20419
20421
20423
20426
20428
20430
20433
20435
20438
20440
20442
20445
20447
20450
20452
20454
20457
20459
20461
20464
20466
20469
20471
20473
20476
20478
20480
20483
20485
20488
20490
20492
20495
20497
20500
20502
20504
20507
20509
20512
20514
20517
20519
20521
20524
20526
20529
20531
20534
20536
20539
20541
20543
20546
20548
20551
20553
20556
20558
20560
20563
20565
20568
20570
20573
20575
20578
20580
20582
20585
20587
20590
20592
20595
20597
20600
20602
20604
20607
20609
20611
20614
20616
20619
20621
20623
20626
20628
20630
20633
20635
20638
20640
20642
20645
20647
20650
20652
20654
20657
20659
20661
20664
20666
20669
20671
20673
20676
20678
20680
20683
20685
20688
20690
20692
20695
20697
20700
20702
20704
20707
20709
20711
20714
20716
20719
20721
20723
20726
20728
20730
20733
20735
20738
20740
20742
20745
20747
20750
20752
20754
20757
20759
20761
20764
20766
20769
20771
20773
20776
20778
20780
20783
20785
20788
20790
20792
20795
20797
20800
20802
20804
20807
20809
20811
20814
20816
20819
20821
20823
20826
20828
20830
20833
20835
20838
20840
20842
20845
20847
20849
20852
20854
20857
20859
20861
20864
20866
20869
20871
20873
20876
20878
20880
20883
20885
20888
20890
20892
20895
20897
20900
20902
20904
20907
20909
20912
20914
20917
20919
20921
20924
20926
20929
20931
20934
20936
20939
20941
20943
20946
20948
20951
20953
20956
20958
20960
20963
20965
20968
20970
20973
20975
20978
20980
20982
20985
20987
20990
20992
20995
20997
21000
21002
21004
21006
21008
21010
21013
21015
21017
21019
21021
21023
21026
21028
21030
21032
21034
21036
21039
21041
21043
21045
21047
21050
21052
21054
21056
21058
21060
21063
21065
21067
21069
21071
21073
21076
21078
21080
21082
21084
21086
21089
21091
21093
21095
21097
21100
21102
21104
21106
21108
21111
21113
21115
21117
21120
21122
21124
21126
21128
21131
21133
21135
21137
21140
21142
21144
21146
21148
21151
21153
21155
21157
21160
21162
21164
21166
21168
21171
21173
21175
21177
21180
21182
21184
21186
21188
21191
21193
21195
21197
21200
21202
21204
21206
21208
21210
21213
21215
21217
21219
21221
21223
21226
21228
21230
21232
21234
21236
21239
21241
21243
21245
21247
21250
21252
21254
21256
21258
21260
21263
21265
21267
21269
21271
21273
21276
21278
21280
21282
21284
21286
21289
21291
21293
21295
21297
21300
21302
21304
21306
21308
21311
21313
21315
21317
21320
21322
21324
21326
21328
21331
21333
21335
21337
21340
21342
21344
21346
21348
21351
21353
21355
21357
21360
21362
21364
21366
21368
21371
21373
21375
21377
21380
21382
21384
21386
21388
21391
21393
21395
21397
21400
21402
21404
21406
21408
21411
21413
21415
21417
21419
21422
21424
21426
21428
21431
21433
21435
21437
21439
21442
21444
21446
21448
21451
21453
21455
21457
21460
21462
21464
21466
21468
21471
21473
21475
21477
21480
21482
21484
21486
21488
21491
21493
21495
21497
21500
21502
21504
21506
21508
21510
21513
21515
21517
21519
21521
21523
21526
21528
21530
21532
21534
21536
21539
21541
21543
21545
21547
21550
21552
21554
21556
21558
21560
21563
21565
21567
21569
21571
21573
21576
21578
21580
21582
21584
21586
21589
21591
21593
21595
21597
21600
21602
21604
21606
21608
21611
21613
21615
21617
21620
21622
21624
21626
21628
21631
21633
21635
21637
21640
21642
21644
21646
21648
21651
21653
21655
21657
21660
21662
21664
21666
21668
21671
21673
21675
21677
21680
21682
21684
21686
21688
21691
21693
21695
21697
21700
21702
21704
21706
21708
21710
21713
21715
21717
21719
21721
21723
21726
21728
21730
21732
21734
21736
21739
21741
21743
21745
21747
21750
21752
21754
21756
21758
21760
21763
21765
21767
21769
21771
21773
21776
21778
21780
21782
21784
21786
21789
21791
21793
21795
21797
21800
21802
21804
21806
21808
21811
21813
21815
21817
21820
21822
21824
21826
21828
21831
21833
21835
21837
21840
21842
21844
21846
21848
21851
21853
21855
21857
21860
21862
21864
21866
21868
21871
21873
21875
21877
21880
21882
21884
21886
21888
21891
21893
21895
21897
21900
21902
21904
21906
21908
21911
21913
21915
21917
21919
21922
21924
21926
21928
21931
21933
21935
21937
21939
21942
21944
21946
21948
21951
21953
21955
21957
21960
21962
21964
21966
21968
21971
21973
21975
21977
21980
21982
21984
21986
21988
21991
21993
21995
21997
22000
22002
22004
22006
22008
22011
22013
22015
22017
22020
22022
22024
22026
22028
22031
22033
22035
22037
22040
22042
22044
22046
22048
22051
22053
22055
22057
22060
22062
22064
22066
22068
22071
22073
22075
22077
22080
22082
22084
22086
22088
22091
22093
22095
22097
22100
22102
22104
22106
22109
22111
22113
22115
22118
22120
22122
22125
22127
22129
22131
22134
22136
22138
22140
22143
22145
22147
22150
22152
22154
22156
22159
22161
22163
22165
22168
22170
22172
22175
22177
22179
22181
22184
22186
22188
22190
22193
22195
22197
22200
22202
22204
22206
22208
22211
22213
22215
22217
22220
22222
22224
22226
22228
22231
22233
22235
22237
22240
22242
22244
22246
22248
22251
22253
22255
22257
22260
22262
22264
22266
22268
22271
22273
22275
22277
22280
22282
22284
22286
22288
22291
22293
22295
22297
22300
22302
22304
22306
22309
22311
22313
22315
22318
22320
22322
22325
22327
22329
22331
22334
22336
22338
22340
22343
22345
22347
22350
22352
22354
22356
22359
22361
22363
22365
22368
22370
22372
22375
22377
22379
22381
22384
22386
22388
22390
22393
22395
22397
22400
22402
22404
22406
22408
22411
22413
22415
22417
22419
22422
22424
22426
22428
22431
22433
22435
22437
22439
22442
22444
22446
22448
22451
22453
22455
22457
22460
22462
22464
22466
22468
22471
22473
22475
22477
22480
22482
22484
22486
22488
22491
22493
22495
22497
22500
22502
22504
22506
22509
22511
22513
22515
22518
22520
22522
22525
22527
22529
22531
22534
22536
22538
22540
22543
22545
22547
22550
22552
22554
22556
22559
22561
22563
22565
22568
22570
22572
22575
22577
22579
22581
22584
22586
22588
22590
22593
22595
22597
22600
22602
22604
22606
22608
22611
22613
22615
22617
22620
22622
22624
22626
22628
22631
22633
22635
22637
22640
22642
22644
22646
22648
22651
22653
22655
22657
22660
22662
22664
22666
22668
22671
22673
22675
22677
22680
22682
22684
22686
22688
22691
22693
22695
22697
22700
22702
22704
22706
22709
22711
22713
22715
22718
22720
22722
22725
22727
22729
22731
22734
22736
22738
22740
22743
22745
22747
22750
22752
22754
22756
22759
22761
22763
22765
22768
22770
22772
22775
22777
22779
22781
22784
22786
22788
22790
22793
22795
22797
22800
22802
22804
22806
22809
22811
22813
22815
22818
22820
22822
22825
22827
22829
22831
22834
22836
22838
22840
22843
22845
22847
22850
22852
22854
22856
22859
22861
22863
22865
22868
22870
22872
22875
22877
22879
22881
22884
22886
22888
22890
22893
22895
22897
22900
22902
22904
22906
22908
22911
22913
22915
22917
22919
22922
22924
22926
22928
22931
22933
22935
22937
22939
22942
22944
22946
22948
22951
22953
22955
22957
22960
22962
22964
22966
22968
22971
22973
22975
22977
22980
22982
22984
22986
22988
22991
22993
22995
22997
23000
23002
23004
23006
23009
23011
23013
23015
23018
23020
23022
23025
23027
23029
23031
23034
23036
23038
23040
23043
23045
23047
23050
23052
23054
23056
23059
23061
23063
23065
23068
23070
23072
23075
23077
23079
23081
23084
23086
23088
23090
23093
23095
23097
23100
23102
23104
23106
23108
23111
23113
23115
23117
23120
23122
23124
23126
23128
23131
23133
23135
23137
23140
23142
23144
23146
23148
23151
23153
23155
23157
23160
23162
23164
23166
23168
23171
23173
23175
23177
23180
23182
23184
23186
23188
23191
23193
23195
23197
23200
23202
23204
23206
23209
23211
23213
23215
23218
23220
23222
23225
23227
23229
23231
23234
23236
23238
23240
23243
23245
23247
23250
23252
23254
23256
23259
23261
23263
23265
23268
23270
23272
23275
23277
23279
23281
23284
23286
23288
23290
23293
23295
23297
23300
23302
23304
23306
23309
23311
23313
23315
23318
23320
23322
23325
23327
23329
23331
23334
23336
23338
23340
23343
23345
23347
23350
23352
23354
23356
23359
23361
23363
23365
23368
23370
23372
23375
23377
23379
23381
23384
23386
23388
23390
23393
23395
23397
23400
23402
23404
23406
23408
23411
23413
23415
23417
23419
23422
23424
23426
23428
23431
23433
23435
23437
23439
23442
23444
23446
23448
23451
23453
23455
23457
23460
23462
23464
23466
23468
23471
23473
23475
23477
23480
23482
23484
23486
23488
23491
23493
23495
23497
23500
23502
23504
23506
23509
23511
23513
23515
23518
23520
23522
23525
23527
23529
23531
23534
23536
23538
23540
23543
23545
23547
23550
23552
23554
23556
23559
23561
23563
23565
23568
23570
23572
23575
23577
23579
23581
23584
23586
23588
23590
23593
23595
23597
23600
23602
23604
23606
23609
23611
23613
23615
23618
23620
23622
23625
23627
23629
23631
23634
23636
23638
23640
23643
23645
23647
23650
23652
23654
23656
23659
23661
23663
23665
23668
23670
23672
23675
23677
23679
23681
23684
23686
23688
23690
23693
23695
23697
23700
23702
23704
23706
23708
23711
23713
23715
23717
23720
23722
23724
23726
23728
23731
23733
23735
23737
23740
23742
23744
23746
23748
23751
23753
23755
23757
23760
23762
23764
23766
23768
23771
23773
23775
23777
23780
23782
23784
23786
23788
23791
23793
23795
23797
23800
23802
23804
23806
23809
23811
23813
23815
23818
23820
23822
23825
23827
23829
23831
23834
23836
23838
23840
23843
23845
23847
23850
23852
23854
23856
23859
23861
23863
23865
23868
23870
23872
23875
23877
23879
23881
23884
23886
23888
23890
23893
23895
23897
23900
23902
23904
23906
23908
23911
23913
23915
23917
23919
23922
23924
23926
23928
23931
23933
23935
23937
23939
23942
23944
23946
23948
23951
23953
23955
23957
23960
23962
23964
23966
23968
23971
23973
23975
23977
23980
23982
23984
23986
23988
23991
23993
23995
23997
24000
24003
24006
24009
24012
24015
24018
24021
24024
24027
24030
24033
24036
24039
24042
24045
24048
24051
24054
24057
24060
24063
24066
24069
24072
24075
24078
24081
24084
24087
24090
24093
24096
24100
24102
24105
24108
24111
24114
24117
24120
24123
24126
24129
24132
24135
24138
24141
24144
24147
24150
24152
24155
24158
24161
24164
24167
24170
24173
24176
24179
24182
24185
24188
24191
24194
24197
24200
24202
24205
24208
24211
24214
24217
24220
24223
24226
24229
24232
24235
24238
24241
24244
24247
24250
24252
24255
24258
24261
24264
24267
24270
24273
24276
24279
24282
24285
24288
24291
24294
24297
24300
24302
24305
24308
24311
24314
24317
24320
24323
24326
24329
24332
24335
24338
24341
24344
24347
24350
24352
24355
24358
24361
24364
24367
24370
24373
24376
24379
24382
24385
24388
24391
24394
24397
24400
24402
24405
24408
24411
24414
24417
24420
24423
24426
24429
24432
24435
24438
24441
24444
24447
24450
24452
24455
24458
24461
24464
24467
24470
24473
24476
24479
24482
24485
24488
24491
24494
24497
24500
24502
24505
24508
24511
24514
24517
24520
24523
24526
24529
24532
24535
24538
24541
24544
24547
24550
24552
24555
24558
24561
24564
24567
24570
24573
24576
24579
24582
24585
24588
24591
24594
24597
24600
24602
24605
24608
24611
24614
24617
24620
24623
24626
24629
24632
24635
24638
24641
24644
24647
24650
24652
24655
24658
24661
24664
24667
24670
24673
24676
24679
24682
24685
24688
24691
24694
24697
24700
24702
24705
24708
24711
24714
24717
24720
24723
24726
24729
24732
24735
24738
24741
24744
24747
24750
24752
24755
24758
24761
24764
24767
24770
24773
24776
24779
24782
24785
24788
24791
24794
24797
24800
24802
24805
24808
24811
24814
24817
24820
24823
24826
24829
24832
24835
24838
24841
24844
24847
24850
24852
24855
24858
24861
24864
24867
24870
24873
24876
24879
24882
24885
24888
24891
24894
24897
24900
24902
24905
24908
24911
24914
24917
24920
24923
24926
24929
24932
24935
24938
24941
24944
24947
24950
24952
24955
24958
24961
24964
24967
24970
24973
24976
24979
24982
24985
24988
24991
24994
24997
25000
25001
25003
25005
25007
25008
25010
25012
25014
25015
25017
25019
25021
25022
25024
25026
25028
25029
25031
25033
25035
25036
25038
25040
25042
25043
25045
25047
25049
25050
25052
25054
25056
25057
25059
25061
25063
25064
25066
25068
25070
25071
25073
25075
25077
25078
25080
25082
25084
25085
25087
25089
25091
25092
25094
25096
25098
25100
25101
25103
25105
25107
25108
25110
25112
25114
25115
25117
25119
25121
25122
25124
25126
25128
25129
25131
25133
25135
25136
25138
25140
25142
25143
25145
25147
25149
25150
25152
25154
25156
25157
25159
25161
25163
25164
25166
25168
25170
25171
25173
25175
25177
25178
25180
25182
25184
25185
25187
25189
25191
25192
25194
25196
25198
25200
25201
25203
25205
25207
25208
25210
25212
25214
25216
25217
25219
25221
25223
25225
25226
25228
25230
25232
25233
25235
25237
25239
25241
25242
25244
25246
25248
25250
25251
25253
25255
25257
25258
25260
25262
25264
25266
25267
25269
25271
25273
25275
25276
25278
25280
25282
25283
25285
25287
25289
25291
25292
25294
25296
25298
25300
25301
25303
25305
25307
25308
25310
25312
25314
25315
25317
25319
25321
25322
25324
25326
25328
25329
25331
25333
25335
25336
25338
25340
25342
25343
25345
25347
25349
25350
25352
25354
25356
25357
25359
25361
25363
25364
25366
25368
25370
25371
25373
25375
25377
25378
25380
25382
25384
25385
25387
25389
25391
25392
25394
25396
25398
25400
25401
25403
25405
25407
25408
25410
25412
25414
25415
25417
25419
25421
25422
25424
25426
25428
25429
25431
25433
25435
25436
25438
25440
25442
25443
25445
25447
25449
25450
25452
25454
25456
25457
25459
25461
25463
25464
25466
25468
25470
25471
25473
25475
25477
25478
25480
25482
25484
25485
25487
25489
25491
25492
25494
25496
25498
25500
25501
25503
25505
25507
25508
25510
25512
25514
25515
25517
25519
25521
25522
25524
25526
25528
25529
25531
25533
25535
25536
25538
25540
25542
25543
25545
25547
25549
25550
25552
25554
25556
25557
25559
25561
25563
25564
25566
25568
25570
25571
25573
25575
25577
25578
25580
25582
25584
25585
25587
25589
25591
25592
25594
25596
25598
25600
25601
25603
25605
25607
25608
25610
25612
25614
25615
25617
25619
25621
25622
25624
25626
25628
25629
25631
25633
25635
25636
25638
25640
25642
25643
25645
25647
25649
25650
25652
25654
25656
25657
25659
25661
25663
25664
25666
25668
25670
25671
25673
25675
25677
25678
25680
25682
25684
25685
25687
25689
25691
25692
25694
25696
25698
25700
25701
25703
25705
25707
25708
25710
25712
25714
25715
25717
25719
25721
25722
25724
25726
25728
25729
25731
25733
25735
25736
25738
25740
25742
25743
25745
25747
25749
25750
25752
25754
25756
25757
25759
25761
25763
25764
25766
25768
25770
25771
25773
25775
25777
25778
25780
25782
25784
25785
25787
25789
25791
25792
25794
25796
25798
25800
25801
25803
25805
25807
25808
25810
25812
25814
25815
25817
25819
25821
25822
25824
25826
25828
25829
25831
25833
25835
25836
25838
25840
25842
25843
25845
25847
25849
25850
25852
25854
25856
25857
25859
25861
25863
25864
25866
25868
25870
25871
25873
25875
25877
25878
25880
25882
25884
25885
25887
25889
25891
25892
25894
25896
25898
25900
25901
25903
25905
25907
25908
25910
25912
25914
25915
25917
25919
25921
25922
25924
25926
25928
25929
25931
25933
25935
25936
25938
25940
25942
25943
25945
25947
25949
25950
25952
25954
25956
25957
25959
25961
25963
25964
25966
25968
25970
25971
25973
25975
25977
25978
25980
25982
25984
25985
25987
25989
25991
25992
25994
25996
25998
26000
26002
26004
26006
26008
26011
26013
26015
26017
26020
26022
26024
26026
26028
26031
26033
26035
26037
26040
26042
26044
26046
26048
26051
26053
26055
26057
26060
26062
26064
26066
26068
26071
26073
26075
26077
26080
26082
26084
26086
26088
26091
26093
26095
26097
26100
26102
26104
26106
26108
26110
26113
26115
26117
26119
26121
26123
26126
26128
26130
26132
26134
26136
26139
26141
26143
26145
26147
26150
26152
26154
26156
26158
26160
26163
26165
26167
26169
26171
26173
26176
26178
26180
26182
26184
26186
26189
26191
26193
26195
26197
26200
26202
26204
26206
26208
26210
26213
26215
26217
26219
26221
26223
26226
26228
26230
26232
26234
26236
26239
26241
26243
26245
26247
26250
26252
26254
26256
26258
26260
26263
26265
26267
26269
26271
26273
26276
26278
26280
26282
26284
26286
26289
26291
26293
26295
26297
26300
26302
26304
26306
26308
26310
26313
26315
26317
26319
26321
26323
26326
26328
26330
26332
26334
26336
26339
26341
26343
26345
26347
26350
26352
26354
26356
26358
26360
26363
26365
26367
26369
26371
26373
26376
26378
26380
26382
26384
26386
26389
26391
26393
26395
26397
26400
26402
26404
26406
26408
26410
26413
26415
26417
26419
26421
26423
26426
26428
26430
26432
26434
26436
26439
26441
26443
26445
26447
26450
26452
26454
26456
26458
26460
26463
26465
26467
26469
26471
26473
26476
26478
26480
26482
26484
26486
26489
26491
26493
26495
26497
26500
26502
26504
26506
26508
26510
26513
26515
26517
26519
26521
26523
26526
26528
26530
26532
26534
26536
26539
26541
26543
26545
26547
26550
26552
26554
26556
26558
26560
26563
26565
26567
26569
26571
26573
26576
26578
26580
26582
26584
26586
26589
26591
26593
26595
26597
26600
26602
26604
26606
26608
26610
26613
26615
26617
26619
26621
26623
26626
26628
26630
26632
26634
26636
26639
26641
26643
26645
26647
26650
26652
26654
26656
26658
26660
26663
26665
26667
26669
26671
26673
26676
26678
26680
26682
26684
26686
26689
26691
26693
26695
26697
26700
26702
26704
26706
26708
26710
26713
26715
26717
26719
26721
26723
26726
26728
26730
26732
26734
26736
26739
26741
26743
26745
26747
26750
26752
26754
26756
26758
26760
26763
26765
26767
26769
26771
26773
26776
26778
26780
26782
26784
26786
26789
26791
26793
26795
26797
26800
26802
26804
26806
26808
26810
26813
26815
26817
26819
26821
26823
26826
26828
26830
26832
26834
26836
26839
26841
26843
26845
26847
26850
26852
26854
26856
26858
26860
26863
26865
26867
26869
26871
26873
26876
26878
26880
26882
26884
26886
26889
26891
26893
26895
26897
26900
26902
26904
26906
26908
26910
26913
26915
26917
26919
26921
26923
26926
26928
26930
26932
26934
26936
26939
26941
26943
26945
26947
26950
26952
26954
26956
26958
26960
26963
26965
26967
26969
26971
26973
26976
26978
26980
26982
26984
26986
26989
26991
26993
26995
26997
27000
27002
27004
27006
27008
27010
27013
27015
27017
27019
27021
27023
27026
27028
27030
27032
27034
27036
27039
27041
27043
27045
27047
27050
27052
27054
27056
27058
27060
27063
27065
27067
27069
27071
27073
27076
27078
27080
27082
27084
27086
27089
27091
27093
27095
27097
27100
27102
27104
27106
27108
27110
27112
27114
27117
27119
27121
27123
27125
27127
27129
27131
27134
27136
27138
27140
27142
27144
27146
27148
27151
27153
27155
27157
27159
27161
27163
27165
27168
27170
27172
27174
27176
27178
27180
27182
27185
27187
27189
27191
27193
27195
27197
27200
27202
27204
27206
27208
27210
27213
27215
27217
27219
27221
27223
27226
27228
27230
27232
27234
27236
27239
27241
27243
27245
27247
27250
27252
27254
27256
27258
27260
27263
27265
27267
27269
27271
27273
27276
27278
27280
27282
27284
27286
27289
27291
27293
27295
27297
27300
27302
27304
27306
27308
27310
27312
27314
27317
27319
27321
27323
27325
27327
27329
27331
27334
27336
27338
27340
27342
27344
27346
27348
27351
27353
27355
27357
27359
27361
27363
27365
27368
27370
27372
27374
27376
27378
27380
27382
27385
27387
27389
27391
27393
27395
27397
27400
27402
27404
27406
27408
27410
27413
27415
27417
27419
27421
27423
27426
27428
27430
27432
27434
27436
27439
27441
27443
27445
27447
27450
27452
27454
27456
27458
27460
27463
27465
27467
27469
27471
27473
27476
27478
27480
27482
27484
27486
27489
27491
27493
27495
27497
27500
27502
27504
27506
27508
27510
27513
27515
27517
27519
27521
27523
27526
27528
27530
27532
27534
27536
27539
27541
27543
27545
27547
27550
27552
27554
27556
27558
27560
27563
27565
27567
27569
27571
27573
27576
27578
27580
27582
27584
27586
27589
27591
27593
27595
27597
27600
27602
27604
27606
27608
27610
27612
27614
27617
27619
27621
27623
27625
27627
27629
27631
27634
27636
27638
27640
27642
27644
27646
27648
27651
27653
27655
27657
27659
27661
27663
27665
27668
27670
27672
27674
27676
27678
27680
27682
27685
27687
27689
27691
27693
27695
27697
27700
27702
27704
27706
27708
27710
27713
27715
27717
27719
27721
27723
27726
27728
27730
27732
27734
27736
27739
27741
27743
27745
27747
27750
27752
27754
27756
27758
27760
27763
27765
27767
27769
27771
27773
27776
27778
27780
27782
27784
27786
27789
27791
27793
27795
27797
27800
27802
27804
27806
27808
27810
27812
27814
27817
27819
27821
27823
27825
27827
27829
27831
27834
27836
27838
27840
27842
27844
27846
27848
27851
27853
27855
27857
27859
27861
27863
27865
27868
27870
27872
27874
27876
27878
27880
27882
27885
27887
27889
27891
27893
27895
27897
27900
27902
27904
27906
27908
27910
27913
27915
27917
27919
27921
27923
27926
27928
27930
27932
27934
27936
27939
27941
27943
27945
27947
27950
27952
27954
27956
27958
27960
27963
27965
27967
27969
27971
27973
27976
27978
27980
27982
27984
27986
27989
27991
27993
27995
27997
28000
28002
28004
28006
28008
28010
28012
28014
28017
28019
28021
28023
28025
28027
28029
28031
28034
28036
28038
28040
28042
28044
28046
28048
28051
28053
28055
28057
28059
28061
28063
28065
28068
28070
28072
28074
28076
28078
28080
28082
28085
28087
28089
28091
28093
28095
28097
28100
28102
28104
28106
28108
28110
28112
28114
28117
28119
28121
28123
28125
28127
28129
28131
28134
28136
28138
28140
28142
28144
28146
28148
28151
28153
28155
28157
28159
28161
28163
28165
28168
28170
28172
28174
28176
28178
28180
28182
28185
28187
28189
28191
28193
28195
28197
28200
28202
28204
28206
28208
28210
28212
28214
28217
28219
28221
28223
28225
28227
28229
28231
28234
28236
28238
28240
28242
28244
28246
28248
28251
28253
28255
28257
28259
28261
28263
28265
28268
28270
28272
28274
28276
28278
28280
28282
28285
28287
28289
28291
28293
28295
28297
28300
28302
28304
28306
28308
28310
28312
28314
28317
28319
28321
28323
28325
28327
28329
28331
28334
28336
28338
28340
28342
28344
28346
28348
28351
28353
28355
28357
28359
28361
28363
28365
28368
28370
28372
28374
28376
28378
28380
28382
28385
28387
28389
28391
28393
28395
28397
28400
28402
28404
28406
28408
28410
28412
28414
28417
28419
28421
28423
28425
28427
28429
28431
28434
28436
28438
28440
28442
28444
28446
28448
28451
28453
28455
28457
28459
28461
28463
28465
28468
28470
28472
28474
28476
28478
28480
28482
28485
28487
28489
28491
28493
28495
28497
28500
28502
28504
28506
28508
28510
28512
28514
28517
28519
28521
28523
28525
28527
28529
28531
28534
28536
28538
28540
28542
28544
28546
28548
28551
28553
28555
28557
28559
28561
28563
28565
28568
28570
28572
28574
28576
28578
28580
28582
28585
28587
28589
28591
28593
28595
28597
28600
28602
28604
28606
28608
28610
28612
28614
28617
28619
28621
28623
28625
28627
28629
28631
28634
28636
28638
28640
28642
28644
28646
28648
28651
28653
28655
28657
28659
28661
28663
28665
28668
28670
28672
28674
28676
28678
28680
28682
28685
28687
28689
28691
28693
28695
28697
28700
28702
28704
28706
28708
28710
28712
28714
28717
28719
28721
28723
28725
28727
28729
28731
28734
28736
28738
28740
28742
28744
28746
28748
28751
28753
28755
28757
28759
28761
28763
28765
28768
28770
28772
28774
28776
28778
28780
28782
28785
28787
28789
28791
28793
28795
28797
28800
28802
28804
28806
28808
28810
28812
28814
28817
28819
28821
28823
28825
28827
28829
28831
28834
28836
28838
28840
28842
28844
28846
28848
28851
28853
28855
28857
28859
28861
28863
28865
28868
28870
28872
28874
28876
28878
28880
28882
28885
28887
28889
28891
28893
28895
28897
28900
28902
28904
28906
28908
28910
28912
28914
28916
28918
28920
28922
28924
28927
28929
28931
28933
28935
28937
28939
28941
28943
28945
28947
28950
28952
28954
28956
28958
28960
28962
28964
28966
28968
28970
28972
28975
28977
28979
28981
28983
28985
28987
28989
28991
28993
28995
28997
29000
29002
29005
29007
29010
29012
29015
29017
29020
29023
29025
29028
29030
29033
29035
29038
29041
29043
29046
29048
29051
29053
29056
29058
29061
29064
29066
29069
29071
29074
29076
29079
29082
29084
29087
29089
29092
29094
29097
29100
29102
29105
29107
29110
29112
29115
29117
29120
29123
29125
29128
29130
29133
29135
29138
29141
29143
29146
29148
29151
29153
29156
29158
29161
29164
29166
29169
29171
29174
29176
29179
29182
29184
29187
29189
29192
29194
29197
29200
29202
29205
29207
29210
29212
29215
29217
29220
29223
29225
29228
29230
29233
29235
29238
29241
29243
29246
29248
29251
29253
29256
29258
29261
29264
29266
29269
29271
29274
29276
29279
29282
29284
29287
29289
29292
29294
29297
29300
29302
29305
29307
29310
29312
29315
29317
29320
29323
29325
29328
29330
29333
29335
29338
29341
29343
29346
29348
29351
29353
29356
29358
29361
29364
29366
29369
29371
29374
29376
29379
29382
29384
29387
29389
29392
29394
29397
29400
29402
29405
29407
29410
29412
29415
29417
29420
29423
29425
29428
29430
29433
29435
29438
29441
29443
29446
29448
29451
29453
29456
29458
29461
29464
29466
29469
29471
29474
29476
29479
29482
29484
29487
29489
29492
29494
29497
29500
29502
29505
29507
29510
29512
29515
29517
29520
29523
29525
29528
29530
29533
29535
29538
29541
29543
29546
29548
29551
29553
29556
29558
29561
29564
29566
29569
29571
29574
29576
29579
29582
29584
29587
29589
29592
29594
29597
29600
29602
29605
29607
29610
29612
29615
29617
29620
29623
29625
29628
29630
29633
29635
29638
29641
29643
29646
29648
29651
29653
29656
29658
29661
29664
29666
29669
29671
29674
29676
29679
29682
29684
29687
29689
29692
29694
29697
29700
29702
29705
29707
29710
29712
29715
29717
29720
29723
29725
29728
29730
29733
29735
29738
29741
29743
29746
29748
29751
29753
29756
29758
29761
29764
29766
29769
29771
29774
29776
29779
29782
29784
29787
29789
29792
29794
29797
29800
29802
29805
29807
29810
29812
29815
29817
29820
29823
29825
29828
29830
29833
29835
29838
29841
29843
29846
29848
29851
29853
29856
29858
29861
29864
29866
29869
29871
29874
29876
29879
29882
29884
29887
29889
29892
29894
29897
29900
29902
29905
29907
29910
29912
29915
29917
29920
29923
29925
29928
29930
29933
29935
29938
29941
29943
29946
29948
29951
29953
29956
29958
29961
29964
29966
29969
29971
29974
29976
29979
29982
29984
29987
29989
29992
29994
29997
30000
