0.10 61747.20
0.20 61747.20
0.30 61747.20
0.40 61747.20
0.50 61747.20
0.60 61747.20
0.70 61747.20
0.80 61747.20
0.90 61747.20
1.00 61747.20
1.10 57241.60
1.20 57241.60
1.30 57241.60
1.40 57241.60
1.50 57241.60
1.60 57241.60
1.70 57241.60
1.80 57241.60
1.90 57241.60
2.00 57241.60
2.10 22528.00
2.20 22528.00
2.30 22528.00
2.40 22528.00
2.50 22528.00
2.60 22528.00
2.70 22528.00
2.80 22528.00
2.90 22528.00
3.00 22528.00
3.10 117145.60
3.20 117145.60
3.30 117145.60
3.40 117145.60
3.50 117145.60
3.60 117145.60
3.70 117145.60
3.80 117145.60
3.90 117145.60
4.00 117145.60
4.10 67686.40
4.20 67686.40
4.30 67686.40
4.40 67686.40
4.50 67686.40
4.60 67686.40
4.70 67686.40
4.80 67686.40
4.90 67686.40
5.00 67686.40
5.10 64614.40
5.20 64614.40
5.30 64614.40
5.40 64614.40
5.50 64614.40
5.60 64614.40
5.70 64614.40
5.80 64614.40
5.90 64614.40
6.00 64614.40
6.10 71884.80
6.20 71884.80
6.30 71884.80
6.40 71884.80
6.50 71884.80
6.60 71884.80
6.70 71884.80
6.80 71884.80
6.90 71884.80
7.00 71884.80
7.10 66560.00
7.20 66560.00
7.30 66560.00
7.40 66560.00
7.50 66560.00
7.60 66560.00
7.70 66560.00
7.80 66560.00
7.90 66560.00
8.00 66560.00
8.10 58777.60
8.20 58777.60
8.30 58777.60
8.40 58777.60
8.50 58777.60
8.60 58777.60
8.70 58777.60
8.80 58777.60
8.90 58777.60
9.00 58777.60
9.10 59392.00
9.20 59392.00
9.30 59392.00
9.40 59392.00
9.50 59392.00
9.60 59392.00
9.70 59392.00
9.80 59392.00
9.90 59392.00
10.00 59392.00
10.10 72704.00
10.20 72704.00
10.30 72704.00
10.40 72704.00
10.50 72704.00
10.60 72704.00
10.70 72704.00
10.80 72704.00
10.90 72704.00
11.00 72704.00
11.10 71475.20
11.20 71475.20
11.30 71475.20
11.40 71475.20
11.50 71475.20
11.60 71475.20
11.70 71475.20
11.80 71475.20
11.90 71475.20
12.00 71475.20
12.10 52940.80
12.20 52940.80
12.30 52940.80
12.40 52940.80
12.50 52940.80
12.60 52940.80
12.70 52940.80
12.80 52940.80
12.90 52940.80
13.00 52940.80
13.10 26726.40
13.20 26726.40
13.30 26726.40
13.40 26726.40
13.50 26726.40
13.60 26726.40
13.70 26726.40
13.80 26726.40
13.90 26726.40
14.00 26726.40
14.10 104652.80
14.20 104652.80
14.30 104652.80
14.40 104652.80
14.50 104652.80
14.60 104652.80
14.70 104652.80
14.80 104652.80
14.90 104652.80
15.00 104652.80
15.10 74035.20
15.20 74035.20
15.30 74035.20
15.40 74035.20
15.50 74035.20
15.60 74035.20
15.70 74035.20
15.80 74035.20
15.90 74035.20
16.00 74035.20
16.10 74035.20
16.20 74035.20
16.30 74035.20
16.40 74035.20
16.50 74035.20
16.60 74035.20
16.70 74035.20
16.80 74035.20
16.90 74035.20
17.00 74035.20
17.10 74649.60
17.20 74649.60
17.30 74649.60
17.40 74649.60
17.50 74649.60
17.60 74649.60
17.70 74649.60
17.80 74649.60
17.90 74649.60
18.00 74649.60
18.10 74240.00
18.20 74240.00
18.30 74240.00
18.40 74240.00
18.50 74240.00
18.60 74240.00
18.70 74240.00
18.80 74240.00
18.90 74240.00
19.00 74240.00
19.10 75980.80
19.20 75980.80
19.30 75980.80
19.40 75980.80
19.50 75980.80
19.60 75980.80
19.70 75980.80
19.80 75980.80
19.90 75980.80
20.00 75980.80
20.10 75878.40
20.20 75878.40
20.30 75878.40
20.40 75878.40
20.50 75878.40
20.60 75878.40
20.70 75878.40
20.80 75878.40
20.90 75878.40
21.00 75878.40
21.10 75878.40
21.20 75878.40
21.30 75878.40
21.40 75878.40
21.50 75878.40
21.60 75878.40
21.70 75878.40
21.80 75878.40
21.90 75878.40
22.00 75878.40
22.10 75980.80
22.20 75980.80
22.30 75980.80
22.40 75980.80
22.50 75980.80
22.60 75980.80
22.70 75980.80
22.80 75980.80
22.90 75980.80
23.00 75980.80
23.10 56832.00
23.20 56832.00
23.30 56832.00
23.40 56832.00
23.50 56832.00
23.60 56832.00
23.70 56832.00
23.80 56832.00
23.90 56832.00
24.00 56832.00
24.10 89292.80
24.20 89292.80
24.30 89292.80
24.40 89292.80
24.50 89292.80
24.60 89292.80
24.70 89292.80
24.80 89292.80
24.90 89292.80
25.00 89292.80
25.10 73830.40
25.20 73830.40
25.30 73830.40
25.40 73830.40
25.50 73830.40
25.60 73830.40
25.70 73830.40
25.80 73830.40
25.90 73830.40
26.00 73830.40
26.10 73523.20
26.20 73523.20
26.30 73523.20
26.40 73523.20
26.50 73523.20
26.60 73523.20
26.70 73523.20
26.80 73523.20
26.90 73523.20
27.00 73523.20
27.10 71577.60
27.20 71577.60
27.30 71577.60
27.40 71577.60
27.50 71577.60
27.60 71577.60
27.70 71577.60
27.80 71577.60
27.90 71577.60
28.00 71577.60
28.10 75059.20
28.20 75059.20
28.30 75059.20
28.40 75059.20
28.50 75059.20
28.60 75059.20
28.70 75059.20
28.80 75059.20
28.90 75059.20
29.00 75059.20
29.10 75878.40
29.20 75878.40
29.30 75878.40
29.40 75878.40
29.50 75878.40
29.60 75878.40
29.70 75878.40
29.80 75878.40
29.90 75878.40
30.00 75878.40
