0.10 172484.41
0.20 172484.41
0.30 172484.41
0.40 172484.41
0.50 172484.41
0.60 172484.41
0.70 172484.41
0.80 172484.41
0.90 172484.41
1.00 172484.41
1.10 193228.26
1.20 193228.26
1.30 193228.26
1.40 193228.26
1.50 193228.26
1.60 193228.26
1.70 193228.26
1.80 193228.26
1.90 193228.26
2.00 193228.26
2.10 166496.69
2.20 166496.69
2.30 166496.69
2.40 166496.69
2.50 166496.69
2.60 166496.69
2.70 166496.69
2.80 166496.69
2.90 166496.69
3.00 166496.69
3.10 177224.65
3.20 177224.65
3.30 177224.65
3.40 177224.65
3.50 177224.65
3.60 177224.65
3.70 177224.65
3.80 177224.65
3.90 177224.65
4.00 177224.65
4.10 186652.99
4.20 186652.99
4.30 186652.99
4.40 186652.99
4.50 186652.99
4.60 186652.99
4.70 186652.99
4.80 186652.99
4.90 186652.99
5.00 186652.99
5.10 188486.62
5.20 188486.62
5.30 188486.62
5.40 188486.62
5.50 188486.62
5.60 188486.62
5.70 188486.62
5.80 188486.62
5.90 188486.62
6.00 188486.62
6.10 179376.31
6.20 179376.31
6.30 179376.31
6.40 179376.31
6.50 179376.31
6.60 179376.31
6.70 179376.31
6.80 179376.31
6.90 179376.31
7.00 179376.31
7.10 192598.33
7.20 192598.33
7.30 192598.33
7.40 192598.33
7.50 192598.33
7.60 192598.33
7.70 192598.33
7.80 192598.33
7.90 192598.33
8.00 192598.33
8.10 195825.47
8.20 195825.47
8.30 195825.47
8.40 195825.47
8.50 195825.47
8.60 195825.47
8.70 195825.47
8.80 195825.47
8.90 195825.47
9.00 195825.47
9.10 159378.08
9.20 159378.08
9.30 159378.08
9.40 159378.08
9.50 159378.08
9.60 159378.08
9.70 159378.08
9.80 159378.08
9.90 159378.08
10.00 159378.08
10.10 138239.29
10.20 138239.29
10.30 138239.29
10.40 138239.29
10.50 138239.29
10.60 138239.29
10.70 138239.29
10.80 138239.29
10.90 138239.29
11.00 138239.29
11.10 195443.34
11.20 195443.34
11.30 195443.34
11.40 195443.34
11.50 195443.34
11.60 195443.34
11.70 195443.34
11.80 195443.34
11.90 195443.34
12.00 195443.34
12.10 160095.59
12.20 160095.59
12.30 160095.59
12.40 160095.59
12.50 160095.59
12.60 160095.59
12.70 160095.59
12.80 160095.59
12.90 160095.59
13.00 160095.59
13.10 144330.66
13.20 144330.66
13.30 144330.66
13.40 144330.66
13.50 144330.66
13.60 144330.66
13.70 144330.66
13.80 144330.66
13.90 144330.66
14.00 144330.66
14.10 125607.14
14.20 125607.14
14.30 125607.14
14.40 125607.14
14.50 125607.14
14.60 125607.14
14.70 125607.14
14.80 125607.14
14.90 125607.14
15.00 125607.14
15.10 224684.11
15.20 224684.11
15.30 224684.11
15.40 224684.11
15.50 224684.11
15.60 224684.11
15.70 224684.11
15.80 224684.11
15.90 224684.11
16.00 224684.11
16.10 190596.33
16.20 190596.33
16.30 190596.33
16.40 190596.33
16.50 190596.33
16.60 190596.33
16.70 190596.33
16.80 190596.33
16.90 190596.33
17.00 190596.33
17.10 158229.05
17.20 158229.05
17.30 158229.05
17.40 158229.05
17.50 158229.05
17.60 158229.05
17.70 158229.05
17.80 158229.05
17.90 158229.05
18.00 158229.05
18.10 182075.43
18.20 182075.43
18.30 182075.43
18.40 182075.43
18.50 182075.43
18.60 182075.43
18.70 182075.43
18.80 182075.43
18.90 182075.43
19.00 182075.43
19.10 173842.53
19.20 173842.53
19.30 173842.53
19.40 173842.53
19.50 173842.53
19.60 173842.53
19.70 173842.53
19.80 173842.53
19.90 173842.53
20.00 173842.53
20.10 145934.91
20.20 145934.91
20.30 145934.91
20.40 145934.91
20.50 145934.91
20.60 145934.91
20.70 145934.91
20.80 145934.91
20.90 145934.91
21.00 145934.91
21.10 176770.90
21.20 176770.90
21.30 176770.90
21.40 176770.90
21.50 176770.90
21.60 176770.90
21.70 176770.90
21.80 176770.90
21.90 176770.90
22.00 176770.90
22.10 173309.40
22.20 173309.40
22.30 173309.40
22.40 173309.40
22.50 173309.40
22.60 173309.40
22.70 173309.40
22.80 173309.40
22.90 173309.40
23.00 173309.40
23.10 137781.24
23.20 137781.24
23.30 137781.24
23.40 137781.24
23.50 137781.24
23.60 137781.24
23.70 137781.24
23.80 137781.24
23.90 137781.24
24.00 137781.24
24.10 121453.97
24.20 121453.97
24.30 121453.97
24.40 121453.97
24.50 121453.97
24.60 121453.97
24.70 121453.97
24.80 121453.97
24.90 121453.97
25.00 121453.97
25.10 137407.90
25.20 137407.90
25.30 137407.90
25.40 137407.90
25.50 137407.90
25.60 137407.90
25.70 137407.90
25.80 137407.90
25.90 137407.90
26.00 137407.90
26.10 179991.20
26.20 179991.20
26.30 179991.20
26.40 179991.20
26.50 179991.20
26.60 179991.20
26.70 179991.20
26.80 179991.20
26.90 179991.20
27.00 179991.20
27.10 178195.75
27.20 178195.75
27.30 178195.75
27.40 178195.75
27.50 178195.75
27.60 178195.75
27.70 178195.75
27.80 178195.75
27.90 178195.75
28.00 178195.75
28.10 185891.84
28.20 185891.84
28.30 185891.84
28.40 185891.84
28.50 185891.84
28.60 185891.84
28.70 185891.84
28.80 185891.84
28.90 185891.84
29.00 185891.84
29.10 220500.71
29.20 220500.71
29.30 220500.71
29.40 220500.71
29.50 220500.71
29.60 220500.71
29.70 220500.71
29.80 220500.71
29.90 220500.71
30.00 220500.71
