0.10 102400.00
0.20 102400.00
0.30 102400.00
0.40 102400.00
0.50 102400.00
0.60 102400.00
0.70 102400.00
0.80 102400.00
0.90 102400.00
1.00 102400.00
1.10 101376.00
1.20 101376.00
1.30 101376.00
1.40 101376.00
1.50 101376.00
1.60 101376.00
1.70 101376.00
1.80 101376.00
1.90 101376.00
2.00 101376.00
2.10 100454.40
2.20 100454.40
2.30 100454.40
2.40 100454.40
2.50 100454.40
2.60 100454.40
2.70 100454.40
2.80 100454.40
2.90 100454.40
3.00 100454.40
3.10 102400.00
3.20 102400.00
3.30 102400.00
3.40 102400.00
3.50 102400.00
3.60 102400.00
3.70 102400.00
3.80 102400.00
3.90 102400.00
4.00 102400.00
4.10 102092.80
4.20 102092.80
4.30 102092.80
4.40 102092.80
4.50 102092.80
4.60 102092.80
4.70 102092.80
4.80 102092.80
4.90 102092.80
5.00 102092.80
5.10 101580.80
5.20 101580.80
5.30 101580.80
5.40 101580.80
5.50 101580.80
5.60 101580.80
5.70 101580.80
5.80 101580.80
5.90 101580.80
6.00 101580.80
6.10 101683.20
6.20 101683.20
6.30 101683.20
6.40 101683.20
6.50 101683.20
6.60 101683.20
6.70 101683.20
6.80 101683.20
6.90 101683.20
7.00 101683.20
7.10 104448.00
7.20 104448.00
7.30 104448.00
7.40 104448.00
7.50 104448.00
7.60 104448.00
7.70 104448.00
7.80 104448.00
7.90 104448.00
8.00 104448.00
8.10 101683.20
8.20 101683.20
8.30 101683.20
8.40 101683.20
8.50 101683.20
8.60 101683.20
8.70 101683.20
8.80 101683.20
8.90 101683.20
9.00 101683.20
9.10 99225.60
9.20 99225.60
9.30 99225.60
9.40 99225.60
9.50 99225.60
9.60 99225.60
9.70 99225.60
9.80 99225.60
9.90 99225.60
10.00 99225.60
10.10 101990.40
10.20 101990.40
10.30 101990.40
10.40 101990.40
10.50 101990.40
10.60 101990.40
10.70 101990.40
10.80 101990.40
10.90 101990.40
11.00 101990.40
11.10 102912.00
11.20 102912.00
11.30 102912.00
11.40 102912.00
11.50 102912.00
11.60 102912.00
11.70 102912.00
11.80 102912.00
11.90 102912.00
12.00 102912.00
12.10 101785.60
12.20 101785.60
12.30 101785.60
12.40 101785.60
12.50 101785.60
12.60 101785.60
12.70 101785.60
12.80 101785.60
12.90 101785.60
13.00 101785.60
13.10 108953.60
13.20 108953.60
13.30 108953.60
13.40 108953.60
13.50 108953.60
13.60 108953.60
13.70 108953.60
13.80 108953.60
13.90 108953.60
14.00 108953.60
14.10 105676.80
14.20 105676.80
14.30 105676.80
14.40 105676.80
14.50 105676.80
14.60 105676.80
14.70 105676.80
14.80 105676.80
14.90 105676.80
15.00 105676.80
15.10 105472.00
15.20 105472.00
15.30 105472.00
15.40 105472.00
15.50 105472.00
15.60 105472.00
15.70 105472.00
15.80 105472.00
15.90 105472.00
16.00 105472.00
16.10 104345.60
16.20 104345.60
16.30 104345.60
16.40 104345.60
16.50 104345.60
16.60 104345.60
16.70 104345.60
16.80 104345.60
16.90 104345.60
17.00 104345.60
17.10 103321.60
17.20 103321.60
17.30 103321.60
17.40 103321.60
17.50 103321.60
17.60 103321.60
17.70 103321.60
17.80 103321.60
17.90 103321.60
18.00 103321.60
18.10 100761.60
18.20 100761.60
18.30 100761.60
18.40 100761.60
18.50 100761.60
18.60 100761.60
18.70 100761.60
18.80 100761.60
18.90 100761.60
19.00 100761.60
19.10 104038.40
19.20 104038.40
19.30 104038.40
19.40 104038.40
19.50 104038.40
19.60 104038.40
19.70 104038.40
19.80 104038.40
19.90 104038.40
20.00 104038.40
20.10 98406.40
20.20 98406.40
20.30 98406.40
20.40 98406.40
20.50 98406.40
20.60 98406.40
20.70 98406.40
20.80 98406.40
20.90 98406.40
21.00 98406.40
21.10 102400.00
21.20 102400.00
21.30 102400.00
21.40 102400.00
21.50 102400.00
21.60 102400.00
21.70 102400.00
21.80 102400.00
21.90 102400.00
22.00 102400.00
22.10 100454.40
22.20 100454.40
22.30 100454.40
22.40 100454.40
22.50 100454.40
22.60 100454.40
22.70 100454.40
22.80 100454.40
22.90 100454.40
23.00 100454.40
23.10 103526.40
23.20 103526.40
23.30 103526.40
23.40 103526.40
23.50 103526.40
23.60 103526.40
23.70 103526.40
23.80 103526.40
23.90 103526.40
24.00 103526.40
24.10 102502.40
24.20 102502.40
24.30 102502.40
24.40 102502.40
24.50 102502.40
24.60 102502.40
24.70 102502.40
24.80 102502.40
24.90 102502.40
25.00 102502.40
25.10 103116.80
25.20 103116.80
25.30 103116.80
25.40 103116.80
25.50 103116.80
25.60 103116.80
25.70 103116.80
25.80 103116.80
25.90 103116.80
26.00 103116.80
26.10 91136.00
26.20 91136.00
26.30 91136.00
26.40 91136.00
26.50 91136.00
26.60 91136.00
26.70 91136.00
26.80 91136.00
26.90 91136.00
27.00 91136.00
27.10 115404.80
27.20 115404.80
27.30 115404.80
27.40 115404.80
27.50 115404.80
27.60 115404.80
27.70 115404.80
27.80 115404.80
27.90 115404.80
28.00 115404.80
28.10 100044.80
28.20 100044.80
28.30 100044.80
28.40 100044.80
28.50 100044.80
28.60 100044.80
28.70 100044.80
28.80 100044.80
28.90 100044.80
29.00 100044.80
29.10 102502.40
29.20 102502.40
29.30 102502.40
29.40 102502.40
29.50 102502.40
29.60 102502.40
29.70 102502.40
29.80 102502.40
29.90 102502.40
30.00 102502.40
