0.12 150000.0
0.23 223500.0
0.33 288000.0
0.43 186000.0
0.53 240000.0
0.63 229500.0
0.74 258000.0
0.87 226500.0
0.97 324000.0
1.08 193500.0
1.18 274500.0
1.28 234000.0
1.38 384000.0
1.48 286500.0
1.59 304500.0
1.71 45000.0
1.82 529500.0
1.91 249000.0
2.02 205500.0
2.12 288000.0
2.22 346500.0
2.32 207000.0
2.42 337500.0
2.53 229500.0
2.63 442500.0
2.73 321000.0
2.83 360000.0
2.93 277500.0
3.04 192000.0
3.15 91500.0
3.25 216000.0
3.40 373500.0
3.51 355500.0
3.61 355500.0
3.71 262500.0
3.83 358500.0
3.93 271500.0
4.03 318000.0
4.13 192000.0
4.24 157500.0
4.34 142500.0
4.46 168000.0
4.56 201000.0
4.67 121500.0
4.77 115500.0
4.87 112500.0
4.97 136500.0
5.08 48000.0
5.18 81000.0
5.28 147000.0
5.38 97500.0
5.48 123000.0
5.59 156000.0
5.69 118500.0
5.80 45000.0
5.95 124500.0
6.07 417000.0
6.17 130500.0
6.27 91500.0
6.37 79500.0
6.47 120000.0
6.58 87000.0
6.67 111000.0
6.78 100500.0
6.89 78000.0
6.99 82500.0
7.09 72000.0
7.19 40500.0
7.30 43500.0
7.40 91500.0
7.51 75000.0
7.61 102000.0
7.71 69000.0
7.82 67500.0
7.92 135000.0
8.02 63000.0
8.12 48000.0
8.23 82500.0
8.34 103500.0
8.44 69000.0
8.55 61500.0
8.65 93000.0
8.75 46500.0
8.86 54000.0
8.96 54000.0
9.06 69000.0
9.16 105000.0
9.26 78000.0
9.36 78000.0
9.46 121500.0
9.57 84000.0
9.67 54000.0
9.77 102000.0
9.87 301500.0
9.97 262500.0
10.07 234000.0
10.18 75000.0
10.28 102000.0
10.38 66000.0
10.48 69000.0
10.62 66000.0
10.72 118500.0
10.83 184500.0
10.93 289500.0
11.03 219000.0
11.14 55500.0
11.24 160500.0
11.34 244500.0
11.44 159000.0
11.54 165000.0
11.64 157500.0
11.74 207000.0
11.84 246000.0
11.95 174000.0
12.05 114000.0
12.15 112500.0
12.26 102000.0
12.36 123000.0
12.46 121500.0
12.56 97500.0
12.67 148500.0
12.77 147000.0
12.87 195000.0
12.97 133500.0
13.10 136500.0
13.20 217500.0
13.30 135000.0
13.41 261000.0
13.51 274500.0
13.61 246000.0
13.71 232500.0
13.83 210000.0
13.94 298500.0
14.04 154500.0
14.16 271500.0
14.26 312000.0
14.36 243000.0
14.59 49500.0
14.69 216000.0
14.79 76500.0
14.89 168000.0
14.99 145500.0
15.09 145500.0
15.20 153000.0
15.30 147000.0
15.40 178500.0
15.50 142500.0
15.60 117000.0
15.72 102000.0
15.82 70500.0
15.92 106500.0
16.02 168000.0
16.14 162000.0
16.25 34500.0
16.35 127500.0
16.46 126000.0
16.57 142500.0
16.68 75000.0
16.78 37500.0
16.88 88500.0
16.98 99000.0
17.09 156000.0
17.19 96000.0
17.30 55500.0
17.41 121500.0
17.52 196500.0
17.62 118500.0
17.73 138000.0
17.83 216000.0
17.93 229500.0
18.05 63000.0
18.15 174000.0
18.25 157500.0
18.35 142500.0
18.45 142500.0
18.55 165000.0
18.66 219000.0
18.76 180000.0
18.86 238500.0
18.97 192000.0
19.09 231000.0
19.20 73500.0
19.32 73500.0
19.42 75000.0
19.53 40500.0
19.64 52500.0
19.74 66000.0
19.84 66000.0
19.95 127500.0
20.05 229500.0
20.15 192000.0
20.26 168000.0
20.36 231000.0
20.46 205500.0
20.56 262500.0
20.66 199500.0
20.76 192000.0
20.86 180000.0
20.97 250500.0
21.07 279000.0
21.17 157500.0
21.27 183000.0
21.37 217500.0
21.48 178500.0
21.58 126000.0
21.69 141000.0
21.79 127500.0
21.89 168000.0
22.00 193500.0
22.10 39000.0
22.20 42000.0
22.31 85500.0
22.41 120000.0
22.51 145500.0
22.62 154500.0
22.72 66000.0
22.82 115500.0
22.92 133500.0
23.02 144000.0
23.13 142500.0
23.23 184500.0
23.35 163500.0
23.47 189000.0
23.59 121500.0
23.70 186000.0
23.80 63000.0
23.90 127500.0
24.00 103500.0
24.11 190500.0
24.21 117000.0
24.32 181500.0
24.42 117000.0
24.52 87000.0
24.62 70500.0
24.72 82500.0
24.83 63000.0
24.93 64500.0
25.03 88500.0
25.13 51000.0
25.23 117000.0
25.33 123000.0
25.44 244500.0
25.54 88500.0
25.64 66000.0
25.75 54000.0
25.85 45000.0
25.95 51000.0
26.05 126000.0
26.16 33000.0
26.26 22500.0
26.38 54000.0
26.47 48000.0
26.58 57000.0
26.68 31500.0
26.78 40500.0
26.89 51000.0
26.99 60000.0
27.09 81000.0
27.20 48000.0
27.30 79500.0
27.40 87000.0
27.51 108000.0
27.61 205500.0
27.72 129000.0
27.82 97500.0
27.93 100500.0
28.05 168000.0
28.14 253500.0
28.24 123000.0
28.35 207000.0
28.44 280500.0
28.55 132000.0
28.65 195000.0
28.75 84000.0
28.86 78000.0
28.96 183000.0
29.06 226500.0
29.17 225000.0
29.28 207000.0
29.38 24000.0
29.48 36000.0
29.59 55500.0
29.70 69000.0
29.80 45000.0
29.90 75000.0
30.00 70500.0
