0.10 98104.47
0.20 98104.47
0.30 98104.47
0.40 98104.47
0.50 98104.47
0.60 98104.47
0.70 98104.47
0.80 98104.47
0.90 98104.47
1.00 98104.47
1.10 103193.27
1.20 103193.27
1.30 103193.27
1.40 103193.27
1.50 103193.27
1.60 103193.27
1.70 103193.27
1.80 103193.27
1.90 103193.27
2.00 103193.27
2.10 92535.35
2.20 92535.35
2.30 92535.35
2.40 92535.35
2.50 92535.35
2.60 92535.35
2.70 92535.35
2.80 92535.35
2.90 92535.35
3.00 92535.35
3.10 64395.17
3.20 64395.17
3.30 64395.17
3.40 64395.17
3.50 64395.17
3.60 64395.17
3.70 64395.17
3.80 64395.17
3.90 64395.17
4.00 64395.17
4.10 131129.05
4.20 131129.05
4.30 131129.05
4.40 131129.05
4.50 131129.05
4.60 131129.05
4.70 131129.05
4.80 131129.05
4.90 131129.05
5.00 131129.05
5.10 82138.12
5.20 82138.12
5.30 82138.12
5.40 82138.12
5.50 82138.12
5.60 82138.12
5.70 82138.12
5.80 82138.12
5.90 82138.12
6.00 82138.12
6.10 97084.18
6.20 97084.18
6.30 97084.18
6.40 97084.18
6.50 97084.18
6.60 97084.18
6.70 97084.18
6.80 97084.18
6.90 97084.18
7.00 97084.18
7.10 71206.90
7.20 71206.90
7.30 71206.90
7.40 71206.90
7.50 71206.90
7.60 71206.90
7.70 71206.90
7.80 71206.90
7.90 71206.90
8.00 71206.90
8.10 33073.05
8.20 33073.05
8.30 33073.05
8.40 33073.05
8.50 33073.05
8.60 33073.05
8.70 33073.05
8.80 33073.05
8.90 33073.05
9.00 33073.05
9.10 79775.12
9.20 79775.12
9.30 79775.12
9.40 79775.12
9.50 79775.12
9.60 79775.12
9.70 79775.12
9.80 79775.12
9.90 79775.12
10.00 79775.12
10.10 137539.33
10.20 137539.33
10.30 137539.33
10.40 137539.33
10.50 137539.33
10.60 137539.33
10.70 137539.33
10.80 137539.33
10.90 137539.33
11.00 137539.33
11.10 145223.10
11.20 145223.10
11.30 145223.10
11.40 145223.10
11.50 145223.10
11.60 145223.10
11.70 145223.10
11.80 145223.10
11.90 145223.10
12.00 145223.10
12.10 101048.56
12.20 101048.56
12.30 101048.56
12.40 101048.56
12.50 101048.56
12.60 101048.56
12.70 101048.56
12.80 101048.56
12.90 101048.56
13.00 101048.56
13.10 122277.86
13.20 122277.86
13.30 122277.86
13.40 122277.86
13.50 122277.86
13.60 122277.86
13.70 122277.86
13.80 122277.86
13.90 122277.86
14.00 122277.86
14.10 124426.83
14.20 124426.83
14.30 124426.83
14.40 124426.83
14.50 124426.83
14.60 124426.83
14.70 124426.83
14.80 124426.83
14.90 124426.83
15.00 124426.83
15.10 131122.29
15.20 131122.29
15.30 131122.29
15.40 131122.29
15.50 131122.29
15.60 131122.29
15.70 131122.29
15.80 131122.29
15.90 131122.29
16.00 131122.29
16.10 126593.13
16.20 126593.13
16.30 126593.13
16.40 126593.13
16.50 126593.13
16.60 126593.13
16.70 126593.13
16.80 126593.13
16.90 126593.13
17.00 126593.13
17.10 140064.24
17.20 140064.24
17.30 140064.24
17.40 140064.24
17.50 140064.24
17.60 140064.24
17.70 140064.24
17.80 140064.24
17.90 140064.24
18.00 140064.24
18.10 144100.81
18.20 144100.81
18.30 144100.81
18.40 144100.81
18.50 144100.81
18.60 144100.81
18.70 144100.81
18.80 144100.81
18.90 144100.81
19.00 144100.81
19.10 160179.84
19.20 160179.84
19.30 160179.84
19.40 160179.84
19.50 160179.84
19.60 160179.84
19.70 160179.84
19.80 160179.84
19.90 160179.84
20.00 160179.84
20.10 124797.82
20.20 124797.82
20.30 124797.82
20.40 124797.82
20.50 124797.82
20.60 124797.82
20.70 124797.82
20.80 124797.82
20.90 124797.82
21.00 124797.82
21.10 148613.46
21.20 148613.46
21.30 148613.46
21.40 148613.46
21.50 148613.46
21.60 148613.46
21.70 148613.46
21.80 148613.46
21.90 148613.46
22.00 148613.46
22.10 135445.52
22.20 135445.52
22.30 135445.52
22.40 135445.52
22.50 135445.52
22.60 135445.52
22.70 135445.52
22.80 135445.52
22.90 135445.52
23.00 135445.52
23.10 164783.80
23.20 164783.80
23.30 164783.80
23.40 164783.80
23.50 164783.80
23.60 164783.80
23.70 164783.80
23.80 164783.80
23.90 164783.80
24.00 164783.80
24.10 118905.75
24.20 118905.75
24.30 118905.75
24.40 118905.75
24.50 118905.75
24.60 118905.75
24.70 118905.75
24.80 118905.75
24.90 118905.75
25.00 118905.75
25.10 156303.80
25.20 156303.80
25.30 156303.80
25.40 156303.80
25.50 156303.80
25.60 156303.80
25.70 156303.80
25.80 156303.80
25.90 156303.80
26.00 156303.80
26.10 142300.96
26.20 142300.96
26.30 142300.96
26.40 142300.96
26.50 142300.96
26.60 142300.96
26.70 142300.96
26.80 142300.96
26.90 142300.96
27.00 142300.96
27.10 115970.51
27.20 115970.51
27.30 115970.51
27.40 115970.51
27.50 115970.51
27.60 115970.51
27.70 115970.51
27.80 115970.51
27.90 115970.51
28.00 115970.51
28.10 111672.72
28.20 111672.72
28.30 111672.72
28.40 111672.72
28.50 111672.72
28.60 111672.72
28.70 111672.72
28.80 111672.72
28.90 111672.72
29.00 111672.72
29.10 121897.35
29.20 121897.35
29.30 121897.35
29.40 121897.35
29.50 121897.35
29.60 121897.35
29.70 121897.35
29.80 121897.35
29.90 121897.35
30.00 121897.35
