0.10 40370.20
0.20 40370.20
0.30 40370.20
0.40 40370.20
0.50 40370.20
0.60 26214.40
0.70 26214.40
0.80 26214.40
0.90 26214.40
1.00 26214.40
1.10 36175.90
1.20 36175.90
1.30 36175.90
1.40 36175.90
1.50 36175.90
1.60 50331.60
1.70 50331.60
1.80 50331.60
1.90 50331.60
2.00 50331.60
2.10 20447.20
2.20 20447.20
2.30 20447.20
2.40 20447.20
2.50 20447.20
2.60 51904.50
2.70 51904.50
2.80 51904.50
2.90 51904.50
3.00 51904.50
3.10 35913.70
3.20 35913.70
3.30 35913.70
3.40 35913.70
3.50 35913.70
3.60 55050.20
3.70 55050.20
3.80 55050.20
3.90 55050.20
4.00 55050.20
4.10 34078.70
4.20 34078.70
4.30 34078.70
4.40 34078.70
4.50 34078.70
4.60 29360.10
4.70 29360.10
4.80 29360.10
4.90 29360.10
5.00 29360.10
5.10 41418.80
5.20 41418.80
5.30 41418.80
5.40 41418.80
5.50 41418.80
5.60 35651.60
5.70 35651.60
5.80 35651.60
5.90 35651.60
6.00 35651.60
6.10 42729.50
6.20 42729.50
6.30 42729.50
6.40 42729.50
6.50 42729.50
6.60 18350.10
6.70 18350.10
6.80 18350.10
6.90 18350.10
7.00 18350.10
7.10 34603.00
7.20 34603.00
7.30 34603.00
7.40 34603.00
7.50 34603.00
7.60 20971.50
7.70 20971.50
7.80 20971.50
7.90 20971.50
8.00 20971.50
8.10 5242.90
8.20 5242.90
8.30 5242.90
8.40 5242.90
8.50 5242.90
8.60 25165.80
8.70 25165.80
8.80 25165.80
8.90 25165.80
9.00 25165.80
9.10 24379.40
9.20 24379.40
9.30 24379.40
9.40 24379.40
9.50 24379.40
9.60 31457.30
9.70 31457.30
9.80 31457.30
9.90 31457.30
10.00 31457.30
10.10 53739.50
10.20 53739.50
10.30 53739.50
10.40 53739.50
10.50 53739.50
10.60 55836.70
10.70 55836.70
10.80 55836.70
10.90 55836.70
11.00 55836.70
11.10 29360.10
11.20 29360.10
11.30 29360.10
11.40 29360.10
11.50 29360.10
11.60 33292.30
11.70 33292.30
11.80 33292.30
11.90 33292.30
12.00 33292.30
12.10 15728.60
12.20 15728.60
12.30 15728.60
12.40 15728.60
12.50 15728.60
12.60 13631.50
12.70 13631.50
12.80 13631.50
12.90 13631.50
13.00 13631.50
13.10 31719.40
13.20 31719.40
13.30 31719.40
13.40 31719.40
13.50 31719.40
13.60 5242.90
13.70 5242.90
13.80 5242.90
13.90 5242.90
14.00 5242.90
14.10 70516.70
14.20 70516.70
14.30 70516.70
14.40 70516.70
14.50 70516.70
14.60 38535.20
14.70 38535.20
14.80 38535.20
14.90 38535.20
15.00 38535.20
15.10 31457.30
15.20 31457.30
15.30 31457.30
15.40 31457.30
15.50 31457.30
15.60 24117.20
15.70 24117.20
15.80 24117.20
15.90 24117.20
16.00 24117.20
16.10 73138.20
16.20 73138.20
16.30 73138.20
16.40 73138.20
16.50 73138.20
16.60 59506.70
16.70 59506.70
16.80 59506.70
16.90 59506.70
17.00 59506.70
17.10 89653.20
17.20 89653.20
17.30 89653.20
17.40 89653.20
17.50 89653.20
17.60 68681.70
17.70 68681.70
17.80 68681.70
17.90 68681.70
18.00 68681.70
18.10 28835.80
18.20 28835.80
18.30 28835.80
18.40 28835.80
18.50 28835.80
18.60 24903.70
18.70 24903.70
18.80 24903.70
18.90 24903.70
19.00 24903.70
19.10 18350.10
19.20 18350.10
19.30 18350.10
19.40 18350.10
19.50 18350.10
19.60 21233.70
19.70 21233.70
19.80 21233.70
19.90 21233.70
20.00 21233.70
20.10 12058.60
20.20 12058.60
20.30 12058.60
20.40 12058.60
20.50 12058.60
20.60 23330.80
20.70 23330.80
20.80 23330.80
20.90 23330.80
21.00 23330.80
21.10 50593.80
21.20 50593.80
21.30 50593.80
21.40 50593.80
21.50 50593.80
21.60 35127.30
21.70 35127.30
21.80 35127.30
21.90 35127.30
22.00 35127.30
22.10 38010.90
22.20 38010.90
22.30 38010.90
22.40 38010.90
22.50 38010.90
22.60 41418.80
22.70 41418.80
22.80 41418.80
22.90 41418.80
23.00 41418.80
23.10 33030.10
23.20 33030.10
23.30 33030.10
23.40 33030.10
23.50 33030.10
23.60 24379.40
23.70 24379.40
23.80 24379.40
23.90 24379.40
24.00 24379.40
24.10 27000.80
24.20 27000.80
24.30 27000.80
24.40 27000.80
24.50 27000.80
24.60 35127.30
24.70 35127.30
24.80 35127.30
24.90 35127.30
25.00 35127.30
25.10 32505.90
25.20 32505.90
25.30 32505.90
25.40 32505.90
25.50 32505.90
25.60 54263.80
25.70 54263.80
25.80 54263.80
25.90 54263.80
26.00 54263.80
26.10 26214.40
26.20 26214.40
26.30 26214.40
26.40 26214.40
26.50 26214.40
26.60 41156.60
26.70 41156.60
26.80 41156.60
26.90 41156.60
27.00 41156.60
27.10 67108.90
27.20 67108.90
27.30 67108.90
27.40 67108.90
27.50 67108.90
27.60 42991.60
27.70 42991.60
27.80 42991.60
27.90 42991.60
28.00 42991.60
28.10 36438.00
28.20 36438.00
28.30 36438.00
28.40 36438.00
28.50 36438.00
28.60 13893.60
28.70 13893.60
28.80 13893.60
28.90 13893.60
29.00 13893.60
29.10 35389.40
29.20 35389.40
29.30 35389.40
29.40 35389.40
29.50 35389.40
29.60 21495.80
29.70 21495.80
29.80 21495.80
29.90 21495.80
30.00 21495.80
