0.10 71270.40
0.20 71270.40
0.30 71270.40
0.40 71270.40
0.50 71270.40
0.60 71270.40
0.70 71270.40
0.80 71270.40
0.90 71270.40
1.00 71270.40
1.10 80486.40
1.20 80486.40
1.30 80486.40
1.40 80486.40
1.50 80486.40
1.60 80486.40
1.70 80486.40
1.80 80486.40
1.90 80486.40
2.00 80486.40
2.10 82124.80
2.20 82124.80
2.30 82124.80
2.40 82124.80
2.50 82124.80
2.60 82124.80
2.70 82124.80
2.80 82124.80
2.90 82124.80
3.00 82124.80
3.10 73932.80
3.20 73932.80
3.30 73932.80
3.40 73932.80
3.50 73932.80
3.60 73932.80
3.70 73932.80
3.80 73932.80
3.90 73932.80
4.00 73932.80
4.10 37990.40
4.20 37990.40
4.30 37990.40
4.40 37990.40
4.50 37990.40
4.60 37990.40
4.70 37990.40
4.80 37990.40
4.90 37990.40
5.00 37990.40
5.10 104038.40
5.20 104038.40
5.30 104038.40
5.40 104038.40
5.50 104038.40
5.60 104038.40
5.70 104038.40
5.80 104038.40
5.90 104038.40
6.00 104038.40
6.10 84070.40
6.20 84070.40
6.30 84070.40
6.40 84070.40
6.50 84070.40
6.60 84070.40
6.70 84070.40
6.80 84070.40
6.90 84070.40
7.00 84070.40
7.10 79872.00
7.20 79872.00
7.30 79872.00
7.40 79872.00
7.50 79872.00
7.60 79872.00
7.70 79872.00
7.80 79872.00
7.90 79872.00
8.00 79872.00
8.10 70758.40
8.20 70758.40
8.30 70758.40
8.40 70758.40
8.50 70758.40
8.60 70758.40
8.70 70758.40
8.80 70758.40
8.90 70758.40
9.00 70758.40
9.10 85401.60
9.20 85401.60
9.30 85401.60
9.40 85401.60
9.50 85401.60
9.60 85401.60
9.70 85401.60
9.80 85401.60
9.90 85401.60
10.00 85401.60
