0.10 57241.60
0.20 57241.60
0.30 57241.60
0.40 57241.60
0.50 57241.60
0.60 57241.60
0.70 57241.60
0.80 57241.60
0.90 57241.60
1.00 57241.60
1.10 11059.20
1.20 11059.20
1.30 11059.20
1.40 11059.20
1.50 11059.20
1.60 11059.20
1.70 11059.20
1.80 11059.20
1.90 11059.20
2.00 11059.20
2.10 118784.00
2.20 118784.00
2.30 118784.00
2.40 118784.00
2.50 118784.00
2.60 118784.00
2.70 118784.00
2.80 118784.00
2.90 118784.00
3.00 118784.00
3.10 69222.40
3.20 69222.40
3.30 69222.40
3.40 69222.40
3.50 69222.40
3.60 69222.40
3.70 69222.40
3.80 69222.40
3.90 69222.40
4.00 69222.40
4.10 68608.00
4.20 68608.00
4.30 68608.00
4.40 68608.00
4.50 68608.00
4.60 68608.00
4.70 68608.00
4.80 68608.00
4.90 68608.00
5.00 68608.00
5.10 69939.20
5.20 69939.20
5.30 69939.20
5.40 69939.20
5.50 69939.20
5.60 69939.20
5.70 69939.20
5.80 69939.20
5.90 69939.20
6.00 69939.20
6.10 67174.40
6.20 67174.40
6.30 67174.40
6.40 67174.40
6.50 67174.40
6.60 67174.40
6.70 67174.40
6.80 67174.40
6.90 67174.40
7.00 67174.40
7.10 71270.40
7.20 71270.40
7.30 71270.40
7.40 71270.40
7.50 71270.40
7.60 71270.40
7.70 71270.40
7.80 71270.40
7.90 71270.40
8.00 71270.40
8.10 67584.00
8.20 67584.00
8.30 67584.00
8.40 67584.00
8.50 67584.00
8.60 67584.00
8.70 67584.00
8.80 67584.00
8.90 67584.00
9.00 67584.00
9.10 69222.40
9.20 69222.40
9.30 69222.40
9.40 69222.40
9.50 69222.40
9.60 69222.40
9.70 69222.40
9.80 69222.40
9.90 69222.40
10.00 69222.40
