0.10 72806.40
0.20 72806.40
0.30 72806.40
0.40 72806.40
0.50 72806.40
0.60 72806.40
0.70 72806.40
0.80 72806.40
0.90 72806.40
1.00 72806.40
1.10 70860.80
1.20 70860.80
1.30 70860.80
1.40 70860.80
1.50 70860.80
1.60 70860.80
1.70 70860.80
1.80 70860.80
1.90 70860.80
2.00 70860.80
2.10 69222.40
2.20 69222.40
2.30 69222.40
2.40 69222.40
2.50 69222.40
2.60 69222.40
2.70 69222.40
2.80 69222.40
2.90 69222.40
3.00 69222.40
3.10 72704.00
3.20 72704.00
3.30 72704.00
3.40 72704.00
3.50 72704.00
3.60 72704.00
3.70 72704.00
3.80 72704.00
3.90 72704.00
4.00 72704.00
4.10 70451.20
4.20 70451.20
4.30 70451.20
4.40 70451.20
4.50 70451.20
4.60 70451.20
4.70 70451.20
4.80 70451.20
4.90 70451.20
5.00 70451.20
5.10 67993.60
5.20 67993.60
5.30 67993.60
5.40 67993.60
5.50 67993.60
5.60 67993.60
5.70 67993.60
5.80 67993.60
5.90 67993.60
6.00 67993.60
6.10 20172.80
6.20 20172.80
6.30 20172.80
6.40 20172.80
6.50 20172.80
6.60 20172.80
6.70 20172.80
6.80 20172.80
6.90 20172.80
7.00 20172.80
7.10 118169.60
7.20 118169.60
7.30 118169.60
7.40 118169.60
7.50 118169.60
7.60 118169.60
7.70 118169.60
7.80 118169.60
7.90 118169.60
8.00 118169.60
8.10 71475.20
8.20 71475.20
8.30 71475.20
8.40 71475.20
8.50 71475.20
8.60 71475.20
8.70 71475.20
8.80 71475.20
8.90 71475.20
9.00 71475.20
9.10 72089.60
9.20 72089.60
9.30 72089.60
9.40 72089.60
9.50 72089.60
9.60 72089.60
9.70 72089.60
9.80 72089.60
9.90 72089.60
10.00 72089.60
