0.10 80076.80
0.20 80076.80
0.30 80076.80
0.40 80076.80
0.50 80076.80
0.60 80076.80
0.70 80076.80
0.80 80076.80
0.90 80076.80
1.00 80076.80
1.10 78336.00
1.20 78336.00
1.30 78336.00
1.40 78336.00
1.50 78336.00
1.60 78336.00
1.70 78336.00
1.80 78336.00
1.90 78336.00
2.00 78336.00
2.10 11366.40
2.20 11366.40
2.30 11366.40
2.40 11366.40
2.50 11366.40
2.60 11366.40
2.70 11366.40
2.80 11366.40
2.90 11366.40
3.00 11366.40
3.10 143564.80
3.20 143564.80
3.30 143564.80
3.40 143564.80
3.50 143564.80
3.60 143564.80
3.70 143564.80
3.80 143564.80
3.90 143564.80
4.00 143564.80
4.10 77414.40
4.20 77414.40
4.30 77414.40
4.40 77414.40
4.50 77414.40
4.60 77414.40
4.70 77414.40
4.80 77414.40
4.90 77414.40
5.00 77414.40
5.10 72806.40
5.20 72806.40
5.30 72806.40
5.40 72806.40
5.50 72806.40
5.60 72806.40
5.70 72806.40
5.80 72806.40
5.90 72806.40
6.00 72806.40
6.10 66150.40
6.20 66150.40
6.30 66150.40
6.40 66150.40
6.50 66150.40
6.60 66150.40
6.70 66150.40
6.80 66150.40
6.90 66150.40
7.00 66150.40
7.10 84172.80
7.20 84172.80
7.30 84172.80
7.40 84172.80
7.50 84172.80
7.60 84172.80
7.70 84172.80
7.80 84172.80
7.90 84172.80
8.00 84172.80
8.10 71987.20
8.20 71987.20
8.30 71987.20
8.40 71987.20
8.50 71987.20
8.60 71987.20
8.70 71987.20
8.80 71987.20
8.90 71987.20
9.00 71987.20
9.10 76390.40
9.20 76390.40
9.30 76390.40
9.40 76390.40
9.50 76390.40
9.60 76390.40
9.70 76390.40
9.80 76390.40
9.90 76390.40
10.00 76390.40
