0.10 77926.40
0.20 77926.40
0.30 77926.40
0.40 77926.40
0.50 77926.40
0.60 77926.40
0.70 77926.40
0.80 77926.40
0.90 77926.40
1.00 77926.40
1.10 74752.00
1.20 74752.00
1.30 74752.00
1.40 74752.00
1.50 74752.00
1.60 74752.00
1.70 74752.00
1.80 74752.00
1.90 74752.00
2.00 74752.00
2.10 72396.80
2.20 72396.80
2.30 72396.80
2.40 72396.80
2.50 72396.80
2.60 72396.80
2.70 72396.80
2.80 72396.80
2.90 72396.80
3.00 72396.80
3.10 79462.40
3.20 79462.40
3.30 79462.40
3.40 79462.40
3.50 79462.40
3.60 79462.40
3.70 79462.40
3.80 79462.40
3.90 79462.40
4.00 79462.40
4.10 76390.40
4.20 76390.40
4.30 76390.40
4.40 76390.40
4.50 76390.40
4.60 76390.40
4.70 76390.40
4.80 76390.40
4.90 76390.40
5.00 76390.40
5.10 77414.40
5.20 77414.40
5.30 77414.40
5.40 77414.40
5.50 77414.40
5.60 77414.40
5.70 77414.40
5.80 77414.40
5.90 77414.40
6.00 77414.40
6.10 26419.20
6.20 26419.20
6.30 26419.20
6.40 26419.20
6.50 26419.20
6.60 26419.20
6.70 26419.20
6.80 26419.20
6.90 26419.20
7.00 26419.20
7.10 123904.00
7.20 123904.00
7.30 123904.00
7.40 123904.00
7.50 123904.00
7.60 123904.00
7.70 123904.00
7.80 123904.00
7.90 123904.00
8.00 123904.00
8.10 71270.40
8.20 71270.40
8.30 71270.40
8.40 71270.40
8.50 71270.40
8.60 71270.40
8.70 71270.40
8.80 71270.40
8.90 71270.40
9.00 71270.40
9.10 73523.20
9.20 73523.20
9.30 73523.20
9.40 73523.20
9.50 73523.20
9.60 73523.20
9.70 73523.20
9.80 73523.20
9.90 73523.20
10.00 73523.20
