0.10 91033.60
0.20 91033.60
0.30 91033.60
0.40 91033.60
0.50 91033.60
0.60 91033.60
0.70 91033.60
0.80 91033.60
0.90 91033.60
1.00 91033.60
1.10 70860.80
1.20 70860.80
1.30 70860.80
1.40 70860.80
1.50 70860.80
1.60 70860.80
1.70 70860.80
1.80 70860.80
1.90 70860.80
2.00 70860.80
2.10 67788.80
2.20 67788.80
2.30 67788.80
2.40 67788.80
2.50 67788.80
2.60 67788.80
2.70 67788.80
2.80 67788.80
2.90 67788.80
3.00 67788.80
3.10 69529.60
3.20 69529.60
3.30 69529.60
3.40 69529.60
3.50 69529.60
3.60 69529.60
3.70 69529.60
3.80 69529.60
3.90 69529.60
4.00 69529.60
4.10 72806.40
4.20 72806.40
4.30 72806.40
4.40 72806.40
4.50 72806.40
4.60 72806.40
4.70 72806.40
4.80 72806.40
4.90 72806.40
5.00 72806.40
5.10 69939.20
5.20 69939.20
5.30 69939.20
5.40 69939.20
5.50 69939.20
5.60 69939.20
5.70 69939.20
5.80 69939.20
5.90 69939.20
6.00 69939.20
6.10 72908.80
6.20 72908.80
6.30 72908.80
6.40 72908.80
6.50 72908.80
6.60 72908.80
6.70 72908.80
6.80 72908.80
6.90 72908.80
7.00 72908.80
7.10 68915.20
7.20 68915.20
7.30 68915.20
7.40 68915.20
7.50 68915.20
7.60 68915.20
7.70 68915.20
7.80 68915.20
7.90 68915.20
8.00 68915.20
8.10 68198.40
8.20 68198.40
8.30 68198.40
8.40 68198.40
8.50 68198.40
8.60 68198.40
8.70 68198.40
8.80 68198.40
8.90 68198.40
9.00 68198.40
9.10 68403.20
9.20 68403.20
9.30 68403.20
9.40 68403.20
9.50 68403.20
9.60 68403.20
9.70 68403.20
9.80 68403.20
9.90 68403.20
10.00 68403.20
