0.10 75776.00
0.20 75776.00
0.30 75776.00
0.40 75776.00
0.50 75776.00
0.60 75776.00
0.70 75776.00
0.80 75776.00
0.90 75776.00
1.00 75776.00
1.10 74649.60
1.20 74649.60
1.30 74649.60
1.40 74649.60
1.50 74649.60
1.60 74649.60
1.70 74649.60
1.80 74649.60
1.90 74649.60
2.00 74649.60
2.10 76185.60
2.20 76185.60
2.30 76185.60
2.40 76185.60
2.50 76185.60
2.60 76185.60
2.70 76185.60
2.80 76185.60
2.90 76185.60
3.00 76185.60
3.10 74649.60
3.20 74649.60
3.30 74649.60
3.40 74649.60
3.50 74649.60
3.60 74649.60
3.70 74649.60
3.80 74649.60
3.90 74649.60
4.00 74649.60
4.10 75878.40
4.20 75878.40
4.30 75878.40
4.40 75878.40
4.50 75878.40
4.60 75878.40
4.70 75878.40
4.80 75878.40
4.90 75878.40
5.00 75878.40
5.10 74240.00
5.20 74240.00
5.30 74240.00
5.40 74240.00
5.50 74240.00
5.60 74240.00
5.70 74240.00
5.80 74240.00
5.90 74240.00
6.00 74240.00
6.10 54886.40
6.20 54886.40
6.30 54886.40
6.40 54886.40
6.50 54886.40
6.60 54886.40
6.70 54886.40
6.80 54886.40
6.90 54886.40
7.00 54886.40
7.10 94515.20
7.20 94515.20
7.30 94515.20
7.40 94515.20
7.50 94515.20
7.60 94515.20
7.70 94515.20
7.80 94515.20
7.90 94515.20
8.00 94515.20
8.10 75776.00
8.20 75776.00
8.30 75776.00
8.40 75776.00
8.50 75776.00
8.60 75776.00
8.70 75776.00
8.80 75776.00
8.90 75776.00
9.00 75776.00
9.10 72089.60
9.20 72089.60
9.30 72089.60
9.40 72089.60
9.50 72089.60
9.60 72089.60
9.70 72089.60
9.80 72089.60
9.90 72089.60
10.00 72089.60
