0.10 78745.60
0.20 78745.60
0.30 78745.60
0.40 78745.60
0.50 78745.60
0.60 78745.60
0.70 78745.60
0.80 78745.60
0.90 78745.60
1.00 78745.60
1.10 77721.60
1.20 77721.60
1.30 77721.60
1.40 77721.60
1.50 77721.60
1.60 77721.60
1.70 77721.60
1.80 77721.60
1.90 77721.60
2.00 77721.60
2.10 76288.00
2.20 76288.00
2.30 76288.00
2.40 76288.00
2.50 76288.00
2.60 76288.00
2.70 76288.00
2.80 76288.00
2.90 76288.00
3.00 76288.00
3.10 73113.60
3.20 73113.60
3.30 73113.60
3.40 73113.60
3.50 73113.60
3.60 73113.60
3.70 73113.60
3.80 73113.60
3.90 73113.60
4.00 73113.60
4.10 77516.80
4.20 77516.80
4.30 77516.80
4.40 77516.80
4.50 77516.80
4.60 77516.80
4.70 77516.80
4.80 77516.80
4.90 77516.80
5.00 77516.80
5.10 75571.20
5.20 75571.20
5.30 75571.20
5.40 75571.20
5.50 75571.20
5.60 75571.20
5.70 75571.20
5.80 75571.20
5.90 75571.20
6.00 75571.20
6.10 69120.00
6.20 69120.00
6.30 69120.00
6.40 69120.00
6.50 69120.00
6.60 69120.00
6.70 69120.00
6.80 69120.00
6.90 69120.00
7.00 69120.00
7.10 81715.20
7.20 81715.20
7.30 81715.20
7.40 81715.20
7.50 81715.20
7.60 81715.20
7.70 81715.20
7.80 81715.20
7.90 81715.20
8.00 81715.20
8.10 75161.60
8.20 75161.60
8.30 75161.60
8.40 75161.60
8.50 75161.60
8.60 75161.60
8.70 75161.60
8.80 75161.60
8.90 75161.60
9.00 75161.60
9.10 77721.60
9.20 77721.60
9.30 77721.60
9.40 77721.60
9.50 77721.60
9.60 77721.60
9.70 77721.60
9.80 77721.60
9.90 77721.60
10.00 77721.60
