0.10 56422.40
0.20 56422.40
0.30 56422.40
0.40 56422.40
0.50 56422.40
0.60 56422.40
0.70 56422.40
0.80 56422.40
0.90 56422.40
1.00 56422.40
1.10 77107.20
1.20 77107.20
1.30 77107.20
1.40 77107.20
1.50 77107.20
1.60 77107.20
1.70 77107.20
1.80 77107.20
1.90 77107.20
2.00 77107.20
2.10 80486.40
2.20 80486.40
2.30 80486.40
2.40 80486.40
2.50 80486.40
2.60 80486.40
2.70 80486.40
2.80 80486.40
2.90 80486.40
3.00 80486.40
3.10 81612.80
3.20 81612.80
3.30 81612.80
3.40 81612.80
3.50 81612.80
3.60 81612.80
3.70 81612.80
3.80 81612.80
3.90 81612.80
4.00 81612.80
4.10 76185.60
4.20 76185.60
4.30 76185.60
4.40 76185.60
4.50 76185.60
4.60 76185.60
4.70 76185.60
4.80 76185.60
4.90 76185.60
5.00 76185.60
5.10 66560.00
5.20 66560.00
5.30 66560.00
5.40 66560.00
5.50 66560.00
5.60 66560.00
5.70 66560.00
5.80 66560.00
5.90 66560.00
6.00 66560.00
6.10 67379.20
6.20 67379.20
6.30 67379.20
6.40 67379.20
6.50 67379.20
6.60 67379.20
6.70 67379.20
6.80 67379.20
6.90 67379.20
7.00 67379.20
7.10 80281.60
7.20 80281.60
7.30 80281.60
7.40 80281.60
7.50 80281.60
7.60 80281.60
7.70 80281.60
7.80 80281.60
7.90 80281.60
8.00 80281.60
8.10 57856.00
8.20 57856.00
8.30 57856.00
8.40 57856.00
8.50 57856.00
8.60 57856.00
8.70 57856.00
8.80 57856.00
8.90 57856.00
9.00 57856.00
9.10 103628.80
9.20 103628.80
9.30 103628.80
9.40 103628.80
9.50 103628.80
9.60 103628.80
9.70 103628.80
9.80 103628.80
9.90 103628.80
10.00 103628.80
