0.10 71065.60
0.20 71065.60
0.30 71065.60
0.40 71065.60
0.50 71065.60
0.60 71065.60
0.70 71065.60
0.80 71065.60
0.90 71065.60
1.00 71065.60
1.10 60416.00
1.20 60416.00
1.30 60416.00
1.40 60416.00
1.50 60416.00
1.60 60416.00
1.70 60416.00
1.80 60416.00
1.90 60416.00
2.00 60416.00
2.10 69324.80
2.20 69324.80
2.30 69324.80
2.40 69324.80
2.50 69324.80
2.60 69324.80
2.70 69324.80
2.80 69324.80
2.90 69324.80
3.00 69324.80
3.10 76288.00
3.20 76288.00
3.30 76288.00
3.40 76288.00
3.50 76288.00
3.60 76288.00
3.70 76288.00
3.80 76288.00
3.90 76288.00
4.00 76288.00
4.10 76185.60
4.20 76185.60
4.30 76185.60
4.40 76185.60
4.50 76185.60
4.60 76185.60
4.70 76185.60
4.80 76185.60
4.90 76185.60
5.00 76185.60
5.10 71065.60
5.20 71065.60
5.30 71065.60
5.40 71065.60
5.50 71065.60
5.60 71065.60
5.70 71065.60
5.80 71065.60
5.90 71065.60
6.00 71065.60
6.10 68198.40
6.20 68198.40
6.30 68198.40
6.40 68198.40
6.50 68198.40
6.60 68198.40
6.70 68198.40
6.80 68198.40
6.90 68198.40
7.00 68198.40
7.10 58368.00
7.20 58368.00
7.30 58368.00
7.40 58368.00
7.50 58368.00
7.60 58368.00
7.70 58368.00
7.80 58368.00
7.90 58368.00
8.00 58368.00
8.10 85708.80
8.20 85708.80
8.30 85708.80
8.40 85708.80
8.50 85708.80
8.60 85708.80
8.70 85708.80
8.80 85708.80
8.90 85708.80
9.00 85708.80
9.10 73932.80
9.20 73932.80
9.30 73932.80
9.40 73932.80
9.50 73932.80
9.60 73932.80
9.70 73932.80
9.80 73932.80
9.90 73932.80
10.00 73932.80
