0.10 67379.20
0.20 67379.20
0.30 67379.20
0.40 67379.20
0.50 67379.20
0.60 67379.20
0.70 67379.20
0.80 67379.20
0.90 67379.20
1.00 67379.20
1.10 69222.40
1.20 69222.40
1.30 69222.40
1.40 69222.40
1.50 69222.40
1.60 69222.40
1.70 69222.40
1.80 69222.40
1.90 69222.40
2.00 69222.40
2.10 71270.40
2.20 71270.40
2.30 71270.40
2.40 71270.40
2.50 71270.40
2.60 71270.40
2.70 71270.40
2.80 71270.40
2.90 71270.40
3.00 71270.40
3.10 72499.20
3.20 72499.20
3.30 72499.20
3.40 72499.20
3.50 72499.20
3.60 72499.20
3.70 72499.20
3.80 72499.20
3.90 72499.20
4.00 72499.20
4.10 71680.00
4.20 71680.00
4.30 71680.00
4.40 71680.00
4.50 71680.00
4.60 71680.00
4.70 71680.00
4.80 71680.00
4.90 71680.00
5.00 71680.00
5.10 70041.60
5.20 70041.60
5.30 70041.60
5.40 70041.60
5.50 70041.60
5.60 70041.60
5.70 70041.60
5.80 70041.60
5.90 70041.60
6.00 70041.60
6.10 66969.60
6.20 66969.60
6.30 66969.60
6.40 66969.60
6.50 66969.60
6.60 66969.60
6.70 66969.60
6.80 66969.60
6.90 66969.60
7.00 66969.60
7.10 66867.20
7.20 66867.20
7.30 66867.20
7.40 66867.20
7.50 66867.20
7.60 66867.20
7.70 66867.20
7.80 66867.20
7.90 66867.20
8.00 66867.20
8.10 68096.00
8.20 68096.00
8.30 68096.00
8.40 68096.00
8.50 68096.00
8.60 68096.00
8.70 68096.00
8.80 68096.00
8.90 68096.00
9.00 68096.00
9.10 72806.40
9.20 72806.40
9.30 72806.40
9.40 72806.40
9.50 72806.40
9.60 72806.40
9.70 72806.40
9.80 72806.40
9.90 72806.40
10.00 72806.40
