0.10 63385.60
0.20 63385.60
0.30 63385.60
0.40 63385.60
0.50 63385.60
0.60 63385.60
0.70 63385.60
0.80 63385.60
0.90 63385.60
1.00 63385.60
1.10 63283.20
1.20 63283.20
1.30 63283.20
1.40 63283.20
1.50 63283.20
1.60 63283.20
1.70 63283.20
1.80 63283.20
1.90 63283.20
2.00 63283.20
2.10 67174.40
2.20 67174.40
2.30 67174.40
2.40 67174.40
2.50 67174.40
2.60 67174.40
2.70 67174.40
2.80 67174.40
2.90 67174.40
3.00 67174.40
3.10 70041.60
3.20 70041.60
3.30 70041.60
3.40 70041.60
3.50 70041.60
3.60 70041.60
3.70 70041.60
3.80 70041.60
3.90 70041.60
4.00 70041.60
4.10 73216.00
4.20 73216.00
4.30 73216.00
4.40 73216.00
4.50 73216.00
4.60 73216.00
4.70 73216.00
4.80 73216.00
4.90 73216.00
5.00 73216.00
5.10 70451.20
5.20 70451.20
5.30 70451.20
5.40 70451.20
5.50 70451.20
5.60 70451.20
5.70 70451.20
5.80 70451.20
5.90 70451.20
6.00 70451.20
6.10 61337.60
6.20 61337.60
6.30 61337.60
6.40 61337.60
6.50 61337.60
6.60 61337.60
6.70 61337.60
6.80 61337.60
6.90 61337.60
7.00 61337.60
7.10 63897.60
7.20 63897.60
7.30 63897.60
7.40 63897.60
7.50 63897.60
7.60 63897.60
7.70 63897.60
7.80 63897.60
7.90 63897.60
8.00 63897.60
8.10 66560.00
8.20 66560.00
8.30 66560.00
8.40 66560.00
8.50 66560.00
8.60 66560.00
8.70 66560.00
8.80 66560.00
8.90 66560.00
9.00 66560.00
9.10 65331.20
9.20 65331.20
9.30 65331.20
9.40 65331.20
9.50 65331.20
9.60 65331.20
9.70 65331.20
9.80 65331.20
9.90 65331.20
10.00 65331.20
