0.10 71065.60
0.20 71065.60
0.30 71065.60
0.40 71065.60
0.50 71065.60
0.60 71065.60
0.70 71065.60
0.80 71065.60
0.90 71065.60
1.00 71065.60
1.10 75468.80
1.20 75468.80
1.30 75468.80
1.40 75468.80
1.50 75468.80
1.60 75468.80
1.70 75468.80
1.80 75468.80
1.90 75468.80
2.00 75468.80
2.10 72499.20
2.20 72499.20
2.30 72499.20
2.40 72499.20
2.50 72499.20
2.60 72499.20
2.70 72499.20
2.80 72499.20
2.90 72499.20
3.00 72499.20
3.10 70553.60
3.20 70553.60
3.30 70553.60
3.40 70553.60
3.50 70553.60
3.60 70553.60
3.70 70553.60
3.80 70553.60
3.90 70553.60
4.00 70553.60
4.10 71987.20
4.20 71987.20
4.30 71987.20
4.40 71987.20
4.50 71987.20
4.60 71987.20
4.70 71987.20
4.80 71987.20
4.90 71987.20
5.00 71987.20
5.10 69324.80
5.20 69324.80
5.30 69324.80
5.40 69324.80
5.50 69324.80
5.60 69324.80
5.70 69324.80
5.80 69324.80
5.90 69324.80
6.00 69324.80
6.10 71168.00
6.20 71168.00
6.30 71168.00
6.40 71168.00
6.50 71168.00
6.60 71168.00
6.70 71168.00
6.80 71168.00
6.90 71168.00
7.00 71168.00
7.10 73420.80
7.20 73420.80
7.30 73420.80
7.40 73420.80
7.50 73420.80
7.60 73420.80
7.70 73420.80
7.80 73420.80
7.90 73420.80
8.00 73420.80
8.10 71680.00
8.20 71680.00
8.30 71680.00
8.40 71680.00
8.50 71680.00
8.60 71680.00
8.70 71680.00
8.80 71680.00
8.90 71680.00
9.00 71680.00
9.10 73523.20
9.20 73523.20
9.30 73523.20
9.40 73523.20
9.50 73523.20
9.60 73523.20
9.70 73523.20
9.80 73523.20
9.90 73523.20
10.00 73523.20
