0.10 80179.20
0.20 80179.20
0.30 80179.20
0.40 80179.20
0.50 80179.20
0.60 80179.20
0.70 80179.20
0.80 80179.20
0.90 80179.20
1.00 80179.20
1.10 77926.40
1.20 77926.40
1.30 77926.40
1.40 77926.40
1.50 77926.40
1.60 77926.40
1.70 77926.40
1.80 77926.40
1.90 77926.40
2.00 77926.40
2.10 73420.80
2.20 73420.80
2.30 73420.80
2.40 73420.80
2.50 73420.80
2.60 73420.80
2.70 73420.80
2.80 73420.80
2.90 73420.80
3.00 73420.80
3.10 65843.20
3.20 65843.20
3.30 65843.20
3.40 65843.20
3.50 65843.20
3.60 65843.20
3.70 65843.20
3.80 65843.20
3.90 65843.20
4.00 65843.20
4.10 66662.40
4.20 66662.40
4.30 66662.40
4.40 66662.40
4.50 66662.40
4.60 66662.40
4.70 66662.40
4.80 66662.40
4.90 66662.40
5.00 66662.40
5.10 73523.20
5.20 73523.20
5.30 73523.20
5.40 73523.20
5.50 73523.20
5.60 73523.20
5.70 73523.20
5.80 73523.20
5.90 73523.20
6.00 73523.20
6.10 61849.60
6.20 61849.60
6.30 61849.60
6.40 61849.60
6.50 61849.60
6.60 61849.60
6.70 61849.60
6.80 61849.60
6.90 61849.60
7.00 61849.60
7.10 49766.40
7.20 49766.40
7.30 49766.40
7.40 49766.40
7.50 49766.40
7.60 49766.40
7.70 49766.40
7.80 49766.40
7.90 49766.40
8.00 49766.40
8.10 47001.60
8.20 47001.60
8.30 47001.60
8.40 47001.60
8.50 47001.60
8.60 47001.60
8.70 47001.60
8.80 47001.60
8.90 47001.60
9.00 47001.60
9.10 65740.80
9.20 65740.80
9.30 65740.80
9.40 65740.80
9.50 65740.80
9.60 65740.80
9.70 65740.80
9.80 65740.80
9.90 65740.80
10.00 65740.80
