0.10 73932.80
0.20 73932.80
0.30 73932.80
0.40 73932.80
0.50 73932.80
0.60 73932.80
0.70 73932.80
0.80 73932.80
0.90 73932.80
1.00 73932.80
1.10 71577.60
1.20 71577.60
1.30 71577.60
1.40 71577.60
1.50 71577.60
1.60 71577.60
1.70 71577.60
1.80 71577.60
1.90 71577.60
2.00 71577.60
2.10 38912.00
2.20 38912.00
2.30 38912.00
2.40 38912.00
2.50 38912.00
2.60 38912.00
2.70 38912.00
2.80 38912.00
2.90 38912.00
3.00 38912.00
3.10 111513.60
3.20 111513.60
3.30 111513.60
3.40 111513.60
3.50 111513.60
3.60 111513.60
3.70 111513.60
3.80 111513.60
3.90 111513.60
4.00 111513.60
4.10 76800.00
4.20 76800.00
4.30 76800.00
4.40 76800.00
4.50 76800.00
4.60 76800.00
4.70 76800.00
4.80 76800.00
4.90 76800.00
5.00 76800.00
5.10 74752.00
5.20 74752.00
5.30 74752.00
5.40 74752.00
5.50 74752.00
5.60 74752.00
5.70 74752.00
5.80 74752.00
5.90 74752.00
6.00 74752.00
6.10 77414.40
6.20 77414.40
6.30 77414.40
6.40 77414.40
6.50 77414.40
6.60 77414.40
6.70 77414.40
6.80 77414.40
6.90 77414.40
7.00 77414.40
7.10 77004.80
7.20 77004.80
7.30 77004.80
7.40 77004.80
7.50 77004.80
7.60 77004.80
7.70 77004.80
7.80 77004.80
7.90 77004.80
8.00 77004.80
8.10 74752.00
8.20 74752.00
8.30 74752.00
8.40 74752.00
8.50 74752.00
8.60 74752.00
8.70 74752.00
8.80 74752.00
8.90 74752.00
9.00 74752.00
9.10 74752.00
9.20 74752.00
9.30 74752.00
9.40 74752.00
9.50 74752.00
9.60 74752.00
9.70 74752.00
9.80 74752.00
9.90 74752.00
10.00 74752.00
