0.10 76390.40
0.20 76390.40
0.30 76390.40
0.40 76390.40
0.50 76390.40
0.60 76390.40
0.70 76390.40
0.80 76390.40
0.90 76390.40
1.00 76390.40
1.10 74649.60
1.20 74649.60
1.30 74649.60
1.40 74649.60
1.50 74649.60
1.60 74649.60
1.70 74649.60
1.80 74649.60
1.90 74649.60
2.00 74649.60
2.10 70348.80
2.20 70348.80
2.30 70348.80
2.40 70348.80
2.50 70348.80
2.60 70348.80
2.70 70348.80
2.80 70348.80
2.90 70348.80
3.00 70348.80
3.10 73216.00
3.20 73216.00
3.30 73216.00
3.40 73216.00
3.50 73216.00
3.60 73216.00
3.70 73216.00
3.80 73216.00
3.90 73216.00
4.00 73216.00
4.10 73625.60
4.20 73625.60
4.30 73625.60
4.40 73625.60
4.50 73625.60
4.60 73625.60
4.70 73625.60
4.80 73625.60
4.90 73625.60
5.00 73625.60
5.10 75571.20
5.20 75571.20
5.30 75571.20
5.40 75571.20
5.50 75571.20
5.60 75571.20
5.70 75571.20
5.80 75571.20
5.90 75571.20
6.00 75571.20
6.10 71168.00
6.20 71168.00
6.30 71168.00
6.40 71168.00
6.50 71168.00
6.60 71168.00
6.70 71168.00
6.80 71168.00
6.90 71168.00
7.00 71168.00
7.10 72704.00
7.20 72704.00
7.30 72704.00
7.40 72704.00
7.50 72704.00
7.60 72704.00
7.70 72704.00
7.80 72704.00
7.90 72704.00
8.00 72704.00
8.10 54476.80
8.20 54476.80
8.30 54476.80
8.40 54476.80
8.50 54476.80
8.60 54476.80
8.70 54476.80
8.80 54476.80
8.90 54476.80
9.00 54476.80
9.10 86016.00
9.20 86016.00
9.30 86016.00
9.40 86016.00
9.50 86016.00
9.60 86016.00
9.70 86016.00
9.80 86016.00
9.90 86016.00
10.00 86016.00
