0.10 75059.20
0.20 75059.20
0.30 75059.20
0.40 75059.20
0.50 75059.20
0.60 75059.20
0.70 75059.20
0.80 75059.20
0.90 75059.20
1.00 75059.20
1.10 76288.00
1.20 76288.00
1.30 76288.00
1.40 76288.00
1.50 76288.00
1.60 76288.00
1.70 76288.00
1.80 76288.00
1.90 76288.00
2.00 76288.00
2.10 73523.20
2.20 73523.20
2.30 73523.20
2.40 73523.20
2.50 73523.20
2.60 73523.20
2.70 73523.20
2.80 73523.20
2.90 73523.20
3.00 73523.20
3.10 77926.40
3.20 77926.40
3.30 77926.40
3.40 77926.40
3.50 77926.40
3.60 77926.40
3.70 77926.40
3.80 77926.40
3.90 77926.40
4.00 77926.40
4.10 75571.20
4.20 75571.20
4.30 75571.20
4.40 75571.20
4.50 75571.20
4.60 75571.20
4.70 75571.20
4.80 75571.20
4.90 75571.20
5.00 75571.20
5.10 77004.80
5.20 77004.80
5.30 77004.80
5.40 77004.80
5.50 77004.80
5.60 77004.80
5.70 77004.80
5.80 77004.80
5.90 77004.80
6.00 77004.80
6.10 75776.00
6.20 75776.00
6.30 75776.00
6.40 75776.00
6.50 75776.00
6.60 75776.00
6.70 75776.00
6.80 75776.00
6.90 75776.00
7.00 75776.00
7.10 71065.60
7.20 71065.60
7.30 71065.60
7.40 71065.60
7.50 71065.60
7.60 71065.60
7.70 71065.60
7.80 71065.60
7.90 71065.60
8.00 71065.60
8.10 72908.80
8.20 72908.80
8.30 72908.80
8.40 72908.80
8.50 72908.80
8.60 72908.80
8.70 72908.80
8.80 72908.80
8.90 72908.80
9.00 72908.80
9.10 74240.00
9.20 74240.00
9.30 74240.00
9.40 74240.00
9.50 74240.00
9.60 74240.00
9.70 74240.00
9.80 74240.00
9.90 74240.00
10.00 74240.00
