0.10 42700.80
0.20 42700.80
0.30 42700.80
0.40 42700.80
0.50 42700.80
0.60 42700.80
0.70 42700.80
0.80 42700.80
0.90 42700.80
1.00 42700.80
1.10 109056.00
1.20 109056.00
1.30 109056.00
1.40 109056.00
1.50 109056.00
1.60 109056.00
1.70 109056.00
1.80 109056.00
1.90 109056.00
2.00 109056.00
2.10 77414.40
2.20 77414.40
2.30 77414.40
2.40 77414.40
2.50 77414.40
2.60 77414.40
2.70 77414.40
2.80 77414.40
2.90 77414.40
3.00 77414.40
3.10 75878.40
3.20 75878.40
3.30 75878.40
3.40 75878.40
3.50 75878.40
3.60 75878.40
3.70 75878.40
3.80 75878.40
3.90 75878.40
4.00 75878.40
4.10 75878.40
4.20 75878.40
4.30 75878.40
4.40 75878.40
4.50 75878.40
4.60 75878.40
4.70 75878.40
4.80 75878.40
4.90 75878.40
5.00 75878.40
5.10 74342.40
5.20 74342.40
5.30 74342.40
5.40 74342.40
5.50 74342.40
5.60 74342.40
5.70 74342.40
5.80 74342.40
5.90 74342.40
6.00 74342.40
6.10 74240.00
6.20 74240.00
6.30 74240.00
6.40 74240.00
6.50 74240.00
6.60 74240.00
6.70 74240.00
6.80 74240.00
6.90 74240.00
7.00 74240.00
7.10 74444.80
7.20 74444.80
7.30 74444.80
7.40 74444.80
7.50 74444.80
7.60 74444.80
7.70 74444.80
7.80 74444.80
7.90 74444.80
8.00 74444.80
8.10 74649.60
8.20 74649.60
8.30 74649.60
8.40 74649.60
8.50 74649.60
8.60 74649.60
8.70 74649.60
8.80 74649.60
8.90 74649.60
9.00 74649.60
9.10 75980.80
9.20 75980.80
9.30 75980.80
9.40 75980.80
9.50 75980.80
9.60 75980.80
9.70 75980.80
9.80 75980.80
9.90 75980.80
10.00 75980.80
