0.10 68608.00
0.20 68608.00
0.30 68608.00
0.40 68608.00
0.50 68608.00
0.60 68608.00
0.70 68608.00
0.80 68608.00
0.90 68608.00
1.00 68608.00
1.10 36966.40
1.20 36966.40
1.30 36966.40
1.40 36966.40
1.50 36966.40
1.60 36966.40
1.70 36966.40
1.80 36966.40
1.90 36966.40
2.00 36966.40
2.10 102912.00
2.20 102912.00
2.30 102912.00
2.40 102912.00
2.50 102912.00
2.60 102912.00
2.70 102912.00
2.80 102912.00
2.90 102912.00
3.00 102912.00
3.10 73830.40
3.20 73830.40
3.30 73830.40
3.40 73830.40
3.50 73830.40
3.60 73830.40
3.70 73830.40
3.80 73830.40
3.90 73830.40
4.00 73830.40
4.10 77926.40
4.20 77926.40
4.30 77926.40
4.40 77926.40
4.50 77926.40
4.60 77926.40
4.70 77926.40
4.80 77926.40
4.90 77926.40
5.00 77926.40
5.10 72396.80
5.20 72396.80
5.30 72396.80
5.40 72396.80
5.50 72396.80
5.60 72396.80
5.70 72396.80
5.80 72396.80
5.90 72396.80
6.00 72396.80
6.10 59494.40
6.20 59494.40
6.30 59494.40
6.40 59494.40
6.50 59494.40
6.60 59494.40
6.70 59494.40
6.80 59494.40
6.90 59494.40
7.00 59494.40
7.10 66867.20
7.20 66867.20
7.30 66867.20
7.40 66867.20
7.50 66867.20
7.60 66867.20
7.70 66867.20
7.80 66867.20
7.90 66867.20
8.00 66867.20
8.10 74752.00
8.20 74752.00
8.30 74752.00
8.40 74752.00
8.50 74752.00
8.60 74752.00
8.70 74752.00
8.80 74752.00
8.90 74752.00
9.00 74752.00
9.10 57548.80
9.20 57548.80
9.30 57548.80
9.40 57548.80
9.50 57548.80
9.60 57548.80
9.70 57548.80
9.80 57548.80
9.90 57548.80
10.00 57548.80
