0.10 75980.80
0.20 75980.80
0.30 75980.80
0.40 75980.80
0.50 75980.80
0.60 75980.80
0.70 75980.80
0.80 75980.80
0.90 75980.80
1.00 75980.80
1.10 74342.40
1.20 74342.40
1.30 74342.40
1.40 74342.40
1.50 74342.40
1.60 74342.40
1.70 74342.40
1.80 74342.40
1.90 74342.40
2.00 74342.40
2.10 72396.80
2.20 72396.80
2.30 72396.80
2.40 72396.80
2.50 72396.80
2.60 72396.80
2.70 72396.80
2.80 72396.80
2.90 72396.80
3.00 72396.80
3.10 74240.00
3.20 74240.00
3.30 74240.00
3.40 74240.00
3.50 74240.00
3.60 74240.00
3.70 74240.00
3.80 74240.00
3.90 74240.00
4.00 74240.00
4.10 68505.60
4.20 68505.60
4.30 68505.60
4.40 68505.60
4.50 68505.60
4.60 68505.60
4.70 68505.60
4.80 68505.60
4.90 68505.60
5.00 68505.60
5.10 70553.60
5.20 70553.60
5.30 70553.60
5.40 70553.60
5.50 70553.60
5.60 70553.60
5.70 70553.60
5.80 70553.60
5.90 70553.60
6.00 70553.60
6.10 75776.00
6.20 75776.00
6.30 75776.00
6.40 75776.00
6.50 75776.00
6.60 75776.00
6.70 75776.00
6.80 75776.00
6.90 75776.00
7.00 75776.00
7.10 76390.40
7.20 76390.40
7.30 76390.40
7.40 76390.40
7.50 76390.40
7.60 76390.40
7.70 76390.40
7.80 76390.40
7.90 76390.40
8.00 76390.40
8.10 73830.40
8.20 73830.40
8.30 73830.40
8.40 73830.40
8.50 73830.40
8.60 73830.40
8.70 73830.40
8.80 73830.40
8.90 73830.40
9.00 73830.40
9.10 76288.00
9.20 76288.00
9.30 76288.00
9.40 76288.00
9.50 76288.00
9.60 76288.00
9.70 76288.00
9.80 76288.00
9.90 76288.00
10.00 76288.00
