0.10 74649.60
0.20 74649.60
0.30 74649.60
0.40 74649.60
0.50 74649.60
0.60 74649.60
0.70 74649.60
0.80 74649.60
0.90 74649.60
1.00 74649.60
1.10 75059.20
1.20 75059.20
1.30 75059.20
1.40 75059.20
1.50 75059.20
1.60 75059.20
1.70 75059.20
1.80 75059.20
1.90 75059.20
2.00 75059.20
2.10 72294.40
2.20 72294.40
2.30 72294.40
2.40 72294.40
2.50 72294.40
2.60 72294.40
2.70 72294.40
2.80 72294.40
2.90 72294.40
3.00 72294.40
3.10 74240.00
3.20 74240.00
3.30 74240.00
3.40 74240.00
3.50 74240.00
3.60 74240.00
3.70 74240.00
3.80 74240.00
3.90 74240.00
4.00 74240.00
4.10 76185.60
4.20 76185.60
4.30 76185.60
4.40 76185.60
4.50 76185.60
4.60 76185.60
4.70 76185.60
4.80 76185.60
4.90 76185.60
5.00 76185.60
5.10 76390.40
5.20 76390.40
5.30 76390.40
5.40 76390.40
5.50 76390.40
5.60 76390.40
5.70 76390.40
5.80 76390.40
5.90 76390.40
6.00 76390.40
6.10 73932.80
6.20 73932.80
6.30 73932.80
6.40 73932.80
6.50 73932.80
6.60 73932.80
6.70 73932.80
6.80 73932.80
6.90 73932.80
7.00 73932.80
7.10 72294.40
7.20 72294.40
7.30 72294.40
7.40 72294.40
7.50 72294.40
7.60 72294.40
7.70 72294.40
7.80 72294.40
7.90 72294.40
8.00 72294.40
8.10 70758.40
8.20 70758.40
8.30 70758.40
8.40 70758.40
8.50 70758.40
8.60 70758.40
8.70 70758.40
8.80 70758.40
8.90 70758.40
9.00 70758.40
9.10 14950.40
9.20 14950.40
9.30 14950.40
9.40 14950.40
9.50 14950.40
9.60 14950.40
9.70 14950.40
9.80 14950.40
9.90 14950.40
10.00 14950.40
