0.10 108236.80
0.20 108236.80
0.30 108236.80
0.40 108236.80
0.50 108236.80
0.60 108236.80
0.70 108236.80
0.80 108236.80
0.90 108236.80
1.00 108236.80
1.10 88883.20
1.20 88883.20
1.30 88883.20
1.40 88883.20
1.50 88883.20
1.60 88883.20
1.70 88883.20
1.80 88883.20
1.90 88883.20
2.00 88883.20
2.10 91238.40
2.20 91238.40
2.30 91238.40
2.40 91238.40
2.50 91238.40
2.60 91238.40
2.70 91238.40
2.80 91238.40
2.90 91238.40
3.00 91238.40
3.10 91136.00
3.20 91136.00
3.30 91136.00
3.40 91136.00
3.50 91136.00
3.60 91136.00
3.70 91136.00
3.80 91136.00
3.90 91136.00
4.00 91136.00
4.10 93184.00
4.20 93184.00
4.30 93184.00
4.40 93184.00
4.50 93184.00
4.60 93184.00
4.70 93184.00
4.80 93184.00
4.90 93184.00
5.00 93184.00
5.10 91238.40
5.20 91238.40
5.30 91238.40
5.40 91238.40
5.50 91238.40
5.60 91238.40
5.70 91238.40
5.80 91238.40
5.90 91238.40
6.00 91238.40
6.10 92160.00
6.20 92160.00
6.30 92160.00
6.40 92160.00
6.50 92160.00
6.60 92160.00
6.70 92160.00
6.80 92160.00
6.90 92160.00
7.00 92160.00
7.10 89702.40
7.20 89702.40
7.30 89702.40
7.40 89702.40
7.50 89702.40
7.60 89702.40
7.70 89702.40
7.80 89702.40
7.90 89702.40
8.00 89702.40
8.10 80588.80
8.20 80588.80
8.30 80588.80
8.40 80588.80
8.50 80588.80
8.60 80588.80
8.70 80588.80
8.80 80588.80
8.90 80588.80
9.00 80588.80
9.10 101785.60
9.20 101785.60
9.30 101785.60
9.40 101785.60
9.50 101785.60
9.60 101785.60
9.70 101785.60
9.80 101785.60
9.90 101785.60
10.00 101785.60
10.10 91136.00
10.20 91136.00
10.30 91136.00
10.40 91136.00
10.50 91136.00
10.60 91136.00
10.70 91136.00
10.80 91136.00
10.90 91136.00
11.00 91136.00
11.10 90624.00
11.20 90624.00
11.30 90624.00
11.40 90624.00
11.50 90624.00
11.60 90624.00
11.70 90624.00
11.80 90624.00
11.90 90624.00
12.00 90624.00
12.10 92672.00
12.20 92672.00
12.30 92672.00
12.40 92672.00
12.50 92672.00
12.60 92672.00
12.70 92672.00
12.80 92672.00
12.90 92672.00
13.00 92672.00
13.10 91443.20
13.20 91443.20
13.30 91443.20
13.40 91443.20
13.50 91443.20
13.60 91443.20
13.70 91443.20
13.80 91443.20
13.90 91443.20
14.00 91443.20
14.10 90009.60
14.20 90009.60
14.30 90009.60
14.40 90009.60
14.50 90009.60
14.60 90009.60
14.70 90009.60
14.80 90009.60
14.90 90009.60
15.00 90009.60
15.10 88473.60
15.20 88473.60
15.30 88473.60
15.40 88473.60
15.50 88473.60
15.60 88473.60
15.70 88473.60
15.80 88473.60
15.90 88473.60
16.00 88473.60
16.10 90419.20
16.20 90419.20
16.30 90419.20
16.40 90419.20
16.50 90419.20
16.60 90419.20
16.70 90419.20
16.80 90419.20
16.90 90419.20
17.00 90419.20
17.10 90214.40
17.20 90214.40
17.30 90214.40
17.40 90214.40
17.50 90214.40
17.60 90214.40
17.70 90214.40
17.80 90214.40
17.90 90214.40
18.00 90214.40
18.10 94105.60
18.20 94105.60
18.30 94105.60
18.40 94105.60
18.50 94105.60
18.60 94105.60
18.70 94105.60
18.80 94105.60
18.90 94105.60
19.00 94105.60
19.10 92262.40
19.20 92262.40
19.30 92262.40
19.40 92262.40
19.50 92262.40
19.60 92262.40
19.70 92262.40
19.80 92262.40
19.90 92262.40
20.00 92262.40
20.10 90316.80
20.20 90316.80
20.30 90316.80
20.40 90316.80
20.50 90316.80
20.60 90316.80
20.70 90316.80
20.80 90316.80
20.90 90316.80
21.00 90316.80
21.10 90726.40
21.20 90726.40
21.30 90726.40
21.40 90726.40
21.50 90726.40
21.60 90726.40
21.70 90726.40
21.80 90726.40
21.90 90726.40
22.00 90726.40
22.10 95846.40
22.20 95846.40
22.30 95846.40
22.40 95846.40
22.50 95846.40
22.60 95846.40
22.70 95846.40
22.80 95846.40
22.90 95846.40
23.00 95846.40
23.10 88371.20
23.20 88371.20
23.30 88371.20
23.40 88371.20
23.50 88371.20
23.60 88371.20
23.70 88371.20
23.80 88371.20
23.90 88371.20
24.00 88371.20
24.10 88268.80
24.20 88268.80
24.30 88268.80
24.40 88268.80
24.50 88268.80
24.60 88268.80
24.70 88268.80
24.80 88268.80
24.90 88268.80
25.00 88268.80
25.10 73420.80
25.20 73420.80
25.30 73420.80
25.40 73420.80
25.50 73420.80
25.60 73420.80
25.70 73420.80
25.80 73420.80
25.90 73420.80
26.00 73420.80
26.10 114995.20
26.20 114995.20
26.30 114995.20
26.40 114995.20
26.50 114995.20
26.60 114995.20
26.70 114995.20
26.80 114995.20
26.90 114995.20
27.00 114995.20
27.10 87552.00
27.20 87552.00
27.30 87552.00
27.40 87552.00
27.50 87552.00
27.60 87552.00
27.70 87552.00
27.80 87552.00
27.90 87552.00
28.00 87552.00
28.10 91852.80
28.20 91852.80
28.30 91852.80
28.40 91852.80
28.50 91852.80
28.60 91852.80
28.70 91852.80
28.80 91852.80
28.90 91852.80
29.00 91852.80
29.10 91955.20
29.20 91955.20
29.30 91955.20
29.40 91955.20
29.50 91955.20
29.60 91955.20
29.70 91955.20
29.80 91955.20
29.90 91955.20
30.00 91955.20
30.10 91648.00
30.20 91648.00
30.30 91648.00
30.40 91648.00
30.50 91648.00
30.60 91648.00
30.70 91648.00
30.80 91648.00
30.90 91648.00
31.00 91648.00
31.10 91033.60
31.20 91033.60
31.30 91033.60
31.40 91033.60
31.50 91033.60
31.60 91033.60
31.70 91033.60
31.80 91033.60
31.90 91033.60
32.00 91033.60
32.10 92569.60
32.20 92569.60
32.30 92569.60
32.40 92569.60
32.50 92569.60
32.60 92569.60
32.70 92569.60
32.80 92569.60
32.90 92569.60
33.00 92569.60
33.10 90009.60
33.20 90009.60
33.30 90009.60
33.40 90009.60
33.50 90009.60
33.60 90009.60
33.70 90009.60
33.80 90009.60
33.90 90009.60
34.00 90009.60
34.10 92364.80
34.20 92364.80
34.30 92364.80
34.40 92364.80
34.50 92364.80
34.60 92364.80
34.70 92364.80
34.80 92364.80
34.90 92364.80
35.00 92364.80
35.10 91545.60
35.20 91545.60
35.30 91545.60
35.40 91545.60
35.50 91545.60
35.60 91545.60
35.70 91545.60
35.80 91545.60
35.90 91545.60
36.00 91545.60
36.10 95744.00
36.20 95744.00
36.30 95744.00
36.40 95744.00
36.50 95744.00
36.60 95744.00
36.70 95744.00
36.80 95744.00
36.90 95744.00
37.00 95744.00
37.10 89907.20
37.20 89907.20
37.30 89907.20
37.40 89907.20
37.50 89907.20
37.60 89907.20
37.70 89907.20
37.80 89907.20
37.90 89907.20
38.00 89907.20
38.10 75776.00
38.20 75776.00
38.30 75776.00
38.40 75776.00
38.50 75776.00
38.60 75776.00
38.70 75776.00
38.80 75776.00
38.90 75776.00
39.00 75776.00
39.10 109772.80
39.20 109772.80
39.30 109772.80
39.40 109772.80
39.50 109772.80
39.60 109772.80
39.70 109772.80
39.80 109772.80
39.90 109772.80
40.00 109772.80
40.10 44134.40
40.20 44134.40
40.30 44134.40
40.40 44134.40
40.50 44134.40
40.60 44134.40
40.70 44134.40
40.80 44134.40
40.90 44134.40
41.00 44134.40
41.10 137113.60
41.20 137113.60
41.30 137113.60
41.40 137113.60
41.50 137113.60
41.60 137113.60
41.70 137113.60
41.80 137113.60
41.90 137113.60
42.00 137113.60
42.10 90316.80
42.20 90316.80
42.30 90316.80
42.40 90316.80
42.50 90316.80
42.60 90316.80
42.70 90316.80
42.80 90316.80
42.90 90316.80
43.00 90316.80
43.10 91136.00
43.20 91136.00
43.30 91136.00
43.40 91136.00
43.50 91136.00
43.60 91136.00
43.70 91136.00
43.80 91136.00
43.90 91136.00
44.00 91136.00
44.10 89497.60
44.20 89497.60
44.30 89497.60
44.40 89497.60
44.50 89497.60
44.60 89497.60
44.70 89497.60
44.80 89497.60
44.90 89497.60
45.00 89497.60
45.10 92774.40
45.20 92774.40
45.30 92774.40
45.40 92774.40
45.50 92774.40
45.60 92774.40
45.70 92774.40
45.80 92774.40
45.90 92774.40
46.00 92774.40
46.10 92364.80
46.20 92364.80
46.30 92364.80
46.40 92364.80
46.50 92364.80
46.60 92364.80
46.70 92364.80
46.80 92364.80
46.90 92364.80
47.00 92364.80
47.10 89088.00
47.20 89088.00
47.30 89088.00
47.40 89088.00
47.50 89088.00
47.60 89088.00
47.70 89088.00
47.80 89088.00
47.90 89088.00
48.00 89088.00
48.10 90726.40
48.20 90726.40
48.30 90726.40
48.40 90726.40
48.50 90726.40
48.60 90726.40
48.70 90726.40
48.80 90726.40
48.90 90726.40
49.00 90726.40
49.10 93798.40
49.20 93798.40
49.30 93798.40
49.40 93798.40
49.50 93798.40
49.60 93798.40
49.70 93798.40
49.80 93798.40
49.90 93798.40
50.00 93798.40
50.10 87244.80
50.20 87244.80
50.30 87244.80
50.40 87244.80
50.50 87244.80
50.60 87244.80
50.70 87244.80
50.80 87244.80
50.90 87244.80
51.00 87244.80
51.10 90828.80
51.20 90828.80
51.30 90828.80
51.40 90828.80
51.50 90828.80
51.60 90828.80
51.70 90828.80
51.80 90828.80
51.90 90828.80
52.00 90828.80
52.10 91955.20
52.20 91955.20
52.30 91955.20
52.40 91955.20
52.50 91955.20
52.60 91955.20
52.70 91955.20
52.80 91955.20
52.90 91955.20
53.00 91955.20
53.10 90419.20
53.20 90419.20
53.30 90419.20
53.40 90419.20
53.50 90419.20
53.60 90419.20
53.70 90419.20
53.80 90419.20
53.90 90419.20
54.00 90419.20
54.10 73420.80
54.20 73420.80
54.30 73420.80
54.40 73420.80
54.50 73420.80
54.60 73420.80
54.70 73420.80
54.80 73420.80
54.90 73420.80
55.00 73420.80
55.10 112128.00
55.20 112128.00
55.30 112128.00
55.40 112128.00
55.50 112128.00
55.60 112128.00
55.70 112128.00
55.80 112128.00
55.90 112128.00
56.00 112128.00
56.10 90828.80
56.20 90828.80
56.30 90828.80
56.40 90828.80
56.50 90828.80
56.60 90828.80
56.70 90828.80
56.80 90828.80
56.90 90828.80
57.00 90828.80
57.10 87961.60
57.20 87961.60
57.30 87961.60
57.40 87961.60
57.50 87961.60
57.60 87961.60
57.70 87961.60
57.80 87961.60
57.90 87961.60
58.00 87961.60
58.10 92569.60
58.20 92569.60
58.30 92569.60
58.40 92569.60
58.50 92569.60
58.60 92569.60
58.70 92569.60
58.80 92569.60
58.90 92569.60
59.00 92569.60
59.10 69939.20
59.20 69939.20
59.30 69939.20
59.40 69939.20
59.50 69939.20
59.60 69939.20
59.70 69939.20
59.80 69939.20
59.90 69939.20
60.00 69939.20
