0.10 40894.50
0.20 40894.50
0.30 40894.50
0.40 40894.50
0.50 40894.50
0.60 66846.70
0.70 66846.70
0.80 66846.70
0.90 66846.70
1.00 66846.70
1.10 50593.80
1.20 50593.80
1.30 50593.80
1.40 50593.80
1.50 50593.80
1.60 42205.20
1.70 42205.20
1.80 42205.20
1.90 42205.20
2.00 42205.20
2.10 62390.30
2.20 62390.30
2.30 62390.30
2.40 62390.30
2.50 62390.30
2.60 62390.30
2.70 62390.30
2.80 62390.30
2.90 62390.30
3.00 62390.30
3.10 31981.60
3.20 31981.60
3.30 31981.60
3.40 31981.60
3.50 31981.60
3.60 5242.90
3.70 5242.90
3.80 5242.90
3.90 5242.90
4.00 5242.90
4.10 28311.60
4.20 28311.60
4.30 28311.60
4.40 28311.60
4.50 28311.60
4.60 28049.40
4.70 28049.40
4.80 28049.40
4.90 28049.40
5.00 28049.40
5.10 33030.10
5.20 33030.10
5.30 33030.10
5.40 33030.10
5.50 33030.10
5.60 11010.00
5.70 11010.00
5.80 11010.00
5.90 11010.00
6.00 11010.00
6.10 9175.00
6.20 9175.00
6.30 9175.00
6.40 9175.00
6.50 9175.00
6.60 23068.70
6.70 23068.70
6.80 23068.70
6.90 23068.70
7.00 23068.70
7.10 30408.70
7.20 30408.70
7.30 30408.70
7.40 30408.70
7.50 30408.70
7.60 30670.80
7.70 30670.80
7.80 30670.80
7.90 30670.80
8.00 30670.80
8.10 29098.00
8.20 29098.00
8.30 29098.00
8.40 29098.00
8.50 29098.00
8.60 19398.70
8.70 19398.70
8.80 19398.70
8.90 19398.70
9.00 19398.70
9.10 31195.10
9.20 31195.10
9.30 31195.10
9.40 31195.10
9.50 31195.10
9.60 41156.60
9.70 41156.60
9.80 41156.60
9.90 41156.60
10.00 41156.60
10.10 27787.30
10.20 27787.30
10.30 27787.30
10.40 27787.30
10.50 27787.30
10.60 33816.60
10.70 33816.60
10.80 33816.60
10.90 33816.60
11.00 33816.60
11.10 28835.80
11.20 28835.80
11.30 28835.80
11.40 28835.80
11.50 28835.80
11.60 40894.50
11.70 40894.50
11.80 40894.50
11.90 40894.50
12.00 40894.50
12.10 11272.20
12.20 11272.20
12.30 11272.20
12.40 11272.20
12.50 11272.20
12.60 38535.20
12.70 38535.20
12.80 38535.20
12.90 38535.20
13.00 38535.20
13.10 22282.20
13.20 22282.20
13.30 22282.20
13.40 22282.20
13.50 22282.20
13.60 33554.40
13.70 33554.40
13.80 33554.40
13.90 33554.40
14.00 33554.40
14.10 33816.60
14.20 33816.60
14.30 33816.60
14.40 33816.60
14.50 33816.60
14.60 19398.70
14.70 19398.70
14.80 19398.70
14.90 19398.70
15.00 19398.70
15.10 9699.30
15.20 9699.30
15.30 9699.30
15.40 9699.30
15.50 9699.30
15.60 32243.70
15.70 32243.70
15.80 32243.70
15.90 32243.70
16.00 32243.70
16.10 64225.30
16.20 64225.30
16.30 64225.30
16.40 64225.30
16.50 64225.30
16.60 12582.90
16.70 12582.90
16.80 12582.90
16.90 12582.90
17.00 12582.90
17.10 34340.90
17.20 34340.90
17.30 34340.90
17.40 34340.90
17.50 34340.90
17.60 48234.50
17.70 48234.50
17.80 48234.50
17.90 48234.50
18.00 48234.50
18.10 50331.60
18.20 50331.60
18.30 50331.60
18.40 50331.60
18.50 50331.60
18.60 30408.70
18.70 30408.70
18.80 30408.70
18.90 30408.70
19.00 30408.70
19.10 40370.20
19.20 40370.20
19.30 40370.20
19.40 40370.20
19.50 40370.20
19.60 19398.70
19.70 19398.70
19.80 19398.70
19.90 19398.70
20.00 19398.70
20.10 16777.20
20.20 16777.20
20.30 16777.20
20.40 16777.20
20.50 16777.20
20.60 38797.30
20.70 38797.30
20.80 38797.30
20.90 38797.30
21.00 38797.30
21.10 34340.90
21.20 34340.90
21.30 34340.90
21.40 34340.90
21.50 34340.90
21.60 23068.70
21.70 23068.70
21.80 23068.70
21.90 23068.70
22.00 23068.70
22.10 35913.70
22.20 35913.70
22.30 35913.70
22.40 35913.70
22.50 35913.70
22.60 111149.10
22.70 111149.10
22.80 111149.10
22.90 111149.10
23.00 111149.10
23.10 22806.50
23.20 22806.50
23.30 22806.50
23.40 22806.50
23.50 22806.50
23.60 12058.60
23.70 12058.60
23.80 12058.60
23.90 12058.60
24.00 12058.60
24.10 23330.80
24.20 23330.80
24.30 23330.80
24.40 23330.80
24.50 23330.80
24.60 22020.10
24.70 22020.10
24.80 22020.10
24.90 22020.10
25.00 22020.10
25.10 25165.80
25.20 25165.80
25.30 25165.80
25.40 25165.80
25.50 25165.80
25.60 27525.10
25.70 27525.10
25.80 27525.10
25.90 27525.10
26.00 27525.10
26.10 47972.40
26.20 47972.40
26.30 47972.40
26.40 47972.40
26.50 47972.40
26.60 21758.00
26.70 21758.00
26.80 21758.00
26.90 21758.00
27.00 21758.00
27.10 36700.20
27.20 36700.20
27.30 36700.20
27.40 36700.20
27.50 36700.20
27.60 48496.60
27.70 48496.60
27.80 48496.60
27.90 48496.60
28.00 48496.60
28.10 36175.90
28.20 36175.90
28.30 36175.90
28.40 36175.90
28.50 36175.90
28.60 35389.40
28.70 35389.40
28.80 35389.40
28.90 35389.40
29.00 35389.40
29.10 33554.40
29.20 33554.40
29.30 33554.40
29.40 33554.40
29.50 33554.40
29.60 36438.00
29.70 36438.00
29.80 36438.00
29.90 36438.00
30.00 36438.00
