0.10 25690.10
0.20 25690.10
0.30 25690.10
0.40 25690.10
0.50 25690.10
0.60 9437.20
0.70 9437.20
0.80 9437.20
0.90 9437.20
1.00 9437.20
1.10 24379.40
1.20 24379.40
1.30 24379.40
1.40 24379.40
1.50 24379.40
1.60 19398.70
1.70 19398.70
1.80 19398.70
1.90 19398.70
2.00 19398.70
2.10 14942.20
2.20 14942.20
2.30 14942.20
2.40 14942.20
2.50 14942.20
2.60 26738.70
2.70 26738.70
2.80 26738.70
2.90 26738.70
3.00 26738.70
3.10 22806.50
3.20 22806.50
3.30 22806.50
3.40 22806.50
3.50 22806.50
3.60 18612.20
3.70 18612.20
3.80 18612.20
3.90 18612.20
4.00 18612.20
4.10 18350.10
4.20 18350.10
4.30 18350.10
4.40 18350.10
4.50 18350.10
4.60 26476.50
4.70 26476.50
4.80 26476.50
4.90 26476.50
5.00 26476.50
5.10 20447.20
5.20 20447.20
5.30 20447.20
5.40 20447.20
5.50 20447.20
5.60 27000.80
5.70 27000.80
5.80 27000.80
5.90 27000.80
6.00 27000.80
6.10 16252.90
6.20 16252.90
6.30 16252.90
6.40 16252.90
6.50 16252.90
6.60 23593.00
6.70 23593.00
6.80 23593.00
6.90 23593.00
7.00 23593.00
7.10 19922.90
7.20 19922.90
7.30 19922.90
7.40 19922.90
7.50 19922.90
7.60 21233.70
7.70 21233.70
7.80 21233.70
7.90 21233.70
8.00 21233.70
8.10 21233.70
8.20 21233.70
8.30 21233.70
8.40 21233.70
8.50 21233.70
8.60 23855.10
8.70 23855.10
8.80 23855.10
8.90 23855.10
9.00 23855.10
9.10 15728.60
9.20 15728.60
9.30 15728.60
9.40 15728.60
9.50 15728.60
9.60 21495.80
9.70 21495.80
9.80 21495.80
9.90 21495.80
10.00 21495.80
10.10 11272.20
10.20 11272.20
10.30 11272.20
10.40 11272.20
10.50 11272.20
10.60 22806.50
10.70 22806.50
10.80 22806.50
10.90 22806.50
11.00 22806.50
11.10 23068.70
11.20 23068.70
11.30 23068.70
11.40 23068.70
11.50 23068.70
11.60 25428.00
11.70 25428.00
11.80 25428.00
11.90 25428.00
12.00 25428.00
12.10 14942.20
12.20 14942.20
12.30 14942.20
12.40 14942.20
12.50 14942.20
12.60 15990.80
12.70 15990.80
12.80 15990.80
12.90 15990.80
13.00 15990.80
13.10 24379.40
13.20 24379.40
13.30 24379.40
13.40 24379.40
13.50 24379.40
13.60 24903.70
13.70 24903.70
13.80 24903.70
13.90 24903.70
14.00 24903.70
14.10 50331.60
14.20 50331.60
14.30 50331.60
14.40 50331.60
14.50 50331.60
14.60 50331.60
14.70 50331.60
14.80 50331.60
14.90 50331.60
15.00 50331.60
15.10 64487.40
15.20 64487.40
15.30 64487.40
15.40 64487.40
15.50 64487.40
15.60 25165.80
15.70 25165.80
15.80 25165.80
15.90 25165.80
16.00 25165.80
16.10 65798.10
16.20 65798.10
16.30 65798.10
16.40 65798.10
16.50 65798.10
16.60 39583.70
16.70 39583.70
16.80 39583.70
16.90 39583.70
17.00 39583.70
17.10 69206.00
17.20 69206.00
17.30 69206.00
17.40 69206.00
17.50 69206.00
17.60 46923.80
17.70 46923.80
17.80 46923.80
17.90 46923.80
18.00 46923.80
18.10 44040.20
18.20 44040.20
18.30 44040.20
18.40 44040.20
18.50 44040.20
18.60 50593.80
18.70 50593.80
18.80 50593.80
18.90 50593.80
19.00 50593.80
19.10 36700.20
19.20 36700.20
19.30 36700.20
19.40 36700.20
19.50 36700.20
19.60 85458.90
19.70 85458.90
19.80 85458.90
19.90 85458.90
20.00 85458.90
20.10 52428.80
20.20 52428.80
20.30 52428.80
20.40 52428.80
20.50 52428.80
20.60 53215.20
20.70 53215.20
20.80 53215.20
20.90 53215.20
21.00 53215.20
21.10 68681.70
21.20 68681.70
21.30 68681.70
21.40 68681.70
21.50 68681.70
21.60 55574.50
21.70 55574.50
21.80 55574.50
21.90 55574.50
22.00 55574.50
22.10 39059.50
22.20 39059.50
22.30 39059.50
22.40 39059.50
22.50 39059.50
22.60 46923.80
22.70 46923.80
22.80 46923.80
22.90 46923.80
23.00 46923.80
23.10 32505.90
23.20 32505.90
23.30 32505.90
23.40 32505.90
23.50 32505.90
23.60 34603.00
23.70 34603.00
23.80 34603.00
23.90 34603.00
24.00 34603.00
24.10 16252.90
24.20 16252.90
24.30 16252.90
24.40 16252.90
24.50 16252.90
24.60 40108.00
24.70 40108.00
24.80 40108.00
24.90 40108.00
25.00 40108.00
25.10 19922.90
25.20 19922.90
25.30 19922.90
25.40 19922.90
25.50 19922.90
25.60 49545.20
25.70 49545.20
25.80 49545.20
25.90 49545.20
26.00 49545.20
26.10 37486.60
26.20 37486.60
26.30 37486.60
26.40 37486.60
26.50 37486.60
26.60 48234.50
26.70 48234.50
26.80 48234.50
26.90 48234.50
27.00 48234.50
27.10 24117.20
27.20 24117.20
27.30 24117.20
27.40 24117.20
27.50 24117.20
27.60 34078.70
27.70 34078.70
27.80 34078.70
27.90 34078.70
28.00 34078.70
28.10 33292.30
28.20 33292.30
28.30 33292.30
28.40 33292.30
28.50 33292.30
28.60 46137.30
28.70 46137.30
28.80 46137.30
28.90 46137.30
29.00 46137.30
29.10 21495.80
29.20 21495.80
29.30 21495.80
29.40 21495.80
29.50 21495.80
29.60 18874.40
29.70 18874.40
29.80 18874.40
29.90 18874.40
30.00 18874.40
