0.10 22020.10
0.20 22020.10
0.30 22020.10
0.40 22020.10
0.50 22020.10
0.60 29360.10
0.70 29360.10
0.80 29360.10
0.90 29360.10
1.00 29360.10
1.10 22806.50
1.20 22806.50
1.30 22806.50
1.40 22806.50
1.50 22806.50
1.60 18350.10
1.70 18350.10
1.80 18350.10
1.90 18350.10
2.00 18350.10
2.10 33292.30
2.20 33292.30
2.30 33292.30
2.40 33292.30
2.50 33292.30
2.60 23593.00
2.70 23593.00
2.80 23593.00
2.90 23593.00
3.00 23593.00
3.10 15466.50
3.20 15466.50
3.30 15466.50
3.40 15466.50
3.50 15466.50
3.60 16777.20
3.70 16777.20
3.80 16777.20
3.90 16777.20
4.00 16777.20
4.10 21495.80
4.20 21495.80
4.30 21495.80
4.40 21495.80
4.50 21495.80
4.60 16515.10
4.70 16515.10
4.80 16515.10
4.90 16515.10
5.00 16515.10
5.10 28573.70
5.20 28573.70
5.30 28573.70
5.40 28573.70
5.50 28573.70
5.60 26738.70
5.70 26738.70
5.80 26738.70
5.90 26738.70
6.00 26738.70
6.10 21233.70
6.20 21233.70
6.30 21233.70
6.40 21233.70
6.50 21233.70
6.60 52690.90
6.70 52690.90
6.80 52690.90
6.90 52690.90
7.00 52690.90
7.10 31195.10
7.20 31195.10
7.30 31195.10
7.40 31195.10
7.50 31195.10
7.60 30670.80
7.70 30670.80
7.80 30670.80
7.90 30670.80
8.00 30670.80
8.10 42729.50
8.20 42729.50
8.30 42729.50
8.40 42729.50
8.50 42729.50
8.60 20709.40
8.70 20709.40
8.80 20709.40
8.90 20709.40
9.00 20709.40
9.10 15204.40
9.20 15204.40
9.30 15204.40
9.40 15204.40
9.50 15204.40
9.60 46399.50
9.70 46399.50
9.80 46399.50
9.90 46399.50
10.00 46399.50
10.10 24641.50
10.20 24641.50
10.30 24641.50
10.40 24641.50
10.50 24641.50
10.60 42205.20
10.70 42205.20
10.80 42205.20
10.90 42205.20
11.00 42205.20
11.10 58720.30
11.20 58720.30
11.30 58720.30
11.40 58720.30
11.50 58720.30
11.60 39583.70
11.70 39583.70
11.80 39583.70
11.90 39583.70
12.00 39583.70
12.10 35913.70
12.20 35913.70
12.30 35913.70
12.40 35913.70
12.50 35913.70
12.60 26214.40
12.70 26214.40
12.80 26214.40
12.90 26214.40
13.00 26214.40
13.10 33554.40
13.20 33554.40
13.30 33554.40
13.40 33554.40
13.50 33554.40
13.60 64225.30
13.70 64225.30
13.80 64225.30
13.90 64225.30
14.00 64225.30
14.10 42205.20
14.20 42205.20
14.30 42205.20
14.40 42205.20
14.50 42205.20
14.60 61603.80
14.70 61603.80
14.80 61603.80
14.90 61603.80
15.00 61603.80
15.10 73400.30
15.20 73400.30
15.30 73400.30
15.40 73400.30
15.50 73400.30
15.60 69468.20
15.70 69468.20
15.80 69468.20
15.90 69468.20
16.00 69468.20
16.10 52166.70
16.20 52166.70
16.30 52166.70
16.40 52166.70
16.50 52166.70
16.60 79429.60
16.70 79429.60
16.80 79429.60
16.90 79429.60
17.00 79429.60
17.10 31457.30
17.20 31457.30
17.30 31457.30
17.40 31457.30
17.50 31457.30
17.60 57933.80
17.70 57933.80
17.80 57933.80
17.90 57933.80
18.00 57933.80
18.10 80478.20
18.20 80478.20
18.30 80478.20
18.40 80478.20
18.50 80478.20
18.60 86769.70
18.70 86769.70
18.80 86769.70
18.90 86769.70
19.00 86769.70
19.10 5242.90
19.20 5242.90
19.30 5242.90
19.40 5242.90
19.50 5242.90
19.60 50069.50
19.70 50069.50
19.80 50069.50
19.90 50069.50
20.00 50069.50
20.10 44040.20
20.20 44040.20
20.30 44040.20
20.40 44040.20
20.50 44040.20
20.60 72613.90
20.70 72613.90
20.80 72613.90
20.90 72613.90
21.00 72613.90
21.10 57409.50
21.20 57409.50
21.30 57409.50
21.40 57409.50
21.50 57409.50
21.60 19660.80
21.70 19660.80
21.80 19660.80
21.90 19660.80
22.00 19660.80
22.10 85983.20
22.20 85983.20
22.30 85983.20
22.40 85983.20
22.50 85983.20
22.60 33554.40
22.70 33554.40
22.80 33554.40
22.90 33554.40
23.00 33554.40
23.10 77594.60
23.20 77594.60
23.30 77594.60
23.40 77594.60
23.50 77594.60
23.60 17825.80
23.70 17825.80
23.80 17825.80
23.90 17825.80
24.00 17825.80
24.10 26476.50
24.20 26476.50
24.30 26476.50
24.40 26476.50
24.50 26476.50
24.60 14155.80
24.70 14155.80
24.80 14155.80
24.90 14155.80
25.00 14155.80
25.10 20709.40
25.20 20709.40
25.30 20709.40
25.40 20709.40
25.50 20709.40
25.60 33030.10
25.70 33030.10
25.80 33030.10
25.90 33030.10
26.00 33030.10
26.10 28311.60
26.20 28311.60
26.30 28311.60
26.40 28311.60
26.50 28311.60
26.60 22544.40
26.70 22544.40
26.80 22544.40
26.90 22544.40
27.00 22544.40
27.10 21233.70
27.20 21233.70
27.30 21233.70
27.40 21233.70
27.50 21233.70
27.60 34603.00
27.70 34603.00
27.80 34603.00
27.90 34603.00
28.00 34603.00
28.10 29098.00
28.20 29098.00
28.30 29098.00
28.40 29098.00
28.50 29098.00
28.60 30146.60
28.70 30146.60
28.80 30146.60
28.90 30146.60
29.00 30146.60
29.10 22020.10
29.20 22020.10
29.30 22020.10
29.40 22020.10
29.50 22020.10
29.60 39059.50
29.70 39059.50
29.80 39059.50
29.90 39059.50
30.00 39059.50
