0.10 536048.45
0.20 536048.45
0.30 536048.45
0.40 536048.45
0.50 536048.45
0.60 536048.45
0.70 536048.45
0.80 536048.45
0.90 536048.45
1.00 536048.45
1.10 545992.80
1.20 545992.80
1.30 545992.80
1.40 545992.80
1.50 545992.80
1.60 545992.80
1.70 545992.80
1.80 545992.80
1.90 545992.80
2.00 545992.80
2.10 411769.45
2.20 411769.45
2.30 411769.45
2.40 411769.45
2.50 411769.45
2.60 411769.45
2.70 411769.45
2.80 411769.45
2.90 411769.45
3.00 411769.45
3.10 464950.74
3.20 464950.74
3.30 464950.74
3.40 464950.74
3.50 464950.74
3.60 464950.74
3.70 464950.74
3.80 464950.74
3.90 464950.74
4.00 464950.74
4.10 366303.17
4.20 366303.17
4.30 366303.17
4.40 366303.17
4.50 366303.17
4.60 366303.17
4.70 366303.17
4.80 366303.17
4.90 366303.17
5.00 366303.17
5.10 183754.65
5.20 183754.65
5.30 183754.65
5.40 183754.65
5.50 183754.65
5.60 183754.65
5.70 183754.65
5.80 183754.65
5.90 183754.65
6.00 183754.65
6.10 237095.85
6.20 237095.85
6.30 237095.85
6.40 237095.85
6.50 237095.85
6.60 237095.85
6.70 237095.85
6.80 237095.85
6.90 237095.85
7.00 237095.85
7.10 457561.38
7.20 457561.38
7.30 457561.38
7.40 457561.38
7.50 457561.38
7.60 457561.38
7.70 457561.38
7.80 457561.38
7.90 457561.38
8.00 457561.38
8.10 347689.50
8.20 347689.50
8.30 347689.50
8.40 347689.50
8.50 347689.50
8.60 347689.50
8.70 347689.50
8.80 347689.50
8.90 347689.50
9.00 347689.50
9.10 714220.65
9.20 714220.65
9.30 714220.65
9.40 714220.65
9.50 714220.65
9.60 714220.65
9.70 714220.65
9.80 714220.65
9.90 714220.65
10.00 714220.65
10.10 546127.82
10.20 546127.82
10.30 546127.82
10.40 546127.82
10.50 546127.82
10.60 546127.82
10.70 546127.82
10.80 546127.82
10.90 546127.82
11.00 546127.82
11.10 494737.13
11.20 494737.13
11.30 494737.13
11.40 494737.13
11.50 494737.13
11.60 494737.13
11.70 494737.13
11.80 494737.13
11.90 494737.13
12.00 494737.13
12.10 179317.81
12.20 179317.81
12.30 179317.81
12.40 179317.81
12.50 179317.81
12.60 179317.81
12.70 179317.81
12.80 179317.81
12.90 179317.81
13.00 179317.81
13.10 44649.85
13.20 44649.85
13.30 44649.85
13.40 44649.85
13.50 44649.85
13.60 44649.85
13.70 44649.85
13.80 44649.85
13.90 44649.85
14.00 44649.85
14.10 41152.68
14.20 41152.68
14.30 41152.68
14.40 41152.68
14.50 41152.68
14.60 41152.68
14.70 41152.68
14.80 41152.68
14.90 41152.68
15.00 41152.68
15.10 291954.55
15.20 291954.55
15.30 291954.55
15.40 291954.55
15.50 291954.55
15.60 291954.55
15.70 291954.55
15.80 291954.55
15.90 291954.55
16.00 291954.55
16.10 413601.92
16.20 413601.92
16.30 413601.92
16.40 413601.92
16.50 413601.92
16.60 413601.92
16.70 413601.92
16.80 413601.92
16.90 413601.92
17.00 413601.92
17.10 724553.91
17.20 724553.91
17.30 724553.91
17.40 724553.91
17.50 724553.91
17.60 724553.91
17.70 724553.91
17.80 724553.91
17.90 724553.91
18.00 724553.91
18.10 595197.68
18.20 595197.68
18.30 595197.68
18.40 595197.68
18.50 595197.68
18.60 595197.68
18.70 595197.68
18.80 595197.68
18.90 595197.68
19.00 595197.68
19.10 503891.13
19.20 503891.13
19.30 503891.13
19.40 503891.13
19.50 503891.13
19.60 503891.13
19.70 503891.13
19.80 503891.13
19.90 503891.13
20.00 503891.13
20.10 310390.84
20.20 310390.84
20.30 310390.84
20.40 310390.84
20.50 310390.84
20.60 310390.84
20.70 310390.84
20.80 310390.84
20.90 310390.84
21.00 310390.84
21.10 329897.91
21.20 329897.91
21.30 329897.91
21.40 329897.91
21.50 329897.91
21.60 329897.91
21.70 329897.91
21.80 329897.91
21.90 329897.91
22.00 329897.91
22.10 286250.63
22.20 286250.63
22.30 286250.63
22.40 286250.63
22.50 286250.63
22.60 286250.63
22.70 286250.63
22.80 286250.63
22.90 286250.63
23.00 286250.63
23.10 394862.40
23.20 394862.40
23.30 394862.40
23.40 394862.40
23.50 394862.40
23.60 394862.40
23.70 394862.40
23.80 394862.40
23.90 394862.40
24.00 394862.40
24.10 517116.52
24.20 517116.52
24.30 517116.52
24.40 517116.52
24.50 517116.52
24.60 517116.52
24.70 517116.52
24.80 517116.52
24.90 517116.52
25.00 517116.52
25.10 354617.42
25.20 354617.42
25.30 354617.42
25.40 354617.42
25.50 354617.42
25.60 354617.42
25.70 354617.42
25.80 354617.42
25.90 354617.42
26.00 354617.42
26.10 326717.92
26.20 326717.92
26.30 326717.92
26.40 326717.92
26.50 326717.92
26.60 326717.92
26.70 326717.92
26.80 326717.92
26.90 326717.92
27.00 326717.92
27.10 509207.53
27.20 509207.53
27.30 509207.53
27.40 509207.53
27.50 509207.53
27.60 509207.53
27.70 509207.53
27.80 509207.53
27.90 509207.53
28.00 509207.53
28.10 519495.64
28.20 519495.64
28.30 519495.64
28.40 519495.64
28.50 519495.64
28.60 519495.64
28.70 519495.64
28.80 519495.64
28.90 519495.64
29.00 519495.64
29.10 231032.64
29.20 231032.64
29.30 231032.64
29.40 231032.64
29.50 231032.64
29.60 231032.64
29.70 231032.64
29.80 231032.64
29.90 231032.64
30.00 231032.64
