0.10 74018.64
0.20 74018.64
0.30 74018.64
0.40 74018.64
0.50 74018.64
0.60 74018.64
0.70 74018.64
0.80 74018.64
0.90 74018.64
1.00 74018.64
1.10 79302.81
1.20 79302.81
1.30 79302.81
1.40 79302.81
1.50 79302.81
1.60 79302.81
1.70 79302.81
1.80 79302.81
1.90 79302.81
2.00 79302.81
2.10 69125.24
2.20 69125.24
2.30 69125.24
2.40 69125.24
2.50 69125.24
2.60 69125.24
2.70 69125.24
2.80 69125.24
2.90 69125.24
3.00 69125.24
3.10 76975.57
3.20 76975.57
3.30 76975.57
3.40 76975.57
3.50 76975.57
3.60 76975.57
3.70 76975.57
3.80 76975.57
3.90 76975.57
4.00 76975.57
4.10 78713.66
4.20 78713.66
4.30 78713.66
4.40 78713.66
4.50 78713.66
4.60 78713.66
4.70 78713.66
4.80 78713.66
4.90 78713.66
5.00 78713.66
5.10 78231.08
5.20 78231.08
5.30 78231.08
5.40 78231.08
5.50 78231.08
5.60 78231.08
5.70 78231.08
5.80 78231.08
5.90 78231.08
6.00 78231.08
6.10 73888.82
6.20 73888.82
6.30 73888.82
6.40 73888.82
6.50 73888.82
6.60 73888.82
6.70 73888.82
6.80 73888.82
6.90 73888.82
7.00 73888.82
7.10 78941.89
7.20 78941.89
7.30 78941.89
7.40 78941.89
7.50 78941.89
7.60 78941.89
7.70 78941.89
7.80 78941.89
7.90 78941.89
8.00 78941.89
8.10 77746.21
8.20 77746.21
8.30 77746.21
8.40 77746.21
8.50 77746.21
8.60 77746.21
8.70 77746.21
8.80 77746.21
8.90 77746.21
9.00 77746.21
9.10 76880.25
9.20 76880.25
9.30 76880.25
9.40 76880.25
9.50 76880.25
9.60 76880.25
9.70 76880.25
9.80 76880.25
9.90 76880.25
10.00 76880.25
10.10 73878.14
10.20 73878.14
10.30 73878.14
10.40 73878.14
10.50 73878.14
10.60 73878.14
10.70 73878.14
10.80 73878.14
10.90 73878.14
11.00 73878.14
11.10 77069.66
11.20 77069.66
11.30 77069.66
11.40 77069.66
11.50 77069.66
11.60 77069.66
11.70 77069.66
11.80 77069.66
11.90 77069.66
12.00 77069.66
12.10 76675.01
12.20 76675.01
12.30 76675.01
12.40 76675.01
12.50 76675.01
12.60 76675.01
12.70 76675.01
12.80 76675.01
12.90 76675.01
13.00 76675.01
13.10 67467.49
13.20 67467.49
13.30 67467.49
13.40 67467.49
13.50 67467.49
13.60 67467.49
13.70 67467.49
13.80 67467.49
13.90 67467.49
14.00 67467.49
14.10 77590.26
14.20 77590.26
14.30 77590.26
14.40 77590.26
14.50 77590.26
14.60 77590.26
14.70 77590.26
14.80 77590.26
14.90 77590.26
15.00 77590.26
15.10 76405.04
15.20 76405.04
15.30 76405.04
15.40 76405.04
15.50 76405.04
15.60 76405.04
15.70 76405.04
15.80 76405.04
15.90 76405.04
16.00 76405.04
16.10 75559.40
16.20 75559.40
16.30 75559.40
16.40 75559.40
16.50 75559.40
16.60 75559.40
16.70 75559.40
16.80 75559.40
16.90 75559.40
17.00 75559.40
17.10 77185.07
17.20 77185.07
17.30 77185.07
17.40 77185.07
17.50 77185.07
17.60 77185.07
17.70 77185.07
17.80 77185.07
17.90 77185.07
18.00 77185.07
18.10 75713.24
18.20 75713.24
18.30 75713.24
18.40 75713.24
18.50 75713.24
18.60 75713.24
18.70 75713.24
18.80 75713.24
18.90 75713.24
19.00 75713.24
19.10 76615.37
19.20 76615.37
19.30 76615.37
19.40 76615.37
19.50 76615.37
19.60 76615.37
19.70 76615.37
19.80 76615.37
19.90 76615.37
20.00 76615.37
20.10 75713.89
20.20 75713.89
20.30 75713.89
20.40 75713.89
20.50 75713.89
20.60 75713.89
20.70 75713.89
20.80 75713.89
20.90 75713.89
21.00 75713.89
21.10 69764.69
21.20 69764.69
21.30 69764.69
21.40 69764.69
21.50 69764.69
21.60 69764.69
21.70 69764.69
21.80 69764.69
21.90 69764.69
22.00 69764.69
22.10 77822.64
22.20 77822.64
22.30 77822.64
22.40 77822.64
22.50 77822.64
22.60 77822.64
22.70 77822.64
22.80 77822.64
22.90 77822.64
23.00 77822.64
23.10 76959.12
23.20 76959.12
23.30 76959.12
23.40 76959.12
23.50 76959.12
23.60 76959.12
23.70 76959.12
23.80 76959.12
23.90 76959.12
24.00 76959.12
24.10 76191.93
24.20 76191.93
24.30 76191.93
24.40 76191.93
24.50 76191.93
24.60 76191.93
24.70 76191.93
24.80 76191.93
24.90 76191.93
25.00 76191.93
25.10 79336.35
25.20 79336.35
25.30 79336.35
25.40 79336.35
25.50 79336.35
25.60 79336.35
25.70 79336.35
25.80 79336.35
25.90 79336.35
26.00 79336.35
26.10 78497.86
26.20 78497.86
26.30 78497.86
26.40 78497.86
26.50 78497.86
26.60 78497.86
26.70 78497.86
26.80 78497.86
26.90 78497.86
27.00 78497.86
27.10 76846.52
27.20 76846.52
27.30 76846.52
27.40 76846.52
27.50 76846.52
27.60 76846.52
27.70 76846.52
27.80 76846.52
27.90 76846.52
28.00 76846.52
28.10 77207.51
28.20 77207.51
28.30 77207.51
28.40 77207.51
28.50 77207.51
28.60 77207.51
28.70 77207.51
28.80 77207.51
28.90 77207.51
29.00 77207.51
29.10 70277.00
29.20 70277.00
29.30 70277.00
29.40 70277.00
29.50 70277.00
29.60 70277.00
29.70 70277.00
29.80 70277.00
29.90 70277.00
30.00 70277.00
