0.10 62566.40
0.20 62566.40
0.30 62566.40
0.40 62566.40
0.50 62566.40
0.60 62566.40
0.70 62566.40
0.80 62566.40
0.90 62566.40
1.00 62566.40
1.10 62566.40
1.20 62566.40
1.30 62566.40
1.40 62566.40
1.50 62566.40
1.60 62566.40
1.70 62566.40
1.80 62566.40
1.90 62566.40
2.00 62566.40
2.10 18841.60
2.20 18841.60
2.30 18841.60
2.40 18841.60
2.50 18841.60
2.60 18841.60
2.70 18841.60
2.80 18841.60
2.90 18841.60
3.00 18841.60
3.10 110899.20
3.20 110899.20
3.30 110899.20
3.40 110899.20
3.50 110899.20
3.60 110899.20
3.70 110899.20
3.80 110899.20
3.90 110899.20
4.00 110899.20
4.10 68198.40
4.20 68198.40
4.30 68198.40
4.40 68198.40
4.50 68198.40
4.60 68198.40
4.70 68198.40
4.80 68198.40
4.90 68198.40
5.00 68198.40
5.10 61747.20
5.20 61747.20
5.30 61747.20
5.40 61747.20
5.50 61747.20
5.60 61747.20
5.70 61747.20
5.80 61747.20
5.90 61747.20
6.00 61747.20
6.10 64921.60
6.20 64921.60
6.30 64921.60
6.40 64921.60
6.50 64921.60
6.60 64921.60
6.70 64921.60
6.80 64921.60
6.90 64921.60
7.00 64921.60
7.10 72806.40
7.20 72806.40
7.30 72806.40
7.40 72806.40
7.50 72806.40
7.60 72806.40
7.70 72806.40
7.80 72806.40
7.90 72806.40
8.00 72806.40
8.10 71884.80
8.20 71884.80
8.30 71884.80
8.40 71884.80
8.50 71884.80
8.60 71884.80
8.70 71884.80
8.80 71884.80
8.90 71884.80
9.00 71884.80
9.10 75878.40
9.20 75878.40
9.30 75878.40
9.40 75878.40
9.50 75878.40
9.60 75878.40
9.70 75878.40
9.80 75878.40
9.90 75878.40
10.00 75878.40
10.10 76185.60
10.20 76185.60
10.30 76185.60
10.40 76185.60
10.50 76185.60
10.60 76185.60
10.70 76185.60
10.80 76185.60
10.90 76185.60
11.00 76185.60
11.10 74854.40
11.20 74854.40
11.30 74854.40
11.40 74854.40
11.50 74854.40
11.60 74854.40
11.70 74854.40
11.80 74854.40
11.90 74854.40
12.00 74854.40
12.10 72908.80
12.20 72908.80
12.30 72908.80
12.40 72908.80
12.50 72908.80
12.60 72908.80
12.70 72908.80
12.80 72908.80
12.90 72908.80
13.00 72908.80
13.10 78540.80
13.20 78540.80
13.30 78540.80
13.40 78540.80
13.50 78540.80
13.60 78540.80
13.70 78540.80
13.80 78540.80
13.90 78540.80
14.00 78540.80
14.10 76185.60
14.20 76185.60
14.30 76185.60
14.40 76185.60
14.50 76185.60
14.60 76185.60
14.70 76185.60
14.80 76185.60
14.90 76185.60
15.00 76185.60
15.10 74752.00
15.20 74752.00
15.30 74752.00
15.40 74752.00
15.50 74752.00
15.60 74752.00
15.70 74752.00
15.80 74752.00
15.90 74752.00
16.00 74752.00
16.10 71884.80
16.20 71884.80
16.30 71884.80
16.40 71884.80
16.50 71884.80
16.60 71884.80
16.70 71884.80
16.80 71884.80
16.90 71884.80
17.00 71884.80
17.10 74854.40
17.20 74854.40
17.30 74854.40
17.40 74854.40
17.50 74854.40
17.60 74854.40
17.70 74854.40
17.80 74854.40
17.90 74854.40
18.00 74854.40
18.10 74342.40
18.20 74342.40
18.30 74342.40
18.40 74342.40
18.50 74342.40
18.60 74342.40
18.70 74342.40
18.80 74342.40
18.90 74342.40
19.00 74342.40
19.10 73625.60
19.20 73625.60
19.30 73625.60
19.40 73625.60
19.50 73625.60
19.60 73625.60
19.70 73625.60
19.80 73625.60
19.90 73625.60
20.00 73625.60
20.10 71987.20
20.20 71987.20
20.30 71987.20
20.40 71987.20
20.50 71987.20
20.60 71987.20
20.70 71987.20
20.80 71987.20
20.90 71987.20
21.00 71987.20
21.10 71475.20
21.20 71475.20
21.30 71475.20
21.40 71475.20
21.50 71475.20
21.60 71475.20
21.70 71475.20
21.80 71475.20
21.90 71475.20
22.00 71475.20
22.10 71270.40
22.20 71270.40
22.30 71270.40
22.40 71270.40
22.50 71270.40
22.60 71270.40
22.70 71270.40
22.80 71270.40
22.90 71270.40
23.00 71270.40
23.10 72806.40
23.20 72806.40
23.30 72806.40
23.40 72806.40
23.50 72806.40
23.60 72806.40
23.70 72806.40
23.80 72806.40
23.90 72806.40
24.00 72806.40
24.10 72499.20
24.20 72499.20
24.30 72499.20
24.40 72499.20
24.50 72499.20
24.60 72499.20
24.70 72499.20
24.80 72499.20
24.90 72499.20
25.00 72499.20
25.10 67379.20
25.20 67379.20
25.30 67379.20
25.40 67379.20
25.50 67379.20
25.60 67379.20
25.70 67379.20
25.80 67379.20
25.90 67379.20
26.00 67379.20
26.10 68403.20
26.20 68403.20
26.30 68403.20
26.40 68403.20
26.50 68403.20
26.60 68403.20
26.70 68403.20
26.80 68403.20
26.90 68403.20
27.00 68403.20
27.10 4505.60
27.20 4505.60
27.30 4505.60
27.40 4505.60
27.50 4505.60
27.60 4505.60
27.70 4505.60
27.80 4505.60
27.90 4505.60
28.00 4505.60
28.10 108441.60
28.20 108441.60
28.30 108441.60
28.40 108441.60
28.50 108441.60
28.60 108441.60
28.70 108441.60
28.80 108441.60
28.90 108441.60
29.00 108441.60
29.10 42291.20
29.20 42291.20
29.30 42291.20
29.40 42291.20
29.50 42291.20
29.60 42291.20
29.70 42291.20
29.80 42291.20
29.90 42291.20
30.00 42291.20
