0.10 68505.60
0.20 68505.60
0.30 68505.60
0.40 68505.60
0.50 68505.60
0.60 68505.60
0.70 68505.60
0.80 68505.60
0.90 68505.60
1.00 68505.60
1.10 70451.20
1.20 70451.20
1.30 70451.20
1.40 70451.20
1.50 70451.20
1.60 70451.20
1.70 70451.20
1.80 70451.20
1.90 70451.20
2.00 70451.20
2.10 45363.20
2.20 45363.20
2.30 45363.20
2.40 45363.20
2.50 45363.20
2.60 45363.20
2.70 45363.20
2.80 45363.20
2.90 45363.20
3.00 45363.20
3.10 82534.40
3.20 82534.40
3.30 82534.40
3.40 82534.40
3.50 82534.40
3.60 82534.40
3.70 82534.40
3.80 82534.40
3.90 82534.40
4.00 82534.40
4.10 62156.80
4.20 62156.80
4.30 62156.80
4.40 62156.80
4.50 62156.80
4.60 62156.80
4.70 62156.80
4.80 62156.80
4.90 62156.80
5.00 62156.80
5.10 62259.20
5.20 62259.20
5.30 62259.20
5.40 62259.20
5.50 62259.20
5.60 62259.20
5.70 62259.20
5.80 62259.20
5.90 62259.20
6.00 62259.20
6.10 62976.00
6.20 62976.00
6.30 62976.00
6.40 62976.00
6.50 62976.00
6.60 62976.00
6.70 62976.00
6.80 62976.00
6.90 62976.00
7.00 62976.00
7.10 62668.80
7.20 62668.80
7.30 62668.80
7.40 62668.80
7.50 62668.80
7.60 62668.80
7.70 62668.80
7.80 62668.80
7.90 62668.80
8.00 62668.80
8.10 61440.00
8.20 61440.00
8.30 61440.00
8.40 61440.00
8.50 61440.00
8.60 61440.00
8.70 61440.00
8.80 61440.00
8.90 61440.00
9.00 61440.00
9.10 13107.20
9.20 13107.20
9.30 13107.20
9.40 13107.20
9.50 13107.20
9.60 13107.20
9.70 13107.20
9.80 13107.20
9.90 13107.20
10.00 13107.20
10.10 113664.00
10.20 113664.00
10.30 113664.00
10.40 113664.00
10.50 113664.00
10.60 113664.00
10.70 113664.00
10.80 113664.00
10.90 113664.00
11.00 113664.00
11.10 68198.40
11.20 68198.40
11.30 68198.40
11.40 68198.40
11.50 68198.40
11.60 68198.40
11.70 68198.40
11.80 68198.40
11.90 68198.40
12.00 68198.40
12.10 69939.20
12.20 69939.20
12.30 69939.20
12.40 69939.20
12.50 69939.20
12.60 69939.20
12.70 69939.20
12.80 69939.20
12.90 69939.20
13.00 69939.20
13.10 68096.00
13.20 68096.00
13.30 68096.00
13.40 68096.00
13.50 68096.00
13.60 68096.00
13.70 68096.00
13.80 68096.00
13.90 68096.00
14.00 68096.00
14.10 68403.20
14.20 68403.20
14.30 68403.20
14.40 68403.20
14.50 68403.20
14.60 68403.20
14.70 68403.20
14.80 68403.20
14.90 68403.20
15.00 68403.20
15.10 70144.00
15.20 70144.00
15.30 70144.00
15.40 70144.00
15.50 70144.00
15.60 70144.00
15.70 70144.00
15.80 70144.00
15.90 70144.00
16.00 70144.00
16.10 68812.80
16.20 68812.80
16.30 68812.80
16.40 68812.80
16.50 68812.80
16.60 68812.80
16.70 68812.80
16.80 68812.80
16.90 68812.80
17.00 68812.80
17.10 70860.80
17.20 70860.80
17.30 70860.80
17.40 70860.80
17.50 70860.80
17.60 70860.80
17.70 70860.80
17.80 70860.80
17.90 70860.80
18.00 70860.80
18.10 72089.60
18.20 72089.60
18.30 72089.60
18.40 72089.60
18.50 72089.60
18.60 72089.60
18.70 72089.60
18.80 72089.60
18.90 72089.60
19.00 72089.60
19.10 70860.80
19.20 70860.80
19.30 70860.80
19.40 70860.80
19.50 70860.80
19.60 70860.80
19.70 70860.80
19.80 70860.80
19.90 70860.80
20.00 70860.80
20.10 73420.80
20.20 73420.80
20.30 73420.80
20.40 73420.80
20.50 73420.80
20.60 73420.80
20.70 73420.80
20.80 73420.80
20.90 73420.80
21.00 73420.80
21.10 71270.40
21.20 71270.40
21.30 71270.40
21.40 71270.40
21.50 71270.40
21.60 71270.40
21.70 71270.40
21.80 71270.40
21.90 71270.40
22.00 71270.40
22.10 44953.60
22.20 44953.60
22.30 44953.60
22.40 44953.60
22.50 44953.60
22.60 44953.60
22.70 44953.60
22.80 44953.60
22.90 44953.60
23.00 44953.60
23.10 98406.40
23.20 98406.40
23.30 98406.40
23.40 98406.40
23.50 98406.40
23.60 98406.40
23.70 98406.40
23.80 98406.40
23.90 98406.40
24.00 98406.40
24.10 72396.80
24.20 72396.80
24.30 72396.80
24.40 72396.80
24.50 72396.80
24.60 72396.80
24.70 72396.80
24.80 72396.80
24.90 72396.80
25.00 72396.80
25.10 73830.40
25.20 73830.40
25.30 73830.40
25.40 73830.40
25.50 73830.40
25.60 73830.40
25.70 73830.40
25.80 73830.40
25.90 73830.40
26.00 73830.40
26.10 68198.40
26.20 68198.40
26.30 68198.40
26.40 68198.40
26.50 68198.40
26.60 68198.40
26.70 68198.40
26.80 68198.40
26.90 68198.40
27.00 68198.40
27.10 58265.60
27.20 58265.60
27.30 58265.60
27.40 58265.60
27.50 58265.60
27.60 58265.60
27.70 58265.60
27.80 58265.60
27.90 58265.60
28.00 58265.60
28.10 1024.00
28.20 1024.00
28.30 1024.00
28.40 1024.00
28.50 1024.00
28.60 1024.00
28.70 1024.00
28.80 1024.00
28.90 1024.00
29.00 1024.00
29.10 101580.80
29.20 101580.80
29.30 101580.80
29.40 101580.80
29.50 101580.80
29.60 101580.80
29.70 101580.80
29.80 101580.80
29.90 101580.80
30.00 101580.80
