0.10 70553.60
0.20 70553.60
0.30 70553.60
0.40 70553.60
0.50 70553.60
0.60 70553.60
0.70 70553.60
0.80 70553.60
0.90 70553.60
1.00 70553.60
1.10 66662.40
1.20 66662.40
1.30 66662.40
1.40 66662.40
1.50 66662.40
1.60 66662.40
1.70 66662.40
1.80 66662.40
1.90 66662.40
2.00 66662.40
2.10 11059.20
2.20 11059.20
2.30 11059.20
2.40 11059.20
2.50 11059.20
2.60 11059.20
2.70 11059.20
2.80 11059.20
2.90 11059.20
3.00 11059.20
3.10 130867.20
3.20 130867.20
3.30 130867.20
3.40 130867.20
3.50 130867.20
3.60 130867.20
3.70 130867.20
3.80 130867.20
3.90 130867.20
4.00 130867.20
4.10 66969.60
4.20 66969.60
4.30 66969.60
4.40 66969.60
4.50 66969.60
4.60 66969.60
4.70 66969.60
4.80 66969.60
4.90 66969.60
5.00 66969.60
5.10 77004.80
5.20 77004.80
5.30 77004.80
5.40 77004.80
5.50 77004.80
5.60 77004.80
5.70 77004.80
5.80 77004.80
5.90 77004.80
6.00 77004.80
6.10 70860.80
6.20 70860.80
6.30 70860.80
6.40 70860.80
6.50 70860.80
6.60 70860.80
6.70 70860.80
6.80 70860.80
6.90 70860.80
7.00 70860.80
7.10 71987.20
7.20 71987.20
7.30 71987.20
7.40 71987.20
7.50 71987.20
7.60 71987.20
7.70 71987.20
7.80 71987.20
7.90 71987.20
8.00 71987.20
8.10 70451.20
8.20 70451.20
8.30 70451.20
8.40 70451.20
8.50 70451.20
8.60 70451.20
8.70 70451.20
8.80 70451.20
8.90 70451.20
9.00 70451.20
9.10 74240.00
9.20 74240.00
9.30 74240.00
9.40 74240.00
9.50 74240.00
9.60 74240.00
9.70 74240.00
9.80 74240.00
9.90 74240.00
10.00 74240.00
10.10 67686.40
10.20 67686.40
10.30 67686.40
10.40 67686.40
10.50 67686.40
10.60 67686.40
10.70 67686.40
10.80 67686.40
10.90 67686.40
11.00 67686.40
11.10 61132.80
11.20 61132.80
11.30 61132.80
11.40 61132.80
11.50 61132.80
11.60 61132.80
11.70 61132.80
11.80 61132.80
11.90 61132.80
12.00 61132.80
12.10 60723.20
12.20 60723.20
12.30 60723.20
12.40 60723.20
12.50 60723.20
12.60 60723.20
12.70 60723.20
12.80 60723.20
12.90 60723.20
13.00 60723.20
13.10 60416.00
13.20 60416.00
13.30 60416.00
13.40 60416.00
13.50 60416.00
13.60 60416.00
13.70 60416.00
13.80 60416.00
13.90 60416.00
14.00 60416.00
14.10 10956.80
14.20 10956.80
14.30 10956.80
14.40 10956.80
14.50 10956.80
14.60 10956.80
14.70 10956.80
14.80 10956.80
14.90 10956.80
15.00 10956.80
15.10 119296.00
15.20 119296.00
15.30 119296.00
15.40 119296.00
15.50 119296.00
15.60 119296.00
15.70 119296.00
15.80 119296.00
15.90 119296.00
16.00 119296.00
16.10 67379.20
16.20 67379.20
16.30 67379.20
16.40 67379.20
16.50 67379.20
16.60 67379.20
16.70 67379.20
16.80 67379.20
16.90 67379.20
17.00 67379.20
17.10 65843.20
17.20 65843.20
17.30 65843.20
17.40 65843.20
17.50 65843.20
17.60 65843.20
17.70 65843.20
17.80 65843.20
17.90 65843.20
18.00 65843.20
18.10 60620.80
18.20 60620.80
18.30 60620.80
18.40 60620.80
18.50 60620.80
18.60 60620.80
18.70 60620.80
18.80 60620.80
18.90 60620.80
19.00 60620.80
19.10 57651.20
19.20 57651.20
19.30 57651.20
19.40 57651.20
19.50 57651.20
19.60 57651.20
19.70 57651.20
19.80 57651.20
19.90 57651.20
20.00 57651.20
20.10 63078.40
20.20 63078.40
20.30 63078.40
20.40 63078.40
20.50 63078.40
20.60 63078.40
20.70 63078.40
20.80 63078.40
20.90 63078.40
21.00 63078.40
21.10 62156.80
21.20 62156.80
21.30 62156.80
21.40 62156.80
21.50 62156.80
21.60 62156.80
21.70 62156.80
21.80 62156.80
21.90 62156.80
22.00 62156.80
22.10 60928.00
22.20 60928.00
22.30 60928.00
22.40 60928.00
22.50 60928.00
22.60 60928.00
22.70 60928.00
22.80 60928.00
22.90 60928.00
23.00 60928.00
23.10 64819.20
23.20 64819.20
23.30 64819.20
23.40 64819.20
23.50 64819.20
23.60 64819.20
23.70 64819.20
23.80 64819.20
23.90 64819.20
24.00 64819.20
24.10 64921.60
24.20 64921.60
24.30 64921.60
24.40 64921.60
24.50 64921.60
24.60 64921.60
24.70 64921.60
24.80 64921.60
24.90 64921.60
25.00 64921.60
25.10 68812.80
25.20 68812.80
25.30 68812.80
25.40 68812.80
25.50 68812.80
25.60 68812.80
25.70 68812.80
25.80 68812.80
25.90 68812.80
26.00 68812.80
26.10 63795.20
26.20 63795.20
26.30 63795.20
26.40 63795.20
26.50 63795.20
26.60 63795.20
26.70 63795.20
26.80 63795.20
26.90 63795.20
27.00 63795.20
27.10 29696.00
27.20 29696.00
27.30 29696.00
27.40 29696.00
27.50 29696.00
27.60 29696.00
27.70 29696.00
27.80 29696.00
27.90 29696.00
28.00 29696.00
28.10 108032.00
28.20 108032.00
28.30 108032.00
28.40 108032.00
28.50 108032.00
28.60 108032.00
28.70 108032.00
28.80 108032.00
28.90 108032.00
29.00 108032.00
29.10 69222.40
29.20 69222.40
29.30 69222.40
29.40 69222.40
29.50 69222.40
29.60 69222.40
29.70 69222.40
29.80 69222.40
29.90 69222.40
30.00 69222.40
