30
60
90
120
147
175
202
230
257
285
312
340
373
406
440
467
495
522
550
575
600
625
650
677
705
732
760
788
816
844
872
900
922
944
966
988
1010
1046
1083
1120
1144
1168
1192
1216
1240
1267
1295
1322
1350
1383
1416
1450
1477
1505
1532
1560
1584
1608
1632
1656
1680
1708
1736
1764
1792
1820
1844
1868
1892
1916
1940
1972
2005
2037
2070
2092
2114
2136
2158
2180
2207
2235
2262
2290
2330
2370
2410
2442
2475
2507
2540
2567
2594
2622
2650
2677
2705
2732
2760
2784
2808
2832
2856
2880
2900
2920
2940
2960
2980
3000
3030
3060
3090
3120
3152
3185
3217
3250
3293
3336
3380
3415
3450
3485
3520
3536
3553
3570
3586
3603
3620
3642
3664
3686
3708
3730
3773
3816
3860
3887
3915
3942
3970
3992
4014
4036
4058
4080
4096
4113
4130
4146
4163
4180
4195
4211
4227
4242
4258
4274
4290
4340
4390
4440
4520
4600
4640
4680
4720
4747
4775
4802
4830
4862
4894
4926
4958
4990
5053
5116
5180
5216
5253
5290
5340
5390
5412
5434
5455
5478
5500
5524
5548
5572
5596
5620
5635
5651
5667
5682
5698
5714
5730
5740
5750
5760
5770
5780
5790
5800
5810
5820
5830
5840
5872
5904
5937
5970
6010
6050
6090
6126
6163
6200
6310
6359
6410
6428
6446
6465
6483
6501
6520
6553
6586
6620
6640
6660
6680
6700
6720
6740
6764
6788
6812
6836
6860
6885
6910
6935
6960
6975
6991
7007
7022
7038
7054
7070
7092
7114
7136
7157
7180
7193
7206
7220
7233
7246
7260
7273
7286
7300
7320
7340
7360
7380
7400
7415
7431
7447
7462
7478
7494
7510
7531
7553
7574
7596
7618
7640
7655
7671
7687
7702
7718
7734
7750
7805
7860
7890
7920
7950
7980
8002
8024
8045
8068
8090
8117
8145
8172
8200
8224
8248
8272
8296
8320
8342
8364
8386
8408
8430
8466
8503
8540
8635
8730
8751
8773
8795
8816
8838
8860
8893
8926
8960
8992
9025
9057
9090
9115
9140
9165
9190
9225
9260
9295
9330
9355
9379
9405
9430
9457
9485
9512
9540
9573
9606
9640
9664
9688
9712
9736
9760
9784
9808
9832
9856
9880
9910
9940
9970
10000
10024
10048
10072
10096
10120
10145
10171
10198
10224
10250
10286
10323
10360
10393
10426
10460
10490
10520
10550
10580
10607
10635
10662
10690
10717
10745
10772
10800
10827
10855
10882
10910
10946
10983
11020
11053
11086
11120
11149
11180
11210
11240
11276
11313
11350
11386
11423
11460
11482
11504
11526
11548
11570
11590
11610
11630
11650
11670
11690
11710
11850
11883
11916
11950
11969
11990
12010
12030
12050
12070
12140
12209
12280
12294
12308
12322
12337
12351
12365
12380
12410
12440
12470
12500
12528
12556
12584
12612
12640
12655
12671
12687
12702
12718
12734
12750
12809
12870
12887
12904
12921
12938
12955
12972
12990
13010
13030
13050
13070
13090
13110
13137
13165
13192
13220
13237
13254
13271
13288
13305
13322
13340
13352
13365
13377
13390
13402
13415
13427
13440
13457
13474
13491
13508
13525
13542
13560
13574
13588
13602
13617
13631
13645
13660
13690
13719
13750
13780
13804
13828
13852
13876
13900
13922
13944
13966
13988
14010
14036
14062
14088
14114
14140
14166
14192
14218
14244
14270
14295
14320
14344
14370
14392
14414
14436
14458
14480
14498
14516
14535
14553
14571
14590
14604
14618
14632
14647
14661
14675
14690
14707
14724
14741
14758
14775
14792
14810
14822
14835
14847
14860
14872
14885
14897
14910
14925
14940
14955
14969
14985
15000
15014
15030
15049
15070
15090
15110
15130
15150
15190
15230
15270
15286
15303
15320
15336
15353
15370
15385
15401
15417
15432
15448
15464
15480
15493
15507
15521
15535
15548
15562
15576
15590
15616
15642
15668
15694
15720
15742
15764
15786
15808
15830
15848
15866
15885
15903
15921
15940
15969
16000
16029
16059
16076
16093
16110
16126
16143
16160
16187
16215
16242
16270
16285
16301
16317
16332
16348
16364
16379
16395
16410
16425
16439
16455
16470
16485
16500
16515
16531
16547
16562
16578
16594
16610
16646
16683
16720
16750
16780
16810
16840
16900
16960
17015
17070
17130
17190
17240
17290
17340
17400
17460
17490
17520
17549
17580
17616
17653
17690
17727
17765
17802
17840
17880
17920
17960
18000
18024
18048
18072
18096
18120
18156
18193
18230
18256
18282
18308
18334
18360
18395
18430
18465
18500
18526
18552
18578
18604
18630
18657
18685
18712
18740
18761
18783
18805
18826
18848
18870
18890
18910
18930
18950
18970
18990
19022
19055
19087
19120
19142
19164
19186
19208
19230
19255
19280
19305
19330
19355
19380
19407
19435
19462
19490
19508
19526
19545
19563
19581
19600
19618
19636
19655
19673
19691
19710
19750
19790
19830
19870
19891
19913
19935
19956
19978
20000
20030
20060
20090
20120
20138
20156
20175
20193
20211
20230
20248
20266
20285
20303
20321
20340
20360
20380
20400
20420
20440
20460
20480
20500
20520
20540
20560
20575
20591
20607
20622
20638
20654
20670
20690
20710
20730
20750
20770
20790
20808
20826
20845
20863
20881
20900
20918
20936
20955
20973
20991
21010
21027
21044
21061
21078
21095
21112
21130
21156
21182
21208
21234
21260
21281
21303
21325
21346
21368
21390
21417
21445
21472
21500
21526
21552
21578
21604
21630
21685
21740
21775
21810
21845
21880
21912
21945
21977
22010
22040
22070
22100
22130
22165
22200
22235
22270
22297
22325
22352
22380
22404
22428
22452
22476
22500
22521
22543
22564
22586
22608
22630
22651
22674
22695
22718
22740
22776
22813
22850
22875
22900
22925
22950
22977
23005
23032
23060
23084
23108
23131
23156
23180
23206
23232
23258
23284
23310
23343
23376
23410
23437
23465
23492
23520
23553
23586
23620
23663
23706
23750
23772
23794
23816
23838
23860
23910
23960
24003
24046
24090
24115
24140
24165
24190
24216
24242
24268
24294
24320
24352
24384
24417
24450
24505
24560
24582
24604
24626
24648
24670
24687
24704
24721
24738
24755
24772
24790
24814
24840
24865
24890
24917
24945
24972
25000
25026
25052
25078
25104
25130
25169
25210
25250
25282
25314
25347
25380
25416
25453
25490
25533
25576
25620
25642
25664
25686
25708
25730
25765
25800
25835
25870
25896
25922
25948
25974
26000
26024
26048
26072
26096
26120
26150
26180
26210
26240
26264
26288
26311
26336
26360
26384
26410
26435
26460
26490
26520
26549
26580
26599
26619
26640
26660
26680
26704
26728
26752
26776
26800
26816
26833
26850
26866
26883
26900
26924
26948
26971
26996
27020
27075
27130
27157
27185
27212
27240
27283
27326
27370
27397
27425
27452
27480
27512
27545
27577
27610
27637
27665
27692
27720
27747
27775
27802
27830
27869
27910
27950
27986
28023
28060
28090
28119
28150
28180
28220
28260
28300
28336
28373
28410
28440
28470
28500
28529
28560
28585
28610
28634
28660
28687
28715
28742
28770
28791
28814
28836
28858
28880
28912
28945
28977
29010
29042
29075
29107
29140
29166
29192
29218
29244
29270
29294
29318
29342
29366
29390
29408
29426
29445
29463
29481
29500
29530
29560
29590
29620
29675
29730
29770
29810
29850
29870
29890
29910
29930
29950
