5
10
15
20
25
30
35
40
60
80
100
120
140
151
162
173
184
195
206
217
228
239
250
265
281
297
312
328
344
360
378
397
415
434
452
471
490
512
534
556
578
600
630
659
690
720
747
774
802
830
870
909
950
980
1010
1040
1070
1095
1120
1145
1170
1188
1206
1225
1243
1261
1280
1294
1308
1322
1337
1351
1365
1380
1392
1404
1416
1428
1441
1453
1465
1477
1490
1500
1511
1522
1533
1544
1555
1566
1577
1588
1599
1610
1622
1634
1646
1658
1671
1683
1695
1707
1720
1730
1742
1753
1764
1775
1786
1797
1808
1819
1830
1841
1852
1863
1874
1885
1896
1907
1918
1930
1942
1954
1966
1978
1991
2003
2015
2027
2040
2060
2080
2100
2120
2140
2155
2171
2187
2202
2218
2234
2250
2261
2272
2283
2294
2305
2316
2327
2338
2350
2358
2366
2374
2382
2390
2398
2406
2414
2422
2430
2438
2446
2454
2462
2470
2477
2485
2493
2501
2509
2517
2525
2532
2540
2548
2556
2564
2572
2580
2590
2600
2610
2620
2630
2640
2650
2660
2670
2680
2690
2700
2710
2720
2730
2740
2750
2760
2770
2780
2790
2800
2810
2826
2843
2860
2876
2893
2910
2927
2944
2961
2978
2995
3012
3030
3050
3070
3090
3110
3130
3150
3163
3177
3191
3205
3218
3232
3246
3260
3274
3288
3302
3317
3331
3345
3360
3373
3386
3400
3413
3426
3440
3453
3466
3480
3487
3495
3503
3511
3519
3527
3535
3542
3550
3558
3566
3574
3582
3590
3596
3603
3610
3616
3623
3630
3636
3643
3650
3656
3663
3670
3676
3683
3690
3696
3702
3709
3715
3722
3728
3735
3741
3748
3754
3761
3767
3774
3780
3787
3793
3800
3806
3812
3818
3824
3831
3837
3843
3849
3856
3862
3868
3875
3881
3887
3893
3900
3905
3910
3916
3921
3927
3932
3937
3943
3948
3954
3959
3965
3970
3975
3981
3986
3992
3997
4002
4008
4013
4019
4024
4030
4037
4044
4051
4058
4065
4072
4080
4087
4094
4101
4108
4115
4122
4130
4142
4154
4166
4178
4191
4203
4215
4227
4240
4245
4250
4255
4260
4265
4270
4275
4280
4285
4290
4295
4300
4305
4310
4314
4319
4325
4330
4335
4340
4345
4350
4356
4362
4368
4374
4380
4386
4392
4398
4404
4411
4417
4423
4429
4435
4441
4447
4453
4460
4463
4467
4471
4475
4479
4483
4487
4491
4495
4499
4503
4507
4511
4515
4518
4522
4526
4530
4534
4538
4542
4546
4550
4554
4558
4562
4566
4570
4573
4577
4581
4584
4588
4592
4595
4599
4603
4607
4610
4614
4618
4621
4625
4629
4632
4636
4640
4644
4647
4651
4655
4658
4662
4666
4670
4674
4679
4684
4689
4694
4698
4703
4708
4713
4718
4722
4727
4732
4737
4742
4746
4751
4756
4761
4766
4770
4775
4780
4785
4790
4799
4808
4817
4826
4835
4844
4853
4862
4871
4880
4890
4899
4908
4917
4926
4935
4945
4954
4963
4972
4981
4990
5000
5014
5028
5042
5057
5071
5085
5100
5115
5131
5147
5162
5178
5194
5210
5220
5230
5240
5250
5260
5270
5280
5290
5300
5310
5320
5330
5340
5350
5360
5370
5380
5390
5399
5410
5420
5430
5443
5457
5471
5484
5498
5512
5526
5540
5551
5562
5573
5584
5595
5606
5617
5628
5640
5646
5652
5658
5664
5670
5676
5682
5688
5695
5701
5707
5713
5719
5725
5731
5737
5743
5750
5755
5760
5765
5770
5775
5780
5785
5790
5795
5800
5805
5810
5814
5819
5824
5830
5835
5840
5845
5850
5856
5862
5869
5875
5882
5888
5895
5901
5908
5914
5921
5927
5934
5940
5947
5953
5960
5967
5975
5983
5991
5999
6007
6015
6022
6030
6038
6046
6054
6062
6070
6078
6086
6095
6103
6111
6120
6128
6136
6145
6153
6161
6170
6179
6188
6197
6206
6215
6225
6234
6243
6252
6261
6270
6280
6287
6294
6301
6308
6315
6322
6330
6337
6344
6351
6358
6365
6372
6380
6392
6404
6416
6428
6441
6453
6465
6477
6490
6503
6517
6531
6545
6558
6572
6586
6600
6612
6624
6636
6648
6661
6673
6685
6697
6710
6725
6740
6755
6770
6785
6800
6815
6830
6841
6852
6863
6874
6885
6896
6907
6918
6930
6937
6944
6952
6959
6966
6974
6981
6988
6996
7003
7010
7018
7025
7032
7040
7049
7058
7067
7076
7085
7094
7103
7112
7121
7130
7140
7146
7152
7158
7164
7170
7176
7182
7188
7195
7201
7207
7213
7219
7225
7231
7237
7243
7250
7255
7260
7265
7271
7276
7281
7286
7292
7297
7302
7307
7313
7318
7323
7328
7334
7339
7344
7350
7390
7430
7470
7488
7506
7525
7543
7561
7580
7592
7605
7617
7630
7642
7654
7667
7680
7693
7707
7721
7734
7748
7762
7776
7790
7806
7823
7840
7856
7873
7890
7899
7910
7920
7930
7939
7950
7960
7970
7979
7990
8000
8010
8020
8029
8039
8050
8060
8070
8080
8090
8100
8107
8115
8123
8131
8139
8147
8154
8162
8170
8178
8186
8194
8202
8210
8223
8237
8251
8265
8278
8292
8306
8320
8360
8400
8440
8466
8492
8518
8544
8570
8646
8723
8800
8900
8960
9020
9090
9160
9245
9330
9385
9440
9610
9670
9730
9780
9830
9880
9910
9940
9970
10000
10046
10093
10140
10170
10200
10230
10260
10287
10315
10342
10370
10394
10418
10442
10466
10490
10514
10538
10562
10586
10610
10645
10680
10715
10750
10775
10800
10825
10850
10872
10894
10916
10938
10960
11003
11046
11090
11117
11145
11172
11200
11226
11251
11278
11304
11330
11385
11440
11476
11513
11550
11583
11616
11650
11676
11702
11728
11754
11780
11798
11817
11835
11854
11872
11891
11910
11975
12040
12100
12160
12219
12280
12316
12353
12390
12426
12463
12500
12533
12566
12600
12627
12655
12682
12710
12750
12790
12830
12854
12878
12902
12926
12950
12985
13020
13055
13090
13106
13123
13140
13156
13173
13190
13209
13230
13250
13270
13290
13310
13337
13365
13392
13420
13455
13490
13525
13560
13596
13633
13670
13706
13743
13780
13809
13840
13870
13900
13937
13975
14012
14050
14075
14100
14125
14150
14180
14210
14240
14270
14303
14336
14370
14397
14425
14452
14480
14520
14560
14600
14636
14673
14710
14737
14765
14792
14820
14856
14893
14930
14957
14985
15012
15040
15072
15105
15137
15170
15197
15225
15252
15280
15316
15353
15390
15417
15445
15472
15500
15526
15552
15578
15604
15630
15670
15710
15750
15790
15823
15856
15890
15917
15945
15972
16000
16055
16110
16131
16154
16175
16198
16219
16245
16271
16298
16324
16350
16390
16430
16470
16494
16518
16541
16566
16590
16612
16634
16656
16678
16700
16736
16773
16810
16875
16940
16970
17000
17030
17060
17099
17140
17180
17216
17253
17290
17308
17326
17345
17363
17381
17400
17424
17448
17471
17496
17520
17575
17630
17657
17685
17712
17740
17783
17826
17870
17900
17930
17960
17990
18016
18041
18068
18094
18120
18141
18163
18185
18206
18228
18250
18282
18314
18347
18380
18410
18439
18470
18500
18520
18540
18560
18580
18600
18632
18665
18697
18730
18752
18774
18796
18818
18840
18865
18890
18915
18940
18966
18992
19018
19044
19070
19095
19120
19145
19170
19197
19225
19252
19280
19315
19350
19385
19420
19446
19472
19498
19524
19550
19586
19623
19660
19684
19708
19732
19756
19780
19805
19830
19855
19880
19912
19945
19977
20010
20030
20050
20070
20090
20110
20130
20156
20182
20208
20234
20260
20293
20326
20360
20384
20408
20432
20456
20480
20504
20528
20552
20576
20600
20640
20680
20720
20750
20780
20810
20840
20870
20900
20930
20960
20984
21008
21032
21055
21080
21113
21146
21180
21202
21224
21246
21268
21290
21310
21330
21350
21370
21390
21405
21421
21437
21452
21468
21484
21500
21564
21630
21660
21689
21720
21750
21783
21816
21850
21887
21925
21962
22000
22033
22066
22100
22128
22156
22184
22212
22240
22264
22288
22311
22336
22360
22390
22420
22450
22480
22502
22524
22546
22568
22590
22615
22640
22665
22690
22730
22770
22810
22835
22860
22884
22910
22938
22966
22994
23022
23050
23075
23100
23125
23150
23174
23198
23221
23246
23270
23297
23325
23352
23380
23415
23450
23485
23520
23544
23568
23592
23616
23640
23675
23710
23745
23780
23807
23835
23862
23890
23917
23945
23972
24000
24025
24050
24075
24100
24130
24160
24189
24220
24255
24290
24325
24360
24392
24424
24457
24490
24533
24576
24620
24655
24690
24725
24760
24796
24833
24870
24930
24990
25064
25140
25170
25200
25230
25260
25285
25310
25335
25360
25400
25440
25480
25526
25573
25620
25647
25675
25702
25730
25760
25790
25820
25850
25890
25930
25970
26006
26043
26080
26113
26146
26180
26212
26244
26277
26310
26343
26376
26410
26436
26462
26488
26514
26540
26564
26588
26612
26636
26660
26687
26715
26742
26770
26810
26850
26890
26950
27010
27043
27076
27110
27134
27158
27182
27206
27230
27262
27294
27326
27358
27390
27430
27470
27510
27532
27554
27576
27598
27620
27650
27680
27710
27740
27783
27826
27870
27892
27914
27936
27958
27980
28008
28036
28064
28092
28120
28180
28240
28276
28313
28350
28377
28405
28432
28460
28487
28515
28542
28570
28597
28625
28652
28680
28710
28740
28770
28800
28843
28886
28930
28970
29010
29050
29085
29120
29155
29190
29230
29270
29310
29350
29387
29425
29462
29500
29546
29593
29640
29662
29684
29706
29728
29750
29773
29796
29820
29843
29866
29890
