23
46
70
105
140
175
210
237
265
292
320
385
450
477
505
532
560
580
600
620
640
660
680
707
735
762
790
814
838
862
886
910
932
954
976
998
1020
1047
1075
1102
1130
1152
1174
1196
1218
1240
1283
1326
1370
1402
1435
1467
1500
1533
1566
1600
1630
1660
1690
1720
1785
1850
1890
1930
1970
2000
2029
2060
2090
2130
2170
2210
2264
2320
2385
2450
2477
2505
2532
2560
2600
2640
2680
2720
2760
2800
2830
2860
2889
2920
2955
2990
3025
3060
3084
3108
3132
3156
3180
3220
3260
3300
3330
3360
3389
3420
3452
3485
3517
3550
3570
3590
3610
3630
3650
3671
3693
3715
3736
3758
3780
3812
3844
3877
3910
3936
3962
3988
4014
4040
4064
4090
4115
4140
4180
4220
4260
4296
4333
4370
4397
4425
4452
4480
4513
4546
4580
4607
4635
4662
4690
4722
4755
4787
4820
4847
4875
4902
4930
5015
5100
5140
5180
5220
5256
5293
5330
5367
5405
5442
5480
5575
5670
5713
5756
5800
5843
5886
5930
5955
5981
6008
6034
6060
6100
6140
6180
6250
6320
6365
6410
6455
6500
6527
6555
6582
6610
6670
6730
6762
6795
6827
6860
6887
6915
6942
6970
7010
7050
7090
7130
7170
7210
7237
7265
7292
7320
7356
7393
7430
7473
7516
7560
7592
7625
7657
7690
7726
7763
7800
7832
7865
7897
7930
7970
8010
8050
8090
8117
8145
8172
8200
8224
8248
8272
8296
8320
8356
8393
8430
8466
8503
8540
8570
8600
8629
8660
8692
8725
8757
8790
8817
8844
8872
8900
8937
8975
9012
9050
9170
9280
9380
9420
9460
9500
9540
9593
9646
9700
9760
9820
9860
9900
9940
9976
10013
10050
10115
10180
10223
10266
10310
10346
10383
10420
10450
10480
10510
10540
10573
10606
10640
10676
10713
10750
10783
10816
10850
10893
10936
10980
11010
11040
11070
11100
11132
11165
11197
11230
11263
11296
11330
11360
11390
11420
11450
11489
11530
11570
11610
11640
11670
11700
11730
11785
11840
11883
11926
11970
11997
12025
12052
12080
12110
12140
12170
12200
12235
12270
12305
12340
12367
12395
12422
12450
12477
12504
12532
12560
12610
12660
12690
12719
12750
12780
12823
12866
12910
12953
12996
13040
13076
13113
13150
13186
13223
13260
13293
13326
13360
13390
13420
13450
13480
13530
13580
13630
13680
13730
13763
13796
13830
13857
13885
13912
13940
13983
14026
14070
14100
14129
14160
14190
14230
14270
14310
14346
14383
14420
14456
14493
14530
14559
14590
14620
14650
14682
14715
14747
14780
14830
14880
14920
14960
15000
15036
15073
15110
15134
15158
15182
15206
15230
15266
15303
15340
15367
15395
15422
15450
15490
15530
15570
15606
15643
15680
15712
15745
15777
15810
15836
15862
15888
15914
15940
15976
16013
16050
16086
16123
16160
16219
16280
16313
16346
16379
16407
16435
16462
16490
16515
16540
16564
16590
16620
16650
16680
16710
16740
16770
16799
16830
16857
16884
16912
16940
16958
16976
16995
17013
17031
17050
17064
17078
17092
17107
17121
17135
17150
17162
17174
17186
17198
17211
17223
17235
17247
17260
17275
17291
17307
17322
17338
17354
17370
17383
17397
17411
17425
17438
17452
17466
17480
17495
17511
17527
17542
17558
17574
17590
17605
17620
17635
17650
17665
17680
17695
17710
17734
17758
17782
17805
17830
17869
17910
17950
17971
17993
18015
18036
18058
18080
18102
18124
18146
18168
18190
18208
18226
18245
18263
18281
18300
18314
18328
18342
18357
18371
18385
18400
18422
18444
18466
18488
18510
18530
18550
18570
18590
18610
18637
18665
18692
18720
18740
18759
18780
18800
18820
18840
18864
18888
18912
18936
18960
18984
19008
19032
19055
19080
19110
19140
19169
19200
19259
19320
19370
19420
19463
19506
19550
19586
19623
19660
19736
19813
19890
19980
20070
20113
20156
20200
20230
20260
20290
20320
20350
20378
20406
20434
20462
20490
20545
20600
20622
20644
20666
20688
20710
20750
20790
20830
20870
20910
20950
20990
21023
21056
21090
21117
21145
21172
21200
21232
21265
21297
21330
21360
21390
21419
21450
21471
21494
21516
21538
21560
21590
21619
21650
21680
21702
21724
21746
21768
21790
21817
21845
21872
21900
21930
21960
21990
22020
22052
22085
22117
22150
22180
22210
22240
22270
22310
22350
22390
22416
22442
22468
22494
22520
22547
22575
22602
22630
22666
22703
22740
22765
22790
22814
22840
22864
22888
22912
22936
22960
22996
23033
23070
23090
23110
23130
23150
23170
23191
23213
23235
23256
23278
23300
23324
23348
23372
23396
23420
23450
23480
23509
23540
23572
23605
23637
23670
23706
23743
23780
23813
23846
23880
23901
23924
23945
23968
23990
24015
24040
24064
24090
24114
24138
24162
24186
24210
24234
24258
24282
24305
24330
24390
24450
24482
24515
24547
24580
24634
24690
24727
24765
24802
24840
24876
24913
24950
24977
25005
25032
25060
25090
25119
25150
25180
25216
25253
25290
25323
25356
25390
25417
25445
25472
25500
25530
25560
25590
25620
25652
25685
25717
25750
25772
25794
25816
25838
25860
25895
25930
25965
26000
26032
26064
26097
26130
26151
26173
26195
26216
26238
26260
26274
26288
26302
26317
26331
26345
26360
26373
26387
26401
26415
26428
26442
26456
26470
26482
26494
26506
26518
26531
26543
26555
26567
26580
26593
26607
26621
26634
26648
26662
26676
26690
26703
26717
26731
26745
26758
26772
26786
26800
26812
26825
26837
26850
26862
26875
26887
26900
26915
26931
26947
26962
26978
26994
27010
27030
27050
27070
27090
27110
27130
27151
27174
27195
27218
27240
27259
27279
27299
27320
27340
27360
27375
27390
27405
27420
27435
27450
27465
27480
27496
27513
27530
27546
27563
27580
27604
27628
27651
27676
27700
27736
27773
27810
27853
27896
27940
27980
28020
28060
28130
28200
28330
28373
28416
28460
28500
28540
28580
28597
28614
28631
28648
28665
28682
28700
28727
28755
28782
28810
28835
28860
28884
28910
28940
28970
29000
29030
29043
29057
29071
29085
29098
29112
29126
29140
29158
29176
29195
29213
29231
29250
29266
29283
29300
29316
29333
29350
29370
29390
29410
29430
29450
29470
29487
29504
29521
29538
29555
29572
29590
29603
29617
29631
29645
29658
29672
29686
29700
29717
29734
29751
29768
29785
29802
29820
29836
29853
29870
29886
29903
29920
