0.13 106876.0
0.25 99936.0
0.36 113816.0
0.46 105488.0
0.57 91608.0
0.67 104100.0
0.78 101324.0
0.88 81892.0
1.00 97160.0
1.11 92996.0
1.21 70788.0
1.32 87444.0
1.42 80504.0
1.53 101324.0
1.63 76340.0
1.74 95772.0
1.85 92996.0
1.95 94384.0
2.06 81892.0
2.16 77728.0
2.27 66624.0
2.38 83280.0
2.49 97160.0
2.60 74952.0
2.70 68012.0
2.81 69400.0
2.91 73564.0
3.02 80504.0
3.13 76340.0
3.24 84668.0
3.35 98548.0
3.45 77728.0
3.56 101324.0
3.66 87444.0
3.77 101324.0
3.88 94384.0
3.99 115204.0
4.10 115204.0
4.20 98548.0
4.31 91608.0
4.41 83280.0
4.52 92996.0
4.63 104100.0
4.74 106876.0
4.85 98548.0
4.96 88832.0
5.07 99936.0
5.17 90220.0
5.28 97160.0
5.38 109652.0
5.49 101324.0
5.60 74952.0
5.70 87444.0
5.81 95772.0
5.91 91608.0
6.02 86056.0
6.13 97160.0
6.24 101324.0
6.35 87444.0
6.45 95772.0
6.56 115204.0
6.66 94384.0
6.77 94384.0
6.88 83280.0
6.99 91608.0
7.10 87444.0
7.20 95772.0
7.31 88832.0
7.41 95772.0
7.53 95772.0
7.63 94384.0
7.74 99936.0
7.85 83280.0
7.96 81892.0
8.07 97160.0
8.17 88832.0
8.28 91608.0
8.38 83280.0
8.49 101324.0
8.60 99936.0
8.70 88832.0
8.81 112428.0
8.91 101324.0
9.02 102712.0
9.13 95772.0
9.24 83280.0
9.35 99936.0
9.45 87444.0
9.56 88832.0
9.66 80504.0
9.77 88832.0
9.88 81892.0
10.00 79116.0
10.11 90220.0
10.21 91608.0
10.32 84668.0
10.42 90220.0
10.53 94384.0
10.63 83280.0
10.74 91608.0
10.85 94384.0
10.95 91608.0
11.06 102712.0
11.16 97160.0
11.27 104100.0
11.38 115204.0
11.49 119368.0
11.60 115204.0
11.71 97160.0
11.82 127696.0
11.92 92996.0
12.03 115204.0
12.13 76340.0
12.24 113816.0
12.35 97160.0
12.45 69400.0
12.57 106876.0
12.67 84668.0
12.78 88832.0
12.88 92996.0
12.99 108264.0
13.10 106876.0
13.21 88832.0
13.33 108264.0
13.43 97160.0
13.54 97160.0
13.64 92996.0
13.75 97160.0
13.86 105488.0
13.96 84668.0
14.07 88832.0
14.17 97160.0
14.28 98548.0
14.38 79116.0
14.49 98548.0
14.60 115204.0
14.70 98548.0
14.81 108264.0
14.91 108264.0
15.02 104100.0
15.13 98548.0
15.24 84668.0
15.35 91608.0
15.45 77728.0
15.56 108264.0
15.66 101324.0
15.77 98548.0
15.88 106876.0
15.99 92996.0
16.10 101324.0
16.20 95772.0
16.31 117980.0
16.41 98548.0
16.52 108264.0
16.63 91608.0
16.74 105488.0
16.85 101324.0
16.95 92996.0
17.06 87444.0
17.16 77728.0
17.27 105488.0
17.38 105488.0
17.49 91608.0
17.60 102712.0
17.70 97160.0
17.81 97160.0
17.91 84668.0
18.02 105488.0
18.14 91608.0
18.25 111040.0
18.36 112428.0
18.46 86056.0
18.57 104100.0
18.67 90220.0
18.78 84668.0
18.88 86056.0
18.99 109652.0
19.10 95772.0
19.20 108264.0
19.32 109652.0
19.42 79116.0
19.53 119368.0
19.63 87444.0
19.74 105488.0
19.85 109652.0
19.95 88832.0
20.06 108264.0
20.16 91608.0
20.27 81892.0
20.38 111040.0
20.49 109652.0
20.60 111040.0
20.70 87444.0
20.81 106876.0
20.91 109652.0
21.02 97160.0
21.13 99936.0
21.25 112428.0
21.36 99936.0
21.46 106876.0
21.57 95772.0
21.67 83280.0
21.78 106876.0
21.89 81892.0
22.00 104100.0
22.11 94384.0
22.21 101324.0
22.32 104100.0
22.42 101324.0
22.53 101324.0
22.63 88832.0
22.74 108264.0
22.86 102712.0
22.96 95772.0
23.07 95772.0
23.17 80504.0
23.28 108264.0
23.38 81892.0
23.49 86056.0
23.60 104100.0
23.70 101324.0
23.81 104100.0
23.91 95772.0
24.02 109652.0
24.14 98548.0
24.26 95772.0
24.37 108264.0
24.47 92996.0
24.58 88832.0
24.68 95772.0
24.79 84668.0
24.89 90220.0
25.00 97160.0
25.11 91608.0
25.21 88832.0
25.32 99936.0
25.42 84668.0
25.53 98548.0
25.63 84668.0
25.74 90220.0
25.85 88832.0
25.95 101324.0
26.06 87444.0
26.16 84668.0
26.27 105488.0
26.38 104100.0
26.49 106876.0
26.60 90220.0
26.70 86056.0
26.81 109652.0
26.91 102712.0
27.02 86056.0
27.13 101324.0
27.24 102712.0
27.35 102712.0
27.45 87444.0
27.56 108264.0
27.66 101324.0
27.77 101324.0
27.88 87444.0
27.99 91608.0
28.10 99936.0
28.20 97160.0
28.31 91608.0
28.41 86056.0
28.52 105488.0
28.63 111040.0
28.74 105488.0
28.85 87444.0
28.95 95772.0
29.06 108264.0
29.16 92996.0
29.27 99936.0
29.38 81892.0
29.49 94384.0
29.60 116592.0
29.70 94384.0
29.81 95772.0
29.91 90220.0
