0.15 90220.0
0.26 88832.0
0.37 97160.0
0.48 113816.0
0.59 104100.0
0.69 94384.0
0.80 99936.0
0.90 94384.0
1.01 94384.0
1.12 112428.0
1.23 94384.0
1.34 108264.0
1.44 88832.0
1.55 98548.0
1.65 87444.0
1.76 108264.0
1.87 101324.0
1.98 106876.0
2.09 90220.0
2.19 94384.0
2.30 101324.0
2.40 97160.0
2.51 94384.0
2.62 99936.0
2.73 104100.0
2.85 97160.0
2.96 106876.0
3.07 99936.0
3.17 90220.0
3.28 91608.0
3.38 102712.0
3.49 83280.0
3.60 101324.0
3.70 101324.0
3.81 52744.0
3.91 68012.0
4.02 101324.0
4.12 98548.0
4.23 99936.0
4.34 88832.0
4.44 69400.0
4.55 66624.0
4.65 63848.0
4.76 104100.0
4.87 102712.0
4.99 108264.0
5.10 108264.0
5.20 80504.0
5.31 95772.0
5.41 87444.0
5.52 102712.0
5.63 87444.0
5.74 112428.0
5.85 94384.0
5.95 92996.0
6.06 99936.0
6.16 90220.0
6.27 106876.0
6.37 73564.0
6.48 105488.0
6.60 109652.0
6.70 97160.0
6.81 88832.0
6.91 97160.0
7.02 101324.0
7.12 98548.0
7.23 101324.0
7.34 99936.0
7.44 88832.0
7.55 102712.0
7.65 99936.0
7.76 94384.0
7.87 106876.0
7.98 104100.0
8.09 90220.0
8.19 91608.0
8.30 106876.0
8.40 97160.0
8.51 94384.0
8.62 105488.0
8.73 95772.0
8.84 109652.0
8.94 95772.0
9.05 106876.0
9.15 91608.0
9.26 94384.0
9.37 106876.0
9.48 90220.0
9.59 105488.0
9.69 95772.0
9.80 108264.0
9.90 97160.0
10.01 92996.0
10.12 117980.0
10.23 101324.0
10.34 101324.0
10.44 81892.0
10.55 102712.0
10.65 92996.0
10.76 104100.0
10.87 101324.0
10.98 106876.0
11.09 113816.0
11.19 91608.0
11.31 108264.0
11.41 91608.0
11.52 92996.0
11.62 98548.0
11.73 97160.0
11.84 92996.0
11.94 98548.0
12.05 105488.0
12.15 86056.0
12.26 112428.0
12.37 95772.0
12.48 104100.0
12.59 97160.0
12.69 83280.0
12.80 91608.0
12.90 90220.0
13.01 99936.0
13.12 101324.0
13.23 97160.0
13.34 69400.0
13.44 77728.0
13.55 108264.0
13.65 95772.0
13.76 101324.0
13.87 92996.0
13.98 112428.0
14.09 101324.0
14.19 77728.0
14.30 102712.0
14.40 87444.0
14.51 104100.0
14.62 101324.0
14.73 94384.0
14.84 79116.0
14.94 77728.0
15.05 90220.0
15.15 83280.0
15.26 105488.0
15.37 87444.0
15.48 84668.0
15.59 97160.0
15.69 88832.0
15.80 104100.0
15.91 84668.0
16.02 102712.0
16.12 90220.0
16.23 87444.0
16.34 99936.0
16.44 83280.0
16.55 92996.0
16.65 98548.0
16.76 86056.0
16.87 108264.0
16.98 104100.0
17.09 95772.0
17.19 83280.0
17.30 99936.0
17.40 92996.0
17.51 81892.0
17.62 98548.0
17.73 94384.0
17.84 108264.0
17.94 84668.0
18.05 97160.0
18.15 84668.0
18.26 74952.0
18.37 97160.0
18.48 97160.0
18.59 95772.0
18.69 66624.0
18.80 87444.0
18.90 83280.0
19.01 111040.0
19.12 91608.0
19.23 102712.0
19.34 101324.0
19.44 87444.0
19.55 91608.0
19.65 88832.0
19.76 90220.0
19.87 94384.0
19.98 95772.0
20.09 95772.0
20.20 91608.0
20.31 102712.0
20.41 83280.0
20.52 97160.0
20.62 87444.0
20.73 88832.0
20.84 98548.0
20.94 74952.0
21.05 95772.0
21.15 84668.0
21.26 90220.0
21.37 108264.0
21.48 92996.0
21.59 104100.0
21.69 98548.0
21.80 94384.0
21.91 77728.0
22.02 97160.0
22.12 80504.0
22.23 94384.0
22.34 105488.0
22.44 86056.0
22.55 91608.0
22.65 83280.0
22.76 94384.0
22.87 81892.0
22.98 102712.0
23.09 112428.0
23.19 94384.0
23.30 84668.0
23.40 74952.0
23.51 95772.0
23.62 88832.0
23.73 92996.0
23.84 94384.0
23.94 79116.0
24.05 97160.0
24.15 92996.0
24.27 98548.0
24.37 87444.0
24.48 104100.0
24.59 97160.0
24.69 68012.0
24.80 104100.0
24.90 88832.0
25.01 99936.0
25.12 83280.0
25.24 106876.0
25.35 97160.0
25.45 79116.0
25.56 97160.0
25.66 97160.0
25.77 108264.0
25.88 99936.0
25.99 99936.0
26.10 104100.0
26.20 92996.0
26.31 112428.0
26.41 102712.0
26.52 115204.0
26.62 92996.0
26.73 106876.0
26.85 83280.0
26.95 102712.0
27.06 101324.0
27.16 86056.0
27.27 94384.0
27.37 81892.0
27.48 77728.0
27.59 83280.0
27.69 86056.0
27.80 90220.0
27.90 94384.0
28.01 80504.0
28.12 87444.0
28.23 97160.0
28.34 79116.0
28.44 80504.0
28.55 88832.0
28.65 76340.0
28.76 106876.0
28.88 104100.0
28.99 97160.0
29.10 81892.0
29.21 97160.0
29.32 94384.0
29.42 91608.0
29.53 92996.0
29.63 84668.0
29.74 99936.0
29.85 97160.0
29.95 95772.0
