0.10 36700.20
0.20 36700.20
0.30 36700.20
0.40 36700.20
0.50 36700.20
0.60 36962.30
0.70 36962.30
0.80 36962.30
0.90 36962.30
1.00 36962.30
1.10 31457.30
1.20 31457.30
1.30 31457.30
1.40 31457.30
1.50 31457.30
1.60 76283.90
1.70 76283.90
1.80 76283.90
1.90 76283.90
2.00 76283.90
2.10 18612.20
2.20 18612.20
2.30 18612.20
2.40 18612.20
2.50 18612.20
2.60 28049.40
2.70 28049.40
2.80 28049.40
2.90 28049.40
3.00 28049.40
3.10 26476.50
3.20 26476.50
3.30 26476.50
3.40 26476.50
3.50 26476.50
3.60 28049.40
3.70 28049.40
3.80 28049.40
3.90 28049.40
4.00 28049.40
4.10 31981.60
4.20 31981.60
4.30 31981.60
4.40 31981.60
4.50 31981.60
4.60 39845.90
4.70 39845.90
4.80 39845.90
4.90 39845.90
5.00 39845.90
5.10 29098.00
5.20 29098.00
5.30 29098.00
5.40 29098.00
5.50 29098.00
5.60 33030.10
5.70 33030.10
5.80 33030.10
5.90 33030.10
6.00 33030.10
6.10 35651.60
6.20 35651.60
6.30 35651.60
6.40 35651.60
6.50 35651.60
6.60 36962.30
6.70 36962.30
6.80 36962.30
6.90 36962.30
7.00 36962.30
7.10 41418.80
7.20 41418.80
7.30 41418.80
7.40 41418.80
7.50 41418.80
7.60 15466.50
7.70 15466.50
7.80 15466.50
7.90 15466.50
8.00 15466.50
8.10 35651.60
8.20 35651.60
8.30 35651.60
8.40 35651.60
8.50 35651.60
8.60 49807.40
8.70 49807.40
8.80 49807.40
8.90 49807.40
9.00 49807.40
9.10 20185.10
9.20 20185.10
9.30 20185.10
9.40 20185.10
9.50 20185.10
9.60 74448.90
9.70 74448.90
9.80 74448.90
9.90 74448.90
10.00 74448.90
10.10 33816.60
10.20 33816.60
10.30 33816.60
10.40 33816.60
10.50 33816.60
10.60 29098.00
10.70 29098.00
10.80 29098.00
10.90 29098.00
11.00 29098.00
11.10 28573.70
11.20 28573.70
11.30 28573.70
11.40 28573.70
11.50 28573.70
11.60 54788.10
11.70 54788.10
11.80 54788.10
11.90 54788.10
12.00 54788.10
12.10 23330.80
12.20 23330.80
12.30 23330.80
12.40 23330.80
12.50 23330.80
12.60 73400.30
12.70 73400.30
12.80 73400.30
12.90 73400.30
13.00 73400.30
13.10 32505.90
13.20 32505.90
13.30 32505.90
13.40 32505.90
13.50 32505.90
13.60 59506.70
13.70 59506.70
13.80 59506.70
13.90 59506.70
14.00 59506.70
14.10 54526.00
14.20 54526.00
14.30 54526.00
14.40 54526.00
14.50 54526.00
14.60 23068.70
14.70 23068.70
14.80 23068.70
14.90 23068.70
15.00 23068.70
15.10 31719.40
15.20 31719.40
15.30 31719.40
15.40 31719.40
15.50 31719.40
15.60 30670.80
15.70 30670.80
15.80 30670.80
15.90 30670.80
16.00 30670.80
16.10 51118.10
16.20 51118.10
16.30 51118.10
16.40 51118.10
16.50 51118.10
16.60 50855.90
16.70 50855.90
16.80 50855.90
16.90 50855.90
17.00 50855.90
17.10 28835.80
17.20 28835.80
17.30 28835.80
17.40 28835.80
17.50 28835.80
17.60 34078.70
17.70 34078.70
17.80 34078.70
17.90 34078.70
18.00 34078.70
18.10 51904.50
18.20 51904.50
18.30 51904.50
18.40 51904.50
18.50 51904.50
18.60 38273.00
18.70 38273.00
18.80 38273.00
18.90 38273.00
19.00 38273.00
19.10 42467.30
19.20 42467.30
19.30 42467.30
19.40 42467.30
19.50 42467.30
19.60 41156.60
19.70 41156.60
19.80 41156.60
19.90 41156.60
20.00 41156.60
20.10 51118.10
20.20 51118.10
20.30 51118.10
20.40 51118.10
20.50 51118.10
20.60 46399.50
20.70 46399.50
20.80 46399.50
20.90 46399.50
21.00 46399.50
21.10 39845.90
21.20 39845.90
21.30 39845.90
21.40 39845.90
21.50 39845.90
21.60 62914.60
21.70 62914.60
21.80 62914.60
21.90 62914.60
22.00 62914.60
22.10 33030.10
22.20 33030.10
22.30 33030.10
22.40 33030.10
22.50 33030.10
22.60 40370.20
22.70 40370.20
22.80 40370.20
22.90 40370.20
23.00 40370.20
23.10 32243.70
23.20 32243.70
23.30 32243.70
23.40 32243.70
23.50 32243.70
23.60 50593.80
23.70 50593.80
23.80 50593.80
23.90 50593.80
24.00 50593.80
24.10 44826.60
24.20 44826.60
24.30 44826.60
24.40 44826.60
24.50 44826.60
24.60 42729.50
24.70 42729.50
24.80 42729.50
24.90 42729.50
25.00 42729.50
25.10 39845.90
25.20 39845.90
25.30 39845.90
25.40 39845.90
25.50 39845.90
25.60 40108.00
25.70 40108.00
25.80 40108.00
25.90 40108.00
26.00 40108.00
26.10 33030.10
26.20 33030.10
26.30 33030.10
26.40 33030.10
26.50 33030.10
26.60 47185.90
26.70 47185.90
26.80 47185.90
26.90 47185.90
27.00 47185.90
27.10 35127.30
27.20 35127.30
27.30 35127.30
27.40 35127.30
27.50 35127.30
27.60 17039.40
27.70 17039.40
27.80 17039.40
27.90 17039.40
28.00 17039.40
28.10 35127.30
28.20 35127.30
28.30 35127.30
28.40 35127.30
28.50 35127.30
28.60 41680.90
28.70 41680.90
28.80 41680.90
28.90 41680.90
29.00 41680.90
29.10 42729.50
29.20 42729.50
29.30 42729.50
29.40 42729.50
29.50 42729.50
29.60 36438.00
29.70 36438.00
29.80 36438.00
29.90 36438.00
30.00 36438.00
