0.19 24984.0
0.30 26372.0
0.41 19432.0
0.52 16656.0
0.62 18044.0
0.73 19432.0
0.84 19432.0
0.94 44416.0
1.05 29148.0
1.16 27760.0
1.27 44416.0
1.37 43028.0
1.48 65236.0
1.59 66624.0
1.69 49968.0
1.80 73564.0
1.90 77728.0
2.01 59684.0
2.12 40252.0
2.23 47192.0
2.34 56908.0
2.44 72176.0
2.55 74952.0
2.65 52744.0
2.76 63848.0
2.87 49968.0
2.98 61072.0
3.09 65236.0
3.19 49968.0
3.30 88832.0
3.40 69400.0
3.51 74952.0
3.62 73564.0
3.73 105488.0
3.84 81892.0
3.95 88832.0
4.06 87444.0
4.16 47192.0
4.27 69400.0
4.37 79116.0
4.49 91608.0
4.60 87444.0
4.70 84668.0
4.81 94384.0
4.91 59684.0
5.02 79116.0
5.12 58296.0
5.23 58296.0
5.34 45804.0
5.45 49968.0
5.56 44416.0
5.66 36088.0
5.77 36088.0
5.87 41640.0
5.98 62460.0
6.09 52744.0
6.19 69400.0
6.31 94384.0
6.41 84668.0
6.52 95772.0
6.62 77728.0
6.73 83280.0
6.84 83280.0
6.94 74952.0
7.05 77728.0
7.15 80504.0
7.26 69400.0
7.37 72176.0
7.48 51356.0
7.59 51356.0
7.70 54132.0
7.81 45804.0
7.91 27760.0
8.02 49968.0
8.12 54132.0
8.23 91608.0
8.34 104100.0
8.44 63848.0
8.55 76340.0
8.65 87444.0
8.76 76340.0
8.87 72176.0
8.98 62460.0
9.09 49968.0
9.20 84668.0
9.31 84668.0
9.41 54132.0
9.52 90220.0
9.62 43028.0
9.73 38864.0
9.84 48580.0
9.94 83280.0
10.05 70788.0
10.15 79116.0
10.26 58296.0
10.37 65236.0
10.48 68012.0
10.59 68012.0
10.69 49968.0
10.80 54132.0
10.90 55520.0
11.01 74952.0
11.12 51356.0
11.23 70788.0
11.35 56908.0
11.45 49968.0
11.56 49968.0
11.66 61072.0
11.77 70788.0
11.87 63848.0
11.98 54132.0
12.09 63848.0
12.19 49968.0
12.30 87444.0
12.40 65236.0
12.51 81892.0
12.62 81892.0
12.73 80504.0
12.84 92996.0
12.94 72176.0
13.05 88832.0
13.15 47192.0
13.27 43028.0
13.37 31924.0
13.48 19432.0
13.59 44416.0
13.69 54132.0
13.80 61072.0
13.90 87444.0
14.01 83280.0
14.12 74952.0
14.23 72176.0
14.34 88832.0
14.44 66624.0
14.55 97160.0
14.65 80504.0
14.76 80504.0
14.87 90220.0
14.98 79116.0
15.09 72176.0
15.19 54132.0
15.30 47192.0
15.40 38864.0
15.51 52744.0
15.62 76340.0
15.73 79116.0
15.84 68012.0
15.94 68012.0
16.05 69400.0
16.15 69400.0
16.26 95772.0
16.37 80504.0
16.48 86056.0
16.59 81892.0
16.69 49968.0
16.80 76340.0
16.90 41640.0
17.01 34700.0
17.12 30536.0
17.23 49968.0
17.34 43028.0
17.44 88832.0
17.55 77728.0
17.65 45804.0
17.76 54132.0
17.87 72176.0
17.98 88832.0
18.09 86056.0
18.19 76340.0
18.30 56908.0
18.40 68012.0
18.51 72176.0
18.62 87444.0
18.73 69400.0
18.84 40252.0
18.94 47192.0
19.05 48580.0
19.15 41640.0
19.26 95772.0
19.37 86056.0
19.48 88832.0
19.60 99936.0
19.70 88832.0
19.81 80504.0
19.91 77728.0
20.02 90220.0
20.12 68012.0
20.23 66624.0
20.34 101324.0
20.44 72176.0
20.55 55520.0
20.65 36088.0
20.76 36088.0
20.87 40252.0
20.98 79116.0
21.09 76340.0
21.19 55520.0
21.30 69400.0
21.40 69400.0
21.51 76340.0
21.62 33312.0
21.73 58296.0
21.84 59684.0
21.94 36088.0
22.05 72176.0
22.15 69400.0
22.26 52744.0
22.37 38864.0
22.48 36088.0
22.59 29148.0
22.69 16656.0
22.80 20820.0
22.90 23596.0
23.01 20820.0
23.13 20820.0
23.24 43028.0
23.36 58296.0
23.46 36088.0
23.57 43028.0
23.67 58296.0
23.78 66624.0
23.88 72176.0
23.99 90220.0
24.10 68012.0
24.20 76340.0
24.31 48580.0
24.42 36088.0
24.53 36088.0
24.63 26372.0
24.74 31924.0
24.85 51356.0
24.95 33312.0
25.06 49968.0
25.17 38864.0
25.28 52744.0
25.38 70788.0
25.49 95772.0
25.60 79116.0
25.70 77728.0
25.81 76340.0
25.91 76340.0
26.02 83280.0
26.12 54132.0
26.23 47192.0
26.34 41640.0
26.44 45804.0
26.55 88832.0
26.65 81892.0
26.76 99936.0
26.87 87444.0
26.98 98548.0
27.09 80504.0
27.19 76340.0
27.30 77728.0
27.40 68012.0
27.51 77728.0
27.62 88832.0
27.73 80504.0
27.84 59684.0
27.94 92996.0
28.05 70788.0
28.15 54132.0
28.26 58296.0
28.37 38864.0
28.48 37476.0
28.59 69400.0
28.69 70788.0
28.80 87444.0
28.91 72176.0
29.02 59684.0
29.12 79116.0
29.23 69400.0
29.34 81892.0
29.44 70788.0
29.55 69400.0
29.65 59684.0
29.76 66624.0
29.87 65236.0
29.98 48580.0
30.09 34700.0
30.19 81892.0
30.30 81892.0
30.40 58296.0
30.51 54132.0
30.62 48580.0
30.73 47192.0
30.84 36088.0
30.94 30536.0
31.05 41640.0
31.15 41640.0
31.26 34700.0
31.37 41640.0
31.48 41640.0
31.59 63848.0
31.69 83280.0
31.80 80504.0
31.90 61072.0
32.01 70788.0
32.12 54132.0
32.23 58296.0
32.34 73564.0
32.44 51356.0
32.55 83280.0
32.65 58296.0
32.76 59684.0
32.87 87444.0
32.98 72176.0
33.09 72176.0
33.19 61072.0
33.30 54132.0
33.40 70788.0
33.51 51356.0
33.63 70788.0
33.74 45804.0
33.85 33312.0
33.95 23596.0
34.06 34700.0
34.16 27760.0
34.27 30536.0
34.37 40252.0
34.48 62460.0
34.59 70788.0
34.69 56908.0
34.80 74952.0
34.90 61072.0
35.01 88832.0
35.12 87444.0
35.23 94384.0
35.35 73564.0
35.45 44416.0
35.56 84668.0
35.66 55520.0
35.78 55520.0
35.88 62460.0
35.99 74952.0
36.10 59684.0
36.20 70788.0
36.31 87444.0
36.42 58296.0
36.53 58296.0
36.63 58296.0
36.75 59684.0
36.86 72176.0
36.96 40252.0
37.07 63848.0
37.17 62460.0
37.29 40252.0
37.40 79116.0
37.51 36088.0
37.62 40252.0
37.73 27760.0
37.84 34700.0
37.94 31924.0
38.05 65236.0
38.15 45804.0
38.26 76340.0
38.37 47192.0
38.48 49968.0
38.59 58296.0
38.69 43028.0
38.80 45804.0
38.90 69400.0
39.01 61072.0
39.12 54132.0
39.23 51356.0
39.34 30536.0
39.44 27760.0
39.55 22208.0
39.65 34700.0
39.76 37476.0
39.87 56908.0
39.98 74952.0
40.09 56908.0
40.19 51356.0
40.30 54132.0
40.40 58296.0
40.52 77728.0
40.63 63848.0
40.74 77728.0
40.85 58296.0
40.95 61072.0
41.06 62460.0
41.16 56908.0
41.27 38864.0
41.37 48580.0
41.48 66624.0
41.59 79116.0
41.69 66624.0
41.80 68012.0
41.90 76340.0
42.01 90220.0
42.12 59684.0
42.23 73564.0
42.34 63848.0
42.44 54132.0
42.56 76340.0
42.66 59684.0
42.77 55520.0
42.87 62460.0
42.98 49968.0
43.09 45804.0
43.20 37476.0
43.31 30536.0
43.41 33312.0
43.52 63848.0
43.62 69400.0
43.74 45804.0
43.85 63848.0
43.96 65236.0
44.07 37476.0
44.17 31924.0
44.28 40252.0
44.39 52744.0
44.50 54132.0
44.61 48580.0
44.71 54132.0
44.82 49968.0
44.92 38864.0
45.03 30536.0
45.13 23596.0
45.24 37476.0
45.35 26372.0
45.45 44416.0
45.56 65236.0
45.66 51356.0
45.78 68012.0
45.89 68012.0
46.00 48580.0
46.11 76340.0
46.21 24984.0
46.32 34700.0
46.43 22208.0
46.54 34700.0
46.65 20820.0
46.76 13880.0
46.87 15268.0
46.99 19432.0
47.10 27760.0
47.20 20820.0
47.31 27760.0
47.41 29148.0
47.52 27760.0
47.62 33312.0
47.73 38864.0
47.84 33312.0
47.94 29148.0
48.05 36088.0
48.15 31924.0
48.26 44416.0
48.37 68012.0
48.49 44416.0
48.60 29148.0
48.70 23596.0
48.81 23596.0
48.91 19432.0
49.02 20820.0
49.12 20820.0
49.23 31924.0
49.34 48580.0
49.44 52744.0
49.55 37476.0
49.65 52744.0
49.76 52744.0
49.87 59684.0
49.98 58296.0
50.09 47192.0
50.19 44416.0
50.30 52744.0
50.40 26372.0
50.51 26372.0
50.62 31924.0
50.73 54132.0
50.84 68012.0
50.94 73564.0
51.05 45804.0
51.15 61072.0
51.26 56908.0
51.37 40252.0
51.48 61072.0
51.59 80504.0
51.69 62460.0
51.80 40252.0
51.91 69400.0
52.02 61072.0
52.12 45804.0
52.24 23596.0
52.35 34700.0
52.45 24984.0
52.56 26372.0
52.67 24984.0
52.78 43028.0
52.88 22208.0
52.99 47192.0
53.11 29148.0
53.21 29148.0
53.32 36088.0
53.42 41640.0
53.53 48580.0
53.63 36088.0
53.74 59684.0
53.85 76340.0
53.95 29148.0
54.06 36088.0
54.16 29148.0
54.27 23596.0
54.37 19432.0
54.48 33312.0
54.59 30536.0
54.69 37476.0
54.80 49968.0
54.91 56908.0
55.02 56908.0
55.12 34700.0
55.23 65236.0
55.34 51356.0
55.44 59684.0
55.56 55520.0
55.66 52744.0
55.77 66624.0
55.87 72176.0
55.98 54132.0
56.09 52744.0
56.19 43028.0
56.30 34700.0
56.40 26372.0
56.51 29148.0
56.62 29148.0
56.73 41640.0
56.84 33312.0
56.94 43028.0
57.05 36088.0
57.15 30536.0
57.26 40252.0
57.37 41640.0
57.48 43028.0
57.59 31924.0
57.69 30536.0
57.81 30536.0
57.91 19432.0
58.02 19432.0
58.12 19432.0
58.23 20820.0
58.34 22208.0
58.44 16656.0
58.56 22208.0
58.66 16656.0
58.77 18044.0
58.87 18044.0
58.98 29148.0
59.09 26372.0
59.19 37476.0
59.30 31924.0
59.40 49968.0
59.51 34700.0
59.62 34700.0
59.73 30536.0
59.84 29148.0
59.94 37476.0
