0.11 43028.0
0.21 36088.0
0.32 43028.0
0.42 38864.0
0.53 44416.0
0.63 37476.0
0.74 43028.0
0.85 33312.0
0.95 30536.0
1.06 44416.0
1.16 36088.0
1.27 27760.0
1.38 43028.0
1.49 38864.0
1.60 36088.0
1.70 34700.0
1.81 47192.0
1.91 29148.0
2.02 43028.0
2.14 47192.0
2.25 45804.0
2.37 40252.0
2.47 45804.0
2.58 37476.0
2.68 41640.0
2.79 51356.0
2.90 37476.0
3.01 51356.0
3.12 37476.0
3.22 37476.0
3.33 45804.0
3.43 44416.0
3.54 48580.0
3.64 45804.0
3.75 38864.0
3.86 48580.0
3.96 34700.0
4.07 48580.0
4.17 38864.0
4.28 44416.0
4.38 29148.0
4.49 31924.0
4.60 47192.0
4.70 40252.0
4.81 45804.0
4.91 31924.0
5.02 43028.0
5.13 44416.0
5.24 51356.0
5.35 47192.0
5.45 41640.0
5.56 51356.0
5.66 45804.0
5.77 49968.0
5.89 52744.0
6.00 47192.0
6.11 48580.0
6.21 34700.0
6.32 44416.0
6.42 31924.0
6.53 36088.0
6.63 44416.0
6.74 54132.0
6.85 47192.0
6.95 45804.0
7.06 43028.0
7.16 47192.0
7.27 43028.0
7.38 52744.0
7.49 52744.0
7.60 51356.0
7.70 41640.0
7.81 41640.0
7.91 38864.0
8.02 45804.0
8.13 38864.0
8.25 44416.0
8.36 44416.0
8.46 38864.0
8.57 54132.0
8.67 45804.0
8.78 47192.0
8.88 44416.0
8.99 48580.0
9.10 38864.0
9.20 34700.0
9.31 24984.0
9.41 24984.0
9.52 31924.0
9.63 30536.0
9.74 34700.0
9.85 34700.0
9.95 31924.0
10.06 27760.0
10.16 31924.0
10.27 31924.0
10.38 36088.0
10.49 38864.0
10.60 37476.0
10.70 33312.0
10.81 31924.0
10.91 38864.0
11.02 40252.0
11.13 36088.0
11.24 34700.0
11.35 27760.0
11.45 27760.0
11.56 31924.0
11.66 26372.0
11.77 31924.0
11.88 31924.0
11.99 27760.0
12.10 34700.0
12.20 24984.0
12.31 34700.0
12.41 47192.0
12.52 48580.0
12.63 36088.0
12.74 40252.0
12.85 45804.0
12.95 33312.0
13.06 49968.0
13.16 37476.0
13.27 40252.0
13.38 55520.0
13.49 44416.0
13.61 49968.0
13.71 36088.0
13.82 47192.0
13.92 54132.0
14.03 43028.0
14.13 43028.0
14.24 41640.0
14.35 52744.0
14.45 40252.0
14.56 52744.0
14.66 44416.0
14.77 45804.0
14.88 41640.0
14.99 55520.0
15.10 52744.0
15.21 48580.0
15.32 43028.0
15.43 37476.0
15.55 48580.0
15.65 48580.0
15.76 40252.0
15.87 49968.0
15.97 47192.0
16.08 43028.0
16.18 43028.0
16.29 49968.0
16.39 38864.0
16.50 48580.0
16.61 88832.0
16.71 70788.0
16.82 51356.0
16.92 52744.0
17.03 91608.0
17.14 72176.0
17.26 83280.0
17.37 91608.0
17.47 79116.0
17.58 97160.0
17.68 80504.0
17.79 77728.0
17.89 76340.0
18.00 73564.0
18.11 81892.0
18.21 73564.0
18.33 58296.0
18.43 73564.0
18.54 91608.0
18.64 81892.0
18.75 86056.0
18.86 81892.0
18.97 76340.0
19.08 80504.0
19.18 74952.0
19.30 87444.0
19.40 79116.0
19.51 92996.0
19.62 98548.0
19.72 88832.0
19.83 77728.0
19.93 83280.0
20.04 104100.0
20.14 74952.0
20.25 94384.0
20.36 91608.0
20.46 81892.0
20.57 88832.0
20.67 66624.0
20.78 84668.0
20.88 80504.0
20.99 94384.0
21.10 101324.0
21.20 88832.0
21.31 91608.0
21.41 74952.0
21.52 94384.0
21.64 97160.0
21.75 88832.0
21.86 84668.0
21.96 84668.0
22.07 66624.0
22.17 68012.0
22.28 52744.0
22.38 31924.0
22.49 48580.0
22.60 52744.0
22.71 33312.0
22.82 48580.0
22.92 48580.0
23.03 61072.0
23.13 44416.0
23.24 45804.0
23.35 48580.0
23.45 49968.0
23.57 31924.0
23.68 27760.0
23.79 69400.0
23.89 45804.0
24.00 54132.0
24.11 34700.0
24.21 30536.0
24.44 2776.0
24.55 136024.0
24.65 44416.0
24.76 45804.0
24.87 69400.0
24.99 38864.0
25.10 49968.0
25.20 51356.0
25.31 61072.0
25.41 36088.0
25.52 38864.0
25.63 38864.0
25.74 44416.0
25.85 31924.0
25.95 54132.0
26.06 81892.0
26.16 40252.0
26.27 31924.0
26.38 73564.0
26.49 63848.0
26.60 77728.0
26.70 51356.0
26.81 45804.0
26.91 59684.0
27.02 76340.0
27.13 72176.0
27.24 81892.0
27.35 86056.0
27.45 83280.0
27.56 109652.0
27.66 76340.0
27.77 54132.0
27.88 80504.0
27.99 91608.0
28.10 92996.0
28.20 90220.0
28.31 102712.0
28.41 90220.0
28.52 88832.0
28.63 81892.0
28.74 83280.0
28.85 83280.0
28.95 72176.0
29.06 65236.0
29.16 98548.0
29.27 70788.0
29.38 102712.0
29.49 86056.0
29.60 68012.0
29.70 59684.0
29.81 61072.0
29.91 79116.0
30.03 86056.0
30.14 87444.0
30.25 97160.0
30.36 91608.0
30.46 47192.0
30.57 106876.0
30.67 58296.0
30.78 56908.0
30.88 73564.0
31.00 87444.0
31.11 92996.0
31.21 95772.0
31.32 81892.0
31.42 43028.0
31.53 77728.0
31.63 92996.0
31.74 92996.0
31.85 88832.0
31.95 81892.0
32.06 80504.0
32.16 70788.0
32.27 73564.0
32.38 94384.0
32.49 95772.0
32.60 98548.0
32.70 90220.0
32.81 94384.0
32.91 81892.0
33.02 91608.0
33.13 92996.0
33.24 61072.0
33.35 59684.0
33.45 65236.0
33.56 63848.0
33.66 61072.0
33.77 52744.0
33.88 58296.0
33.99 79116.0
34.10 66624.0
34.20 27760.0
34.31 36088.0
34.41 33312.0
34.52 29148.0
34.63 40252.0
34.74 55520.0
34.85 54132.0
34.95 70788.0
35.06 66624.0
35.16 41640.0
35.27 54132.0
35.38 38864.0
35.49 61072.0
35.60 80504.0
35.70 72176.0
35.81 95772.0
35.91 54132.0
36.02 55520.0
36.13 97160.0
36.24 74952.0
36.35 59684.0
36.45 58296.0
36.56 104100.0
36.66 65236.0
36.77 83280.0
36.88 91608.0
36.99 45804.0
37.10 56908.0
37.20 55520.0
37.31 88832.0
37.41 61072.0
37.52 98548.0
37.63 105488.0
37.74 94384.0
37.85 86056.0
37.95 86056.0
38.06 99936.0
38.16 94384.0
38.27 92996.0
38.38 90220.0
38.49 94384.0
38.60 104100.0
38.70 92996.0
38.81 59684.0
38.91 45804.0
39.02 63848.0
39.14 68012.0
39.25 77728.0
39.36 87444.0
39.46 66624.0
39.57 63848.0
39.67 56908.0
39.78 86056.0
39.88 77728.0
39.99 94384.0
40.10 87444.0
40.20 98548.0
40.31 74952.0
40.41 73564.0
40.52 102712.0
40.63 48580.0
40.75 41640.0
40.86 47192.0
40.96 56908.0
41.07 84668.0
41.17 87444.0
41.28 99936.0
41.38 70788.0
41.49 66624.0
41.60 83280.0
41.70 55520.0
41.81 63848.0
41.91 55520.0
42.02 63848.0
42.13 54132.0
42.24 56908.0
42.35 63848.0
42.45 56908.0
42.56 38864.0
42.66 26372.0
42.77 45804.0
42.89 66624.0
43.00 63848.0
43.11 73564.0
43.21 59684.0
43.32 81892.0
43.42 55520.0
43.53 66624.0
43.63 62460.0
43.74 76340.0
43.85 69400.0
43.95 56908.0
44.06 76340.0
44.16 45804.0
44.27 62460.0
44.38 47192.0
44.49 34700.0
44.60 33312.0
44.70 45804.0
44.81 73564.0
44.92 61072.0
45.03 63848.0
45.13 73564.0
45.24 86056.0
45.35 76340.0
45.45 88832.0
45.56 101324.0
45.67 65236.0
45.78 98548.0
45.88 91608.0
45.99 95772.0
46.10 84668.0
46.21 81892.0
46.32 31924.0
46.42 36088.0
46.53 54132.0
46.63 77728.0
46.74 87444.0
46.85 47192.0
46.95 72176.0
47.06 99936.0
47.16 88832.0
47.27 81892.0
47.38 69400.0
47.49 62460.0
47.60 83280.0
47.70 81892.0
47.82 104100.0
47.92 88832.0
48.03 97160.0
48.13 48580.0
48.24 58296.0
48.36 49968.0
48.46 63848.0
48.57 111040.0
48.67 79116.0
48.78 90220.0
48.88 94384.0
48.99 88832.0
49.10 91608.0
49.20 77728.0
49.31 94384.0
49.41 95772.0
49.52 122144.0
49.63 109652.0
49.74 111040.0
49.85 83280.0
49.95 72176.0
50.06 49968.0
50.17 45804.0
50.28 94384.0
50.38 86056.0
50.49 77728.0
50.60 106876.0
50.70 92996.0
50.82 94384.0
50.92 86056.0
51.03 97160.0
51.13 61072.0
51.24 62460.0
51.35 48580.0
51.45 86056.0
51.56 104100.0
51.66 94384.0
51.77 88832.0
51.88 40252.0
51.99 40252.0
52.11 45804.0
52.21 44416.0
52.32 47192.0
52.42 98548.0
52.53 69400.0
52.63 51356.0
52.74 99936.0
52.85 92996.0
52.95 87444.0
53.07 95772.0
53.17 83280.0
53.28 92996.0
53.38 83280.0
53.49 81892.0
53.60 111040.0
53.70 56908.0
53.81 45804.0
53.91 38864.0
54.03 63848.0
54.13 88832.0
54.24 92996.0
54.35 84668.0
54.45 94384.0
54.56 86056.0
54.66 95772.0
54.77 90220.0
54.88 94384.0
54.99 92996.0
55.10 101324.0
55.20 77728.0
55.31 92996.0
55.41 72176.0
55.52 79116.0
55.63 44416.0
55.74 43028.0
55.85 44416.0
55.96 41640.0
56.08 106876.0
56.19 87444.0
56.31 90220.0
56.41 87444.0
56.52 69400.0
56.63 76340.0
56.75 84668.0
56.86 68012.0
56.96 58296.0
57.07 87444.0
57.17 91608.0
57.28 73564.0
57.39 43028.0
57.51 44416.0
57.63 37476.0
57.75 36088.0
57.87 44416.0
57.97 68012.0
58.08 73564.0
58.18 44416.0
58.29 63848.0
58.39 45804.0
58.50 70788.0
58.61 69400.0
58.71 66624.0
58.83 66624.0
58.93 56908.0
59.04 68012.0
59.15 62460.0
59.27 48580.0
59.39 37476.0
59.51 40252.0
59.62 63848.0
59.72 69400.0
59.83 68012.0
59.93 58296.0
