0.13 41640.0
0.24 37476.0
0.35 37476.0
0.45 45804.0
0.56 56908.0
0.66 55520.0
0.77 62460.0
0.88 72176.0
0.99 54132.0
1.10 65236.0
1.20 47192.0
1.31 45804.0
1.42 47192.0
1.53 62460.0
1.64 62460.0
1.76 63848.0
1.87 52744.0
1.97 43028.0
2.08 56908.0
2.19 52744.0
2.30 61072.0
2.40 58296.0
2.51 59684.0
2.63 51356.0
2.74 45804.0
2.86 43028.0
2.96 41640.0
3.07 56908.0
3.17 54132.0
3.29 62460.0
3.40 49968.0
3.51 45804.0
3.62 51356.0
3.72 36088.0
3.83 55520.0
3.94 29148.0
4.05 27760.0
4.15 16656.0
4.26 22208.0
4.38 19432.0
4.49 24984.0
4.60 40252.0
4.70 37476.0
4.81 43028.0
4.91 36088.0
5.02 38864.0
5.14 40252.0
5.25 44416.0
5.36 27760.0
5.46 20820.0
5.57 30536.0
5.67 24984.0
5.78 43028.0
5.88 27760.0
5.99 30536.0
6.10 31924.0
6.20 33312.0
6.31 45804.0
6.41 29148.0
6.52 31924.0
6.63 29148.0
6.74 31924.0
6.85 31924.0
6.95 43028.0
7.06 47192.0
7.16 48580.0
7.27 56908.0
7.39 43028.0
7.50 31924.0
7.61 48580.0
7.71 40252.0
7.82 43028.0
7.92 51356.0
8.03 45804.0
8.13 72176.0
8.24 61072.0
8.35 61072.0
8.45 45804.0
8.56 44416.0
8.66 33312.0
8.77 45804.0
8.88 41640.0
9.00 43028.0
9.11 38864.0
9.21 37476.0
9.32 36088.0
9.42 44416.0
9.53 51356.0
9.63 45804.0
9.74 47192.0
9.85 51356.0
9.96 45804.0
10.07 43028.0
10.17 40252.0
10.28 48580.0
10.38 36088.0
10.49 34700.0
10.60 37476.0
10.70 54132.0
10.81 49968.0
10.91 43028.0
11.02 48580.0
11.13 49968.0
11.24 51356.0
11.35 52744.0
11.45 52744.0
11.56 48580.0
11.66 49968.0
11.77 44416.0
11.88 51356.0
11.99 56908.0
12.11 65236.0
12.21 49968.0
12.33 56908.0
12.43 56908.0
12.54 54132.0
12.64 59684.0
12.75 55520.0
12.86 63848.0
12.96 47192.0
13.07 51356.0
13.17 51356.0
13.28 56908.0
13.38 45804.0
13.49 48580.0
13.60 54132.0
13.70 56908.0
13.81 45804.0
13.91 40252.0
14.02 30536.0
14.13 29148.0
14.24 47192.0
14.35 56908.0
14.45 44416.0
14.56 56908.0
14.66 62460.0
14.77 55520.0
14.88 54132.0
14.99 45804.0
15.10 52744.0
15.20 59684.0
15.31 62460.0
15.41 51356.0
15.52 43028.0
15.63 41640.0
15.74 49968.0
15.86 40252.0
15.96 30536.0
16.07 47192.0
16.17 36088.0
16.28 44416.0
16.38 37476.0
16.49 45804.0
16.60 48580.0
16.70 38864.0
16.81 47192.0
16.91 49968.0
17.02 49968.0
17.14 54132.0
17.25 54132.0
17.36 45804.0
17.46 52744.0
17.57 47192.0
17.67 43028.0
17.78 43028.0
17.88 52744.0
17.99 56908.0
18.10 47192.0
18.20 36088.0
18.31 45804.0
18.41 45804.0
18.52 49968.0
18.64 54132.0
18.75 52744.0
18.86 58296.0
18.96 66624.0
19.07 62460.0
19.17 54132.0
19.28 59684.0
19.38 47192.0
19.49 59684.0
19.60 68012.0
19.71 68012.0
19.82 83280.0
19.93 76340.0
20.04 99936.0
20.14 66624.0
20.26 72176.0
20.37 79116.0
20.47 58296.0
20.58 56908.0
20.68 54132.0
20.79 40252.0
20.89 40252.0
21.00 37476.0
21.11 40252.0
21.21 43028.0
21.32 47192.0
21.42 34700.0
21.53 56908.0
21.63 48580.0
21.74 44416.0
21.85 54132.0
21.95 56908.0
22.06 77728.0
22.16 69400.0
22.27 86056.0
22.38 83280.0
22.50 66624.0
22.61 76340.0
22.71 56908.0
22.82 83280.0
22.92 70788.0
23.03 90220.0
23.13 72176.0
23.24 72176.0
23.35 84668.0
23.45 66624.0
23.56 97160.0
23.66 74952.0
23.77 77728.0
23.88 81892.0
23.99 68012.0
24.10 65236.0
24.20 73564.0
24.31 45804.0
24.41 51356.0
24.52 61072.0
24.63 63848.0
24.74 52744.0
24.85 62460.0
24.95 70788.0
25.06 86056.0
25.16 73564.0
25.27 111040.0
25.38 105488.0
25.49 95772.0
25.60 92996.0
25.70 68012.0
25.81 68012.0
25.91 74952.0
26.02 87444.0
26.13 76340.0
26.24 72176.0
26.35 87444.0
26.45 112428.0
26.56 105488.0
26.66 102712.0
26.77 124920.0
26.88 127696.0
26.99 95772.0
27.10 84668.0
27.20 63848.0
27.31 65236.0
27.41 68012.0
27.52 56908.0
27.63 51356.0
27.74 47192.0
27.85 52744.0
27.95 49968.0
28.06 72176.0
28.16 70788.0
28.27 99936.0
28.39 115204.0
28.50 91608.0
28.61 104100.0
28.71 81892.0
28.82 92996.0
28.92 68012.0
29.03 83280.0
29.13 61072.0
29.24 66624.0
29.35 86056.0
29.45 65236.0
29.56 91608.0
29.66 86056.0
29.77 90220.0
29.88 102712.0
29.99 76340.0
30.10 63848.0
30.20 63848.0
30.31 65236.0
30.41 95772.0
30.52 92996.0
30.63 87444.0
30.74 79116.0
30.85 91608.0
30.95 74952.0
31.06 81892.0
31.17 70788.0
31.28 59684.0
31.38 51356.0
31.49 38864.0
31.60 63848.0
31.70 47192.0
31.81 66624.0
31.92 36088.0
32.03 61072.0
32.13 38864.0
32.24 48580.0
32.35 62460.0
32.45 86056.0
32.56 84668.0
32.66 77728.0
32.77 58296.0
32.88 48580.0
32.99 54132.0
33.10 54132.0
33.20 61072.0
33.31 69400.0
33.41 70788.0
33.52 72176.0
33.63 83280.0
33.74 87444.0
33.85 66624.0
33.95 48580.0
34.06 58296.0
34.16 56908.0
34.27 51356.0
34.39 54132.0
34.50 59684.0
34.61 49968.0
34.71 51356.0
34.82 56908.0
34.92 51356.0
35.03 69400.0
35.13 58296.0
35.24 51356.0
35.35 56908.0
35.45 58296.0
35.56 61072.0
35.66 59684.0
35.77 61072.0
35.88 62460.0
35.99 62460.0
36.10 58296.0
36.20 61072.0
36.31 84668.0
36.41 70788.0
36.52 87444.0
36.63 97160.0
36.74 55520.0
36.85 52744.0
36.96 49968.0
37.07 74952.0
37.17 83280.0
37.28 62460.0
37.38 61072.0
37.49 68012.0
37.60 68012.0
37.71 72176.0
37.82 74952.0
37.92 83280.0
38.04 77728.0
38.14 59684.0
38.25 49968.0
38.36 54132.0
38.46 54132.0
38.57 47192.0
38.67 74952.0
38.78 49968.0
38.88 41640.0
38.99 38864.0
39.10 33312.0
39.20 30536.0
39.31 45804.0
39.41 62460.0
39.52 56908.0
39.63 70788.0
39.74 69400.0
39.85 49968.0
39.95 52744.0
40.06 52744.0
40.16 43028.0
40.27 51356.0
40.38 65236.0
40.49 45804.0
40.60 59684.0
40.70 69400.0
40.81 84668.0
40.91 54132.0
41.02 68012.0
41.13 74952.0
41.24 54132.0
41.35 62460.0
41.45 47192.0
41.56 59684.0
41.67 43028.0
41.78 34700.0
41.88 55520.0
41.99 31924.0
42.10 51356.0
42.20 48580.0
42.31 52744.0
42.41 38864.0
42.52 52744.0
42.63 51356.0
42.75 51356.0
42.86 40252.0
42.97 40252.0
43.08 37476.0
43.18 40252.0
43.29 47192.0
43.39 40252.0
43.50 54132.0
43.61 51356.0
43.72 47192.0
43.83 76340.0
43.93 54132.0
44.04 70788.0
44.14 48580.0
44.25 76340.0
44.36 69400.0
44.46 79116.0
44.57 77728.0
44.67 74952.0
44.78 84668.0
44.88 47192.0
44.99 44416.0
45.10 52744.0
45.20 29148.0
45.31 27760.0
45.41 27760.0
45.52 30536.0
45.63 36088.0
45.74 29148.0
45.85 26372.0
45.96 24984.0
46.07 27760.0
46.17 26372.0
46.29 31924.0
46.39 22208.0
46.50 23596.0
46.62 29148.0
46.72 30536.0
46.83 31924.0
46.93 27760.0
47.05 20820.0
47.15 19432.0
47.26 22208.0
47.37 36088.0
47.47 41640.0
47.60 33312.0
47.70 38864.0
47.81 54132.0
47.91 48580.0
48.02 80504.0
48.13 62460.0
48.24 63848.0
48.35 56908.0
48.45 44416.0
48.56 30536.0
48.66 47192.0
48.77 52744.0
48.88 51356.0
48.99 44416.0
49.10 44416.0
49.20 23596.0
49.31 33312.0
49.41 49968.0
49.52 40252.0
49.63 33312.0
49.74 33312.0
49.85 33312.0
49.95 31924.0
50.06 61072.0
50.16 55520.0
50.27 52744.0
50.38 52744.0
50.49 45804.0
50.60 37476.0
50.70 31924.0
50.81 30536.0
50.91 31924.0
51.02 40252.0
51.13 37476.0
51.24 36088.0
51.35 45804.0
51.45 54132.0
51.56 44416.0
51.66 31924.0
51.77 48580.0
51.88 44416.0
51.99 37476.0
52.10 26372.0
52.20 40252.0
52.31 49968.0
52.41 26372.0
52.52 27760.0
52.63 22208.0
52.74 29148.0
52.85 27760.0
52.95 41640.0
53.06 44416.0
53.16 47192.0
53.27 55520.0
53.38 56908.0
53.49 40252.0
53.60 51356.0
53.70 44416.0
53.81 56908.0
53.91 55520.0
54.02 48580.0
54.13 37476.0
54.24 61072.0
54.35 48580.0
54.45 48580.0
54.56 30536.0
54.66 40252.0
54.77 26372.0
54.88 19432.0
54.99 34700.0
55.10 49968.0
55.20 37476.0
55.31 36088.0
55.42 41640.0
55.53 48580.0
55.63 37476.0
55.74 49968.0
55.85 51356.0
55.95 63848.0
56.06 56908.0
56.16 48580.0
56.27 55520.0
56.38 56908.0
56.49 51356.0
56.60 47192.0
56.70 43028.0
56.81 58296.0
56.91 45804.0
57.02 56908.0
57.13 55520.0
57.24 69400.0
57.35 81892.0
57.45 76340.0
57.56 76340.0
57.66 68012.0
57.77 79116.0
57.88 61072.0
57.99 47192.0
58.10 55520.0
58.20 43028.0
58.31 45804.0
58.41 38864.0
58.52 45804.0
58.63 68012.0
58.74 59684.0
58.85 52744.0
58.95 51356.0
59.06 59684.0
59.16 54132.0
59.27 59684.0
59.38 48580.0
59.49 49968.0
59.60 49968.0
59.70 33312.0
59.81 41640.0
59.91 38864.0
