0.13 51356.0
0.24 61072.0
0.35 77728.0
0.45 55520.0
0.57 79116.0
0.67 81892.0
0.78 74952.0
0.88 62460.0
0.99 59684.0
1.10 62460.0
1.20 38864.0
1.31 47192.0
1.41 33312.0
1.52 33312.0
1.63 30536.0
1.75 26372.0
1.86 41640.0
1.96 49968.0
2.07 45804.0
2.18 36088.0
2.29 23596.0
2.39 34700.0
2.50 37476.0
2.61 30536.0
2.71 31924.0
2.83 27760.0
2.93 24984.0
3.04 26372.0
3.14 23596.0
3.26 19432.0
3.37 38864.0
3.47 33312.0
3.58 33312.0
3.68 43028.0
3.80 38864.0
3.90 38864.0
4.01 51356.0
4.12 80504.0
4.22 55520.0
4.33 47192.0
4.43 48580.0
4.54 45804.0
4.64 47192.0
4.75 51356.0
4.86 58296.0
4.96 30536.0
5.07 47192.0
5.18 36088.0
5.30 65236.0
5.40 58296.0
5.51 68012.0
5.62 70788.0
5.72 59684.0
5.84 72176.0
5.94 68012.0
6.06 79116.0
6.16 72176.0
6.27 76340.0
6.38 76340.0
6.49 72176.0
6.60 74952.0
6.70 58296.0
6.81 74952.0
6.92 65236.0
7.03 62460.0
7.14 43028.0
7.25 55520.0
7.36 62460.0
7.46 40252.0
7.57 59684.0
7.67 51356.0
7.78 61072.0
7.88 55520.0
7.99 47192.0
8.10 63848.0
8.20 51356.0
8.31 48580.0
8.41 56908.0
8.52 65236.0
8.63 61072.0
8.74 62460.0
8.85 56908.0
8.95 52744.0
9.06 44416.0
9.16 36088.0
9.27 47192.0
9.38 62460.0
9.49 52744.0
9.60 69400.0
9.70 61072.0
9.81 55520.0
9.91 47192.0
10.02 58296.0
10.13 56908.0
10.24 33312.0
10.35 36088.0
10.45 47192.0
10.57 56908.0
10.67 59684.0
10.78 56908.0
10.88 52744.0
10.99 33312.0
11.10 43028.0
11.20 45804.0
11.32 70788.0
11.42 61072.0
11.53 55520.0
11.64 54132.0
11.76 59684.0
11.87 66624.0
11.97 48580.0
12.08 55520.0
12.18 61072.0
12.29 59684.0
12.39 63848.0
12.50 66624.0
12.61 65236.0
12.71 63848.0
12.82 69400.0
12.92 56908.0
13.03 62460.0
13.13 55520.0
13.24 47192.0
13.35 56908.0
13.45 52744.0
13.56 62460.0
13.66 48580.0
13.77 68012.0
13.88 55520.0
13.99 68012.0
14.10 66624.0
14.20 51356.0
14.31 61072.0
14.41 55520.0
14.52 62460.0
14.63 41640.0
14.74 61072.0
14.85 68012.0
14.96 58296.0
15.07 61072.0
15.17 52744.0
15.28 56908.0
15.38 45804.0
15.49 61072.0
15.60 72176.0
15.71 47192.0
15.82 54132.0
15.92 62460.0
16.04 58296.0
16.14 63848.0
16.25 44416.0
16.36 72176.0
16.46 55520.0
16.57 58296.0
16.68 55520.0
16.79 66624.0
16.90 44416.0
17.01 41640.0
17.12 40252.0
17.22 48580.0
17.33 54132.0
17.43 38864.0
17.54 65236.0
17.64 56908.0
17.75 70788.0
17.86 65236.0
17.96 61072.0
18.07 58296.0
18.17 58296.0
18.28 56908.0
18.38 44416.0
18.49 51356.0
18.60 55520.0
18.70 58296.0
18.81 59684.0
18.91 47192.0
19.02 54132.0
19.13 51356.0
19.24 62460.0
19.35 65236.0
19.45 66624.0
19.56 65236.0
19.66 63848.0
19.77 65236.0
19.89 62460.0
20.00 73564.0
20.11 51356.0
20.21 62460.0
20.32 65236.0
20.42 48580.0
20.53 73564.0
20.63 74952.0
20.74 76340.0
20.85 73564.0
20.95 72176.0
21.06 74952.0
21.16 59684.0
21.27 69400.0
21.38 77728.0
21.49 65236.0
21.60 72176.0
21.70 70788.0
21.81 73564.0
21.91 62460.0
22.02 79116.0
22.13 70788.0
22.24 74952.0
22.35 65236.0
22.45 65236.0
22.56 62460.0
22.66 61072.0
22.77 79116.0
22.88 69400.0
22.99 72176.0
23.10 70788.0
23.20 72176.0
23.31 63848.0
23.41 54132.0
23.52 69400.0
23.63 65236.0
23.74 72176.0
23.85 72176.0
23.95 62460.0
24.06 77728.0
24.16 59684.0
24.27 68012.0
24.39 58296.0
24.50 58296.0
24.61 62460.0
24.72 63848.0
24.83 63848.0
24.93 59684.0
25.04 83280.0
25.14 62460.0
25.25 74952.0
25.36 66624.0
25.46 70788.0
25.58 88832.0
25.68 63848.0
25.79 70788.0
25.89 79116.0
26.00 66624.0
26.11 68012.0
26.21 59684.0
26.32 62460.0
26.42 56908.0
26.53 51356.0
26.63 51356.0
26.74 76340.0
26.85 56908.0
26.95 59684.0
27.06 72176.0
27.16 54132.0
27.27 58296.0
27.38 68012.0
27.49 58296.0
27.60 55520.0
27.71 29148.0
27.82 55520.0
27.92 38864.0
28.03 45804.0
28.13 56908.0
28.24 77728.0
28.35 73564.0
28.45 55520.0
28.56 68012.0
28.66 54132.0
28.77 70788.0
28.88 63848.0
28.99 63848.0
29.10 72176.0
29.21 66624.0
29.32 54132.0
29.42 62460.0
29.53 61072.0
29.64 56908.0
29.75 63848.0
29.86 68012.0
29.96 65236.0
30.07 62460.0
30.17 59684.0
30.28 59684.0
30.38 68012.0
30.49 80504.0
30.60 70788.0
30.70 58296.0
30.82 66624.0
30.92 72176.0
31.03 62460.0
31.14 52744.0
31.25 55520.0
31.36 61072.0
31.46 43028.0
31.57 59684.0
31.67 56908.0
31.78 62460.0
31.88 48580.0
31.99 59684.0
32.10 59684.0
32.20 45804.0
32.31 56908.0
32.42 62460.0
32.53 65236.0
32.63 52744.0
32.74 56908.0
32.85 52744.0
32.95 56908.0
33.06 61072.0
33.16 52744.0
33.28 58296.0
33.38 61072.0
33.49 44416.0
33.60 62460.0
33.70 66624.0
33.81 63848.0
33.91 74952.0
34.02 69400.0
34.13 63848.0
34.24 47192.0
34.35 44416.0
34.45 55520.0
34.56 69400.0
34.66 65236.0
34.77 49968.0
34.88 63848.0
35.00 52744.0
35.11 47192.0
35.21 29148.0
35.32 22208.0
35.42 26372.0
35.53 26372.0
35.63 27760.0
35.74 29148.0
35.85 29148.0
35.95 34700.0
36.06 37476.0
36.16 23596.0
36.27 47192.0
36.38 36088.0
36.50 33312.0
36.61 36088.0
36.71 34700.0
36.82 33312.0
36.93 48580.0
37.04 65236.0
37.14 52744.0
37.25 56908.0
37.36 52744.0
37.46 61072.0
37.58 27760.0
37.68 30536.0
37.79 27760.0
37.89 34700.0
38.00 29148.0
38.11 27760.0
38.21 29148.0
38.32 27760.0
38.44 19432.0
38.56 27760.0
38.66 22208.0
38.77 29148.0
38.88 45804.0
38.99 40252.0
39.10 27760.0
39.20 27760.0
39.31 48580.0
39.41 58296.0
39.53 47192.0
39.63 59684.0
39.74 56908.0
39.85 37476.0
39.95 33312.0
40.06 51356.0
40.16 72176.0
40.27 74952.0
40.38 73564.0
40.49 68012.0
40.60 79116.0
40.70 74952.0
40.81 86056.0
40.92 77728.0
41.03 76340.0
41.13 73564.0
41.25 84668.0
41.36 77728.0
41.46 62460.0
41.58 72176.0
41.68 69400.0
41.79 69400.0
41.89 62460.0
42.00 70788.0
42.11 63848.0
42.21 66624.0
42.32 69400.0
42.42 68012.0
42.53 72176.0
42.64 79116.0
42.75 77728.0
42.86 77728.0
42.96 47192.0
43.07 72176.0
43.17 58296.0
43.28 63848.0
43.38 54132.0
43.49 63848.0
43.60 63848.0
43.70 68012.0
43.81 59684.0
43.91 74952.0
44.02 81892.0
44.13 74952.0
44.24 69400.0
44.35 72176.0
44.45 63848.0
44.56 48580.0
44.66 36088.0
44.77 76340.0
44.89 69400.0
45.00 54132.0
45.11 56908.0
45.21 59684.0
45.32 63848.0
45.42 79116.0
45.53 72176.0
45.63 66624.0
45.74 74952.0
45.85 94384.0
45.95 81892.0
46.06 84668.0
46.16 68012.0
46.27 91608.0
46.38 86056.0
46.49 72176.0
46.60 76340.0
46.70 72176.0
46.81 87444.0
46.91 74952.0
47.02 79116.0
47.14 70788.0
47.25 80504.0
47.36 73564.0
47.46 70788.0
47.57 77728.0
47.67 74952.0
47.78 59684.0
47.88 80504.0
47.99 62460.0
48.10 70788.0
48.20 65236.0
48.31 69400.0
48.41 70788.0
48.52 69400.0
48.63 76340.0
48.74 70788.0
48.85 83280.0
48.95 62460.0
49.06 54132.0
49.17 65236.0
49.28 90220.0
49.39 65236.0
49.50 72176.0
49.61 72176.0
49.71 69400.0
49.82 66624.0
49.92 55520.0
50.03 73564.0
50.13 51356.0
50.24 66624.0
50.35 68012.0
50.45 59684.0
50.56 73564.0
50.66 59684.0
50.77 68012.0
50.88 72176.0
50.99 70788.0
51.10 63848.0
51.20 62460.0
51.31 72176.0
51.41 66624.0
51.52 87444.0
51.63 79116.0
51.74 74952.0
51.85 58296.0
51.95 81892.0
52.06 77728.0
52.16 73564.0
52.27 63848.0
52.38 65236.0
52.49 81892.0
52.60 86056.0
52.70 68012.0
52.81 74952.0
52.91 80504.0
53.03 81892.0
53.13 87444.0
53.24 72176.0
53.35 84668.0
53.45 73564.0
53.57 62460.0
53.67 58296.0
53.78 55520.0
53.89 51356.0
54.00 77728.0
54.11 68012.0
54.21 58296.0
54.32 49968.0
54.42 61072.0
54.53 70788.0
54.63 47192.0
54.74 73564.0
54.85 69400.0
54.96 65236.0
55.07 68012.0
55.17 59684.0
55.28 73564.0
55.38 56908.0
55.50 27760.0
55.61 27760.0
55.71 19432.0
55.82 15268.0
55.93 27760.0
56.04 31924.0
56.14 31924.0
56.25 37476.0
56.36 18044.0
56.47 34700.0
56.58 52744.0
56.68 55520.0
56.79 59684.0
56.89 68012.0
57.00 59684.0
57.11 58296.0
57.21 68012.0
57.32 74952.0
57.42 70788.0
57.53 79116.0
57.63 66624.0
57.74 80504.0
57.85 80504.0
57.95 63848.0
58.06 74952.0
58.16 73564.0
58.27 68012.0
58.38 56908.0
58.49 70788.0
58.60 69400.0
58.70 48580.0
58.81 68012.0
58.91 63848.0
59.02 65236.0
59.13 81892.0
59.24 69400.0
59.35 69400.0
59.45 63848.0
59.56 68012.0
59.66 65236.0
59.77 80504.0
59.88 70788.0
59.99 66624.0
