0.10 50995.20
0.20 50995.20
0.30 50995.20
0.40 50995.20
0.50 50995.20
0.60 50995.20
0.70 50995.20
0.80 50995.20
0.90 50995.20
1.00 50995.20
1.10 46694.40
1.20 46694.40
1.30 46694.40
1.40 46694.40
1.50 46694.40
1.60 46694.40
1.70 46694.40
1.80 46694.40
1.90 46694.40
2.00 46694.40
2.10 46489.60
2.20 46489.60
2.30 46489.60
2.40 46489.60
2.50 46489.60
2.60 46489.60
2.70 46489.60
2.80 46489.60
2.90 46489.60
3.00 46489.60
3.10 54784.00
3.20 54784.00
3.30 54784.00
3.40 54784.00
3.50 54784.00
3.60 54784.00
3.70 54784.00
3.80 54784.00
3.90 54784.00
4.00 54784.00
4.10 60211.20
4.20 60211.20
4.30 60211.20
4.40 60211.20
4.50 60211.20
4.60 60211.20
4.70 60211.20
4.80 60211.20
4.90 60211.20
5.00 60211.20
5.10 61337.60
5.20 61337.60
5.30 61337.60
5.40 61337.60
5.50 61337.60
5.60 61337.60
5.70 61337.60
5.80 61337.60
5.90 61337.60
6.00 61337.60
6.10 59596.80
6.20 59596.80
6.30 59596.80
6.40 59596.80
6.50 59596.80
6.60 59596.80
6.70 59596.80
6.80 59596.80
6.90 59596.80
7.00 59596.80
7.10 57446.40
7.20 57446.40
7.30 57446.40
7.40 57446.40
7.50 57446.40
7.60 57446.40
7.70 57446.40
7.80 57446.40
7.90 57446.40
8.00 57446.40
8.10 48435.20
8.20 48435.20
8.30 48435.20
8.40 48435.20
8.50 48435.20
8.60 48435.20
8.70 48435.20
8.80 48435.20
8.90 48435.20
9.00 48435.20
9.10 44544.00
9.20 44544.00
9.30 44544.00
9.40 44544.00
9.50 44544.00
9.60 44544.00
9.70 44544.00
9.80 44544.00
9.90 44544.00
10.00 44544.00
