0.10 60416.00
0.20 60416.00
0.30 60416.00
0.40 60416.00
0.50 60416.00
0.60 60416.00
0.70 60416.00
0.80 60416.00
0.90 60416.00
1.00 60416.00
1.10 50483.20
1.20 50483.20
1.30 50483.20
1.40 50483.20
1.50 50483.20
1.60 50483.20
1.70 50483.20
1.80 50483.20
1.90 50483.20
2.00 50483.20
2.10 46284.80
2.20 46284.80
2.30 46284.80
2.40 46284.80
2.50 46284.80
2.60 46284.80
2.70 46284.80
2.80 46284.80
2.90 46284.80
3.00 46284.80
3.10 56729.60
3.20 56729.60
3.30 56729.60
3.40 56729.60
3.50 56729.60
3.60 56729.60
3.70 56729.60
3.80 56729.60
3.90 56729.60
4.00 56729.60
4.10 58777.60
4.20 58777.60
4.30 58777.60
4.40 58777.60
4.50 58777.60
4.60 58777.60
4.70 58777.60
4.80 58777.60
4.90 58777.60
5.00 58777.60
5.10 38707.20
5.20 38707.20
5.30 38707.20
5.40 38707.20
5.50 38707.20
5.60 38707.20
5.70 38707.20
5.80 38707.20
5.90 38707.20
6.00 38707.20
6.10 61542.40
6.20 61542.40
6.30 61542.40
6.40 61542.40
6.50 61542.40
6.60 61542.40
6.70 61542.40
6.80 61542.40
6.90 61542.40
7.00 61542.40
7.10 64204.80
7.20 64204.80
7.30 64204.80
7.40 64204.80
7.50 64204.80
7.60 64204.80
7.70 64204.80
7.80 64204.80
7.90 64204.80
8.00 64204.80
8.10 66048.00
8.20 66048.00
8.30 66048.00
8.40 66048.00
8.50 66048.00
8.60 66048.00
8.70 66048.00
8.80 66048.00
8.90 66048.00
9.00 66048.00
9.10 60211.20
9.20 60211.20
9.30 60211.20
9.40 60211.20
9.50 60211.20
9.60 60211.20
9.70 60211.20
9.80 60211.20
9.90 60211.20
10.00 60211.20
