0.10 109875.20
0.20 109875.20
0.30 109875.20
0.40 109875.20
0.50 109875.20
0.60 109875.20
0.70 109875.20
0.80 109875.20
0.90 109875.20
1.00 109875.20
1.10 65638.40
1.20 65638.40
1.30 65638.40
1.40 65638.40
1.50 65638.40
1.60 65638.40
1.70 65638.40
1.80 65638.40
1.90 65638.40
2.00 65638.40
2.10 60416.00
2.20 60416.00
2.30 60416.00
2.40 60416.00
2.50 60416.00
2.60 60416.00
2.70 60416.00
2.80 60416.00
2.90 60416.00
3.00 60416.00
3.10 60006.40
3.20 60006.40
3.30 60006.40
3.40 60006.40
3.50 60006.40
3.60 60006.40
3.70 60006.40
3.80 60006.40
3.90 60006.40
4.00 60006.40
4.10 61337.60
4.20 61337.60
4.30 61337.60
4.40 61337.60
4.50 61337.60
4.60 61337.60
4.70 61337.60
4.80 61337.60
4.90 61337.60
5.00 61337.60
5.10 40448.00
5.20 40448.00
5.30 40448.00
5.40 40448.00
5.50 40448.00
5.60 40448.00
5.70 40448.00
5.80 40448.00
5.90 40448.00
6.00 40448.00
6.10 15667.20
6.20 15667.20
6.30 15667.20
6.40 15667.20
6.50 15667.20
6.60 15667.20
6.70 15667.20
6.80 15667.20
6.90 15667.20
7.00 15667.20
7.10 84172.80
7.20 84172.80
7.30 84172.80
7.40 84172.80
7.50 84172.80
7.60 84172.80
7.70 84172.80
7.80 84172.80
7.90 84172.80
8.00 84172.80
8.10 71884.80
8.20 71884.80
8.30 71884.80
8.40 71884.80
8.50 71884.80
8.60 71884.80
8.70 71884.80
8.80 71884.80
8.90 71884.80
9.00 71884.80
9.10 67276.80
9.20 67276.80
9.30 67276.80
9.40 67276.80
9.50 67276.80
9.60 67276.80
9.70 67276.80
9.80 67276.80
9.90 67276.80
10.00 67276.80
