0.10 57241.60
0.20 57241.60
0.30 57241.60
0.40 57241.60
0.50 57241.60
0.60 57241.60
0.70 57241.60
0.80 57241.60
0.90 57241.60
1.00 57241.60
1.10 18124.80
1.20 18124.80
1.30 18124.80
1.40 18124.80
1.50 18124.80
1.60 18124.80
1.70 18124.80
1.80 18124.80
1.90 18124.80
2.00 18124.80
2.10 102502.40
2.20 102502.40
2.30 102502.40
2.40 102502.40
2.50 102502.40
2.60 102502.40
2.70 102502.40
2.80 102502.40
2.90 102502.40
3.00 102502.40
3.10 52940.80
3.20 52940.80
3.30 52940.80
3.40 52940.80
3.50 52940.80
3.60 52940.80
3.70 52940.80
3.80 52940.80
3.90 52940.80
4.00 52940.80
4.10 53248.00
4.20 53248.00
4.30 53248.00
4.40 53248.00
4.50 53248.00
4.60 53248.00
4.70 53248.00
4.80 53248.00
4.90 53248.00
5.00 53248.00
5.10 50995.20
5.20 50995.20
5.30 50995.20
5.40 50995.20
5.50 50995.20
5.60 50995.20
5.70 50995.20
5.80 50995.20
5.90 50995.20
6.00 50995.20
6.10 26009.60
6.20 26009.60
6.30 26009.60
6.40 26009.60
6.50 26009.60
6.60 26009.60
6.70 26009.60
6.80 26009.60
6.90 26009.60
7.00 26009.60
7.10 78540.80
7.20 78540.80
7.30 78540.80
7.40 78540.80
7.50 78540.80
7.60 78540.80
7.70 78540.80
7.80 78540.80
7.90 78540.80
8.00 78540.80
8.10 54374.40
8.20 54374.40
8.30 54374.40
8.40 54374.40
8.50 54374.40
8.60 54374.40
8.70 54374.40
8.80 54374.40
8.90 54374.40
9.00 54374.40
9.10 52838.40
9.20 52838.40
9.30 52838.40
9.40 52838.40
9.50 52838.40
9.60 52838.40
9.70 52838.40
9.80 52838.40
9.90 52838.40
10.00 52838.40
