0.10 68608.00
0.20 68608.00
0.30 68608.00
0.40 68608.00
0.50 68608.00
0.60 68608.00
0.70 68608.00
0.80 68608.00
0.90 68608.00
1.00 68608.00
1.10 70041.60
1.20 70041.60
1.30 70041.60
1.40 70041.60
1.50 70041.60
1.60 70041.60
1.70 70041.60
1.80 70041.60
1.90 70041.60
2.00 70041.60
2.10 68505.60
2.20 68505.60
2.30 68505.60
2.40 68505.60
2.50 68505.60
2.60 68505.60
2.70 68505.60
2.80 68505.60
2.90 68505.60
3.00 68505.60
3.10 28672.00
3.20 28672.00
3.30 28672.00
3.40 28672.00
3.50 28672.00
3.60 28672.00
3.70 28672.00
3.80 28672.00
3.90 28672.00
4.00 28672.00
4.10 65024.00
4.20 65024.00
4.30 65024.00
4.40 65024.00
4.50 65024.00
4.60 65024.00
4.70 65024.00
4.80 65024.00
4.90 65024.00
5.00 65024.00
5.10 44134.40
5.20 44134.40
5.30 44134.40
5.40 44134.40
5.50 44134.40
5.60 44134.40
5.70 44134.40
5.80 44134.40
5.90 44134.40
6.00 44134.40
6.10 40755.20
6.20 40755.20
6.30 40755.20
6.40 40755.20
6.50 40755.20
6.60 40755.20
6.70 40755.20
6.80 40755.20
6.90 40755.20
7.00 40755.20
7.10 46182.40
7.20 46182.40
7.30 46182.40
7.40 46182.40
7.50 46182.40
7.60 46182.40
7.70 46182.40
7.80 46182.40
7.90 46182.40
8.00 46182.40
8.10 71270.40
8.20 71270.40
8.30 71270.40
8.40 71270.40
8.50 71270.40
8.60 71270.40
8.70 71270.40
8.80 71270.40
8.90 71270.40
9.00 71270.40
9.10 59392.00
9.20 59392.00
9.30 59392.00
9.40 59392.00
9.50 59392.00
9.60 59392.00
9.70 59392.00
9.80 59392.00
9.90 59392.00
10.00 59392.00
