0.10 48947.20
0.20 48947.20
0.30 48947.20
0.40 48947.20
0.50 48947.20
0.60 48947.20
0.70 48947.20
0.80 48947.20
0.90 48947.20
1.00 48947.20
1.10 61849.60
1.20 61849.60
1.30 61849.60
1.40 61849.60
1.50 61849.60
1.60 61849.60
1.70 61849.60
1.80 61849.60
1.90 61849.60
2.00 61849.60
2.10 55500.80
2.20 55500.80
2.30 55500.80
2.40 55500.80
2.50 55500.80
2.60 55500.80
2.70 55500.80
2.80 55500.80
2.90 55500.80
3.00 55500.80
3.10 54169.60
3.20 54169.60
3.30 54169.60
3.40 54169.60
3.50 54169.60
3.60 54169.60
3.70 54169.60
3.80 54169.60
3.90 54169.60
4.00 54169.60
4.10 59801.60
4.20 59801.60
4.30 59801.60
4.40 59801.60
4.50 59801.60
4.60 59801.60
4.70 59801.60
4.80 59801.60
4.90 59801.60
5.00 59801.60
5.10 54784.00
5.20 54784.00
5.30 54784.00
5.40 54784.00
5.50 54784.00
5.60 54784.00
5.70 54784.00
5.80 54784.00
5.90 54784.00
6.00 54784.00
6.10 51712.00
6.20 51712.00
6.30 51712.00
6.40 51712.00
6.50 51712.00
6.60 51712.00
6.70 51712.00
6.80 51712.00
6.90 51712.00
7.00 51712.00
7.10 15360.00
7.20 15360.00
7.30 15360.00
7.40 15360.00
7.50 15360.00
7.60 15360.00
7.70 15360.00
7.80 15360.00
7.90 15360.00
8.00 15360.00
8.10 95027.20
8.20 95027.20
8.30 95027.20
8.40 95027.20
8.50 95027.20
8.60 95027.20
8.70 95027.20
8.80 95027.20
8.90 95027.20
9.00 95027.20
9.10 52326.40
9.20 52326.40
9.30 52326.40
9.40 52326.40
9.50 52326.40
9.60 52326.40
9.70 52326.40
9.80 52326.40
9.90 52326.40
10.00 52326.40
