0.10 66150.40
0.20 66150.40
0.30 66150.40
0.40 66150.40
0.50 66150.40
0.60 66150.40
0.70 66150.40
0.80 66150.40
0.90 66150.40
1.00 66150.40
1.10 62156.80
1.20 62156.80
1.30 62156.80
1.40 62156.80
1.50 62156.80
1.60 62156.80
1.70 62156.80
1.80 62156.80
1.90 62156.80
2.00 62156.80
2.10 61849.60
2.20 61849.60
2.30 61849.60
2.40 61849.60
2.50 61849.60
2.60 61849.60
2.70 61849.60
2.80 61849.60
2.90 61849.60
3.00 61849.60
3.10 58675.20
3.20 58675.20
3.30 58675.20
3.40 58675.20
3.50 58675.20
3.60 58675.20
3.70 58675.20
3.80 58675.20
3.90 58675.20
4.00 58675.20
4.10 54476.80
4.20 54476.80
4.30 54476.80
4.40 54476.80
4.50 54476.80
4.60 54476.80
4.70 54476.80
4.80 54476.80
4.90 54476.80
5.00 54476.80
5.10 67276.80
5.20 67276.80
5.30 67276.80
5.40 67276.80
5.50 67276.80
5.60 67276.80
5.70 67276.80
5.80 67276.80
5.90 67276.80
6.00 67276.80
6.10 68505.60
6.20 68505.60
6.30 68505.60
6.40 68505.60
6.50 68505.60
6.60 68505.60
6.70 68505.60
6.80 68505.60
6.90 68505.60
7.00 68505.60
7.10 73625.60
7.20 73625.60
7.30 73625.60
7.40 73625.60
7.50 73625.60
7.60 73625.60
7.70 73625.60
7.80 73625.60
7.90 73625.60
8.00 73625.60
8.10 73625.60
8.20 73625.60
8.30 73625.60
8.40 73625.60
8.50 73625.60
8.60 73625.60
8.70 73625.60
8.80 73625.60
8.90 73625.60
9.00 73625.60
9.10 56832.00
9.20 56832.00
9.30 56832.00
9.40 56832.00
9.50 56832.00
9.60 56832.00
9.70 56832.00
9.80 56832.00
9.90 56832.00
10.00 56832.00
