0.10 61747.20
0.20 61747.20
0.30 61747.20
0.40 61747.20
0.50 61747.20
0.60 61747.20
0.70 61747.20
0.80 61747.20
0.90 61747.20
1.00 61747.20
1.10 57241.60
1.20 57241.60
1.30 57241.60
1.40 57241.60
1.50 57241.60
1.60 57241.60
1.70 57241.60
1.80 57241.60
1.90 57241.60
2.00 57241.60
2.10 22528.00
2.20 22528.00
2.30 22528.00
2.40 22528.00
2.50 22528.00
2.60 22528.00
2.70 22528.00
2.80 22528.00
2.90 22528.00
3.00 22528.00
3.10 117145.60
3.20 117145.60
3.30 117145.60
3.40 117145.60
3.50 117145.60
3.60 117145.60
3.70 117145.60
3.80 117145.60
3.90 117145.60
4.00 117145.60
4.10 67686.40
4.20 67686.40
4.30 67686.40
4.40 67686.40
4.50 67686.40
4.60 67686.40
4.70 67686.40
4.80 67686.40
4.90 67686.40
5.00 67686.40
5.10 64614.40
5.20 64614.40
5.30 64614.40
5.40 64614.40
5.50 64614.40
5.60 64614.40
5.70 64614.40
5.80 64614.40
5.90 64614.40
6.00 64614.40
6.10 71884.80
6.20 71884.80
6.30 71884.80
6.40 71884.80
6.50 71884.80
6.60 71884.80
6.70 71884.80
6.80 71884.80
6.90 71884.80
7.00 71884.80
7.10 66560.00
7.20 66560.00
7.30 66560.00
7.40 66560.00
7.50 66560.00
7.60 66560.00
7.70 66560.00
7.80 66560.00
7.90 66560.00
8.00 66560.00
8.10 58777.60
8.20 58777.60
8.30 58777.60
8.40 58777.60
8.50 58777.60
8.60 58777.60
8.70 58777.60
8.80 58777.60
8.90 58777.60
9.00 58777.60
9.10 59392.00
9.20 59392.00
9.30 59392.00
9.40 59392.00
9.50 59392.00
9.60 59392.00
9.70 59392.00
9.80 59392.00
9.90 59392.00
10.00 59392.00
