0.10 66150.40
0.20 66150.40
0.30 66150.40
0.40 66150.40
0.50 66150.40
0.60 66150.40
0.70 66150.40
0.80 66150.40
0.90 66150.40
1.00 66150.40
1.10 58777.60
1.20 58777.60
1.30 58777.60
1.40 58777.60
1.50 58777.60
1.60 58777.60
1.70 58777.60
1.80 58777.60
1.90 58777.60
2.00 58777.60
2.10 58368.00
2.20 58368.00
2.30 58368.00
2.40 58368.00
2.50 58368.00
2.60 58368.00
2.70 58368.00
2.80 58368.00
2.90 58368.00
3.00 58368.00
3.10 58060.80
3.20 58060.80
3.30 58060.80
3.40 58060.80
3.50 58060.80
3.60 58060.80
3.70 58060.80
3.80 58060.80
3.90 58060.80
4.00 58060.80
4.10 53350.40
4.20 53350.40
4.30 53350.40
4.40 53350.40
4.50 53350.40
4.60 53350.40
4.70 53350.40
4.80 53350.40
4.90 53350.40
5.00 53350.40
5.10 50073.60
5.20 50073.60
5.30 50073.60
5.40 50073.60
5.50 50073.60
5.60 50073.60
5.70 50073.60
5.80 50073.60
5.90 50073.60
6.00 50073.60
6.10 52838.40
6.20 52838.40
6.30 52838.40
6.40 52838.40
6.50 52838.40
6.60 52838.40
6.70 52838.40
6.80 52838.40
6.90 52838.40
7.00 52838.40
7.10 53145.60
7.20 53145.60
7.30 53145.60
7.40 53145.60
7.50 53145.60
7.60 53145.60
7.70 53145.60
7.80 53145.60
7.90 53145.60
8.00 53145.60
8.10 54784.00
8.20 54784.00
8.30 54784.00
8.40 54784.00
8.50 54784.00
8.60 54784.00
8.70 54784.00
8.80 54784.00
8.90 54784.00
9.00 54784.00
9.10 56320.00
9.20 56320.00
9.30 56320.00
9.40 56320.00
9.50 56320.00
9.60 56320.00
9.70 56320.00
9.80 56320.00
9.90 56320.00
10.00 56320.00
