0.10 65024.00
0.20 65024.00
0.30 65024.00
0.40 65024.00
0.50 65024.00
0.60 65024.00
0.70 65024.00
0.80 65024.00
0.90 65024.00
1.00 65024.00
1.10 64512.00
1.20 64512.00
1.30 64512.00
1.40 64512.00
1.50 64512.00
1.60 64512.00
1.70 64512.00
1.80 64512.00
1.90 64512.00
2.00 64512.00
2.10 64307.20
2.20 64307.20
2.30 64307.20
2.40 64307.20
2.50 64307.20
2.60 64307.20
2.70 64307.20
2.80 64307.20
2.90 64307.20
3.00 64307.20
3.10 61747.20
3.20 61747.20
3.30 61747.20
3.40 61747.20
3.50 61747.20
3.60 61747.20
3.70 61747.20
3.80 61747.20
3.90 61747.20
4.00 61747.20
4.10 61849.60
4.20 61849.60
4.30 61849.60
4.40 61849.60
4.50 61849.60
4.60 61849.60
4.70 61849.60
4.80 61849.60
4.90 61849.60
5.00 61849.60
5.10 61542.40
5.20 61542.40
5.30 61542.40
5.40 61542.40
5.50 61542.40
5.60 61542.40
5.70 61542.40
5.80 61542.40
5.90 61542.40
6.00 61542.40
6.10 59392.00
6.20 59392.00
6.30 59392.00
6.40 59392.00
6.50 59392.00
6.60 59392.00
6.70 59392.00
6.80 59392.00
6.90 59392.00
7.00 59392.00
7.10 61849.60
7.20 61849.60
7.30 61849.60
7.40 61849.60
7.50 61849.60
7.60 61849.60
7.70 61849.60
7.80 61849.60
7.90 61849.60
8.00 61849.60
8.10 54681.60
8.20 54681.60
8.30 54681.60
8.40 54681.60
8.50 54681.60
8.60 54681.60
8.70 54681.60
8.80 54681.60
8.90 54681.60
9.00 54681.60
9.10 63078.40
9.20 63078.40
9.30 63078.40
9.40 63078.40
9.50 63078.40
9.60 63078.40
9.70 63078.40
9.80 63078.40
9.90 63078.40
10.00 63078.40
