0.18 9716.0
0.29 13880.0
0.40 16656.0
0.51 8328.0
0.61 6940.0
0.72 13880.0
0.83 24984.0
0.93 11104.0
1.04 9716.0
1.15 13880.0
1.26 9716.0
1.36 11104.0
1.47 13880.0
1.58 9716.0
1.69 9716.0
1.80 8328.0
1.92 11104.0
2.03 12492.0
2.14 15268.0
2.25 24984.0
2.35 16656.0
2.47 19432.0
2.58 19432.0
2.69 22208.0
2.80 19432.0
2.90 27760.0
3.01 31924.0
3.11 19432.0
3.22 41640.0
3.33 31924.0
3.43 31924.0
3.55 40252.0
3.65 30536.0
3.76 30536.0
3.86 19432.0
3.97 20820.0
4.08 38864.0
4.18 27760.0
4.29 24984.0
4.39 24984.0
4.50 33312.0
4.61 18044.0
4.72 18044.0
4.83 26372.0
4.93 29148.0
5.04 16656.0
5.14 26372.0
5.25 26372.0
5.36 26372.0
5.47 30536.0
5.58 36088.0
5.68 27760.0
5.80 22208.0
5.90 24984.0
6.01 30536.0
6.11 18044.0
6.22 20820.0
6.33 22208.0
6.44 16656.0
6.56 12492.0
6.67 15268.0
6.79 19432.0
6.91 15268.0
7.02 5552.0
7.12 9716.0
7.23 9716.0
7.34 15268.0
7.44 11104.0
7.56 11104.0
7.66 6940.0
7.77 8328.0
7.87 11104.0
7.98 12492.0
8.11 11104.0
8.22 8328.0
8.34 5552.0
8.44 5552.0
8.55 9716.0
8.65 13880.0
8.78 12492.0
8.88 4164.0
9.00 6940.0
9.11 5552.0
9.22 6940.0
9.33 9716.0
9.43 9716.0
9.54 9716.0
9.64 13880.0
9.75 16656.0
9.85 9716.0
9.96 11104.0
10.08 18044.0
10.20 19432.0
10.31 16656.0
10.45 18044.0
10.56 15268.0
10.68 8328.0
10.79 9716.0
10.90 22208.0
11.01 12492.0
11.11 15268.0
11.23 24984.0
11.34 23596.0
11.45 13880.0
11.57 8328.0
11.69 12492.0
11.81 9716.0
11.92 9716.0
12.03 12492.0
12.13 6940.0
12.24 9716.0
12.35 15268.0
12.47 16656.0
12.59 12492.0
12.69 12492.0
12.80 8328.0
12.94 6940.0
13.06 5552.0
13.16 5552.0
13.29 5552.0
13.40 8328.0
13.51 8328.0
13.62 9716.0
13.73 12492.0
13.85 13880.0
13.97 16656.0
14.09 15268.0
14.19 8328.0
14.30 9716.0
14.40 18044.0
14.51 16656.0
14.61 9716.0
14.72 16656.0
14.83 15268.0
14.93 15268.0
15.04 15268.0
15.14 8328.0
15.25 15268.0
15.35 11104.0
15.47 22208.0
15.60 24984.0
15.71 13880.0
15.82 22208.0
15.92 19432.0
16.03 19432.0
16.13 16656.0
16.24 13880.0
16.35 16656.0
16.46 54132.0
16.57 20820.0
16.67 41640.0
16.82 23596.0
16.93 9716.0
17.04 20820.0
17.14 15268.0
17.25 20820.0
17.35 26372.0
17.47 27760.0
17.58 29148.0
17.69 20820.0
17.80 18044.0
17.90 37476.0
18.02 26372.0
18.14 19432.0
18.95 2776.0
19.06 4164.0
19.16 74952.0
19.29 6940.0
19.39 15268.0
19.50 20820.0
19.60 27760.0
19.71 23596.0
19.82 20820.0
19.92 19432.0
20.03 36088.0
20.13 27760.0
20.24 40252.0
20.35 11104.0
20.46 23596.0
20.57 22208.0
20.68 15268.0
20.79 16656.0
20.89 30536.0
21.00 22208.0
21.10 27760.0
21.21 26372.0
21.32 19432.0
21.44 19432.0
21.61 15268.0
21.73 9716.0
21.85 11104.0
21.98 11104.0
22.10 24984.0
22.21 20820.0
22.32 20820.0
22.42 19432.0
22.53 16656.0
22.63 5552.0
22.75 23596.0
22.85 20820.0
22.96 19432.0
23.07 15268.0
23.17 38864.0
23.28 19432.0
23.38 18044.0
23.49 27760.0
23.60 18044.0
23.71 24984.0
23.84 16656.0
23.94 20820.0
24.05 19432.0
24.15 38864.0
24.26 31924.0
24.36 12492.0
24.47 23596.0
24.58 29148.0
24.68 23596.0
24.79 18044.0
24.89 15268.0
25.00 23596.0
25.10 15268.0
25.22 11104.0
25.34 11104.0
25.44 12492.0
25.55 20820.0
25.66 15268.0
25.77 11104.0
25.88 9716.0
26.00 5552.0
26.12 4164.0
26.23 8328.0
26.34 11104.0
26.45 4164.0
26.57 9716.0
26.68 6940.0
26.79 8328.0
26.90 6940.0
27.02 12492.0
27.16 5552.0
27.27 2776.0
27.37 2776.0
27.49 5552.0
27.60 9716.0
27.74 4164.0
27.85 4164.0
27.96 6940.0
28.07 8328.0
28.18 8328.0
28.31 8328.0
28.41 6940.0
28.55 4164.0
28.67 4164.0
28.79 9716.0
28.90 6940.0
29.02 8328.0
29.13 11104.0
29.24 11104.0
29.35 12492.0
29.46 23596.0
29.57 19432.0
29.67 22208.0
29.78 20820.0
29.91 15268.0
30.02 8328.0
30.12 8328.0
30.23 9716.0
30.35 12492.0
30.47 11104.0
30.59 18044.0
30.71 15268.0
30.82 12492.0
30.92 30536.0
31.03 16656.0
31.13 16656.0
31.25 18044.0
31.35 11104.0
31.47 15268.0
31.58 11104.0
31.69 9716.0
31.80 22208.0
31.91 11104.0
32.04 5552.0
32.14 5552.0
32.26 9716.0
32.36 12492.0
32.48 15268.0
32.60 9716.0
32.72 6940.0
32.84 8328.0
32.95 8328.0
33.06 6940.0
33.17 11104.0
33.29 16656.0
33.39 12492.0
33.50 12492.0
33.62 8328.0
33.73 6940.0
33.84 8328.0
33.95 5552.0
34.06 13880.0
34.17 11104.0
34.29 6940.0
34.40 8328.0
34.51 8328.0
34.63 6940.0
34.74 8328.0
34.85 8328.0
34.96 8328.0
35.07 9716.0
35.17 8328.0
35.29 6940.0
35.39 11104.0
35.50 12492.0
35.61 11104.0
35.72 11104.0
35.83 12492.0
35.93 13880.0
36.04 16656.0
36.14 29148.0
36.26 23596.0
36.36 18044.0
36.47 16656.0
36.58 16656.0
36.68 20820.0
36.80 18044.0
36.91 26372.0
37.03 18044.0
37.13 8328.0
37.24 12492.0
37.35 13880.0
37.46 9716.0
37.59 5552.0
37.69 12492.0
37.81 18044.0
37.92 12492.0
38.03 9716.0
38.13 5552.0
38.25 6940.0
38.36 6940.0
38.48 8328.0
38.59 6940.0
38.70 6940.0
38.81 6940.0
38.93 11104.0
39.05 8328.0
39.16 8328.0
39.28 16656.0
39.40 5552.0
39.52 4164.0
39.66 6940.0
39.81 2776.0
39.92 6940.0
40.04 4164.0
40.17 2776.0
40.28 5552.0
40.38 4164.0
40.50 4164.0
40.65 4164.0
40.78 5552.0
40.88 5552.0
40.99 4164.0
41.10 5552.0
41.22 4164.0
41.36 5552.0
41.47 5552.0
41.59 4164.0
41.69 4164.0
41.84 11104.0
41.94 4164.0
42.06 5552.0
42.18 6940.0
42.30 8328.0
42.40 4164.0
42.53 6940.0
42.65 8328.0
42.78 5552.0
42.88 9716.0
42.99 11104.0
43.11 11104.0
43.23 11104.0
43.34 11104.0
43.44 18044.0
43.55 11104.0
43.66 16656.0
43.77 13880.0
43.88 12492.0
43.99 26372.0
44.10 19432.0
44.21 22208.0
44.32 15268.0
44.43 12492.0
44.54 20820.0
44.64 15268.0
44.76 23596.0
44.86 13880.0
44.97 12492.0
45.08 19432.0
45.18 13880.0
45.29 15268.0
45.40 11104.0
45.52 5552.0
45.63 4164.0
45.76 6940.0
45.88 6940.0
45.99 12492.0
46.11 9716.0
46.24 9716.0
46.35 12492.0
46.46 9716.0
46.58 9716.0
46.68 6940.0
46.80 8328.0
46.90 9716.0
47.02 12492.0
47.12 8328.0
47.25 15268.0
47.36 8328.0
47.47 9716.0
47.59 13880.0
47.69 11104.0
47.82 8328.0
47.93 8328.0
48.05 8328.0
48.15 5552.0
48.26 8328.0
48.36 5552.0
48.48 9716.0
48.59 6940.0
48.69 6940.0
48.80 9716.0
48.91 6940.0
49.04 8328.0
49.14 6940.0
49.25 6940.0
49.36 5552.0
49.47 13880.0
49.59 9716.0
49.69 5552.0
49.80 8328.0
49.93 6940.0
50.04 5552.0
50.15 6940.0
50.27 6940.0
50.37 6940.0
50.48 6940.0
50.59 4164.0
50.69 6940.0
50.82 9716.0
50.92 13880.0
51.03 6940.0
51.13 8328.0
51.25 8328.0
51.36 6940.0
51.47 8328.0
51.58 13880.0
51.72 6940.0
51.84 6940.0
51.94 5552.0
52.07 12492.0
52.17 6940.0
52.28 11104.0
52.38 11104.0
52.49 16656.0
52.60 15268.0
52.72 19432.0
52.84 15268.0
52.94 11104.0
53.05 9716.0
53.15 23596.0
53.27 22208.0
53.37 20820.0
53.48 19432.0
53.59 30536.0
53.69 27760.0
53.80 19432.0
53.90 11104.0
54.02 18044.0
54.13 19432.0
54.24 16656.0
54.37 13880.0
54.51 6940.0
54.61 18044.0
54.72 27760.0
54.83 20820.0
54.93 18044.0
55.04 22208.0
55.14 23596.0
55.25 27760.0
55.35 23596.0
55.46 33312.0
55.57 30536.0
55.68 12492.0
55.79 15268.0
55.89 12492.0
56.00 16656.0
56.11 15268.0
56.23 18044.0
56.34 18044.0
56.44 13880.0
56.55 15268.0
56.65 18044.0
56.77 22208.0
56.87 30536.0
56.98 33312.0
57.09 31924.0
57.19 38864.0
57.30 45804.0
57.40 37476.0
57.51 44416.0
57.61 34700.0
57.72 55520.0
57.83 41640.0
57.93 37476.0
58.04 51356.0
58.16 41640.0
58.27 24984.0
58.37 15268.0
58.48 13880.0
58.60 20820.0
58.71 43028.0
58.82 20820.0
58.93 23596.0
59.04 20820.0
59.15 18044.0
59.26 27760.0
59.36 16656.0
59.47 19432.0
59.58 29148.0
59.69 15268.0
59.81 13880.0
59.91 12492.0
60.03 26372.0
60.13 27760.0
60.24 29148.0
60.35 33312.0
60.46 44416.0
60.57 43028.0
60.67 26372.0
60.78 34700.0
60.88 27760.0
60.99 24984.0
61.10 29148.0
61.21 37476.0
61.32 26372.0
61.42 9716.0
61.53 13880.0
61.63 23596.0
61.74 27760.0
61.85 40252.0
61.96 44416.0
62.07 48580.0
62.17 34700.0
62.28 51356.0
62.38 19432.0
62.49 15268.0
62.60 26372.0
62.71 33312.0
62.82 24984.0
62.92 31924.0
63.03 11104.0
63.13 18044.0
63.24 19432.0
63.35 26372.0
63.46 24984.0
63.57 13880.0
63.67 16656.0
63.78 27760.0
63.88 29148.0
63.99 31924.0
64.10 40252.0
64.21 31924.0
64.32 27760.0
64.42 29148.0
64.53 26372.0
64.63 27760.0
64.75 22208.0
64.85 30536.0
64.96 34700.0
65.08 48580.0
65.18 26372.0
65.30 6940.0
65.40 27760.0
65.51 30536.0
65.61 33312.0
65.73 20820.0
65.84 24984.0
65.94 34700.0
66.05 33312.0
66.15 23596.0
66.26 34700.0
66.36 29148.0
66.47 54132.0
66.58 36088.0
66.68 31924.0
66.79 41640.0
66.89 38864.0
67.00 29148.0
67.10 30536.0
67.21 33312.0
67.32 37476.0
67.42 30536.0
67.53 29148.0
67.63 24984.0
67.75 27760.0
67.85 26372.0
67.96 27760.0
68.07 18044.0
68.18 16656.0
68.29 16656.0
68.39 16656.0
68.50 31924.0
68.61 22208.0
68.74 11104.0
68.86 9716.0
68.97 11104.0
69.09 9716.0
69.19 12492.0
69.30 13880.0
69.43 13880.0
69.55 11104.0
69.65 13880.0
69.76 20820.0
69.86 15268.0
69.97 24984.0
70.08 27760.0
70.18 27760.0
70.29 36088.0
70.39 26372.0
70.50 29148.0
70.60 27760.0
70.71 36088.0
70.82 34700.0
70.92 38864.0
71.03 36088.0
71.36 36088.0
71.54 80504.0
71.64 40252.0
71.75 41640.0
71.86 33312.0
71.97 41640.0
72.09 51356.0
72.19 30536.0
72.30 34700.0
72.40 27760.0
72.51 33312.0
72.61 23596.0
72.72 37476.0
72.83 36088.0
72.93 31924.0
73.04 16656.0
73.14 16656.0
73.25 36088.0
73.35 37476.0
73.46 43028.0
73.57 41640.0
73.67 41640.0
73.78 40252.0
73.88 30536.0
73.99 31924.0
74.10 47192.0
74.21 38864.0
74.32 36088.0
74.43 36088.0
74.54 40252.0
74.64 38864.0
74.75 40252.0
74.85 40252.0
74.96 38864.0
75.07 30536.0
75.17 23596.0
75.28 13880.0
75.38 12492.0
75.49 12492.0
75.60 9716.0
75.71 13880.0
75.82 22208.0
75.92 29148.0
76.04 36088.0
76.15 36088.0
76.26 27760.0
76.36 30536.0
76.47 31924.0
76.59 41640.0
76.69 38864.0
76.81 43028.0
76.91 38864.0
77.03 34700.0
77.13 37476.0
77.24 45804.0
77.35 44416.0
77.46 40252.0
77.57 33312.0
77.69 27760.0
77.80 34700.0
77.90 29148.0
78.01 36088.0
78.11 24984.0
78.22 37476.0
78.33 29148.0
78.44 31924.0
78.55 30536.0
78.65 19432.0
78.76 34700.0
78.87 31924.0
78.98 30536.0
79.10 30536.0
79.21 31924.0
79.32 36088.0
79.42 16656.0
79.53 38864.0
79.63 33312.0
79.74 30536.0
79.85 26372.0
79.96 30536.0
80.07 18044.0
80.17 13880.0
80.28 26372.0
80.38 18044.0
80.51 15268.0
80.61 11104.0
80.72 16656.0
80.83 16656.0
80.93 19432.0
81.05 22208.0
81.15 18044.0
81.26 24984.0
81.36 19432.0
81.47 12492.0
81.59 19432.0
81.69 15268.0
81.80 27760.0
81.90 36088.0
82.01 26372.0
82.11 22208.0
82.22 19432.0
82.33 20820.0
82.43 20820.0
82.55 16656.0
82.65 11104.0
82.76 16656.0
82.86 15268.0
82.98 27760.0
83.09 16656.0
83.19 16656.0
83.30 12492.0
83.40 16656.0
83.51 12492.0
83.61 9716.0
83.73 12492.0
83.84 12492.0
83.96 24984.0
84.07 34700.0
84.17 24984.0
84.28 24984.0
84.38 27760.0
84.49 33312.0
84.60 26372.0
84.72 22208.0
84.83 38864.0
84.93 22208.0
85.04 20820.0
85.14 15268.0
85.25 13880.0
85.35 16656.0
85.46 12492.0
85.57 16656.0
85.68 15268.0
85.80 15268.0
85.90 15268.0
86.01 11104.0
86.12 16656.0
86.23 11104.0
86.35 13880.0
86.46 16656.0
86.57 16656.0
86.67 29148.0
86.78 20820.0
86.88 20820.0
87.00 30536.0
87.11 22208.0
87.22 24984.0
87.33 20820.0
87.43 13880.0
87.56 12492.0
87.67 12492.0
87.78 12492.0
87.88 13880.0
87.99 9716.0
88.10 18044.0
88.21 16656.0
88.32 16656.0
88.42 12492.0
88.54 12492.0
88.64 16656.0
88.76 22208.0
88.86 19432.0
88.97 24984.0
89.08 20820.0
89.19 18044.0
89.30 18044.0
89.41 13880.0
89.52 22208.0
89.62 15268.0
89.77 8328.0
89.87 5552.0
89.98 19432.0
90.09 16656.0
90.20 13880.0
90.31 15268.0
90.41 19432.0
90.52 20820.0
90.62 23596.0
90.73 16656.0
90.84 26372.0
90.95 12492.0
91.07 15268.0
91.17 18044.0
91.28 9716.0
91.38 13880.0
91.49 18044.0
91.60 15268.0
91.71 16656.0
91.82 23596.0
91.92 13880.0
92.03 31924.0
92.13 31924.0
92.24 36088.0
92.35 36088.0
92.46 33312.0
92.57 37476.0
92.67 24984.0
92.79 40252.0
92.89 34700.0
93.01 38864.0
93.11 31924.0
93.23 33312.0
93.34 27760.0
93.44 27760.0
93.56 26372.0
93.66 13880.0
93.77 20820.0
93.87 22208.0
93.98 27760.0
94.09 27760.0
94.19 19432.0
94.30 20820.0
94.40 38864.0
94.51 19432.0
94.61 27760.0
94.72 27760.0
94.83 41640.0
94.93 27760.0
95.04 29148.0
95.14 27760.0
95.25 20820.0
95.35 18044.0
95.46 20820.0
95.57 30536.0
95.67 15268.0
95.78 18044.0
95.88 22208.0
95.99 22208.0
96.10 15268.0
96.22 22208.0
96.33 16656.0
96.43 16656.0
96.54 11104.0
96.64 11104.0
96.75 12492.0
96.86 11104.0
96.97 8328.0
97.08 12492.0
97.19 8328.0
97.31 6940.0
97.42 6940.0
97.53 8328.0
97.64 8328.0
97.76 16656.0
97.86 9716.0
97.98 5552.0
98.11 8328.0
98.22 8328.0
98.42 2776.0
98.57 2776.0
98.70 1388.0
98.84 12492.0
98.98 2776.0
99.10 2776.0
99.23 4164.0
99.34 5552.0
99.45 6940.0
99.57 6940.0
99.67 8328.0
99.78 12492.0
99.88 11104.0
99.99 20820.0
100.10 31924.0
100.21 24984.0
100.32 30536.0
100.43 23596.0
100.54 22208.0
100.64 23596.0
100.75 27760.0
100.85 26372.0
100.96 20820.0
101.07 24984.0
101.17 27760.0
101.28 18044.0
101.38 15268.0
101.55 6940.0
101.65 8328.0
101.77 20820.0
101.88 26372.0
102.02 11104.0
102.13 2776.0
102.24 4164.0
102.35 12492.0
102.47 9716.0
102.58 6940.0
102.68 12492.0
102.79 13880.0
102.89 19432.0
103.00 24984.0
103.10 22208.0
103.21 47192.0
103.32 43028.0
103.42 29148.0
103.53 38864.0
103.63 37476.0
103.74 38864.0
103.85 30536.0
103.96 31924.0
104.07 29148.0
104.17 16656.0
104.29 12492.0
104.39 12492.0
104.50 15268.0
104.60 12492.0
104.72 12492.0
104.83 18044.0
104.93 18044.0
105.04 9716.0
105.16 13880.0
105.27 15268.0
105.37 18044.0
105.48 23596.0
105.59 29148.0
105.69 37476.0
105.80 40252.0
105.90 34700.0
106.01 31924.0
106.11 37476.0
106.22 41640.0
106.33 38864.0
106.43 20820.0
106.55 15268.0
106.65 12492.0
106.76 23596.0
106.86 30536.0
106.97 37476.0
107.08 34700.0
107.18 38864.0
107.29 34700.0
107.39 29148.0
107.50 36088.0
107.60 33312.0
107.72 36088.0
107.83 43028.0
107.93 37476.0
108.04 41640.0
108.14 31924.0
108.25 30536.0
108.35 22208.0
108.46 27760.0
108.57 23596.0
108.67 30536.0
108.78 34700.0
108.88 22208.0
108.99 34700.0
109.10 37476.0
109.21 41640.0
109.32 34700.0
109.43 40252.0
109.54 34700.0
109.64 37476.0
109.75 29148.0
109.85 29148.0
109.96 33312.0
110.07 24984.0
110.17 31924.0
110.28 40252.0
110.38 40252.0
110.49 51356.0
110.60 43028.0
110.71 47192.0
110.82 48580.0
110.92 40252.0
111.03 51356.0
111.13 44416.0
111.24 40252.0
111.35 44416.0
111.46 44416.0
111.57 48580.0
111.67 36088.0
111.78 18044.0
111.88 16656.0
111.99 19432.0
112.10 18044.0
112.21 15268.0
112.33 15268.0
112.44 19432.0
112.55 16656.0
112.66 20820.0
112.77 37476.0
112.87 47192.0
112.98 38864.0
113.09 49968.0
113.19 36088.0
113.30 58296.0
113.40 31924.0
113.51 34700.0
113.61 26372.0
113.72 45804.0
113.83 27760.0
113.93 43028.0
114.05 41640.0
114.15 36088.0
114.26 40252.0
114.36 29148.0
114.48 16656.0
114.59 22208.0
114.69 15268.0
114.80 18044.0
114.91 15268.0
115.02 34700.0
115.12 27760.0
115.23 30536.0
115.34 27760.0
115.44 24984.0
115.55 23596.0
115.65 22208.0
115.76 23596.0
115.86 22208.0
115.97 41640.0
116.08 34700.0
116.18 43028.0
116.29 37476.0
116.39 26372.0
116.50 33312.0
116.60 23596.0
116.71 19432.0
116.82 22208.0
116.92 36088.0
117.03 47192.0
117.13 36088.0
117.24 45804.0
117.35 34700.0
117.46 36088.0
117.57 38864.0
117.67 37476.0
117.78 23596.0
117.88 18044.0
117.99 27760.0
118.10 12492.0
118.21 15268.0
118.32 24984.0
118.42 31924.0
118.53 38864.0
118.63 27760.0
118.74 29148.0
118.85 26372.0
118.96 34700.0
119.07 40252.0
119.17 38864.0
119.28 44416.0
119.38 44416.0
119.49 51356.0
119.61 41640.0
119.72 40252.0
119.83 43028.0
119.93 45804.0
