0.10 104857.60
0.20 104857.60
0.30 104857.60
0.40 104857.60
0.50 104857.60
0.60 104857.60
0.70 104857.60
0.80 104857.60
0.90 104857.60
1.00 104857.60
1.10 104140.80
1.20 104140.80
1.30 104140.80
1.40 104140.80
1.50 104140.80
1.60 104140.80
1.70 104140.80
1.80 104140.80
1.90 104140.80
2.00 104140.80
2.10 80588.80
2.20 80588.80
2.30 80588.80
2.40 80588.80
2.50 80588.80
2.60 80588.80
2.70 80588.80
2.80 80588.80
2.90 80588.80
3.00 80588.80
3.10 73932.80
3.20 73932.80
3.30 73932.80
3.40 73932.80
3.50 73932.80
3.60 73932.80
3.70 73932.80
3.80 73932.80
3.90 73932.80
4.00 73932.80
4.10 95948.80
4.20 95948.80
4.30 95948.80
4.40 95948.80
4.50 95948.80
4.60 95948.80
4.70 95948.80
4.80 95948.80
4.90 95948.80
5.00 95948.80
5.10 96256.00
5.20 96256.00
5.30 96256.00
5.40 96256.00
5.50 96256.00
5.60 96256.00
5.70 96256.00
5.80 96256.00
5.90 96256.00
6.00 96256.00
6.10 97075.20
6.20 97075.20
6.30 97075.20
6.40 97075.20
6.50 97075.20
6.60 97075.20
6.70 97075.20
6.80 97075.20
6.90 97075.20
7.00 97075.20
7.10 109568.00
7.20 109568.00
7.30 109568.00
7.40 109568.00
7.50 109568.00
7.60 109568.00
7.70 109568.00
7.80 109568.00
7.90 109568.00
8.00 109568.00
8.10 104243.20
8.20 104243.20
8.30 104243.20
8.40 104243.20
8.50 104243.20
8.60 104243.20
8.70 104243.20
8.80 104243.20
8.90 104243.20
9.00 104243.20
9.10 109772.80
9.20 109772.80
9.30 109772.80
9.40 109772.80
9.50 109772.80
9.60 109772.80
9.70 109772.80
9.80 109772.80
9.90 109772.80
10.00 109772.80
10.10 107212.80
10.20 107212.80
10.30 107212.80
10.40 107212.80
10.50 107212.80
10.60 107212.80
10.70 107212.80
10.80 107212.80
10.90 107212.80
11.00 107212.80
11.10 101683.20
11.20 101683.20
11.30 101683.20
11.40 101683.20
11.50 101683.20
11.60 101683.20
11.70 101683.20
11.80 101683.20
11.90 101683.20
12.00 101683.20
12.10 85708.80
12.20 85708.80
12.30 85708.80
12.40 85708.80
12.50 85708.80
12.60 85708.80
12.70 85708.80
12.80 85708.80
12.90 85708.80
13.00 85708.80
13.10 107520.00
13.20 107520.00
13.30 107520.00
13.40 107520.00
13.50 107520.00
13.60 107520.00
13.70 107520.00
13.80 107520.00
13.90 107520.00
14.00 107520.00
14.10 98713.60
14.20 98713.60
14.30 98713.60
14.40 98713.60
14.50 98713.60
14.60 98713.60
14.70 98713.60
14.80 98713.60
14.90 98713.60
15.00 98713.60
15.10 108544.00
15.20 108544.00
15.30 108544.00
15.40 108544.00
15.50 108544.00
15.60 108544.00
15.70 108544.00
15.80 108544.00
15.90 108544.00
16.00 108544.00
16.10 103936.00
16.20 103936.00
16.30 103936.00
16.40 103936.00
16.50 103936.00
16.60 103936.00
16.70 103936.00
16.80 103936.00
16.90 103936.00
17.00 103936.00
17.10 90214.40
17.20 90214.40
17.30 90214.40
17.40 90214.40
17.50 90214.40
17.60 90214.40
17.70 90214.40
17.80 90214.40
17.90 90214.40
18.00 90214.40
18.10 90112.00
18.20 90112.00
18.30 90112.00
18.40 90112.00
18.50 90112.00
18.60 90112.00
18.70 90112.00
18.80 90112.00
18.90 90112.00
19.00 90112.00
19.10 106803.20
19.20 106803.20
19.30 106803.20
19.40 106803.20
19.50 106803.20
19.60 106803.20
19.70 106803.20
19.80 106803.20
19.90 106803.20
20.00 106803.20
20.10 102195.20
20.20 102195.20
20.30 102195.20
20.40 102195.20
20.50 102195.20
20.60 102195.20
20.70 102195.20
20.80 102195.20
20.90 102195.20
21.00 102195.20
21.10 94003.20
21.20 94003.20
21.30 94003.20
21.40 94003.20
21.50 94003.20
21.60 94003.20
21.70 94003.20
21.80 94003.20
21.90 94003.20
22.00 94003.20
22.10 91648.00
22.20 91648.00
22.30 91648.00
22.40 91648.00
22.50 91648.00
22.60 91648.00
22.70 91648.00
22.80 91648.00
22.90 91648.00
23.00 91648.00
23.10 104140.80
23.20 104140.80
23.30 104140.80
23.40 104140.80
23.50 104140.80
23.60 104140.80
23.70 104140.80
23.80 104140.80
23.90 104140.80
24.00 104140.80
24.10 97996.80
24.20 97996.80
24.30 97996.80
24.40 97996.80
24.50 97996.80
24.60 97996.80
24.70 97996.80
24.80 97996.80
24.90 97996.80
25.00 97996.80
25.10 100659.20
25.20 100659.20
25.30 100659.20
25.40 100659.20
25.50 100659.20
25.60 100659.20
25.70 100659.20
25.80 100659.20
25.90 100659.20
26.00 100659.20
26.10 101376.00
26.20 101376.00
26.30 101376.00
26.40 101376.00
26.50 101376.00
26.60 101376.00
26.70 101376.00
26.80 101376.00
26.90 101376.00
27.00 101376.00
27.10 103424.00
27.20 103424.00
27.30 103424.00
27.40 103424.00
27.50 103424.00
27.60 103424.00
27.70 103424.00
27.80 103424.00
27.90 103424.00
28.00 103424.00
28.10 106803.20
28.20 106803.20
28.30 106803.20
28.40 106803.20
28.50 106803.20
28.60 106803.20
28.70 106803.20
28.80 106803.20
28.90 106803.20
29.00 106803.20
29.10 104243.20
29.20 104243.20
29.30 104243.20
29.40 104243.20
29.50 104243.20
29.60 104243.20
29.70 104243.20
29.80 104243.20
29.90 104243.20
30.00 104243.20
