0.10 64819.20
0.20 64819.20
0.30 64819.20
0.40 64819.20
0.50 64819.20
0.60 64819.20
0.70 64819.20
0.80 64819.20
0.90 64819.20
1.00 64819.20
1.10 36761.60
1.20 36761.60
1.30 36761.60
1.40 36761.60
1.50 36761.60
1.60 36761.60
1.70 36761.60
1.80 36761.60
1.90 36761.60
2.00 36761.60
2.10 94208.00
2.20 94208.00
2.30 94208.00
2.40 94208.00
2.50 94208.00
2.60 94208.00
2.70 94208.00
2.80 94208.00
2.90 94208.00
3.00 94208.00
3.10 59596.80
3.20 59596.80
3.30 59596.80
3.40 59596.80
3.50 59596.80
3.60 59596.80
3.70 59596.80
3.80 59596.80
3.90 59596.80
4.00 59596.80
4.10 60313.60
4.20 60313.60
4.30 60313.60
4.40 60313.60
4.50 60313.60
4.60 60313.60
4.70 60313.60
4.80 60313.60
4.90 60313.60
5.00 60313.60
5.10 50585.60
5.20 50585.60
5.30 50585.60
5.40 50585.60
5.50 50585.60
5.60 50585.60
5.70 50585.60
5.80 50585.60
5.90 50585.60
6.00 50585.60
6.10 79667.20
6.20 79667.20
6.30 79667.20
6.40 79667.20
6.50 79667.20
6.60 79667.20
6.70 79667.20
6.80 79667.20
6.90 79667.20
7.00 79667.20
7.10 61542.40
7.20 61542.40
7.30 61542.40
7.40 61542.40
7.50 61542.40
7.60 61542.40
7.70 61542.40
7.80 61542.40
7.90 61542.40
8.00 61542.40
8.10 60928.00
8.20 60928.00
8.30 60928.00
8.40 60928.00
8.50 60928.00
8.60 60928.00
8.70 60928.00
8.80 60928.00
8.90 60928.00
9.00 60928.00
9.10 56012.80
9.20 56012.80
9.30 56012.80
9.40 56012.80
9.50 56012.80
9.60 56012.80
9.70 56012.80
9.80 56012.80
9.90 56012.80
10.00 56012.80
10.10 58060.80
10.20 58060.80
10.30 58060.80
10.40 58060.80
10.50 58060.80
10.60 58060.80
10.70 58060.80
10.80 58060.80
10.90 58060.80
11.00 58060.80
11.10 59596.80
11.20 59596.80
11.30 59596.80
11.40 59596.80
11.50 59596.80
11.60 59596.80
11.70 59596.80
11.80 59596.80
11.90 59596.80
12.00 59596.80
12.10 61952.00
12.20 61952.00
12.30 61952.00
12.40 61952.00
12.50 61952.00
12.60 61952.00
12.70 61952.00
12.80 61952.00
12.90 61952.00
13.00 61952.00
13.10 63078.40
13.20 63078.40
13.30 63078.40
13.40 63078.40
13.50 63078.40
13.60 63078.40
13.70 63078.40
13.80 63078.40
13.90 63078.40
14.00 63078.40
14.10 65638.40
14.20 65638.40
14.30 65638.40
14.40 65638.40
14.50 65638.40
14.60 65638.40
14.70 65638.40
14.80 65638.40
14.90 65638.40
15.00 65638.40
15.10 60928.00
15.20 60928.00
15.30 60928.00
15.40 60928.00
15.50 60928.00
15.60 60928.00
15.70 60928.00
15.80 60928.00
15.90 60928.00
16.00 60928.00
16.10 62156.80
16.20 62156.80
16.30 62156.80
16.40 62156.80
16.50 62156.80
16.60 62156.80
16.70 62156.80
16.80 62156.80
16.90 62156.80
17.00 62156.80
17.10 63897.60
17.20 63897.60
17.30 63897.60
17.40 63897.60
17.50 63897.60
17.60 63897.60
17.70 63897.60
17.80 63897.60
17.90 63897.60
18.00 63897.60
18.10 18534.40
18.20 18534.40
18.30 18534.40
18.40 18534.40
18.50 18534.40
18.60 18534.40
18.70 18534.40
18.80 18534.40
18.90 18534.40
19.00 18534.40
19.10 129126.40
19.20 129126.40
19.30 129126.40
19.40 129126.40
19.50 129126.40
19.60 129126.40
19.70 129126.40
19.80 129126.40
19.90 129126.40
20.00 129126.40
20.10 75366.40
20.20 75366.40
20.30 75366.40
20.40 75366.40
20.50 75366.40
20.60 75366.40
20.70 75366.40
20.80 75366.40
20.90 75366.40
21.00 75366.40
21.10 74444.80
21.20 74444.80
21.30 74444.80
21.40 74444.80
21.50 74444.80
21.60 74444.80
21.70 74444.80
21.80 74444.80
21.90 74444.80
22.00 74444.80
22.10 70553.60
22.20 70553.60
22.30 70553.60
22.40 70553.60
22.50 70553.60
22.60 70553.60
22.70 70553.60
22.80 70553.60
22.90 70553.60
23.00 70553.60
23.10 25804.80
23.20 25804.80
23.30 25804.80
23.40 25804.80
23.50 25804.80
23.60 25804.80
23.70 25804.80
23.80 25804.80
23.90 25804.80
24.00 25804.80
24.10 116633.60
24.20 116633.60
24.30 116633.60
24.40 116633.60
24.50 116633.60
24.60 116633.60
24.70 116633.60
24.80 116633.60
24.90 116633.60
25.00 116633.60
25.10 69324.80
25.20 69324.80
25.30 69324.80
25.40 69324.80
25.50 69324.80
25.60 69324.80
25.70 69324.80
25.80 69324.80
25.90 69324.80
26.00 69324.80
26.10 71680.00
26.20 71680.00
26.30 71680.00
26.40 71680.00
26.50 71680.00
26.60 71680.00
26.70 71680.00
26.80 71680.00
26.90 71680.00
27.00 71680.00
27.10 69324.80
27.20 69324.80
27.30 69324.80
27.40 69324.80
27.50 69324.80
27.60 69324.80
27.70 69324.80
27.80 69324.80
27.90 69324.80
28.00 69324.80
28.10 73523.20
28.20 73523.20
28.30 73523.20
28.40 73523.20
28.50 73523.20
28.60 73523.20
28.70 73523.20
28.80 73523.20
28.90 73523.20
29.00 73523.20
29.10 70348.80
29.20 70348.80
29.30 70348.80
29.40 70348.80
29.50 70348.80
29.60 70348.80
29.70 70348.80
29.80 70348.80
29.90 70348.80
30.00 70348.80
30.10 72704.00
30.20 72704.00
30.30 72704.00
30.40 72704.00
30.50 72704.00
30.60 72704.00
30.70 72704.00
30.80 72704.00
30.90 72704.00
31.00 72704.00
31.10 74240.00
31.20 74240.00
31.30 74240.00
31.40 74240.00
31.50 74240.00
31.60 74240.00
31.70 74240.00
31.80 74240.00
31.90 74240.00
32.00 74240.00
32.10 76390.40
32.20 76390.40
32.30 76390.40
32.40 76390.40
32.50 76390.40
32.60 76390.40
32.70 76390.40
32.80 76390.40
32.90 76390.40
33.00 76390.40
33.10 74854.40
33.20 74854.40
33.30 74854.40
33.40 74854.40
33.50 74854.40
33.60 74854.40
33.70 74854.40
33.80 74854.40
33.90 74854.40
34.00 74854.40
34.10 72704.00
34.20 72704.00
34.30 72704.00
34.40 72704.00
34.50 72704.00
34.60 72704.00
34.70 72704.00
34.80 72704.00
34.90 72704.00
35.00 72704.00
35.10 69632.00
35.20 69632.00
35.30 69632.00
35.40 69632.00
35.50 69632.00
35.60 69632.00
35.70 69632.00
35.80 69632.00
35.90 69632.00
36.00 69632.00
36.10 75161.60
36.20 75161.60
36.30 75161.60
36.40 75161.60
36.50 75161.60
36.60 75161.60
36.70 75161.60
36.80 75161.60
36.90 75161.60
37.00 75161.60
37.10 73113.60
37.20 73113.60
37.30 73113.60
37.40 73113.60
37.50 73113.60
37.60 73113.60
37.70 73113.60
37.80 73113.60
37.90 73113.60
38.00 73113.60
38.10 70041.60
38.20 70041.60
38.30 70041.60
38.40 70041.60
38.50 70041.60
38.60 70041.60
38.70 70041.60
38.80 70041.60
38.90 70041.60
39.00 70041.60
39.10 71987.20
39.20 71987.20
39.30 71987.20
39.40 71987.20
39.50 71987.20
39.60 71987.20
39.70 71987.20
39.80 71987.20
39.90 71987.20
40.00 71987.20
40.10 53964.80
40.20 53964.80
40.30 53964.80
40.40 53964.80
40.50 53964.80
40.60 53964.80
40.70 53964.80
40.80 53964.80
40.90 53964.80
41.00 53964.80
41.10 77824.00
41.20 77824.00
41.30 77824.00
41.40 77824.00
41.50 77824.00
41.60 77824.00
41.70 77824.00
41.80 77824.00
41.90 77824.00
42.00 77824.00
42.10 71680.00
42.20 71680.00
42.30 71680.00
42.40 71680.00
42.50 71680.00
42.60 71680.00
42.70 71680.00
42.80 71680.00
42.90 71680.00
43.00 71680.00
43.10 70860.80
43.20 70860.80
43.30 70860.80
43.40 70860.80
43.50 70860.80
43.60 70860.80
43.70 70860.80
43.80 70860.80
43.90 70860.80
44.00 70860.80
44.10 69120.00
44.20 69120.00
44.30 69120.00
44.40 69120.00
44.50 69120.00
44.60 69120.00
44.70 69120.00
44.80 69120.00
44.90 69120.00
45.00 69120.00
45.10 71577.60
45.20 71577.60
45.30 71577.60
45.40 71577.60
45.50 71577.60
45.60 71577.60
45.70 71577.60
45.80 71577.60
45.90 71577.60
46.00 71577.60
46.10 71884.80
46.20 71884.80
46.30 71884.80
46.40 71884.80
46.50 71884.80
46.60 71884.80
46.70 71884.80
46.80 71884.80
46.90 71884.80
47.00 71884.80
47.10 73625.60
47.20 73625.60
47.30 73625.60
47.40 73625.60
47.50 73625.60
47.60 73625.60
47.70 73625.60
47.80 73625.60
47.90 73625.60
48.00 73625.60
48.10 49254.40
48.20 49254.40
48.30 49254.40
48.40 49254.40
48.50 49254.40
48.60 49254.40
48.70 49254.40
48.80 49254.40
48.90 49254.40
49.00 49254.40
49.10 84889.60
49.20 84889.60
49.30 84889.60
49.40 84889.60
49.50 84889.60
49.60 84889.60
49.70 84889.60
49.80 84889.60
49.90 84889.60
50.00 84889.60
50.10 64512.00
50.20 64512.00
50.30 64512.00
50.40 64512.00
50.50 64512.00
50.60 64512.00
50.70 64512.00
50.80 64512.00
50.90 64512.00
51.00 64512.00
51.10 68608.00
51.20 68608.00
51.30 68608.00
51.40 68608.00
51.50 68608.00
51.60 68608.00
51.70 68608.00
51.80 68608.00
51.90 68608.00
52.00 68608.00
52.10 72806.40
52.20 72806.40
52.30 72806.40
52.40 72806.40
52.50 72806.40
52.60 72806.40
52.70 72806.40
52.80 72806.40
52.90 72806.40
53.00 72806.40
53.10 70451.20
53.20 70451.20
53.30 70451.20
53.40 70451.20
53.50 70451.20
53.60 70451.20
53.70 70451.20
53.80 70451.20
53.90 70451.20
54.00 70451.20
54.10 69529.60
54.20 69529.60
54.30 69529.60
54.40 69529.60
54.50 69529.60
54.60 69529.60
54.70 69529.60
54.80 69529.60
54.90 69529.60
55.00 69529.60
55.10 71680.00
55.20 71680.00
55.30 71680.00
55.40 71680.00
55.50 71680.00
55.60 71680.00
55.70 71680.00
55.80 71680.00
55.90 71680.00
56.00 71680.00
56.10 63692.80
56.20 63692.80
56.30 63692.80
56.40 63692.80
56.50 63692.80
56.60 63692.80
56.70 63692.80
56.80 63692.80
56.90 63692.80
57.00 63692.80
57.10 71577.60
57.20 71577.60
57.30 71577.60
57.40 71577.60
57.50 71577.60
57.60 71577.60
57.70 71577.60
57.80 71577.60
57.90 71577.60
58.00 71577.60
58.10 69324.80
58.20 69324.80
58.30 69324.80
58.40 69324.80
58.50 69324.80
58.60 69324.80
58.70 69324.80
58.80 69324.80
58.90 69324.80
59.00 69324.80
59.10 72806.40
59.20 72806.40
59.30 72806.40
59.40 72806.40
59.50 72806.40
59.60 72806.40
59.70 72806.40
59.80 72806.40
59.90 72806.40
60.00 72806.40
