0.10 306834.73
0.20 306834.73
0.30 306834.73
0.40 306834.73
0.50 306834.73
0.60 306834.73
0.70 306834.73
0.80 306834.73
0.90 306834.73
1.00 306834.73
1.10 232050.23
1.20 232050.23
1.30 232050.23
1.40 232050.23
1.50 232050.23
1.60 232050.23
1.70 232050.23
1.80 232050.23
1.90 232050.23
2.00 232050.23
2.10 294191.37
2.20 294191.37
2.30 294191.37
2.40 294191.37
2.50 294191.37
2.60 294191.37
2.70 294191.37
2.80 294191.37
2.90 294191.37
3.00 294191.37
3.10 365110.04
3.20 365110.04
3.30 365110.04
3.40 365110.04
3.50 365110.04
3.60 365110.04
3.70 365110.04
3.80 365110.04
3.90 365110.04
4.00 365110.04
4.10 309218.78
4.20 309218.78
4.30 309218.78
4.40 309218.78
4.50 309218.78
4.60 309218.78
4.70 309218.78
4.80 309218.78
4.90 309218.78
5.00 309218.78
5.10 391228.95
5.20 391228.95
5.30 391228.95
5.40 391228.95
5.50 391228.95
5.60 391228.95
5.70 391228.95
5.80 391228.95
5.90 391228.95
6.00 391228.95
6.10 365267.00
6.20 365267.00
6.30 365267.00
6.40 365267.00
6.50 365267.00
6.60 365267.00
6.70 365267.00
6.80 365267.00
6.90 365267.00
7.00 365267.00
7.10 332885.49
7.20 332885.49
7.30 332885.49
7.40 332885.49
7.50 332885.49
7.60 332885.49
7.70 332885.49
7.80 332885.49
7.90 332885.49
8.00 332885.49
8.10 275458.22
8.20 275458.22
8.30 275458.22
8.40 275458.22
8.50 275458.22
8.60 275458.22
8.70 275458.22
8.80 275458.22
8.90 275458.22
9.00 275458.22
9.10 268694.76
9.20 268694.76
9.30 268694.76
9.40 268694.76
9.50 268694.76
9.60 268694.76
9.70 268694.76
9.80 268694.76
9.90 268694.76
10.00 268694.76
10.10 418144.29
10.20 418144.29
10.30 418144.29
10.40 418144.29
10.50 418144.29
10.60 418144.29
10.70 418144.29
10.80 418144.29
10.90 418144.29
11.00 418144.29
11.10 277119.56
11.20 277119.56
11.30 277119.56
11.40 277119.56
11.50 277119.56
11.60 277119.56
11.70 277119.56
11.80 277119.56
11.90 277119.56
12.00 277119.56
12.10 365436.16
12.20 365436.16
12.30 365436.16
12.40 365436.16
12.50 365436.16
12.60 365436.16
12.70 365436.16
12.80 365436.16
12.90 365436.16
13.00 365436.16
13.10 150614.41
13.20 150614.41
13.30 150614.41
13.40 150614.41
13.50 150614.41
13.60 150614.41
13.70 150614.41
13.80 150614.41
13.90 150614.41
14.00 150614.41
14.10 310517.58
14.20 310517.58
14.30 310517.58
14.40 310517.58
14.50 310517.58
14.60 310517.58
14.70 310517.58
14.80 310517.58
14.90 310517.58
15.00 310517.58
15.10 252646.34
15.20 252646.34
15.30 252646.34
15.40 252646.34
15.50 252646.34
15.60 252646.34
15.70 252646.34
15.80 252646.34
15.90 252646.34
16.00 252646.34
16.10 325650.16
16.20 325650.16
16.30 325650.16
16.40 325650.16
16.50 325650.16
16.60 325650.16
16.70 325650.16
16.80 325650.16
16.90 325650.16
17.00 325650.16
17.10 319231.78
17.20 319231.78
17.30 319231.78
17.40 319231.78
17.50 319231.78
17.60 319231.78
17.70 319231.78
17.80 319231.78
17.90 319231.78
18.00 319231.78
18.10 355354.25
18.20 355354.25
18.30 355354.25
18.40 355354.25
18.50 355354.25
18.60 355354.25
18.70 355354.25
18.80 355354.25
18.90 355354.25
19.00 355354.25
19.10 383413.68
19.20 383413.68
19.30 383413.68
19.40 383413.68
19.50 383413.68
19.60 383413.68
19.70 383413.68
19.80 383413.68
19.90 383413.68
20.00 383413.68
20.10 267374.22
20.20 267374.22
20.30 267374.22
20.40 267374.22
20.50 267374.22
20.60 267374.22
20.70 267374.22
20.80 267374.22
20.90 267374.22
21.00 267374.22
21.10 287928.04
21.20 287928.04
21.30 287928.04
21.40 287928.04
21.50 287928.04
21.60 287928.04
21.70 287928.04
21.80 287928.04
21.90 287928.04
22.00 287928.04
22.10 157549.68
22.20 157549.68
22.30 157549.68
22.40 157549.68
22.50 157549.68
22.60 157549.68
22.70 157549.68
22.80 157549.68
22.90 157549.68
23.00 157549.68
23.10 339976.45
23.20 339976.45
23.30 339976.45
23.40 339976.45
23.50 339976.45
23.60 339976.45
23.70 339976.45
23.80 339976.45
23.90 339976.45
24.00 339976.45
24.10 461994.06
24.20 461994.06
24.30 461994.06
24.40 461994.06
24.50 461994.06
24.60 461994.06
24.70 461994.06
24.80 461994.06
24.90 461994.06
25.00 461994.06
25.10 381077.55
25.20 381077.55
25.30 381077.55
25.40 381077.55
25.50 381077.55
25.60 381077.55
25.70 381077.55
25.80 381077.55
25.90 381077.55
26.00 381077.55
26.10 354515.93
26.20 354515.93
26.30 354515.93
26.40 354515.93
26.50 354515.93
26.60 354515.93
26.70 354515.93
26.80 354515.93
26.90 354515.93
27.00 354515.93
27.10 325289.10
27.20 325289.10
27.30 325289.10
27.40 325289.10
27.50 325289.10
27.60 325289.10
27.70 325289.10
27.80 325289.10
27.90 325289.10
28.00 325289.10
28.10 369785.90
28.20 369785.90
28.30 369785.90
28.40 369785.90
28.50 369785.90
28.60 369785.90
28.70 369785.90
28.80 369785.90
28.90 369785.90
29.00 369785.90
29.10 345896.13
29.20 345896.13
29.30 345896.13
29.40 345896.13
29.50 345896.13
29.60 345896.13
29.70 345896.13
29.80 345896.13
29.90 345896.13
30.00 345896.13
