0.13 92996.0
0.24 115204.0
0.35 120756.0
0.45 94384.0
0.56 119368.0
0.66 91608.0
0.77 95772.0
0.88 106876.0
0.99 97160.0
1.10 102712.0
1.20 94384.0
1.31 99936.0
1.41 98548.0
1.52 106876.0
1.63 79116.0
1.74 80504.0
1.85 80504.0
1.95 91608.0
2.06 69400.0
2.17 72176.0
2.28 72176.0
2.38 62460.0
2.49 88832.0
2.60 101324.0
2.70 77728.0
2.81 74952.0
2.91 80504.0
3.02 90220.0
3.13 81892.0
3.24 76340.0
3.35 86056.0
3.45 66624.0
3.56 81892.0
3.66 70788.0
3.77 94384.0
3.88 88832.0
3.99 80504.0
4.10 88832.0
4.20 69400.0
4.31 97160.0
4.41 90220.0
4.52 92996.0
4.63 104100.0
4.74 106876.0
4.85 106876.0
4.95 97160.0
5.06 99936.0
5.16 95772.0
5.27 97160.0
5.38 104100.0
5.49 117980.0
5.60 88832.0
5.70 84668.0
5.81 105488.0
5.91 101324.0
6.02 106876.0
6.13 129084.0
6.24 108264.0
6.35 111040.0
6.45 101324.0
6.56 97160.0
6.66 91608.0
6.77 101324.0
6.88 113816.0
6.99 117980.0
7.10 97160.0
7.20 86056.0
7.31 109652.0
7.41 86056.0
7.52 88832.0
7.63 109652.0
7.74 91608.0
7.85 94384.0
7.95 97160.0
8.06 92996.0
8.16 92996.0
8.27 80504.0
8.39 66624.0
8.50 86056.0
8.61 76340.0
8.71 76340.0
8.82 92996.0
8.92 86056.0
9.03 84668.0
9.13 83280.0
9.24 98548.0
9.35 77728.0
9.46 98548.0
9.57 86056.0
9.67 90220.0
9.78 90220.0
9.88 79116.0
9.99 86056.0
10.11 83280.0
10.21 77728.0
10.32 97160.0
10.42 66624.0
10.53 56908.0
10.63 73564.0
10.74 62460.0
10.85 101324.0
10.95 77728.0
11.06 90220.0
11.16 81892.0
11.27 95772.0
11.38 84668.0
11.49 77728.0
11.60 62460.0
11.71 77728.0
11.82 94384.0
11.92 63848.0
12.03 76340.0
12.13 84668.0
12.24 91608.0
12.35 87444.0
12.45 79116.0
12.56 105488.0
12.66 92996.0
12.78 104100.0
12.88 104100.0
12.99 76340.0
13.10 86056.0
13.20 95772.0
13.31 109652.0
13.42 92996.0
13.53 97160.0
13.63 90220.0
13.74 84668.0
13.85 73564.0
13.95 52744.0
14.06 44416.0
14.16 37476.0
14.27 92996.0
14.39 105488.0
14.50 105488.0
14.61 76340.0
14.71 37476.0
14.83 49968.0
14.93 68012.0
15.04 66624.0
15.15 83280.0
15.26 102712.0
15.37 49968.0
15.47 38864.0
15.59 56908.0
15.69 74952.0
15.80 83280.0
15.90 87444.0
16.01 55520.0
16.12 41640.0
16.23 73564.0
16.35 97160.0
16.46 84668.0
16.57 104100.0
16.68 72176.0
16.79 59684.0
16.89 72176.0
17.00 83280.0
17.11 105488.0
17.21 84668.0
17.32 59684.0
17.42 62460.0
17.53 58296.0
17.63 72176.0
17.74 86056.0
17.85 98548.0
17.95 80504.0
18.06 83280.0
18.16 37476.0
18.27 47192.0
18.39 36088.0
18.50 87444.0
18.62 66624.0
18.72 72176.0
18.83 48580.0
18.93 37476.0
19.04 80504.0
19.14 79116.0
19.25 79116.0
19.36 72176.0
19.46 81892.0
19.57 79116.0
19.67 66624.0
19.78 94384.0
19.88 81892.0
19.99 95772.0
20.10 95772.0
20.20 87444.0
20.32 91608.0
20.42 87444.0
20.53 87444.0
20.63 77728.0
20.74 88832.0
20.85 83280.0
20.96 88832.0
21.07 84668.0
21.17 86056.0
21.28 83280.0
21.38 66624.0
21.50 84668.0
21.61 92996.0
21.72 77728.0
21.83 84668.0
21.93 72176.0
22.04 86056.0
22.14 72176.0
22.25 79116.0
22.36 81892.0
22.46 83280.0
22.57 81892.0
22.67 81892.0
22.78 73564.0
22.88 65236.0
22.99 79116.0
23.11 73564.0
23.21 66624.0
23.32 90220.0
23.42 86056.0
23.53 86056.0
23.63 83280.0
23.74 102712.0
23.85 97160.0
23.95 86056.0
24.06 91608.0
24.16 83280.0
24.27 88832.0
24.38 69400.0
24.49 94384.0
24.60 99936.0
24.70 88832.0
24.81 84668.0
24.91 84668.0
25.02 84668.0
25.13 51356.0
25.24 56908.0
25.35 76340.0
25.45 86056.0
25.56 94384.0
25.66 76340.0
25.77 84668.0
25.88 69400.0
25.99 92996.0
26.10 81892.0
26.20 72176.0
26.31 77728.0
26.41 63848.0
26.52 88832.0
26.64 61072.0
26.75 77728.0
26.87 87444.0
26.97 84668.0
27.08 73564.0
27.18 65236.0
27.29 59684.0
27.40 56908.0
27.51 90220.0
27.62 74952.0
27.72 59684.0
27.83 56908.0
27.94 69400.0
28.05 87444.0
28.15 70788.0
28.26 84668.0
28.37 83280.0
28.47 86056.0
28.58 70788.0
28.68 76340.0
28.79 84668.0
28.89 83280.0
29.00 70788.0
29.11 83280.0
29.22 56908.0
29.33 51356.0
29.43 80504.0
29.55 92996.0
29.65 94384.0
29.76 65236.0
29.87 72176.0
29.97 47192.0
