0.12 84668.0
0.23 87444.0
0.34 61072.0
0.44 80504.0
0.55 66624.0
0.65 66624.0
0.76 70788.0
0.87 80504.0
0.98 74952.0
1.09 80504.0
1.19 88832.0
1.30 99936.0
1.40 74952.0
1.51 61072.0
1.62 51356.0
1.73 63848.0
1.84 59684.0
1.94 51356.0
2.05 59684.0
2.15 58296.0
2.26 69400.0
2.37 61072.0
2.48 52744.0
2.59 79116.0
2.69 70788.0
2.80 80504.0
2.90 69400.0
3.01 90220.0
3.12 86056.0
3.23 77728.0
3.34 74952.0
3.44 65236.0
3.55 72176.0
3.65 66624.0
3.76 58296.0
3.88 87444.0
3.99 74952.0
4.10 84668.0
4.20 63848.0
4.31 92996.0
4.41 83280.0
4.52 70788.0
4.62 70788.0
4.73 61072.0
4.84 61072.0
4.94 41640.0
5.05 49968.0
5.15 66624.0
5.26 68012.0
5.37 74952.0
5.48 66624.0
5.59 70788.0
5.69 68012.0
5.80 65236.0
5.90 55520.0
6.01 66624.0
6.12 72176.0
6.23 70788.0
6.35 73564.0
6.45 52744.0
6.56 49968.0
6.66 72176.0
6.77 62460.0
6.87 52744.0
6.98 74952.0
7.09 94384.0
7.19 87444.0
7.31 91608.0
7.41 92996.0
7.52 63848.0
7.62 65236.0
7.73 80504.0
7.84 65236.0
7.94 80504.0
8.05 59684.0
8.15 51356.0
8.26 47192.0
8.37 62460.0
8.48 63848.0
8.60 62460.0
8.70 73564.0
8.81 74952.0
8.92 80504.0
9.03 83280.0
9.13 77728.0
9.24 95772.0
9.35 79116.0
9.45 74952.0
9.56 94384.0
9.66 86056.0
9.77 102712.0
9.87 72176.0
9.98 81892.0
10.09 88832.0
10.19 72176.0
10.30 63848.0
10.41 56908.0
10.52 61072.0
10.62 56908.0
10.73 54132.0
10.84 49968.0
10.94 58296.0
11.05 56908.0
11.15 69400.0
11.26 66624.0
11.37 87444.0
11.48 79116.0
11.59 79116.0
11.69 86056.0
11.80 99936.0
11.90 84668.0
12.01 94384.0
12.12 95772.0
12.23 91608.0
12.34 95772.0
12.44 72176.0
12.55 97160.0
12.65 56908.0
12.76 74952.0
12.87 69400.0
12.98 66624.0
13.09 88832.0
13.19 62460.0
13.30 87444.0
13.40 68012.0
13.51 86056.0
13.62 74952.0
13.73 81892.0
13.84 94384.0
13.94 81892.0
14.05 88832.0
14.15 104100.0
14.26 91608.0
14.37 102712.0
14.48 101324.0
14.59 101324.0
14.69 98548.0
14.80 111040.0
14.90 86056.0
15.01 76340.0
15.12 109652.0
15.23 104100.0
15.34 97160.0
15.44 83280.0
15.55 102712.0
15.66 94384.0
15.77 99936.0
15.87 83280.0
15.98 91608.0
16.09 115204.0
16.19 94384.0
16.30 101324.0
16.40 97160.0
16.51 99936.0
16.62 95772.0
16.74 83280.0
16.85 111040.0
16.95 88832.0
17.06 92996.0
17.16 94384.0
17.27 83280.0
17.37 98548.0
17.48 105488.0
17.59 106876.0
17.69 98548.0
17.80 101324.0
17.90 91608.0
18.01 92996.0
18.12 92996.0
18.23 97160.0
18.34 108264.0
18.45 95772.0
18.56 88832.0
18.66 70788.0
18.77 95772.0
18.87 80504.0
18.98 91608.0
19.09 112428.0
19.19 80504.0
19.30 101324.0
19.40 80504.0
19.51 95772.0
19.62 86056.0
19.73 102712.0
19.85 113816.0
19.95 90220.0
20.06 86056.0
20.16 92996.0
20.28 109652.0
20.38 79116.0
20.49 77728.0
20.60 98548.0
20.70 91608.0
20.81 109652.0
20.91 87444.0
21.02 92996.0
21.12 91608.0
21.23 106876.0
21.34 90220.0
21.44 84668.0
21.55 99936.0
21.65 80504.0
21.76 97160.0
21.87 90220.0
21.98 102712.0
22.09 104100.0
22.19 73564.0
22.30 105488.0
22.40 92996.0
22.51 104100.0
22.62 94384.0
22.73 95772.0
22.84 95772.0
22.94 80504.0
23.06 108264.0
23.16 101324.0
23.27 88832.0
23.37 76340.0
23.48 81892.0
23.59 91608.0
23.69 79116.0
23.80 88832.0
23.90 94384.0
24.01 87444.0
24.12 95772.0
24.23 94384.0
24.34 98548.0
24.44 84668.0
24.55 102712.0
24.65 81892.0
24.77 98548.0
24.87 104100.0
24.98 104100.0
25.09 98548.0
25.19 94384.0
25.30 76340.0
25.40 86056.0
25.51 104100.0
25.62 94384.0
25.73 105488.0
25.84 98548.0
25.94 92996.0
26.05 99936.0
26.15 95772.0
26.26 109652.0
26.37 88832.0
26.48 109652.0
26.59 98548.0
26.69 95772.0
26.80 98548.0
26.90 94384.0
27.02 87444.0
27.12 106876.0
27.23 99936.0
27.34 101324.0
27.44 119368.0
27.55 112428.0
27.65 54132.0
27.76 79116.0
27.88 69400.0
27.99 65236.0
28.10 87444.0
28.20 49968.0
28.31 79116.0
28.41 83280.0
28.52 97160.0
28.62 86056.0
28.73 99936.0
28.84 98548.0
28.94 106876.0
29.05 87444.0
29.15 92996.0
29.26 106876.0
29.37 108264.0
29.48 112428.0
29.59 108264.0
29.69 101324.0
29.81 101324.0
29.91 88832.0
