0.13 72176.0
0.25 80504.0
0.36 90220.0
0.46 90220.0
0.57 87444.0
0.67 77728.0
0.78 97160.0
0.89 88832.0
1.00 91608.0
1.11 111040.0
1.21 83280.0
1.32 111040.0
1.42 91608.0
1.53 90220.0
1.63 92996.0
1.74 80504.0
1.85 101324.0
1.95 88832.0
2.06 86056.0
2.16 79116.0
2.28 86056.0
2.39 94384.0
2.50 80504.0
2.61 91608.0
2.71 74952.0
2.82 86056.0
2.92 80504.0
3.03 83280.0
3.13 77728.0
3.24 86056.0
3.35 72176.0
3.45 70788.0
3.56 70788.0
3.66 88832.0
3.77 81892.0
3.88 97160.0
3.99 81892.0
4.10 77728.0
4.20 70788.0
4.31 92996.0
4.41 80504.0
4.52 80504.0
4.63 84668.0
4.74 105488.0
4.85 91608.0
4.95 73564.0
5.06 77728.0
5.17 74952.0
5.28 106876.0
5.38 73564.0
5.49 79116.0
5.60 80504.0
5.70 90220.0
5.81 95772.0
5.91 90220.0
6.02 84668.0
6.13 74952.0
6.25 70788.0
6.36 70788.0
6.46 72176.0
6.57 66624.0
6.67 79116.0
6.78 68012.0
6.88 79116.0
6.99 76340.0
7.10 86056.0
7.20 66624.0
7.31 81892.0
7.41 79116.0
7.52 80504.0
7.63 98548.0
7.74 72176.0
7.85 61072.0
7.95 58296.0
8.06 66624.0
8.16 68012.0
8.27 83280.0
8.38 97160.0
8.49 88832.0
8.60 102712.0
8.70 86056.0
8.81 95772.0
8.91 92996.0
9.02 99936.0
9.13 86056.0
9.24 84668.0
9.35 61072.0
9.45 83280.0
9.56 63848.0
9.66 76340.0
9.77 86056.0
9.88 91608.0
9.99 91608.0
10.11 92996.0
10.21 84668.0
10.32 99936.0
10.43 74952.0
10.54 108264.0
10.64 83280.0
10.75 87444.0
10.86 97160.0
10.96 62460.0
11.07 56908.0
11.17 87444.0
11.29 73564.0
11.39 94384.0
11.50 94384.0
11.61 92996.0
11.71 68012.0
11.82 63848.0
11.92 83280.0
12.03 76340.0
12.14 69400.0
12.27 94384.0
12.38 81892.0
12.49 72176.0
12.60 84668.0
12.70 74952.0
12.81 92996.0
12.91 81892.0
13.02 69400.0
13.14 54132.0
13.25 81892.0
13.36 88832.0
13.46 73564.0
13.57 80504.0
13.67 86056.0
13.78 63848.0
13.88 79116.0
13.99 101324.0
14.10 76340.0
14.20 86056.0
14.31 80504.0
14.41 76340.0
14.52 92996.0
14.63 94384.0
14.74 66624.0
14.85 90220.0
14.95 84668.0
15.06 81892.0
15.17 79116.0
15.28 84668.0
15.38 86056.0
15.49 90220.0
15.60 52744.0
15.70 59684.0
15.81 86056.0
15.91 55520.0
16.02 73564.0
16.14 90220.0
16.25 86056.0
16.36 68012.0
16.46 73564.0
16.57 95772.0
16.67 91608.0
16.78 92996.0
16.88 95772.0
16.99 86056.0
17.10 92996.0
17.20 73564.0
17.31 86056.0
17.41 62460.0
17.52 81892.0
17.63 76340.0
17.74 81892.0
17.85 81892.0
17.95 61072.0
18.06 72176.0
18.16 63848.0
18.27 87444.0
18.38 90220.0
18.49 90220.0
18.60 92996.0
18.70 76340.0
18.81 84668.0
18.91 58296.0
19.02 87444.0
19.13 91608.0
19.24 83280.0
19.36 84668.0
19.46 77728.0
19.57 73564.0
19.67 74952.0
19.79 65236.0
19.89 84668.0
20.00 91608.0
20.11 81892.0
20.22 81892.0
20.33 66624.0
20.43 66624.0
20.54 68012.0
20.64 44416.0
20.75 24984.0
20.87 58296.0
20.97 52744.0
21.08 43028.0
21.18 31924.0
21.29 33312.0
21.39 29148.0
21.50 31924.0
21.61 22208.0
21.71 22208.0
21.82 38864.0
21.92 27760.0
22.04 41640.0
22.14 87444.0
22.25 55520.0
22.36 76340.0
22.46 84668.0
22.57 73564.0
22.67 80504.0
22.78 69400.0
22.88 72176.0
22.99 88832.0
23.10 84668.0
23.20 80504.0
23.31 73564.0
23.41 69400.0
23.52 92996.0
23.63 92996.0
23.74 80504.0
23.85 84668.0
23.95 68012.0
24.06 79116.0
24.16 76340.0
24.27 70788.0
24.38 79116.0
24.49 83280.0
24.61 74952.0
24.71 76340.0
24.82 74952.0
24.92 73564.0
25.03 79116.0
25.13 72176.0
25.25 88832.0
25.36 83280.0
25.46 61072.0
25.57 73564.0
25.67 59684.0
25.78 61072.0
25.88 55520.0
25.99 47192.0
26.10 52744.0
26.20 70788.0
26.31 90220.0
26.41 91608.0
26.52 83280.0
26.63 86056.0
26.74 99936.0
26.85 97160.0
26.95 70788.0
27.06 65236.0
27.16 94384.0
27.27 105488.0
27.38 79116.0
27.49 86056.0
27.60 95772.0
27.70 84668.0
27.81 106876.0
27.91 70788.0
28.02 95772.0
28.13 102712.0
28.24 79116.0
28.35 81892.0
28.45 79116.0
28.57 102712.0
28.67 91608.0
28.78 106876.0
28.88 97160.0
28.99 104100.0
29.10 109652.0
29.20 95772.0
29.31 104100.0
29.41 83280.0
29.52 102712.0
29.63 72176.0
29.74 92996.0
29.85 80504.0
29.96 68012.0
