0.20 91608.0
0.31 91608.0
0.41 88832.0
0.52 98548.0
0.63 87444.0
0.74 81892.0
0.85 79116.0
0.95 95772.0
1.06 83280.0
1.16 79116.0
1.27 101324.0
1.38 90220.0
1.49 91608.0
1.60 94384.0
1.71 72176.0
1.82 92996.0
1.92 70788.0
2.03 90220.0
2.13 77728.0
2.24 87444.0
2.35 77728.0
2.45 72176.0
2.56 73564.0
2.66 87444.0
2.77 84668.0
2.88 101324.0
3.00 92996.0
3.11 87444.0
3.21 80504.0
3.32 84668.0
3.42 87444.0
3.53 83280.0
3.64 77728.0
3.75 83280.0
3.86 80504.0
3.96 81892.0
4.07 87444.0
4.17 76340.0
4.28 70788.0
4.38 95772.0
4.49 84668.0
4.60 81892.0
4.70 84668.0
4.81 83280.0
4.91 84668.0
5.02 81892.0
5.13 86056.0
5.24 91608.0
5.35 91608.0
5.45 72176.0
5.56 83280.0
5.66 87444.0
5.77 88832.0
5.88 81892.0
5.99 81892.0
6.10 80504.0
6.20 72176.0
6.31 87444.0
6.41 77728.0
6.52 83280.0
6.63 77728.0
6.74 91608.0
6.85 95772.0
6.96 92996.0
7.07 88832.0
7.17 73564.0
7.29 86056.0
7.39 79116.0
7.50 91608.0
7.61 80504.0
7.71 76340.0
7.82 83280.0
7.92 68012.0
8.04 88832.0
8.14 88832.0
8.25 87444.0
8.37 91608.0
8.47 83280.0
8.58 98548.0
8.68 72176.0
8.79 59684.0
8.89 51356.0
9.00 76340.0
9.11 90220.0
9.21 83280.0
9.32 66624.0
9.42 68012.0
9.54 79116.0
9.64 61072.0
9.75 65236.0
9.87 83280.0
9.97 40252.0
10.08 43028.0
10.18 44416.0
10.29 55520.0
10.39 69400.0
10.50 45804.0
10.61 43028.0
10.71 36088.0
10.82 40252.0
10.92 37476.0
11.03 41640.0
11.13 34700.0
11.24 40252.0
11.35 41640.0
11.45 27760.0
11.56 74952.0
11.66 43028.0
11.77 65236.0
11.88 43028.0
11.99 58296.0
12.10 79116.0
12.20 81892.0
12.31 77728.0
12.41 63848.0
12.52 76340.0
12.63 91608.0
12.74 91608.0
12.85 68012.0
12.95 69400.0
13.06 90220.0
13.16 59684.0
13.27 80504.0
13.38 80504.0
13.49 81892.0
13.60 77728.0
13.70 80504.0
13.81 79116.0
13.91 72176.0
14.02 86056.0
14.13 91608.0
14.24 88832.0
14.35 77728.0
14.45 72176.0
14.56 83280.0
14.66 66624.0
14.77 92996.0
14.88 69400.0
15.00 84668.0
15.11 92996.0
15.21 52744.0
15.32 91608.0
15.42 79116.0
15.53 91608.0
15.63 88832.0
15.74 92996.0
15.85 83280.0
15.95 77728.0
16.06 74952.0
16.16 66624.0
16.27 90220.0
16.39 84668.0
16.50 91608.0
16.61 79116.0
16.71 88832.0
16.82 87444.0
16.92 69400.0
17.03 81892.0
17.13 76340.0
17.24 81892.0
17.35 91608.0
17.45 84668.0
17.56 90220.0
17.66 62460.0
17.77 94384.0
17.88 51356.0
17.99 87444.0
18.10 80504.0
18.20 79116.0
18.31 80504.0
18.41 83280.0
18.52 76340.0
18.63 88832.0
18.74 83280.0
18.85 72176.0
18.95 81892.0
19.06 73564.0
19.16 87444.0
19.27 84668.0
19.38 79116.0
19.49 98548.0
19.60 88832.0
19.70 73564.0
19.81 76340.0
19.91 77728.0
20.02 83280.0
20.13 91608.0
20.24 73564.0
20.35 81892.0
20.45 84668.0
20.56 84668.0
20.66 84668.0
20.77 84668.0
20.88 92996.0
20.99 88832.0
21.10 91608.0
21.20 79116.0
21.32 102712.0
21.42 90220.0
21.54 91608.0
21.64 83280.0
21.75 92996.0
21.86 77728.0
21.96 87444.0
22.07 84668.0
22.17 83280.0
22.28 65236.0
22.38 70788.0
22.49 77728.0
22.60 83280.0
22.70 81892.0
22.81 77728.0
22.91 77728.0
23.02 84668.0
23.13 76340.0
23.24 97160.0
23.35 83280.0
23.45 84668.0
23.56 91608.0
23.66 81892.0
23.77 94384.0
23.88 80504.0
23.99 97160.0
24.10 94384.0
24.20 68012.0
24.31 99936.0
24.41 74952.0
24.52 86056.0
24.64 97160.0
24.75 86056.0
24.86 69400.0
24.96 76340.0
25.07 88832.0
25.17 84668.0
25.28 81892.0
25.38 87444.0
25.49 79116.0
25.60 74952.0
25.70 73564.0
25.81 70788.0
25.91 86056.0
26.02 73564.0
26.13 83280.0
26.24 80504.0
26.35 81892.0
26.45 73564.0
26.56 84668.0
26.66 70788.0
26.77 76340.0
26.88 84668.0
26.99 73564.0
27.10 83280.0
27.20 61072.0
27.31 66624.0
27.41 74952.0
27.52 73564.0
27.63 77728.0
27.74 74952.0
27.85 84668.0
27.95 87444.0
28.07 91608.0
28.17 73564.0
28.28 80504.0
28.38 65236.0
28.49 73564.0
28.60 81892.0
28.70 87444.0
28.81 86056.0
28.91 61072.0
29.02 94384.0
29.13 87444.0
29.24 84668.0
29.35 87444.0
29.45 84668.0
29.56 84668.0
29.66 77728.0
29.77 95772.0
29.88 74952.0
29.99 92996.0
