0.16 80504.0
0.27 68012.0
0.38 102712.0
0.49 79116.0
0.61 73564.0
0.71 66624.0
0.82 87444.0
0.92 68012.0
1.03 87444.0
1.13 76340.0
1.24 97160.0
1.35 86056.0
1.45 76340.0
1.56 87444.0
1.66 72176.0
1.77 91608.0
1.88 90220.0
1.99 83280.0
2.10 92996.0
2.20 73564.0
2.32 72176.0
2.42 72176.0
2.53 47192.0
2.63 47192.0
2.74 61072.0
2.85 90220.0
2.95 72176.0
3.06 76340.0
3.16 84668.0
3.27 91608.0
3.38 88832.0
3.49 86056.0
3.60 90220.0
3.71 74952.0
3.82 87444.0
3.92 83280.0
4.03 83280.0
4.13 83280.0
4.24 74952.0
4.35 77728.0
4.45 80504.0
4.56 84668.0
4.66 74952.0
4.77 86056.0
4.88 84668.0
4.99 94384.0
5.10 77728.0
5.20 79116.0
5.31 88832.0
5.42 74952.0
5.53 98548.0
5.63 69400.0
5.74 74952.0
5.85 80504.0
5.95 59684.0
6.06 77728.0
6.16 65236.0
6.27 86056.0
6.38 84668.0
6.49 83280.0
6.60 87444.0
6.70 70788.0
6.81 83280.0
6.91 62460.0
7.02 88832.0
7.13 81892.0
7.25 77728.0
7.36 69400.0
7.46 77728.0
7.57 90220.0
7.67 74952.0
7.78 92996.0
7.88 76340.0
7.99 77728.0
8.10 87444.0
8.20 77728.0
8.31 87444.0
8.42 73564.0
8.53 69400.0
8.63 72176.0
8.74 72176.0
8.85 84668.0
8.96 81892.0
9.07 101324.0
9.17 81892.0
9.28 90220.0
9.38 84668.0
9.49 91608.0
9.60 88832.0
9.70 80504.0
9.81 76340.0
9.92 84668.0
10.03 88832.0
10.13 81892.0
10.25 83280.0
10.37 99936.0
10.47 91608.0
10.58 95772.0
10.68 81892.0
10.79 84668.0
10.89 73564.0
11.00 84668.0
11.11 94384.0
11.21 77728.0
11.33 83280.0
11.43 80504.0
11.54 84668.0
11.64 63848.0
11.76 102712.0
11.87 105488.0
11.98 76340.0
12.09 87444.0
12.19 84668.0
12.30 88832.0
12.40 80504.0
12.51 91608.0
12.62 94384.0
12.72 74952.0
12.83 83280.0
12.93 70788.0
13.04 95772.0
13.15 80504.0
13.26 99936.0
13.38 90220.0
13.49 87444.0
13.60 92996.0
13.70 81892.0
13.81 84668.0
13.91 73564.0
14.02 80504.0
14.13 83280.0
14.24 101324.0
14.35 87444.0
14.45 70788.0
14.56 88832.0
14.66 69400.0
14.77 77728.0
14.88 77728.0
14.99 80504.0
15.10 104100.0
15.20 79116.0
15.31 80504.0
15.41 77728.0
15.52 91608.0
15.63 80504.0
15.74 91608.0
15.85 90220.0
15.95 76340.0
16.06 80504.0
16.16 73564.0
16.27 80504.0
16.38 81892.0
16.49 72176.0
16.60 84668.0
16.70 80504.0
16.81 77728.0
16.91 84668.0
17.02 80504.0
17.13 73564.0
17.24 77728.0
17.35 81892.0
17.45 74952.0
17.57 83280.0
17.67 69400.0
17.79 76340.0
17.89 73564.0
18.00 91608.0
18.11 84668.0
18.21 80504.0
18.32 79116.0
18.42 76340.0
18.53 79116.0
18.63 72176.0
18.74 81892.0
18.85 73564.0
18.95 76340.0
19.06 83280.0
19.16 73564.0
19.27 90220.0
19.38 73564.0
19.49 86056.0
19.60 81892.0
19.70 62460.0
19.81 88832.0
19.91 79116.0
20.02 91608.0
20.13 84668.0
20.24 86056.0
20.35 80504.0
20.45 77728.0
20.56 72176.0
20.66 77728.0
20.77 81892.0
20.88 86056.0
20.99 91608.0
21.10 83280.0
21.20 70788.0
21.31 94384.0
21.41 77728.0
21.52 86056.0
21.63 73564.0
21.74 80504.0
21.85 79116.0
21.96 65236.0
22.07 91608.0
22.17 69400.0
22.28 77728.0
22.39 73564.0
22.50 76340.0
22.61 84668.0
22.71 83280.0
22.82 83280.0
22.92 83280.0
23.03 79116.0
23.13 65236.0
23.24 91608.0
23.35 94384.0
23.45 83280.0
23.56 81892.0
23.66 79116.0
23.77 74952.0
23.88 99936.0
23.99 81892.0
24.10 80504.0
24.20 76340.0
24.31 95772.0
24.41 77728.0
24.52 83280.0
24.63 91608.0
24.74 91608.0
24.85 92996.0
24.95 69400.0
25.06 84668.0
25.16 69400.0
25.27 79116.0
25.38 74952.0
25.50 79116.0
25.62 83280.0
25.72 83280.0
25.83 73564.0
25.93 74952.0
26.04 79116.0
26.14 63848.0
26.25 70788.0
26.37 83280.0
26.47 76340.0
26.58 70788.0
26.68 69400.0
26.79 88832.0
26.89 74952.0
27.00 70788.0
27.11 80504.0
27.21 72176.0
27.32 79116.0
27.42 66624.0
27.54 86056.0
27.64 68012.0
27.75 92996.0
27.86 84668.0
27.96 76340.0
28.07 88832.0
28.17 76340.0
28.28 102712.0
28.38 83280.0
28.49 87444.0
28.60 79116.0
28.70 86056.0
28.81 90220.0
28.91 76340.0
29.03 91608.0
29.13 97160.0
29.24 81892.0
29.36 88832.0
29.46 84668.0
29.57 72176.0
29.67 84668.0
29.78 83280.0
29.88 74952.0
29.99 86056.0
