0.10 75904.16
0.20 75904.16
0.30 75904.16
0.40 75904.16
0.50 75904.16
0.60 75904.16
0.70 75904.16
0.80 75904.16
0.90 75904.16
1.00 75904.16
1.10 94011.95
1.20 94011.95
1.30 94011.95
1.40 94011.95
1.50 94011.95
1.60 94011.95
1.70 94011.95
1.80 94011.95
1.90 94011.95
2.00 94011.95
2.10 50784.14
2.20 50784.14
2.30 50784.14
2.40 50784.14
2.50 50784.14
2.60 50784.14
2.70 50784.14
2.80 50784.14
2.90 50784.14
3.00 50784.14
3.10 90832.58
3.20 90832.58
3.30 90832.58
3.40 90832.58
3.50 90832.58
3.60 90832.58
3.70 90832.58
3.80 90832.58
3.90 90832.58
4.00 90832.58
4.10 68988.72
4.20 68988.72
4.30 68988.72
4.40 68988.72
4.50 68988.72
4.60 68988.72
4.70 68988.72
4.80 68988.72
4.90 68988.72
5.00 68988.72
5.10 93515.28
5.20 93515.28
5.30 93515.28
5.40 93515.28
5.50 93515.28
5.60 93515.28
5.70 93515.28
5.80 93515.28
5.90 93515.28
6.00 93515.28
6.10 134511.64
6.20 134511.64
6.30 134511.64
6.40 134511.64
6.50 134511.64
6.60 134511.64
6.70 134511.64
6.80 134511.64
6.90 134511.64
7.00 134511.64
7.10 248141.58
7.20 248141.58
7.30 248141.58
7.40 248141.58
7.50 248141.58
7.60 248141.58
7.70 248141.58
7.80 248141.58
7.90 248141.58
8.00 248141.58
8.10 83823.15
8.20 83823.15
8.30 83823.15
8.40 83823.15
8.50 83823.15
8.60 83823.15
8.70 83823.15
8.80 83823.15
8.90 83823.15
9.00 83823.15
9.10 72549.30
9.20 72549.30
9.30 72549.30
9.40 72549.30
9.50 72549.30
9.60 72549.30
9.70 72549.30
9.80 72549.30
9.90 72549.30
10.00 72549.30
10.10 47921.55
10.20 47921.55
10.30 47921.55
10.40 47921.55
10.50 47921.55
10.60 47921.55
10.70 47921.55
10.80 47921.55
10.90 47921.55
11.00 47921.55
11.10 288984.96
11.20 288984.96
11.30 288984.96
11.40 288984.96
11.50 288984.96
11.60 288984.96
11.70 288984.96
11.80 288984.96
11.90 288984.96
12.00 288984.96
12.10 160903.69
12.20 160903.69
12.30 160903.69
12.40 160903.69
12.50 160903.69
12.60 160903.69
12.70 160903.69
12.80 160903.69
12.90 160903.69
13.00 160903.69
13.10 67139.68
13.20 67139.68
13.30 67139.68
13.40 67139.68
13.50 67139.68
13.60 67139.68
13.70 67139.68
13.80 67139.68
13.90 67139.68
14.00 67139.68
14.10 117103.76
14.20 117103.76
14.30 117103.76
14.40 117103.76
14.50 117103.76
14.60 117103.76
14.70 117103.76
14.80 117103.76
14.90 117103.76
15.00 117103.76
15.10 146420.30
15.20 146420.30
15.30 146420.30
15.40 146420.30
15.50 146420.30
15.60 146420.30
15.70 146420.30
15.80 146420.30
15.90 146420.30
16.00 146420.30
16.10 133930.96
16.20 133930.96
16.30 133930.96
16.40 133930.96
16.50 133930.96
16.60 133930.96
16.70 133930.96
16.80 133930.96
16.90 133930.96
17.00 133930.96
17.10 0.00
17.20 0.00
17.30 0.00
17.40 0.00
17.50 0.00
17.60 0.00
17.70 0.00
17.80 0.00
17.90 0.00
18.00 0.00
18.10 0.00
18.20 0.00
18.30 0.00
18.40 0.00
18.50 0.00
18.60 0.00
18.70 0.00
18.80 0.00
18.90 0.00
19.00 0.00
19.10 4604.08
19.20 4604.08
19.30 4604.08
19.40 4604.08
19.50 4604.08
19.60 4604.08
19.70 4604.08
19.80 4604.08
19.90 4604.08
20.00 4604.08
20.10 3892.39
20.20 3892.39
20.30 3892.39
20.40 3892.39
20.50 3892.39
20.60 3892.39
20.70 3892.39
20.80 3892.39
20.90 3892.39
21.00 3892.39
21.10 5399.42
21.20 5399.42
21.30 5399.42
21.40 5399.42
21.50 5399.42
21.60 5399.42
21.70 5399.42
21.80 5399.42
21.90 5399.42
22.00 5399.42
22.10 120767.17
22.20 120767.17
22.30 120767.17
22.40 120767.17
22.50 120767.17
22.60 120767.17
22.70 120767.17
22.80 120767.17
22.90 120767.17
23.00 120767.17
23.10 38359.83
23.20 38359.83
23.30 38359.83
23.40 38359.83
23.50 38359.83
23.60 38359.83
23.70 38359.83
23.80 38359.83
23.90 38359.83
24.00 38359.83
24.10 50840.22
24.20 50840.22
24.30 50840.22
24.40 50840.22
24.50 50840.22
24.60 50840.22
24.70 50840.22
24.80 50840.22
24.90 50840.22
25.00 50840.22
25.10 13007.98
25.20 13007.98
25.30 13007.98
25.40 13007.98
25.50 13007.98
25.60 13007.98
25.70 13007.98
25.80 13007.98
25.90 13007.98
26.00 13007.98
26.10 10622.98
26.20 10622.98
26.30 10622.98
26.40 10622.98
26.50 10622.98
26.60 10622.98
26.70 10622.98
26.80 10622.98
26.90 10622.98
27.00 10622.98
27.10 4936.82
27.20 4936.82
27.30 4936.82
27.40 4936.82
27.50 4936.82
27.60 4936.82
27.70 4936.82
27.80 4936.82
27.90 4936.82
28.00 4936.82
28.10 14072.03
28.20 14072.03
28.30 14072.03
28.40 14072.03
28.50 14072.03
28.60 14072.03
28.70 14072.03
28.80 14072.03
28.90 14072.03
29.00 14072.03
29.10 44153.47
29.20 44153.47
29.30 44153.47
29.40 44153.47
29.50 44153.47
29.60 44153.47
29.70 44153.47
29.80 44153.47
29.90 44153.47
30.00 44153.47
