0.10 17563.60
0.20 17563.60
0.30 17563.60
0.40 17563.60
0.50 17563.60
0.60 30670.80
0.70 30670.80
0.80 30670.80
0.90 30670.80
1.00 30670.80
1.10 11534.30
1.20 11534.30
1.30 11534.30
1.40 11534.30
1.50 11534.30
1.60 25690.10
1.70 25690.10
1.80 25690.10
1.90 25690.10
2.00 25690.10
2.10 23593.00
2.20 23593.00
2.30 23593.00
2.40 23593.00
2.50 23593.00
2.60 40108.00
2.70 40108.00
2.80 40108.00
2.90 40108.00
3.00 40108.00
3.10 22544.40
3.20 22544.40
3.30 22544.40
3.40 22544.40
3.50 22544.40
3.60 28835.80
3.70 28835.80
3.80 28835.80
3.90 28835.80
4.00 28835.80
4.10 10485.80
4.20 10485.80
4.30 10485.80
4.40 10485.80
4.50 10485.80
4.60 25952.30
4.70 25952.30
4.80 25952.30
4.90 25952.30
5.00 25952.30
5.10 14680.10
5.20 14680.10
5.30 14680.10
5.40 14680.10
5.50 14680.10
5.60 37224.40
5.70 37224.40
5.80 37224.40
5.90 37224.40
6.00 37224.40
6.10 25952.30
6.20 25952.30
6.30 25952.30
6.40 25952.30
6.50 25952.30
6.60 28835.80
6.70 28835.80
6.80 28835.80
6.90 28835.80
7.00 28835.80
7.10 9437.20
7.20 9437.20
7.30 9437.20
7.40 9437.20
7.50 9437.20
7.60 46399.50
7.70 46399.50
7.80 46399.50
7.90 46399.50
8.00 46399.50
8.10 23330.80
8.20 23330.80
8.30 23330.80
8.40 23330.80
8.50 23330.80
8.60 28311.60
8.70 28311.60
8.80 28311.60
8.90 28311.60
9.00 28311.60
9.10 54788.10
9.20 54788.10
9.30 54788.10
9.40 54788.10
9.50 54788.10
9.60 35913.70
9.70 35913.70
9.80 35913.70
9.90 35913.70
10.00 35913.70
10.10 49283.10
10.20 49283.10
10.30 49283.10
10.40 49283.10
10.50 49283.10
10.60 46137.30
10.70 46137.30
10.80 46137.30
10.90 46137.30
11.00 46137.30
11.10 24379.40
11.20 24379.40
11.30 24379.40
11.40 24379.40
11.50 24379.40
11.60 29098.00
11.70 29098.00
11.80 29098.00
11.90 29098.00
12.00 29098.00
12.10 17563.60
12.20 17563.60
12.30 17563.60
12.40 17563.60
12.50 17563.60
12.60 21758.00
12.70 21758.00
12.80 21758.00
12.90 21758.00
13.00 21758.00
13.10 18612.20
13.20 18612.20
13.30 18612.20
13.40 18612.20
13.50 18612.20
13.60 30933.00
13.70 30933.00
13.80 30933.00
13.90 30933.00
14.00 30933.00
14.10 19660.80
14.20 19660.80
14.30 19660.80
14.40 19660.80
14.50 19660.80
14.60 33292.30
14.70 33292.30
14.80 33292.30
14.90 33292.30
15.00 33292.30
15.10 22806.50
15.20 22806.50
15.30 22806.50
15.40 22806.50
15.50 22806.50
15.60 25165.80
15.70 25165.80
15.80 25165.80
15.90 25165.80
16.00 25165.80
16.10 20709.40
16.20 20709.40
16.30 20709.40
16.40 20709.40
16.50 20709.40
16.60 14417.90
16.70 14417.90
16.80 14417.90
16.90 14417.90
17.00 14417.90
17.10 22544.40
17.20 22544.40
17.30 22544.40
17.40 22544.40
17.50 22544.40
17.60 27787.30
17.70 27787.30
17.80 27787.30
17.90 27787.30
18.00 27787.30
18.10 14942.20
18.20 14942.20
18.30 14942.20
18.40 14942.20
18.50 14942.20
18.60 28049.40
18.70 28049.40
18.80 28049.40
18.90 28049.40
19.00 28049.40
19.10 11272.20
19.20 11272.20
19.30 11272.20
19.40 11272.20
19.50 11272.20
19.60 22020.10
19.70 22020.10
19.80 22020.10
19.90 22020.10
20.00 22020.10
20.10 20185.10
20.20 20185.10
20.30 20185.10
20.40 20185.10
20.50 20185.10
20.60 16777.20
20.70 16777.20
20.80 16777.20
20.90 16777.20
21.00 16777.20
21.10 26476.50
21.20 26476.50
21.30 26476.50
21.40 26476.50
21.50 26476.50
21.60 20709.40
21.70 20709.40
21.80 20709.40
21.90 20709.40
22.00 20709.40
22.10 30670.80
22.20 30670.80
22.30 30670.80
22.40 30670.80
22.50 30670.80
22.60 19922.90
22.70 19922.90
22.80 19922.90
22.90 19922.90
23.00 19922.90
23.10 18612.20
23.20 18612.20
23.30 18612.20
23.40 18612.20
23.50 18612.20
23.60 18350.10
23.70 18350.10
23.80 18350.10
23.90 18350.10
24.00 18350.10
24.10 20185.10
24.20 20185.10
24.30 20185.10
24.40 20185.10
24.50 20185.10
24.60 24641.50
24.70 24641.50
24.80 24641.50
24.90 24641.50
25.00 24641.50
25.10 24903.70
25.20 24903.70
25.30 24903.70
25.40 24903.70
25.50 24903.70
25.60 22544.40
25.70 22544.40
25.80 22544.40
25.90 22544.40
26.00 22544.40
26.10 19136.50
26.20 19136.50
26.30 19136.50
26.40 19136.50
26.50 19136.50
26.60 11534.30
26.70 11534.30
26.80 11534.30
26.90 11534.30
27.00 11534.30
27.10 24903.70
27.20 24903.70
27.30 24903.70
27.40 24903.70
27.50 24903.70
27.60 17039.40
27.70 17039.40
27.80 17039.40
27.90 17039.40
28.00 17039.40
28.10 13107.20
28.20 13107.20
28.30 13107.20
28.40 13107.20
28.50 13107.20
28.60 17563.60
28.70 17563.60
28.80 17563.60
28.90 17563.60
29.00 17563.60
29.10 23068.70
29.20 23068.70
29.30 23068.70
29.40 23068.70
29.50 23068.70
29.60 28311.60
29.70 28311.60
29.80 28311.60
29.90 28311.60
30.00 28311.60
