0.10 73662.50
0.20 73662.50
0.30 73662.50
0.40 73662.50
0.50 73662.50
0.60 65798.10
0.70 65798.10
0.80 65798.10
0.90 65798.10
1.00 65798.10
1.10 28573.70
1.20 28573.70
1.30 28573.70
1.40 28573.70
1.50 28573.70
1.60 34340.90
1.70 34340.90
1.80 34340.90
1.90 34340.90
2.00 34340.90
2.10 83099.60
2.20 83099.60
2.30 83099.60
2.40 83099.60
2.50 83099.60
2.60 93585.40
2.70 93585.40
2.80 93585.40
2.90 93585.40
3.00 93585.40
3.10 8912.90
3.20 8912.90
3.30 8912.90
3.40 8912.90
3.50 8912.90
3.60 120848.40
3.70 120848.40
3.80 120848.40
3.90 120848.40
4.00 120848.40
4.10 73400.30
4.20 73400.30
4.30 73400.30
4.40 73400.30
4.50 73400.30
4.60 21233.70
4.70 21233.70
4.80 21233.70
4.90 21233.70
5.00 21233.70
5.10 31719.40
5.20 31719.40
5.30 31719.40
5.40 31719.40
5.50 31719.40
5.60 44564.50
5.70 44564.50
5.80 44564.50
5.90 44564.50
6.00 44564.50
6.10 50855.90
6.20 50855.90
6.30 50855.90
6.40 50855.90
6.50 50855.90
6.60 62390.30
6.70 62390.30
6.80 62390.30
6.90 62390.30
7.00 62390.30
7.10 60555.30
7.20 60555.30
7.30 60555.30
7.40 60555.30
7.50 60555.30
7.60 66846.70
7.70 66846.70
7.80 66846.70
7.90 66846.70
8.00 66846.70
8.10 26214.40
8.20 26214.40
8.30 26214.40
8.40 26214.40
8.50 26214.40
8.60 31719.40
8.70 31719.40
8.80 31719.40
8.90 31719.40
9.00 31719.40
9.10 55836.70
9.20 55836.70
9.30 55836.70
9.40 55836.70
9.50 55836.70
9.60 128450.60
9.70 128450.60
9.80 128450.60
9.90 128450.60
10.00 128450.60
10.10 45088.80
10.20 45088.80
10.30 45088.80
10.40 45088.80
10.50 45088.80
10.60 56623.10
10.70 56623.10
10.80 56623.10
10.90 56623.10
11.00 56623.10
11.10 78381.10
11.20 78381.10
11.30 78381.10
11.40 78381.10
11.50 78381.10
11.60 58720.30
11.70 58720.30
11.80 58720.30
11.90 58720.30
12.00 58720.30
12.10 52953.10
12.20 52953.10
12.30 52953.10
12.40 52953.10
12.50 52953.10
12.60 73138.20
12.70 73138.20
12.80 73138.20
12.90 73138.20
13.00 73138.20
13.10 73924.60
13.20 73924.60
13.30 73924.60
13.40 73924.60
13.50 73924.60
13.60 82837.50
13.70 82837.50
13.80 82837.50
13.90 82837.50
14.00 82837.50
14.10 125567.00
14.20 125567.00
14.30 125567.00
14.40 125567.00
14.50 125567.00
14.60 38797.30
14.70 38797.30
14.80 38797.30
14.90 38797.30
15.00 38797.30
15.10 90177.50
15.20 90177.50
15.30 90177.50
15.40 90177.50
15.50 90177.50
15.60 65536.00
15.70 65536.00
15.80 65536.00
15.90 65536.00
16.00 65536.00
16.10 27263.00
16.20 27263.00
16.30 27263.00
16.40 27263.00
16.50 27263.00
16.60 32505.90
16.70 32505.90
16.80 32505.90
16.90 32505.90
17.00 32505.90
17.10 36962.30
17.20 36962.30
17.30 36962.30
17.40 36962.30
17.50 36962.30
17.60 34340.90
17.70 34340.90
17.80 34340.90
17.90 34340.90
18.00 34340.90
18.10 30670.80
18.20 30670.80
18.30 30670.80
18.40 30670.80
18.50 30670.80
18.60 25165.80
18.70 25165.80
18.80 25165.80
18.90 25165.80
19.00 25165.80
19.10 93061.10
19.20 93061.10
19.30 93061.10
19.40 93061.10
19.50 93061.10
19.60 45350.90
19.70 45350.90
19.80 45350.90
19.90 45350.90
20.00 45350.90
20.10 64749.60
20.20 64749.60
20.30 64749.60
20.40 64749.60
20.50 64749.60
20.60 36438.00
20.70 36438.00
20.80 36438.00
20.90 36438.00
21.00 36438.00
21.10 44302.30
21.20 44302.30
21.30 44302.30
21.40 44302.30
21.50 44302.30
21.60 50069.50
21.70 50069.50
21.80 50069.50
21.90 50069.50
22.00 50069.50
22.10 42205.20
22.20 42205.20
22.30 42205.20
22.40 42205.20
22.50 42205.20
22.60 15990.80
22.70 15990.80
22.80 15990.80
22.90 15990.80
23.00 15990.80
23.10 54263.80
23.20 54263.80
23.30 54263.80
23.40 54263.80
23.50 54263.80
23.60 47710.20
23.70 47710.20
23.80 47710.20
23.90 47710.20
24.00 47710.20
24.10 33030.10
24.20 33030.10
24.30 33030.10
24.40 33030.10
24.50 33030.10
24.60 29360.10
24.70 29360.10
24.80 29360.10
24.90 29360.10
25.00 29360.10
25.10 29622.30
25.20 29622.30
25.30 29622.30
25.40 29622.30
25.50 29622.30
25.60 35389.40
25.70 35389.40
25.80 35389.40
25.90 35389.40
26.00 35389.40
26.10 96993.30
26.20 96993.30
26.30 96993.30
26.40 96993.30
26.50 96993.30
26.60 62390.30
26.70 62390.30
26.80 62390.30
26.90 62390.30
27.00 62390.30
27.10 28049.40
27.20 28049.40
27.30 28049.40
27.40 28049.40
27.50 28049.40
27.60 24903.70
27.70 24903.70
27.80 24903.70
27.90 24903.70
28.00 24903.70
28.10 94109.70
28.20 94109.70
28.30 94109.70
28.40 94109.70
28.50 94109.70
28.60 95944.70
28.70 95944.70
28.80 95944.70
28.90 95944.70
29.00 95944.70
29.10 78905.30
29.20 78905.30
29.30 78905.30
29.40 78905.30
29.50 78905.30
29.60 48234.50
29.70 48234.50
29.80 48234.50
29.90 48234.50
30.00 48234.50
