0.10 71827.50
0.20 71827.50
0.30 71827.50
0.40 71827.50
0.50 71827.50
0.60 58982.40
0.70 58982.40
0.80 58982.40
0.90 58982.40
1.00 58982.40
1.10 60817.40
1.20 60817.40
1.30 60817.40
1.40 60817.40
1.50 60817.40
1.60 49807.40
1.70 49807.40
1.80 49807.40
1.90 49807.40
2.00 49807.40
2.10 64487.40
2.20 64487.40
2.30 64487.40
2.40 64487.40
2.50 64487.40
2.60 36700.20
2.70 36700.20
2.80 36700.20
2.90 36700.20
3.00 36700.20
3.10 70516.70
3.20 70516.70
3.30 70516.70
3.40 70516.70
3.50 70516.70
3.60 77594.60
3.70 77594.60
3.80 77594.60
3.90 77594.60
4.00 77594.60
4.10 70516.70
4.20 70516.70
4.30 70516.70
4.40 70516.70
4.50 70516.70
4.60 25165.80
4.70 25165.80
4.80 25165.80
4.90 25165.80
5.00 25165.80
5.10 44302.30
5.20 44302.30
5.30 44302.30
5.40 44302.30
5.50 44302.30
5.60 58458.10
5.70 58458.10
5.80 58458.10
5.90 58458.10
6.00 58458.10
6.10 50331.60
6.20 50331.60
6.30 50331.60
6.40 50331.60
6.50 50331.60
6.60 57671.70
6.70 57671.70
6.80 57671.70
6.90 57671.70
7.00 57671.70
7.10 85196.80
7.20 85196.80
7.30 85196.80
7.40 85196.80
7.50 85196.80
7.60 75235.30
7.70 75235.30
7.80 75235.30
7.90 75235.30
8.00 75235.30
8.10 66322.40
8.20 66322.40
8.30 66322.40
8.40 66322.40
8.50 66322.40
8.60 56623.10
8.70 56623.10
8.80 56623.10
8.90 56623.10
9.00 56623.10
9.10 38797.30
9.20 38797.30
9.30 38797.30
9.40 38797.30
9.50 38797.30
9.60 41943.00
9.70 41943.00
9.80 41943.00
9.90 41943.00
10.00 41943.00
10.10 38797.30
10.20 38797.30
10.30 38797.30
10.40 38797.30
10.50 38797.30
10.60 27525.10
10.70 27525.10
10.80 27525.10
10.90 27525.10
11.00 27525.10
11.10 57671.70
11.20 57671.70
11.30 57671.70
11.40 57671.70
11.50 57671.70
11.60 106692.60
11.70 106692.60
11.80 106692.60
11.90 106692.60
12.00 106692.60
12.10 60817.40
12.20 60817.40
12.30 60817.40
12.40 60817.40
12.50 60817.40
12.60 30408.70
12.70 30408.70
12.80 30408.70
12.90 30408.70
13.00 30408.70
13.10 90177.50
13.20 90177.50
13.30 90177.50
13.40 90177.50
13.50 90177.50
13.60 28573.70
13.70 28573.70
13.80 28573.70
13.90 28573.70
14.00 28573.70
14.10 56885.20
14.20 56885.20
14.30 56885.20
14.40 56885.20
14.50 56885.20
14.60 42991.60
14.70 42991.60
14.80 42991.60
14.90 42991.60
15.00 42991.60
15.10 84148.20
15.20 84148.20
15.30 84148.20
15.40 84148.20
15.50 84148.20
15.60 67895.30
15.70 67895.30
15.80 67895.30
15.90 67895.30
16.00 67895.30
16.10 123469.80
16.20 123469.80
16.30 123469.80
16.40 123469.80
16.50 123469.80
16.60 76546.00
16.70 76546.00
16.80 76546.00
16.90 76546.00
17.00 76546.00
17.10 87556.10
17.20 87556.10
17.30 87556.10
17.40 87556.10
17.50 87556.10
17.60 101974.00
17.70 101974.00
17.80 101974.00
17.90 101974.00
18.00 101974.00
18.10 76808.20
18.20 76808.20
18.30 76808.20
18.40 76808.20
18.50 76808.20
18.60 8126.50
18.70 8126.50
18.80 8126.50
18.90 8126.50
19.00 8126.50
19.10 46661.60
19.20 46661.60
19.30 46661.60
19.40 46661.60
19.50 46661.60
19.60 18350.10
19.70 18350.10
19.80 18350.10
19.90 18350.10
20.00 18350.10
20.10 47185.90
20.20 47185.90
20.30 47185.90
20.40 47185.90
20.50 47185.90
20.60 54788.10
20.70 54788.10
20.80 54788.10
20.90 54788.10
21.00 54788.10
21.10 27263.00
21.20 27263.00
21.30 27263.00
21.40 27263.00
21.50 27263.00
21.60 99614.70
21.70 99614.70
21.80 99614.70
21.90 99614.70
22.00 99614.70
22.10 149684.20
22.20 149684.20
22.30 149684.20
22.40 149684.20
22.50 149684.20
22.60 131596.30
22.70 131596.30
22.80 131596.30
22.90 131596.30
23.00 131596.30
23.10 116916.20
23.20 116916.20
23.30 116916.20
23.40 116916.20
23.50 116916.20
23.60 91750.40
23.70 91750.40
23.80 91750.40
23.90 91750.40
24.00 91750.40
24.10 84148.20
24.20 84148.20
24.30 84148.20
24.40 84148.20
24.50 84148.20
24.60 64749.60
24.70 64749.60
24.80 64749.60
24.90 64749.60
25.00 64749.60
25.10 104595.50
25.20 104595.50
25.30 104595.50
25.40 104595.50
25.50 104595.50
25.60 60555.30
25.70 60555.30
25.80 60555.30
25.90 60555.30
26.00 60555.30
26.10 54526.00
26.20 54526.00
26.30 54526.00
26.40 54526.00
26.50 54526.00
26.60 51118.10
26.70 51118.10
26.80 51118.10
26.90 51118.10
27.00 51118.10
27.10 62914.60
27.20 62914.60
27.30 62914.60
27.40 62914.60
27.50 62914.60
27.60 43778.00
27.70 43778.00
27.80 43778.00
27.90 43778.00
28.00 43778.00
28.10 70778.90
28.20 70778.90
28.30 70778.90
28.40 70778.90
28.50 70778.90
28.60 49020.90
28.70 49020.90
28.80 49020.90
28.90 49020.90
29.00 49020.90
29.10 90439.70
29.20 90439.70
29.30 90439.70
29.40 90439.70
29.50 90439.70
29.60 119275.50
29.70 119275.50
29.80 119275.50
29.90 119275.50
30.00 119275.50
