0.56 2552.00
0.66 2552.00
0.76 2552.00
0.86 2552.00
0.97 2552.00
1.07 2552.00
1.17 2552.00
1.27 2552.00
1.37 2552.00
1.47 2552.00
1.58 5712.40
1.68 5712.40
1.79 5712.40
1.89 5712.40
2.00 5712.40
2.10 5712.40
2.21 5712.40
2.31 5712.40
2.42 5712.40
2.52 5712.40
2.62 7522.50
2.72 7522.50
2.83 7522.50
2.93 7522.50
3.03 7522.50
3.13 7522.50
3.23 7522.50
3.34 7522.50
3.44 7522.50
3.54 7522.50
3.64 8221.40
3.75 8221.40
3.85 8221.40
3.95 8221.40
4.05 8221.40
4.15 8221.40
4.26 8221.40
4.36 8221.40
4.46 8221.40
4.56 8221.40
4.66 9919.10
4.76 9919.10
4.86 9919.10
4.97 9919.10
5.07 9919.10
5.17 9919.10
5.27 9919.10
5.37 9919.10
5.47 9919.10
5.57 9919.10
5.69 16069.40
5.81 16069.40
5.93 16069.40
6.06 16069.40
6.18 16069.40
6.30 16069.40
6.42 16069.40
6.54 16069.40
6.66 16069.40
6.78 16069.40
6.90 14213.70
7.02 14213.70
7.13 14213.70
7.25 14213.70
7.37 14213.70
7.48 14213.70
7.60 14213.70
7.72 14213.70
7.83 14213.70
7.95 14213.70
8.06 13516.40
8.17 13516.40
8.28 13516.40
8.39 13516.40
8.50 13516.40
8.61 13516.40
8.72 13516.40
8.83 13516.40
8.94 13516.40
9.05 13516.40
9.15 12249.60
9.25 12249.60
9.35 12249.60
9.46 12249.60
9.56 12249.60
9.66 12249.60
9.76 12249.60
9.86 12249.60
9.96 12249.60
10.06 12249.60
10.16 11412.60
10.26 11412.60
10.36 11412.60
10.46 11412.60
10.56 11412.60
10.66 11412.60
10.76 11412.60
10.86 11412.60
10.96 11412.60
11.06 11412.60
11.16 11793.10
11.26 11793.10
11.37 11793.10
11.47 11793.10
11.57 11793.10
11.67 11793.10
11.77 11793.10
11.87 11793.10
11.97 11793.10
12.07 11793.10
12.17 9926.10
12.28 9926.10
12.38 9926.10
12.48 9926.10
12.58 9926.10
12.68 9926.10
12.79 9926.10
12.89 9926.10
12.99 9926.10
13.09 9926.10
13.19 6925.10
13.30 6925.10
13.40 6925.10
13.50 6925.10
13.60 6925.10
13.70 6925.10
13.81 6925.10
13.91 6925.10
14.01 6925.10
14.11 6925.10
14.21 6899.20
14.31 6899.20
14.42 6899.20
14.52 6899.20
14.62 6899.20
14.72 6899.20
14.82 6899.20
14.92 6899.20
15.02 6899.20
15.12 6899.20
15.22 4652.10
15.32 4652.10
15.43 4652.10
15.53 4652.10
15.63 4652.10
15.73 4652.10
15.83 4652.10
15.93 4652.10
16.03 4652.10
16.13 4652.10
16.35 6195.20
16.56 6195.20
16.78 6195.20
16.99 6195.20
17.21 6195.20
17.42 6195.20
17.64 6195.20
17.85 6195.20
18.07 6195.20
18.28 6195.20
18.39 7293.70
18.49 7293.70
18.60 7293.70
18.70 7293.70
18.80 7293.70
18.91 7293.70
19.01 7293.70
19.12 7293.70
19.22 7293.70
19.32 7293.70
19.42 4646.40
19.53 4646.40
19.63 4646.40
19.73 4646.40
19.83 4646.40
19.93 4646.40
20.03 4646.40
20.13 4646.40
20.23 4646.40
20.33 4646.40
20.44 4224.00
20.54 4224.00
20.65 4224.00
20.75 4224.00
20.85 4224.00
20.96 4224.00
21.06 4224.00
21.17 4224.00
21.27 4224.00
21.37 4224.00
21.47 4364.80
21.58 4364.80
21.68 4364.80
21.78 4364.80
21.88 4364.80
21.98 4364.80
22.08 4364.80
22.18 4364.80
22.28 4364.80
22.38 4364.80
22.49 3964.60
22.59 3964.60
22.70 3964.60
22.80 3964.60
22.90 3964.60
23.01 3964.60
23.11 3964.60
23.22 3964.60
23.32 3964.60
23.42 3964.60
23.52 6156.70
23.63 6156.70
23.73 6156.70
23.83 6156.70
23.93 6156.70
24.03 6156.70
24.13 6156.70
24.23 6156.70
24.33 6156.70
24.44 6156.70
24.54 6593.30
24.64 6593.30
24.74 6593.30
24.84 6593.30
24.95 6593.30
25.05 6593.30
25.15 6593.30
25.25 6593.30
25.35 6593.30
25.45 6593.30
25.55 6706.20
25.66 6706.20
25.76 6706.20
25.86 6706.20
25.96 6706.20
26.06 6706.20
26.16 6706.20
26.26 6706.20
26.36 6706.20
26.46 6706.20
26.58 5489.50
26.69 5489.50
26.81 5489.50
26.92 5489.50
27.03 5489.50
27.15 5489.50
27.26 5489.50
27.38 5489.50
27.49 5489.50
27.60 5489.50
27.71 5878.00
27.82 5878.00
27.93 5878.00
28.04 5878.00
28.14 5878.00
28.25 5878.00
28.36 5878.00
28.47 5878.00
28.58 5878.00
28.68 5878.00
28.79 12240.60
28.90 12240.60
29.01 12240.60
29.12 12240.60
29.22 12240.60
29.33 12240.60
29.44 12240.60
29.55 12240.60
29.66 12240.60
29.76 12240.60
29.87 10507.10
29.97 10507.10
