0.17 24115.20
0.27 24115.20
0.37 24115.20
0.47 24115.20
0.57 24115.20
0.67 24115.20
0.77 24115.20
0.87 24115.20
0.97 21387.80
1.07 21387.80
1.17 21387.80
1.27 21387.80
1.37 21387.80
1.47 21387.80
1.57 21387.80
1.68 21387.80
1.78 21387.80
1.88 21387.80
1.98 31961.60
2.08 31961.60
2.18 31961.60
2.28 31961.60
2.38 31961.60
2.48 31961.60
2.58 31961.60
2.68 31961.60
2.78 31961.60
2.88 31961.60
2.99 6899.20
3.10 6899.20
3.21 6899.20
3.32 6899.20
3.44 6899.20
3.55 6899.20
3.66 6899.20
3.77 6899.20
3.88 6899.20
4.00 6899.20
4.11 11545.60
4.23 11545.60
4.34 11545.60
4.46 11545.60
4.57 11545.60
4.69 11545.60
4.80 11545.60
4.92 11545.60
5.03 11545.60
5.15 11545.60
5.25 17600.00
5.35 17600.00
5.45 17600.00
5.55 17600.00
5.65 17600.00
5.75 17600.00
5.85 17600.00
5.96 17600.00
6.06 17600.00
6.16 17600.00
6.31 7717.60
6.45 7717.60
6.60 7717.60
6.75 7717.60
6.90 7717.60
7.05 7717.60
7.19 7717.60
7.34 7717.60
7.49 7717.60
7.64 7717.60
7.74 20697.60
7.84 20697.60
7.94 20697.60
8.04 20697.60
8.14 20697.60
8.24 20697.60
8.34 20697.60
8.44 20697.60
8.54 20697.60
8.64 20697.60
8.74 14784.00
8.84 14784.00
8.94 14784.00
9.04 14784.00
9.14 14784.00
9.24 14784.00
9.35 14784.00
9.45 14784.00
9.55 14784.00
9.65 14784.00
9.75 16051.20
9.85 16051.20
9.95 16051.20
10.05 16051.20
10.15 16051.20
10.25 16051.20
10.36 16051.20
10.46 16051.20
10.56 16051.20
10.66 16051.20
10.76 9956.30
10.86 9956.30
10.96 9956.30
11.06 9956.30
11.16 9956.30
11.26 9956.30
11.37 9956.30
11.47 9956.30
11.57 9956.30
11.67 9956.30
11.77 14924.80
11.87 14924.80
11.97 14924.80
12.07 14924.80
12.17 14924.80
12.27 14924.80
12.38 14924.80
12.48 14924.80
12.58 14924.80
12.68 14924.80
12.78 9715.20
12.88 9715.20
12.98 9715.20
13.08 9715.20
13.18 9715.20
13.28 9715.20
13.38 9715.20
13.48 9715.20
13.58 9715.20
13.68 9715.20
13.78 6336.00
13.88 6336.00
13.98 6336.00
14.08 6336.00
14.18 6336.00
14.28 6336.00
14.38 6336.00
14.48 6336.00
14.58 6336.00
14.68 6336.00
14.78 11686.40
14.89 11686.40
14.99 11686.40
15.09 11686.40
15.19 11686.40
15.29 11686.40
15.39 11686.40
15.49 11686.40
15.60 11686.40
15.70 11686.40
15.82 1505.60
15.93 1505.60
16.05 1505.60
16.17 1505.60
16.29 1505.60
16.41 1505.60
16.52 1505.60
16.64 1505.60
16.76 1505.60
16.88 1505.60
16.99 5209.60
17.10 5209.60
17.21 5209.60
17.32 5209.60
17.43 5209.60
17.54 5209.60
17.65 5209.60
17.76 5209.60
17.87 5209.60
17.98 5209.60
18.27 985.60
18.57 985.60
18.87 985.60
19.16 985.60
19.46 985.60
19.76 985.60
20.06 985.60
20.35 985.60
20.65 985.60
20.95 985.60
21.05 19148.80
21.15 19148.80
21.25 19148.80
21.35 19148.80
21.45 19148.80
21.55 19148.80
21.66 19148.80
21.76 19148.80
21.86 19148.80
21.96 19148.80
22.07 2816.00
22.18 2816.00
22.29 2816.00
22.40 2816.00
22.51 2816.00
22.62 2816.00
22.73 2816.00
22.84 2816.00
22.95 2816.00
23.06 2816.00
23.16 1689.60
23.26 1689.60
23.36 1689.60
23.47 1689.60
23.57 1689.60
23.67 1689.60
23.77 1689.60
23.87 1689.60
23.98 1689.60
24.08 1689.60
24.18 5913.60
24.28 5913.60
24.38 5913.60
24.48 5913.60
24.58 5913.60
24.68 5913.60
24.78 5913.60
24.89 5913.60
24.99 5913.60
25.09 5913.60
25.21 12044.10
25.34 12044.10
25.46 12044.10
25.59 12044.10
25.71 12044.10
25.84 12044.10
25.96 12044.10
26.09 12044.10
26.21 12044.10
26.34 12044.10
26.44 11854.90
26.55 11854.90
26.65 11854.90
26.75 11854.90
26.86 11854.90
26.96 11854.90
27.07 11854.90
27.17 11854.90
27.27 11854.90
27.38 11854.90
27.48 12921.50
27.58 12921.50
27.68 12921.50
27.78 12921.50
27.88 12921.50
27.98 12921.50
28.08 12921.50
28.18 12921.50
28.28 12921.50
28.38 12921.50
28.48 15704.30
28.58 15704.30
28.68 15704.30
28.78 15704.30
28.88 15704.30
28.98 15704.30
29.09 15704.30
29.19 15704.30
29.29 15704.30
29.39 15704.30
29.50 12875.20
29.60 12875.20
29.71 12875.20
29.82 12875.20
29.93 12875.20
