0.11 19432.0
0.22 16656.0
0.34 40252.0
0.44 15268.0
0.56 27760.0
0.66 23596.0
0.77 19432.0
0.87 13880.0
0.98 22208.0
1.09 27760.0
1.19 41640.0
1.30 31924.0
1.40 24984.0
1.53 11104.0
1.63 9716.0
1.74 11104.0
1.85 18044.0
1.96 22208.0
2.08 24984.0
2.18 9716.0
2.29 12492.0
2.39 29148.0
2.50 20820.0
2.61 12492.0
2.72 5552.0
2.85 9716.0
2.96 9716.0
3.08 9716.0
3.18 8328.0
3.31 8328.0
3.41 8328.0
3.52 8328.0
3.62 12492.0
3.73 12492.0
3.85 9716.0
3.97 5552.0
4.08 8328.0
4.19 4164.0
4.31 6940.0
4.41 4164.0
4.53 9716.0
4.63 4164.0
4.74 8328.0
4.85 18044.0
4.97 2776.0
5.11 5552.0
5.23 5552.0
5.35 4164.0
5.47 8328.0
5.62 4164.0
5.75 6940.0
5.87 5552.0
5.98 4164.0
6.11 6940.0
6.24 8328.0
6.37 4164.0
6.51 4164.0
6.62 6940.0
6.73 11104.0
6.86 11104.0
6.97 9716.0
7.08 9716.0
7.18 11104.0
7.29 9716.0
7.40 9716.0
7.51 12492.0
7.61 19432.0
7.72 18044.0
7.84 15268.0
7.95 24984.0
8.07 23596.0
8.17 13880.0
8.30 12492.0
8.40 18044.0
8.51 43028.0
8.61 20820.0
8.72 33312.0
8.83 40252.0
8.93 29148.0
9.04 29148.0
9.14 40252.0
9.25 49968.0
9.35 27760.0
9.47 37476.0
9.58 36088.0
9.68 30536.0
9.80 38864.0
9.94 12492.0
10.06 19432.0
10.16 26372.0
10.27 29148.0
10.37 20820.0
10.48 20820.0
10.59 40252.0
10.69 31924.0
10.80 33312.0
10.90 24984.0
11.02 31924.0
11.12 19432.0
11.23 16656.0
11.39 24984.0
11.51 20820.0
11.61 33312.0
11.72 38864.0
11.83 29148.0
11.93 19432.0
12.04 19432.0
12.14 19432.0
12.25 30536.0
12.35 34700.0
12.46 23596.0
12.57 18044.0
12.68 12492.0
12.80 33312.0
12.91 20820.0
13.02 16656.0
13.13 20820.0
13.25 16656.0
13.35 16656.0
13.46 37476.0
13.58 22208.0
13.69 15268.0
13.80 16656.0
13.90 24984.0
14.01 23596.0
14.11 15268.0
14.22 16656.0
14.33 12492.0
14.45 11104.0
14.56 12492.0
14.66 11104.0
14.77 11104.0
14.87 9716.0
15.01 9716.0
15.11 5552.0
15.25 2776.0
15.35 2776.0
15.47 8328.0
15.63 6940.0
15.74 6940.0
15.86 8328.0
16.01 5552.0
16.12 4164.0
16.24 4164.0
16.37 11104.0
16.51 5552.0
16.65 8328.0
16.76 5552.0
16.86 5552.0
16.97 9716.0
17.09 13880.0
17.21 5552.0
17.37 6940.0
17.48 4164.0
17.60 6940.0
17.71 4164.0
17.83 5552.0
17.94 9716.0
18.06 8328.0
18.17 4164.0
18.31 4164.0
18.43 4164.0
18.54 6940.0
18.65 4164.0
18.76 5552.0
18.87 9716.0
19.00 8328.0
19.10 11104.0
19.22 8328.0
19.33 6940.0
19.45 2776.0
19.57 4164.0
19.71 2776.0
19.82 4164.0
19.93 9716.0
20.08 8328.0
20.20 9716.0
20.32 8328.0
20.44 8328.0
20.56 8328.0
20.68 6940.0
20.80 8328.0
21.04 6940.0
21.17 6940.0
21.29 6940.0
21.39 5552.0
21.52 4164.0
21.70 4164.0
21.81 6940.0
21.93 6940.0
22.05 4164.0
22.18 5552.0
22.30 9716.0
22.40 8328.0
22.51 8328.0
22.62 8328.0
22.75 12492.0
22.85 5552.0
22.96 8328.0
23.07 11104.0
23.17 8328.0
23.29 13880.0
23.39 15268.0
23.51 9716.0
23.61 12492.0
23.74 11104.0
23.86 6940.0
23.97 11104.0
24.08 9716.0
24.18 11104.0
24.29 23596.0
24.39 13880.0
24.50 12492.0
24.62 9716.0
24.73 13880.0
24.84 9716.0
24.96 2776.0
25.07 11104.0
25.18 6940.0
25.29 9716.0
25.43 6940.0
25.54 13880.0
25.64 12492.0
25.76 11104.0
25.86 8328.0
25.97 15268.0
26.08 11104.0
26.18 11104.0
26.29 16656.0
26.39 16656.0
26.50 12492.0
26.60 12492.0
26.71 12492.0
26.82 15268.0
26.92 15268.0
27.03 16656.0
27.13 11104.0
27.24 16656.0
27.36 11104.0
27.48 18044.0
27.59 13880.0
27.69 6940.0
27.80 9716.0
27.90 19432.0
28.03 12492.0
28.13 13880.0
28.24 19432.0
28.36 22208.0
28.49 13880.0
28.62 8328.0
28.74 6940.0
28.85 6940.0
28.96 9716.0
29.09 8328.0
29.21 5552.0
29.32 9716.0
29.42 8328.0
29.56 5552.0
29.67 5552.0
29.78 9716.0
29.89 11104.0
30.00 9716.0
