0.13 16656.0
0.24 13880.0
0.35 20820.0
0.45 15268.0
0.56 15268.0
0.68 12492.0
0.79 15268.0
1.38 8328.0
1.50 81892.0
1.61 4164.0
1.72 16656.0
1.83 13880.0
1.94 13880.0
2.05 15268.0
2.15 15268.0
2.26 18044.0
2.37 15268.0
2.48 12492.0
2.60 15268.0
2.70 13880.0
2.81 18044.0
2.93 18044.0
3.04 13880.0
3.14 15268.0
3.25 34700.0
3.36 23596.0
3.46 15268.0
3.57 18044.0
3.68 15268.0
3.79 13880.0
3.89 9716.0
4.00 11104.0
4.11 13880.0
4.23 8328.0
4.35 9716.0
4.47 6940.0
4.59 11104.0
4.69 9716.0
4.80 6940.0
4.90 11104.0
5.02 8328.0
5.12 5552.0
5.23 9716.0
5.34 6940.0
5.44 8328.0
5.55 12492.0
5.66 8328.0
5.77 8328.0
5.89 6940.0
6.01 9716.0
6.13 5552.0
6.24 8328.0
6.37 9716.0
6.48 8328.0
6.59 11104.0
6.69 8328.0
6.80 11104.0
6.91 8328.0
7.04 9716.0
7.14 9716.0
7.25 15268.0
7.37 11104.0
7.48 12492.0
7.60 12492.0
7.70 11104.0
7.81 11104.0
7.91 11104.0
8.03 15268.0
8.15 15268.0
8.26 11104.0
8.38 9716.0
8.49 12492.0
8.60 18044.0
8.70 15268.0
8.81 15268.0
8.91 18044.0
9.03 13880.0
9.13 12492.0
9.24 16656.0
9.35 12492.0
9.45 13880.0
9.56 18044.0
9.66 24984.0
9.77 36088.0
9.87 16656.0
9.98 34700.0
10.09 26372.0
10.19 19432.0
10.30 26372.0
10.40 30536.0
10.51 24984.0
10.62 20820.0
10.73 24984.0
10.84 24984.0
10.94 20820.0
11.05 31924.0
11.16 16656.0
11.27 18044.0
11.37 26372.0
11.48 36088.0
11.59 26372.0
11.69 26372.0
11.80 19432.0
11.90 19432.0
12.01 19432.0
12.12 19432.0
12.55 12492.0
12.67 79116.0
12.78 16656.0
12.88 16656.0
13.01 9716.0
13.19 5552.0
13.30 12492.0
13.40 15268.0
13.54 19432.0
13.64 9716.0
13.75 11104.0
13.86 19432.0
13.97 12492.0
14.08 15268.0
14.18 19432.0
14.29 23596.0
14.41 20820.0
14.52 27760.0
14.62 26372.0
14.73 20820.0
14.84 19432.0
14.94 13880.0
15.05 20820.0
15.15 19432.0
15.26 18044.0
15.37 15268.0
15.48 19432.0
15.59 13880.0
15.69 8328.0
15.81 11104.0
15.91 15268.0
16.03 16656.0
16.13 16656.0
16.24 26372.0
16.35 23596.0
16.45 19432.0
16.56 16656.0
16.66 15268.0
17.16 5552.0
17.27 68012.0
17.39 12492.0
17.51 13880.0
17.62 13880.0
17.73 12492.0
18.07 1388.0
18.17 55520.0
18.28 11104.0
18.39 12492.0
18.50 15268.0
18.61 22208.0
18.71 18044.0
18.82 33312.0
18.92 24984.0
19.04 26372.0
19.14 19432.0
19.25 24984.0
19.36 24984.0
19.46 26372.0
19.57 27760.0
19.67 22208.0
19.78 20820.0
19.88 16656.0
19.99 19432.0
20.10 30536.0
20.20 23596.0
20.31 22208.0
20.41 26372.0
20.52 20820.0
20.62 24984.0
20.73 22208.0
20.84 18044.0
20.94 19432.0
21.05 18044.0
21.15 19432.0
21.27 27760.0
21.37 27760.0
21.48 18044.0
21.61 30536.0
21.71 20820.0
21.82 23596.0
21.92 33312.0
22.03 22208.0
22.13 18044.0
22.24 20820.0
22.35 23596.0
22.45 15268.0
22.56 15268.0
22.66 20820.0
22.78 18044.0
22.88 18044.0
22.99 19432.0
23.10 19432.0
23.20 19432.0
23.31 19432.0
23.41 22208.0
23.52 12492.0
23.63 13880.0
23.74 19432.0
23.85 15268.0
23.95 18044.0
24.06 19432.0
24.16 22208.0
24.27 20820.0
24.37 20820.0
24.49 22208.0
24.61 15268.0
24.71 9716.0
24.82 13880.0
24.93 22208.0
25.04 31924.0
25.14 18044.0
25.26 26372.0
25.62 2776.0
25.79 79116.0
25.89 19432.0
26.00 26372.0
26.11 27760.0
26.23 16656.0
26.34 34700.0
26.44 36088.0
26.55 34700.0
26.65 37476.0
26.78 15268.0
26.88 31924.0
27.00 30536.0
27.11 18044.0
27.21 15268.0
27.32 15268.0
27.42 24984.0
27.53 22208.0
27.63 20820.0
27.79 24984.0
27.89 30536.0
28.00 43028.0
28.11 26372.0
28.21 52744.0
28.32 40252.0
28.42 33312.0
28.53 6940.0
28.63 12492.0
28.74 31924.0
28.85 37476.0
28.95 22208.0
29.06 20820.0
29.16 33312.0
29.27 19432.0
29.37 23596.0
29.48 22208.0
29.59 16656.0
29.70 16656.0
29.81 11104.0
29.91 12492.0
