0.16 13880.0
0.27 18044.0
0.37 19432.0
0.50 15268.0
0.60 6940.0
0.72 11104.0
0.83 12492.0
0.94 18044.0
1.05 13880.0
1.18 16656.0
1.31 16656.0
1.42 24984.0
1.53 20820.0
1.64 8328.0
1.77 9716.0
1.88 11104.0
1.99 9716.0
2.11 19432.0
2.23 18044.0
2.33 13880.0
2.44 16656.0
2.55 16656.0
2.66 31924.0
2.77 26372.0
2.87 20820.0
2.99 20820.0
3.09 9716.0
3.21 13880.0
3.33 8328.0
3.45 9716.0
3.56 6940.0
3.67 4164.0
3.79 6940.0
3.90 2776.0
4.01 6940.0
4.12 6940.0
4.24 8328.0
4.34 15268.0
4.47 16656.0
4.57 15268.0
4.68 15268.0
4.79 11104.0
4.90 18044.0
5.01 16656.0
5.11 19432.0
5.22 19432.0
5.33 12492.0
5.44 13880.0
5.55 12492.0
5.66 22208.0
5.77 30536.0
5.87 34700.0
5.99 34700.0
6.09 37476.0
6.20 24984.0
6.30 31924.0
6.41 36088.0
6.62 5552.0
6.74 48580.0
6.84 23596.0
6.97 20820.0
7.07 18044.0
7.18 16656.0
7.29 20820.0
7.39 12492.0
7.50 11104.0
7.60 9716.0
7.72 15268.0
7.83 5552.0
7.94 4164.0
8.06 6940.0
8.17 11104.0
8.28 18044.0
8.39 9716.0
8.50 9716.0
8.60 9716.0
8.72 19432.0
8.82 22208.0
8.93 23596.0
9.04 23596.0
9.14 19432.0
9.25 30536.0
9.36 54132.0
9.49 31924.0
9.60 15268.0
9.71 26372.0
9.81 27760.0
9.92 26372.0
10.03 26372.0
10.13 31924.0
10.24 30536.0
10.35 31924.0
10.47 24984.0
10.57 33312.0
10.69 37476.0
10.81 31924.0
10.95 18044.0
11.05 18044.0
11.16 9716.0
11.27 19432.0
11.37 20820.0
11.49 24984.0
11.59 13880.0
11.70 19432.0
11.80 12492.0
11.91 16656.0
12.02 12492.0
12.12 15268.0
12.24 16656.0
12.34 12492.0
12.45 12492.0
12.55 12492.0
12.66 18044.0
12.80 13880.0
12.91 11104.0
13.04 9716.0
13.14 8328.0
13.25 8328.0
13.35 6940.0
13.46 13880.0
13.56 12492.0
13.67 8328.0
13.83 6940.0
13.98 6940.0
14.08 9716.0
14.20 8328.0
14.31 9716.0
14.42 15268.0
14.55 19432.0
14.67 9716.0
14.78 8328.0
14.88 6940.0
15.02 4164.0
15.14 4164.0
15.26 4164.0
15.37 4164.0
15.48 6940.0
15.62 5552.0
15.80 6940.0
15.93 4164.0
16.04 4164.0
16.14 5552.0
16.36 2776.0
16.49 2776.0
16.65 5552.0
16.77 2776.0
16.88 2776.0
16.99 4164.0
17.12 5552.0
17.23 4164.0
17.35 5552.0
17.46 8328.0
17.56 8328.0
17.67 9716.0
17.80 8328.0
17.92 8328.0
18.05 8328.0
18.16 12492.0
18.27 6940.0
18.37 8328.0
18.48 4164.0
18.61 6940.0
18.73 6940.0
18.83 6940.0
18.95 6940.0
19.06 5552.0
19.18 8328.0
19.29 9716.0
19.39 6940.0
19.50 9716.0
19.62 8328.0
19.73 6940.0
19.85 4164.0
19.98 9716.0
20.08 6940.0
20.19 9716.0
20.31 9716.0
20.42 4164.0
20.54 2776.0
20.65 5552.0
20.78 8328.0
20.89 2776.0
21.05 1388.0
21.18 2776.0
21.37 2776.0
21.49 2776.0
21.59 2776.0
21.70 4164.0
21.80 4164.0
21.92 5552.0
22.05 4164.0
22.18 5552.0
22.30 4164.0
22.45 5552.0
22.57 4164.0
22.73 5552.0
22.85 4164.0
22.97 4164.0
23.08 4164.0
23.19 2776.0
23.34 5552.0
23.46 6940.0
23.56 5552.0
23.72 8328.0
23.83 8328.0
23.94 13880.0
24.07 13880.0
24.18 9716.0
24.32 5552.0
24.43 5552.0
24.54 5552.0
24.70 5552.0
24.80 4164.0
24.94 4164.0
25.07 4164.0
25.18 6940.0
25.31 5552.0
25.46 4164.0
25.56 2776.0
25.69 5552.0
25.81 4164.0
25.92 8328.0
26.06 8328.0
26.18 5552.0
26.30 6940.0
26.42 8328.0
26.53 8328.0
26.63 12492.0
26.76 12492.0
26.86 8328.0
26.97 6940.0
27.07 6940.0
27.21 11104.0
27.31 6940.0
27.46 8328.0
27.58 6940.0
27.69 13880.0
27.80 9716.0
27.91 18044.0
28.02 20820.0
28.13 16656.0
28.24 18044.0
28.34 15268.0
28.45 12492.0
28.56 12492.0
28.69 13880.0
28.82 15268.0
28.93 18044.0
29.06 12492.0
29.17 16656.0
29.28 9716.0
29.38 9716.0
29.51 20820.0
29.62 6940.0
29.74 11104.0
29.84 9716.0
29.96 5552.0
