0.15 15268.0
0.26 20820.0
0.36 16656.0
0.48 16656.0
0.59 15268.0
0.70 15268.0
0.81 13880.0
0.91 12492.0
1.06 8328.0
1.23 1388.0
1.34 48580.0
1.45 13880.0
1.56 22208.0
1.66 22208.0
1.78 20820.0
1.88 19432.0
1.99 20820.0
2.09 19432.0
2.20 30536.0
2.31 16656.0
2.42 16656.0
2.53 16656.0
2.64 18044.0
2.75 18044.0
2.86 18044.0
2.97 16656.0
3.08 16656.0
3.18 16656.0
3.29 18044.0
3.39 11104.0
3.50 16656.0
3.60 19432.0
3.71 16656.0
3.82 13880.0
3.92 11104.0
4.03 13880.0
4.13 12492.0
4.24 20820.0
4.34 16656.0
4.45 12492.0
4.56 11104.0
4.67 11104.0
4.79 13880.0
4.90 12492.0
5.01 16656.0
5.11 11104.0
5.22 16656.0
5.33 18044.0
5.43 12492.0
5.55 16656.0
5.66 9716.0
5.77 9716.0
5.87 16656.0
6.01 15268.0
6.12 8328.0
6.23 11104.0
6.35 12492.0
6.47 11104.0
6.58 11104.0
6.69 11104.0
6.81 11104.0
6.92 8328.0
7.03 8328.0
7.13 13880.0
7.25 13880.0
7.35 11104.0
7.47 11104.0
7.58 15268.0
7.69 6940.0
7.80 8328.0
7.93 9716.0
8.04 6940.0
8.14 11104.0
8.26 9716.0
8.36 12492.0
8.47 11104.0
8.58 11104.0
8.68 11104.0
8.79 8328.0
8.90 6940.0
9.02 9716.0
9.12 8328.0
9.23 9716.0
9.35 11104.0
9.46 11104.0
9.58 9716.0
9.71 6940.0
9.82 9716.0
9.93 6940.0
10.04 8328.0
10.14 6940.0
10.25 12492.0
10.36 9716.0
10.47 12492.0
10.58 15268.0
10.68 15268.0
10.79 19432.0
10.89 15268.0
11.01 22208.0
11.11 16656.0
11.22 18044.0
11.33 20820.0
11.43 12492.0
11.55 15268.0
11.65 13880.0
11.76 15268.0
11.88 13880.0
11.99 11104.0
12.09 9716.0
12.20 11104.0
12.32 13880.0
12.42 15268.0
12.53 18044.0
12.63 19432.0
12.74 33312.0
12.84 23596.0
12.95 37476.0
13.06 43028.0
13.16 41640.0
13.27 24984.0
13.37 30536.0
13.48 27760.0
13.59 15268.0
13.71 22208.0
13.82 40252.0
13.92 38864.0
14.03 34700.0
14.13 31924.0
14.24 43028.0
14.34 34700.0
14.46 26372.0
14.57 33312.0
14.67 19432.0
14.78 15268.0
14.88 19432.0
14.99 18044.0
15.09 13880.0
15.20 12492.0
15.31 9716.0
15.41 6940.0
15.52 18044.0
15.62 16656.0
15.73 19432.0
15.85 16656.0
15.96 23596.0
16.10 5552.0
16.22 8328.0
16.34 5552.0
16.47 6940.0
16.58 5552.0
16.68 9716.0
16.80 11104.0
16.90 8328.0
17.02 13880.0
17.12 11104.0
17.23 12492.0
17.34 12492.0
17.45 15268.0
17.57 9716.0
17.67 13880.0
17.78 13880.0
17.88 12492.0
17.99 9716.0
18.09 5552.0
18.22 6940.0
18.33 6940.0
18.43 4164.0
18.58 8328.0
18.71 11104.0
18.82 6940.0
18.92 6940.0
19.03 8328.0
19.13 11104.0
19.24 8328.0
19.35 6940.0
19.49 13880.0
19.59 13880.0
19.72 12492.0
19.83 12492.0
19.93 15268.0
20.04 16656.0
20.14 24984.0
20.25 23596.0
20.35 27760.0
20.46 26372.0
20.57 22208.0
20.67 22208.0
20.79 26372.0
20.89 22208.0
21.01 22208.0
21.11 19432.0
21.23 20820.0
21.34 26372.0
21.45 29148.0
21.56 19432.0
21.66 20820.0
21.77 20820.0
21.87 24984.0
21.99 20820.0
22.09 24984.0
22.20 22208.0
22.32 30536.0
22.42 22208.0
22.53 24984.0
22.63 23596.0
22.74 18044.0
22.84 16656.0
22.96 24984.0
23.07 29148.0
23.17 24984.0
23.28 19432.0
23.38 12492.0
23.49 16656.0
23.60 16656.0
23.71 18044.0
23.82 19432.0
23.92 13880.0
24.03 19432.0
24.13 19432.0
24.25 23596.0
24.35 19432.0
24.46 22208.0
24.57 27760.0
24.67 23596.0
24.78 16656.0
24.88 20820.0
24.99 20820.0
25.09 20820.0
25.20 19432.0
25.32 29148.0
25.42 20820.0
25.53 15268.0
25.63 20820.0
25.74 18044.0
25.85 19432.0
25.96 22208.0
26.07 9716.0
26.18 15268.0
26.29 6940.0
26.39 16656.0
26.51 12492.0
26.61 15268.0
26.72 18044.0
26.93 5552.0
27.05 6940.0
27.16 9716.0
27.27 11104.0
27.37 12492.0
27.48 13880.0
27.59 15268.0
27.73 23596.0
27.84 9716.0
27.95 18044.0
28.06 16656.0
28.17 16656.0
28.28 12492.0
28.38 8328.0
28.51 12492.0
28.62 13880.0
28.75 11104.0
28.85 11104.0
28.96 9716.0
29.07 11104.0
29.18 8328.0
29.29 9716.0
29.39 9716.0
29.51 13880.0
29.61 9716.0
29.72 11104.0
29.83 12492.0
29.93 13880.0
