0.20 5552.0
0.32 6940.0
0.42 6940.0
0.53 5552.0
0.65 5552.0
0.78 5552.0
0.90 6940.0
1.02 5552.0
1.16 6940.0
1.29 6940.0
1.42 6940.0
1.54 6940.0
1.64 6940.0
1.75 9716.0
1.87 5552.0
2.02 5552.0
2.14 5552.0
2.25 5552.0
2.37 6940.0
2.48 5552.0
2.59 6940.0
2.69 2776.0
2.82 6940.0
2.92 6940.0
3.03 11104.0
3.13 8328.0
3.24 9716.0
3.35 9716.0
3.45 13880.0
3.56 18044.0
3.66 8328.0
3.78 13880.0
3.88 12492.0
4.02 4164.0
4.12 5552.0
4.24 2776.0
4.36 5552.0
4.53 2776.0
4.66 4164.0
4.79 4164.0
4.89 5552.0
5.02 5552.0
5.13 5552.0
5.24 5552.0
5.35 5552.0
5.46 8328.0
5.58 9716.0
5.68 12492.0
5.79 8328.0
5.90 6940.0
6.02 11104.0
6.12 5552.0
6.23 9716.0
6.36 13880.0
6.46 8328.0
6.57 8328.0
6.68 8328.0
6.79 8328.0
6.89 8328.0
7.00 8328.0
7.13 8328.0
7.25 9716.0
7.36 8328.0
7.47 9716.0
7.60 11104.0
7.71 13880.0
7.82 13880.0
7.92 11104.0
8.03 13880.0
8.14 11104.0
8.25 9716.0
8.36 11104.0
8.46 11104.0
8.57 11104.0
8.67 12492.0
8.78 13880.0
8.88 9716.0
9.00 11104.0
9.12 9716.0
9.24 11104.0
9.35 11104.0
9.45 15268.0
9.58 12492.0
9.68 11104.0
9.80 11104.0
9.92 11104.0
10.03 12492.0
10.13 12492.0
10.25 12492.0
10.36 12492.0
10.46 11104.0
10.57 11104.0
10.67 9716.0
10.78 13880.0
10.91 11104.0
11.02 13880.0
11.12 11104.0
11.23 12492.0
11.34 11104.0
11.44 9716.0
11.56 11104.0
11.66 11104.0
11.77 11104.0
11.87 12492.0
11.98 13880.0
12.09 13880.0
12.19 16656.0
12.30 16656.0
12.40 13880.0
12.51 15268.0
12.62 16656.0
12.73 22208.0
12.85 13880.0
12.97 13880.0
13.08 12492.0
13.18 13880.0
13.29 11104.0
13.39 9716.0
13.50 11104.0
13.61 11104.0
13.71 12492.0
13.82 12492.0
13.92 13880.0
14.03 12492.0
14.13 13880.0
14.24 15268.0
14.35 13880.0
14.46 12492.0
14.59 12492.0
14.69 9716.0
14.81 8328.0
14.92 11104.0
15.03 9716.0
15.14 11104.0
15.26 12492.0
15.38 12492.0
15.50 13880.0
15.61 9716.0
15.71 5552.0
15.84 6940.0
15.94 12492.0
16.06 15268.0
16.17 11104.0
16.29 13880.0
16.40 15268.0
16.52 13880.0
16.63 12492.0
16.74 11104.0
16.85 11104.0
16.97 8328.0
17.08 5552.0
17.18 5552.0
17.31 6940.0
17.45 5552.0
17.59 5552.0
17.70 5552.0
17.82 6940.0
17.92 5552.0
18.04 6940.0
18.16 9716.0
18.28 6940.0
18.38 5552.0
18.49 6940.0
18.60 9716.0
18.70 9716.0
18.83 11104.0
18.93 9716.0
19.04 9716.0
19.14 20820.0
19.26 18044.0
19.37 13880.0
19.48 18044.0
19.60 12492.0
19.70 12492.0
19.81 9716.0
19.91 12492.0
20.02 16656.0
20.12 13880.0
20.23 23596.0
20.34 22208.0
20.44 23596.0
20.55 24984.0
20.65 23596.0
20.76 26372.0
20.87 27760.0
20.98 23596.0
21.09 24984.0
21.20 23596.0
21.31 23596.0
21.41 19432.0
21.53 20820.0
21.63 29148.0
21.74 19432.0
21.85 27760.0
21.95 24984.0
22.06 29148.0
22.16 34700.0
22.27 37476.0
22.37 30536.0
22.49 37476.0
22.60 45804.0
22.70 43028.0
22.81 34700.0
22.91 41640.0
23.02 40252.0
23.12 26372.0
23.23 41640.0
23.34 36088.0
23.44 27760.0
23.55 24984.0
23.65 20820.0
23.76 19432.0
23.87 26372.0
23.98 26372.0
24.09 27760.0
24.19 19432.0
24.30 22208.0
24.40 22208.0
24.51 26372.0
24.62 26372.0
24.75 20820.0
24.86 12492.0
24.96 12492.0
25.08 15268.0
25.19 19432.0
25.32 16656.0
25.42 16656.0
25.53 22208.0
25.63 26372.0
25.74 24984.0
25.86 23596.0
25.96 19432.0
26.07 23596.0
26.17 27760.0
26.28 40252.0
26.38 27760.0
26.49 31924.0
26.60 31924.0
26.70 26372.0
26.81 26372.0
26.91 18044.0
27.02 26372.0
27.13 23596.0
27.24 24984.0
27.35 31924.0
27.45 23596.0
27.56 36088.0
27.66 30536.0
27.78 44416.0
27.88 31924.0
27.99 33312.0
28.10 26372.0
28.20 15268.0
28.31 11104.0
28.41 8328.0
28.52 20820.0
28.62 13880.0
28.73 23596.0
28.84 16656.0
28.94 26372.0
29.05 27760.0
29.15 24984.0
29.27 13880.0
29.37 18044.0
29.49 15268.0
29.61 19432.0
29.71 15268.0
29.82 18044.0
29.93 12492.0
