0.17 70788.0
0.28 84668.0
0.38 70788.0
0.49 79116.0
0.60 72176.0
0.70 72176.0
0.81 81892.0
0.91 69400.0
1.02 66624.0
1.13 62460.0
1.25 73564.0
1.37 86056.0
1.47 66624.0
1.58 74952.0
1.68 70788.0
1.79 70788.0
1.90 66624.0
2.01 73564.0
2.12 74952.0
2.22 68012.0
2.33 86056.0
2.43 59684.0
2.54 68012.0
2.64 76340.0
2.75 83280.0
2.86 76340.0
2.96 74952.0
3.07 77728.0
3.17 59684.0
3.28 77728.0
3.38 70788.0
3.49 77728.0
3.60 69400.0
3.70 77728.0
3.81 80504.0
3.91 76340.0
4.02 62460.0
4.13 66624.0
4.24 66624.0
4.35 76340.0
4.45 68012.0
4.56 87444.0
4.66 72176.0
4.77 70788.0
4.88 70788.0
4.99 69400.0
5.10 56908.0
5.20 59684.0
5.31 49968.0
5.41 54132.0
5.52 79116.0
5.63 79116.0
5.74 69400.0
5.86 76340.0
5.96 70788.0
6.07 66624.0
6.17 68012.0
6.28 72176.0
6.38 70788.0
6.49 84668.0
6.60 76340.0
6.70 63848.0
6.81 74952.0
6.91 63848.0
7.02 62460.0
7.13 73564.0
7.25 63848.0
7.36 79116.0
7.46 58296.0
7.57 72176.0
7.67 63848.0
7.78 80504.0
7.88 68012.0
7.99 68012.0
8.10 73564.0
8.20 73564.0
8.31 73564.0
8.41 79116.0
8.52 77728.0
8.64 88832.0
8.75 87444.0
8.87 83280.0
8.97 72176.0
9.08 79116.0
9.18 65236.0
9.29 74952.0
9.39 69400.0
9.50 80504.0
9.61 72176.0
9.71 73564.0
9.82 70788.0
9.93 68012.0
10.05 70788.0
10.15 72176.0
10.26 70788.0
10.37 73564.0
10.47 61072.0
10.58 72176.0
10.68 54132.0
10.79 69400.0
10.89 66624.0
11.00 66624.0
11.11 68012.0
11.22 77728.0
11.33 84668.0
11.43 66624.0
11.54 88832.0
11.64 54132.0
11.75 74952.0
11.86 73564.0
11.96 66624.0
12.07 80504.0
12.17 73564.0
12.28 72176.0
12.38 65236.0
12.49 81892.0
12.60 76340.0
12.70 81892.0
12.81 80504.0
12.91 63848.0
13.02 77728.0
13.13 92996.0
13.24 80504.0
13.35 94384.0
13.45 77728.0
13.56 87444.0
13.66 62460.0
13.77 88832.0
13.88 69400.0
13.99 81892.0
14.10 70788.0
14.20 77728.0
14.31 83280.0
14.41 66624.0
14.52 72176.0
14.63 76340.0
14.74 76340.0
14.85 76340.0
14.95 62460.0
15.07 88832.0
15.17 77728.0
15.29 83280.0
15.39 61072.0
15.50 87444.0
15.61 73564.0
15.71 73564.0
15.82 77728.0
15.93 70788.0
16.04 80504.0
16.14 49968.0
16.25 73564.0
16.36 68012.0
16.46 69400.0
16.58 83280.0
16.69 74952.0
16.81 77728.0
16.91 68012.0
17.02 81892.0
17.13 80504.0
17.24 87444.0
17.35 77728.0
17.45 73564.0
17.56 66624.0
17.66 59684.0
17.77 69400.0
17.88 65236.0
17.99 84668.0
18.10 74952.0
18.20 69400.0
18.31 69400.0
18.41 65236.0
18.53 80504.0
18.63 62460.0
18.74 84668.0
18.85 72176.0
18.95 61072.0
19.06 77728.0
19.16 70788.0
19.27 68012.0
19.38 76340.0
19.49 80504.0
19.60 68012.0
19.70 77728.0
19.81 59684.0
19.91 72176.0
20.03 79116.0
20.13 63848.0
20.24 83280.0
20.35 86056.0
20.45 72176.0
20.56 88832.0
20.66 70788.0
20.77 92996.0
20.88 84668.0
20.99 72176.0
21.10 77728.0
21.20 70788.0
21.31 79116.0
21.41 69400.0
21.52 77728.0
21.63 79116.0
21.74 79116.0
21.85 86056.0
21.95 79116.0
22.06 77728.0
22.16 81892.0
22.27 79116.0
22.38 79116.0
22.49 81892.0
22.60 72176.0
22.71 70788.0
22.82 77728.0
22.92 72176.0
23.03 74952.0
23.13 59684.0
23.24 69400.0
23.35 69400.0
23.45 59684.0
23.56 70788.0
23.66 77728.0
23.77 79116.0
23.88 74952.0
23.99 73564.0
24.10 69400.0
24.20 74952.0
24.31 72176.0
24.41 68012.0
24.52 79116.0
24.63 77728.0
24.74 70788.0
24.85 69400.0
24.95 74952.0
25.06 77728.0
25.16 68012.0
25.27 86056.0
25.38 83280.0
25.49 73564.0
25.60 90220.0
25.70 76340.0
25.81 69400.0
25.91 70788.0
26.02 73564.0
26.13 68012.0
26.24 79116.0
26.35 73564.0
26.45 62460.0
26.56 77728.0
26.66 63848.0
26.77 76340.0
26.88 80504.0
26.99 62460.0
27.10 72176.0
27.20 56908.0
27.31 65236.0
27.41 74952.0
27.52 80504.0
27.63 83280.0
27.74 84668.0
27.85 81892.0
27.95 63848.0
28.06 83280.0
28.16 65236.0
28.27 69400.0
28.38 63848.0
28.49 54132.0
28.60 72176.0
28.70 65236.0
28.81 63848.0
28.91 68012.0
29.02 70788.0
29.13 74952.0
29.24 74952.0
29.35 66624.0
29.45 65236.0
29.56 66624.0
29.66 65236.0
29.77 79116.0
29.88 80504.0
29.99 73564.0
