0.19 76340.0
0.30 59684.0
0.40 58296.0
0.51 72176.0
0.62 83280.0
0.73 80504.0
0.84 76340.0
0.94 84668.0
1.05 88832.0
1.15 94384.0
1.26 99936.0
1.38 102712.0
1.49 90220.0
1.60 70788.0
1.70 79116.0
1.81 84668.0
1.91 73564.0
2.02 74952.0
2.12 91608.0
2.23 68012.0
2.34 69400.0
2.44 61072.0
2.55 120756.0
2.65 97160.0
2.76 112428.0
2.87 105488.0
2.98 108264.0
3.09 101324.0
3.19 105488.0
3.30 108264.0
3.40 83280.0
3.51 74952.0
3.62 119368.0
3.73 97160.0
3.84 111040.0
3.94 92996.0
4.06 112428.0
4.16 99936.0
4.28 106876.0
4.38 104100.0
4.49 98548.0
4.60 108264.0
4.70 68012.0
4.81 73564.0
4.91 69400.0
5.02 72176.0
5.12 80504.0
5.24 87444.0
5.35 66624.0
5.45 66624.0
5.56 61072.0
5.66 69400.0
5.77 69400.0
5.87 69400.0
5.98 80504.0
6.09 66624.0
6.19 58296.0
6.30 77728.0
6.40 68012.0
6.51 70788.0
6.62 81892.0
6.73 76340.0
6.84 99936.0
6.94 77728.0
7.05 77728.0
7.15 69400.0
7.26 56908.0
7.37 37476.0
7.48 49968.0
7.59 58296.0
7.70 77728.0
7.81 76340.0
7.91 30536.0
8.02 40252.0
8.12 59684.0
8.23 81892.0
8.34 58296.0
8.44 54132.0
8.55 56908.0
8.65 51356.0
8.76 62460.0
8.87 79116.0
8.99 94384.0
9.10 94384.0
9.20 74952.0
9.31 83280.0
9.41 74952.0
9.53 80504.0
9.63 73564.0
9.74 87444.0
9.85 86056.0
9.95 79116.0
10.06 90220.0
10.16 76340.0
10.27 83280.0
10.37 51356.0
10.48 84668.0
10.59 86056.0
10.69 59684.0
10.80 81892.0
10.90 87444.0
11.01 69400.0
11.12 92996.0
11.23 90220.0
11.34 86056.0
11.44 63848.0
11.55 63848.0
11.65 55520.0
11.76 81892.0
11.87 69400.0
11.98 61072.0
12.09 80504.0
12.19 77728.0
12.31 79116.0
12.41 72176.0
12.52 54132.0
12.62 44416.0
12.73 51356.0
12.84 68012.0
12.94 68012.0
13.05 72176.0
13.15 63848.0
13.26 51356.0
13.37 84668.0
13.48 91608.0
13.59 99936.0
13.69 102712.0
13.80 86056.0
13.90 102712.0
14.01 97160.0
14.12 87444.0
14.24 62460.0
14.35 63848.0
14.45 43028.0
14.56 66624.0
14.66 84668.0
14.77 80504.0
14.87 68012.0
14.98 99936.0
15.09 86056.0
15.19 92996.0
15.30 97160.0
15.40 63848.0
15.51 63848.0
15.62 43028.0
15.73 34700.0
15.84 65236.0
15.94 44416.0
16.05 54132.0
16.15 34700.0
16.27 33312.0
16.37 24984.0
16.48 26372.0
16.59 54132.0
16.69 24984.0
16.80 47192.0
16.90 38864.0
17.01 31924.0
17.13 43028.0
17.24 38864.0
17.36 34700.0
17.46 43028.0
17.58 41640.0
17.68 24984.0
17.79 40252.0
17.89 59684.0
18.00 37476.0
18.11 33312.0
18.21 38864.0
18.32 40252.0
18.42 38864.0
18.53 40252.0
18.63 81892.0
18.74 47192.0
18.85 47192.0
18.95 51356.0
19.06 74952.0
19.16 76340.0
19.27 61072.0
19.37 59684.0
19.48 52744.0
19.59 61072.0
19.71 40252.0
19.82 41640.0
19.92 43028.0
20.03 36088.0
20.13 31924.0
20.24 31924.0
20.35 36088.0
20.45 23596.0
20.56 34700.0
20.66 24984.0
20.77 37476.0
20.87 30536.0
20.98 38864.0
21.09 52744.0
21.20 29148.0
21.31 45804.0
21.41 30536.0
21.52 34700.0
21.62 24984.0
21.73 36088.0
21.84 34700.0
21.94 31924.0
22.05 47192.0
22.15 47192.0
22.26 58296.0
22.37 63848.0
22.48 59684.0
22.59 56908.0
22.69 47192.0
22.80 27760.0
22.90 26372.0
23.01 33312.0
23.12 34700.0
23.23 51356.0
23.34 70788.0
23.44 58296.0
23.55 61072.0
23.65 62460.0
23.76 47192.0
23.87 61072.0
23.98 72176.0
24.09 74952.0
24.19 81892.0
24.30 105488.0
24.40 68012.0
24.52 47192.0
24.62 44416.0
24.73 36088.0
24.84 26372.0
24.94 37476.0
25.06 86056.0
25.16 77728.0
25.27 47192.0
25.37 63848.0
25.48 86056.0
25.59 97160.0
25.69 87444.0
25.81 108264.0
25.91 76340.0
26.02 73564.0
26.12 69400.0
26.23 77728.0
26.34 91608.0
26.45 86056.0
26.56 92996.0
26.66 61072.0
26.78 81892.0
26.88 44416.0
26.99 81892.0
27.10 87444.0
27.20 86056.0
27.31 43028.0
27.41 47192.0
27.52 61072.0
27.62 68012.0
27.73 80504.0
27.84 81892.0
27.94 74952.0
28.05 70788.0
28.15 51356.0
28.26 84668.0
28.37 91608.0
28.48 63848.0
28.59 80504.0
28.69 80504.0
28.80 83280.0
28.90 79116.0
29.01 63848.0
29.12 72176.0
29.23 72176.0
29.34 37476.0
29.44 31924.0
29.55 36088.0
29.65 31924.0
29.76 40252.0
29.87 40252.0
29.98 83280.0
