0.14 80504.0
0.25 88832.0
0.36 83280.0
0.46 72176.0
0.57 77728.0
0.67 63848.0
0.78 76340.0
0.88 56908.0
0.99 91608.0
1.10 80504.0
1.20 69400.0
1.31 77728.0
1.41 68012.0
1.52 83280.0
1.63 80504.0
1.74 81892.0
1.85 77728.0
1.95 77728.0
2.06 77728.0
2.16 73564.0
2.27 65236.0
2.38 79116.0
2.49 70788.0
2.60 74952.0
2.70 59684.0
2.81 76340.0
2.91 73564.0
3.02 73564.0
3.13 74952.0
3.24 79116.0
3.35 74952.0
3.45 72176.0
3.56 88832.0
3.66 65236.0
3.77 88832.0
3.88 77728.0
3.99 90220.0
4.10 80504.0
4.20 73564.0
4.31 81892.0
4.41 74952.0
4.52 69400.0
4.63 65236.0
4.74 63848.0
4.85 79116.0
4.95 61072.0
5.06 74952.0
5.16 69400.0
5.27 76340.0
5.38 77728.0
5.49 79116.0
5.60 70788.0
5.70 76340.0
5.81 73564.0
5.91 66624.0
6.02 66624.0
6.13 81892.0
6.24 72176.0
6.35 80504.0
6.45 68012.0
6.56 90220.0
6.66 73564.0
6.77 69400.0
6.88 84668.0
6.99 77728.0
7.10 74952.0
7.20 63848.0
7.31 77728.0
7.41 77728.0
7.52 87444.0
7.63 66624.0
7.74 76340.0
7.85 77728.0
7.95 70788.0
8.06 79116.0
8.16 66624.0
8.27 80504.0
8.38 76340.0
8.49 83280.0
8.60 76340.0
8.71 72176.0
8.82 66624.0
8.92 74952.0
9.03 74952.0
9.13 73564.0
9.24 74952.0
9.35 81892.0
9.45 66624.0
9.56 79116.0
9.66 69400.0
9.77 73564.0
9.88 79116.0
9.99 62460.0
10.10 81892.0
10.20 59684.0
10.31 72176.0
10.41 83280.0
10.52 81892.0
10.63 77728.0
10.74 70788.0
10.85 76340.0
10.95 68012.0
11.06 65236.0
11.16 63848.0
11.27 69400.0
11.38 87444.0
11.49 76340.0
11.60 77728.0
11.70 68012.0
11.81 79116.0
11.91 61072.0
12.02 83280.0
12.13 66624.0
12.24 76340.0
12.35 74952.0
12.46 68012.0
12.57 73564.0
12.67 61072.0
12.78 72176.0
12.88 62460.0
12.99 49968.0
13.10 54132.0
13.20 59684.0
13.31 66624.0
13.41 61072.0
13.52 61072.0
13.63 69400.0
13.74 66624.0
13.85 59684.0
13.95 61072.0
14.06 62460.0
14.16 52744.0
14.27 55520.0
14.38 69400.0
14.49 63848.0
14.61 66624.0
14.71 68012.0
14.82 61072.0
14.92 61072.0
15.03 66624.0
15.13 72176.0
15.24 69400.0
15.35 61072.0
15.45 69400.0
15.56 72176.0
15.66 59684.0
15.77 63848.0
15.88 65236.0
15.99 55520.0
16.10 66624.0
16.20 58296.0
16.31 61072.0
16.41 54132.0
16.52 73564.0
16.63 65236.0
16.74 83280.0
16.85 65236.0
16.95 74952.0
17.06 77728.0
17.16 79116.0
17.27 76340.0
17.38 69400.0
17.49 86056.0
17.60 77728.0
17.70 74952.0
17.81 77728.0
17.91 72176.0
18.02 61072.0
18.14 80504.0
18.25 72176.0
18.36 73564.0
18.46 69400.0
18.57 66624.0
18.67 55520.0
18.78 73564.0
18.88 68012.0
18.99 65236.0
19.10 66624.0
19.20 58296.0
19.31 66624.0
19.41 59684.0
19.52 56908.0
19.63 73564.0
19.74 58296.0
19.85 72176.0
19.95 58296.0
20.06 65236.0
20.16 56908.0
20.27 69400.0
20.38 69400.0
20.49 72176.0
20.60 68012.0
20.70 66624.0
20.81 79116.0
20.91 58296.0
21.02 65236.0
21.13 72176.0
21.24 77728.0
21.35 72176.0
21.45 61072.0
21.56 73564.0
21.66 49968.0
21.77 83280.0
21.88 68012.0
21.99 76340.0
22.10 76340.0
22.20 72176.0
22.31 70788.0
22.41 70788.0
22.52 80504.0
22.63 66624.0
22.74 83280.0
22.85 72176.0
22.95 70788.0
23.06 72176.0
23.16 58296.0
23.27 70788.0
23.38 86056.0
23.49 66624.0
23.60 62460.0
23.70 59684.0
23.81 68012.0
23.91 70788.0
24.02 74952.0
24.13 83280.0
24.24 73564.0
24.35 74952.0
24.45 61072.0
24.56 69400.0
24.66 63848.0
24.77 66624.0
24.88 74952.0
24.99 77728.0
25.11 74952.0
25.21 68012.0
25.32 77728.0
25.42 73564.0
25.53 83280.0
25.63 48580.0
25.74 70788.0
25.85 55520.0
25.95 47192.0
26.06 70788.0
26.16 63848.0
26.27 80504.0
26.38 66624.0
26.49 74952.0
26.60 73564.0
26.70 70788.0
26.81 69400.0
26.91 63848.0
27.02 63848.0
27.13 66624.0
27.24 72176.0
27.35 61072.0
27.45 55520.0
27.56 65236.0
27.66 63848.0
27.77 79116.0
27.88 74952.0
27.99 83280.0
28.10 73564.0
28.20 66624.0
28.31 68012.0
28.41 70788.0
28.52 83280.0
28.63 74952.0
28.74 76340.0
28.85 59684.0
28.95 58296.0
29.06 74952.0
29.16 72176.0
29.27 73564.0
29.38 72176.0
29.49 62460.0
29.60 68012.0
29.70 61072.0
29.81 74952.0
29.91 83280.0
