0.19 72176.0
0.30 84668.0
0.40 81892.0
0.51 65236.0
0.62 59684.0
0.73 74952.0
0.84 91608.0
0.94 87444.0
1.05 98548.0
1.15 88832.0
1.26 92996.0
1.37 94384.0
1.48 86056.0
1.60 72176.0
1.70 72176.0
1.81 83280.0
1.92 83280.0
2.03 91608.0
2.13 66624.0
2.24 90220.0
2.35 77728.0
2.45 87444.0
2.56 94384.0
2.66 76340.0
2.77 87444.0
2.88 66624.0
2.99 77728.0
3.10 91608.0
3.21 80504.0
3.32 66624.0
3.42 68012.0
3.53 65236.0
3.63 69400.0
3.74 80504.0
3.85 77728.0
3.95 84668.0
4.06 102712.0
4.16 77728.0
4.28 80504.0
4.38 80504.0
4.49 84668.0
4.60 80504.0
4.70 68012.0
4.81 77728.0
4.91 73564.0
5.02 86056.0
5.12 84668.0
5.23 73564.0
5.34 88832.0
5.44 73564.0
5.55 61072.0
5.65 59684.0
5.76 66624.0
5.87 58296.0
5.98 79116.0
6.09 87444.0
6.19 74952.0
6.30 76340.0
6.40 88832.0
6.51 108264.0
6.62 70788.0
6.73 79116.0
6.84 88832.0
6.94 80504.0
7.05 77728.0
7.15 77728.0
7.26 98548.0
7.37 97160.0
7.48 95772.0
7.59 68012.0
7.69 41640.0
7.80 59684.0
7.90 94384.0
8.01 87444.0
8.12 84668.0
8.23 109652.0
8.34 111040.0
8.44 99936.0
8.55 92996.0
8.65 91608.0
8.76 80504.0
8.87 86056.0
8.98 79116.0
9.09 77728.0
9.19 73564.0
9.30 74952.0
9.40 68012.0
9.51 69400.0
9.62 48580.0
9.73 70788.0
9.84 80504.0
9.94 61072.0
10.05 74952.0
10.15 61072.0
10.26 86056.0
10.37 81892.0
10.48 74952.0
10.59 65236.0
10.69 68012.0
10.80 73564.0
10.90 86056.0
11.01 72176.0
11.12 87444.0
11.23 87444.0
11.34 87444.0
11.44 70788.0
11.55 76340.0
11.65 49968.0
11.77 94384.0
11.87 69400.0
11.98 83280.0
12.09 76340.0
12.19 77728.0
12.30 79116.0
12.40 65236.0
12.51 76340.0
12.62 66624.0
12.73 40252.0
12.84 73564.0
12.94 88832.0
13.05 74952.0
13.15 74952.0
13.26 73564.0
13.37 80504.0
13.48 87444.0
13.59 81892.0
13.69 69400.0
13.80 52744.0
13.90 45804.0
14.01 47192.0
14.12 72176.0
14.23 15268.0
14.34 12492.0
14.44 58296.0
14.55 86056.0
14.65 33312.0
14.76 51356.0
14.87 63848.0
14.98 54132.0
15.09 79116.0
15.19 72176.0
15.31 81892.0
15.41 59684.0
15.53 88832.0
15.63 90220.0
15.74 88832.0
15.85 92996.0
15.95 97160.0
16.06 99936.0
16.16 83280.0
16.27 94384.0
16.37 81892.0
16.48 94384.0
16.59 98548.0
16.69 62460.0
16.80 69400.0
16.90 83280.0
17.01 73564.0
17.12 81892.0
17.23 102712.0
17.34 79116.0
17.44 80504.0
17.55 95772.0
17.65 84668.0
17.76 81892.0
17.87 84668.0
17.98 80504.0
18.09 87444.0
18.19 69400.0
18.30 61072.0
18.40 56908.0
18.51 99936.0
18.62 88832.0
18.73 86056.0
18.84 69400.0
18.94 56908.0
19.05 88832.0
19.15 70788.0
19.26 88832.0
19.37 101324.0
19.48 98548.0
19.59 101324.0
19.69 73564.0
19.81 91608.0
19.91 106876.0
20.02 108264.0
20.12 87444.0
20.23 97160.0
20.34 80504.0
20.44 66624.0
20.55 83280.0
20.65 66624.0
20.76 54132.0
20.87 56908.0
20.98 56908.0
21.09 61072.0
21.19 65236.0
21.30 68012.0
21.40 43028.0
21.51 48580.0
21.62 58296.0
21.88 12492.0
21.99 198484.0
22.10 70788.0
22.20 43028.0
22.31 47192.0
22.41 44416.0
22.52 45804.0
22.62 36088.0
22.73 37476.0
22.84 44416.0
22.94 37476.0
23.05 45804.0
23.15 40252.0
23.26 37476.0
23.37 40252.0
23.48 38864.0
23.59 36088.0
23.69 38864.0
23.81 86056.0
23.91 66624.0
24.03 62460.0
24.13 69400.0
24.24 86056.0
24.36 77728.0
24.46 77728.0
24.57 76340.0
24.67 65236.0
24.78 70788.0
24.88 79116.0
24.99 86056.0
25.11 81892.0
25.21 77728.0
25.33 91608.0
25.43 66624.0
25.54 79116.0
25.64 56908.0
25.75 91608.0
25.87 72176.0
25.98 59684.0
26.09 83280.0
26.19 76340.0
26.30 70788.0
26.40 55520.0
26.51 74952.0
26.62 88832.0
26.73 79116.0
26.84 68012.0
26.94 49968.0
27.05 52744.0
27.15 40252.0
27.26 58296.0
27.37 62460.0
27.48 73564.0
27.59 76340.0
27.69 61072.0
27.80 80504.0
27.90 68012.0
28.01 83280.0
28.12 73564.0
28.23 87444.0
28.34 83280.0
28.44 77728.0
28.55 61072.0
28.65 54132.0
28.76 86056.0
28.87 72176.0
28.98 81892.0
29.09 86056.0
29.20 61072.0
29.31 59684.0
29.41 63848.0
29.52 61072.0
29.62 66624.0
29.73 61072.0
29.84 63848.0
29.94 74952.0
