0.19 68012.0
0.30 95772.0
0.40 65236.0
0.51 76340.0
0.62 74952.0
0.73 66624.0
0.84 72176.0
0.94 76340.0
1.05 72176.0
1.15 47192.0
1.26 43028.0
1.37 48580.0
1.48 47192.0
1.59 61072.0
1.69 47192.0
1.80 66624.0
1.90 58296.0
2.01 76340.0
2.12 86056.0
2.23 69400.0
2.34 80504.0
2.44 74952.0
2.56 77728.0
2.66 61072.0
2.77 66624.0
2.87 66624.0
2.98 59684.0
3.09 62460.0
3.19 76340.0
3.30 87444.0
3.40 74952.0
3.51 73564.0
3.62 77728.0
3.73 87444.0
3.84 80504.0
3.94 72176.0
4.05 83280.0
4.15 69400.0
4.26 73564.0
4.38 79116.0
4.49 58296.0
4.60 55520.0
4.70 43028.0
4.81 43028.0
4.91 45804.0
5.02 47192.0
5.12 44416.0
5.23 55520.0
5.34 59684.0
5.45 56908.0
5.56 65236.0
5.66 65236.0
5.77 70788.0
5.87 63848.0
5.98 73564.0
6.09 84668.0
6.19 65236.0
6.30 66624.0
6.40 70788.0
6.51 74952.0
6.62 73564.0
6.73 80504.0
6.84 77728.0
6.94 48580.0
7.05 65236.0
7.16 36088.0
7.27 66624.0
7.37 61072.0
7.48 69400.0
7.74 9716.0
7.85 213752.0
7.95 54132.0
8.06 72176.0
8.16 76340.0
8.27 92996.0
8.37 65236.0
8.48 70788.0
8.59 83280.0
8.69 83280.0
8.80 79116.0
8.90 79116.0
9.01 95772.0
9.12 88832.0
9.23 58296.0
9.34 45804.0
9.44 65236.0
9.56 86056.0
9.66 56908.0
9.77 76340.0
9.87 74952.0
9.98 95772.0
10.09 106876.0
10.19 84668.0
10.30 86056.0
10.40 66624.0
10.51 66624.0
10.62 86056.0
10.73 90220.0
10.84 77728.0
10.94 68012.0
11.05 81892.0
11.15 77728.0
11.26 84668.0
11.37 97160.0
11.48 98548.0
11.59 83280.0
11.69 79116.0
11.80 80504.0
11.90 56908.0
12.01 79116.0
12.12 68012.0
12.23 76340.0
12.34 69400.0
12.44 92996.0
12.55 94384.0
12.65 65236.0
12.76 69400.0
12.87 72176.0
12.98 80504.0
13.09 68012.0
13.19 68012.0
13.30 59684.0
13.40 68012.0
13.51 77728.0
13.62 86056.0
13.73 65236.0
13.84 69400.0
13.94 79116.0
14.05 94384.0
14.15 73564.0
14.26 84668.0
14.37 65236.0
14.48 102712.0
14.59 102712.0
14.69 90220.0
14.80 81892.0
14.90 73564.0
15.01 72176.0
15.12 52744.0
15.23 70788.0
15.35 73564.0
15.45 69400.0
15.56 83280.0
15.66 70788.0
15.77 72176.0
15.87 49968.0
15.98 87444.0
16.09 79116.0
16.19 66624.0
16.31 83280.0
16.41 87444.0
16.52 90220.0
16.62 76340.0
16.73 95772.0
16.84 76340.0
16.94 77728.0
17.05 77728.0
17.15 79116.0
17.26 72176.0
17.37 58296.0
17.48 77728.0
17.59 70788.0
17.69 56908.0
17.80 54132.0
17.90 38864.0
18.01 56908.0
18.12 41640.0
18.23 66624.0
18.34 68012.0
18.44 63848.0
18.55 77728.0
18.65 59684.0
18.76 80504.0
18.87 88832.0
18.98 81892.0
19.09 97160.0
19.19 74952.0
19.30 51356.0
19.40 36088.0
19.51 65236.0
19.62 91608.0
19.73 91608.0
19.85 70788.0
19.95 43028.0
20.06 47192.0
20.16 34700.0
20.27 54132.0
20.37 47192.0
20.49 38864.0
20.61 69400.0
20.71 30536.0
20.82 36088.0
20.92 34700.0
21.03 62460.0
21.13 62460.0
21.24 55520.0
21.35 40252.0
21.45 52744.0
21.56 40252.0
21.66 37476.0
21.77 38864.0
21.88 56908.0
21.99 62460.0
22.10 51356.0
22.21 58296.0
22.32 44416.0
22.42 69400.0
22.53 101324.0
22.63 52744.0
22.74 77728.0
22.85 77728.0
22.95 84668.0
23.06 111040.0
23.16 77728.0
23.27 95772.0
23.37 87444.0
23.48 62460.0
23.59 112428.0
23.69 95772.0
23.80 98548.0
23.90 76340.0
24.01 94384.0
24.12 101324.0
24.23 98548.0
24.34 76340.0
24.44 77728.0
24.55 88832.0
24.65 79116.0
24.76 102712.0
24.87 80504.0
24.98 90220.0
25.09 101324.0
25.19 76340.0
25.30 91608.0
25.40 83280.0
25.51 90220.0
25.62 91608.0
25.73 98548.0
25.84 61072.0
25.94 72176.0
26.05 88832.0
26.15 73564.0
26.26 73564.0
26.37 65236.0
26.48 83280.0
26.59 79116.0
26.69 79116.0
26.80 91608.0
26.90 74952.0
27.01 87444.0
27.12 84668.0
27.23 88832.0
27.34 92996.0
27.44 80504.0
27.55 77728.0
27.65 69400.0
27.76 88832.0
27.87 70788.0
27.98 76340.0
28.09 94384.0
28.19 62460.0
28.30 69400.0
28.40 66624.0
28.51 66624.0
28.62 76340.0
28.73 80504.0
28.84 83280.0
28.94 62460.0
29.05 59684.0
29.15 58296.0
29.26 69400.0
29.37 81892.0
29.48 83280.0
29.59 81892.0
29.69 83280.0
29.80 77728.0
29.90 77728.0
