0.20 88832.0
0.31 98548.0
0.41 87444.0
0.52 68012.0
0.62 80504.0
0.73 66624.0
0.84 84668.0
0.94 65236.0
1.05 95772.0
1.15 66624.0
1.26 81892.0
1.37 113816.0
1.48 105488.0
1.59 94384.0
1.69 86056.0
1.80 95772.0
1.90 91608.0
2.02 106876.0
2.12 120756.0
2.23 98548.0
2.34 101324.0
2.45 94384.0
2.56 111040.0
2.66 95772.0
2.77 108264.0
2.87 91608.0
2.98 90220.0
3.09 87444.0
3.19 73564.0
3.30 83280.0
3.40 72176.0
3.51 83280.0
3.62 90220.0
3.73 90220.0
3.84 88832.0
3.94 80504.0
4.05 86056.0
4.15 81892.0
4.26 86056.0
4.37 54132.0
4.48 91608.0
4.59 99936.0
4.69 81892.0
4.81 92996.0
4.91 88832.0
5.02 83280.0
5.12 97160.0
5.23 94384.0
5.34 95772.0
5.44 97160.0
5.55 80504.0
5.65 81892.0
5.76 108264.0
5.87 98548.0
5.98 91608.0
6.09 94384.0
6.19 86056.0
6.30 83280.0
6.40 84668.0
6.51 99936.0
6.62 80504.0
6.73 111040.0
6.84 98548.0
6.94 97160.0
7.05 97160.0
7.15 80504.0
7.26 101324.0
7.37 91608.0
7.48 91608.0
7.59 92996.0
7.69 86056.0
7.80 90220.0
7.90 91608.0
8.01 84668.0
8.12 87444.0
8.23 90220.0
8.34 101324.0
8.44 99936.0
8.55 104100.0
8.65 80504.0
8.76 94384.0
8.87 90220.0
8.98 108264.0
9.09 108264.0
9.19 95772.0
9.30 105488.0
9.40 87444.0
9.51 105488.0
9.62 84668.0
9.73 101324.0
9.84 97160.0
9.94 83280.0
10.05 87444.0
10.15 94384.0
10.26 88832.0
10.37 88832.0
10.48 77728.0
10.59 83280.0
10.69 73564.0
10.80 65236.0
10.90 81892.0
11.01 83280.0
11.12 94384.0
11.23 77728.0
11.34 81892.0
11.44 79116.0
11.55 65236.0
11.85 2776.0
11.95 265108.0
12.06 101324.0
12.16 69400.0
12.27 84668.0
12.37 76340.0
12.48 102712.0
12.59 94384.0
12.69 90220.0
12.80 101324.0
12.90 87444.0
13.01 111040.0
13.12 105488.0
13.23 95772.0
13.35 106876.0
13.45 86056.0
13.56 84668.0
13.67 79116.0
13.78 95772.0
13.88 77728.0
13.99 66624.0
14.10 72176.0
14.20 58296.0
14.31 72176.0
14.41 56908.0
14.52 61072.0
14.62 61072.0
14.73 83280.0
14.84 108264.0
14.94 77728.0
15.05 76340.0
15.16 81892.0
15.27 104100.0
15.37 86056.0
15.48 94384.0
15.59 105488.0
15.69 86056.0
15.80 81892.0
15.90 84668.0
16.01 98548.0
16.12 91608.0
16.23 106876.0
16.34 102712.0
16.44 58296.0
16.55 69400.0
16.65 66624.0
16.76 77728.0
16.87 58296.0
16.98 62460.0
17.09 83280.0
17.19 65236.0
17.30 68012.0
17.40 74952.0
17.51 94384.0
17.62 87444.0
17.73 81892.0
17.84 44416.0
17.94 33312.0
18.06 34700.0
18.16 36088.0
18.27 37476.0
18.37 26372.0
18.48 34700.0
18.59 30536.0
18.69 27760.0
18.80 41640.0
18.90 41640.0
19.01 37476.0
19.12 49968.0
19.23 37476.0
19.34 63848.0
19.44 52744.0
19.55 45804.0
19.65 44416.0
19.77 45804.0
19.87 49968.0
19.99 44416.0
20.10 47192.0
20.20 37476.0
20.32 48580.0
20.42 44416.0
20.53 36088.0
20.63 34700.0
20.74 33312.0
20.85 36088.0
20.95 30536.0
21.06 34700.0
21.16 29148.0
21.27 31924.0
21.37 30536.0
21.48 37476.0
21.59 33312.0
21.69 34700.0
21.80 41640.0
21.90 27760.0
22.01 30536.0
22.12 33312.0
22.23 33312.0
22.34 30536.0
22.44 24984.0
22.55 38864.0
22.65 36088.0
22.76 38864.0
22.87 30536.0
22.98 43028.0
23.09 40252.0
23.19 45804.0
23.30 41640.0
23.40 38864.0
23.51 49968.0
23.62 45804.0
23.73 44416.0
23.84 43028.0
23.94 36088.0
24.05 40252.0
24.15 37476.0
24.26 36088.0
24.37 41640.0
24.49 38864.0
24.60 40252.0
24.70 43028.0
24.81 40252.0
24.91 37476.0
25.02 43028.0
25.12 37476.0
25.23 43028.0
25.34 34700.0
25.44 43028.0
25.56 40252.0
25.66 33312.0
25.77 43028.0
25.87 23596.0
25.98 37476.0
26.09 43028.0
26.19 47192.0
26.30 70788.0
26.40 84668.0
26.51 69400.0
26.62 90220.0
26.74 88832.0
26.85 102712.0
26.96 80504.0
27.07 104100.0
27.17 84668.0
27.28 90220.0
27.38 79116.0
27.49 77728.0
27.60 65236.0
27.70 49968.0
27.81 51356.0
27.91 52744.0
28.02 68012.0
28.12 49968.0
28.23 81892.0
28.34 73564.0
28.44 81892.0
28.55 65236.0
28.65 49968.0
28.76 41640.0
28.87 48580.0
28.98 48580.0
29.09 45804.0
29.19 43028.0
29.30 47192.0
29.40 38864.0
29.51 49968.0
29.62 38864.0
29.73 43028.0
29.84 44416.0
29.94 36088.0
