0.13 77728.0
0.24 102712.0
0.36 99936.0
0.46 77728.0
0.57 88832.0
0.67 86056.0
0.78 101324.0
0.88 95772.0
0.99 92996.0
1.10 99936.0
1.20 99936.0
1.31 90220.0
1.41 72176.0
1.52 92996.0
1.63 84668.0
1.74 80504.0
1.85 84668.0
1.95 80504.0
2.06 76340.0
2.16 92996.0
2.27 95772.0
2.38 94384.0
2.49 83280.0
2.60 104100.0
2.70 74952.0
2.81 72176.0
2.91 84668.0
3.03 68012.0
3.13 88832.0
3.25 87444.0
3.36 69400.0
3.46 72176.0
3.57 58296.0
3.67 66624.0
3.78 66624.0
3.88 59684.0
3.99 92996.0
4.10 81892.0
4.20 88832.0
4.31 101324.0
4.41 84668.0
4.52 94384.0
4.63 98548.0
4.74 87444.0
4.85 81892.0
4.95 83280.0
5.06 101324.0
5.17 88832.0
5.28 94384.0
5.38 94384.0
5.49 97160.0
5.61 98548.0
5.71 94384.0
5.82 56908.0
5.92 41640.0
6.03 45804.0
6.13 44416.0
6.24 49968.0
6.35 51356.0
6.45 49968.0
6.56 38864.0
6.66 43028.0
6.77 51356.0
6.88 44416.0
6.99 38864.0
7.10 48580.0
7.20 41640.0
7.31 40252.0
7.41 40252.0
7.52 48580.0
7.63 38864.0
7.75 45804.0
7.86 38864.0
7.96 37476.0
8.07 48580.0
8.17 38864.0
8.29 43028.0
8.39 45804.0
8.50 43028.0
8.61 36088.0
8.71 43028.0
8.82 45804.0
8.92 41640.0
9.03 38864.0
9.14 40252.0
9.25 43028.0
9.36 41640.0
9.46 43028.0
9.58 51356.0
9.68 48580.0
9.79 47192.0
9.89 41640.0
10.00 90220.0
10.11 84668.0
10.21 59684.0
10.32 73564.0
10.42 56908.0
10.53 55520.0
10.63 58296.0
10.74 56908.0
10.85 73564.0
10.95 62460.0
11.06 98548.0
11.16 86056.0
11.27 94384.0
11.38 98548.0
11.49 92996.0
11.60 86056.0
11.70 92996.0
11.82 105488.0
11.92 106876.0
12.03 92996.0
12.13 81892.0
12.24 98548.0
12.35 99936.0
12.45 84668.0
12.57 101324.0
12.67 81892.0
12.78 95772.0
12.88 97160.0
12.99 108264.0
13.11 95772.0
13.22 83280.0
13.33 91608.0
13.43 87444.0
13.54 94384.0
13.64 88832.0
13.76 86056.0
13.87 94384.0
13.97 84668.0
14.08 98548.0
14.18 99936.0
14.29 97160.0
14.39 81892.0
14.50 84668.0
14.61 91608.0
14.71 84668.0
14.82 92996.0
14.92 86056.0
15.03 101324.0
15.13 95772.0
15.24 99936.0
15.35 73564.0
15.45 72176.0
15.56 95772.0
15.66 88832.0
15.77 84668.0
15.88 91608.0
16.00 41640.0
16.11 45804.0
16.22 40252.0
16.33 47192.0
16.43 45804.0
16.54 43028.0
16.64 40252.0
16.75 45804.0
16.86 40252.0
16.96 44416.0
17.07 48580.0
17.17 41640.0
17.28 47192.0
17.38 47192.0
17.49 51356.0
17.61 48580.0
17.71 43028.0
17.82 43028.0
17.92 44416.0
18.03 47192.0
18.13 34700.0
18.24 36088.0
18.35 43028.0
18.45 43028.0
18.57 43028.0
18.67 34700.0
18.78 38864.0
18.88 30536.0
18.99 81892.0
19.10 70788.0
19.20 26372.0
19.31 51356.0
19.41 56908.0
19.52 33312.0
19.64 44416.0
19.75 49968.0
19.87 79116.0
19.97 92996.0
20.08 63848.0
20.18 77728.0
20.29 79116.0
20.39 77728.0
20.50 87444.0
20.61 81892.0
20.71 84668.0
20.82 99936.0
20.92 91608.0
21.03 94384.0
21.13 90220.0
21.24 80504.0
21.35 99936.0
21.45 80504.0
21.56 87444.0
21.66 84668.0
21.77 94384.0
21.88 95772.0
21.99 86056.0
22.10 77728.0
22.20 84668.0
22.31 84668.0
22.41 63848.0
22.52 69400.0
22.63 63848.0
22.74 66624.0
22.85 76340.0
22.95 61072.0
23.06 95772.0
23.16 76340.0
23.27 58296.0
23.38 94384.0
23.49 76340.0
23.61 88832.0
23.72 83280.0
23.83 101324.0
23.93 68012.0
24.04 54132.0
24.14 66624.0
24.25 47192.0
24.36 56908.0
24.46 41640.0
24.57 48580.0
24.67 36088.0
24.78 44416.0
24.88 69400.0
24.99 73564.0
25.11 72176.0
25.21 61072.0
25.32 70788.0
25.42 48580.0
25.53 58296.0
25.64 61072.0
25.75 79116.0
25.86 91608.0
25.96 41640.0
26.08 52744.0
26.18 48580.0
26.29 45804.0
26.39 47192.0
26.50 51356.0
26.61 49968.0
26.73 41640.0
26.84 47192.0
26.94 38864.0
27.05 38864.0
27.16 26372.0
27.27 38864.0
27.38 38864.0
27.49 34700.0
27.60 45804.0
27.70 45804.0
27.81 45804.0
27.91 41640.0
28.02 36088.0
28.13 38864.0
28.24 37476.0
28.35 44416.0
28.45 37476.0
28.56 47192.0
28.66 38864.0
28.77 45804.0
28.88 37476.0
29.00 45804.0
29.11 38864.0
29.21 37476.0
29.32 31924.0
29.42 29148.0
29.53 34700.0
29.63 80504.0
29.74 52744.0
29.85 87444.0
29.95 70788.0
