0.10 5242.90
0.20 5242.90
0.30 5242.90
0.40 5242.90
0.50 5242.90
0.60 75759.60
0.70 75759.60
0.80 75759.60
0.90 75759.60
1.00 75759.60
1.10 88866.80
1.20 88866.80
1.30 88866.80
1.40 88866.80
1.50 88866.80
1.60 87556.10
1.70 87556.10
1.80 87556.10
1.90 87556.10
2.00 87556.10
2.10 28573.70
2.20 28573.70
2.30 28573.70
2.40 28573.70
2.50 28573.70
2.60 114032.60
2.70 114032.60
2.80 114032.60
2.90 114032.60
3.00 114032.60
3.10 92536.80
3.20 92536.80
3.30 92536.80
3.40 92536.80
3.50 92536.80
3.60 60293.10
3.70 60293.10
3.80 60293.10
3.90 60293.10
4.00 60293.10
4.10 108003.30
4.20 108003.30
4.30 108003.30
4.40 108003.30
4.50 108003.30
4.60 91488.30
4.70 91488.30
4.80 91488.30
4.90 91488.30
5.00 91488.30
5.10 8126.50
5.20 8126.50
5.30 8126.50
5.40 8126.50
5.50 8126.50
5.60 117964.80
5.70 117964.80
5.80 117964.80
5.90 117964.80
6.00 117964.80
6.10 162005.00
6.20 162005.00
6.30 162005.00
6.40 162005.00
6.50 162005.00
6.60 70254.60
6.70 70254.60
6.80 70254.60
6.90 70254.60
7.00 70254.60
7.10 64225.30
7.20 64225.30
7.30 64225.30
7.40 64225.30
7.50 64225.30
7.60 22020.10
7.70 22020.10
7.80 22020.10
7.90 22020.10
8.00 22020.10
8.10 64225.30
8.20 64225.30
8.30 64225.30
8.40 64225.30
8.50 64225.30
8.60 61603.80
8.70 61603.80
8.80 61603.80
8.90 61603.80
9.00 61603.80
9.10 35913.70
9.20 35913.70
9.30 35913.70
9.40 35913.70
9.50 35913.70
9.60 57147.40
9.70 57147.40
9.80 57147.40
9.90 57147.40
10.00 57147.40
10.10 102760.40
10.20 102760.40
10.30 102760.40
10.40 102760.40
10.50 102760.40
10.60 35389.40
10.70 35389.40
10.80 35389.40
10.90 35389.40
11.00 35389.40
11.10 95158.30
11.20 95158.30
11.30 95158.30
11.40 95158.30
11.50 95158.30
11.60 111935.50
11.70 111935.50
11.80 111935.50
11.90 111935.50
12.00 111935.50
12.10 93585.40
12.20 93585.40
12.30 93585.40
12.40 93585.40
12.50 93585.40
12.60 41418.80
12.70 41418.80
12.80 41418.80
12.90 41418.80
13.00 41418.80
13.10 17301.50
13.20 17301.50
13.30 17301.50
13.40 17301.50
13.50 17301.50
13.60 54001.70
13.70 54001.70
13.80 54001.70
13.90 54001.70
14.00 54001.70
14.10 119799.80
14.20 119799.80
14.30 119799.80
14.40 119799.80
14.50 119799.80
14.60 39059.50
14.70 39059.50
14.80 39059.50
14.90 39059.50
15.00 39059.50
15.10 20971.50
15.20 20971.50
15.30 20971.50
15.40 20971.50
15.50 20971.50
15.60 8912.90
15.70 8912.90
15.80 8912.90
15.90 8912.90
16.00 8912.90
16.10 71303.20
16.20 71303.20
16.30 71303.20
16.40 71303.20
16.50 71303.20
16.60 109838.30
16.70 109838.30
16.80 109838.30
16.90 109838.30
17.00 109838.30
17.10 53477.40
17.20 53477.40
17.30 53477.40
17.40 53477.40
17.50 53477.40
17.60 23593.00
17.70 23593.00
17.80 23593.00
17.90 23593.00
18.00 23593.00
18.10 80216.10
18.20 80216.10
18.30 80216.10
18.40 80216.10
18.50 80216.10
18.60 120586.20
18.70 120586.20
18.80 120586.20
18.90 120586.20
19.00 120586.20
19.10 58458.10
19.20 58458.10
19.30 58458.10
19.40 58458.10
19.50 58458.10
19.60 86245.40
19.70 86245.40
19.80 86245.40
19.90 86245.40
20.00 86245.40
20.10 139984.90
20.20 139984.90
20.30 139984.90
20.40 139984.90
20.50 139984.90
20.60 20709.40
20.70 20709.40
20.80 20709.40
20.90 20709.40
21.00 20709.40
21.10 75497.50
21.20 75497.50
21.30 75497.50
21.40 75497.50
21.50 75497.50
21.60 81526.80
21.70 81526.80
21.80 81526.80
21.90 81526.80
22.00 81526.80
22.10 70516.70
22.20 70516.70
22.30 70516.70
22.40 70516.70
22.50 70516.70
22.60 78381.10
22.70 78381.10
22.80 78381.10
22.90 78381.10
23.00 78381.10
23.10 5242.90
23.20 5242.90
23.30 5242.90
23.40 5242.90
23.50 5242.90
23.60 30933.00
23.70 30933.00
23.80 30933.00
23.90 30933.00
24.00 30933.00
24.10 81264.60
24.20 81264.60
24.30 81264.60
24.40 81264.60
24.50 81264.60
24.60 86507.50
24.70 86507.50
24.80 86507.50
24.90 86507.50
25.00 86507.50
25.10 89653.20
25.20 89653.20
25.30 89653.20
25.40 89653.20
25.50 89653.20
25.60 55050.20
25.70 55050.20
25.80 55050.20
25.90 55050.20
26.00 55050.20
26.10 113508.40
26.20 113508.40
26.30 113508.40
26.40 113508.40
26.50 113508.40
26.60 31457.30
26.70 31457.30
26.80 31457.30
26.90 31457.30
27.00 31457.30
27.10 49283.10
27.20 49283.10
27.30 49283.10
27.40 49283.10
27.50 49283.10
27.60 25690.10
27.70 25690.10
27.80 25690.10
27.90 25690.10
28.00 25690.10
28.10 40370.20
28.20 40370.20
28.30 40370.20
28.40 40370.20
28.50 40370.20
28.60 47448.10
28.70 47448.10
28.80 47448.10
28.90 47448.10
29.00 47448.10
29.10 27263.00
29.20 27263.00
29.30 27263.00
29.40 27263.00
29.50 27263.00
29.60 5242.90
29.70 5242.90
29.80 5242.90
29.90 5242.90
30.00 5242.90
