0.10 13631.50
0.20 13631.50
0.30 13631.50
0.40 13631.50
0.50 13631.50
0.60 50593.80
0.70 50593.80
0.80 50593.80
0.90 50593.80
1.00 50593.80
1.10 63701.00
1.20 63701.00
1.30 63701.00
1.40 63701.00
1.50 63701.00
1.60 15466.50
1.70 15466.50
1.80 15466.50
1.90 15466.50
2.00 15466.50
2.10 44826.60
2.20 44826.60
2.30 44826.60
2.40 44826.60
2.50 44826.60
2.60 39059.50
2.70 39059.50
2.80 39059.50
2.90 39059.50
3.00 39059.50
3.10 9175.00
3.20 9175.00
3.30 9175.00
3.40 9175.00
3.50 9175.00
3.60 38535.20
3.70 38535.20
3.80 38535.20
3.90 38535.20
4.00 38535.20
4.10 42729.50
4.20 42729.50
4.30 42729.50
4.40 42729.50
4.50 42729.50
4.60 10747.90
4.70 10747.90
4.80 10747.90
4.90 10747.90
5.00 10747.90
5.10 68157.40
5.20 68157.40
5.30 68157.40
5.40 68157.40
5.50 68157.40
5.60 56098.80
5.70 56098.80
5.80 56098.80
5.90 56098.80
6.00 56098.80
6.10 43778.00
6.20 43778.00
6.30 43778.00
6.40 43778.00
6.50 43778.00
6.60 51642.40
6.70 51642.40
6.80 51642.40
6.90 51642.40
7.00 51642.40
7.10 45088.80
7.20 45088.80
7.30 45088.80
7.40 45088.80
7.50 45088.80
7.60 49807.40
7.70 49807.40
7.80 49807.40
7.90 49807.40
8.00 49807.40
8.10 27000.80
8.20 27000.80
8.30 27000.80
8.40 27000.80
8.50 27000.80
8.60 48496.60
8.70 48496.60
8.80 48496.60
8.90 48496.60
9.00 48496.60
9.10 12845.10
9.20 12845.10
9.30 12845.10
9.40 12845.10
9.50 12845.10
9.60 53215.20
9.70 53215.20
9.80 53215.20
9.90 53215.20
10.00 53215.20
10.10 18874.40
10.20 18874.40
10.30 18874.40
10.40 18874.40
10.50 18874.40
10.60 25428.00
10.70 25428.00
10.80 25428.00
10.90 25428.00
11.00 25428.00
11.10 5242.90
11.20 5242.90
11.30 5242.90
11.40 5242.90
11.50 5242.90
11.60 48234.50
11.70 48234.50
11.80 48234.50
11.90 48234.50
12.00 48234.50
12.10 19398.70
12.20 19398.70
12.30 19398.70
12.40 19398.70
12.50 19398.70
12.60 42467.30
12.70 42467.30
12.80 42467.30
12.90 42467.30
13.00 42467.30
13.10 30670.80
13.20 30670.80
13.30 30670.80
13.40 30670.80
13.50 30670.80
13.60 5242.90
13.70 5242.90
13.80 5242.90
13.90 5242.90
14.00 5242.90
14.10 50331.60
14.20 50331.60
14.30 50331.60
14.40 50331.60
14.50 50331.60
14.60 40632.30
14.70 40632.30
14.80 40632.30
14.90 40632.30
15.00 40632.30
15.10 27525.10
15.20 27525.10
15.30 27525.10
15.40 27525.10
15.50 27525.10
15.60 50855.90
15.70 50855.90
15.80 50855.90
15.90 50855.90
16.00 50855.90
16.10 31981.60
16.20 31981.60
16.30 31981.60
16.40 31981.60
16.50 31981.60
16.60 13631.50
16.70 13631.50
16.80 13631.50
16.90 13631.50
17.00 13631.50
17.10 65536.00
17.20 65536.00
17.30 65536.00
17.40 65536.00
17.50 65536.00
17.60 40108.00
17.70 40108.00
17.80 40108.00
17.90 40108.00
18.00 40108.00
18.10 39583.70
18.20 39583.70
18.30 39583.70
18.40 39583.70
18.50 39583.70
18.60 25952.30
18.70 25952.30
18.80 25952.30
18.90 25952.30
19.00 25952.30
19.10 38797.30
19.20 38797.30
19.30 38797.30
19.40 38797.30
19.50 38797.30
19.60 76283.90
19.70 76283.90
19.80 76283.90
19.90 76283.90
20.00 76283.90
20.10 40370.20
20.20 40370.20
20.30 40370.20
20.40 40370.20
20.50 40370.20
20.60 47710.20
20.70 47710.20
20.80 47710.20
20.90 47710.20
21.00 47710.20
21.10 60031.00
21.20 60031.00
21.30 60031.00
21.40 60031.00
21.50 60031.00
21.60 34340.90
21.70 34340.90
21.80 34340.90
21.90 34340.90
22.00 34340.90
22.10 52953.10
22.20 52953.10
22.30 52953.10
22.40 52953.10
22.50 52953.10
22.60 40632.30
22.70 40632.30
22.80 40632.30
22.90 40632.30
23.00 40632.30
23.10 51904.50
23.20 51904.50
23.30 51904.50
23.40 51904.50
23.50 51904.50
23.60 31719.40
23.70 31719.40
23.80 31719.40
23.90 31719.40
24.00 31719.40
24.10 25952.30
24.20 25952.30
24.30 25952.30
24.40 25952.30
24.50 25952.30
24.60 57409.50
24.70 57409.50
24.80 57409.50
24.90 57409.50
25.00 57409.50
25.10 24117.20
25.20 24117.20
25.30 24117.20
25.40 24117.20
25.50 24117.20
25.60 28835.80
25.70 28835.80
25.80 28835.80
25.90 28835.80
26.00 28835.80
26.10 24641.50
26.20 24641.50
26.30 24641.50
26.40 24641.50
26.50 24641.50
26.60 27263.00
26.70 27263.00
26.80 27263.00
26.90 27263.00
27.00 27263.00
27.10 21758.00
27.20 21758.00
27.30 21758.00
27.40 21758.00
27.50 21758.00
27.60 43778.00
27.70 43778.00
27.80 43778.00
27.90 43778.00
28.00 43778.00
28.10 45613.10
28.20 45613.10
28.30 45613.10
28.40 45613.10
28.50 45613.10
28.60 36962.30
28.70 36962.30
28.80 36962.30
28.90 36962.30
29.00 36962.30
29.10 55574.50
29.20 55574.50
29.30 55574.50
29.40 55574.50
29.50 55574.50
29.60 24117.20
29.70 24117.20
29.80 24117.20
29.90 24117.20
30.00 24117.20
