0.10 38797.30
0.20 38797.30
0.30 38797.30
0.40 38797.30
0.50 38797.30
0.60 42467.30
0.70 42467.30
0.80 42467.30
0.90 42467.30
1.00 42467.30
1.10 50069.50
1.20 50069.50
1.30 50069.50
1.40 50069.50
1.50 50069.50
1.60 45088.80
1.70 45088.80
1.80 45088.80
1.90 45088.80
2.00 45088.80
2.10 39059.50
2.20 39059.50
2.30 39059.50
2.40 39059.50
2.50 39059.50
2.60 12845.10
2.70 12845.10
2.80 12845.10
2.90 12845.10
3.00 12845.10
3.10 33030.10
3.20 33030.10
3.30 33030.10
3.40 33030.10
3.50 33030.10
3.60 23068.70
3.70 23068.70
3.80 23068.70
3.90 23068.70
4.00 23068.70
4.10 23593.00
4.20 23593.00
4.30 23593.00
4.40 23593.00
4.50 23593.00
4.60 33554.40
4.70 33554.40
4.80 33554.40
4.90 33554.40
5.00 33554.40
5.10 22282.20
5.20 22282.20
5.30 22282.20
5.40 22282.20
5.50 22282.20
5.60 23068.70
5.70 23068.70
5.80 23068.70
5.90 23068.70
6.00 23068.70
6.10 25428.00
6.20 25428.00
6.30 25428.00
6.40 25428.00
6.50 25428.00
6.60 5242.90
6.70 5242.90
6.80 5242.90
6.90 5242.90
7.00 5242.90
7.10 33030.10
7.20 33030.10
7.30 33030.10
7.40 33030.10
7.50 33030.10
7.60 31981.60
7.70 31981.60
7.80 31981.60
7.90 31981.60
8.00 31981.60
8.10 9175.00
8.20 9175.00
8.30 9175.00
8.40 9175.00
8.50 9175.00
8.60 41418.80
8.70 41418.80
8.80 41418.80
8.90 41418.80
9.00 41418.80
9.10 30146.60
9.20 30146.60
9.30 30146.60
9.40 30146.60
9.50 30146.60
9.60 46661.60
9.70 46661.60
9.80 46661.60
9.90 46661.60
10.00 46661.60
10.10 48758.80
10.20 48758.80
10.30 48758.80
10.40 48758.80
10.50 48758.80
10.60 25428.00
10.70 25428.00
10.80 25428.00
10.90 25428.00
11.00 25428.00
11.10 49283.10
11.20 49283.10
11.30 49283.10
11.40 49283.10
11.50 49283.10
11.60 34603.00
11.70 34603.00
11.80 34603.00
11.90 34603.00
12.00 34603.00
12.10 39059.50
12.20 39059.50
12.30 39059.50
12.40 39059.50
12.50 39059.50
12.60 34340.90
12.70 34340.90
12.80 34340.90
12.90 34340.90
13.00 34340.90
13.10 25952.30
13.20 25952.30
13.30 25952.30
13.40 25952.30
13.50 25952.30
13.60 40894.50
13.70 40894.50
13.80 40894.50
13.90 40894.50
14.00 40894.50
14.10 16515.10
14.20 16515.10
14.30 16515.10
14.40 16515.10
14.50 16515.10
14.60 27263.00
14.70 27263.00
14.80 27263.00
14.90 27263.00
15.00 27263.00
15.10 7340.00
15.20 7340.00
15.30 7340.00
15.40 7340.00
15.50 7340.00
15.60 19922.90
15.70 19922.90
15.80 19922.90
15.90 19922.90
16.00 19922.90
16.10 39059.50
16.20 39059.50
16.30 39059.50
16.40 39059.50
16.50 39059.50
16.60 39583.70
16.70 39583.70
16.80 39583.70
16.90 39583.70
17.00 39583.70
17.10 35389.40
17.20 35389.40
17.30 35389.40
17.40 35389.40
17.50 35389.40
17.60 28049.40
17.70 28049.40
17.80 28049.40
17.90 28049.40
18.00 28049.40
18.10 27000.80
18.20 27000.80
18.30 27000.80
18.40 27000.80
18.50 27000.80
18.60 13631.50
18.70 13631.50
18.80 13631.50
18.90 13631.50
19.00 13631.50
19.10 45613.10
19.20 45613.10
19.30 45613.10
19.40 45613.10
19.50 45613.10
19.60 34078.70
19.70 34078.70
19.80 34078.70
19.90 34078.70
20.00 34078.70
20.10 43778.00
20.20 43778.00
20.30 43778.00
20.40 43778.00
20.50 43778.00
20.60 49545.20
20.70 49545.20
20.80 49545.20
20.90 49545.20
21.00 49545.20
21.10 38535.20
21.20 38535.20
21.30 38535.20
21.40 38535.20
21.50 38535.20
21.60 31719.40
21.70 31719.40
21.80 31719.40
21.90 31719.40
22.00 31719.40
22.10 22282.20
22.20 22282.20
22.30 22282.20
22.40 22282.20
22.50 22282.20
22.60 25952.30
22.70 25952.30
22.80 25952.30
22.90 25952.30
23.00 25952.30
23.10 36962.30
23.20 36962.30
23.30 36962.30
23.40 36962.30
23.50 36962.30
23.60 22806.50
23.70 22806.50
23.80 22806.50
23.90 22806.50
24.00 22806.50
24.10 19136.50
24.20 19136.50
24.30 19136.50
24.40 19136.50
24.50 19136.50
24.60 23068.70
24.70 23068.70
24.80 23068.70
24.90 23068.70
25.00 23068.70
25.10 38797.30
25.20 38797.30
25.30 38797.30
25.40 38797.30
25.50 38797.30
25.60 40108.00
25.70 40108.00
25.80 40108.00
25.90 40108.00
26.00 40108.00
26.10 49020.90
26.20 49020.90
26.30 49020.90
26.40 49020.90
26.50 49020.90
26.60 52166.70
26.70 52166.70
26.80 52166.70
26.90 52166.70
27.00 52166.70
27.10 36175.90
27.20 36175.90
27.30 36175.90
27.40 36175.90
27.50 36175.90
27.60 29622.30
27.70 29622.30
27.80 29622.30
27.90 29622.30
28.00 29622.30
28.10 26214.40
28.20 26214.40
28.30 26214.40
28.40 26214.40
28.50 26214.40
28.60 58196.00
28.70 58196.00
28.80 58196.00
28.90 58196.00
29.00 58196.00
29.10 28835.80
29.20 28835.80
29.30 28835.80
29.40 28835.80
29.50 28835.80
29.60 14942.20
29.70 14942.20
29.80 14942.20
29.90 14942.20
30.00 14942.20
