0.10 32768.00
0.20 32768.00
0.30 32768.00
0.40 32768.00
0.50 32768.00
0.60 46661.60
0.70 46661.60
0.80 46661.60
0.90 46661.60
1.00 46661.60
1.10 66060.30
1.20 66060.30
1.30 66060.30
1.40 66060.30
1.50 66060.30
1.60 58458.10
1.70 58458.10
1.80 58458.10
1.90 58458.10
2.00 58458.10
2.10 26738.70
2.20 26738.70
2.30 26738.70
2.40 26738.70
2.50 26738.70
2.60 50331.60
2.70 50331.60
2.80 50331.60
2.90 50331.60
3.00 50331.60
3.10 42991.60
3.20 42991.60
3.30 42991.60
3.40 42991.60
3.50 42991.60
3.60 24117.20
3.70 24117.20
3.80 24117.20
3.90 24117.20
4.00 24117.20
4.10 43778.00
4.20 43778.00
4.30 43778.00
4.40 43778.00
4.50 43778.00
4.60 18874.40
4.70 18874.40
4.80 18874.40
4.90 18874.40
5.00 18874.40
5.10 33816.60
5.20 33816.60
5.30 33816.60
5.40 33816.60
5.50 33816.60
5.60 29622.30
5.70 29622.30
5.80 29622.30
5.90 29622.30
6.00 29622.30
6.10 17563.60
6.20 17563.60
6.30 17563.60
6.40 17563.60
6.50 17563.60
6.60 27525.10
6.70 27525.10
6.80 27525.10
6.90 27525.10
7.00 27525.10
7.10 39059.50
7.20 39059.50
7.30 39059.50
7.40 39059.50
7.50 39059.50
7.60 34340.90
7.70 34340.90
7.80 34340.90
7.90 34340.90
8.00 34340.90
8.10 35651.60
8.20 35651.60
8.30 35651.60
8.40 35651.60
8.50 35651.60
8.60 31195.10
8.70 31195.10
8.80 31195.10
8.90 31195.10
9.00 31195.10
9.10 18612.20
9.20 18612.20
9.30 18612.20
9.40 18612.20
9.50 18612.20
9.60 30408.70
9.70 30408.70
9.80 30408.70
9.90 30408.70
10.00 30408.70
10.10 33554.40
10.20 33554.40
10.30 33554.40
10.40 33554.40
10.50 33554.40
10.60 68943.90
10.70 68943.90
10.80 68943.90
10.90 68943.90
11.00 68943.90
11.10 20447.20
11.20 20447.20
11.30 20447.20
11.40 20447.20
11.50 20447.20
11.60 9175.00
11.70 9175.00
11.80 9175.00
11.90 9175.00
12.00 9175.00
12.10 62128.10
12.20 62128.10
12.30 62128.10
12.40 62128.10
12.50 62128.10
12.60 14417.90
12.70 14417.90
12.80 14417.90
12.90 14417.90
13.00 14417.90
13.10 24117.20
13.20 24117.20
13.30 24117.20
13.40 24117.20
13.50 24117.20
13.60 20971.50
13.70 20971.50
13.80 20971.50
13.90 20971.50
14.00 20971.50
14.10 22282.20
14.20 22282.20
14.30 22282.20
14.40 22282.20
14.50 22282.20
14.60 16777.20
14.70 16777.20
14.80 16777.20
14.90 16777.20
15.00 16777.20
15.10 25165.80
15.20 25165.80
15.30 25165.80
15.40 25165.80
15.50 25165.80
15.60 13893.60
15.70 13893.60
15.80 13893.60
15.90 13893.60
16.00 13893.60
16.10 12582.90
16.20 12582.90
16.30 12582.90
16.40 12582.90
16.50 12582.90
16.60 19136.50
16.70 19136.50
16.80 19136.50
16.90 19136.50
17.00 19136.50
17.10 18612.20
17.20 18612.20
17.30 18612.20
17.40 18612.20
17.50 18612.20
17.60 16515.10
17.70 16515.10
17.80 16515.10
17.90 16515.10
18.00 16515.10
18.10 22020.10
18.20 22020.10
18.30 22020.10
18.40 22020.10
18.50 22020.10
18.60 21758.00
18.70 21758.00
18.80 21758.00
18.90 21758.00
19.00 21758.00
19.10 14942.20
19.20 14942.20
19.30 14942.20
19.40 14942.20
19.50 14942.20
19.60 26476.50
19.70 26476.50
19.80 26476.50
19.90 26476.50
20.00 26476.50
20.10 18874.40
20.20 18874.40
20.30 18874.40
20.40 18874.40
20.50 18874.40
20.60 19136.50
20.70 19136.50
20.80 19136.50
20.90 19136.50
21.00 19136.50
21.10 15728.60
21.20 15728.60
21.30 15728.60
21.40 15728.60
21.50 15728.60
21.60 26214.40
21.70 26214.40
21.80 26214.40
21.90 26214.40
22.00 26214.40
22.10 25165.80
22.20 25165.80
22.30 25165.80
22.40 25165.80
22.50 25165.80
22.60 25690.10
22.70 25690.10
22.80 25690.10
22.90 25690.10
23.00 25690.10
23.10 20185.10
23.20 20185.10
23.30 20185.10
23.40 20185.10
23.50 20185.10
23.60 28835.80
23.70 28835.80
23.80 28835.80
23.90 28835.80
24.00 28835.80
24.10 15990.80
24.20 15990.80
24.30 15990.80
24.40 15990.80
24.50 15990.80
24.60 25165.80
24.70 25165.80
24.80 25165.80
24.90 25165.80
25.00 25165.80
25.10 17301.50
25.20 17301.50
25.30 17301.50
25.40 17301.50
25.50 17301.50
25.60 20185.10
25.70 20185.10
25.80 20185.10
25.90 20185.10
26.00 20185.10
26.10 20709.40
26.20 20709.40
26.30 20709.40
26.40 20709.40
26.50 20709.40
26.60 17825.80
26.70 17825.80
26.80 17825.80
26.90 17825.80
27.00 17825.80
27.10 18874.40
27.20 18874.40
27.30 18874.40
27.40 18874.40
27.50 18874.40
27.60 28311.60
27.70 28311.60
27.80 28311.60
27.90 28311.60
28.00 28311.60
28.10 21495.80
28.20 21495.80
28.30 21495.80
28.40 21495.80
28.50 21495.80
28.60 23330.80
28.70 23330.80
28.80 23330.80
28.90 23330.80
29.00 23330.80
29.10 14942.20
29.20 14942.20
29.30 14942.20
29.40 14942.20
29.50 14942.20
29.60 16252.90
29.70 16252.90
29.80 16252.90
29.90 16252.90
30.00 16252.90
