0.10 40038.40
0.20 40038.40
0.30 40038.40
0.40 40038.40
0.50 40038.40
0.60 40038.40
0.70 40038.40
0.80 40038.40
0.90 40038.40
1.00 40038.40
1.10 53350.40
1.20 53350.40
1.30 53350.40
1.40 53350.40
1.50 53350.40
1.60 53350.40
1.70 53350.40
1.80 53350.40
1.90 53350.40
2.00 53350.40
2.10 52428.80
2.20 52428.80
2.30 52428.80
2.40 52428.80
2.50 52428.80
2.60 52428.80
2.70 52428.80
2.80 52428.80
2.90 52428.80
3.00 52428.80
3.10 47820.80
3.20 47820.80
3.30 47820.80
3.40 47820.80
3.50 47820.80
3.60 47820.80
3.70 47820.80
3.80 47820.80
3.90 47820.80
4.00 47820.80
4.10 58982.40
4.20 58982.40
4.30 58982.40
4.40 58982.40
4.50 58982.40
4.60 58982.40
4.70 58982.40
4.80 58982.40
4.90 58982.40
5.00 58982.40
5.10 64921.60
5.20 64921.60
5.30 64921.60
5.40 64921.60
5.50 64921.60
5.60 64921.60
5.70 64921.60
5.80 64921.60
5.90 64921.60
6.00 64921.60
6.10 41062.40
6.20 41062.40
6.30 41062.40
6.40 41062.40
6.50 41062.40
6.60 41062.40
6.70 41062.40
6.80 41062.40
6.90 41062.40
7.00 41062.40
7.10 47411.20
7.20 47411.20
7.30 47411.20
7.40 47411.20
7.50 47411.20
7.60 47411.20
7.70 47411.20
7.80 47411.20
7.90 47411.20
8.00 47411.20
8.10 70860.80
8.20 70860.80
8.30 70860.80
8.40 70860.80
8.50 70860.80
8.60 70860.80
8.70 70860.80
8.80 70860.80
8.90 70860.80
9.00 70860.80
9.10 35328.00
9.20 35328.00
9.30 35328.00
9.40 35328.00
9.50 35328.00
9.60 35328.00
9.70 35328.00
9.80 35328.00
9.90 35328.00
10.00 35328.00
