0.10 50585.60
0.20 50585.60
0.30 50585.60
0.40 50585.60
0.50 50585.60
0.60 50585.60
0.70 50585.60
0.80 50585.60
0.90 50585.60
1.00 50585.60
1.10 54681.60
1.20 54681.60
1.30 54681.60
1.40 54681.60
1.50 54681.60
1.60 54681.60
1.70 54681.60
1.80 54681.60
1.90 54681.60
2.00 54681.60
2.10 20889.60
2.20 20889.60
2.30 20889.60
2.40 20889.60
2.50 20889.60
2.60 20889.60
2.70 20889.60
2.80 20889.60
2.90 20889.60
3.00 20889.60
3.10 0.00
3.20 0.00
3.30 0.00
3.40 0.00
3.50 0.00
3.60 0.00
3.70 0.00
3.80 0.00
3.90 0.00
4.00 0.00
4.10 82022.40
4.20 82022.40
4.30 82022.40
4.40 82022.40
4.50 82022.40
4.60 82022.40
4.70 82022.40
4.80 82022.40
4.90 82022.40
5.00 82022.40
5.10 35020.80
5.20 35020.80
5.30 35020.80
5.40 35020.80
5.50 35020.80
5.60 35020.80
5.70 35020.80
5.80 35020.80
5.90 35020.80
6.00 35020.80
6.10 63283.20
6.20 63283.20
6.30 63283.20
6.40 63283.20
6.50 63283.20
6.60 63283.20
6.70 63283.20
6.80 63283.20
6.90 63283.20
7.00 63283.20
7.10 44134.40
7.20 44134.40
7.30 44134.40
7.40 44134.40
7.50 44134.40
7.60 44134.40
7.70 44134.40
7.80 44134.40
7.90 44134.40
8.00 44134.40
8.10 57958.40
8.20 57958.40
8.30 57958.40
8.40 57958.40
8.50 57958.40
8.60 57958.40
8.70 57958.40
8.80 57958.40
8.90 57958.40
9.00 57958.40
9.10 76595.20
9.20 76595.20
9.30 76595.20
9.40 76595.20
9.50 76595.20
9.60 76595.20
9.70 76595.20
9.80 76595.20
9.90 76595.20
10.00 76595.20
