0.10 48128.00
0.20 48128.00
0.30 48128.00
0.40 48128.00
0.50 48128.00
0.60 48128.00
0.70 48128.00
0.80 48128.00
0.90 48128.00
1.00 48128.00
1.10 39219.20
1.20 39219.20
1.30 39219.20
1.40 39219.20
1.50 39219.20
1.60 39219.20
1.70 39219.20
1.80 39219.20
1.90 39219.20
2.00 39219.20
2.10 41472.00
2.20 41472.00
2.30 41472.00
2.40 41472.00
2.50 41472.00
2.60 41472.00
2.70 41472.00
2.80 41472.00
2.90 41472.00
3.00 41472.00
3.10 52121.60
3.20 52121.60
3.30 52121.60
3.40 52121.60
3.50 52121.60
3.60 52121.60
3.70 52121.60
3.80 52121.60
3.90 52121.60
4.00 52121.60
4.10 50790.40
4.20 50790.40
4.30 50790.40
4.40 50790.40
4.50 50790.40
4.60 50790.40
4.70 50790.40
4.80 50790.40
4.90 50790.40
5.00 50790.40
5.10 43212.80
5.20 43212.80
5.30 43212.80
5.40 43212.80
5.50 43212.80
5.60 43212.80
5.70 43212.80
5.80 43212.80
5.90 43212.80
6.00 43212.80
6.10 62976.00
6.20 62976.00
6.30 62976.00
6.40 62976.00
6.50 62976.00
6.60 62976.00
6.70 62976.00
6.80 62976.00
6.90 62976.00
7.00 62976.00
7.10 34099.20
7.20 34099.20
7.30 34099.20
7.40 34099.20
7.50 34099.20
7.60 34099.20
7.70 34099.20
7.80 34099.20
7.90 34099.20
8.00 34099.20
8.10 63897.60
8.20 63897.60
8.30 63897.60
8.40 63897.60
8.50 63897.60
8.60 63897.60
8.70 63897.60
8.80 63897.60
8.90 63897.60
9.00 63897.60
9.10 54886.40
9.20 54886.40
9.30 54886.40
9.40 54886.40
9.50 54886.40
9.60 54886.40
9.70 54886.40
9.80 54886.40
9.90 54886.40
10.00 54886.40
