0.10 67174.40
0.20 67174.40
0.30 67174.40
0.40 67174.40
0.50 67174.40
0.60 67174.40
0.70 67174.40
0.80 67174.40
0.90 67174.40
1.00 67174.40
1.10 59596.80
1.20 59596.80
1.30 59596.80
1.40 59596.80
1.50 59596.80
1.60 59596.80
1.70 59596.80
1.80 59596.80
1.90 59596.80
2.00 59596.80
2.10 55193.60
2.20 55193.60
2.30 55193.60
2.40 55193.60
2.50 55193.60
2.60 55193.60
2.70 55193.60
2.80 55193.60
2.90 55193.60
3.00 55193.60
3.10 53145.60
3.20 53145.60
3.30 53145.60
3.40 53145.60
3.50 53145.60
3.60 53145.60
3.70 53145.60
3.80 53145.60
3.90 53145.60
4.00 53145.60
4.10 61542.40
4.20 61542.40
4.30 61542.40
4.40 61542.40
4.50 61542.40
4.60 61542.40
4.70 61542.40
4.80 61542.40
4.90 61542.40
5.00 61542.40
5.10 62873.60
5.20 62873.60
5.30 62873.60
5.40 62873.60
5.50 62873.60
5.60 62873.60
5.70 62873.60
5.80 62873.60
5.90 62873.60
6.00 62873.60
6.10 46899.20
6.20 46899.20
6.30 46899.20
6.40 46899.20
6.50 46899.20
6.60 46899.20
6.70 46899.20
6.80 46899.20
6.90 46899.20
7.00 46899.20
7.10 40652.80
7.20 40652.80
7.30 40652.80
7.40 40652.80
7.50 40652.80
7.60 40652.80
7.70 40652.80
7.80 40652.80
7.90 40652.80
8.00 40652.80
8.10 27443.20
8.20 27443.20
8.30 27443.20
8.40 27443.20
8.50 27443.20
8.60 27443.20
8.70 27443.20
8.80 27443.20
8.90 27443.20
9.00 27443.20
9.10 30617.60
9.20 30617.60
9.30 30617.60
9.40 30617.60
9.50 30617.60
9.60 30617.60
9.70 30617.60
9.80 30617.60
9.90 30617.60
10.00 30617.60
