0.10 0.00
0.20 0.00
0.30 0.00
0.40 0.00
0.50 0.00
0.60 0.00
0.70 0.00
0.80 0.00
0.90 0.00
1.00 0.00
1.10 80281.60
1.20 80281.60
1.30 80281.60
1.40 80281.60
1.50 80281.60
1.60 80281.60
1.70 80281.60
1.80 80281.60
1.90 80281.60
2.00 80281.60
2.10 54886.40
2.20 54886.40
2.30 54886.40
2.40 54886.40
2.50 54886.40
2.60 54886.40
2.70 54886.40
2.80 54886.40
2.90 54886.40
3.00 54886.40
3.10 14643.20
3.20 14643.20
3.30 14643.20
3.40 14643.20
3.50 14643.20
3.60 14643.20
3.70 14643.20
3.80 14643.20
3.90 14643.20
4.00 14643.20
4.10 77824.00
4.20 77824.00
4.30 77824.00
4.40 77824.00
4.50 77824.00
4.60 77824.00
4.70 77824.00
4.80 77824.00
4.90 77824.00
5.00 77824.00
5.10 62668.80
5.20 62668.80
5.30 62668.80
5.40 62668.80
5.50 62668.80
5.60 62668.80
5.70 62668.80
5.80 62668.80
5.90 62668.80
6.00 62668.80
6.10 40243.20
6.20 40243.20
6.30 40243.20
6.40 40243.20
6.50 40243.20
6.60 40243.20
6.70 40243.20
6.80 40243.20
6.90 40243.20
7.00 40243.20
7.10 31436.80
7.20 31436.80
7.30 31436.80
7.40 31436.80
7.50 31436.80
7.60 31436.80
7.70 31436.80
7.80 31436.80
7.90 31436.80
8.00 31436.80
8.10 42393.60
8.20 42393.60
8.30 42393.60
8.40 42393.60
8.50 42393.60
8.60 42393.60
8.70 42393.60
8.80 42393.60
8.90 42393.60
9.00 42393.60
9.10 41472.00
9.20 41472.00
9.30 41472.00
9.40 41472.00
9.50 41472.00
9.60 41472.00
9.70 41472.00
9.80 41472.00
9.90 41472.00
10.00 41472.00
