0.10 95846.40
0.20 95846.40
0.30 95846.40
0.40 95846.40
0.50 95846.40
0.60 95846.40
0.70 95846.40
0.80 95846.40
0.90 95846.40
1.00 95846.40
1.10 99328.00
1.20 99328.00
1.30 99328.00
1.40 99328.00
1.50 99328.00
1.60 99328.00
1.70 99328.00
1.80 99328.00
1.90 99328.00
2.00 99328.00
2.10 72806.40
2.20 72806.40
2.30 72806.40
2.40 72806.40
2.50 72806.40
2.60 72806.40
2.70 72806.40
2.80 72806.40
2.90 72806.40
3.00 72806.40
3.10 131276.80
3.20 131276.80
3.30 131276.80
3.40 131276.80
3.50 131276.80
3.60 131276.80
3.70 131276.80
3.80 131276.80
3.90 131276.80
4.00 131276.80
4.10 99430.40
4.20 99430.40
4.30 99430.40
4.40 99430.40
4.50 99430.40
4.60 99430.40
4.70 99430.40
4.80 99430.40
4.90 99430.40
5.00 99430.40
5.10 100454.40
5.20 100454.40
5.30 100454.40
5.40 100454.40
5.50 100454.40
5.60 100454.40
5.70 100454.40
5.80 100454.40
5.90 100454.40
6.00 100454.40
6.10 69529.60
6.20 69529.60
6.30 69529.60
6.40 69529.60
6.50 69529.60
6.60 69529.60
6.70 69529.60
6.80 69529.60
6.90 69529.60
7.00 69529.60
7.10 42598.40
7.20 42598.40
7.30 42598.40
7.40 42598.40
7.50 42598.40
7.60 42598.40
7.70 42598.40
7.80 42598.40
7.90 42598.40
8.00 42598.40
8.10 33792.00
8.20 33792.00
8.30 33792.00
8.40 33792.00
8.50 33792.00
8.60 33792.00
8.70 33792.00
8.80 33792.00
8.90 33792.00
9.00 33792.00
9.10 66867.20
9.20 66867.20
9.30 66867.20
9.40 66867.20
9.50 66867.20
9.60 66867.20
9.70 66867.20
9.80 66867.20
9.90 66867.20
10.00 66867.20
10.10 71577.60
10.20 71577.60
10.30 71577.60
10.40 71577.60
10.50 71577.60
10.60 71577.60
10.70 71577.60
10.80 71577.60
10.90 71577.60
11.00 71577.60
11.10 67584.00
11.20 67584.00
11.30 67584.00
11.40 67584.00
11.50 67584.00
11.60 67584.00
11.70 67584.00
11.80 67584.00
11.90 67584.00
12.00 67584.00
12.10 49049.60
12.20 49049.60
12.30 49049.60
12.40 49049.60
12.50 49049.60
12.60 49049.60
12.70 49049.60
12.80 49049.60
12.90 49049.60
13.00 49049.60
13.10 0.00
13.20 0.00
13.30 0.00
13.40 0.00
13.50 0.00
13.60 0.00
13.70 0.00
13.80 0.00
13.90 0.00
14.00 0.00
14.10 147763.20
14.20 147763.20
14.30 147763.20
14.40 147763.20
14.50 147763.20
14.60 147763.20
14.70 147763.20
14.80 147763.20
14.90 147763.20
15.00 147763.20
15.10 85913.60
15.20 85913.60
15.30 85913.60
15.40 85913.60
15.50 85913.60
15.60 85913.60
15.70 85913.60
15.80 85913.60
15.90 85913.60
16.00 85913.60
16.10 91136.00
16.20 91136.00
16.30 91136.00
16.40 91136.00
16.50 91136.00
16.60 91136.00
16.70 91136.00
16.80 91136.00
16.90 91136.00
17.00 91136.00
17.10 87347.20
17.20 87347.20
17.30 87347.20
17.40 87347.20
17.50 87347.20
17.60 87347.20
17.70 87347.20
17.80 87347.20
17.90 87347.20
18.00 87347.20
18.10 84992.00
18.20 84992.00
18.30 84992.00
18.40 84992.00
18.50 84992.00
18.60 84992.00
18.70 84992.00
18.80 84992.00
18.90 84992.00
19.00 84992.00
19.10 88371.20
19.20 88371.20
19.30 88371.20
19.40 88371.20
19.50 88371.20
19.60 88371.20
19.70 88371.20
19.80 88371.20
19.90 88371.20
20.00 88371.20
20.10 85401.60
20.20 85401.60
20.30 85401.60
20.40 85401.60
20.50 85401.60
20.60 85401.60
20.70 85401.60
20.80 85401.60
20.90 85401.60
21.00 85401.60
21.10 83763.20
21.20 83763.20
21.30 83763.20
21.40 83763.20
21.50 83763.20
21.60 83763.20
21.70 83763.20
21.80 83763.20
21.90 83763.20
22.00 83763.20
22.10 84172.80
22.20 84172.80
22.30 84172.80
22.40 84172.80
22.50 84172.80
22.60 84172.80
22.70 84172.80
22.80 84172.80
22.90 84172.80
23.00 84172.80
23.10 89088.00
23.20 89088.00
23.30 89088.00
23.40 89088.00
23.50 89088.00
23.60 89088.00
23.70 89088.00
23.80 89088.00
23.90 89088.00
24.00 89088.00
24.10 86425.60
24.20 86425.60
24.30 86425.60
24.40 86425.60
24.50 86425.60
24.60 86425.60
24.70 86425.60
24.80 86425.60
24.90 86425.60
25.00 86425.60
25.10 83353.60
25.20 83353.60
25.30 83353.60
25.40 83353.60
25.50 83353.60
25.60 83353.60
25.70 83353.60
25.80 83353.60
25.90 83353.60
26.00 83353.60
26.10 27033.60
26.20 27033.60
26.30 27033.60
26.40 27033.60
26.50 27033.60
26.60 27033.60
26.70 27033.60
26.80 27033.60
26.90 27033.60
27.00 27033.60
27.10 135270.40
27.20 135270.40
27.30 135270.40
27.40 135270.40
27.50 135270.40
27.60 135270.40
27.70 135270.40
27.80 135270.40
27.90 135270.40
28.00 135270.40
28.10 84480.00
28.20 84480.00
28.30 84480.00
28.40 84480.00
28.50 84480.00
28.60 84480.00
28.70 84480.00
28.80 84480.00
28.90 84480.00
29.00 84480.00
29.10 84889.60
29.20 84889.60
29.30 84889.60
29.40 84889.60
29.50 84889.60
29.60 84889.60
29.70 84889.60
29.80 84889.60
29.90 84889.60
30.00 84889.60
