1
3
4
6
7
9
10
12
13
15
16
18
19
21
22
24
25
27
28
30
31
33
34
36
37
39
40
42
43
45
46
48
50
53
56
59
62
65
68
71
75
78
81
84
87
90
93
96
100
103
106
109
112
115
118
121
125
128
131
134
137
140
143
146
150
153
157
161
165
168
172
176
180
184
187
191
195
199
203
206
210
214
218
222
225
229
233
237
241
244
248
252
256
260
263
266
270
273
276
280
283
286
290
293
296
300
303
306
310
313
316
320
323
326
330
333
336
339
343
346
350
353
356
360
363
366
370
372
375
378
381
384
386
389
392
395
398
401
403
406
409
412
415
417
420
423
426
429
432
434
437
440
443
446
448
451
454
457
460
463
465
468
471
474
477
480
482
485
488
491
494
497
500
503
506
508
511
514
517
520
523
526
529
532
534
537
540
543
546
549
552
555
558
561
563
566
569
572
575
578
581
584
587
590
593
596
599
602
605
608
611
615
618
621
624
627
630
633
636
639
643
646
649
652
655
658
661
664
668
671
674
677
680
683
686
690
692
695
698
701
704
707
710
713
716
719
722
725
728
731
734
737
740
743
746
749
752
755
758
761
764
767
770
773
776
779
782
785
788
791
794
797
800
804
808
812
816
820
825
829
833
837
841
845
850
854
858
862
866
870
875
879
883
887
891
895
900
903
906
909
912
915
918
921
924
927
930
933
936
939
942
945
948
951
955
958
961
964
967
970
973
976
979
982
985
988
991
994
997
1000
1003
1006
1010
1015
1020
1026
1032
1037
1043
1048
1054
1059
1065
1070
1076
1081
1087
1092
1098
1103
1109
1114
1120
1124
1128
1133
1137
1142
1146
1150
1155
1159
1164
1168
1172
1177
1181
1186
1190
1194
1199
1203
1208
1212
1216
1221
1225
1230
1234
1238
1242
1246
1250
1254
1258
1262
1266
1270
1274
1278
1282
1287
1291
1295
1299
1303
1307
1311
1315
1319
1323
1327
1331
1335
1340
1343
1347
1351
1355
1359
1363
1366
1370
1374
1378
1382
1386
1390
1393
1397
1401
1405
1409
1413
1416
1420
1424
1428
1432
1436
1440
1444
1448
1453
1457
1462
1466
1470
1475
1479
1484
1488
1492
1497
1501
1506
1510
1514
1519
1523
1528
1532
1536
1541
1545
1550
1553
1557
1561
1564
1568
1572
1575
1579
1583
1587
1590
1594
1598
1601
1605
1609
1612
1616
1620
1624
1627
1631
1635
1638
1642
1646
1650
1653
1656
1660
1663
1667
1670
1674
1677
1680
1684
1687
1691
1694
1698
1701
1705
1708
1711
1715
1718
1722
1725
1729
1732
1735
1739
1742
1746
1749
1753
1756
1760
1765
1770
1775
1780
1785
1790
1795
1800
1805
1810
1815
1820
1825
1830
1835
1840
1845
1850
1855
1860
1865
1870
1874
1878
1882
1886
1890
1894
1898
1903
1907
1911
1915
1919
1923
1927
1932
1936
1940
1944
1948
1952
1956
1961
1965
1969
1973
1977
1981
1985
1990
1994
1999
2003
2008
2013
2017
2022
2026
2031
2036
2040
2045
2050
2054
2059
2063
2068
2073
2077
2082
2086
2091
2096
2100
2105
2110
2114
2118
2122
2126
2130
2134
2138
2142
2146
2150
2154
2158
2162
2166
2170
2174
2178
2182
2186
2190
2194
2198
2202
2206
2210
2214
2218
2223
2227
2232
2236
2241
2245
2250
2254
2258
2263
2267
2272
2276
2281
2285
2290
2294
2298
2303
2307
2312
2316
2321
2325
2330
2334
2338
2343
2347
2352
2356
2360
2365
2369
2374
2378
2382
2387
2391
2396
2400
2404
2409
2413
2418
2422
2426
2431
2435
2440
2444
2449
2453
2458
2462
2467
2472
2476
2481
2485
2490
2495
2499
2504
2508
2513
2517
2522
2527
2531
2536
2540
2545
2550
2554
2558
2562
2566
2570
2574
2578
2582
2586
2590
2594
2598
2602
2606
2610
2614
2618
2622
2626
2630
2634
2638
2642
2646
2650
2654
2659
2664
2669
2673
2678
2683
2688
2693
2697
2702
2707
2712
2716
2721
2726
2731
2736
2740
2745
2750
2755
2760
2764
2768
2772
2776
2780
2784
2788
2792
2796
2800
2804
2808
2812
2817
2821
2825
2829
2833
2837
2841
2845
2849
2853
2857
2861
2865
2870
2874
2878
2883
2887
2892
2896
2900
2905
2909
2914
2918
2922
2927
2931
2936
2940
2944
2949
2953
2958
2962
2966
2971
2975
2980
2984
2988
2992
2996
3000
3004
3008
3012
3016
3020
3024
3028
3032
3037
3041
3045
3049
3053
3057
3061
3065
3069
3073
3077
3081
3085
3090
3093
3096
3099
3102
3106
3109
3112
3115
3119
3122
3125
3128
3131
3135
3138
3141
3144
3148
3151
3154
3157
3160
3164
3167
3170
3173
3177
3180
3183
3186
3190
3193
3196
3199
3203
3206
3210
3213
3216
3219
3223
3226
3230
3233
3236
3239
3243
3246
3250
3253
3256
3260
3263
3266
3270
3273
3276
3280
3283
3286
3290
3293
3296
3300
3305
3310
3315
3321
3326
3331
3336
3342
3347
3352
3357
3363
3368
3373
3378
3384
3389
3394
3400
3405
3411
3416
3421
3427
3433
3438
3444
3449
3455
3460
3465
3471
3477
3482
3488
3493
3498
3504
3510
3516
3522
3528
3534
3540
3546
3552
3558
3565
3571
3577
3583
3589
3595
3601
3607
3613
3620
3625
3631
3637
3643
3649
3655
3661
3667
3673
3679
3685
3690
3696
3702
3708
3714
3720
3726
3732
3738
3744
3750
3756
3762
3769
3775
3782
3788
3795
3801
3808
3814
3821
3827
3834
3840
3847
3853
3860
3865
3871
3876
3882
3887
3893
3898
3904
3910
3915
3921
3926
3932
3937
3943
3948
3954
3960
3969
3978
3987
3996
4005
4015
4024
4033
4042
4051
4060
4070
4076
4082
4088
4095
4101
4107
4113
4120
4126
4132
4138
4145
4151
4157
4163
4170
4175
4181
4187
4193
4198
4204
4210
4216
4222
4227
4233
4239
4245
4251
4256
4262
4268
4274
4280
4285
4291
4297
4303
4309
4315
4321
4327
4332
4338
4344
4350
4356
4362
4368
4374
4380
4386
4392
4399
4405
4412
4418
4425
4431
4438
4444
4451
4457
4464
4470
4477
4483
4490
4495
4501
4507
4512
4518
4524
4530
4535
4541
4547
4552
4558
4564
4570
4575
4581
4587
4592
4598
4604
4610
4613
4616
4620
4623
4626
4630
4633
4636
4640
4643
4646
4650
4653
4656
4660
4663
4666
4670
4673
4676
4680
4683
4686
4690
4693
4696
4700
4703
4706
4710
4714
4718
4723
4727
4732
4736
4741
4745
4750
4754
4759
4763
4768
4772
4777
4781
4786
4790
4795
4799
4804
4808
4813
4817
4822
4826
4831
4835
4840
4844
4849
4853
4858
4862
4867
4871
4876
4880
4885
4890
4894
4899
4903
4908
4912
4917
4921
4926
4930
4935
4940
4943
4947
4951
4955
4958
4962
4966
4970
4974
4977
4981
4985
4989
4993
4996
5000
5004
5008
5012
5015
5019
5023
5027
5031
5034
5038
5042
5046
5050
5053
5056
5060
5063
5067
5070
5074
5077
5081
5084
5087
5091
5094
5098
5101
5105
5108
5112
5115
5118
5122
5125
5129
5132
5136
5139
5143
5146
5150
5153
5156
5159
5162
5165
5168
5172
5175
5178
5181
5184
5187
5190
5194
5197
5200
5203
5206
5209
5212
5216
5219
5222
5225
5228
5231
5234
5238
5241
5244
5247
5250
5253
5256
5260
5263
5266
5270
5273
5277
5280
5284
5287
5290
5294
5297
5301
5304
5308
5311
5314
5318
5321
5325
5328
5332
5335
5339
5342
5345
5349
5352
5356
5359
5363
5366
5370
5373
5377
5381
5385
5388
5392
5396
5400
5404
5407
5411
5415
5419
5423
5426
5430
5434
5438
5442
5445
5449
5453
5457
5461
5464
5468
5472
5476
5480
5484
5488
5493
5497
5502
5506
5510
5515
5519
5524
5528
5532
5537
5541
5546
5550
5554
5559
5563
5568
5572
5576
5581
5585
5590
5594
5598
5602
5606
5610
5615
5619
5623
5627
5631
5635
5640
5644
5648
5652
5656
5660
5665
5669
5673
5677
5681
5685
5690
5693
5697
5701
5705
5708
5712
5716
5720
5724
5727
5731
5735
5739
5743
5746
5750
5754
5758
5762
5765
5769
5773
5777
5781
5784
5788
5792
5796
5800
5804
5808
5813
5817
5821
5826
5830
5834
5839
5843
5847
5852
5856
5860
5865
5869
5873
5878
5882
5886
5891
5895
5900
5904
5908
5913
5917
5922
5926
5930
5935
5939
5944
5948
5952
5957
5961
5966
5970
5974
5979
5983
5988
5992
5996
6001
6005
6010
6014
6018
6022
6026
6030
6034
6038
6042
6046
6050
6054
6058
6062
6067
6071
6075
6079
6083
6087
6091
6095
6099
6103
6107
6111
6115
6120
6124
6129
6134
6139
6143
6148
6153
6158
6163
6167
6172
6177
6182
6186
6191
6196
6201
6206
6210
6215
6220
6225
6230
6234
6238
6242
6246
6250
6254
6258
6262
6266
6270
6274
6278
6282
6287
6291
6295
6299
6303
6307
6311
6315
6319
6323
6327
6331
6335
6340
6344
6348
6352
6356
6360
6365
6369
6373
6377
6381
6385
6390
6394
6398
6402
6406
6410
6415
6419
6423
6427
6431
6435
6440
6445
6450
6455
6460
6466
6471
6476
6481
6487
6492
6497
6502
6508
6513
6518
6523
6529
6534
6539
6544
6550
6557
6564
6571
6578
6585
6592
6600
6607
6614
6621
6628
6635
6642
6650
6656
6663
6670
6677
6684
6691
6698
6705
6711
6718
6725
6732
6739
6746
6753
6760
6766
6773
6780
6787
6794
6801
6808
6814
6821
6828
6835
6842
6849
6856
6863
6870
6878
6886
6895
6903
6912
6920
6929
6937
6946
6954
6963
6971
6980
6987
6995
7003
7011
7019
7027
7035
7042
7050
7058
7066
7074
7082
7090
7097
7105
7113
7120
7128
7136
7143
7151
7159
7166
7174
7182
7190
7197
7204
7212
7219
7226
7234
7241
7248
7256
7263
7270
7278
7285
7292
7300
7307
7315
7323
7330
7338
7346
7353
7361
7369
7376
7384
7392
7400
7405
7411
7417
7423
7428
7434
7440
7446
7452
7457
7463
7469
7475
7481
7486
7492
7498
7504
7510
7514
7519
7523
7528
7533
7537
7542
7546
7551
7556
7560
7565
7570
7574
7579
7583
7588
7593
7597
7602
7606
7611
7616
7620
7625
7630
7633
7637
7641
7644
7648
7652
7655
7659
7663
7666
7670
7674
7677
7681
7685
7688
7692
7696
7699
7703
7707
7710
7714
7718
7721
7725
7729
7732
7736
7740
7744
7749
7753
7758
7762
7767
7772
7776
7781
7785
7790
7795
7799
7804
7808
7813
7817
7822
7827
7831
7836
7840
7845
7850
7854
7858
7862
7866
7870
7875
7879
7883
7887
7891
7895
7900
7904
7908
7912
7916
7920
7925
7929
7933
7937
7941
7945
7950
7954
7958
7962
7966
7970
7974
7978
7982
7986
7990
7994
7998
8002
8007
8011
8015
8019
8023
8027
8031
8035
8039
8043
8047
8051
8055
8060
8063
8067
8070
8074
8077
8081
8085
8088
8092
8095
8099
8102
8106
8109
8113
8117
8120
8124
8127
8131
8135
8138
8142
8145
8149
8152
8156
8160
8165
8170
8175
8180
8186
8191
8196
8201
8207
8212
8217
8222
8228
8233
8238
8243
8249
8254
8259
8264
8270
8275
8281
8287
8293
8298
8304
8310
8316
8322
8327
8333
8339
8345
8351
8356
8362
8368
8374
8380
8385
8390
8395
8400
8405
8410
8415
8420
8425
8430
8435
8440
8445
8450
8455
8460
8465
8470
8475
8480
8485
8490
8495
8500
8504
8509
8513
8518
8522
8527
8532
8536
8541
8545
8550
8555
8559
8564
8568
8573
8577
8582
8587
8591
8596
8600
8605
8610
8613
8617
8621
8624
8628
8632
8635
8639
8643
8647
8650
8654
8658
8661
8665
8669
8672
8676
8680
8684
8687
8691
8695
8698
8702
8706
8710
8712
8715
8718
8721
8723
8726
8729
8732
8734
8737
8740
8743
8745
8748
8751
8754
8756
8759
8762
8765
8767
8770
8773
8776
8778
8781
8784
8787
8789
8792
8795
8798
8800
8803
8806
8809
8811
8814
8817
8820
8823
8826
8829
8832
8836
8839
8842
8845
8849
8852
8855
8858
8861
8865
8868
8871
8874
8878
8881
8884
8887
8890
8894
8897
8900
8903
8907
8910
8913
8916
8920
8923
8926
8930
8933
8937
8940
8944
8947
8950
8954
8957
8961
8964
8968
8971
8975
8978
8981
8985
8988
8992
8995
8999
9002
9005
9009
9012
9016
9019
9023
9026
9030
9032
9035
9038
9041
9044
9047
9049
9052
9055
9058
9061
9064
9067
9070
9072
9075
9078
9081
9084
9087
9090
9092
9095
9098
9101
9104
9107
9110
9112
9115
9118
9121
9124
9127
9130
9133
9137
9141
9145
9149
9153
9157
9161
9165
9169
9173
9177
9181
9185
9188
9192
9196
9200
9204
9208
9212
9216
9220
9224
9228
9232
9236
9240
9242
9245
9248
9251
9254
9257
9260
9263
9266
9268
9271
9274
9277
9280
9283
9286
9289
9292
9295
9297
9300
9303
9306
9309
9312
9315
9318
9321
9323
9326
9329
9332
9335
9338
9341
9344
9347
9350
9355
9360
9365
9371
9376
9381
9386
9392
9397
9402
9407
9413
9418
9423
9428
9434
9439
9444
9450
9453
9456
9460
9463
9467
9470
9474
9477
9480
9484
9487
9491
9494
9498
9501
9504
9508
9511
9515
9518
9522
9525
9529
9532
9535
9539
9542
9546
9549
9553
9556
9560
9565
9571
9577
9583
9589
9595
9601
9607
9612
9618
9624
9630
9636
9642
9648
9654
9660
9665
9671
9676
9682
9687
9693
9698
9704
9709
9715
9720
9726
9731
9737
9742
9748
9753
9759
9764
9770
9774
9778
9783
9787
9791
9796
9800
9804
9809
9813
9817
9822
9826
9830
9835
9839
9843
9848
9852
9856
9861
9865
9870
9874
9879
9883
9888
9892
9897
9902
9906
9911
9915
9920
9925
9929
9934
9938
9943
9947
9952
9957
9961
9966
9970
9975
9980
9986
9992
9998
10004
10010
10016
10022
10028
10034
10040
10046
10052
10058
10064
10070
10076
10081
10088
10094
10100
10105
10110
10115
10120
10125
10129
10135
10139
10145
10149
10155
10160
10165
10170
10174
10180
10184
10190
10194
10200
10205
10209
10215
10219
10225
10230
10235
10240
10245
10250
10254
10260
10265
10270
10275
10280
10285
10290
10295
10300
10305
10310
10317
10324
10331
10338
10345
10352
10360
10367
10374
10381
10388
10395
10402
10410
10415
10421
10426
10432
10437
10443
10448
10454
10459
10465
10470
10476
10481
10487
10492
10498
10503
10509
10514
10520
10524
10529
10533
10538
10542
10547
10551
10556
10560
10565
10570
10574
10579
10583
10588
10592
10597
10601
10606
10610
10615
10620
10625
10631
10637
10643
10648
10654
10660
10666
10672
10677
10683
10689
10695
10701
10706
10712
10718
10724
10730
10734
10739
10743
10748
10752
10757
10762
10766
10771
10775
10780
10785
10789
10794
10798
10803
10807
10812
10817
10821
10826
10830
10835
10840
10847
10854
10861
10868
10875
10882
10890
10897
10904
10911
10918
10925
10932
10940
10943
10947
10951
10955
10958
10962
10966
10970
10974
10977
10981
10985
10989
10993
10996
11000
11004
11008
11012
11015
11019
11023
11027
11031
11034
11038
11042
11046
11050
11055
11061
11067
11073
11079
11085
11091
11097
11102
11108
11114
11120
11126
11132
11138
11144
11150
11153
11157
11161
11164
11168
11172
11175
11179
11183
11186
11190
11194
11197
11201
11205
11208
11212
11216
11219
11223
11227
11230
11234
11238
11241
11245
11249
11252
11256
11260
11263
11266
11269
11272
11275
11278
11282
11285
11288
11291
11294
11297
11301
11304
11307
11310
11313
11316
11320
11323
11326
11329
11332
11335
11338
11342
11345
11348
11351
11354
11357
11361
11364
11367
11370
11373
11376
11380
11382
11385
11387
11390
11392
11395
11397
11400
11402
11405
11407
11410
11412
11415
11417
11420
11422
11425
11427
11430
11432
11435
11437
11440
11442
11445
11447
11450
11452
11455
11457
11460
11462
11465
11467
11470
11472
11475
11477
11480
11482
11485
11487
11490
11492
11495
11497
11500
11502
11505
11507
11510
11512
11515
11517
11520
11522
11525
11527
11530
11532
11535
11537
11540
11542
11545
11547
11550
11552
11555
11557
11560
11562
11565
11567
11570
11572
11575
11577
11580
11582
11584
11587
11590
11592
11594
11597
11600
11602
11605
11608
11611
11614
11617
11620
11623
11626
11629
11632
11635
11638
11641
11644
11647
11649
11652
11655
11658
11661
11664
11667
11670
11673
11676
11679
11682
11685
11688
11691
11694
11697
11700
11703
11706
11709
11712
11715
11718
11722
11725
11728
11731
11734
11737
11740
11744
11747
11750
11753
11756
11759
11762
11766
11769
11772
11775
11778
11781
11784
11788
11791
11794
11797
11800
11803
11806
11810
11814
11818
11822
11826
11830
11835
11839
11843
11847
11851
11855
11860
11864
11868
11872
11876
11880
11885
11889
11893
11897
11901
11905
11910
11913
11917
11920
11924
11927
11931
11934
11938
11941
11945
11949
11952
11956
11959
11963
11966
11970
11973
11977
11980
11984
11988
11991
11995
11998
12002
12005
12009
12012
12016
12020
12023
12027
12031
12034
12038
12042
12045
12049
12053
12057
12060
12064
12068
12071
12075
12079
12082
12086
12090
12094
12097
12101
12105
12108
12112
12116
12120
12124
12128
12132
12136
12141
12145
12149
12153
12158
12162
12166
12170
12175
12179
12183
12187
12191
12196
12200
12204
12208
12213
12217
12221
12225
12230
12235
12240
12245
12250
12256
12261
12266
12271
12277
12282
12287
12292
12298
12303
12308
12313
12319
12324
12329
12334
12340
12345
12350
12355
12361
12366
12371
12376
12382
12387
12392
12397
12403
12408
12413
12418
12424
12429
12434
12440
12446
12452
12458
12464
12470
12476
12482
12488
12495
12501
12507
12513
12519
12525
12531
12537
12543
12550
12555
12560
12565
12570
12576
12581
12586
12591
12597
12602
12607
12612
12618
12623
12628
12633
12639
12644
12649
12654
12660
12664
12669
12673
12678
12682
12687
12692
12696
12701
12705
12710
12715
12719
12724
12728
12733
12737
12742
12747
12751
12756
12760
12765
12770
12776
12782
12788
12795
12801
12807
12813
12820
12826
12832
12838
12844
12851
12857
12863
12870
12877
12884
12892
12899
12906
12914
12921
12928
12936
12943
12950
12958
12965
12972
12980
12985
12990
12995
13000
13005
13010
13015
13020
13025
13030
13035
13040
13045
13050
13055
13060
13065
13070
13075
13080
13084
13090
13094
13099
13104
13109
13113
13118
13123
13128
13132
13137
13142
13147
13151
13156
13161
13166
13170
13175
13180
13185
13190
13194
13198
13203
13207
13212
13216
13220
13225
13229
13234
13238
13242
13247
13251
13256
13260
13264
13269
13273
13278
13282
13286
13291
13295
13300
13303
13307
13311
13315
13319
13323
13327
13331
13335
13339
13343
13347
13351
13355
13358
13362
13366
13370
13374
13378
13382
13386
13390
13394
13398
13402
13406
13410
13414
13419
13424
13429
13433
13438
13443
13448
13453
13457
13462
13467
13472
13476
13481
13486
13491
13496
13500
13505
13510
13515
13520
13525
13530
13535
13541
13546
13551
13556
13562
13567
13572
13577
13583
13588
13593
13598
13604
13609
13614
13620
13626
13632
13638
13644
13650
13656
13662
13668
13675
13681
13687
13693
13699
13705
13711
13717
13723
13730
13735
13740
13745
13750
13755
13760
13765
13770
13775
13780
13785
13790
13795
13800
13805
13810
13815
13820
13825
13830
13834
13840
13847
13854
13861
13868
13875
13882
13890
13897
13904
13911
13918
13925
13932
13940
13946
13953
13960
13967
13974
13981
13988
13995
14001
14008
14015
14022
14029
14036
14043
14050
14053
14056
14059
14062
14066
14069
14072
14075
14079
14082
14085
14088
14091
14095
14098
14101
14104
14108
14111
14114
14117
14120
14124
14127
14130
14133
14137
14140
14143
14146
14150
14154
14158
14162
14166
14170
14174
14178
14182
14186
14190
14194
14198
14202
14207
14211
14215
14219
14223
14227
14231
14235
14239
14243
14247
14251
14255
14260
14264
14268
14272
14277
14281
14285
14290
14294
14298
14302
14307
14311
14315
14320
14324
14328
14332
14337
14341
14345
14350
14354
14358
14362
14367
14371
14375
14380
14383
14386
14389
14392
14395
14398
14402
14405
14408
14411
14414
14417
14420
14424
14427
14430
14433
14436
14439
14442
14446
14449
14452
14455
14458
14461
14464
14468
14471
14474
14477
14480
14483
14486
14490
14493
14497
14501
14505
14509
14513
14517
14521
14525
14529
14533
14537
14541
14545
14548
14552
14556
14560
14564
14568
14572
14576
14580
14584
14588
14592
14596
14600
14604
14608
14612
14616
14620
14625
14629
14633
14637
14641
14645
14649
14654
14658
14662
14666
14670
14674
14679
14683
14687
14691
14695
14700
14703
14707
14710
14714
14718
14722
14725
14729
14733
14736
14740
14744
14747
14751
14754
14758
14762
14766
14769
14773
14777
14780
14784
14788
14791
14795
14799
14802
14806
14810
14815
14821
14826
14832
14837
14843
14848
14854
14859
14865
14870
14876
14881
14887
14892
14898
14903
14909
14914
14920
14924
14929
14934
14939
14943
14948
14953
14958
14963
14967
14972
14977
14982
14986
14991
14996
15001
15006
15010
15015
15020
15025
15030
15035
15041
15047
15053
15059
15065
15071
15077
15082
15088
15094
15100
15106
15112
15118
15124
15130
15135
15140
15145
15150
15155
15160
15165
15170
15175
15180
15185
15190
15195
15200
15205
15210
15215
15220
15225
15230
15235
15240
15244
15248
15253
15257
15262
15266
15270
15275
15279
15284
15288
15292
15297
15301
15306
15310
15314
15319
15323
15328
15332
15336
15341
15345
15350
15354
15358
15363
15367
15371
15376
15380
15384
15389
15393
15397
15402
15406
15410
15415
15419
15423
15428
15432
15436
15441
15445
15450
15454
15458
15462
15466
15471
15475
15479
15483
15488
15492
15496
15500
15504
15509
15513
15517
15521
15526
15530
15534
15538
15543
15547
15551
15555
15560
15566
15572
15578
15585
15591
15597
15603
15610
15616
15622
15628
15635
15641
15647
15653
15660
15665
15671
15677
15683
15688
15694
15700
15706
15712
15717
15723
15729
15735
15741
15746
15752
15758
15764
15770
15775
15780
15785
15791
15796
15801
15806
15812
15817
15822
15827
15833
15838
15843
15848
15854
15859
15864
15870
15875
15879
15885
15889
15895
15899
15905
15910
15915
15920
15924
15930
15935
15940
15945
15950
15955
15960
15965
15970
15975
15980
15985
15990
15995
16000
16006
16011
16017
16022
16028
16033
16039
16044
16050
16055
16060
16066
16071
16077
16082
16088
16093
16099
16104
16110
16114
16119
16124
16129
16133
16138
16143
16148
16152
16157
16162
16167
16171
16176
16181
16186
16190
16195
16200
16205
16210
16214
16219
16224
16229
16233
16238
16243
16248
16253
16257
16262
16267
16272
16276
16281
16286
16291
16296
16300
16305
16310
16315
16320
16325
16330
16335
16340
16344
16350
16355
16360
16365
16370
16375
16380
16385
16390
16395
16400
16405
16410
16415
16420
16425
16431
16437
16443
16448
16454
16460
16466
16472
16477
16483
16489
16495
16501
16506
16512
16518
16524
16530
16536
16543
16550
16556
16563
16570
16576
16583
16590
16596
16603
16610
16616
16623
16630
16633
16637
16641
16645
16649
16653
16657
16661
16665
16669
16673
16677
16681
16685
16688
16692
16696
16700
16704
16708
16712
16716
16720
16724
16728
16732
16736
16740
16744
16749
16754
16759
16763
16768
16773
16778
16783
16787
16792
16797
16802
16806
16811
16816
16821
16826
16830
16835
16840
16845
16850
16856
16862
16868
16875
16881
16887
16893
16900
16906
16912
16918
16925
16931
16937
16943
16950
16954
16959
16963
16968
16972
16977
16982
16986
16991
16995
17000
17005
17009
17014
17018
17023
17027
17032
17037
17041
17046
17050
17055
17060
17064
17070
17075
17080
17085
17090
17095
17099
17105
17110
17115
17120
17125
17130
17134
17140
17145
17150
17155
17160
17164
17169
17174
17179
17183
17188
17193
17198
17203
17207
17212
17217
17222
17226
17231
17236
17241
17246
17250
17255
17260
17265
17270
17274
17279
17283
17288
17292
17297
17301
17306
17310
17315
17320
17324
17329
17333
17338
17342
17347
17351
17356
17360
17365
17370
17373
17376
17380
17383
17387
17390
17394
17397
17400
17404
17407
17411
17414
17418
17421
17425
17428
17431
17435
17438
17442
17445
17449
17452
17455
17459
17462
17466
17469
17473
17476
17480
17483
17486
17490
17493
17496
17500
17503
17506
17510
17513
17516
17520
17523
17526
17530
17533
17536
17540
17543
17546
17550
17553
17556
17560
17563
17566
17570
17573
17576
17580
17583
17586
17590
17593
17597
17601
17605
17609
17613
17617
17621
17625
17629
17633
17637
17641
17645
17648
17652
17656
17660
17664
17668
17672
17676
17680
17684
17688
17692
17696
17700
17704
17708
17712
17716
17721
17725
17729
17733
17738
17742
17746
17750
17755
17759
17763
17767
17771
17776
17780
17784
17788
17793
17797
17801
17805
17810
17814
17818
17823
17827
17831
17836
17840
17844
17849
17853
17857
17862
17866
17870
17875
17879
17883
17888
17892
17896
17901
17905
17910
17915
17920
17925
17930
17935
17940
17945
17950
17955
17960
17965
17970
17975
17980
17985
17990
17995
18000
18005
18009
18015
18020
18023
18026
18030
18033
18037
18040
18044
18047
18051
18054
18057
18061
18064
18068
18071
18075
18078
18082
18085
18088
18092
18095
18099
18102
18106
18109
18113
18116
18120
18124
18129
18133
18138
18142
18147
18152
18156
18161
18165
18170
18175
18179
18184
18188
18193
18197
18202
18207
18211
18216
18220
18225
18230
18233
18236
18240
18243
18246
18250
18253
18256
18260
18263
18266
18270
18273
18276
18280
18283
18286
18290
18293
18296
18300
18303
18306
18310
18313
18316
18320
18323
18326
18330
18333
18336
18340
18343
18346
18349
18352
18355
18358
18361
18364
18367
18370
18373
18376
18379
18382
18385
18388
18391
18394
18397
18400
18403
18406
18409
18412
18415
18418
18421
18424
18427
18430
18433
18436
18440
18443
18446
18450
18453
18456
18460
18463
18466
18470
18473
18476
18480
18483
18486
18490
18493
18496
18500
18503
18506
18510
18513
18516
18520
18523
18526
18530
18533
18536
18540
18543
18546
18550
18555
18560
18565
18570
18575
18580
18585
18590
18595
18600
18605
18610
18615
18619
18625
18630
18634
18640
18645
18650
18654
18658
18662
18666
18671
18675
18679
18683
18688
18692
18696
18700
18705
18709
18713
18717
18721
18726
18730
18734
18738
18743
18747
18751
18755
18760
18764
18768
18772
18776
18780
18784
18788
18792
18796
18800
18804
18808
18812
18817
18821
18825
18829
18833
18837
18841
18845
18849
18853
18857
18861
18865
18870
18873
18876
18879
18882
18885
18888
18892
18895
18898
18901
18904
18907
18910
18914
18917
18920
18923
18926
18929
18932
18936
18939
18942
18945
18948
18951
18954
18958
18961
18964
18967
18970
18973
18976
18980
18985
18991
18996
19002
19007
19013
19018
19024
19029
19035
19040
19046
19051
19057
19062
19068
19073
19079
19084
19090
19097
19104
19111
19118
19125
19132
19139
19146
19153
19160
19167
19174
19181
19188
19195
19202
19210
19215
19220
19225
19230
19236
19241
19246
19251
19257
19262
19267
19272
19278
19283
19288
19293
19299
19304
19309
19314
19320
19326
19333
19340
19347
19354
19361
19368
19375
19381
19388
19395
19402
19409
19416
19423
19430
19435
19440
19445
19450
19455
19460
19465
19470
19474
19480
19485
19490
19495
19500
19505
19509
19515
19520
19525
19529
19535
19540
19545
19550
19555
19561
19566
19571
19576
19582
19587
19592
19597
19603
19608
19613
19618
19624
19629
19634
19640
19645
19650
19655
19660
19666
19671
19676
19681
19687
19692
19697
19702
19708
19713
19718
19723
19729
19734
19739
19744
19750
19756
19763
19770
19777
19784
19791
19798
19805
19811
19818
19825
19832
19839
19846
19853
19860
19867
19874
19881
19888
19895
19902
19910
19917
19924
19931
19938
19945
19952
19960
19967
19975
19983
19991
19999
20007
20015
20022
20030
20038
20046
20054
20062
20070
20079
20088
20097
20106
20115
20124
20133
20142
20151
20160
20170
20177
20185
20193
20201
20209
20217
20225
20232
20240
20248
20256
20264
20272
20280
20285
20291
20296
20302
20307
20313
20318
20324
20330
20335
20341
20346
20352
20357
20363
20368
20374
20380
20384
20389
20393
20398
20402
20407
20412
20416
20421
20425
20430
20435
20439
20444
20448
20453
20457
20462
20467
20471
20476
20480
20485
20490
20494
20498
20503
20507
20512
20516
20520
20525
20529
20534
20538
20542
20547
20551
20556
20560
20564
20569
20573
20578
20582
20586
20591
20595
20600
20603
20606
20609
20612
20615
20618
20621
20624
20627
20630
20633
20636
20639
20642
20645
20648
20651
20654
20657
20660
20663
20666
20669
20672
20675
20678
20681
20684
20687
20690
20693
20696
20700
20706
20712
20719
20725
20732
20738
20745
20751
20758
20764
20771
20777
20784
20790
20797
20803
20810
20814
20819
20823
20828
20832
20837
20841
20846
20850
20855
20860
20864
20869
20873
20878
20882
20887
20891
20896
20900
20905
20910
20913
20916
20919
20922
20926
20929
20932
20935
20939
20942
20945
20948
20952
20955
20958
20961
20965
20968
20971
20974
20977
20981
20984
20987
20990
20994
20997
21000
21003
21007
21010
21013
21016
21020
21023
21026
21029
21032
21035
21038
21041
21044
21047
21050
21053
21056
21059
21062
21065
21068
21071
21074
21077
21080
21083
21086
21089
21092
21095
21098
21101
21104
21107
21110
21113
21116
21120
21122
21125
21128
21131
21134
21137
21140
21143
21146
21149
21152
21155
21158
21161
21164
21167
21170
21173
21176
21179
21182
21185
21188
21191
21194
21197
21200
21203
21206
21209
21212
21215
21218
21221
21224
21227
21230
21233
21236
21239
21242
21245
21248
21252
21255
21258
21261
21264
21267
21271
21274
21277
21280
21283
21286
21290
21293
21296
21299
21302
21305
21308
21312
21315
21318
21321
21324
21327
21331
21334
21337
21340
21343
21346
21350
21357
21365
21373
21381
21389
21397
21405
21412
21420
21428
21436
21444
21452
21460
21467
21475
21483
21491
21499
21507
21515
21522
21530
21538
21546
21554
21562
21570
21576
21582
21589
21595
21602
21608
21615
21621
21628
21634
21641
21647
21654
21660
21667
21673
21680
21684
21688
21692
21696
21700
21704
21708
21712
21716
21720
21724
21728
21732
21737
21741
21745
21749
21753
21757
21761
21765
21769
21773
21777
21781
21785
21790
21795
21800
21805
21811
21816
21821
21826
21832
21837
21842
21847
21853
21858
21863
21868
21874
21879
21884
21890
21897
21904
21912
21919
21926
21934
21941
21948
21956
21963
21970
21978
21985
21992
22000
22006
22013
22020
22027
22034
22041
22048
22055
22061
22068
22075
22082
22089
22096
22103
22110
22117
22125
22133
22140
22148
22156
22163
22171
22179
22186
22194
22202
22210
22217
22225
22233
22241
22249
22257
22265
22272
22280
22288
22296
22304
22312
22320
22325
22330
22335
22340
22345
22350
22355
22360
22365
22370
22375
22380
22385
22390
22395
22400
22405
22410
22415
22420
22424
22428
22432
22436
22441
22445
22449
22453
22458
22462
22466
22470
22475
22479
22483
22487
22491
22496
22500
22504
22508
22513
22517
22521
22525
22530
22536
22543
22550
22556
22563
22570
22576
22583
22590
22596
22603
22610
22616
22623
22630
22634
22638
22643
22647
22651
22656
22660
22665
22669
22674
22678
22682
22687
22691
22695
22700
22704
22709
22713
22718
22722
22726
22731
22735
22740
22746
22753
22760
22767
22774
22781
22788
22795
22801
22808
22815
22822
22829
22836
22843
22850
22857
22865
22873
22880
22888
22896
22903
22911
22919
22926
22934
22942
22950
22956
22962
22969
22975
22982
22988
22995
23001
23008
23014
23021
23027
23034
23040
23047
23053
23060
23068
23076
23085
23093
23101
23110
23118
23126
23134
23143
23151
23160
23167
23174
23182
23189
23196
23204
23211
23218
23226
23233
23240
23248
23255
23262
23270
23276
23282
23288
23295
23301
23307
23313
23320
23326
23332
23338
23345
23351
23357
23363
23370
23378
23386
23395
23403
23412
23420
23429
23437
23446
23454
23463
23471
23480
23488
23496
23504
23512
23520
23528
23536
23544
23552
23560
23568
23576
23584
23592
23600
23605
23610
23615
23620
23625
23630
23635
23640
23645
23650
23655
23660
23665
23670
23675
23680
23685
23689
23695
23700
23705
23711
23717
23723
23728
23734
23740
23746
23752
23757
23763
23769
23775
23781
23786
23792
23798
23804
23810
23814
23820
23825
23830
23835
23840
23845
23849
23855
23860
23865
23870
23875
23880
23884
23890
23895
23900
23905
23910
23914
23919
23923
23928
23932
23937
23942
23946
23951
23955
23960
23965
23969
23974
23978
23983
23987
23992
23997
24001
24006
24010
24015
24020
24026
24033
24040
24046
24053
24060
24066
24073
24080
24086
24093
24100
24106
24113
24120
24127
24135
24143
24151
24159
24167
24175
24182
24190
24198
24206
24214
24222
24230
24240
24250
24260
24270
24280
24290
24300
24310
24320
24330
24340
24344
24349
24353
24358
24362
24367
24371
24376
24380
24385
24390
24394
24399
24403
24408
24412
24417
24421
24426
24430
24435
24440
24444
24448
24452
24456
24460
24464
24468
24472
24476
24480
24484
24488
24492
24497
24501
24505
24509
24513
24517
24521
24525
24529
24533
24537
24541
24545
24550
24553
24556
24560
24563
24566
24570
24573
24576
24580
24583
24586
24590
24593
24596
24600
24603
24606
24610
24613
24616
24619
24623
24626
24630
24633
24636
24640
24643
24646
24650
24653
24657
24660
24664
24667
24671
24674
24678
24681
24685
24689
24692
24696
24699
24703
24706
24710
24713
24717
24720
24724
24728
24731
24735
24738
24742
24745
24749
24752
24756
24760
24765
24770
24775
24780
24786
24791
24796
24801
24807
24812
24817
24822
24828
24833
24838
24843
24849
24854
24859
24864
24870
24875
24880
24885
24890
24896
24901
24906
24911
24917
24922
24927
24932
24938
24943
24948
24953
24959
24964
24969
24974
24980
24986
24992
24998
25004
25010
25016
25022
25028
25035
25041
25047
25053
25059
25065
25071
25077
25083
25090
25097
25104
25111
25118
25125
25132
25140
25147
25154
25161
25168
25175
25182
25190
25195
25201
25206
25212
25217
25223
25228
25234
25239
25245
25250
25256
25261
25267
25272
25278
25283
25289
25294
25300
25304
25308
25313
25317
25321
25326
25330
25334
25339
25343
25347
25352
25356
25360
25365
25369
25373
25378
25382
25386
25391
25395
25400
25406
25412
25418
25424
25430
25436
25442
25448
25455
25461
25467
25473
25479
25485
25491
25497
25503
25510
25516
25522
25528
25534
25540
25546
25552
25558
25564
25570
25576
25582
25588
25594
25600
25605
25612
25618
25624
25630
25636
25643
25650
25657
25664
25671
25678
25685
25691
25698
25705
25712
25719
25726
25733
25740
25749
25758
25767
25776
25785
25795
25804
25813
25822
25831
25840
25850
25855
25860
25865
25871
25876
25881
25886
25892
25897
25902
25907
25913
25918
25923
25928
25934
25939
25944
25950
25957
25964
25971
25978
25985
25992
25999
26006
26013
26020
26027
26034
26041
26048
26055
26062
26070
26078
26086
26095
26103
26112
26120
26129
26137
26146
26154
26163
26171
26180
26185
26190
26195
26200
26206
26211
26216
26221
26227
26232
26237
26242
26248
26253
26258
26263
26269
26274
26279
26284
26290
26300
26310
26320
26330
26340
26350
26360
26370
26380
26390
26396
26402
26409
26415
26422
26428
26435
26441
26448
26454
26461
26467
26474
26480
26487
26493
26500
26507
26514
26522
26529
26536
26544
26551
26558
26566
26573
26580
26588
26595
26602
26610
26621
26632
26643
26654
26665
26676
26687
26698
26710
26723
26736
26750
26763
26776
26790
26803
26816
26830
26838
26846
26854
26863
26871
26880
26888
26896
26905
26913
26921
26930
26936
26943
26950
26957
26964
26971
26978
26985
26991
26998
27005
27012
27019
27026
27033
27040
27045
27051
27057
27063
27069
27075
27081
27087
27092
27098
27104
27110
27116
27122
27128
27134
27140
27145
27151
27156
27162
27167
27173
27178
27184
27189
27195
27200
27206
27211
27217
27222
27228
27233
27239
27244
27250
27256
27262
27269
27275
27282
27288
27295
27301
27308
27314
27321
27327
27334
27340
27347
27353
27360
27365
27370
27375
27381
27386
27391
27396
27402
27407
27412
27417
27423
27428
27433
27438
27444
27449
27454
27460
27466
27472
27478
27484
27490
27496
27502
27508
27515
27521
27527
27533
27539
27545
27551
27557
27563
27570
27580
27590
27600
27610
27620
27630
27640
27650
27660
27670
27678
27687
27695
27704
27712
27721
27730
27738
27747
27755
27764
27772
27781
27790
27800
27810
27820
27830
27840
27850
27860
27870
27880
27890
27899
27908
27917
27926
27935
27945
27954
27963
27972
27981
27990
28000
28009
28018
28027
28036
28045
28055
28064
28073
28082
28091
28100
28110
28118
28126
28134
28143
28151
28160
28168
28176
28185
28193
28201
28210
28215
28221
28226
28232
28237
28243
28248
28254
28259
28265
28270
28276
28281
28287
28292
28298
28303
28309
28314
28320
28327
28334
28341
28348
28355
28362
28370
28377
28384
28391
28398
28405
28412
28420
28427
28435
28443
28451
28459
28467
28475
28482
28490
28498
28506
28514
28522
28530
28539
28548
28557
28566
28575
28584
28593
28602
28611
28620
28630
28640
28650
28660
28669
28680
28689
28700
28709
28720
28729
28740
28749
28758
28767
28776
28785
28795
28804
28813
28822
28831
28840
28850
28862
28875
28887
28900
28912
28925
28937
28950
28955
28961
28967
28973
28978
28984
28990
28996
29002
29007
29013
29019
29025
29031
29036
29042
29048
29054
29060
29065
29071
29077
29083
29089
29095
29101
29107
29112
29118
29124
29130
29136
29142
29148
29154
29160
29165
29171
29177
29183
29188
29194
29200
29206
29212
29217
29223
29229
29235
29241
29246
29252
29258
29264
29270
29275
29280
29285
29291
29296
29301
29306
29312
29317
29322
29327
29333
29338
29343
29348
29354
29359
29364
29370
29374
29379
29384
29389
29393
29398
29403
29408
29413
29417
29422
29427
29432
29436
29441
29446
29451
29456
29460
29465
29470
29475
29480
29485
29490
29495
29500
29506
29511
29516
29521
29527
29532
29537
29542
29548
29553
29558
29563
29569
29574
29579
29584
29590
29596
29602
29608
29614
29620
29626
29632
29638
29644
29650
29656
29662
29668
29674
29680
29686
29692
29698
29704
29710
29718
29726
29735
29743
29752
29760
29769
29777
29786
29794
29803
29811
29820
29825
29831
29836
29842
29847
29853
29858
29864
29869
29875
29880
29886
29891
29897
29902
29908
29913
29919
29924
29930
