4
9
13
18
22
27
31
36
40
45
50
54
59
63
68
72
77
81
86
90
95
100
104
108
113
117
121
126
130
134
139
143
147
152
156
160
165
169
173
178
182
186
191
195
200
204
209
213
218
222
227
231
236
240
245
250
254
259
263
268
272
277
281
286
290
295
300
304
308
313
317
321
326
330
334
339
343
347
352
356
360
365
369
373
378
382
386
391
395
400
404
408
413
417
421
426
430
434
439
443
447
452
456
460
465
469
473
478
482
486
491
495
500
504
509
513
518
522
527
531
536
540
545
550
554
559
563
568
572
577
581
586
590
595
600
604
608
613
617
621
626
630
634
639
643
647
652
656
660
665
669
673
678
682
686
691
695
700
704
708
713
717
721
726
730
734
739
743
747
752
756
760
765
769
773
778
782
786
791
795
800
804
809
813
818
822
827
831
836
840
845
850
854
859
863
868
872
877
881
886
890
895
900
904
908
913
917
921
926
930
934
939
943
947
952
956
960
965
969
973
978
982
986
991
995
1000
1004
1009
1013
1018
1022
1027
1031
1036
1040
1045
1050
1054
1059
1063
1068
1072
1077
1081
1086
1090
1095
1100
1104
1108
1113
1117
1121
1126
1130
1134
1139
1143
1147
1152
1156
1160
1165
1169
1173
1178
1182
1186
1191
1195
1200
1204
1209
1213
1218
1222
1227
1231
1236
1240
1245
1250
1254
1259
1263
1268
1272
1277
1281
1286
1290
1295
1300
1304
1309
1313
1318
1322
1327
1331
1336
1340
1345
1350
1354
1359
1363
1368
1372
1377
1381
1386
1390
1395
1400
1404
1409
1413
1418
1422
1427
1431
1436
1440
1445
1450
1454
1459
1463
1468
1472
1477
1481
1486
1490
1495
1500
1504
1508
1513
1517
1521
1526
1530
1534
1539
1543
1547
1552
1556
1560
1565
1569
1573
1578
1582
1586
1591
1595
1600
1604
1609
1613
1618
1622
1627
1631
1636
1640
1645
1650
1654
1659
1663
1668
1672
1677
1681
1686
1690
1695
1700
1704
1709
1713
1718
1722
1727
1731
1736
1740
1745
1750
1754
1759
1763
1768
1772
1777
1781
1786
1790
1795
1800
1804
1809
1813
1818
1822
1827
1831
1836
1840
1845
1850
1854
1859
1863
1868
1872
1877
1881
1886
1890
1895
1900
1904
1908
1913
1917
1921
1926
1930
1934
1939
1943
1947
1952
1956
1960
1965
1969
1973
1978
1982
1986
1991
1995
2000
2005
2010
2015
2021
2026
2031
2036
2042
2047
2052
2057
2063
2068
2073
2078
2084
2089
2094
2100
2105
2110
2115
2120
2125
2130
2135
2140
2145
2150
2155
2160
2165
2170
2175
2180
2185
2190
2195
2200
2205
2210
2215
2221
2226
2231
2236
2242
2247
2252
2257
2263
2268
2273
2278
2284
2289
2294
2300
2304
2309
2315
2320
2324
2330
2335
2340
2344
2349
2355
2360
2364
2370
2375
2380
2385
2389
2395
2400
2405
2410
2415
2420
2425
2429
2435
2440
2445
2450
2455
2460
2465
2469
2475
2480
2485
2490
2495
2500
2505
2510
2515
2521
2526
2531
2536
2542
2547
2552
2557
2563
2568
2573
2578
2584
2589
2594
2600
2605
2610
2615
2620
2625
2630
2635
2640
2645
2650
2655
2660
2665
2670
2675
2680
2685
2690
2695
2700
2705
2710
2715
2721
2726
2731
2736
2742
2747
2752
2757
2763
2768
2773
2778
2784
2789
2794
2800
2804
2809
2815
2820
2824
2830
2835
2840
2844
2849
2855
2860
2864
2870
2875
2880
2885
2889
2895
2900
2905
2910
2915
2920
2925
2929
2935
2940
2945
2950
2955
2960
2965
2969
2975
2980
2985
2990
2995
3000
3005
3011
3016
3022
3027
3033
3038
3044
3050
3055
3061
3066
3072
3077
3083
3088
3094
3100
3105
3110
3115
3121
3126
3131
3136
3142
3147
3152
3157
3163
3168
3173
3178
3184
3189
3194
3200
3205
3211
3216
3222
3227
3233
3238
3244
3250
3255
3261
3266
3272
3277
3283
3288
3294
3300
3305
3310
3315
3321
3326
3331
3336
3342
3347
3352
3357
3363
3368
3373
3378
3384
3389
3394
3400
3405
3411
3416
3422
3427
3433
3438
3444
3450
3455
3461
3466
3472
3477
3483
3488
3494
3500
3505
3510
3515
3521
3526
3531
3536
3542
3547
3552
3557
3563
3568
3573
3578
3584
3589
3594
3600
3605
3610
3615
3621
3626
3631
3636
3642
3647
3652
3657
3663
3668
3673
3678
3684
3689
3694
3700
3705
3711
3716
3722
3727
3733
3738
3744
3750
3755
3761
3766
3772
3777
3783
3788
3794
3800
3805
3810
3815
3821
3826
3831
3836
3842
3847
3852
3857
3863
3868
3873
3878
3884
3889
3894
3900
3905
3911
3916
3922
3927
3933
3938
3944
3950
3955
3961
3966
3972
3977
3983
3988
3994
4000
4004
4009
4014
4019
4023
4028
4033
4038
4042
4047
4052
4057
4061
4066
4071
4076
4080
4085
4090
4095
4100
4104
4109
4114
4120
4125
4130
4135
4140
4145
4150
4155
4160
4165
4170
4175
4180
4185
4190
4195
4200
4205
4210
4215
4220
4225
4230
4235
4240
4245
4250
4255
4260
4265
4270
4275
4280
4285
4290
4295
4300
4305
4310
4314
4320
4325
4330
4335
4340
4345
4350
4355
4360
4365
4370
4375
4380
4385
4390
4395
4400
4405
4410
4415
4420
4425
4430
4435
4440
4445
4450
4455
4460
4465
4470
4475
4480
4485
4490
4495
4500
4504
4509
4514
4519
4523
4528
4533
4538
4542
4547
4552
4557
4561
4566
4571
4576
4580
4585
4590
4595
4600
4604
4609
4614
4620
4625
4630
4635
4640
4645
4650
4655
4660
4665
4670
4675
4680
4685
4690
4695
4700
4705
4710
4715
4720
4725
4730
4735
4740
4745
4750
4755
4760
4765
4770
4775
4780
4785
4790
4795
4800
4805
4810
4814
4820
4825
4830
4835
4840
4845
4850
4855
4860
4865
4870
4875
4880
4885
4890
4895
4900
4905
4910
4915
4920
4925
4930
4935
4940
4945
4950
4955
4960
4965
4970
4975
4980
4985
4990
4995
5000
5004
5009
5013
5018
5022
5027
5031
5036
5040
5045
5050
5054
5059
5063
5068
5072
5077
5081
5086
5090
5095
5100
5104
5109
5113
5118
5122
5127
5131
5136
5140
5145
5150
5154
5159
5163
5168
5172
5177
5181
5186
5190
5195
5200
5204
5209
5214
5219
5223
5228
5233
5238
5242
5247
5252
5257
5261
5266
5271
5276
5280
5285
5290
5295
5300
5304
5309
5313
5318
5322
5327
5331
5336
5340
5345
5350
5354
5359
5363
5368
5372
5377
5381
5386
5390
5395
5400
5404
5409
5413
5418
5422
5427
5431
5436
5440
5445
5450
5454
5459
5463
5468
5472
5477
5481
5486
5490
5495
5500
5504
5509
5514
5519
5523
5528
5533
5538
5542
5547
5552
5557
5561
5566
5571
5576
5580
5585
5590
5595
5600
5604
5609
5613
5618
5622
5627
5631
5636
5640
5645
5650
5654
5659
5663
5668
5672
5677
5681
5686
5690
5695
5700
5704
5709
5714
5719
5723
5728
5733
5738
5742
5747
5752
5757
5761
5766
5771
5776
5780
5785
5790
5795
5800
5804
5809
5813
5818
5822
5827
5831
5836
5840
5845
5850
5854
5859
5863
5868
5872
5877
5881
5886
5890
5895
5900
5904
5909
5913
5918
5922
5927
5931
5936
5940
5945
5950
5954
5959
5963
5968
5972
5977
5981
5986
5990
5995
6000
6004
6009
6014
6019
6023
6028
6033
6038
6042
6047
6052
6057
6061
6066
6071
6076
6080
6085
6090
6095
6100
6104
6109
6114
6119
6123
6128
6133
6138
6142
6147
6152
6157
6161
6166
6171
6176
6180
6185
6190
6195
6200
6204
6209
6214
6219
6223
6228
6233
6238
6242
6247
6252
6257
6261
6266
6271
6276
6280
6285
6290
6295
6300
6304
6309
6313
6318
6322
6327
6331
6336
6340
6345
6350
6354
6359
6363
6368
6372
6377
6381
6386
6390
6395
6400
6404
6409
6414
6419
6423
6428
6433
6438
6442
6447
6452
6457
6461
6466
6471
6476
6480
6485
6490
6495
6500
6504
6509
6514
6519
6523
6528
6533
6538
6542
6547
6552
6557
6561
6566
6571
6576
6580
6585
6590
6595
6600
6604
6609
6614
6619
6623
6628
6633
6638
6642
6647
6652
6657
6661
6666
6671
6676
6680
6685
6690
6695
6700
6704
6709
6713
6718
6722
6727
6731
6736
6740
6745
6750
6754
6759
6763
6768
6772
6777
6781
6786
6790
6795
6800
6804
6809
6814
6819
6823
6828
6833
6838
6842
6847
6852
6857
6861
6866
6871
6876
6880
6885
6890
6895
6900
6904
6909
6914
6919
6923
6928
6933
6938
6942
6947
6952
6957
6961
6966
6971
6976
6980
6985
6990
6995
7000
7004
7008
7013
7017
7021
7026
7030
7034
7039
7043
7047
7052
7056
7060
7065
7069
7073
7078
7082
7086
7091
7095
7100
7104
7109
7113
7118
7122
7127
7131
7136
7140
7145
7150
7154
7159
7163
7168
7172
7177
7181
7186
7190
7195
7200
7204
7208
7213
7217
7221
7226
7230
7234
7239
7243
7247
7252
7256
7260
7265
7269
7273
7278
7282
7286
7291
7295
7300
7304
7308
7313
7317
7321
7326
7330
7334
7339
7343
7347
7352
7356
7360
7365
7369
7373
7378
7382
7386
7391
7395
7400
7404
7409
7413
7418
7422
7427
7431
7436
7440
7445
7450
7454
7459
7463
7468
7472
7477
7481
7486
7490
7495
7500
7504
7508
7513
7517
7521
7526
7530
7534
7539
7543
7547
7552
7556
7560
7565
7569
7573
7578
7582
7586
7591
7595
7600
7604
7608
7613
7617
7621
7626
7630
7634
7639
7643
7647
7652
7656
7660
7665
7669
7673
7678
7682
7686
7691
7695
7700
7704
7709
7713
7718
7722
7727
7731
7736
7740
7745
7750
7754
7759
7763
7768
7772
7777
7781
7786
7790
7795
7800
7804
7808
7813
7817
7821
7826
7830
7834
7839
7843
7847
7852
7856
7860
7865
7869
7873
7878
7882
7886
7891
7895
7900
7904
7908
7913
7917
7921
7926
7930
7934
7939
7943
7947
7952
7956
7960
7965
7969
7973
7978
7982
7986
7991
7995
8000
8005
8010
8015
8020
8025
8029
8035
8039
8045
8050
8055
8060
8064
8070
8074
8080
8084
8090
8094
8100
8104
8109
8114
8119
8123
8128
8133
8138
8142
8147
8152
8157
8161
8166
8171
8176
8180
8185
8190
8195
8200
8204
8209
8214
8219
8223
8228
8233
8238
8242
8247
8252
8257
8261
8266
8271
8276
8280
8285
8290
8295
8300
8304
8309
8314
8319
8323
8328
8333
8338
8342
8347
8352
8357
8361
8366
8371
8376
8380
8385
8390
8395
8400
8404
8409
8414
8419
8423
8428
8433
8438
8442
8447
8452
8457
8461
8466
8471
8476
8480
8485
8490
8495
8500
8505
8510
8515
8520
8525
8530
8535
8540
8545
8550
8555
8560
8565
8570
8575
8580
8584
8590
8594
8600
8604
8609
8614
8619
8623
8628
8633
8638
8642
8647
8652
8657
8661
8666
8671
8676
8680
8685
8690
8695
8700
8704
8709
8714
8719
8723
8728
8733
8738
8742
8747
8752
8757
8761
8766
8771
8776
8780
8785
8790
8795
8800
8804
8809
8814
8819
8823
8828
8833
8838
8842
8847
8852
8857
8861
8866
8871
8876
8880
8885
8890
8895
8900
8905
8910
8915
8920
8925
8930
8935
8940
8945
8950
8955
8960
8965
8970
8975
8980
8985
8990
8995
9000
9004
9009
9013
9018
9022
9027
9031
9036
9040
9045
9050
9054
9059
9063
9068
9072
9077
9081
9086
9090
9095
9100
9104
9109
9113
9118
9122
9127
9131
9136
9140
9145
9149
9154
9159
9163
9168
9172
9177
9181
9186
9190
9195
9200
9204
9209
9213
9218
9222
9227
9231
9236
9240
9245
9250
9254
9259
9263
9268
9272
9277
9281
9286
9290
9295
9300
9304
9309
9313
9318
9322
9327
9331
9336
9340
9345
9350
9354
9359
9363
9368
9372
9377
9381
9386
9390
9395
9400
9404
9409
9413
9418
9422
9427
9431
9436
9440
9445
9450
9454
9459
9463
9468
9472
9477
9481
9486
9490
9495
9500
9504
9509
9513
9518
9522
9527
9531
9536
9540
9545
9550
9554
9559
9563
9568
9572
9577
9581
9586
9590
9595
9600
9604
9609
9613
9618
9622
9627
9631
9636
9640
9645
9649
9654
9659
9663
9668
9672
9677
9681
9686
9690
9695
9700
9704
9709
9713
9718
9722
9727
9731
9736
9740
9745
9750
9754
9759
9763
9768
9772
9777
9781
9786
9790
9795
9800
9804
9809
9814
9819
9823
9828
9833
9838
9842
9847
9852
9857
9861
9866
9871
9876
9880
9885
9890
9895
9900
9904
9909
9913
9918
9922
9927
9931
9936
9940
9945
9950
9954
9959
9963
9968
9972
9977
9981
9986
9990
9995
10000
10004
10008
10013
10017
10021
10026
10030
10034
10039
10043
10047
10052
10056
10060
10065
10069
10073
10078
10082
10086
10091
10095
10100
10104
10108
10113
10117
10121
10126
10130
10134
10139
10143
10147
10152
10156
10160
10165
10169
10173
10178
10182
10186
10191
10195
10200
10204
10208
10213
10217
10221
10226
10230
10234
10239
10243
10247
10252
10256
10260
10265
10269
10273
10278
10282
10286
10291
10295
10300
10304
10308
10313
10317
10321
10326
10330
10334
10339
10343
10347
10352
10356
10360
10365
10369
10373
10378
10382
10386
10391
10395
10400
10404
10408
10413
10417
10421
10426
10430
10434
10439
10443
10447
10452
10456
10460
10465
10469
10473
10478
10482
10486
10491
10495
10500
10504
10508
10513
10517
10521
10526
10530
10534
10539
10543
10547
10552
10556
10560
10565
10569
10573
10578
10582
10586
10591
10595
10600
10604
10609
10613
10618
10622
10627
10631
10636
10640
10645
10649
10654
10659
10663
10668
10672
10677
10681
10686
10690
10695
10700
10704
10708
10713
10717
10721
10726
10730
10734
10739
10743
10747
10752
10756
10760
10765
10769
10773
10778
10782
10786
10791
10795
10800
10804
10808
10813
10817
10821
10826
10830
10834
10839
10843
10847
10852
10856
10860
10865
10869
10873
10878
10882
10886
10891
10895
10900
10904
10908
10913
10917
10921
10926
10930
10934
10939
10943
10947
10952
10956
10960
10965
10969
10973
10978
10982
10986
10991
10995
11000
11004
11009
11013
11018
11022
11027
11031
11036
11040
11045
11050
11054
11059
11063
11068
11072
11077
11081
11086
11090
11095
11100
11104
11109
11113
11118
11122
11127
11131
11136
11140
11145
11149
11154
11159
11163
11168
11172
11177
11181
11186
11190
11195
11200
11204
11209
11213
11218
11222
11227
11231
11236
11240
11245
11250
11254
11259
11263
11268
11272
11277
11281
11286
11290
11295
11300
11304
11309
11313
11318
11322
11327
11331
11336
11340
11345
11350
11354
11359
11363
11368
11372
11377
11381
11386
11390
11395
11400
11404
11409
11413
11418
11422
11427
11431
11436
11440
11445
11450
11454
11459
11463
11468
11472
11477
11481
11486
11490
11495
11500
11504
11509
11513
11518
11522
11527
11531
11536
11540
11545
11550
11554
11559
11563
11568
11572
11577
11581
11586
11590
11595
11600
11604
11609
11614
11619
11623
11628
11633
11638
11642
11647
11652
11657
11661
11666
11671
11676
11680
11685
11690
11695
11700
11704
11709
11713
11718
11722
11727
11731
11736
11740
11745
11750
11754
11759
11763
11768
11772
11777
11781
11786
11790
11795
11800
11804
11809
11813
11818
11822
11827
11831
11836
11840
11845
11850
11854
11859
11863
11868
11872
11877
11881
11886
11890
11895
11900
11904
11909
11913
11918
11922
11927
11931
11936
11940
11945
11950
11954
11959
11963
11968
11972
11977
11981
11986
11990
11995
12000
12004
12008
12013
12017
12021
12026
12030
12034
12039
12043
12047
12052
12056
12060
12065
12069
12073
12078
12082
12086
12091
12095
12100
12104
12108
12113
12117
12121
12126
12130
12134
12139
12143
12147
12152
12156
12160
12165
12169
12173
12178
12182
12186
12191
12195
12200
12204
12209
12213
12218
12222
12227
12231
12236
12240
12245
12250
12254
12259
12263
12268
12272
12277
12281
12286
12290
12295
12300
12304
12308
12313
12317
12321
12326
12330
12334
12339
12343
12347
12352
12356
12360
12365
12369
12373
12378
12382
12386
12391
12395
12400
12404
12408
12413
12417
12421
12426
12430
12434
12439
12443
12447
12452
12456
12460
12465
12469
12473
12478
12482
12486
12491
12495
12500
12504
12509
12513
12518
12522
12527
12531
12536
12540
12545
12550
12554
12559
12563
12568
12572
12577
12581
12586
12590
12595
12600
12604
12608
12613
12617
12621
12626
12630
12634
12639
12643
12647
12652
12656
12660
12665
12669
12673
12678
12682
12686
12691
12695
12700
12704
12708
12713
12717
12721
12726
12730
12734
12739
12743
12747
12752
12756
12760
12765
12769
12773
12778
12782
12786
12791
12795
12800
12804
12809
12813
12818
12822
12827
12831
12836
12840
12845
12850
12854
12859
12863
12868
12872
12877
12881
12886
12890
12895
12900
12904
12908
12913
12917
12921
12926
12930
12934
12939
12943
12947
12952
12956
12960
12965
12969
12973
12978
12982
12986
12991
12995
13000
13004
13009
13013
13018
13022
13027
13031
13036
13040
13045
13050
13054
13059
13063
13068
13072
13077
13081
13086
13090
13095
13100
13104
13109
13113
13118
13122
13127
13131
13136
13140
13145
13149
13154
13159
13163
13168
13172
13177
13181
13186
13190
13195
13200
13204
13209
13213
13218
13222
13227
13231
13236
13240
13245
13250
13254
13259
13263
13268
13272
13277
13281
13286
13290
13295
13300
13304
13309
13313
13318
13322
13327
13331
13336
13340
13345
13350
13354
13359
13363
13368
13372
13377
13381
13386
13390
13395
13400
13404
13409
13413
13418
13422
13427
13431
13436
13440
13445
13450
13454
13459
13463
13468
13472
13477
13481
13486
13490
13495
13500
13504
13508
13513
13517
13521
13526
13530
13534
13539
13543
13547
13552
13556
13560
13565
13569
13573
13578
13582
13586
13591
13595
13600
13604
13609
13613
13618
13622
13627
13631
13636
13640
13645
13649
13654
13659
13663
13668
13672
13677
13681
13686
13690
13695
13700
13704
13709
13713
13718
13722
13727
13731
13736
13740
13745
13750
13754
13759
13763
13768
13772
13777
13781
13786
13790
13795
13800
13804
13809
13813
13818
13822
13827
13831
13836
13840
13845
13850
13854
13859
13863
13868
13872
13877
13881
13886
13890
13895
13900
13904
13909
13913
13918
13922
13927
13931
13936
13940
13945
13950
13954
13959
13963
13968
13972
13977
13981
13986
13990
13995
14000
14005
14010
14015
14020
14025
14030
14035
14040
14045
14050
14055
14060
14065
14070
14075
14080
14084
14090
14094
14100
14104
14109
14114
14119
14123
14128
14133
14138
14142
14147
14152
14157
14161
14166
14171
14176
14180
14185
14190
14195
14200
14205
14209
14215
14219
14225
14230
14235
14240
14245
14250
14255
14260
14265
14270
14275
14280
14285
14290
14295
14300
14305
14310
14315
14320
14325
14330
14335
14340
14345
14350
14355
14360
14365
14370
14375
14380
14385
14390
14395
14400
14405
14410
14415
14420
14425
14430
14435
14440
14445
14450
14455
14460
14465
14470
14475
14480
14485
14490
14495
14500
14504
14509
14514
14519
14523
14528
14533
14538
14542
14547
14552
14557
14561
14566
14571
14576
14580
14585
14590
14595
14600
14605
14610
14615
14620
14625
14629
14635
14639
14645
14649
14655
14660
14665
14670
14674
14680
14684
14690
14694
14700
14705
14709
14715
14719
14725
14730
14735
14740
14745
14750
14755
14760
14765
14770
14775
14780
14785
14790
14795
14800
14804
14809
14814
14819
14823
14828
14833
14838
14842
14847
14852
14857
14861
14866
14871
14876
14880
14885
14890
14895
14900
14905
14910
14915
14920
14925
14930
14935
14940
14945
14950
14955
14960
14965
14970
14975
14980
14985
14990
14995
15000
15005
15010
15015
15020
15025
15030
15035
15040
15045
15050
15055
15060
15065
15070
15075
15080
15084
15090
15094
15100
15104
15109
15114
15119
15123
15128
15133
15138
15142
15147
15152
15157
15161
15166
15171
15176
15180
15185
15190
15195
15200
15204
15209
15214
15219
15223
15228
15233
15238
15242
15247
15252
15257
15261
15266
15271
15276
15280
15285
15290
15295
15300
15304
15309
15314
15319
15323
15328
15333
15338
15342
15347
15352
15357
15361
15366
15371
15376
15380
15385
15390
15395
15400
15405
15410
15415
15420
15425
15430
15435
15440
15445
15450
15455
15460
15465
15470
15475
15480
15485
15490
15495
15500
15504
15509
15514
15519
15523
15528
15533
15538
15542
15547
15552
15557
15561
15566
15571
15576
15580
15585
15590
15595
15600
15604
15609
15614
15619
15623
15628
15633
15638
15642
15647
15652
15657
15661
15666
15671
15676
15680
15685
15690
15695
15700
15705
15709
15715
15719
15725
15730
15735
15740
15745
15750
15755
15760
15765
15770
15775
15780
15785
15790
15795
15800
15804
15809
15814
15819
15823
15828
15833
15838
15842
15847
15852
15857
15861
15866
15871
15876
15880
15885
15890
15895
15900
15904
15909
15914
15919
15923
15928
15933
15938
15942
15947
15952
15957
15961
15966
15971
15976
15980
15985
15990
15995
16000
16004
16009
16014
16019
16023
16028
16033
16038
16042
16047
16052
16057
16061
16066
16071
16076
16080
16085
16090
16095
16100
16104
16109
16114
16119
16123
16128
16133
16138
16142
16147
16152
16157
16161
16166
16171
16176
16180
16185
16190
16195
16200
16204
16209
16214
16219
16223
16228
16233
16238
16242
16247
16252
16257
16261
16266
16271
16276
16280
16285
16290
16295
16300
16304
16309
16314
16319
16323
16328
16333
16338
16342
16347
16352
16357
16361
16366
16371
16376
16380
16385
16390
16395
16400
16404
16409
16414
16419
16423
16428
16433
16438
16442
16447
16452
16457
16461
16466
16471
16476
16480
16485
16490
16495
16500
16504
16509
16513
16518
16522
16527
16531
16536
16540
16545
16550
16554
16559
16563
16568
16572
16577
16581
16586
16590
16595
16600
16604
16609
16614
16619
16623
16628
16633
16638
16642
16647
16652
16657
16661
16666
16671
16676
16680
16685
16690
16695
16700
16704
16709
16714
16719
16723
16728
16733
16738
16742
16747
16752
16757
16761
16766
16771
16776
16780
16785
16790
16795
16800
16804
16809
16814
16819
16823
16828
16833
16838
16842
16847
16852
16857
16861
16866
16871
16876
16880
16885
16890
16895
16900
16904
16909
16914
16919
16923
16928
16933
16938
16942
16947
16952
16957
16961
16966
16971
16976
16980
16985
16990
16995
17000
17004
17008
17013
17017
17021
17026
17030
17034
17039
17043
17047
17052
17056
17060
17065
17069
17073
17078
17082
17086
17091
17095
17100
17104
17109
17113
17118
17122
17127
17131
17136
17140
17145
17150
17154
17159
17163
17168
17172
17177
17181
17186
17190
17195
17200
17204
17208
17213
17217
17221
17226
17230
17234
17239
17243
17247
17252
17256
17260
17265
17269
17273
17278
17282
17286
17291
17295
17300
17304
17308
17313
17317
17321
17326
17330
17334
17339
17343
17347
17352
17356
17360
17365
17369
17373
17378
17382
17386
17391
17395
17400
17404
17409
17413
17418
17422
17427
17431
17436
17440
17445
17450
17454
17459
17463
17468
17472
17477
17481
17486
17490
17495
17500
17504
17508
17513
17517
17521
17526
17530
17534
17539
17543
17547
17552
17556
17560
17565
17569
17573
17578
17582
17586
17591
17595
17600
17604
17609
17613
17618
17622
17627
17631
17636
17640
17645
17650
17654
17659
17663
17668
17672
17677
17681
17686
17690
17695
17700
17704
17708
17713
17717
17721
17726
17730
17734
17739
17743
17747
17752
17756
17760
17765
17769
17773
17778
17782
17786
17791
17795
17800
17804
17808
17813
17817
17821
17826
17830
17834
17839
17843
17847
17852
17856
17860
17865
17869
17873
17878
17882
17886
17891
17895
17900
17904
17909
17913
17918
17922
17927
17931
17936
17940
17945
17950
17954
17959
17963
17968
17972
17977
17981
17986
17990
17995
18000
18004
18009
18013
18018
18022
18027
18031
18036
18040
18045
18050
18054
18059
18063
18068
18072
18077
18081
18086
18090
18095
18100
18104
18109
18114
18119
18123
18128
18133
18138
18142
18147
18152
18157
18161
18166
18171
18176
18180
18185
18190
18195
18200
18204
18209
18214
18219
18223
18228
18233
18238
18242
18247
18252
18257
18261
18266
18271
18276
18280
18285
18290
18295
18300
18304
18309
18314
18319
18323
18328
18333
18338
18342
18347
18352
18357
18361
18366
18371
18376
18380
18385
18390
18395
18400
18404
18409
18413
18418
18422
18427
18431
18436
18440
18445
18450
18454
18459
18463
18468
18472
18477
18481
18486
18490
18495
18500
18504
18509
18514
18519
18523
18528
18533
18538
18542
18547
18552
18557
18561
18566
18571
18576
18580
18585
18590
18595
18600
18604
18609
18614
18619
18623
18628
18633
18638
18642
18647
18652
18657
18661
18666
18671
18676
18680
18685
18690
18695
18700
18704
18709
18713
18718
18722
18727
18731
18736
18740
18745
18750
18754
18759
18763
18768
18772
18777
18781
18786
18790
18795
18800
18804
18809
18814
18819
18823
18828
18833
18838
18842
18847
18852
18857
18861
18866
18871
18876
18880
18885
18890
18895
18900
18904
18909
18914
18919
18923
18928
18933
18938
18942
18947
18952
18957
18961
18966
18971
18976
18980
18985
18990
18995
19000
19004
19009
19014
19019
19023
19028
19033
19038
19042
19047
19052
19057
19061
19066
19071
19076
19080
19085
19090
19095
19100
19104
19109
19114
19119
19123
19128
19133
19138
19142
19147
19152
19157
19161
19166
19171
19176
19180
19185
19190
19195
19200
19204
19209
19214
19219
19223
19228
19233
19238
19242
19247
19252
19257
19261
19266
19271
19276
19280
19285
19290
19295
19300
19304
19309
19314
19319
19323
19328
19333
19338
19342
19347
19352
19357
19361
19366
19371
19376
19380
19385
19390
19395
19400
19404
19409
19414
19419
19423
19428
19433
19438
19442
19447
19452
19457
19461
19466
19471
19476
19480
19485
19490
19495
19500
19504
19509
19514
19519
19523
19528
19533
19538
19542
19547
19552
19557
19561
19566
19571
19576
19580
19585
19590
19595
19600
19604
19609
19614
19619
19623
19628
19633
19638
19642
19647
19652
19657
19661
19666
19671
19676
19680
19685
19690
19695
19700
19704
19709
19714
19719
19723
19728
19733
19738
19742
19747
19752
19757
19761
19766
19771
19776
19780
19785
19790
19795
19800
19804
19809
19814
19819
19823
19828
19833
19838
19842
19847
19852
19857
19861
19866
19871
19876
19880
19885
19890
19895
19900
19904
19909
19914
19919
19923
19928
19933
19938
19942
19947
19952
19957
19961
19966
19971
19976
19980
19985
19990
19995
20000
20004
20009
20014
20019
20023
20028
20033
20038
20042
20047
20052
20057
20061
20066
20071
20076
20080
20085
20090
20095
20100
20104
20109
20114
20119
20123
20128
20133
20138
20142
20147
20152
20157
20161
20166
20171
20176
20180
20185
20190
20195
20200
20204
20209
20214
20219
20223
20228
20233
20238
20242
20247
20252
20257
20261
20266
20271
20276
20280
20285
20290
20295
20300
20304
20309
20314
20319
20323
20328
20333
20338
20342
20347
20352
20357
20361
20366
20371
20376
20380
20385
20390
20395
20400
20404
20409
20414
20419
20423
20428
20433
20438
20442
20447
20452
20457
20461
20466
20471
20476
20480
20485
20490
20495
20500
20504
20509
20514
20519
20523
20528
20533
20538
20542
20547
20552
20557
20561
20566
20571
20576
20580
20585
20590
20595
20600
20604
20609
20614
20619
20623
20628
20633
20638
20642
20647
20652
20657
20661
20666
20671
20676
20680
20685
20690
20695
20700
20705
20710
20715
20720
20725
20730
20735
20740
20745
20750
20755
20760
20765
20770
20775
20780
20785
20790
20795
20800
20804
20809
20814
20819
20823
20828
20833
20838
20842
20847
20852
20857
20861
20866
20871
20876
20880
20885
20890
20895
20900
20904
20909
20914
20919
20923
20928
20933
20938
20942
20947
20952
20957
20961
20966
20971
20976
20980
20985
20990
20995
21000
21014
21028
21042
21057
21071
21085
21100
21114
21128
21142
21157
21171
21185
21200
21214
21228
21242
21257
21271
21285
21300
21312
21325
21337
21350
21362
21375
21387
21400
21414
21428
21442
21457
21471
21485
21500
21514
21528
21542
21557
21571
21585
21600
21614
21628
21642
21657
21671
21685
21700
21714
21728
21742
21757
21771
21785
21800
21814
21828
21842
21857
21871
21885
21900
21914
21928
21942
21957
21971
21985
22000
22012
22025
22037
22050
22062
22075
22087
22100
22111
22122
22133
22144
22155
22166
22177
22188
22200
22211
22222
22233
22244
22255
22266
22277
22288
22300
22312
22325
22337
22350
22362
22375
22387
22400
22411
22422
22433
22444
22455
22466
22477
22488
22500
22511
22522
22533
22544
22555
22566
22577
22588
22600
22612
22625
22637
22650
22662
22675
22687
22700
22711
22722
22733
22744
22755
22766
22777
22788
22800
22811
22822
22833
22844
22855
22866
22877
22888
22900
22912
22924
22937
22950
22962
22975
22987
23000
23004
23009
23014
23019
23023
23028
23033
23038
23042
23047
23052
23057
23061
23066
23071
23076
23080
23085
23090
23095
23100
23105
23110
23115
23120
23125
23130
23135
23140
23145
23150
23155
23160
23165
23170
23175
23180
23185
23189
23195
23200
23204
23209
23214
23219
23223
23228
23233
23238
23242
23247
23252
23257
23261
23266
23271
23276
23280
23285
23290
23295
23300
23305
23310
23315
23320
23325
23330
23335
23340
23345
23350
23355
23360
23365
23369
23375
23380
23384
23390
23395
23400
23404
23409
23414
23419
23423
23428
23433
23438
23442
23447
23452
23457
23461
23466
23471
23476
23480
23485
23490
23495
23500
23505
23510
23515
23520
23525
23530
23535
23540
23545
23550
23555
23560
23565
23570
23575
23580
23585
23590
23595
23600
23604
23609
23614
23619
23623
23628
23633
23638
23642
23647
23652
23657
23661
23666
23671
23676
23680
23685
23690
23695
23700
23705
23710
23715
23720
23725
23730
23735
23740
23745
23750
23755
23760
23765
23770
23775
23780
23785
23790
23795
23800
23804
23809
23814
23819
23823
23828
23833
23838
23842
23847
23852
23857
23861
23866
23871
23876
23880
23885
23890
23895
23900
23904
23910
23915
23919
23924
23930
23935
23939
23945
23950
23955
23960
23965
23970
23975
23980
23985
23990
23995
24000
24004
24009
24013
24018
24022
24027
24031
24036
24040
24045
24050
24054
24059
24063
24068
24072
24077
24081
24086
24090
24095
24100
24104
24108
24113
24117
24121
24126
24130
24134
24139
24143
24147
24152
24156
24160
24165
24169
24173
24178
24182
24186
24191
24195
24200
24204
24209
24213
24218
24222
24227
24231
24236
24240
24245
24250
24254
24259
24263
24268
24272
24277
24281
24286
24290
24295
24300
24304
24309
24313
24318
24322
24327
24331
24336
24340
24345
24350
24354
24359
24363
24368
24372
24377
24381
24386
24390
24395
24400
24404
24409
24413
24418
24422
24427
24431
24436
24440
24445
24450
24454
24459
24463
24468
24472
24477
24481
24486
24490
24495
24500
24504
24509
24513
24518
24522
24527
24531
24536
24540
24545
24550
24554
24559
24563
24568
24572
24577
24581
24586
24590
24595
24600
24604
24608
24613
24617
24621
24626
24630
24634
24639
24643
24647
24652
24656
24660
24665
24669
24673
24678
24682
24686
24691
24695
24700
24704
24709
24713
24718
24722
24727
24731
24736
24740
24745
24750
24754
24759
24763
24768
24772
24777
24781
24786
24790
24795
24800
24804
24809
24813
24818
24822
24827
24831
24836
24840
24845
24850
24854
24859
24863
24868
24872
24877
24881
24886
24890
24895
24900
24904
24909
24913
24918
24922
24927
24931
24936
24940
24945
24950
24954
24959
24963
24968
24972
24977
24981
24986
24990
24995
25000
25004
25008
25013
25017
25021
25026
25030
25034
25039
25043
25047
25052
25056
25060
25065
25069
25073
25078
25082
25086
25091
25095
25100
25104
25108
25113
25117
25121
25126
25130
25134
25139
25143
25147
25152
25156
25160
25165
25169
25173
25178
25182
25186
25191
25195
25200
25204
25209
25213
25218
25222
25227
25231
25236
25240
25245
25250
25254
25259
25263
25268
25272
25277
25281
25286
25290
25295
25300
25304
25308
25313
25317
25321
25326
25330
25334
25339
25343
25347
25352
25356
25360
25365
25369
25373
25378
25382
25386
25391
25395
25400
25404
25408
25413
25417
25421
25426
25430
25434
25439
25443
25447
25452
25456
25460
25465
25469
25473
25478
25482
25486
25491
25495
25500
25504
25509
25513
25518
25522
25527
25531
25536
25540
25545
25550
25554
25559
25563
25568
25572
25577
25581
25586
25590
25595
25600
25604
25608
25613
25617
25621
25626
25630
25634
25639
25643
25647
25652
25656
25660
25665
25669
25673
25678
25682
25686
25691
25695
25700
25704
25708
25713
25717
25721
25726
25730
25734
25739
25743
25747
25752
25756
25760
25765
25769
25773
25778
25782
25786
25791
25795
25800
25804
25808
25813
25817
25821
25826
25830
25834
25839
25843
25847
25852
25856
25860
25865
25869
25873
25878
25882
25886
25891
25895
25900
25904
25909
25913
25918
25922
25927
25931
25936
25940
25945
25950
25954
25959
25963
25968
25972
25977
25981
25986
25990
25995
26000
26004
26008
26013
26017
26021
26026
26030
26034
26039
26043
26047
26052
26056
26060
26065
26069
26073
26078
26082
26086
26091
26095
26100
26104
26109
26113
26118
26122
26127
26131
26136
26140
26145
26150
26154
26159
26163
26168
26172
26177
26181
26186
26190
26195
26200
26204
26209
26213
26218
26222
26227
26231
26236
26240
26245
26250
26254
26259
26263
26268
26272
26277
26281
26286
26290
26295
26300
26304
26309
26313
26318
26322
26327
26331
26336
26340
26345
26350
26354
26359
26363
26368
26372
26377
26381
26386
26390
26395
26400
26404
26408
26413
26417
26421
26426
26430
26434
26439
26443
26447
26452
26456
26460
26465
26469
26473
26478
26482
26486
26491
26495
26500
26504
26509
26513
26518
26522
26527
26531
26536
26540
26545
26550
26554
26559
26563
26568
26572
26577
26581
26586
26590
26595
26600
26604
26609
26613
26618
26622
26627
26631
26636
26640
26645
26650
26654
26659
26663
26668
26672
26677
26681
26686
26690
26695
26700
26704
26709
26713
26718
26722
26727
26731
26736
26740
26745
26750
26754
26759
26763
26768
26772
26777
26781
26786
26790
26795
26800
26804
26808
26813
26817
26821
26826
26830
26834
26839
26843
26847
26852
26856
26860
26865
26869
26873
26878
26882
26886
26891
26895
26900
26904
26909
26913
26918
26922
26927
26931
26936
26940
26945
26950
26954
26959
26963
26968
26972
26977
26981
26986
26990
26995
27000
27004
27008
27013
27017
27021
27026
27030
27034
27039
27043
27047
27052
27056
27060
27065
27069
27073
27078
27082
27086
27091
27095
27100
27104
27108
27113
27117
27121
27126
27130
27134
27139
27143
27147
27152
27156
27160
27165
27169
27173
27178
27182
27186
27191
27195
27200
27204
27208
27213
27217
27221
27226
27230
27234
27239
27243
27247
27252
27256
27260
27265
27269
27273
27278
27282
27286
27291
27295
27300
27304
27309
27313
27318
27322
27327
27331
27336
27340
27345
27350
27354
27359
27363
27368
27372
27377
27381
27386
27390
27395
27400
27404
27408
27413
27417
27421
27426
27430
27434
27439
27443
27447
27452
27456
27460
27465
27469
27473
27478
27482
27486
27491
27495
27500
27504
27508
27513
27517
27521
27526
27530
27534
27539
27543
27547
27552
27556
27560
27565
27569
27573
27578
27582
27586
27591
27595
27600
27604
27608
27613
27617
27621
27626
27630
27634
27639
27643
27647
27652
27656
27660
27665
27669
27673
27678
27682
27686
27691
27695
27700
27704
27708
27713
27717
27721
27726
27730
27734
27739
27743
27747
27752
27756
27760
27765
27769
27773
27778
27782
27786
27791
27795
27800
27804
27808
27813
27817
27821
27826
27830
27834
27839
27843
27847
27852
27856
27860
27865
27869
27873
27878
27882
27886
27891
27895
27900
27904
27908
27913
27917
27921
27926
27930
27934
27939
27943
27947
27952
27956
27960
27965
27969
27973
27978
27982
27986
27991
27995
28000
28004
28008
28012
28016
28020
28025
28029
28033
28037
28041
28045
28050
28054
28058
28062
28066
28070
28075
28079
28083
28087
28091
28095
28100
28104
28108
28112
28116
28120
28124
28128
28132
28136
28140
28144
28148
28152
28156
28160
28164
28168
28172
28176
28180
28184
28188
28192
28195
28200
28204
28208
28212
28216
28220
28225
28229
28233
28237
28241
28245
28250
28254
28258
28262
28266
28270
28275
28279
28283
28287
28291
28295
28300
28304
28308
28312
28316
28320
28325
28329
28333
28337
28341
28345
28350
28354
28358
28362
28366
28370
28375
28379
28383
28387
28391
28395
28400
28404
28407
28412
28416
28419
28424
28427
28432
28436
28439
28444
28448
28452
28456
28460
28464
28468
28472
28476
28480
28484
28488
28492
28496
28500
28504
28508
28512
28516
28520
28525
28529
28533
28537
28541
28545
28550
28554
28558
28562
28566
28570
28575
28579
28583
28587
28591
28595
28600
28604
28608
28612
28616
28620
28624
28628
28632
28636
28640
28644
28648
28652
28656
28660
28664
28668
28672
28676
28680
28684
28688
28692
28695
28700
28704
28708
28712
28716
28720
28725
28729
28733
28737
28741
28745
28750
28754
28758
28762
28766
28770
28775
28779
28783
28787
28791
28795
28800
28804
28808
28812
28816
28820
28824
28828
28832
28836
28840
28844
28848
28852
28855
28860
28864
28868
28872
28875
28880
28884
28887
28892
28895
28900
28904
28908
28912
28916
28920
28924
28929
28933
28937
28941
28945
28950
28954
28958
28962
28966
28970
28975
28979
28983
28987
28991
28995
29000
29004
29008
29013
29017
29021
29026
29030
29034
29039
29043
29047
29052
29056
29060
29065
29069
29073
29078
29082
29086
29091
29095
29100
29104
29109
29113
29118
29122
29127
29131
29136
29140
29145
29150
29154
29159
29163
29168
29172
29177
29181
29186
29190
29195
29200
29204
29208
29213
29217
29221
29226
29230
29234
29239
29243
29247
29252
29256
29260
29265
29269
29273
29278
29282
29286
29291
29295
29300
29304
29309
29313
29318
29322
29327
29331
29336
29340
29345
29350
29354
29359
29363
29368
29372
29377
29381
29386
29390
29395
29400
29404
29408
29413
29417
29421
29426
29430
29434
29439
29443
29447
29452
29456
29460
29465
29469
29473
29478
29482
29486
29491
29495
29500
29504
29508
29513
29517
29521
29526
29530
29534
29539
29543
29547
29552
29556
29560
29565
29569
29573
29578
29582
29586
29591
29595
29600
29604
29609
29613
29618
29622
29627
29631
29636
29640
29645
29650
29654
29659
29663
29668
29672
29677
29681
29686
29690
29695
29700
29704
29708
29713
29717
29721
29726
29730
29734
29739
29743
29747
29752
29756
29760
29765
29769
29773
29778
29782
29786
29791
29795
29800
29804
29809
29813
29818
29822
29827
29831
29836
29840
29845
29850
29854
29859
29863
29868
29872
29877
29881
29886
29890
29895
29900
29904
29908
29913
29917
29921
29926
29930
29934
29939
29943
29947
29952
29956
29960
29965
29969
29973
29978
29982
29986
29991
29995
30000
