0.16 59684.0
0.27 87444.0
0.38 63848.0
0.49 54132.0
0.60 43028.0
0.70 56908.0
0.81 72176.0
0.91 74952.0
1.02 56908.0
1.13 41640.0
1.24 56908.0
1.35 73564.0
1.45 68012.0
1.56 74952.0
1.66 61072.0
1.77 79116.0
1.88 54132.0
1.99 33312.0
2.10 72176.0
2.20 58296.0
2.31 80504.0
2.41 80504.0
2.52 77728.0
2.63 73564.0
2.74 74952.0
2.85 80504.0
2.95 66624.0
3.06 81892.0
3.16 79116.0
3.27 55520.0
3.38 84668.0
3.49 77728.0
3.60 72176.0
3.70 55520.0
3.81 70788.0
3.91 68012.0
4.02 69400.0
4.13 70788.0
4.24 61072.0
4.35 59684.0
4.45 54132.0
4.56 51356.0
4.66 38864.0
4.77 66624.0
4.88 63848.0
4.99 63848.0
5.10 52744.0
5.20 36088.0
5.31 41640.0
5.41 55520.0
5.52 58296.0
5.63 44416.0
5.74 40252.0
5.85 43028.0
5.95 44416.0
6.06 31924.0
6.16 45804.0
6.27 41640.0
6.38 51356.0
6.49 52744.0
6.61 36088.0
6.71 43028.0
6.82 31924.0
6.92 22208.0
7.03 26372.0
7.13 29148.0
7.24 31924.0
7.35 33312.0
7.45 47192.0
7.56 40252.0
7.67 40252.0
7.78 44416.0
7.88 34700.0
7.99 38864.0
8.10 58296.0
8.20 47192.0
8.31 74952.0
8.41 48580.0
8.52 43028.0
8.63 54132.0
8.74 68012.0
8.86 65236.0
8.96 44416.0
9.07 40252.0
9.17 34700.0
9.28 36088.0
9.38 34700.0
9.49 31924.0
9.60 27760.0
9.70 22208.0
9.81 23596.0
9.91 31924.0
10.02 34700.0
10.13 51356.0
10.24 47192.0
10.35 51356.0
10.45 41640.0
10.56 30536.0
10.66 37476.0
10.77 52744.0
10.88 49968.0
10.99 54132.0
11.10 56908.0
11.20 41640.0
11.31 47192.0
11.41 34700.0
11.52 43028.0
11.63 36088.0
11.75 41640.0
11.87 59684.0
11.97 54132.0
12.08 49968.0
12.18 37476.0
12.29 38864.0
12.40 33312.0
12.52 31924.0
12.63 43028.0
12.74 44416.0
12.85 51356.0
12.95 45804.0
13.06 70788.0
13.16 52744.0
13.27 66624.0
13.38 66624.0
13.49 62460.0
13.60 51356.0
13.70 55520.0
13.81 59684.0
13.91 59684.0
14.02 41640.0
14.13 29148.0
14.24 20820.0
14.35 23596.0
14.45 34700.0
14.56 30536.0
14.66 31924.0
14.77 41640.0
14.88 43028.0
14.99 41640.0
15.10 44416.0
15.20 52744.0
15.31 47192.0
15.41 36088.0
15.52 43028.0
15.63 37476.0
15.74 36088.0
15.85 43028.0
15.95 31924.0
16.06 38864.0
16.16 38864.0
16.27 34700.0
16.39 43028.0
16.50 36088.0
16.61 40252.0
16.71 30536.0
16.82 37476.0
16.92 44416.0
17.03 41640.0
17.13 38864.0
17.24 37476.0
17.35 45804.0
17.45 37476.0
17.56 44416.0
17.67 61072.0
17.78 52744.0
17.88 40252.0
17.99 43028.0
18.10 44416.0
18.20 47192.0
18.31 54132.0
18.41 44416.0
18.53 47192.0
18.63 40252.0
18.74 34700.0
18.85 34700.0
18.95 44416.0
19.06 33312.0
19.16 34700.0
19.27 34700.0
19.38 40252.0
19.49 40252.0
19.60 52744.0
19.70 45804.0
19.81 52744.0
19.92 36088.0
20.04 24984.0
20.14 34700.0
20.25 20820.0
20.36 40252.0
20.46 27760.0
20.57 34700.0
20.67 33312.0
20.78 31924.0
20.89 29148.0
21.00 41640.0
21.11 37476.0
21.21 47192.0
21.32 38864.0
21.42 30536.0
21.53 29148.0
21.63 31924.0
21.74 37476.0
21.85 24984.0
21.95 13880.0
22.06 16656.0
22.16 20820.0
22.27 22208.0
22.38 20820.0
22.49 19432.0
22.60 18044.0
22.70 11104.0
22.81 33312.0
22.91 13880.0
23.02 15268.0
23.13 16656.0
23.24 30536.0
23.36 29148.0
23.46 36088.0
23.57 33312.0
23.67 41640.0
23.78 40252.0
23.88 40252.0
24.00 48580.0
24.11 44416.0
24.21 24984.0
24.32 33312.0
24.42 47192.0
24.53 45804.0
24.63 56908.0
24.74 47192.0
24.85 40252.0
24.95 47192.0
25.06 70788.0
25.16 55520.0
25.27 56908.0
25.38 65236.0
25.49 47192.0
25.60 41640.0
25.70 43028.0
25.81 62460.0
25.91 48580.0
26.03 27760.0
26.13 27760.0
26.24 26372.0
26.35 24984.0
26.45 22208.0
26.56 23596.0
26.66 20820.0
26.78 20820.0
26.88 27760.0
26.99 29148.0
27.10 34700.0
27.21 38864.0
27.32 51356.0
27.42 29148.0
27.53 29148.0
27.63 29148.0
27.75 40252.0
27.86 49968.0
27.96 31924.0
28.07 44416.0
28.17 41640.0
28.29 47192.0
28.39 38864.0
28.50 23596.0
28.61 27760.0
28.71 26372.0
28.82 51356.0
28.92 48580.0
29.03 58296.0
29.13 51356.0
29.24 51356.0
29.35 48580.0
29.45 38864.0
29.56 34700.0
29.66 37476.0
29.77 45804.0
29.88 24984.0
29.99 8328.0
30.10 18044.0
30.21 19432.0
30.34 13880.0
30.44 12492.0
30.55 16656.0
30.66 11104.0
30.78 13880.0
30.88 11104.0
31.00 4164.0
31.12 5552.0
31.22 6940.0
31.34 22208.0
31.45 8328.0
31.57 8328.0
31.68 8328.0
31.82 8328.0
31.92 6940.0
32.04 12492.0
32.14 13880.0
32.26 9716.0
32.37 13880.0
32.48 16656.0
32.59 27760.0
32.69 27760.0
32.81 16656.0
32.91 19432.0
33.03 31924.0
33.13 37476.0
33.24 47192.0
33.35 47192.0
33.45 31924.0
33.56 24984.0
33.66 18044.0
33.77 16656.0
33.88 20820.0
33.99 26372.0
34.10 18044.0
34.20 20820.0
34.31 18044.0
34.42 15268.0
34.53 15268.0
34.63 16656.0
34.74 16656.0
34.85 19432.0
34.95 13880.0
35.07 16656.0
35.17 27760.0
35.28 23596.0
35.38 16656.0
35.49 16656.0
35.60 13880.0
35.70 33312.0
35.82 22208.0
35.92 24984.0
36.03 24984.0
36.14 29148.0
36.25 37476.0
36.36 29148.0
36.46 40252.0
36.57 34700.0
36.67 40252.0
36.79 40252.0
36.89 37476.0
37.00 52744.0
37.11 45804.0
37.21 26372.0
37.32 31924.0
37.42 34700.0
37.53 33312.0
37.63 40252.0
37.74 44416.0
37.85 63848.0
37.95 45804.0
38.07 37476.0
38.17 37476.0
38.28 45804.0
38.38 49968.0
38.49 48580.0
38.60 47192.0
38.70 37476.0
38.81 41640.0
38.91 38864.0
39.02 33312.0
39.13 31924.0
39.24 41640.0
39.35 27760.0
39.45 24984.0
39.57 31924.0
39.67 43028.0
39.78 40252.0
39.89 23596.0
40.00 34700.0
40.11 26372.0
40.21 40252.0
40.32 29148.0
40.42 29148.0
40.53 37476.0
40.63 30536.0
40.74 45804.0
40.85 36088.0
40.95 33312.0
41.06 29148.0
41.16 26372.0
41.27 33312.0
41.38 22208.0
41.49 20820.0
41.60 31924.0
41.70 30536.0
41.81 41640.0
41.91 36088.0
42.02 38864.0
42.13 29148.0
42.24 36088.0
42.35 31924.0
42.45 33312.0
42.56 13880.0
42.67 13880.0
42.78 20820.0
42.88 20820.0
42.99 24984.0
43.10 18044.0
43.21 13880.0
43.32 15268.0
43.42 13880.0
43.53 18044.0
43.63 24984.0
43.74 26372.0
43.87 13880.0
43.97 20820.0
44.08 27760.0
44.20 15268.0
44.31 27760.0
44.41 20820.0
44.52 27760.0
44.64 19432.0
44.75 15268.0
44.86 13880.0
44.96 19432.0
45.07 20820.0
45.18 19432.0
45.29 23596.0
45.39 13880.0
45.50 13880.0
45.62 19432.0
45.74 15268.0
45.85 12492.0
45.95 13880.0
46.06 18044.0
46.16 12492.0
46.27 20820.0
46.38 18044.0
46.49 13880.0
46.60 13880.0
46.70 9716.0
46.81 15268.0
46.91 15268.0
47.03 18044.0
47.13 8328.0
47.24 16656.0
47.36 20820.0
47.46 16656.0
47.57 36088.0
47.67 29148.0
47.78 29148.0
47.88 27760.0
47.99 37476.0
48.10 48580.0
48.20 56908.0
48.31 58296.0
48.42 48580.0
48.53 48580.0
48.63 48580.0
48.74 58296.0
48.85 58296.0
48.95 58296.0
49.06 52744.0
49.16 37476.0
49.27 34700.0
49.38 62460.0
49.49 47192.0
49.60 49968.0
49.71 20820.0
49.82 20820.0
49.92 20820.0
50.03 31924.0
50.14 47192.0
50.25 41640.0
50.36 37476.0
50.46 41640.0
50.57 55520.0
50.67 49968.0
50.79 45804.0
50.89 59684.0
51.00 52744.0
51.11 43028.0
51.22 38864.0
51.33 34700.0
51.43 45804.0
51.54 31924.0
51.64 23596.0
51.76 43028.0
51.88 61072.0
51.99 41640.0
52.11 48580.0
52.21 43028.0
52.32 58296.0
52.42 36088.0
52.53 38864.0
52.63 33312.0
52.74 51356.0
52.85 55520.0
52.95 37476.0
53.06 54132.0
53.16 49968.0
53.27 29148.0
53.38 38864.0
53.49 44416.0
53.60 45804.0
53.71 41640.0
53.82 69400.0
53.92 20820.0
54.03 56908.0
54.13 36088.0
54.24 40252.0
54.35 18044.0
54.49 22208.0
54.60 49968.0
54.70 23596.0
54.81 31924.0
54.91 41640.0
55.02 66624.0
55.13 58296.0
55.24 65236.0
55.35 44416.0
55.45 41640.0
55.56 43028.0
55.66 41640.0
55.77 48580.0
55.88 49968.0
55.99 51356.0
56.10 41640.0
56.20 45804.0
56.31 43028.0
56.41 52744.0
56.52 59684.0
56.63 51356.0
56.74 47192.0
56.85 44416.0
56.95 38864.0
57.06 38864.0
57.16 30536.0
57.27 56908.0
57.38 49968.0
57.49 54132.0
57.60 56908.0
57.70 49968.0
57.81 65236.0
57.91 58296.0
58.02 69400.0
58.13 62460.0
58.24 61072.0
58.35 65236.0
58.45 63848.0
58.56 73564.0
58.66 70788.0
58.77 92996.0
58.88 70788.0
58.99 81892.0
59.10 72176.0
59.20 70788.0
59.31 70788.0
59.41 56908.0
59.52 59684.0
59.63 65236.0
59.74 72176.0
59.85 52744.0
59.95 63848.0
