0.16 38864.0
0.27 6940.0
0.37 47192.0
0.50 51356.0
0.60 54132.0
0.74 16656.0
0.84 38864.0
0.95 52744.0
1.05 36088.0
1.16 34700.0
1.27 48580.0
1.41 48580.0
1.52 72176.0
1.62 36088.0
1.76 22208.0
1.86 38864.0
2.05 40252.0
2.16 76340.0
2.29 43028.0
2.39 59684.0
2.53 52744.0
2.63 69400.0
2.76 9716.0
2.86 61072.0
2.97 59684.0
3.07 41640.0
3.18 55520.0
3.29 36088.0
3.39 54132.0
3.50 40252.0
3.60 38864.0
3.71 27760.0
3.82 27760.0
3.93 19432.0
4.05 34700.0
4.23 22208.0
4.33 37476.0
4.44 62460.0
4.55 40252.0
4.66 36088.0
4.77 44416.0
4.87 49968.0
4.98 45804.0
5.08 40252.0
5.19 41640.0
5.30 5552.0
5.41 66624.0
5.54 13880.0
5.64 62460.0
5.78 61072.0
5.88 54132.0
6.00 45804.0
6.10 59684.0
6.21 56908.0
6.31 41640.0
6.50 31924.0
6.60 69400.0
6.74 51356.0
6.84 49968.0
6.95 54132.0
7.05 24984.0
7.16 36088.0
7.27 40252.0
7.37 45804.0
7.58 41640.0
7.69 56908.0
7.80 56908.0
7.95 2776.0
8.06 34700.0
8.18 62460.0
8.32 55520.0
8.54 56908.0
8.64 48580.0
8.79 61072.0
8.92 62460.0
9.04 55520.0
9.14 45804.0
9.25 47192.0
9.35 38864.0
9.46 48580.0
9.64 24984.0
9.75 52744.0
9.89 52744.0
10.00 65236.0
10.24 48580.0
10.34 61072.0
10.48 51356.0
10.58 48580.0
10.69 40252.0
10.80 55520.0
10.96 16656.0
11.06 59684.0
11.20 19432.0
11.30 58296.0
11.41 65236.0
11.52 44416.0
11.63 43028.0
11.74 66624.0
11.84 34700.0
11.95 59684.0
12.06 38864.0
12.17 58296.0
12.41 49968.0
12.52 66624.0
12.64 43028.0
12.76 79116.0
12.89 41640.0
13.00 73564.0
13.14 49968.0
13.25 66624.0
13.38 51356.0
13.49 49968.0
13.63 15268.0
13.74 76340.0
13.87 44416.0
14.10 69400.0
14.21 72176.0
14.31 41640.0
14.42 48580.0
14.53 40252.0
14.63 37476.0
14.74 43028.0
14.94 40252.0
15.05 59684.0
15.18 47192.0
15.29 44416.0
15.39 22208.0
15.50 22208.0
15.61 36088.0
15.78 38864.0
15.88 49968.0
15.99 58296.0
16.09 31924.0
16.30 51356.0
16.41 40252.0
16.52 58296.0
16.62 36088.0
16.73 51356.0
16.85 51356.0
16.96 56908.0
17.09 51356.0
17.32 61072.0
17.43 54132.0
17.54 62460.0
17.64 38864.0
17.75 55520.0
17.92 19432.0
18.03 51356.0
18.13 55520.0
18.28 1388.0
18.38 63848.0
18.52 56908.0
18.62 54132.0
18.76 55520.0
18.86 68012.0
19.00 52744.0
19.15 66624.0
19.26 59684.0
19.38 11104.0
19.49 70788.0
19.59 43028.0
19.70 58296.0
19.86 6940.0
19.97 62460.0
20.07 47192.0
20.23 63848.0
20.33 59684.0
20.46 54132.0
20.56 62460.0
20.70 5552.0
20.80 55520.0
20.94 70788.0
21.07 59684.0
21.18 58296.0
21.42 54132.0
21.53 59684.0
21.63 40252.0
21.74 36088.0
21.84 22208.0
21.95 26372.0
22.05 24984.0
22.16 26372.0
22.27 44416.0
22.37 41640.0
22.51 9716.0
22.62 69400.0
22.75 55520.0
22.85 44416.0
22.96 61072.0
23.06 43028.0
23.17 49968.0
23.34 20820.0
23.45 55520.0
23.55 40252.0
23.66 52744.0
23.77 49968.0
23.87 41640.0
24.06 33312.0
24.17 43028.0
24.28 37476.0
24.38 44416.0
24.56 24984.0
24.67 69400.0
24.80 48580.0
24.91 44416.0
25.02 26372.0
25.12 36088.0
25.23 48580.0
25.33 43028.0
25.52 34700.0
25.62 59684.0
25.76 20820.0
25.86 59684.0
26.01 62460.0
26.11 54132.0
26.25 59684.0
26.36 61072.0
26.47 48580.0
26.61 47192.0
26.72 47192.0
26.83 29148.0
26.94 29148.0
27.06 31924.0
27.17 38864.0
27.28 33312.0
27.38 29148.0
27.49 26372.0
27.59 36088.0
27.70 44416.0
27.81 1388.0
27.92 41640.0
28.03 33312.0
28.13 23596.0
28.24 44416.0
28.34 38864.0
28.45 47192.0
28.55 43028.0
28.66 45804.0
28.77 62460.0
28.88 55520.0
29.01 51356.0
29.11 76340.0
29.24 4164.0
29.36 80504.0
29.48 52744.0
29.60 73564.0
29.75 54132.0
29.85 45804.0
29.96 36088.0
30.06 37476.0
30.18 56908.0
30.29 31924.0
30.39 43028.0
30.51 66624.0
30.61 37476.0
30.72 26372.0
30.82 27760.0
30.94 31924.0
31.05 58296.0
31.31 52744.0
31.42 72176.0
31.54 33312.0
31.64 68012.0
31.79 56908.0
31.89 68012.0
32.15 43028.0
32.26 80504.0
32.56 38864.0
32.68 80504.0
32.80 48580.0
32.92 79116.0
33.05 44416.0
33.16 58296.0
33.29 44416.0
33.39 63848.0
33.52 54132.0
33.62 59684.0
33.88 8328.0
34.01 80504.0
34.12 47192.0
34.24 80504.0
34.36 45804.0
34.49 79116.0
34.60 43028.0
34.71 62460.0
34.84 18044.0
34.95 79116.0
35.09 1388.0
35.22 79116.0
35.34 62460.0
35.46 65236.0
35.58 66624.0
35.70 65236.0
35.82 68012.0
35.94 63848.0
36.06 66624.0
36.18 49968.0
36.42 73564.0
36.53 74952.0
36.63 52744.0
36.74 58296.0
36.84 31924.0
36.95 59684.0
37.05 41640.0
37.26 43028.0
37.36 54132.0
37.47 63848.0
37.62 58296.0
37.73 69400.0
37.98 51356.0
38.08 63848.0
38.23 56908.0
38.33 61072.0
38.58 51356.0
38.69 74952.0
38.82 55520.0
38.94 66624.0
39.06 56908.0
39.30 61072.0
39.41 73564.0
39.54 48580.0
39.66 80504.0
39.78 47192.0
39.90 80504.0
40.03 48580.0
40.14 63848.0
40.26 15268.0
40.39 80504.0
40.64 43028.0
40.76 79116.0
40.88 45804.0
41.01 76340.0
41.12 54132.0
41.24 68012.0
41.36 49968.0
41.48 68012.0
41.73 56908.0
41.83 73564.0
41.96 41640.0
42.06 59684.0
42.21 18044.0
42.31 70788.0
42.44 58296.0
42.56 55520.0
42.67 70788.0
42.78 54132.0
42.88 34700.0
43.04 26372.0
43.14 34700.0
43.29 66624.0
43.40 48580.0
43.51 55520.0
43.65 9716.0
43.76 62460.0
43.88 16656.0
44.00 80504.0
44.12 49968.0
44.24 79116.0
44.37 40252.0
44.48 72176.0
44.76 31924.0
44.86 72176.0
44.98 51356.0
45.08 58296.0
45.22 61072.0
45.32 59684.0
45.46 52744.0
45.58 73564.0
45.72 55520.0
45.82 44416.0
45.93 56908.0
46.04 44416.0
46.20 26372.0
46.30 63848.0
46.44 56908.0
46.55 56908.0
46.69 23596.0
46.80 79116.0
46.92 41640.0
47.03 63848.0
47.14 47192.0
47.25 43028.0
47.35 55520.0
47.64 11104.0
47.75 61072.0
47.91 61072.0
48.02 77728.0
48.14 38864.0
48.26 80504.0
48.38 51356.0
48.50 70788.0
48.62 48580.0
48.87 72176.0
48.98 70788.0
49.11 56908.0
49.22 61072.0
49.34 55520.0
49.70 70788.0
49.80 70788.0
49.96 65236.0
50.08 74952.0
50.20 54132.0
50.32 74952.0
50.56 54132.0
50.69 80504.0
50.80 45804.0
50.92 70788.0
51.03 52744.0
51.13 54132.0
51.24 44416.0
51.35 18044.0
51.47 11104.0
51.58 23596.0
51.69 44416.0
51.80 38864.0
51.91 41640.0
52.02 40252.0
52.13 41640.0
52.24 43028.0
52.34 31924.0
52.54 5552.0
52.64 47192.0
52.75 44416.0
52.85 38864.0
52.96 66624.0
53.06 27760.0
53.17 74952.0
53.28 34700.0
53.38 51356.0
53.52 54132.0
53.62 49968.0
53.76 20820.0
53.86 41640.0
53.97 56908.0
54.07 44416.0
54.18 65236.0
54.38 23596.0
54.49 65236.0
54.59 47192.0
54.70 59684.0
54.80 47192.0
54.91 45804.0
55.02 51356.0
55.12 38864.0
55.23 37476.0
55.34 30536.0
55.48 31924.0
55.58 38864.0
55.69 45804.0
55.80 29148.0
55.93 34700.0
56.04 37476.0
56.20 36088.0
56.30 55520.0
56.56 56908.0
56.67 69400.0
56.80 47192.0
56.92 79116.0
57.16 47192.0
57.28 80504.0
57.40 54132.0
57.52 52744.0
57.64 59684.0
57.88 55520.0
58.00 68012.0
58.12 12492.0
58.23 72176.0
58.39 52744.0
58.50 51356.0
58.63 56908.0
58.74 72176.0
59.05 34700.0
59.16 52744.0
59.27 44416.0
59.41 61072.0
59.52 40252.0
59.62 52744.0
59.76 54132.0
59.88 77728.0
