0.12 16656.0
0.23 20820.0
0.35 13880.0
0.46 15268.0
0.57 12492.0
0.67 19432.0
0.79 20820.0
0.89 19432.0
1.00 16656.0
1.11 18044.0
1.22 26372.0
1.33 31924.0
1.44 18044.0
1.55 4164.0
1.65 22208.0
1.76 27760.0
1.88 11104.0
1.99 16656.0
2.12 12492.0
2.23 8328.0
2.34 4164.0
2.44 11104.0
2.60 11104.0
2.70 4164.0
2.87 16656.0
2.99 6940.0
3.10 6940.0
3.20 11104.0
3.31 9716.0
3.42 20820.0
3.54 20820.0
3.65 15268.0
3.76 31924.0
3.86 19432.0
3.97 19432.0
4.10 20820.0
4.20 22208.0
4.31 13880.0
4.41 31924.0
4.52 38864.0
4.63 22208.0
4.74 31924.0
4.85 31924.0
4.95 26372.0
5.07 23596.0
5.18 29148.0
5.29 18044.0
5.39 18044.0
5.51 22208.0
5.61 20820.0
5.72 27760.0
5.83 30536.0
5.93 20820.0
6.04 23596.0
6.14 20820.0
6.25 26372.0
6.36 26372.0
6.47 23596.0
6.58 23596.0
6.68 16656.0
6.80 18044.0
6.91 9716.0
7.02 5552.0
7.15 6940.0
7.32 5552.0
7.42 5552.0
7.53 6940.0
7.65 8328.0
7.77 11104.0
7.87 13880.0
7.98 11104.0
8.09 15268.0
8.20 15268.0
8.31 24984.0
8.41 27760.0
8.52 26372.0
8.62 22208.0
8.73 11104.0
8.84 27760.0
8.94 20820.0
9.07 30536.0
9.18 16656.0
9.29 31924.0
9.39 56908.0
9.50 36088.0
9.61 41640.0
9.74 56908.0
9.85 51356.0
9.95 43028.0
10.07 34700.0
10.17 41640.0
10.28 34700.0
10.38 27760.0
10.49 44416.0
10.60 13880.0
10.70 65236.0
10.83 44416.0
10.93 44416.0
11.06 34700.0
11.16 51356.0
11.27 56908.0
11.37 41640.0
11.48 49968.0
11.59 44416.0
11.69 54132.0
11.80 40252.0
11.90 49968.0
12.02 5552.0
12.13 44416.0
12.24 47192.0
12.35 48580.0
12.45 44416.0
12.77 30536.0
12.87 54132.0
12.98 52744.0
13.10 40252.0
13.20 43028.0
13.31 36088.0
13.41 44416.0
13.62 41640.0
13.73 48580.0
13.85 47192.0
13.95 45804.0
14.06 55520.0
14.16 23596.0
14.27 20820.0
14.37 13880.0
14.49 16656.0
14.60 19432.0
14.71 22208.0
14.83 23596.0
14.93 26372.0
15.08 19432.0
15.18 22208.0
15.29 27760.0
15.39 26372.0
15.51 15268.0
15.61 18044.0
15.72 20820.0
15.83 54132.0
15.93 12492.0
16.04 33312.0
16.14 20820.0
16.25 22208.0
16.37 16656.0
16.48 29148.0
16.59 36088.0
16.69 9716.0
16.80 26372.0
16.90 31924.0
17.06 37476.0
17.16 29148.0
17.27 34700.0
17.37 41640.0
17.54 29148.0
17.64 41640.0
17.75 49968.0
17.94 30536.0
18.05 56908.0
18.15 40252.0
18.26 54132.0
18.36 37476.0
18.47 29148.0
18.58 33312.0
18.68 36088.0
18.79 44416.0
18.89 31924.0
19.01 47192.0
19.11 48580.0
19.38 13880.0
19.49 55520.0
19.60 61072.0
19.70 54132.0
19.81 37476.0
19.91 55520.0
20.02 33312.0
20.12 44416.0
20.23 48580.0
20.34 48580.0
20.44 33312.0
20.55 45804.0
20.72 24984.0
20.83 68012.0
21.10 45804.0
21.20 61072.0
21.34 49968.0
21.44 51356.0
21.55 31924.0
21.65 55520.0
21.76 58296.0
21.86 30536.0
21.97 54132.0
22.08 41640.0
22.18 47192.0
22.42 48580.0
22.53 58296.0
22.63 43028.0
22.74 36088.0
22.90 29148.0
23.01 38864.0
23.14 41640.0
23.25 58296.0
23.37 45804.0
23.48 31924.0
23.60 31924.0
23.74 36088.0
23.85 55520.0
23.95 43028.0
24.06 45804.0
24.17 49968.0
24.28 33312.0
24.38 38864.0
24.49 29148.0
24.60 24984.0
24.70 41640.0
24.81 48580.0
24.91 41640.0
25.06 56908.0
25.16 19432.0
25.27 47192.0
25.37 44416.0
25.48 49968.0
25.59 47192.0
25.69 41640.0
25.80 29148.0
25.90 34700.0
26.01 41640.0
26.15 16656.0
26.26 40252.0
26.38 40252.0
26.49 40252.0
26.60 48580.0
26.70 37476.0
26.81 45804.0
26.91 44416.0
27.12 37476.0
27.23 56908.0
27.34 56908.0
27.44 52744.0
27.55 54132.0
27.66 38864.0
27.77 65236.0
27.87 31924.0
27.98 43028.0
28.21 51356.0
28.32 55520.0
28.44 55520.0
28.55 51356.0
28.65 51356.0
28.76 40252.0
28.93 23596.0
29.04 68012.0
29.16 47192.0
29.27 69400.0
29.41 44416.0
29.52 44416.0
29.62 47192.0
29.76 11104.0
29.87 37476.0
29.98 45804.0
30.09 40252.0
30.19 51356.0
30.30 43028.0
30.48 33312.0
30.59 38864.0
30.69 37476.0
30.80 51356.0
30.90 36088.0
31.01 58296.0
31.11 31924.0
31.22 52744.0
31.33 22208.0
31.44 26372.0
31.55 61072.0
31.68 19432.0
31.79 63848.0
31.90 52744.0
32.02 45804.0
32.12 47192.0
32.23 44416.0
32.34 55520.0
32.44 41640.0
32.56 40252.0
32.66 47192.0
32.90 5552.0
33.01 23596.0
33.11 47192.0
33.24 54132.0
33.35 56908.0
33.45 49968.0
33.56 48580.0
33.66 44416.0
33.77 47192.0
33.87 45804.0
33.98 38864.0
34.09 1388.0
34.19 33312.0
34.30 48580.0
34.40 51356.0
34.51 33312.0
34.61 56908.0
34.72 47192.0
34.84 49968.0
35.04 41640.0
35.14 61072.0
35.28 62460.0
35.38 63848.0
35.49 49968.0
35.61 45804.0
35.76 13880.0
35.86 49968.0
35.97 45804.0
36.12 19432.0
36.24 36088.0
36.49 59684.0
36.60 59684.0
36.75 48580.0
36.86 61072.0
36.98 47192.0
37.09 51356.0
37.20 51356.0
37.31 38864.0
37.41 58296.0
37.52 38864.0
37.62 51356.0
37.73 41640.0
37.84 45804.0
37.94 9716.0
38.05 62460.0
38.20 18044.0
38.31 65236.0
38.44 49968.0
38.55 51356.0
38.68 52744.0
38.79 58296.0
38.91 47192.0
39.02 51356.0
39.17 20820.0
39.28 55520.0
39.41 49968.0
39.52 56908.0
39.62 38864.0
39.73 40252.0
39.84 38864.0
40.00 31924.0
40.11 54132.0
40.25 52744.0
40.36 62460.0
40.47 29148.0
40.58 45804.0
40.68 43028.0
40.85 20820.0
40.95 70788.0
41.08 43028.0
41.18 56908.0
41.32 59684.0
41.42 49968.0
41.56 24984.0
41.66 45804.0
41.77 45804.0
41.95 34700.0
42.06 79116.0
42.16 40252.0
42.28 43028.0
42.45 29148.0
42.57 52744.0
42.67 43028.0
42.80 49968.0
42.90 47192.0
43.01 43028.0
43.11 40252.0
43.22 47192.0
43.33 56908.0
43.43 41640.0
43.65 45804.0
43.76 63848.0
43.88 41640.0
43.99 38864.0
44.12 34700.0
44.23 45804.0
44.34 55520.0
44.44 45804.0
44.55 52744.0
44.65 37476.0
44.89 61072.0
45.00 54132.0
45.13 47192.0
45.24 56908.0
45.35 47192.0
45.49 4164.0
45.60 66624.0
45.72 45804.0
45.83 52744.0
45.96 13880.0
46.07 54132.0
46.17 51356.0
46.32 61072.0
46.42 63848.0
46.56 61072.0
46.66 47192.0
46.77 56908.0
46.87 40252.0
46.98 44416.0
47.16 29148.0
47.27 51356.0
47.37 45804.0
47.49 43028.0
47.64 26372.0
47.75 72176.0
47.89 43028.0
48.00 63848.0
48.11 43028.0
48.22 47192.0
48.33 34700.0
48.43 27760.0
48.54 38864.0
48.64 20820.0
48.75 45804.0
48.86 49968.0
48.97 55520.0
49.11 4164.0
49.22 54132.0
49.35 59684.0
49.46 47192.0
49.57 58296.0
49.70 51356.0
49.81 29148.0
49.91 29148.0
50.02 38864.0
50.12 11104.0
50.23 38864.0
50.34 62460.0
50.44 37476.0
50.55 51356.0
50.65 38864.0
50.76 49968.0
50.86 40252.0
51.03 20820.0
51.13 52744.0
51.26 27760.0
51.36 40252.0
51.47 41640.0
51.58 44416.0
51.75 24984.0
51.86 47192.0
51.97 45804.0
52.08 45804.0
52.18 49968.0
52.29 49968.0
52.39 38864.0
52.50 38864.0
52.61 44416.0
52.72 48580.0
52.83 40252.0
52.93 43028.0
53.04 45804.0
53.18 19432.0
53.29 48580.0
53.39 15268.0
53.50 23596.0
53.62 24984.0
53.73 30536.0
53.84 34700.0
53.94 22208.0
54.05 34700.0
54.20 29148.0
54.31 26372.0
54.41 26372.0
54.52 34700.0
54.62 29148.0
54.73 58296.0
54.84 52744.0
55.00 15268.0
55.11 51356.0
55.27 29148.0
55.37 38864.0
55.48 26372.0
55.59 58296.0
55.70 40252.0
55.81 47192.0
55.91 19432.0
56.02 44416.0
56.17 24984.0
56.28 55520.0
56.38 44416.0
56.53 55520.0
56.63 33312.0
56.76 26372.0
56.86 36088.0
56.97 38864.0
57.08 33312.0
57.18 41640.0
57.29 23596.0
57.39 29148.0
57.50 30536.0
57.62 29148.0
57.84 26372.0
57.94 44416.0
58.05 36088.0
58.15 22208.0
58.28 13880.0
58.38 13880.0
58.49 8328.0
58.60 22208.0
58.70 18044.0
58.81 23596.0
58.93 12492.0
59.04 13880.0
59.21 8328.0
59.35 8328.0
59.45 15268.0
59.57 18044.0
59.67 18044.0
59.78 22208.0
59.88 16656.0
59.99 43028.0
