0.22 56908.0
0.35 59684.0
0.46 45804.0
0.56 55520.0
0.71 4164.0
0.81 52744.0
0.95 55520.0
1.05 59684.0
1.19 51356.0
1.31 55520.0
1.55 52744.0
1.66 68012.0
1.79 49968.0
1.90 45804.0
2.01 44416.0
2.11 34700.0
2.27 24984.0
2.38 44416.0
2.49 47192.0
2.60 34700.0
2.71 49968.0
2.87 22208.0
2.98 54132.0
3.11 55520.0
3.22 65236.0
3.35 45804.0
3.47 44416.0
3.57 52744.0
3.70 9716.0
3.80 41640.0
3.91 52744.0
4.02 34700.0
4.13 31924.0
4.24 31924.0
4.34 40252.0
4.45 44416.0
4.56 2776.0
4.67 58296.0
4.78 51356.0
4.89 37476.0
5.03 18044.0
5.14 52744.0
5.28 49968.0
5.39 41640.0
5.50 62460.0
5.60 34700.0
5.78 33312.0
5.89 58296.0
6.12 49968.0
6.23 55520.0
6.36 61072.0
6.47 52744.0
6.61 54132.0
6.72 59684.0
6.84 48580.0
6.95 54132.0
7.05 54132.0
7.17 41640.0
7.45 29148.0
7.55 56908.0
7.66 62460.0
7.77 62460.0
7.89 45804.0
8.06 20820.0
8.17 62460.0
8.30 47192.0
8.41 74952.0
8.53 41640.0
8.64 73564.0
8.77 48580.0
8.88 38864.0
8.99 54132.0
9.14 9716.0
9.25 63848.0
9.39 51356.0
9.50 65236.0
9.61 43028.0
9.75 58296.0
9.87 51356.0
9.99 9716.0
10.09 38864.0
10.20 51356.0
10.34 11104.0
10.45 52744.0
10.58 52744.0
10.69 48580.0
10.79 58296.0
10.90 43028.0
11.01 55520.0
11.19 15268.0
11.29 62460.0
11.42 55520.0
11.52 44416.0
11.63 65236.0
11.75 40252.0
11.85 61072.0
11.96 27760.0
12.14 52744.0
12.25 56908.0
12.36 43028.0
12.47 63848.0
12.58 37476.0
12.77 41640.0
12.88 52744.0
13.01 54132.0
13.11 45804.0
13.22 47192.0
13.37 16656.0
13.48 37476.0
13.58 41640.0
13.69 54132.0
13.79 31924.0
13.90 69400.0
14.01 34700.0
14.34 49968.0
14.45 62460.0
14.56 45804.0
14.67 47192.0
14.78 58296.0
14.89 43028.0
15.00 65236.0
15.10 34700.0
15.21 66624.0
15.33 45804.0
15.57 66624.0
15.68 63848.0
15.78 48580.0
15.89 49968.0
16.00 54132.0
16.10 40252.0
16.21 56908.0
16.40 23596.0
16.51 55520.0
16.64 49968.0
16.75 48580.0
16.85 47192.0
16.96 31924.0
17.13 37476.0
17.24 61072.0
17.37 47192.0
17.48 68012.0
17.78 38864.0
17.89 68012.0
18.01 56908.0
18.11 49968.0
18.25 9716.0
18.35 62460.0
18.50 58296.0
18.60 61072.0
18.72 48580.0
18.82 48580.0
18.98 24984.0
19.09 56908.0
19.20 59684.0
19.30 34700.0
19.48 26372.0
19.59 65236.0
19.70 40252.0
19.80 48580.0
19.91 63848.0
20.02 43028.0
20.13 61072.0
20.44 43028.0
20.56 80504.0
20.67 47192.0
20.82 33312.0
20.93 56908.0
21.03 49968.0
21.14 41640.0
21.25 56908.0
21.43 20820.0
21.53 51356.0
21.66 56908.0
21.77 49968.0
21.92 59684.0
22.02 56908.0
22.16 16656.0
22.27 72176.0
22.51 52744.0
22.61 63848.0
22.72 52744.0
22.86 58296.0
22.97 54132.0
23.07 56908.0
23.18 37476.0
23.28 58296.0
23.39 31924.0
23.59 55520.0
23.70 70788.0
23.80 44416.0
23.91 65236.0
24.10 2776.0
24.21 66624.0
24.33 40252.0
24.44 56908.0
24.56 49968.0
24.67 49968.0
24.93 65236.0
25.03 52744.0
25.17 54132.0
25.27 65236.0
25.41 15268.0
25.52 70788.0
25.63 54132.0
25.76 58296.0
25.86 49968.0
26.02 63848.0
26.13 69400.0
26.26 1388.0
26.36 68012.0
26.50 58296.0
26.60 58296.0
26.87 58296.0
26.98 68012.0
27.11 48580.0
27.22 66624.0
27.32 58296.0
27.43 44416.0
27.53 48580.0
27.64 43028.0
27.75 62460.0
27.95 23596.0
28.05 44416.0
28.18 59684.0
28.28 43028.0
28.54 66624.0
28.65 62460.0
28.81 62460.0
28.93 70788.0
29.16 49968.0
29.27 48580.0
29.40 61072.0
29.51 49968.0
29.64 29148.0
29.75 62460.0
29.85 59684.0
29.97 44416.0
30.07 54132.0
30.18 30536.0
30.29 59684.0
30.40 43028.0
30.52 49968.0
30.63 58296.0
30.84 33312.0
30.95 58296.0
31.21 54132.0
31.31 68012.0
31.44 52744.0
31.54 47192.0
31.68 56908.0
31.78 48580.0
32.06 65236.0
32.17 62460.0
32.29 45804.0
32.40 68012.0
32.53 49968.0
32.64 58296.0
33.02 58296.0
33.14 34700.0
33.25 63848.0
33.35 37476.0
33.46 59684.0
33.56 49968.0
33.67 45804.0
33.77 55520.0
33.92 12492.0
34.02 63848.0
34.17 48580.0
34.28 62460.0
34.40 51356.0
34.51 54132.0
34.64 56908.0
34.75 56908.0
35.01 52744.0
35.12 72176.0
35.25 45804.0
35.35 56908.0
35.48 48580.0
35.58 41640.0
35.73 38864.0
35.83 59684.0
35.94 66624.0
36.04 41640.0
36.16 45804.0
36.33 33312.0
36.44 43028.0
36.56 66624.0
36.67 56908.0
36.77 52744.0
36.88 45804.0
37.04 23596.0
37.15 61072.0
37.28 55520.0
37.39 44416.0
37.51 62460.0
37.62 31924.0
37.78 41640.0
37.89 66624.0
38.00 55520.0
38.10 55520.0
38.21 27760.0
38.32 59684.0
38.51 20820.0
38.61 47192.0
38.72 58296.0
38.82 41640.0
38.93 49968.0
39.11 22208.0
39.22 54132.0
39.34 54132.0
39.45 51356.0
39.55 47192.0
39.66 40252.0
39.77 62460.0
39.88 31924.0
39.99 63848.0
40.18 22208.0
40.28 52744.0
40.54 63848.0
40.65 56908.0
40.79 49968.0
40.90 54132.0
41.01 58296.0
41.11 40252.0
41.22 52744.0
41.33 44416.0
41.44 56908.0
41.66 37476.0
41.77 56908.0
41.89 45804.0
42.04 72176.0
42.26 61072.0
42.36 44416.0
42.50 62460.0
42.60 45804.0
42.87 63848.0
42.98 62460.0
43.10 51356.0
43.21 59684.0
43.35 54132.0
43.46 69400.0
43.56 59684.0
43.67 48580.0
43.82 8328.0
43.93 63848.0
44.19 51356.0
44.29 52744.0
44.44 65236.0
44.55 66624.0
44.67 47192.0
44.78 68012.0
45.02 55520.0
45.13 58296.0
45.27 48580.0
45.38 70788.0
45.51 9716.0
45.62 63848.0
45.74 63848.0
45.86 54132.0
45.97 56908.0
46.07 43028.0
46.18 41640.0
46.28 54132.0
46.49 23596.0
46.60 51356.0
46.72 59684.0
46.82 45804.0
46.96 58296.0
47.06 40252.0
47.32 59684.0
47.43 62460.0
47.57 55520.0
47.68 77728.0
47.92 40252.0
48.03 51356.0
48.14 66624.0
48.25 47192.0
48.41 11104.0
48.52 66624.0
48.76 44416.0
48.86 44416.0
49.00 70788.0
49.10 51356.0
49.26 58296.0
49.36 62460.0
49.50 61072.0
49.60 55520.0
49.72 55520.0
49.82 45804.0
49.93 58296.0
50.03 30536.0
50.15 58296.0
50.35 37476.0
50.46 55520.0
50.56 51356.0
50.71 2776.0
50.81 44416.0
50.97 76340.0
51.07 55520.0
51.21 55520.0
51.31 68012.0
51.44 49968.0
51.54 37476.0
51.70 31924.0
51.80 65236.0
51.94 61072.0
52.04 52744.0
52.16 43028.0
52.29 20820.0
52.40 62460.0
52.52 49968.0
52.63 34700.0
52.74 65236.0
52.84 48580.0
53.01 12492.0
53.11 52744.0
53.22 48580.0
53.32 30536.0
53.49 38864.0
53.59 40252.0
53.72 61072.0
53.83 33312.0
53.94 68012.0
54.04 48580.0
54.15 55520.0
54.26 52744.0
54.36 36088.0
54.47 48580.0
54.71 51356.0
54.81 54132.0
54.92 58296.0
55.07 1388.0
55.18 65236.0
55.31 48580.0
55.42 51356.0
55.54 54132.0
55.65 61072.0
55.90 43028.0
56.02 56908.0
56.15 23596.0
56.26 54132.0
56.41 70788.0
56.52 69400.0
56.65 47192.0
56.76 65236.0
56.86 36088.0
56.97 62460.0
57.07 29148.0
57.19 55520.0
57.29 44416.0
57.50 34700.0
57.60 47192.0
57.73 61072.0
57.83 51356.0
57.94 58296.0
58.10 2776.0
58.21 79116.0
58.33 37476.0
58.44 62460.0
58.59 62460.0
58.71 51356.0
58.82 58296.0
58.94 51356.0
59.04 31924.0
59.18 31924.0
59.29 47192.0
59.40 61072.0
59.55 1388.0
59.66 55520.0
59.79 58296.0
59.91 52744.0
