0.13 40252.0
0.24 31924.0
0.35 19432.0
0.45 37476.0
0.59 34700.0
0.69 52744.0
0.80 38864.0
0.95 20820.0
1.06 52744.0
1.16 45804.0
1.27 44416.0
1.37 33312.0
1.48 41640.0
1.67 33312.0
1.78 49968.0
1.88 30536.0
2.03 22208.0
2.13 48580.0
2.24 44416.0
2.35 55520.0
2.45 45804.0
2.63 18044.0
2.74 49968.0
2.85 41640.0
2.96 48580.0
3.07 41640.0
3.17 36088.0
3.35 40252.0
3.45 48580.0
3.61 63848.0
3.71 54132.0
3.82 34700.0
3.92 36088.0
4.03 51356.0
4.13 40252.0
4.25 49968.0
4.45 34700.0
4.56 52744.0
4.68 47192.0
4.79 49968.0
4.89 48580.0
5.00 37476.0
5.16 27760.0
5.27 48580.0
5.37 34700.0
5.50 43028.0
5.61 48580.0
5.89 23596.0
6.00 66624.0
6.14 56908.0
6.25 48580.0
6.36 54132.0
6.46 40252.0
6.57 52744.0
6.67 40252.0
6.85 34700.0
6.96 41640.0
7.07 55520.0
7.18 43028.0
7.29 52744.0
7.40 36088.0
7.51 43028.0
7.62 37476.0
7.73 43028.0
7.85 55520.0
8.07 37476.0
8.17 51356.0
8.28 33312.0
8.38 43028.0
8.55 27760.0
8.65 43028.0
8.77 48580.0
8.87 44416.0
8.98 44416.0
9.13 20820.0
9.24 47192.0
9.36 55520.0
9.46 38864.0
9.57 44416.0
9.67 45804.0
9.79 45804.0
9.89 38864.0
10.00 23596.0
10.11 51356.0
10.21 37476.0
10.32 45804.0
10.42 31924.0
10.73 41640.0
10.84 55520.0
10.94 33312.0
11.05 43028.0
11.15 44416.0
11.35 33312.0
11.45 49968.0
11.56 47192.0
11.66 37476.0
11.77 40252.0
11.88 45804.0
11.99 44416.0
12.10 40252.0
12.46 31924.0
12.57 91608.0
12.67 45804.0
12.83 23596.0
12.93 51356.0
13.04 43028.0
13.14 34700.0
13.25 41640.0
13.36 48580.0
13.46 36088.0
13.57 38864.0
13.67 4164.0
13.78 51356.0
13.88 41640.0
14.03 66624.0
14.13 49968.0
14.39 54132.0
14.51 59684.0
14.63 49968.0
14.74 59684.0
14.86 38864.0
14.96 55520.0
15.07 45804.0
15.17 40252.0
15.28 34700.0
15.38 29148.0
15.49 43028.0
15.60 30536.0
15.73 15268.0
15.84 43028.0
15.94 44416.0
16.05 40252.0
16.15 31924.0
16.33 37476.0
16.43 45804.0
16.54 40252.0
16.69 19432.0
16.81 62460.0
16.91 43028.0
17.02 41640.0
17.12 45804.0
17.23 40252.0
17.34 40252.0
17.44 36088.0
17.64 43028.0
17.75 43028.0
17.86 48580.0
18.01 9716.0
18.12 58296.0
18.25 45804.0
18.36 48580.0
18.46 29148.0
18.58 48580.0
18.68 40252.0
18.79 33312.0
18.89 34700.0
19.00 33312.0
19.11 19432.0
19.21 41640.0
19.32 44416.0
19.43 38864.0
19.54 31924.0
19.64 38864.0
19.81 31924.0
19.91 38864.0
20.02 33312.0
20.13 33312.0
20.29 33312.0
20.40 55520.0
20.51 51356.0
20.64 5552.0
20.76 48580.0
20.88 59684.0
21.00 56908.0
21.12 48580.0
21.23 40252.0
21.34 38864.0
21.44 30536.0
21.56 49968.0
21.75 23596.0
21.87 49968.0
21.98 47192.0
22.11 6940.0
22.21 45804.0
22.32 38864.0
22.42 40252.0
22.53 38864.0
22.64 41640.0
22.83 37476.0
22.93 41640.0
23.04 36088.0
23.14 33312.0
23.31 33312.0
23.41 45804.0
23.52 54132.0
23.62 40252.0
23.74 51356.0
23.91 18044.0
24.02 49968.0
24.12 48580.0
24.23 45804.0
24.36 30536.0
24.51 2776.0
24.64 81892.0
24.75 54132.0
24.86 41640.0
24.96 43028.0
25.07 56908.0
25.17 16656.0
25.34 2776.0
25.46 36088.0
25.57 80504.0
25.68 43028.0
25.79 49968.0
25.95 12492.0
26.06 51356.0
26.16 45804.0
26.31 4164.0
26.41 47192.0
26.52 41640.0
26.63 41640.0
26.74 40252.0
26.85 52744.0
26.96 34700.0
27.07 38864.0
27.18 27760.0
27.29 43028.0
27.39 13880.0
27.50 44416.0
27.61 31924.0
27.71 33312.0
27.82 36088.0
28.00 38864.0
28.11 47192.0
28.21 37476.0
28.32 40252.0
28.42 36088.0
28.53 52744.0
28.73 27760.0
28.84 48580.0
28.94 43028.0
29.05 37476.0
29.15 41640.0
29.26 36088.0
29.37 43028.0
29.48 34700.0
29.59 33312.0
29.69 13880.0
29.81 51356.0
29.91 45804.0
30.02 40252.0
30.17 19432.0
30.28 54132.0
30.41 26372.0
30.52 56908.0
30.65 49968.0
30.76 55520.0
30.88 41640.0
30.99 54132.0
31.10 43028.0
31.20 38864.0
31.31 40252.0
31.41 43028.0
31.59 29148.0
31.69 33312.0
31.80 52744.0
31.91 40252.0
32.08 31924.0
32.19 44416.0
32.30 54132.0
32.40 44416.0
32.57 16656.0
32.67 38864.0
32.78 51356.0
32.88 41640.0
32.99 44416.0
33.10 38864.0
33.30 47192.0
33.40 43028.0
33.51 47192.0
33.62 47192.0
33.73 44416.0
33.84 45804.0
33.94 44416.0
34.05 43028.0
34.27 41640.0
34.37 41640.0
34.48 44416.0
34.62 15268.0
34.73 51356.0
34.86 55520.0
34.96 43028.0
35.07 56908.0
35.17 36088.0
35.28 44416.0
35.38 44416.0
35.51 47192.0
35.62 51356.0
35.95 36088.0
36.06 55520.0
36.16 47192.0
36.27 54132.0
36.37 29148.0
36.48 49968.0
36.59 52744.0
36.69 40252.0
36.80 45804.0
36.90 44416.0
37.05 9716.0
37.16 56908.0
37.28 52744.0
37.38 40252.0
37.49 56908.0
37.60 40252.0
37.70 40252.0
37.81 43028.0
37.91 36088.0
38.02 34700.0
38.12 34700.0
38.23 30536.0
38.38 24984.0
38.49 45804.0
38.62 34700.0
38.73 51356.0
38.84 49968.0
38.94 44416.0
39.07 40252.0
39.23 29148.0
39.34 49968.0
39.44 47192.0
39.55 40252.0
39.70 18044.0
39.81 44416.0
39.92 48580.0
40.03 45804.0
40.13 51356.0
40.24 38864.0
40.35 47192.0
40.45 33312.0
40.57 43028.0
40.67 45804.0
40.78 44416.0
40.89 34700.0
41.03 18044.0
41.13 41640.0
41.26 38864.0
41.37 48580.0
41.48 52744.0
41.60 45804.0
41.70 41640.0
41.86 23596.0
41.96 38864.0
42.08 47192.0
42.18 47192.0
42.29 37476.0
42.39 44416.0
42.50 47192.0
42.61 47192.0
42.71 40252.0
42.82 49968.0
42.92 44416.0
43.03 47192.0
43.18 15268.0
43.29 43028.0
43.39 34700.0
43.50 38864.0
43.67 26372.0
43.78 58296.0
43.91 48580.0
44.02 52744.0
44.12 45804.0
44.24 48580.0
44.38 15268.0
44.49 38864.0
44.60 51356.0
44.70 43028.0
44.88 23596.0
45.00 49968.0
45.12 56908.0
45.23 48580.0
45.34 47192.0
45.44 38864.0
45.72 1388.0
45.85 80504.0
45.95 48580.0
46.06 47192.0
46.16 49968.0
46.27 43028.0
46.37 40252.0
46.48 51356.0
46.59 36088.0
46.70 6940.0
46.81 45804.0
46.94 34700.0
47.05 54132.0
47.15 43028.0
47.26 47192.0
47.37 47192.0
47.48 41640.0
47.59 44416.0
47.70 47192.0
47.82 51356.0
47.94 47192.0
48.05 48580.0
48.15 38864.0
48.26 31924.0
48.38 15268.0
48.49 48580.0
48.60 37476.0
48.74 19432.0
48.86 44416.0
48.96 44416.0
49.07 41640.0
49.18 36088.0
49.29 41640.0
49.39 36088.0
49.50 16656.0
49.61 49968.0
49.72 43028.0
49.83 41640.0
49.93 44416.0
50.04 30536.0
50.14 43028.0
50.32 33312.0
50.42 44416.0
50.57 36088.0
50.67 45804.0
50.78 47192.0
50.88 55520.0
51.00 38864.0
51.11 36088.0
51.28 36088.0
51.38 45804.0
51.49 48580.0
51.60 47192.0
51.70 41640.0
51.87 29148.0
51.98 49968.0
52.09 48580.0
52.19 45804.0
52.30 45804.0
52.40 43028.0
52.51 45804.0
52.72 37476.0
52.83 54132.0
52.93 49968.0
53.04 45804.0
53.14 37476.0
53.32 36088.0
53.42 51356.0
53.56 59684.0
53.66 48580.0
53.77 48580.0
53.91 38864.0
54.02 47192.0
54.12 34700.0
54.23 37476.0
54.41 38864.0
54.52 44416.0
54.62 45804.0
54.76 12492.0
54.87 51356.0
55.00 54132.0
55.11 55520.0
55.23 33312.0
55.35 45804.0
55.50 29148.0
55.62 51356.0
55.73 52744.0
55.84 47192.0
55.94 44416.0
56.06 49968.0
56.23 22208.0
56.34 61072.0
56.44 45804.0
56.55 40252.0
56.66 34700.0
56.77 49968.0
56.90 34700.0
57.01 51356.0
57.12 54132.0
57.30 24984.0
57.40 47192.0
57.51 47192.0
57.62 44416.0
57.78 19432.0
57.88 44416.0
57.99 48580.0
58.10 48580.0
58.20 44416.0
58.31 45804.0
58.49 34700.0
58.60 48580.0
58.70 45804.0
58.87 18044.0
58.98 56908.0
59.09 41640.0
59.19 41640.0
59.31 52744.0
59.41 45804.0
59.52 34700.0
59.70 37476.0
59.81 45804.0
59.91 48580.0
