0.16 23596.0
0.27 27760.0
0.37 20820.0
0.48 23596.0
0.59 27760.0
0.70 19432.0
0.81 18044.0
0.91 9716.0
1.02 15268.0
1.12 27760.0
1.23 27760.0
1.34 16656.0
1.45 30536.0
1.56 31924.0
1.66 26372.0
1.77 33312.0
1.87 24984.0
1.98 27760.0
2.09 37476.0
2.20 27760.0
2.31 18044.0
2.41 29148.0
2.52 37476.0
2.62 13880.0
2.73 29148.0
2.84 22208.0
2.96 26372.0
3.07 33312.0
3.17 18044.0
3.28 27760.0
3.40 20820.0
3.51 24984.0
3.62 44416.0
3.73 44416.0
3.84 38864.0
3.95 49968.0
4.06 27760.0
4.16 24984.0
4.27 30536.0
4.37 47192.0
4.48 23596.0
4.59 45804.0
4.70 23596.0
4.81 18044.0
4.91 19432.0
5.02 24984.0
5.12 36088.0
5.23 31924.0
5.34 22208.0
5.46 56908.0
5.58 16656.0
5.68 20820.0
5.79 15268.0
5.90 13880.0
6.01 19432.0
6.11 23596.0
6.22 30536.0
6.33 13880.0
6.43 11104.0
6.54 22208.0
6.65 31924.0
6.76 31924.0
6.86 18044.0
6.99 33312.0
7.12 12492.0
7.24 15268.0
7.35 33312.0
7.47 26372.0
7.58 27760.0
7.68 24984.0
7.79 38864.0
7.89 41640.0
8.00 48580.0
8.10 49968.0
8.21 38864.0
8.32 29148.0
8.42 20820.0
8.53 24984.0
8.63 9716.0
8.74 18044.0
8.84 34700.0
8.95 44416.0
9.07 31924.0
9.17 27760.0
9.28 43028.0
9.38 41640.0
9.49 47192.0
9.60 44416.0
9.71 51356.0
9.82 49968.0
9.92 33312.0
10.03 36088.0
10.13 34700.0
10.24 37476.0
10.34 38864.0
10.45 31924.0
10.56 45804.0
10.66 49968.0
10.77 34700.0
10.87 36088.0
10.98 29148.0
11.09 30536.0
11.20 23596.0
11.31 30536.0
11.41 41640.0
11.52 45804.0
11.62 34700.0
11.73 45804.0
11.84 31924.0
11.95 29148.0
12.06 37476.0
12.16 20820.0
12.27 36088.0
12.37 41640.0
12.48 36088.0
12.59 43028.0
12.70 37476.0
12.81 34700.0
12.91 26372.0
13.02 38864.0
13.12 23596.0
13.23 22208.0
13.34 47192.0
13.45 27760.0
13.56 15268.0
13.66 15268.0
13.77 16656.0
13.87 18044.0
13.98 13880.0
14.09 12492.0
14.20 12492.0
14.31 12492.0
14.41 22208.0
14.53 29148.0
14.63 27760.0
14.74 31924.0
14.84 33312.0
14.95 36088.0
15.06 24984.0
15.16 34700.0
15.27 24984.0
15.37 23596.0
15.48 31924.0
15.59 6940.0
15.70 31924.0
15.81 16656.0
15.95 19432.0
16.06 30536.0
16.16 30536.0
16.27 24984.0
16.37 40252.0
16.49 37476.0
16.59 34700.0
16.70 43028.0
16.81 37476.0
16.92 30536.0
17.03 37476.0
17.13 19432.0
17.25 34700.0
17.35 38864.0
17.46 45804.0
17.57 31924.0
17.67 41640.0
17.78 22208.0
17.88 41640.0
17.99 38864.0
18.09 30536.0
18.21 37476.0
18.32 37476.0
18.42 41640.0
18.53 38864.0
18.63 37476.0
18.74 41640.0
18.84 38864.0
18.96 44416.0
19.07 41640.0
19.17 31924.0
19.28 44416.0
19.38 37476.0
19.49 51356.0
19.59 45804.0
19.70 38864.0
19.81 38864.0
19.92 44416.0
20.03 44416.0
20.13 45804.0
20.24 26372.0
20.34 37476.0
20.45 29148.0
20.56 29148.0
20.66 41640.0
20.77 44416.0
20.87 37476.0
20.98 38864.0
21.10 47192.0
21.21 52744.0
21.32 45804.0
21.42 45804.0
21.53 59684.0
21.63 44416.0
21.74 49968.0
21.84 43028.0
21.95 45804.0
22.07 43028.0
22.17 29148.0
22.28 37476.0
22.38 29148.0
22.49 49968.0
22.59 41640.0
22.70 45804.0
22.81 47192.0
22.91 40252.0
23.02 41640.0
23.12 40252.0
23.23 37476.0
23.34 31924.0
23.45 31924.0
23.57 44416.0
23.67 47192.0
23.78 49968.0
23.88 44416.0
23.99 24984.0
24.09 38864.0
24.20 31924.0
24.31 38864.0
24.41 29148.0
24.52 41640.0
24.62 41640.0
24.73 38864.0
24.84 33312.0
24.95 40252.0
25.06 33312.0
25.16 33312.0
25.27 34700.0
25.37 29148.0
25.48 31924.0
25.59 18044.0
25.70 22208.0
25.81 15268.0
25.92 18044.0
26.03 27760.0
26.13 29148.0
26.24 36088.0
26.34 30536.0
26.45 33312.0
26.56 34700.0
26.66 33312.0
26.77 34700.0
26.87 34700.0
26.98 51356.0
27.09 45804.0
27.20 34700.0
27.31 43028.0
27.42 40252.0
27.53 44416.0
27.63 36088.0
27.74 47192.0
27.84 31924.0
27.95 37476.0
28.06 22208.0
28.16 19432.0
28.27 22208.0
28.37 34700.0
28.48 29148.0
28.59 43028.0
28.70 41640.0
28.81 49968.0
28.91 27760.0
29.03 43028.0
29.13 31924.0
29.24 36088.0
29.34 23596.0
29.45 37476.0
29.56 33312.0
29.66 29148.0
29.77 37476.0
29.87 37476.0
29.98 38864.0
30.09 34700.0
30.20 33312.0
30.31 37476.0
30.41 29148.0
30.53 43028.0
30.63 44416.0
30.75 43028.0
30.85 36088.0
30.96 47192.0
31.07 40252.0
31.17 37476.0
31.28 37476.0
31.38 18044.0
31.49 40252.0
31.59 41640.0
31.70 51356.0
31.81 49968.0
31.91 47192.0
32.02 47192.0
32.12 38864.0
32.23 24984.0
32.34 30536.0
32.45 30536.0
32.56 48580.0
32.66 52744.0
32.77 45804.0
32.87 58296.0
32.98 41640.0
33.09 52744.0
33.20 45804.0
33.31 59684.0
33.42 44416.0
33.53 49968.0
33.63 59684.0
33.74 58296.0
33.84 48580.0
33.95 51356.0
34.06 54132.0
34.16 52744.0
34.27 41640.0
34.37 40252.0
34.48 30536.0
34.59 38864.0
34.70 34700.0
34.81 38864.0
34.92 49968.0
35.03 38864.0
35.13 20820.0
35.24 36088.0
35.34 36088.0
35.45 33312.0
35.56 40252.0
35.66 47192.0
35.77 41640.0
35.87 37476.0
35.98 29148.0
36.09 15268.0
36.20 12492.0
36.31 18044.0
36.41 16656.0
36.52 33312.0
36.63 24984.0
36.74 40252.0
36.84 31924.0
36.95 49968.0
37.06 55520.0
37.16 41640.0
37.27 55520.0
37.37 27760.0
37.48 44416.0
37.59 31924.0
37.70 45804.0
37.81 51356.0
37.91 41640.0
38.02 24984.0
38.12 31924.0
38.24 18044.0
38.34 15268.0
38.45 31924.0
38.56 19432.0
38.66 19432.0
38.77 43028.0
38.87 41640.0
38.98 41640.0
39.10 33312.0
39.21 47192.0
39.32 40252.0
39.42 37476.0
39.54 41640.0
39.64 40252.0
39.75 34700.0
39.85 20820.0
39.98 22208.0
40.09 43028.0
40.22 34700.0
40.33 27760.0
40.43 36088.0
40.54 38864.0
40.64 37476.0
40.75 40252.0
40.86 33312.0
40.98 36088.0
41.10 26372.0
41.21 16656.0
41.32 27760.0
41.42 45804.0
41.53 41640.0
41.63 24984.0
41.74 33312.0
41.84 30536.0
41.95 26372.0
42.06 37476.0
42.16 41640.0
42.27 48580.0
42.37 40252.0
42.48 56908.0
42.59 40252.0
42.70 44416.0
42.81 49968.0
42.91 31924.0
43.02 40252.0
43.12 49968.0
43.23 61072.0
43.34 43028.0
43.45 47192.0
43.56 52744.0
43.66 33312.0
43.77 47192.0
43.87 40252.0
43.98 45804.0
44.09 43028.0
44.20 40252.0
44.31 43028.0
44.41 43028.0
44.52 36088.0
44.62 38864.0
44.73 26372.0
44.84 20820.0
44.95 27760.0
45.06 54132.0
45.16 38864.0
45.27 43028.0
45.38 52744.0
45.49 47192.0
45.60 45804.0
45.71 37476.0
45.83 48580.0
45.93 48580.0
46.04 52744.0
46.14 49968.0
46.25 44416.0
46.35 49968.0
46.46 59684.0
46.57 65236.0
46.69 47192.0
46.80 66624.0
46.90 54132.0
47.01 52744.0
47.11 31924.0
47.22 49968.0
47.33 62460.0
47.43 38864.0
47.54 38864.0
47.64 52744.0
47.75 47192.0
47.85 37476.0
47.96 52744.0
48.07 27760.0
48.17 27760.0
48.29 45804.0
48.40 58296.0
48.51 52744.0
48.61 31924.0
48.72 26372.0
48.83 43028.0
48.93 34700.0
49.05 41640.0
49.15 37476.0
49.26 33312.0
49.36 36088.0
49.47 31924.0
49.58 30536.0
49.68 31924.0
49.79 37476.0
49.89 52744.0
50.00 34700.0
50.11 43028.0
50.22 58296.0
50.33 56908.0
50.43 43028.0
50.54 56908.0
50.64 43028.0
50.75 34700.0
50.85 27760.0
50.96 54132.0
51.07 49968.0
51.17 47192.0
51.28 54132.0
51.38 52744.0
51.49 54132.0
51.59 48580.0
51.71 16656.0
51.83 33312.0
51.93 38864.0
52.04 37476.0
52.15 33312.0
52.28 30536.0
52.38 18044.0
52.49 30536.0
52.61 20820.0
52.72 27760.0
52.84 31924.0
52.95 37476.0
53.06 45804.0
53.16 13880.0
53.31 1388.0
53.43 73564.0
53.54 38864.0
53.64 22208.0
53.76 23596.0
53.86 33312.0
53.97 31924.0
54.08 38864.0
54.23 38864.0
54.34 54132.0
54.45 30536.0
54.56 31924.0
54.66 23596.0
54.77 22208.0
54.87 26372.0
54.98 30536.0
55.10 19432.0
55.22 49968.0
55.33 62460.0
55.43 19432.0
55.54 48580.0
55.64 40252.0
55.75 45804.0
55.85 40252.0
55.96 30536.0
56.07 40252.0
56.17 38864.0
56.29 47192.0
56.39 15268.0
56.50 30536.0
56.61 26372.0
56.74 34700.0
56.84 29148.0
56.97 24984.0
57.08 9716.0
57.19 13880.0
57.31 16656.0
57.41 13880.0
57.53 36088.0
57.65 13880.0
57.76 9716.0
57.86 13880.0
58.15 1388.0
58.26 59684.0
58.36 23596.0
58.47 29148.0
58.58 13880.0
58.69 13880.0
58.81 9716.0
58.94 9716.0
59.05 9716.0
59.16 11104.0
59.27 4164.0
59.37 26372.0
59.49 16656.0
59.60 12492.0
59.72 20820.0
59.83 29148.0
59.94 30536.0
