0.11 36088.0
0.22 36088.0
0.37 31924.0
0.48 58296.0
0.58 36088.0
0.69 51356.0
0.80 41640.0
0.91 34700.0
1.02 41640.0
1.12 27760.0
1.24 16656.0
1.34 38864.0
1.57 56908.0
1.68 72176.0
1.81 43028.0
1.92 72176.0
2.05 44416.0
2.16 73564.0
2.29 47192.0
2.39 59684.0
2.66 56908.0
2.77 49968.0
2.89 55520.0
3.01 68012.0
3.15 44416.0
3.26 51356.0
3.37 40252.0
3.48 56908.0
3.58 44416.0
3.69 43028.0
3.80 63848.0
3.91 37476.0
4.03 70788.0
4.22 12492.0
4.33 29148.0
4.44 13880.0
4.55 30536.0
4.66 37476.0
4.77 44416.0
4.87 29148.0
4.98 36088.0
5.08 16656.0
5.19 31924.0
5.30 26372.0
5.41 26372.0
5.52 47192.0
5.62 40252.0
5.82 36088.0
5.93 66624.0
6.05 51356.0
6.16 38864.0
6.27 47192.0
6.41 16656.0
6.52 36088.0
6.62 33312.0
6.77 30536.0
6.87 47192.0
6.98 51356.0
7.08 45804.0
7.19 38864.0
7.30 43028.0
7.41 34700.0
7.52 33312.0
7.62 16656.0
7.73 49968.0
7.83 36088.0
7.94 37476.0
8.05 47192.0
8.16 58296.0
8.27 40252.0
8.37 48580.0
8.48 36088.0
8.58 40252.0
8.81 12492.0
8.92 70788.0
9.03 44416.0
9.13 31924.0
9.29 27760.0
9.39 41640.0
9.50 45804.0
9.60 36088.0
9.71 45804.0
9.81 44416.0
9.92 43028.0
10.03 47192.0
10.13 38864.0
10.24 47192.0
10.38 8328.0
10.49 59684.0
10.59 41640.0
10.70 41640.0
10.80 37476.0
10.97 31924.0
11.08 24984.0
11.19 23596.0
11.31 24984.0
11.42 30536.0
11.53 19432.0
11.63 16656.0
11.74 22208.0
11.84 18044.0
11.95 20820.0
12.06 27760.0
12.17 27760.0
12.28 31924.0
12.39 23596.0
12.50 29148.0
12.60 26372.0
12.71 27760.0
12.81 20820.0
12.92 22208.0
13.03 31924.0
13.13 26372.0
13.24 37476.0
13.34 29148.0
13.45 33312.0
13.55 34700.0
13.66 30536.0
13.77 22208.0
13.87 34700.0
13.98 26372.0
14.08 27760.0
14.20 22208.0
14.30 26372.0
14.41 23596.0
14.52 26372.0
14.62 33312.0
14.73 26372.0
14.83 20820.0
14.94 19432.0
15.05 22208.0
15.16 20820.0
15.27 20820.0
15.37 23596.0
15.48 29148.0
15.58 5552.0
15.69 36088.0
15.81 34700.0
15.92 43028.0
16.03 29148.0
16.13 37476.0
16.24 36088.0
16.34 26372.0
16.45 20820.0
16.55 23596.0
16.66 29148.0
16.77 37476.0
16.87 26372.0
16.98 26372.0
17.08 23596.0
17.19 19432.0
17.30 19432.0
17.41 16656.0
17.53 27760.0
17.63 27760.0
17.75 31924.0
17.85 33312.0
17.96 27760.0
18.06 36088.0
18.18 20820.0
18.29 26372.0
18.39 47192.0
18.51 13880.0
18.61 43028.0
18.73 54132.0
18.83 44416.0
18.95 40252.0
19.05 48580.0
19.17 52744.0
19.28 55520.0
19.38 45804.0
19.51 2776.0
19.61 51356.0
19.72 56908.0
19.82 36088.0
19.93 54132.0
20.11 20820.0
20.22 59684.0
20.35 49968.0
20.46 63848.0
20.59 49968.0
20.70 33312.0
20.80 47192.0
20.91 41640.0
21.08 24984.0
21.19 49968.0
21.31 54132.0
21.43 61072.0
21.67 61072.0
21.78 54132.0
21.88 38864.0
21.99 47192.0
22.09 27760.0
22.20 41640.0
22.30 38864.0
22.43 54132.0
22.54 43028.0
22.65 2776.0
22.76 73564.0
22.89 6940.0
23.01 80504.0
23.32 43028.0
23.43 68012.0
23.57 55520.0
23.69 61072.0
23.81 47192.0
23.92 59684.0
24.06 13880.0
24.17 51356.0
24.29 62460.0
24.39 47192.0
24.56 18044.0
24.67 66624.0
24.79 51356.0
24.89 45804.0
25.00 45804.0
25.10 44416.0
25.21 54132.0
25.31 40252.0
25.42 48580.0
25.63 41640.0
25.74 47192.0
25.84 49968.0
25.95 49968.0
26.05 51356.0
26.16 47192.0
26.47 33312.0
26.57 48580.0
26.68 49968.0
26.86 80504.0
26.97 79116.0
27.09 37476.0
27.21 80504.0
27.33 44416.0
27.44 61072.0
27.57 49968.0
27.68 76340.0
27.81 1388.0
27.92 68012.0
28.03 55520.0
28.13 56908.0
28.24 45804.0
28.34 47192.0
28.45 44416.0
28.55 47192.0
28.66 49968.0
28.77 55520.0
29.16 49968.0
29.27 61072.0
29.37 56908.0
29.48 34700.0
29.65 36088.0
29.76 52744.0
29.86 58296.0
29.97 48580.0
30.07 41640.0
30.18 49968.0
30.29 47192.0
30.39 19432.0
30.50 36088.0
30.62 9716.0
30.73 30536.0
30.83 13880.0
30.94 13880.0
31.06 11104.0
31.18 8328.0
31.30 19432.0
31.41 43028.0
31.52 58296.0
31.63 31924.0
31.74 48580.0
31.84 24984.0
31.95 29148.0
32.05 37476.0
32.16 31924.0
32.29 34700.0
32.40 43028.0
32.56 29148.0
32.67 48580.0
32.79 54132.0
32.91 1388.0
33.02 48580.0
33.12 44416.0
33.23 45804.0
33.51 27760.0
33.61 62460.0
33.73 48580.0
33.83 48580.0
33.94 56908.0
34.05 34700.0
34.16 45804.0
34.27 40252.0
34.37 34700.0
34.48 45804.0
34.59 52744.0
34.71 52744.0
34.81 44416.0
34.92 37476.0
35.09 24984.0
35.20 43028.0
35.34 37476.0
35.45 61072.0
35.58 44416.0
35.82 66624.0
35.93 79116.0
36.05 40252.0
36.16 74952.0
36.29 43028.0
36.39 72176.0
36.53 49968.0
36.63 61072.0
36.89 59684.0
37.00 66624.0
37.13 49968.0
37.24 77728.0
37.37 41640.0
37.48 68012.0
37.62 6940.0
37.76 80504.0
37.86 59684.0
37.97 45804.0
38.10 74952.0
38.21 54132.0
38.31 59684.0
38.46 4164.0
38.56 65236.0
38.69 15268.0
38.80 74952.0
38.93 59684.0
39.05 56908.0
39.17 66624.0
39.29 54132.0
39.39 68012.0
39.53 58296.0
39.63 59684.0
39.77 2776.0
39.87 76340.0
40.02 44416.0
40.12 70788.0
40.25 61072.0
40.35 49968.0
40.46 48580.0
40.61 16656.0
40.72 54132.0
40.83 47192.0
40.97 61072.0
41.23 58296.0
41.33 55520.0
41.48 52744.0
41.58 59684.0
41.71 54132.0
41.81 61072.0
42.08 51356.0
42.19 59684.0
42.31 20820.0
42.42 68012.0
42.55 56908.0
42.67 66624.0
42.79 56908.0
42.89 58296.0
43.03 54132.0
43.13 66624.0
43.27 49968.0
43.37 48580.0
43.48 37476.0
43.64 23596.0
43.75 69400.0
43.88 45804.0
43.99 68012.0
44.12 45804.0
44.26 80504.0
44.37 59684.0
44.59 48580.0
44.70 62460.0
44.80 52744.0
44.91 45804.0
45.02 41640.0
45.31 26372.0
45.44 80504.0
45.67 43028.0
45.80 79116.0
45.91 40252.0
46.02 72176.0
46.17 59684.0
46.28 66624.0
46.41 56908.0
46.53 69400.0
46.63 58296.0
46.74 44416.0
46.84 58296.0
46.95 49968.0
47.13 22208.0
47.24 56908.0
47.37 56908.0
47.48 66624.0
47.73 49968.0
47.83 65236.0
47.98 56908.0
48.08 56908.0
48.34 61072.0
48.45 80504.0
48.69 43028.0
48.81 79116.0
48.94 43028.0
49.05 76340.0
49.17 55520.0
49.29 56908.0
49.39 47192.0
49.53 62460.0
49.63 51356.0
49.74 54132.0
49.84 40252.0
50.01 27760.0
50.12 56908.0
50.24 45804.0
50.34 55520.0
50.49 6940.0
50.59 74952.0
50.73 52744.0
50.83 56908.0
50.94 40252.0
51.05 54132.0
51.16 45804.0
51.35 34700.0
51.46 62460.0
51.56 47192.0
51.71 5552.0
51.81 48580.0
51.95 59684.0
52.05 59684.0
52.16 49968.0
52.27 45804.0
52.37 44416.0
52.48 56908.0
52.67 23596.0
52.79 80504.0
52.91 48580.0
53.03 73564.0
53.27 47192.0
53.37 70788.0
53.51 52744.0
53.61 62460.0
53.87 55520.0
53.98 70788.0
54.11 48580.0
54.23 79116.0
54.35 40252.0
54.47 80504.0
54.71 43028.0
54.83 80504.0
54.95 43028.0
55.05 62460.0
55.20 63848.0
55.30 58296.0
55.44 51356.0
55.55 68012.0
55.67 40252.0
55.78 72176.0
55.91 49968.0
56.02 55520.0
56.12 51356.0
56.23 51356.0
56.39 8328.0
56.50 63848.0
56.63 52744.0
56.74 56908.0
56.87 20820.0
56.98 68012.0
57.09 54132.0
57.20 45804.0
57.37 18044.0
57.48 73564.0
57.61 45804.0
57.72 65236.0
57.98 56908.0
58.09 59684.0
58.22 51356.0
58.32 63848.0
58.46 9716.0
58.56 70788.0
58.69 49968.0
58.80 68012.0
58.93 45804.0
59.05 76340.0
59.18 51356.0
59.29 70788.0
59.41 40252.0
59.52 66624.0
59.65 1388.0
59.76 77728.0
59.89 45804.0
