0.21 30536.0
0.31 19432.0
0.42 18044.0
0.53 26372.0
0.63 30536.0
0.74 31924.0
0.84 44416.0
0.96 49968.0
1.06 51356.0
1.17 49968.0
1.29 51356.0
1.39 48580.0
1.50 44416.0
1.68 36088.0
1.79 52744.0
1.94 26372.0
2.05 51356.0
2.15 47192.0
2.26 44416.0
2.37 33312.0
2.48 52744.0
2.58 47192.0
2.80 33312.0
2.90 43028.0
3.01 55520.0
3.11 43028.0
3.29 24984.0
3.39 38864.0
3.51 54132.0
3.61 52744.0
3.72 58296.0
3.82 30536.0
3.93 49968.0
4.04 47192.0
4.24 36088.0
4.34 48580.0
4.48 61072.0
4.59 54132.0
4.72 59684.0
4.82 45804.0
4.93 56908.0
5.04 34700.0
5.20 31924.0
5.31 61072.0
5.46 19432.0
5.56 49968.0
5.70 59684.0
5.81 54132.0
5.95 16656.0
6.06 59684.0
6.17 58296.0
6.28 58296.0
6.38 36088.0
6.49 55520.0
6.59 38864.0
6.70 55520.0
6.81 43028.0
6.92 54132.0
7.05 54132.0
7.40 52744.0
7.51 47192.0
7.61 55520.0
7.72 49968.0
7.82 43028.0
7.93 47192.0
8.04 56908.0
8.14 40252.0
8.25 31924.0
8.35 20820.0
8.46 34700.0
8.56 33312.0
8.67 56908.0
8.78 47192.0
8.88 56908.0
8.99 51356.0
9.10 45804.0
9.27 13880.0
9.37 70788.0
9.48 56908.0
9.58 52744.0
9.69 37476.0
9.80 51356.0
9.91 33312.0
10.02 59684.0
10.23 24984.0
10.33 52744.0
10.44 44416.0
10.56 38864.0
10.67 41640.0
10.78 62460.0
10.88 22208.0
10.99 52744.0
11.18 27760.0
11.29 52744.0
11.42 55520.0
11.53 52744.0
11.63 44416.0
11.78 15268.0
11.88 48580.0
11.99 48580.0
12.10 22208.0
12.21 29148.0
12.39 15268.0
12.50 31924.0
12.60 27760.0
12.71 22208.0
12.81 56908.0
12.92 36088.0
13.03 38864.0
13.13 34700.0
13.24 34700.0
13.34 40252.0
13.45 47192.0
13.64 31924.0
13.75 38864.0
13.85 36088.0
13.96 49968.0
14.15 26372.0
14.26 44416.0
14.36 22208.0
14.47 33312.0
14.57 26372.0
14.68 34700.0
14.79 31924.0
14.89 44416.0
15.10 40252.0
15.21 48580.0
15.34 31924.0
15.45 61072.0
15.59 54132.0
15.70 66624.0
15.82 44416.0
15.93 68012.0
16.07 48580.0
16.19 44416.0
16.30 30536.0
16.40 49968.0
16.51 55520.0
16.61 43028.0
16.72 48580.0
16.83 40252.0
16.94 58296.0
17.06 51356.0
17.26 41640.0
17.36 49968.0
17.47 62460.0
17.65 16656.0
17.76 65236.0
17.86 48580.0
17.97 55520.0
18.07 48580.0
18.18 30536.0
18.29 66624.0
18.39 30536.0
18.50 56908.0
18.61 4164.0
18.72 52744.0
18.82 47192.0
18.93 51356.0
19.04 49968.0
19.23 24984.0
19.33 38864.0
19.44 43028.0
19.55 49968.0
19.65 26372.0
19.77 23596.0
19.88 19432.0
19.99 33312.0
20.10 33312.0
20.21 65236.0
20.33 44416.0
20.44 37476.0
20.55 44416.0
20.68 58296.0
20.79 48580.0
20.92 12492.0
21.03 63848.0
21.13 48580.0
21.24 41640.0
21.34 59684.0
21.45 37476.0
21.56 47192.0
21.67 11104.0
21.78 68012.0
21.88 54132.0
21.99 45804.0
22.10 27760.0
22.21 45804.0
22.38 30536.0
22.50 45804.0
22.61 34700.0
22.73 38864.0
22.83 23596.0
22.94 43028.0
23.05 44416.0
23.22 33312.0
23.32 41640.0
23.43 47192.0
23.54 43028.0
23.64 38864.0
23.95 33312.0
24.06 62460.0
24.19 58296.0
24.30 51356.0
24.43 8328.0
24.54 56908.0
24.67 45804.0
24.79 56908.0
24.91 51356.0
25.02 58296.0
25.14 56908.0
25.26 55520.0
25.36 62460.0
25.47 44416.0
25.64 5552.0
25.75 51356.0
25.85 54132.0
25.96 38864.0
26.07 38864.0
26.25 36088.0
26.35 43028.0
26.46 58296.0
26.56 47192.0
26.68 34700.0
26.79 22208.0
26.89 30536.0
27.00 43028.0
27.10 51356.0
27.22 48580.0
27.32 40252.0
27.43 43028.0
27.57 9716.0
27.69 55520.0
27.80 24984.0
27.90 31924.0
28.02 16656.0
28.12 26372.0
28.23 31924.0
28.33 23596.0
28.45 36088.0
28.56 24984.0
28.67 22208.0
28.78 23596.0
28.88 19432.0
28.99 19432.0
29.10 23596.0
29.21 20820.0
29.32 18044.0
29.44 23596.0
29.55 24984.0
29.66 20820.0
29.77 22208.0
29.87 16656.0
29.98 18044.0
30.08 20820.0
30.19 22208.0
30.30 16656.0
30.40 13880.0
30.51 20820.0
30.61 18044.0
30.73 18044.0
30.83 15268.0
30.94 12492.0
31.06 20820.0
31.17 18044.0
31.29 22208.0
31.39 20820.0
31.51 18044.0
31.61 19432.0
31.72 20820.0
31.82 22208.0
31.93 31924.0
32.04 29148.0
32.14 22208.0
32.26 23596.0
32.36 19432.0
32.47 29148.0
32.57 24984.0
32.69 20820.0
32.80 27760.0
32.90 22208.0
33.02 26372.0
33.12 20820.0
33.24 22208.0
33.34 24984.0
33.45 24984.0
33.56 23596.0
33.67 23596.0
33.78 30536.0
33.88 20820.0
33.99 31924.0
34.09 29148.0
34.20 37476.0
34.31 45804.0
34.42 44416.0
34.53 27760.0
34.63 22208.0
34.74 20820.0
34.84 16656.0
34.95 9716.0
35.06 8328.0
35.17 12492.0
35.29 11104.0
35.41 5552.0
35.55 5552.0
35.65 12492.0
35.76 16656.0
35.86 22208.0
35.97 27760.0
36.07 16656.0
36.18 20820.0
36.29 19432.0
36.40 13880.0
36.51 19432.0
36.62 19432.0
36.74 11104.0
36.84 11104.0
36.95 8328.0
37.06 16656.0
37.17 20820.0
37.28 20820.0
37.39 9716.0
37.50 12492.0
37.61 16656.0
37.72 26372.0
37.82 24984.0
37.93 22208.0
38.04 24984.0
38.14 22208.0
38.25 12492.0
38.36 22208.0
38.48 18044.0
38.60 22208.0
38.71 20820.0
38.82 15268.0
38.93 15268.0
39.05 12492.0
39.17 12492.0
39.28 23596.0
39.39 16656.0
39.50 15268.0
39.62 15268.0
39.73 26372.0
39.83 26372.0
39.95 19432.0
40.06 20820.0
40.17 22208.0
40.28 37476.0
40.38 18044.0
40.49 27760.0
40.59 27760.0
40.70 36088.0
40.81 24984.0
40.92 24984.0
41.03 23596.0
41.13 27760.0
41.24 24984.0
41.34 24984.0
41.45 27760.0
41.56 24984.0
41.67 26372.0
41.78 22208.0
41.88 30536.0
42.00 34700.0
42.10 31924.0
42.21 43028.0
42.31 36088.0
42.42 33312.0
42.54 23596.0
42.64 30536.0
42.75 23596.0
42.85 20820.0
42.96 24984.0
43.06 29148.0
43.17 31924.0
43.28 27760.0
43.38 20820.0
43.49 19432.0
43.59 22208.0
43.70 31924.0
43.94 29148.0
44.05 38864.0
44.16 34700.0
44.27 33312.0
44.37 22208.0
44.48 41640.0
44.58 24984.0
44.69 27760.0
44.80 26372.0
44.90 29148.0
45.01 23596.0
45.11 22208.0
45.22 24984.0
45.32 26372.0
45.43 36088.0
45.54 33312.0
45.65 29148.0
45.76 20820.0
45.87 24984.0
45.98 23596.0
46.08 20820.0
46.19 22208.0
46.31 19432.0
46.43 31924.0
46.54 22208.0
46.64 19432.0
46.75 27760.0
46.85 27760.0
46.97 30536.0
47.07 36088.0
47.18 45804.0
47.30 51356.0
47.40 33312.0
47.51 36088.0
47.61 31924.0
47.72 26372.0
47.82 27760.0
47.93 29148.0
48.04 29148.0
48.14 29148.0
48.26 29148.0
48.36 36088.0
48.47 31924.0
48.57 34700.0
48.68 29148.0
48.80 34700.0
48.90 27760.0
49.02 36088.0
49.12 23596.0
49.23 30536.0
49.33 27760.0
49.44 23596.0
49.56 31924.0
49.67 34700.0
49.78 31924.0
49.88 29148.0
50.00 22208.0
50.10 31924.0
50.21 38864.0
50.31 27760.0
50.42 31924.0
50.57 31924.0
50.68 34700.0
50.80 33312.0
50.90 36088.0
51.01 24984.0
51.11 19432.0
51.22 24984.0
51.33 20820.0
51.44 13880.0
51.56 18044.0
51.67 15268.0
51.78 18044.0
51.88 16656.0
51.99 36088.0
52.09 31924.0
52.20 36088.0
52.31 38864.0
52.48 31924.0
52.58 43028.0
52.69 54132.0
52.80 51356.0
52.90 37476.0
53.02 36088.0
53.12 22208.0
53.23 22208.0
53.33 23596.0
53.44 12492.0
53.55 12492.0
53.65 18044.0
53.76 18044.0
53.86 20820.0
53.97 37476.0
54.07 38864.0
54.18 34700.0
54.29 38864.0
54.54 16656.0
54.65 27760.0
54.76 38864.0
54.86 52744.0
54.97 40252.0
55.07 43028.0
55.18 49968.0
55.29 44416.0
55.39 49968.0
55.50 37476.0
55.60 51356.0
55.71 38864.0
55.84 11104.0
55.95 45804.0
56.08 34700.0
56.19 52744.0
56.33 49968.0
56.44 43028.0
56.55 43028.0
56.65 40252.0
56.76 54132.0
56.86 45804.0
56.97 44416.0
57.07 19432.0
57.18 34700.0
57.30 30536.0
57.40 51356.0
57.53 45804.0
57.63 47192.0
57.74 43028.0
57.84 48580.0
58.00 11104.0
58.10 48580.0
58.21 36088.0
58.31 19432.0
58.43 22208.0
58.54 34700.0
58.64 26372.0
58.75 19432.0
58.85 36088.0
58.96 44416.0
59.06 38864.0
59.17 43028.0
59.32 20820.0
59.43 33312.0
59.54 34700.0
59.64 49968.0
59.75 63848.0
59.92 6940.0
