0.14 72176.0
0.25 43028.0
0.36 37476.0
0.47 41640.0
0.58 31924.0
0.68 36088.0
0.79 23596.0
0.89 38864.0
1.00 48580.0
1.11 47192.0
1.21 43028.0
1.36 16656.0
1.46 36088.0
1.59 49968.0
1.69 47192.0
1.81 45804.0
1.91 37476.0
2.02 33312.0
2.36 26372.0
2.46 84668.0
2.61 51356.0
2.71 24984.0
2.82 59684.0
2.92 33312.0
3.03 40252.0
3.13 30536.0
3.30 34700.0
3.40 34700.0
3.51 43028.0
3.62 37476.0
3.73 36088.0
3.84 47192.0
3.94 40252.0
4.05 49968.0
4.15 44416.0
4.26 31924.0
4.40 22208.0
4.68 23596.0
5.01 80504.0
5.12 48580.0
5.23 44416.0
5.34 47192.0
5.44 40252.0
5.64 40252.0
5.76 49968.0
5.88 52744.0
5.99 52744.0
6.10 44416.0
6.20 51356.0
6.31 38864.0
6.45 36088.0
6.60 6940.0
6.74 20820.0
6.85 83280.0
6.95 31924.0
7.06 34700.0
7.16 26372.0
7.27 33312.0
7.37 26372.0
7.48 41640.0
7.59 20820.0
7.69 41640.0
7.80 38864.0
7.90 41640.0
8.01 41640.0
8.12 38864.0
8.24 34700.0
8.35 43028.0
8.45 38864.0
8.56 37476.0
8.66 31924.0
8.77 38864.0
8.87 31924.0
9.00 19432.0
9.11 37476.0
9.21 36088.0
9.32 38864.0
9.42 36088.0
9.53 33312.0
9.63 30536.0
9.75 37476.0
9.86 18044.0
9.96 40252.0
10.07 34700.0
10.17 41640.0
10.28 34700.0
10.56 31924.0
10.66 41640.0
10.78 59684.0
10.88 43028.0
10.99 47192.0
11.10 43028.0
11.20 40252.0
11.31 40252.0
11.41 49968.0
11.52 36088.0
11.68 29148.0
11.79 45804.0
11.89 40252.0
12.04 18044.0
12.14 54132.0
12.28 54132.0
12.38 38864.0
12.49 45804.0
12.60 49968.0
12.70 44416.0
12.81 45804.0
12.91 36088.0
13.02 34700.0
13.12 12492.0
13.23 47192.0
13.35 43028.0
13.45 37476.0
13.56 34700.0
13.72 34700.0
13.83 56908.0
13.93 37476.0
14.04 31924.0
14.20 37476.0
14.31 45804.0
14.41 36088.0
14.52 52744.0
14.62 45804.0
14.73 41640.0
14.89 43028.0
15.16 2776.0
15.27 80504.0
15.37 37476.0
15.48 37476.0
15.59 41640.0
15.69 30536.0
15.80 13880.0
15.90 55520.0
16.01 45804.0
16.12 34700.0
16.28 33312.0
16.38 48580.0
16.49 47192.0
16.60 41640.0
16.70 31924.0
16.82 56908.0
16.92 27760.0
17.03 44416.0
17.13 40252.0
17.27 13880.0
17.38 41640.0
17.50 48580.0
17.61 43028.0
17.74 18044.0
17.85 49968.0
17.95 36088.0
18.06 30536.0
18.16 45804.0
18.27 51356.0
18.46 26372.0
18.57 49968.0
18.67 43028.0
18.78 45804.0
18.88 43028.0
18.99 49968.0
19.10 44416.0
19.20 38864.0
19.31 43028.0
19.41 44416.0
19.54 6940.0
19.64 34700.0
19.75 41640.0
19.90 26372.0
20.01 47192.0
20.12 45804.0
20.24 41640.0
20.35 45804.0
20.49 20820.0
20.60 58296.0
20.75 52744.0
20.86 52744.0
20.96 38864.0
21.07 47192.0
21.17 34700.0
21.29 38864.0
21.48 40252.0
21.59 54132.0
21.69 48580.0
21.80 38864.0
21.97 23596.0
22.08 61072.0
22.18 47192.0
22.29 49968.0
22.40 34700.0
22.51 52744.0
22.62 47192.0
22.73 43028.0
22.92 36088.0
23.03 49968.0
23.13 52744.0
23.24 30536.0
23.35 48580.0
23.45 33312.0
23.56 37476.0
23.67 8328.0
23.80 55520.0
23.90 36088.0
24.01 43028.0
24.14 16656.0
24.25 55520.0
24.36 49968.0
24.46 30536.0
24.58 47192.0
24.74 24984.0
24.85 51356.0
24.95 49968.0
25.06 37476.0
25.19 47192.0
25.30 62460.0
25.40 41640.0
25.51 43028.0
25.62 38864.0
25.74 38864.0
25.85 48580.0
25.95 23596.0
26.06 36088.0
26.17 26372.0
26.28 47192.0
26.42 29148.0
26.54 49968.0
26.64 52744.0
26.75 43028.0
26.86 49968.0
26.96 31924.0
27.07 40252.0
27.17 44416.0
27.28 34700.0
27.39 13880.0
27.53 41640.0
27.63 54132.0
27.74 31924.0
27.88 27760.0
28.01 51356.0
28.24 52744.0
28.35 51356.0
28.45 45804.0
28.56 48580.0
28.66 34700.0
28.77 48580.0
28.87 45804.0
28.98 47192.0
29.23 51356.0
29.34 48580.0
29.44 55520.0
29.55 40252.0
29.69 13880.0
29.80 47192.0
29.90 47192.0
30.01 41640.0
30.12 47192.0
30.23 48580.0
30.34 51356.0
30.44 36088.0
30.55 45804.0
30.65 36088.0
30.78 15268.0
30.88 49968.0
30.99 45804.0
31.10 47192.0
31.21 40252.0
31.32 49968.0
31.42 37476.0
31.74 15268.0
31.86 79116.0
31.96 33312.0
32.07 45804.0
32.17 34700.0
32.28 48580.0
32.38 41640.0
32.49 34700.0
32.60 43028.0
32.75 27760.0
32.86 41640.0
32.96 43028.0
33.07 36088.0
33.18 47192.0
33.29 48580.0
33.39 33312.0
33.50 37476.0
33.61 37476.0
33.72 16656.0
33.83 47192.0
33.94 47192.0
34.08 12492.0
34.18 48580.0
34.29 36088.0
34.39 30536.0
34.50 27760.0
34.61 30536.0
34.71 23596.0
34.82 31924.0
34.94 22208.0
35.06 66624.0
35.16 26372.0
35.27 48580.0
35.37 48580.0
35.48 36088.0
35.66 37476.0
35.77 34700.0
35.87 34700.0
35.98 33312.0
36.09 44416.0
36.19 44416.0
36.37 31924.0
36.48 48580.0
36.61 55520.0
36.71 44416.0
36.82 44416.0
36.99 19432.0
37.10 54132.0
37.20 41640.0
37.31 45804.0
37.41 23596.0
37.52 36088.0
37.70 41640.0
37.81 51356.0
37.91 43028.0
38.02 47192.0
38.12 43028.0
38.23 45804.0
38.34 47192.0
38.54 33312.0
38.64 43028.0
38.75 52744.0
38.86 36088.0
38.96 45804.0
39.15 22208.0
39.26 41640.0
39.37 20820.0
39.48 29148.0
39.59 34700.0
39.69 41640.0
39.80 44416.0
39.91 26372.0
40.02 29148.0
40.12 16656.0
40.23 22208.0
40.34 37476.0
40.44 27760.0
40.57 29148.0
40.67 31924.0
40.78 38864.0
40.88 23596.0
40.99 47192.0
41.10 34700.0
41.20 38864.0
41.32 11104.0
41.42 59684.0
41.53 45804.0
41.63 33312.0
41.74 44416.0
41.85 34700.0
41.95 34700.0
42.06 49968.0
42.28 41640.0
42.38 44416.0
42.49 54132.0
42.60 45804.0
42.70 33312.0
42.81 51356.0
43.01 27760.0
43.12 51356.0
43.23 45804.0
43.34 41640.0
43.44 49968.0
43.55 56908.0
43.66 27760.0
43.77 40252.0
43.87 34700.0
43.98 30536.0
44.09 16656.0
44.19 34700.0
44.30 38864.0
44.41 41640.0
44.56 19432.0
44.66 47192.0
44.77 54132.0
44.87 37476.0
44.98 36088.0
45.09 38864.0
45.19 40252.0
45.30 38864.0
45.40 6940.0
45.51 45804.0
45.62 38864.0
45.73 44416.0
45.84 44416.0
46.13 19432.0
46.24 66624.0
46.35 49968.0
46.45 43028.0
46.56 56908.0
46.66 36088.0
46.77 40252.0
46.87 37476.0
46.99 40252.0
47.10 12492.0
47.20 40252.0
47.31 37476.0
47.46 22208.0
47.57 51356.0
47.67 38864.0
47.78 41640.0
47.88 38864.0
47.99 49968.0
48.10 40252.0
48.20 41640.0
48.31 43028.0
48.42 47192.0
48.53 43028.0
48.63 41640.0
48.74 38864.0
48.90 24984.0
49.01 44416.0
49.29 43028.0
49.50 80504.0
49.61 41640.0
49.71 33312.0
49.86 23596.0
49.96 38864.0
50.07 44416.0
50.18 36088.0
50.30 54132.0
50.40 47192.0
50.51 49968.0
50.70 27760.0
50.81 54132.0
50.91 41640.0
51.02 49968.0
51.12 40252.0
51.23 44416.0
51.34 52744.0
51.44 30536.0
51.55 49968.0
51.65 34700.0
51.89 29148.0
52.00 54132.0
52.14 26372.0
52.25 49968.0
52.36 48580.0
52.46 29148.0
52.58 44416.0
52.68 33312.0
52.79 23596.0
52.89 30536.0
53.00 23596.0
53.11 22208.0
53.21 24984.0
53.32 37476.0
53.43 45804.0
53.54 48580.0
53.72 29148.0
53.85 30536.0
53.95 52744.0
54.16 52744.0
54.27 51356.0
54.37 47192.0
54.48 33312.0
54.59 30536.0
54.69 18044.0
54.80 19432.0
54.90 34700.0
55.02 31924.0
55.13 37476.0
55.24 55520.0
55.35 47192.0
55.45 44416.0
55.56 31924.0
55.66 44416.0
55.86 33312.0
55.96 36088.0
56.07 44416.0
56.17 34700.0
56.34 34700.0
56.44 40252.0
56.56 36088.0
56.66 44416.0
56.77 41640.0
56.87 37476.0
56.98 31924.0
57.09 37476.0
57.19 12492.0
57.30 52744.0
57.40 44416.0
57.51 33312.0
57.62 41640.0
57.73 49968.0
57.89 23596.0
58.00 44416.0
58.11 43028.0
58.21 45804.0
58.32 43028.0
58.42 41640.0
58.53 41640.0
58.63 30536.0
58.76 20820.0
58.87 43028.0
58.98 48580.0
59.09 44416.0
59.19 38864.0
59.35 26372.0
59.45 44416.0
59.56 44416.0
59.66 47192.0
59.77 47192.0
59.87 29148.0
59.98 37476.0
