0.10 95744.00
0.20 95744.00
0.30 95744.00
0.40 95744.00
0.50 95744.00
0.60 95744.00
0.70 95744.00
0.80 95744.00
0.90 95744.00
1.00 95744.00
1.10 99840.00
1.20 99840.00
1.30 99840.00
1.40 99840.00
1.50 99840.00
1.60 99840.00
1.70 99840.00
1.80 99840.00
1.90 99840.00
2.00 99840.00
2.10 102195.20
2.20 102195.20
2.30 102195.20
2.40 102195.20
2.50 102195.20
2.60 102195.20
2.70 102195.20
2.80 102195.20
2.90 102195.20
3.00 102195.20
3.10 102707.20
3.20 102707.20
3.30 102707.20
3.40 102707.20
3.50 102707.20
3.60 102707.20
3.70 102707.20
3.80 102707.20
3.90 102707.20
4.00 102707.20
4.10 99430.40
4.20 99430.40
4.30 99430.40
4.40 99430.40
4.50 99430.40
4.60 99430.40
4.70 99430.40
4.80 99430.40
4.90 99430.40
5.00 99430.40
5.10 103116.80
5.20 103116.80
5.30 103116.80
5.40 103116.80
5.50 103116.80
5.60 103116.80
5.70 103116.80
5.80 103116.80
5.90 103116.80
6.00 103116.80
6.10 102912.00
6.20 102912.00
6.30 102912.00
6.40 102912.00
6.50 102912.00
6.60 102912.00
6.70 102912.00
6.80 102912.00
6.90 102912.00
7.00 102912.00
7.10 102092.80
7.20 102092.80
7.30 102092.80
7.40 102092.80
7.50 102092.80
7.60 102092.80
7.70 102092.80
7.80 102092.80
7.90 102092.80
8.00 102092.80
8.10 103116.80
8.20 103116.80
8.30 103116.80
8.40 103116.80
8.50 103116.80
8.60 103116.80
8.70 103116.80
8.80 103116.80
8.90 103116.80
9.00 103116.80
9.10 100761.60
9.20 100761.60
9.30 100761.60
9.40 100761.60
9.50 100761.60
9.60 100761.60
9.70 100761.60
9.80 100761.60
9.90 100761.60
10.00 100761.60
10.10 102912.00
10.20 102912.00
10.30 102912.00
10.40 102912.00
10.50 102912.00
10.60 102912.00
10.70 102912.00
10.80 102912.00
10.90 102912.00
11.00 102912.00
11.10 100044.80
11.20 100044.80
11.30 100044.80
11.40 100044.80
11.50 100044.80
11.60 100044.80
11.70 100044.80
11.80 100044.80
11.90 100044.80
12.00 100044.80
12.10 99328.00
12.20 99328.00
12.30 99328.00
12.40 99328.00
12.50 99328.00
12.60 99328.00
12.70 99328.00
12.80 99328.00
12.90 99328.00
13.00 99328.00
13.10 101683.20
13.20 101683.20
13.30 101683.20
13.40 101683.20
13.50 101683.20
13.60 101683.20
13.70 101683.20
13.80 101683.20
13.90 101683.20
14.00 101683.20
14.10 100352.00
14.20 100352.00
14.30 100352.00
14.40 100352.00
14.50 100352.00
14.60 100352.00
14.70 100352.00
14.80 100352.00
14.90 100352.00
15.00 100352.00
15.10 102400.00
15.20 102400.00
15.30 102400.00
15.40 102400.00
15.50 102400.00
15.60 102400.00
15.70 102400.00
15.80 102400.00
15.90 102400.00
16.00 102400.00
16.10 101580.80
16.20 101580.80
16.30 101580.80
16.40 101580.80
16.50 101580.80
16.60 101580.80
16.70 101580.80
16.80 101580.80
16.90 101580.80
17.00 101580.80
17.10 101785.60
17.20 101785.60
17.30 101785.60
17.40 101785.60
17.50 101785.60
17.60 101785.60
17.70 101785.60
17.80 101785.60
17.90 101785.60
18.00 101785.60
18.10 100761.60
18.20 100761.60
18.30 100761.60
18.40 100761.60
18.50 100761.60
18.60 100761.60
18.70 100761.60
18.80 100761.60
18.90 100761.60
19.00 100761.60
19.10 97689.60
19.20 97689.60
19.30 97689.60
19.40 97689.60
19.50 97689.60
19.60 97689.60
19.70 97689.60
19.80 97689.60
19.90 97689.60
20.00 97689.60
20.10 102400.00
20.20 102400.00
20.30 102400.00
20.40 102400.00
20.50 102400.00
20.60 102400.00
20.70 102400.00
20.80 102400.00
20.90 102400.00
21.00 102400.00
21.10 97484.80
21.20 97484.80
21.30 97484.80
21.40 97484.80
21.50 97484.80
21.60 97484.80
21.70 97484.80
21.80 97484.80
21.90 97484.80
22.00 97484.80
22.10 100966.40
22.20 100966.40
22.30 100966.40
22.40 100966.40
22.50 100966.40
22.60 100966.40
22.70 100966.40
22.80 100966.40
22.90 100966.40
23.00 100966.40
23.10 104345.60
23.20 104345.60
23.30 104345.60
23.40 104345.60
23.50 104345.60
23.60 104345.60
23.70 104345.60
23.80 104345.60
23.90 104345.60
24.00 104345.60
24.10 98406.40
24.20 98406.40
24.30 98406.40
24.40 98406.40
24.50 98406.40
24.60 98406.40
24.70 98406.40
24.80 98406.40
24.90 98406.40
25.00 98406.40
25.10 102400.00
25.20 102400.00
25.30 102400.00
25.40 102400.00
25.50 102400.00
25.60 102400.00
25.70 102400.00
25.80 102400.00
25.90 102400.00
26.00 102400.00
26.10 99328.00
26.20 99328.00
26.30 99328.00
26.40 99328.00
26.50 99328.00
26.60 99328.00
26.70 99328.00
26.80 99328.00
26.90 99328.00
27.00 99328.00
27.10 100966.40
27.20 100966.40
27.30 100966.40
27.40 100966.40
27.50 100966.40
27.60 100966.40
27.70 100966.40
27.80 100966.40
27.90 100966.40
28.00 100966.40
28.10 101683.20
28.20 101683.20
28.30 101683.20
28.40 101683.20
28.50 101683.20
28.60 101683.20
28.70 101683.20
28.80 101683.20
28.90 101683.20
29.00 101683.20
29.10 101785.60
29.20 101785.60
29.30 101785.60
29.40 101785.60
29.50 101785.60
29.60 101785.60
29.70 101785.60
29.80 101785.60
29.90 101785.60
30.00 101785.60
