0.10 52138.68
0.20 52138.68
0.30 52138.68
0.40 52138.68
0.50 52138.68
0.60 52138.68
0.70 52138.68
0.80 52138.68
0.90 52138.68
1.00 52138.68
1.10 52596.45
1.20 52596.45
1.30 52596.45
1.40 52596.45
1.50 52596.45
1.60 52596.45
1.70 52596.45
1.80 52596.45
1.90 52596.45
2.00 52596.45
2.10 67520.47
2.20 67520.47
2.30 67520.47
2.40 67520.47
2.50 67520.47
2.60 67520.47
2.70 67520.47
2.80 67520.47
2.90 67520.47
3.00 67520.47
3.10 55871.84
3.20 55871.84
3.30 55871.84
3.40 55871.84
3.50 55871.84
3.60 55871.84
3.70 55871.84
3.80 55871.84
3.90 55871.84
4.00 55871.84
4.10 57002.82
4.20 57002.82
4.30 57002.82
4.40 57002.82
4.50 57002.82
4.60 57002.82
4.70 57002.82
4.80 57002.82
4.90 57002.82
5.00 57002.82
5.10 40084.05
5.20 40084.05
5.30 40084.05
5.40 40084.05
5.50 40084.05
5.60 40084.05
5.70 40084.05
5.80 40084.05
5.90 40084.05
6.00 40084.05
6.10 48650.74
6.20 48650.74
6.30 48650.74
6.40 48650.74
6.50 48650.74
6.60 48650.74
6.70 48650.74
6.80 48650.74
6.90 48650.74
7.00 48650.74
7.10 52281.20
7.20 52281.20
7.30 52281.20
7.40 52281.20
7.50 52281.20
7.60 52281.20
7.70 52281.20
7.80 52281.20
7.90 52281.20
8.00 52281.20
8.10 46689.04
8.20 46689.04
8.30 46689.04
8.40 46689.04
8.50 46689.04
8.60 46689.04
8.70 46689.04
8.80 46689.04
8.90 46689.04
9.00 46689.04
9.10 52197.21
9.20 52197.21
9.30 52197.21
9.40 52197.21
9.50 52197.21
9.60 52197.21
9.70 52197.21
9.80 52197.21
9.90 52197.21
10.00 52197.21
10.10 48905.56
10.20 48905.56
10.30 48905.56
10.40 48905.56
10.50 48905.56
10.60 48905.56
10.70 48905.56
10.80 48905.56
10.90 48905.56
11.00 48905.56
11.10 67869.86
11.20 67869.86
11.30 67869.86
11.40 67869.86
11.50 67869.86
11.60 67869.86
11.70 67869.86
11.80 67869.86
11.90 67869.86
12.00 67869.86
12.10 49333.51
12.20 49333.51
12.30 49333.51
12.40 49333.51
12.50 49333.51
12.60 49333.51
12.70 49333.51
12.80 49333.51
12.90 49333.51
13.00 49333.51
13.10 49172.36
13.20 49172.36
13.30 49172.36
13.40 49172.36
13.50 49172.36
13.60 49172.36
13.70 49172.36
13.80 49172.36
13.90 49172.36
14.00 49172.36
14.10 58596.36
14.20 58596.36
14.30 58596.36
14.40 58596.36
14.50 58596.36
14.60 58596.36
14.70 58596.36
14.80 58596.36
14.90 58596.36
15.00 58596.36
15.10 52512.73
15.20 52512.73
15.30 52512.73
15.40 52512.73
15.50 52512.73
15.60 52512.73
15.70 52512.73
15.80 52512.73
15.90 52512.73
16.00 52512.73
16.10 58715.26
16.20 58715.26
16.30 58715.26
16.40 58715.26
16.50 58715.26
16.60 58715.26
16.70 58715.26
16.80 58715.26
16.90 58715.26
17.00 58715.26
17.10 63926.34
17.20 63926.34
17.30 63926.34
17.40 63926.34
17.50 63926.34
17.60 63926.34
17.70 63926.34
17.80 63926.34
17.90 63926.34
18.00 63926.34
18.10 47567.79
18.20 47567.79
18.30 47567.79
18.40 47567.79
18.50 47567.79
18.60 47567.79
18.70 47567.79
18.80 47567.79
18.90 47567.79
19.00 47567.79
19.10 39774.81
19.20 39774.81
19.30 39774.81
19.40 39774.81
19.50 39774.81
19.60 39774.81
19.70 39774.81
19.80 39774.81
19.90 39774.81
20.00 39774.81
20.10 52715.14
20.20 52715.14
20.30 52715.14
20.40 52715.14
20.50 52715.14
20.60 52715.14
20.70 52715.14
20.80 52715.14
20.90 52715.14
21.00 52715.14
21.10 49620.35
21.20 49620.35
21.30 49620.35
21.40 49620.35
21.50 49620.35
21.60 49620.35
21.70 49620.35
21.80 49620.35
21.90 49620.35
22.00 49620.35
22.10 69947.10
22.20 69947.10
22.30 69947.10
22.40 69947.10
22.50 69947.10
22.60 69947.10
22.70 69947.10
22.80 69947.10
22.90 69947.10
23.00 69947.10
23.10 53810.52
23.20 53810.52
23.30 53810.52
23.40 53810.52
23.50 53810.52
23.60 53810.52
23.70 53810.52
23.80 53810.52
23.90 53810.52
24.00 53810.52
24.10 51301.58
24.20 51301.58
24.30 51301.58
24.40 51301.58
24.50 51301.58
24.60 51301.58
24.70 51301.58
24.80 51301.58
24.90 51301.58
25.00 51301.58
25.10 52371.59
25.20 52371.59
25.30 52371.59
25.40 52371.59
25.50 52371.59
25.60 52371.59
25.70 52371.59
25.80 52371.59
25.90 52371.59
26.00 52371.59
26.10 60406.39
26.20 60406.39
26.30 60406.39
26.40 60406.39
26.50 60406.39
26.60 60406.39
26.70 60406.39
26.80 60406.39
26.90 60406.39
27.00 60406.39
27.10 48663.42
27.20 48663.42
27.30 48663.42
27.40 48663.42
27.50 48663.42
27.60 48663.42
27.70 48663.42
27.80 48663.42
27.90 48663.42
28.00 48663.42
28.10 44254.56
28.20 44254.56
28.30 44254.56
28.40 44254.56
28.50 44254.56
28.60 44254.56
28.70 44254.56
28.80 44254.56
28.90 44254.56
29.00 44254.56
29.10 62600.31
29.20 62600.31
29.30 62600.31
29.40 62600.31
29.50 62600.31
29.60 62600.31
29.70 62600.31
29.80 62600.31
29.90 62600.31
30.00 62600.31
