0.03 14996.90
0.15 14996.90
0.27 14996.90
0.39 14996.90
0.51 14996.90
0.62 14996.90
0.74 14996.90
0.86 14996.90
0.98 14996.90
1.08 13473.50
1.18 13473.50
1.28 13473.50
1.38 13473.50
1.48 13473.50
1.58 13473.50
1.68 13473.50
1.78 13473.50
1.88 13473.50
1.98 13473.50
2.09 9436.50
2.19 9436.50
2.30 9436.50
2.41 9436.50
2.52 9436.50
2.63 9436.50
2.74 9436.50
2.84 9436.50
2.95 9436.50
3.06 9436.50
3.16 16790.90
3.26 16790.90
3.36 16790.90
3.46 16790.90
3.56 16790.90
3.66 16790.90
3.77 16790.90
3.87 16790.90
3.97 16790.90
4.07 16790.90
4.17 10823.90
4.28 10823.90
4.38 10823.90
4.49 10823.90
4.59 10823.90
4.70 10823.90
4.80 10823.90
4.91 10823.90
5.01 10823.90
5.12 10823.90
5.23 14045.10
5.34 14045.10
5.45 14045.10
5.56 14045.10
5.67 14045.10
5.78 14045.10
5.89 14045.10
6.00 14045.10
6.11 14045.10
6.22 14045.10
6.32 12652.50
6.42 12652.50
6.52 12652.50
6.62 12652.50
6.72 12652.50
6.82 12652.50
6.93 12652.50
7.03 12652.50
7.13 12652.50
7.23 12652.50
7.34 11991.30
7.44 11991.30
7.55 11991.30
7.66 11991.30
7.76 11991.30
7.87 11991.30
7.98 11991.30
8.08 11991.30
8.19 11991.30
8.30 11991.30
8.40 14082.70
8.50 14082.70
8.60 14082.70
8.70 14082.70
8.80 14082.70
8.90 14082.70
9.00 14082.70
9.10 14082.70
9.20 14082.70
9.30 14082.70
9.40 8976.90
9.51 8976.90
9.61 8976.90
9.71 8976.90
9.81 8976.90
9.91 8976.90
10.01 8976.90
10.11 8976.90
10.22 8976.90
10.32 8976.90
10.42 12952.20
10.52 12952.20
10.62 12952.20
10.72 12952.20
10.82 12952.20
10.92 12952.20
11.02 12952.20
11.12 12952.20
11.22 12952.20
11.32 12952.20
11.42 11762.80
11.52 11762.80
11.62 11762.80
11.72 11762.80
11.82 11762.80
11.92 11762.80
12.02 11762.80
12.13 11762.80
12.23 11762.80
12.33 11762.80
12.43 9590.20
12.54 9590.20
12.65 9590.20
12.76 9590.20
12.86 9590.20
12.97 9590.20
13.08 9590.20
13.18 9590.20
13.29 9590.20
13.40 9590.20
13.50 13475.20
13.60 13475.20
13.70 13475.20
13.80 13475.20
13.91 13475.20
14.01 13475.20
14.11 13475.20
14.21 13475.20
14.31 13475.20
14.42 13475.20
14.52 11421.10
14.62 11421.10
14.72 11421.10
14.82 11421.10
14.92 11421.10
15.02 11421.10
15.12 11421.10
15.22 11421.10
15.33 11421.10
15.43 11421.10
15.53 13453.10
15.63 13453.10
15.73 13453.10
15.83 13453.10
15.93 13453.10
16.03 13453.10
16.13 13453.10
16.23 13453.10
16.34 13453.10
16.44 13453.10
16.56 8305.40
16.67 8305.40
16.79 8305.40
16.91 8305.40
17.03 8305.40
17.15 8305.40
17.27 8305.40
17.39 8305.40
17.51 8305.40
17.63 8305.40
17.73 9774.10
17.83 9774.10
17.93 9774.10
18.03 9774.10
18.13 9774.10
18.23 9774.10
18.33 9774.10
18.43 9774.10
18.53 9774.10
18.63 9774.10
18.74 10317.30
18.86 10317.30
18.98 10317.30
19.10 10317.30
19.22 10317.30
19.33 10317.30
19.45 10317.30
19.57 10317.30
19.69 10317.30
19.81 10317.30
19.91 7100.50
20.01 7100.50
20.11 7100.50
20.21 7100.50
20.31 7100.50
20.41 7100.50
20.51 7100.50
20.61 7100.50
20.71 7100.50
20.81 7100.50
20.91 11299.10
21.02 11299.10
21.12 11299.10
21.23 11299.10
21.33 11299.10
21.44 11299.10
21.54 11299.10
21.65 11299.10
21.75 11299.10
21.86 11299.10
21.96 14790.30
22.06 14790.30
22.16 14790.30
22.26 14790.30
22.37 14790.30
22.47 14790.30
22.57 14790.30
22.67 14790.30
22.77 14790.30
22.88 14790.30
22.98 12363.20
23.08 12363.20
23.18 12363.20
23.28 12363.20
23.38 12363.20
23.48 12363.20
23.58 12363.20
23.68 12363.20
23.79 12363.20
23.89 12363.20
23.99 11176.20
24.10 11176.20
24.20 11176.20
24.31 11176.20
24.42 11176.20
24.52 11176.20
24.63 11176.20
24.73 11176.20
24.84 11176.20
24.95 11176.20
25.09 13378.50
25.23 13378.50
25.37 13378.50
25.51 13378.50
25.65 13378.50
25.79 13378.50
25.93 13378.50
26.07 13378.50
26.22 13378.50
26.36 13378.50
26.46 11589.40
26.56 11589.40
26.66 11589.40
26.76 11589.40
26.87 11589.40
26.97 11589.40
27.07 11589.40
27.17 11589.40
27.27 11589.40
27.38 11589.40
27.48 11200.70
27.58 11200.70
27.68 11200.70
27.78 11200.70
27.88 11200.70
27.98 11200.70
28.08 11200.70
28.18 11200.70
28.29 11200.70
28.39 11200.70
28.49 9264.10
28.59 9264.10
28.69 9264.10
28.79 9264.10
28.90 9264.10
29.00 9264.10
29.10 9264.10
29.20 9264.10
29.30 9264.10
29.41 9264.10
29.51 12165.60
29.61 12165.60
29.71 12165.60
29.81 12165.60
29.91 12165.60
