0.09 1915.20
0.19 1915.20
0.29 1915.20
0.39 1915.20
0.49 1915.20
0.59 1915.20
0.69 1915.20
0.91 2042.00
1.12 2042.00
1.34 2042.00
1.56 2042.00
1.77 2042.00
1.99 2042.00
2.21 2042.00
2.42 2042.00
2.64 2042.00
2.86 2042.00
2.96 684.00
3.06 684.00
3.16 684.00
3.26 684.00
3.36 684.00
3.46 684.00
3.56 684.00
3.66 684.00
3.76 684.00
3.86 684.00
3.96 2462.40
4.06 2462.40
4.16 2462.40
4.26 2462.40
4.36 2462.40
4.46 2462.40
4.57 2462.40
4.67 2462.40
4.77 2462.40
4.87 2462.40
5.06 1638.40
5.25 1638.40
5.44 1638.40
5.63 1638.40
5.82 1638.40
6.01 1638.40
6.20 1638.40
6.39 1638.40
6.58 1638.40
6.77 1638.40
6.89 1512.90
7.01 1512.90
7.13 1512.90
7.25 1512.90
7.37 1512.90
7.48 1512.90
7.60 1512.90
7.72 1512.90
7.84 1512.90
7.96 1512.90
8.06 1504.80
8.17 1504.80
8.27 1504.80
8.37 1504.80
8.48 1504.80
8.58 1504.80
8.69 1504.80
8.79 1504.80
8.89 1504.80
9.00 1504.80
9.10 1915.20
9.21 1915.20
9.32 1915.20
9.42 1915.20
9.53 1915.20
9.63 1915.20
9.74 1915.20
9.85 1915.20
9.95 1915.20
10.06 1915.20
10.16 2599.20
10.27 2599.20
10.37 2599.20
10.48 2599.20
10.58 2599.20
10.69 2599.20
10.79 2599.20
10.90 2599.20
11.00 2599.20
11.11 2599.20
11.21 1971.10
11.31 1971.10
11.42 1971.10
11.52 1971.10
11.62 1971.10
11.73 1971.10
11.83 1971.10
11.93 1971.10
12.03 1971.10
12.14 1971.10
12.24 3283.20
12.35 3283.20
12.46 3283.20
12.57 3283.20
12.67 3283.20
12.78 3283.20
12.89 3283.20
12.99 3283.20
13.10 3283.20
13.21 3283.20
13.34 1368.00
13.47 1368.00
13.60 1368.00
13.73 1368.00
13.86 1368.00
13.99 1368.00
14.12 1368.00
14.25 1368.00
14.38 1368.00
14.51 1368.00
14.61 1189.10
14.71 1189.10
14.82 1189.10
14.92 1189.10
15.02 1189.10
15.13 1189.10
15.23 1189.10
15.33 1189.10
15.43 1189.10
15.54 1189.10
15.64 2872.80
15.74 2872.80
15.84 2872.80
15.95 2872.80
16.05 2872.80
16.15 2872.80
16.25 2872.80
16.35 2872.80
16.46 2872.80
16.56 2872.80
16.66 2599.20
16.76 2599.20
16.86 2599.20
16.96 2599.20
17.06 2599.20
17.16 2599.20
17.26 2599.20
17.36 2599.20
17.46 2599.20
17.56 2599.20
17.66 2359.10
17.77 2359.10
17.87 2359.10
17.98 2359.10
18.08 2359.10
18.18 2359.10
18.29 2359.10
18.39 2359.10
18.49 2359.10
18.60 2359.10
18.72 4048.90
18.85 4048.90
18.97 4048.90
19.10 4048.90
19.22 4048.90
19.35 4048.90
19.47 4048.90
19.60 4048.90
19.72 4048.90
19.85 4048.90
19.95 4377.60
20.05 4377.60
20.16 4377.60
20.26 4377.60
20.36 4377.60
20.47 4377.60
20.57 4377.60
20.67 4377.60
20.77 4377.60
20.88 4377.60
20.98 3793.80
21.08 3793.80
21.19 3793.80
21.29 3793.80
21.39 3793.80
21.50 3793.80
21.60 3793.80
21.70 3793.80
21.80 3793.80
21.91 3793.80
22.02 4092.50
22.14 4092.50
22.25 4092.50
22.36 4092.50
22.48 4092.50
22.59 4092.50
22.71 4092.50
22.82 4092.50
22.93 4092.50
23.05 4092.50
23.15 3283.20
23.25 3283.20
23.35 3283.20
23.45 3283.20
23.55 3283.20
23.65 3283.20
23.75 3283.20
23.85 3283.20
23.96 3283.20
24.06 3283.20
24.17 3469.30
24.28 3469.30
24.40 3469.30
24.51 3469.30
24.63 3469.30
24.74 3469.30
24.86 3469.30
24.97 3469.30
25.08 3469.30
25.20 3469.30
25.30 5061.60
25.40 5061.60
25.50 5061.60
25.61 5061.60
25.71 5061.60
25.81 5061.60
25.91 5061.60
26.01 5061.60
26.12 5061.60
26.22 5061.60
26.32 2623.50
26.42 2623.50
26.53 2623.50
26.63 2623.50
26.73 2623.50
26.84 2623.50
26.94 2623.50
27.04 2623.50
27.14 2623.50
27.25 2623.50
28.34 1504.80
29.44 1504.80
