0.13 2701.30
0.47 2701.30
0.81 2701.30
1.16 2701.30
1.50 2701.30
1.60 2052.00
1.70 2052.00
1.80 2052.00
1.91 2052.00
2.01 2052.00
2.11 2052.00
2.21 2052.00
2.31 2052.00
2.41 2052.00
2.51 2052.00
2.64 1094.40
2.77 1094.40
2.91 1094.40
3.04 1094.40
3.17 1094.40
3.30 1094.40
3.44 1094.40
3.57 1094.40
3.70 1094.40
3.83 1094.40
3.97 7733.70
4.12 7733.70
4.26 7733.70
4.40 7733.70
4.54 7733.70
4.68 7733.70
4.83 7733.70
4.97 7733.70
5.11 7733.70
5.25 7733.70
5.35 7113.60
5.46 7113.60
5.56 7113.60
5.66 7113.60
5.77 7113.60
5.87 7113.60
5.97 7113.60
6.08 7113.60
6.18 7113.60
6.28 7113.60
6.38 4476.30
6.48 4476.30
6.59 4476.30
6.69 4476.30
6.79 4476.30
6.89 4476.30
6.99 4476.30
7.09 4476.30
7.19 4476.30
7.29 4476.30
7.39 3806.30
7.50 3806.30
7.60 3806.30
7.70 3806.30
7.80 3806.30
7.90 3806.30
8.01 3806.30
8.11 3806.30
8.21 3806.30
8.31 3806.30
8.42 3693.60
8.52 3693.60
8.62 3693.60
8.73 3693.60
8.83 3693.60
8.94 3693.60
9.04 3693.60
9.14 3693.60
9.25 3693.60
9.35 3693.60
9.48 2188.80
9.60 2188.80
9.73 2188.80
9.85 2188.80
9.98 2188.80
10.10 2188.80
10.23 2188.80
10.35 2188.80
10.48 2188.80
10.60 2188.80
10.72 210.10
10.84 210.10
10.95 210.10
11.07 210.10
11.19 210.10
11.30 210.10
11.42 210.10
11.54 210.10
11.65 210.10
11.77 210.10
11.87 957.60
11.97 957.60
12.07 957.60
12.17 957.60
12.28 957.60
12.38 957.60
12.48 957.60
12.58 957.60
12.68 957.60
12.78 957.60
12.90 1231.20
13.03 1231.20
13.15 1231.20
13.27 1231.20
13.40 1231.20
13.52 1231.20
13.64 1231.20
13.76 1231.20
13.89 1231.20
14.01 1231.20
14.12 2462.40
14.22 2462.40
14.33 2462.40
14.43 2462.40
14.54 2462.40
14.65 2462.40
14.75 2462.40
14.86 2462.40
14.96 2462.40
15.07 2462.40
15.21 1769.80
15.34 1769.80
15.48 1769.80
15.61 1769.80
15.75 1769.80
15.88 1769.80
16.02 1769.80
16.15 1769.80
16.29 1769.80
16.42 1769.80
16.52 2188.80
16.62 2188.80
16.72 2188.80
16.82 2188.80
16.93 2188.80
17.03 2188.80
17.13 2188.80
17.23 2188.80
17.33 2188.80
17.43 2188.80
17.54 1504.80
17.65 1504.80
17.76 1504.80
17.87 1504.80
17.98 1504.80
18.09 1504.80
18.20 1504.80
18.31 1504.80
18.42 1504.80
18.53 1504.80
18.63 1778.40
18.73 1778.40
18.84 1778.40
18.94 1778.40
19.04 1778.40
19.14 1778.40
19.24 1778.40
19.35 1778.40
19.45 1778.40
19.55 1778.40
19.66 904.50
19.78 904.50
19.89 904.50
20.00 904.50
20.11 904.50
20.23 904.50
20.34 904.50
20.45 904.50
20.57 904.50
20.68 904.50
20.78 2599.20
20.89 2599.20
20.99 2599.20
21.10 2599.20
21.20 2599.20
21.30 2599.20
21.41 2599.20
21.51 2599.20
21.62 2599.20
21.72 2599.20
21.82 3775.10
21.93 3775.10
22.03 3775.10
22.14 3775.10
22.24 3775.10
22.34 3775.10
22.45 3775.10
22.55 3775.10
22.66 3775.10
22.76 3775.10
22.86 2052.00
22.96 2052.00
23.06 2052.00
23.16 2052.00
23.26 2052.00
23.37 2052.00
23.47 2052.00
23.57 2052.00
23.67 2052.00
23.77 2052.00
23.87 2052.00
23.98 2052.00
24.08 2052.00
24.19 2052.00
24.29 2052.00
24.39 2052.00
24.50 2052.00
24.60 2052.00
24.71 2052.00
24.81 2052.00
24.91 2188.80
25.02 2188.80
25.12 2188.80
25.22 2188.80
25.32 2188.80
25.43 2188.80
25.53 2188.80
25.63 2188.80
25.74 2188.80
25.84 2188.80
25.95 1641.60
26.07 1641.60
26.18 1641.60
26.30 1641.60
26.41 1641.60
26.52 1641.60
26.64 1641.60
26.75 1641.60
26.87 1641.60
26.98 1641.60
27.09 1231.20
27.20 1231.20
27.30 1231.20
27.41 1231.20
27.52 1231.20
27.63 1231.20
27.74 1231.20
27.84 1231.20
27.95 1231.20
28.06 1231.20
28.16 1701.00
28.26 1701.00
28.36 1701.00
28.46 1701.00
28.57 1701.00
28.67 1701.00
28.77 1701.00
28.87 1701.00
28.97 1701.00
29.07 1701.00
29.17 5472.00
29.27 5472.00
29.38 5472.00
29.48 5472.00
29.58 5472.00
29.68 5472.00
29.78 5472.00
29.89 5472.00
29.99 5472.00
