0.04 3369.90
0.14 3369.90
0.24 3369.90
0.34 3369.90
0.44 3369.90
0.54 1915.20
0.65 1915.20
0.75 1915.20
0.86 1915.20
0.96 1915.20
1.06 1915.20
1.17 1915.20
1.27 1915.20
1.38 1915.20
1.48 1915.20
1.58 2188.80
1.68 2188.80
1.79 2188.80
1.89 2188.80
1.99 2188.80
2.09 2188.80
2.19 2188.80
2.30 2188.80
2.40 2188.80
2.50 2188.80
2.60 2199.00
2.70 2199.00
2.80 2199.00
2.90 2199.00
3.01 2199.00
3.11 2199.00
3.21 2199.00
3.31 2199.00
3.41 2199.00
3.51 2199.00
3.61 4651.20
3.71 4651.20
3.81 4651.20
3.91 4651.20
4.02 4651.20
4.12 4651.20
4.22 4651.20
4.32 4651.20
4.42 4651.20
4.52 4651.20
4.62 4110.90
4.72 4110.90
4.83 4110.90
4.93 4110.90
5.03 4110.90
5.13 4110.90
5.23 4110.90
5.34 4110.90
5.44 4110.90
5.54 4110.90
5.65 4788.00
5.75 4788.00
5.86 4788.00
5.96 4788.00
6.07 4788.00
6.17 4788.00
6.28 4788.00
6.38 4788.00
6.49 4788.00
6.59 4788.00
6.69 4856.90
6.79 4856.90
6.89 4856.90
6.99 4856.90
7.10 4856.90
7.20 4856.90
7.30 4856.90
7.40 4856.90
7.50 4856.90
7.60 4856.90
7.70 7638.10
7.80 7638.10
7.90 7638.10
8.00 7638.10
8.11 7638.10
8.21 7638.10
8.31 7638.10
8.41 7638.10
8.51 7638.10
8.61 7638.10
8.73 7350.00
8.85 7350.00
8.97 7350.00
9.09 7350.00
9.22 7350.00
9.34 7350.00
9.46 7350.00
9.58 7350.00
9.70 7350.00
9.82 7350.00
9.92 6976.80
10.02 6976.80
10.13 6976.80
10.23 6976.80
10.33 6976.80
10.43 6976.80
10.53 6976.80
10.64 6976.80
10.74 6976.80
10.84 6976.80
10.94 7804.60
11.04 7804.60
11.15 7804.60
11.25 7804.60
11.35 7804.60
11.45 7804.60
11.55 7804.60
11.66 7804.60
11.76 7804.60
11.86 7804.60
11.96 9865.60
12.06 9865.60
12.16 9865.60
12.26 9865.60
12.37 9865.60
12.47 9865.60
12.57 9865.60
12.67 9865.60
12.77 9865.60
12.87 9865.60
12.98 7726.40
13.09 7726.40
13.20 7726.40
13.31 7726.40
13.43 7726.40
13.54 7726.40
13.65 7726.40
13.76 7726.40
13.87 7726.40
13.98 7726.40
14.08 8556.60
14.18 8556.60
14.28 8556.60
14.38 8556.60
14.49 8556.60
14.59 8556.60
14.69 8556.60
14.79 8556.60
14.89 8556.60
14.99 8556.60
15.09 5109.90
15.19 5109.90
15.29 5109.90
15.39 5109.90
15.50 5109.90
15.60 5109.90
15.70 5109.90
15.80 5109.90
15.90 5109.90
16.00 5109.90
16.10 9841.10
16.21 9841.10
16.31 9841.10
16.41 9841.10
16.52 9841.10
16.62 9841.10
16.72 9841.10
16.82 9841.10
16.93 9841.10
17.03 9841.10
17.13 10403.60
17.23 10403.60
17.33 10403.60
17.43 10403.60
17.54 10403.60
17.64 10403.60
17.74 10403.60
17.84 10403.60
17.94 10403.60
18.04 10403.60
18.14 10858.60
18.24 10858.60
18.34 10858.60
18.44 10858.60
18.55 10858.60
18.65 10858.60
18.75 10858.60
18.85 10858.60
18.95 10858.60
19.05 10858.60
19.59 7180.70
20.12 7180.70
20.66 7180.70
21.19 7180.70
21.73 7180.70
22.26 7180.70
22.80 7180.70
23.33 7180.70
23.87 7180.70
24.40 7180.70
24.52 820.80
24.64 820.80
24.76 820.80
24.87 820.80
24.99 820.80
25.11 820.80
25.23 820.80
25.35 820.80
25.46 820.80
25.58 820.80
25.68 3009.60
25.78 3009.60
25.88 3009.60
25.98 3009.60
26.08 3009.60
26.18 3009.60
26.28 3009.60
26.38 3009.60
26.48 3009.60
26.58 3009.60
26.68 4514.40
26.79 4514.40
26.89 4514.40
26.99 4514.40
27.09 4514.40
27.19 4514.40
27.30 4514.40
27.40 4514.40
27.50 4514.40
27.60 4514.40
27.70 4377.60
27.80 4377.60
27.90 4377.60
28.01 4377.60
28.11 4377.60
28.21 4377.60
28.31 4377.60
28.41 4377.60
28.51 4377.60
28.61 4377.60
28.71 4514.40
28.81 4514.40
28.91 4514.40
29.02 4514.40
29.12 4514.40
29.22 4514.40
29.32 4514.40
29.42 4514.40
29.52 4514.40
29.62 4514.40
29.75 3489.90
29.87 3489.90
30.00 3489.90
