1
2
4
5
7
8
10
11
12
14
15
17
18
20
21
22
24
25
27
28
30
31
32
34
35
37
38
40
41
42
44
45
47
48
50
51
52
54
55
57
58
60
61
62
64
65
67
68
70
71
72
74
75
77
78
80
81
82
84
85
87
88
90
91
92
94
95
97
98
100
101
102
104
105
107
108
110
111
112
114
115
117
118
120
121
122
124
125
127
128
130
131
132
134
135
137
138
140
141
142
144
145
147
148
150
151
152
154
155
157
158
160
161
162
164
165
167
168
170
171
172
174
175
177
178
180
181
182
184
185
187
188
190
191
192
194
195
197
198
200
201
202
204
205
207
208
209
211
212
214
215
216
218
219
221
222
223
225
226
228
229
230
232
233
235
236
238
239
240
242
243
245
246
247
249
250
252
253
254
256
257
259
260
261
263
264
266
267
269
270
271
273
274
276
277
278
280
281
283
284
285
287
288
290
291
292
294
295
297
298
300
301
302
304
305
307
308
310
311
312
314
315
317
318
320
321
322
324
325
327
328
330
331
332
334
335
337
338
340
341
342
344
345
347
348
350
351
352
354
355
357
358
360
361
362
364
365
367
368
370
371
372
374
375
377
378
380
381
382
384
385
387
388
390
391
392
394
395
397
398
400
401
402
404
405
407
408
410
411
412
414
415
417
418
420
421
422
424
425
427
428
430
431
432
434
435
437
438
440
441
442
444
445
447
448
450
451
452
454
455
457
458
460
461
462
464
465
467
468
470
471
472
474
475
477
478
480
481
482
484
485
487
488
490
491
492
494
495
497
498
500
501
502
504
505
507
508
509
511
512
514
515
516
518
519
521
522
523
525
526
528
529
530
532
533
535
536
538
539
540
542
543
545
546
547
549
550
552
553
554
556
557
559
560
561
563
564
566
567
569
570
571
573
574
576
577
578
580
581
583
584
585
587
588
590
591
592
594
595
597
598
600
601
602
604
605
607
608
610
611
612
614
615
617
618
620
621
622
624
625
627
628
630
631
632
634
635
637
638
640
641
642
644
645
647
648
649
651
652
654
655
657
658
659
661
662
664
665
667
668
669
671
672
674
675
677
678
679
681
682
684
685
687
688
690
691
692
694
695
697
698
700
701
702
704
705
707
708
709
711
712
714
715
716
718
719
721
722
723
725
726
728
729
730
732
733
735
736
738
739
740
742
743
745
746
747
749
750
752
753
754
756
757
759
760
761
763
764
766
767
769
770
771
773
774
776
777
778
780
781
783
784
785
787
788
790
791
792
794
795
797
798
800
801
802
804
805
807
808
810
811
812
814
815
817
818
820
821
822
824
825
827
828
830
831
832
834
835
837
838
840
841
842
844
845
847
848
850
851
852
854
855
857
858
860
861
862
864
865
867
868
870
871
872
874
875
877
878
880
881
882
884
885
887
888
890
891
892
894
895
897
898
900
901
902
904
905
907
908
910
911
912
914
915
917
918
920
921
922
924
925
927
928
930
931
932
934
935
937
938
940
941
942
944
945
947
948
950
951
952
954
955
957
958
960
961
962
964
965
967
968
970
971
972
974
975
977
978
980
981
982
984
985
987
988
990
991
992
994
995
997
998
1000
1002
1004
1007
1009
1011
1014
1016
1019
1021
1023
1026
1028
1030
1033
1035
1038
1040
1042
1045
1047
1050
1052
1054
1057
1059
1061
1064
1066
1069
1071
1073
1076
1078
1080
1083
1085
1088
1090
1092
1095
1097
1100
1102
1104
1107
1109
1112
1114
1117
1119
1121
1124
1126
1129
1131
1134
1136
1139
1141
1143
1146
1148
1151
1153
1156
1158
1160
1163
1165
1168
1170
1173
1175
1178
1180
1182
1185
1187
1190
1192
1195
1197
1200
1202
1204
1207
1209
1211
1214
1216
1219
1221
1223
1226
1228
1230
1233
1235
1238
1240
1242
1245
1247
1250
1252
1254
1257
1259
1261
1264
1266
1269
1271
1273
1276
1278
1280
1283
1285
1288
1290
1292
1295
1297
1300
1302
1304
1307
1309
1311
1314
1316
1319
1321
1323
1326
1328
1330
1333
1335
1338
1340
1342
1345
1347
1350
1352
1354
1357
1359
1361
1364
1366
1369
1371
1373
1376
1378
1380
1383
1385
1388
1390
1392
1395
1397
1400
1402
1404
1407
1409
1412
1414
1417
1419
1421
1424
1426
1429
1431
1434
1436
1439
1441
1443
1446
1448
1451
1453
1456
1458
1460
1463
1465
1468
1470
1473
1475
1478
1480
1482
1485
1487
1490
1492
1495
1497
1500
1502
1504
1507
1509
1511
1514
1516
1519
1521
1523
1526
1528
1530
1533
1535
1538
1540
1542
1545
1547
1550
1552
1554
1557
1559
1561
1564
1566
1569
1571
1573
1576
1578
1580
1583
1585
1588
1590
1592
1595
1597
1600
1602
1604
1607
1609
1612
1614
1617
1619
1621
1624
1626
1629
1631
1634
1636
1639
1641
1643
1646
1648
1651
1653
1656
1658
1660
1663
1665
1668
1670
1673
1675
1678
1680
1682
1685
1687
1690
1692
1695
1697
1700
1702
1704
1707
1709
1711
1714
1716
1719
1721
1723
1726
1728
1730
1733
1735
1738
1740
1742
1745
1747
1750
1752
1754
1757
1759
1761
1764
1766
1769
1771
1773
1776
1778
1780
1783
1785
1788
1790
1792
1795
1797
1800
1802
1804
1807
1809
1812
1814
1817
1819
1821
1824
1826
1829
1831
1834
1836
1839
1841
1843
1846
1848
1851
1853
1856
1858
1860
1863
1865
1868
1870
1873
1875
1878
1880
1882
1885
1887
1890
1892
1895
1897
1900
1902
1904
1907
1909
1911
1914
1916
1919
1921
1923
1926
1928
1930
1933
1935
1938
1940
1942
1945
1947
1950
1952
1954
1957
1959
1961
1964
1966
1969
1971
1973
1976
1978
1980
1983
1985
1988
1990
1992
1995
1997
2000
2003
2007
2010
2014
2017
2021
2025
2028
2032
2035
2039
2042
2046
2050
2053
2057
2060
2064
2067
2071
2075
2078
2082
2085
2089
2092
2096
2100
2103
2107
2111
2114
2118
2122
2125
2129
2133
2137
2140
2144
2148
2151
2155
2159
2162
2166
2170
2174
2177
2181
2185
2188
2192
2196
2200
2203
2207
2210
2214
2217
2221
2225
2228
2232
2235
2239
2242
2246
2250
2253
2257
2260
2264
2267
2271
2275
2278
2282
2285
2289
2292
2296
2300
2303
2307
2310
2314
2317
2321
2324
2328
2332
2335
2339
2342
2346
2349
2353
2357
2360
2364
2367
2371
2375
2378
2382
2385
2389
2392
2396
2400
2403
2407
2411
2414
2418
2422
2425
2429
2433
2437
2440
2444
2448
2451
2455
2459
2462
2466
2470
2474
2477
2481
2485
2488
2492
2496
2500
2503
2507
2510
2514
2517
2521
2525
2528
2532
2535
2539
2542
2546
2550
2553
2557
2560
2564
2567
2571
2575
2578
2582
2585
2589
2592
2596
2600
2603
2607
2610
2614
2617
2621
2625
2628
2632
2635
2639
2642
2646
2650
2653
2657
2660
2664
2667
2671
2675
2678
2682
2685
2689
2692
2696
2700
2703
2707
2711
2714
2718
2722
2725
2729
2733
2737
2740
2744
2748
2751
2755
2759
2762
2766
2770
2774
2777
2781
2785
2788
2792
2796
2800
2803
2807
2810
2814
2817
2821
2824
2828
2832
2835
2839
2842
2846
2849
2853
2857
2860
2864
2867
2871
2875
2878
2882
2885
2889
2892
2896
2900
2903
2907
2910
2914
2917
2921
2925
2928
2932
2935
2939
2942
2946
2950
2953
2957
2960
2964
2967
2971
2975
2978
2982
2985
2989
2992
2996
3000
3011
3022
3033
3044
3055
3066
3077
3088
3100
3111
3122
3133
3144
3155
3166
3177
3188
3200
3211
3222
3233
3244
3255
3266
3277
3288
3300
3311
3322
3333
3344
3355
3366
3377
3388
3400
3410
3420
3429
3440
3450
3460
3469
3480
3490
3500
3511
3522
3533
3544
3555
3566
3577
3588
3600
3611
3622
3633
3644
3655
3666
3677
3688
3700
3711
3722
3733
3744
3755
3766
3777
3788
3800
3811
3822
3833
3844
3855
3866
3877
3888
3900
3910
3920
3929
3940
3950
3960
3969
3980
3990
4000
4005
4010
4015
4021
4026
4031
4036
4042
4047
4052
4057
4063
4068
4073
4078
4084
4089
4094
4100
4105
4110
4115
4121
4126
4131
4136
4142
4147
4152
4157
4163
4168
4173
4178
4184
4189
4194
4200
4205
4210
4215
4220
4225
4230
4235
4240
4245
4250
4255
4260
4265
4270
4275
4280
4285
4290
4295
4300
4305
4310
4315
4321
4326
4331
4336
4342
4347
4352
4357
4363
4368
4373
4378
4384
4389
4394
4400
4405
4410
4415
4421
4426
4431
4436
4442
4447
4452
4457
4463
4468
4473
4478
4484
4489
4494
4500
4505
4510
4515
4520
4525
4530
4535
4540
4545
4550
4555
4560
4564
4569
4574
4580
4585
4590
4595
4600
4605
4610
4615
4621
4626
4631
4636
4642
4647
4652
4657
4663
4668
4673
4678
4684
4689
4694
4700
4705
4710
4715
4721
4726
4731
4736
4742
4747
4752
4757
4763
4768
4773
4778
4784
4789
4794
4800
4805
4810
4814
4820
4825
4830
4835
4840
4845
4850
4855
4860
4865
4870
4875
4880
4885
4890
4895
4900
4905
4910
4915
4921
4926
4931
4936
4942
4947
4952
4957
4963
4968
4973
4978
4984
4989
4994
5000
5003
5007
5011
5015
5019
5023
5026
5030
5034
5038
5042
5046
5050
5053
5057
5061
5065
5069
5073
5076
5080
5084
5088
5092
5096
5100
5103
5107
5111
5115
5119
5123
5126
5130
5134
5138
5142
5146
5150
5153
5157
5161
5165
5169
5173
5176
5180
5184
5188
5192
5196
5200
5203
5207
5211
5215
5219
5223
5226
5230
5234
5238
5242
5246
5250
5253
5257
5261
5265
5269
5273
5276
5280
5284
5288
5292
5296
5300
5303
5307
5311
5315
5319
5323
5326
5330
5334
5338
5342
5346
5350
5353
5357
5361
5365
5369
5373
5376
5380
5384
5388
5392
5396
5400
5403
5407
5411
5415
5419
5423
5426
5430
5434
5438
5442
5446
5450
5453
5457
5461
5465
5469
5473
5476
5480
5484
5488
5492
5496
5500
5503
5507
5511
5515
5519
5523
5526
5530
5534
5538
5542
5546
5550
5553
5557
5561
5565
5569
5573
5576
5580
5584
5588
5592
5596
5600
5603
5607
5611
5615
5619
5623
5626
5630
5634
5638
5642
5646
5650
5653
5657
5661
5665
5669
5673
5676
5680
5684
5688
5692
5696
5700
5703
5707
5711
5714
5718
5722
5725
5729
5733
5737
5740
5744
5748
5751
5755
5759
5762
5766
5770
5774
5777
5781
5785
5788
5792
5796
5800
5803
5807
5811
5815
5819
5823
5826
5830
5834
5838
5842
5846
5850
5853
5857
5861
5865
5869
5873
5876
5880
5884
5888
5892
5896
5900
5903
5907
5911
5915
5919
5923
5926
5930
5934
5938
5942
5946
5950
5953
5957
5961
5965
5969
5973
5976
5980
5984
5988
5992
5996
6000
6003
6006
6009
6012
6015
6018
6021
6024
6027
6030
6033
6036
6039
6042
6045
6048
6051
6054
6057
6060
6063
6066
6069
6072
6075
6078
6081
6084
6087
6090
6093
6096
6100
6102
6105
6108
6111
6114
6117
6120
6123
6126
6129
6132
6135
6138
6141
6144
6147
6150
6152
6155
6158
6161
6164
6167
6170
6173
6176
6179
6182
6185
6188
6191
6194
6197
6200
6203
6206
6209
6212
6215
6218
6221
6224
6227
6230
6233
6236
6239
6242
6245
6248
6251
6254
6257
6260
6263
6266
6269
6272
6275
6278
6281
6284
6287
6290
6293
6296
6300
6302
6305
6308
6311
6314
6317
6320
6323
6326
6329
6332
6335
6338
6341
6344
6347
6350
6352
6355
6358
6361
6364
6367
6370
6373
6376
6379
6382
6385
6388
6391
6394
6397
6400
6402
6405
6408
6411
6414
6417
6420
6423
6426
6429
6432
6435
6438
6441
6444
6447
6450
6452
6455
6458
6461
6464
6467
6470
6473
6476
6479
6482
6485
6488
6491
6494
6497
6500
6503
6506
6509
6512
6515
6518
6521
6524
6527
6530
6533
6536
6539
6542
6545
6548
6551
6554
6557
6560
6563
6566
6569
6572
6575
6578
6581
6584
6587
6590
6593
6596
6600
6602
6605
6608
6611
6614
6617
6620
6623
6626
6629
6632
6635
6638
6641
6644
6647
6650
6652
6655
6658
6661
6664
6667
6670
6673
6676
6679
6682
6685
6688
6691
6694
6697
6700
6703
6706
6709
6712
6715
6718
6721
6724
6727
6730
6733
6736
6739
6742
6745
6748
6751
6754
6757
6760
6763
6766
6769
6772
6775
6778
6781
6784
6787
6790
6793
6796
6800
6802
6805
6808
6811
6814
6817
6820
6823
6826
6829
6832
6835
6838
6841
6844
6847
6850
6852
6855
6858
6861
6864
6867
6870
6873
6876
6879
6882
6885
6888
6891
6894
6897
6900
6902
6905
6908
6911
6914
6917
6920
6923
6926
6929
6932
6935
6938
6941
6944
6947
6950
6952
6955
6958
6961
6964
6967
6970
6973
6976
6979
6982
6985
6988
6991
6994
6997
7000
7002
7005
7008
7010
7013
7016
7018
7021
7024
7027
7029
7032
7035
7037
7040
7043
7045
7048
7051
7054
7056
7059
7062
7064
7067
7070
7072
7075
7078
7081
7083
7086
7089
7091
7094
7097
7100
7102
7105
7108
7110
7113
7116
7118
7121
7124
7127
7129
7132
7135
7137
7140
7143
7145
7148
7151
7154
7156
7159
7162
7164
7167
7170
7172
7175
7178
7181
7183
7186
7189
7191
7194
7197
7200
7202
7205
7208
7210
7213
7216
7218
7221
7224
7227
7229
7232
7235
7237
7240
7243
7245
7248
7251
7254
7256
7259
7262
7264
7267
7270
7272
7275
7278
7281
7283
7286
7289
7291
7294
7297
7300
7302
7305
7308
7310
7313
7316
7318
7321
7324
7327
7329
7332
7335
7337
7340
7343
7345
7348
7351
7354
7356
7359
7362
7364
7367
7370
7372
7375
7378
7381
7383
7386
7389
7391
7394
7397
7400
7402
7405
7408
7410
7413
7416
7418
7421
7424
7427
7429
7432
7435
7437
7440
7443
7445
7448
7451
7454
7456
7459
7462
7464
7467
7470
7472
7475
7478
7481
7483
7486
7489
7491
7494
7497
7500
7502
7505
7508
7510
7513
7516
7518
7521
7524
7527
7529
7532
7535
7537
7540
7543
7545
7548
7551
7554
7556
7559
7562
7564
7567
7570
7572
7575
7578
7581
7583
7586
7589
7591
7594
7597
7600
7602
7605
7608
7610
7613
7616
7618
7621
7624
7627
7629
7632
7635
7637
7640
7643
7645
7648
7651
7654
7656
7659
7662
7664
7667
7670
7672
7675
7678
7681
7683
7686
7689
7691
7694
7697
7700
7702
7705
7708
7710
7713
7716
7718
7721
7724
7727
7729
7732
7735
7737
7740
7743
7745
7748
7751
7754
7756
7759
7762
7764
7767
7770
7772
7775
7778
7781
7783
7786
7789
7791
7794
7797
7800
7802
7805
7808
7810
7813
7816
7818
7821
7824
7827
7829
7832
7835
7837
7840
7843
7845
7848
7851
7854
7856
7859
7862
7864
7867
7870
7872
7875
7878
7881
7883
7886
7889
7891
7894
7897
7900
7902
7905
7908
7910
7913
7916
7918
7921
7924
7927
7929
7932
7935
7937
7940
7943
7945
7948
7951
7954
7956
7959
7962
7964
7967
7970
7972
7975
7978
7981
7983
7986
7989
7991
7994
7997
8000
8002
8004
8007
8009
8012
8014
8017
8019
8021
8024
8026
8029
8031
8034
8036
8039
8041
8043
8046
8048
8051
8053
8056
8058
8060
8063
8065
8068
8070
8073
8075
8078
8080
8082
8085
8087
8090
8092
8095
8097
8100
8102
8104
8107
8109
8111
8114
8116
8119
8121
8123
8126
8128
8130
8133
8135
8138
8140
8142
8145
8147
8149
8152
8154
8157
8159
8161
8164
8166
8169
8171
8173
8176
8178
8180
8183
8185
8188
8190
8192
8195
8197
8200
8202
8204
8207
8209
8211
8214
8216
8219
8221
8223
8226
8228
8230
8233
8235
8238
8240
8242
8245
8247
8250
8252
8254
8257
8259
8261
8264
8266
8269
8271
8273
8276
8278
8280
8283
8285
8288
8290
8292
8295
8297
8300
8302
8304
8307
8309
8311
8314
8316
8319
8321
8323
8326
8328
8330
8333
8335
8338
8340
8342
8345
8347
8350
8352
8354
8357
8359
8361
8364
8366
8369
8371
8373
8376
8378
8380
8383
8385
8388
8390
8392
8395
8397
8400
8402
8404
8407
8409
8411
8414
8416
8419
8421
8423
8426
8428
8430
8433
8435
8438
8440
8442
8445
8447
8450
8452
8454
8457
8459
8461
8464
8466
8469
8471
8473
8476
8478
8480
8483
8485
8488
8490
8492
8495
8497
8500
8502
8504
8507
8509
8511
8514
8516
8519
8521
8523
8526
8528
8530
8533
8535
8538
8540
8542
8545
8547
8550
8552
8554
8557
8559
8561
8564
8566
8569
8571
8573
8576
8578
8580
8583
8585
8588
8590
8592
8595
8597
8600
8602
8604
8607
8609
8611
8614
8616
8619
8621
8623
8626
8628
8630
8633
8635
8638
8640
8642
8645
8647
8649
8652
8654
8657
8659
8661
8664
8666
8669
8671
8673
8676
8678
8680
8683
8685
8688
8690
8692
8695
8697
8700
8702
8704
8707
8709
8711
8714
8716
8719
8721
8723
8726
8728
8730
8733
8735
8738
8740
8742
8745
8747
8750
8752
8754
8757
8759
8761
8764
8766
8769
8771
8773
8776
8778
8780
8783
8785
8788
8790
8792
8795
8797
8800
8802
8804
8807
8809
8811
8814
8816
8819
8821
8823
8826
8828
8830
8833
8835
8838
8840
8842
8845
8847
8850
8852
8854
8857
8859
8861
8864
8866
8869
8871
8873
8876
8878
8880
8883
8885
8888
8890
8892
8895
8897
8900
8902
8904
8907
8909
8911
8914
8916
8919
8921
8923
8926
8928
8930
8933
8935
8938
8940
8942
8945
8947
8950
8952
8954
8957
8959
8961
8964
8966
8969
8971
8973
8976
8978
8980
8983
8985
8988
8990
8992
8995
8997
9000
9002
9005
9007
9010
9012
9015
9017
9020
9022
9025
9027
9030
9032
9035
9037
9040
9042
9045
9047
9050
9052
9055
9057
9060
9062
9065
9067
9070
9072
9075
9077
9080
9082
9084
9087
9090
9092
9094
9097
9100
9102
9104
9107
9109
9112
9114
9117
9119
9121
9124
9126
9129
9131
9134
9136
9139
9141
9143
9146
9148
9151
9153
9156
9158
9160
9163
9165
9168
9170
9173
9175
9178
9180
9182
9185
9187
9190
9192
9195
9197
9200
9202
9204
9207
9209
9212
9214
9217
9219
9221
9224
9226
9229
9231
9234
9236
9239
9241
9243
9246
9248
9251
9253
9256
9258
9260
9263
9265
9268
9270
9273
9275
9278
9280
9282
9285
9287
9290
9292
9295
9297
9300
9302
9305
9307
9310
9312
9315
9317
9320
9322
9325
9327
9330
9332
9335
9337
9340
9342
9345
9347
9350
9352
9355
9357
9360
9362
9365
9367
9370
9372
9375
9377
9380
9382
9385
9387
9390
9392
9395
9397
9400
9402
9404
9407
9409
9412
9414
9417
9419
9421
9424
9426
9429
9431
9434
9436
9439
9441
9443
9446
9448
9451
9453
9456
9458
9460
9463
9465
9468
9470
9473
9475
9478
9480
9482
9485
9487
9490
9492
9495
9497
9500
9502
9505
9507
9510
9512
9515
9517
9520
9522
9525
9527
9530
9532
9535
9537
9540
9542
9545
9547
9550
9552
9555
9557
9560
9562
9565
9567
9570
9572
9575
9577
9580
9582
9584
9587
9590
9592
9594
9597
9600
9602
9604
9607
9609
9612
9614
9617
9619
9621
9624
9626
9629
9631
9634
9636
9639
9641
9643
9646
9648
9651
9653
9656
9658
9660
9663
9665
9668
9670
9673
9675
9678
9680
9682
9685
9687
9690
9692
9695
9697
9700
9702
9704
9707
9709
9712
9714
9717
9719
9721
9724
9726
9729
9731
9734
9736
9739
9741
9743
9746
9748
9751
9753
9756
9758
9760
9763
9765
9768
9770
9773
9775
9778
9780
9782
9785
9787
9790
9792
9795
9797
9800
9802
9805
9807
9810
9812
9815
9817
9820
9822
9825
9827
9830
9832
9835
9837
9840
9842
9845
9847
9850
9852
9855
9857
9860
9862
9865
9867
9870
9872
9875
9877
9880
9882
9885
9887
9890
9892
9895
9897
9900
9902
9904
9907
9909
9912
9914
9917
9919
9921
9924
9926
9929
9931
9934
9936
9939
9941
9943
9946
9948
9951
9953
9956
9958
9960
9963
9965
9968
9970
9973
9975
9978
9980
9982
9985
9987
9990
9992
9995
9997
10000
10002
10005
10007
10010
10012
10015
10017
10020
10022
10025
10027
10030
10032
10035
10037
10040
10042
10045
10047
10050
10052
10055
10057
10060
10062
10065
10067
10070
10072
10075
10077
10080
10082
10084
10087
10090
10092
10094
10097
10100
10102
10105
10107
10110
10112
10115
10117
10120
10122
10125
10127
10129
10132
10135
10137
10139
10142
10145
10147
10149
10152
10155
10157
10160
10162
10165
10167
10170
10172
10174
10177
10180
10182
10184
10187
10190
10192
10194
10197
10200
10202
10205
10207
10209
10212
10215
10217
10219
10222
10225
10227
10230
10232
10235
10237
10240
10242
10245
10247
10250
10252
10255
10257
10260
10262
10265
10267
10270
10272
10275
10277
10280
10282
10285
10287
10290
10292
10295
10297
10300
10302
10305
10307
10310
10312
10315
10317
10320
10322
10325
10327
10330
10332
10335
10337
10340
10342
10345
10347
10350
10352
10355
10357
10360
10362
10365
10367
10370
10372
10375
10377
10380
10382
10385
10387
10390
10392
10395
10397
10400
10402
10405
10407
10410
10412
10415
10417
10420
10422
10425
10427
10430
10432
10435
10437
10440
10442
10445
10447
10450
10452
10455
10457
10460
10462
10465
10467
10470
10472
10475
10477
10480
10482
10485
10487
10490
10492
10495
10497
10500
10502
10505
10507
10510
10512
10515
10517
10520
10522
10525
10527
10530
10532
10535
10537
10540
10542
10545
10547
10550
10552
10555
10557
10560
10562
10565
10567
10570
10572
10575
10577
10580
10582
10584
10587
10590
10592
10594
10597
10600
10602
10605
10607
10610
10612
10615
10617
10620
10623
10625
10628
10630
10633
10635
10638
10641
10643
10646
10648
10651
10653
10656
10658
10661
10664
10666
10669
10671
10674
10676
10679
10682
10684
10687
10689
10692
10694
10697
10700
10702
10705
10707
10709
10712
10715
10717
10719
10722
10725
10727
10730
10732
10735
10737
10740
10742
10745
10747
10750
10752
10755
10757
10760
10762
10765
10767
10770
10772
10775
10777
10780
10782
10785
10787
10790
10792
10795
10797
10800
10802
10805
10807
10810
10812
10815
10817
10820
10822
10825
10827
10830
10832
10835
10837
10840
10842
10845
10847
10850
10852
10855
10857
10860
10862
10865
10867
10870
10872
10875
10877
10880
10882
10885
10887
10890
10892
10895
10897
10900
10902
10905
10907
10910
10912
10915
10917
10920
10922
10925
10927
10930
10932
10935
10937
10940
10942
10945
10947
10950
10952
10955
10957
10960
10962
10965
10967
10970
10972
10975
10977
10980
10982
10985
10987
10990
10992
10995
10997
11000
11002
11005
11008
11011
11013
11016
11019
11022
11025
11027
11030
11033
11036
11038
11041
11044
11047
11050
11052
11055
11058
11061
11063
11066
11069
11072
11075
11077
11080
11083
11086
11088
11091
11094
11097
11100
11102
11105
11108
11111
11113
11116
11119
11122
11125
11127
11130
11133
11136
11138
11141
11144
11147
11149
11152
11155
11158
11161
11163
11166
11169
11172
11174
11177
11180
11183
11186
11188
11191
11194
11197
11200
11202
11205
11208
11210
11213
11216
11218
11221
11224
11227
11229
11232
11235
11237
11240
11243
11245
11248
11251
11254
11256
11259
11262
11264
11267
11270
11272
11275
11278
11281
11283
11286
11289
11291
11294
11297
11300
11302
11305
11308
11311
11313
11316
11319
11322
11325
11327
11330
11333
11336
11338
11341
11344
11347
11350
11352
11355
11358
11361
11363
11366
11369
11372
11375
11377
11380
11383
11386
11388
11391
11394
11397
11400
11402
11405
11408
11411
11413
11416
11419
11422
11425
11427
11430
11433
11436
11438
11441
11444
11447
11450
11452
11455
11458
11461
11463
11466
11469
11472
11475
11477
11480
11483
11486
11488
11491
11494
11497
11500
11502
11505
11508
11511
11513
11516
11519
11522
11525
11527
11530
11533
11536
11538
11541
11544
11547
11550
11552
11555
11558
11561
11563
11566
11569
11572
11575
11577
11580
11583
11586
11588
11591
11594
11597
11600
11602
11605
11608
11611
11613
11616
11619
11622
11625
11627
11630
11633
11636
11638
11641
11644
11647
11649
11652
11655
11658
11661
11663
11666
11669
11672
11674
11677
11680
11683
11686
11688
11691
11694
11697
11700
11702
11705
11708
11711
11713
11716
11719
11722
11725
11727
11730
11733
11736
11738
11741
11744
11747
11750
11752
11755
11758
11761
11763
11766
11769
11772
11775
11777
11780
11783
11786
11788
11791
11794
11797
11800
11802
11805
11808
11811
11813
11816
11819
11822
11825
11827
11830
11833
11836
11838
11841
11844
11847
11850
11852
11855
11858
11861
11863
11866
11869
11872
11875
11877
11880
11883
11886
11888
11891
11894
11897
11900
11902
11905
11908
11911
11913
11916
11919
11922
11925
11927
11930
11933
11936
11938
11941
11944
11947
11950
11952
11955
11958
11961
11963
11966
11969
11972
11975
11977
11980
11983
11986
11988
11991
11994
11997
12000
12005
12010
12015
12021
12026
12031
12036
12042
12047
12052
12057
12063
12068
12073
12078
12084
12089
12094
12100
12105
12110
12115
12121
12126
12131
12136
12142
12147
12152
12157
12163
12168
12173
12178
12184
12189
12194
12200
12205
12210
12215
12221
12226
12231
12236
12242
12247
12252
12257
12263
12268
12273
12278
12284
12289
12294
12300
12305
12310
12315
12321
12326
12331
12336
12342
12347
12352
12357
12363
12368
12373
12378
12384
12389
12394
12400
12405
12410
12415
12421
12426
12431
12436
12442
12447
12452
12457
12463
12468
12473
12478
12484
12489
12494
12500
12505
12511
12516
12522
12527
12533
12538
12544
12550
12555
12561
12566
12572
12577
12583
12588
12594
12600
12605
12610
12615
12621
12626
12631
12636
12642
12647
12652
12657
12663
12668
12673
12678
12684
12689
12694
12700
12705
12710
12715
12721
12726
12731
12736
12742
12747
12752
12757
12763
12768
12773
12778
12784
12789
12794
12800
12805
12810
12815
12821
12826
12831
12836
12842
12847
12852
12857
12863
12868
12873
12878
12884
12889
12894
12900
12905
12910
12915
12921
12926
12931
12936
12942
12947
12952
12957
12963
12968
12973
12978
12984
12989
12994
13000
13001
13003
13005
13007
13008
13010
13012
13014
13015
13017
13019
13021
13022
13024
13026
13028
13029
13031
13033
13035
13036
13038
13040
13042
13043
13045
13047
13049
13050
13052
13054
13056
13057
13059
13061
13063
13064
13066
13068
13070
13071
13073
13075
13077
13078
13080
13082
13084
13085
13087
13089
13091
13092
13094
13096
13098
13100
13101
13103
13105
13107
13108
13110
13112
13114
13115
13117
13119
13121
13122
13124
13126
13128
13129
13131
13133
13135
13136
13138
13140
13142
13143
13145
13147
13149
13150
13152
13154
13156
13157
13159
13161
13163
13164
13166
13168
13170
13171
13173
13175
13177
13178
13180
13182
13184
13185
13187
13189
13191
13192
13194
13196
13198
13200
13201
13203
13205
13206
13208
13210
13212
13213
13215
13217
13218
13220
13222
13224
13225
13227
13229
13231
13232
13234
13236
13237
13239
13241
13243
13244
13246
13248
13250
13251
13253
13255
13256
13258
13260
13262
13263
13265
13267
13268
13270
13272
13274
13275
13277
13279
13281
13282
13284
13286
13287
13289
13291
13293
13294
13296
13298
13300
13301
13303
13305
13307
13308
13310
13312
13314
13315
13317
13319
13321
13322
13324
13326
13328
13329
13331
13333
13335
13336
13338
13340
13342
13343
13345
13347
13349
13350
13352
13354
13356
13357
13359
13361
13363
13364
13366
13368
13370
13371
13373
13375
13377
13378
13380
13382
13384
13385
13387
13389
13391
13392
13394
13396
13398
13400
13401
13403
13405
13407
13408
13410
13412
13414
13415
13417
13419
13421
13422
13424
13426
13428
13429
13431
13433
13435
13436
13438
13440
13442
13443
13445
13447
13449
13450
13452
13454
13456
13457
13459
13461
13463
13464
13466
13468
13470
13471
13473
13475
13477
13478
13480
13482
13484
13485
13487
13489
13491
13492
13494
13496
13498
13500
13501
13503
13505
13507
13508
13510
13512
13514
13515
13517
13519
13521
13522
13524
13526
13528
13529
13531
13533
13535
13536
13538
13540
13542
13543
13545
13547
13549
13550
13552
13554
13556
13557
13559
13561
13563
13564
13566
13568
13570
13571
13573
13575
13577
13578
13580
13582
13584
13585
13587
13589
13591
13592
13594
13596
13598
13600
13601
13603
13605
13606
13608
13610
13612
13613
13615
13617
13618
13620
13622
13624
13625
13627
13629
13631
13632
13634
13636
13637
13639
13641
13643
13644
13646
13648
13649
13651
13653
13655
13656
13658
13660
13662
13663
13665
13667
13668
13670
13672
13674
13675
13677
13679
13681
13682
13684
13686
13687
13689
13691
13693
13694
13696
13698
13700
13701
13703
13705
13707
13708
13710
13712
13714
13715
13717
13719
13721
13722
13724
13726
13728
13729
13731
13733
13735
13736
13738
13740
13742
13743
13745
13747
13749
13750
13752
13754
13756
13757
13759
13761
13763
13764
13766
13768
13770
13771
13773
13775
13777
13778
13780
13782
13784
13785
13787
13789
13791
13792
13794
13796
13798
13800
13801
13803
13805
13807
13808
13810
13812
13814
13815
13817
13819
13821
13822
13824
13826
13828
13829
13831
13833
13835
13836
13838
13840
13842
13843
13845
13847
13849
13850
13852
13854
13856
13857
13859
13861
13863
13864
13866
13868
13870
13871
13873
13875
13877
13878
13880
13882
13884
13885
13887
13889
13891
13892
13894
13896
13898
13900
13901
13903
13905
13906
13908
13910
13912
13913
13915
13917
13918
13920
13922
13924
13925
13927
13929
13931
13932
13934
13936
13937
13939
13941
13943
13944
13946
13948
13950
13951
13953
13955
13956
13958
13960
13962
13963
13965
13967
13968
13970
13972
13974
13975
13977
13979
13981
13982
13984
13986
13987
13989
13991
13993
13994
13996
13998
14000
14002
14004
14006
14009
14011
14013
14015
14018
14020
14022
14025
14027
14029
14031
14034
14036
14038
14040
14043
14045
14047
14050
14052
14054
14056
14059
14061
14063
14065
14068
14070
14072
14075
14077
14079
14081
14084
14086
14088
14090
14093
14095
14097
14100
14102
14104
14106
14109
14111
14113
14115
14118
14120
14122
14125
14127
14129
14131
14134
14136
14138
14140
14143
14145
14147
14149
14152
14154
14156
14159
14161
14163
14165
14168
14170
14172
14174
14177
14179
14181
14184
14186
14188
14190
14193
14195
14197
14200
14202
14204
14206
14208
14211
14213
14215
14217
14219
14222
14224
14226
14228
14231
14233
14235
14237
14240
14242
14244
14246
14248
14251
14253
14255
14257
14260
14262
14264
14266
14268
14271
14273
14275
14277
14280
14282
14284
14286
14288
14291
14293
14295
14297
14300
14302
14304
14306
14309
14311
14313
14315
14318
14320
14322
14325
14327
14329
14331
14334
14336
14338
14340
14343
14345
14347
14350
14352
14354
14356
14359
14361
14363
14365
14368
14370
14372
14375
14377
14379
14381
14384
14386
14388
14390
14393
14395
14397
14400
14402
14404
14406
14408
14411
14413
14415
14417
14420
14422
14424
14426
14428
14431
14433
14435
14437
14440
14442
14444
14446
14448
14451
14453
14455
14457
14460
14462
14464
14466
14468
14471
14473
14475
14477
14480
14482
14484
14486
14488
14491
14493
14495
14497
14500
14502
14504
14506
14509
14511
14513
14515
14518
14520
14522
14525
14527
14529
14531
14534
14536
14538
14540
14543
14545
14547
14550
14552
14554
14556
14559
14561
14563
14565
14568
14570
14572
14575
14577
14579
14581
14584
14586
14588
14590
14593
14595
14597
14600
14602
14604
14606
14608
14611
14613
14615
14617
14620
14622
14624
14626
14628
14631
14633
14635
14637
14639
14642
14644
14646
14648
14651
14653
14655
14657
14660
14662
14664
14666
14668
14671
14673
14675
14677
14680
14682
14684
14686
14688
14691
14693
14695
14697
14700
14702
14704
14706
14709
14711
14713
14715
14718
14720
14722
14725
14727
14729
14731
14734
14736
14738
14740
14743
14745
14747
14750
14752
14754
14756
14759
14761
14763
14765
14768
14770
14772
14775
14777
14779
14781
14784
14786
14788
14790
14793
14795
14797
14800
14802
14804
14806
14808
14811
14813
14815
14817
14820
14822
14824
14826
14828
14831
14833
14835
14837
14840
14842
14844
14846
14848
14851
14853
14855
14857
14860
14862
14864
14866
14868
14871
14873
14875
14877
14880
14882
14884
14886
14888
14891
14893
14895
14897
14900
14902
14904
14906
14909
14911
14913
14915
14918
14920
14922
14925
14927
14929
14931
14934
14936
14938
14940
14943
14945
14947
14950
14952
14954
14956
14959
14961
14963
14965
14968
14970
14972
14975
14977
14979
14981
14984
14986
14988
14990
14993
14995
14997
15000
15002
15004
15006
15008
15011
15013
15015
15017
15020
15022
15024
15026
15028
15031
15033
15035
15037
15040
15042
15044
15046
15048
15051
15053
15055
15057
15060
15062
15064
15066
15068
15071
15073
15075
15077
15080
15082
15084
15086
15088
15091
15093
15095
15097
15100
15102
15104
15106
15108
15111
15113
15115
15117
15120
15122
15124
15126
15128
15131
15133
15135
15137
15139
15142
15144
15146
15148
15151
15153
15155
15157
15160
15162
15164
15166
15168
15171
15173
15175
15177
15180
15182
15184
15186
15188
15191
15193
15195
15197
15200
15202
15204
15206
15208
15211
15213
15215
15217
15219
15222
15224
15226
15228
15231
15233
15235
15237
15240
15242
15244
15246
15248
15251
15253
15255
15257
15260
15262
15264
15266
15268
15271
15273
15275
15277
15280
15282
15284
15286
15288
15291
15293
15295
15297
15300
15302
15304
15306
15309
15311
15313
15315
15318
15320
15322
15325
15327
15329
15331
15334
15336
15338
15340
15343
15345
15347
15350
15352
15354
15356
15359
15361
15363
15365
15368
15370
15372
15375
15377
15379
15381
15384
15386
15388
15390
15393
15395
15397
15400
15402
15404
15406
15408
15411
15413
15415
15417
15420
15422
15424
15426
15428
15431
15433
15435
15437
15440
15442
15444
15446
15448
15451
15453
15455
15457
15460
15462
15464
15466
15468
15471
15473
15475
15477
15480
15482
15484
15486
15488
15491
15493
15495
15497
15500
15502
15504
15506
15508
15511
15513
15515
15517
15520
15522
15524
15526
15528
15531
15533
15535
15537
15540
15542
15544
15546
15548
15551
15553
15555
15557
15560
15562
15564
15566
15568
15571
15573
15575
15577
15580
15582
15584
15586
15588
15591
15593
15595
15597
15600
15602
15604
15606
15608
15611
15613
15615
15617
15620
15622
15624
15626
15628
15631
15633
15635
15637
15639
15642
15644
15646
15648
15651
15653
15655
15657
15660
15662
15664
15666
15668
15671
15673
15675
15677
15680
15682
15684
15686
15688
15691
15693
15695
15697
15700
15702
15704
15706
15708
15711
15713
15715
15717
15719
15722
15724
15726
15728
15731
15733
15735
15737
15740
15742
15744
15746
15748
15751
15753
15755
15757
15760
15762
15764
15766
15768
15771
15773
15775
15777
15780
15782
15784
15786
15788
15791
15793
15795
15797
15800
15802
15804
15806
15808
15811
15813
15815
15817
15820
15822
15824
15826
15828
15831
15833
15835
15837
15840
15842
15844
15846
15848
15851
15853
15855
15857
15860
15862
15864
15866
15868
15871
15873
15875
15877
15880
15882
15884
15886
15888
15891
15893
15895
15897
15900
15902
15904
15906
15909
15911
15913
15915
15918
15920
15922
15925
15927
15929
15931
15934
15936
15938
15940
15943
15945
15947
15950
15952
15954
15956
15959
15961
15963
15965
15968
15970
15972
15975
15977
15979
15981
15984
15986
15988
15990
15993
15995
15997
16000
16002
16004
16007
16009
16011
16014
16016
16019
16021
16023
16026
16028
16030
16033
16035
16038
16040
16042
16045
16047
16050
16052
16054
16057
16059
16061
16064
16066
16069
16071
16073
16076
16078
16080
16083
16085
16088
16090
16092
16095
16097
16100
16102
16104
16107
16109
16112
16114
16117
16119
16121
16124
16126
16129
16131
16134
16136
16139
16141
16143
16146
16148
16151
16153
16156
16158
16160
16163
16165
16168
16170
16173
16175
16178
16180
16182
16185
16187
16190
16192
16195
16197
16200
16202
16204
16207
16209
16212
16214
16217
16219
16221
16224
16226
16229
16231
16234
16236
16239
16241
16243
16246
16248
16251
16253
16256
16258
16260
16263
16265
16268
16270
16273
16275
16278
16280
16282
16285
16287
16290
16292
16295
16297
16300
16302
16304
16307
16309
16312
16314
16317
16319
16321
16324
16326
16329
16331
16334
16336
16339
16341
16343
16346
16348
16351
16353
16356
16358
16360
16363
16365
16368
16370
16373
16375
16378
16380
16382
16385
16387
16390
16392
16395
16397
16400
16402
16404
16407
16409
16411
16414
16416
16419
16421
16423
16426
16428
16430
16433
16435
16438
16440
16442
16445
16447
16450
16452
16454
16457
16459
16461
16464
16466
16469
16471
16473
16476
16478
16480
16483
16485
16488
16490
16492
16495
16497
16500
16502
16504
16507
16509
16512
16514
16517
16519
16521
16524
16526
16529
16531
16534
16536
16539
16541
16543
16546
16548
16551
16553
16556
16558
16560
16563
16565
16568
16570
16573
16575
16578
16580
16582
16585
16587
16590
16592
16595
16597
16600
16602
16604
16607
16609
16612
16614
16617
16619
16621
16624
16626
16629
16631
16634
16636
16639
16641
16643
16646
16648
16651
16653
16656
16658
16660
16663
16665
16668
16670
16673
16675
16678
16680
16682
16685
16687
16690
16692
16695
16697
16700
16702
16704
16707
16709
16712
16714
16717
16719
16721
16724
16726
16729
16731
16734
16736
16739
16741
16743
16746
16748
16751
16753
16756
16758
16760
16763
16765
16768
16770
16773
16775
16778
16780
16782
16785
16787
16790
16792
16795
16797
16800
16802
16804
16807
16809
16811
16814
16816
16819
16821
16823
16826
16828
16830
16833
16835
16838
16840
16842
16845
16847
16849
16852
16854
16857
16859
16861
16864
16866
16869
16871
16873
16876
16878
16880
16883
16885
16888
16890
16892
16895
16897
16900
16902
16904
16907
16909
16912
16914
16917
16919
16921
16924
16926
16929
16931
16934
16936
16939
16941
16943
16946
16948
16951
16953
16956
16958
16960
16963
16965
16968
16970
16973
16975
16978
16980
16982
16985
16987
16990
16992
16995
16997
17000
17002
17005
17007
17010
17012
17015
17017
17020
17023
17025
17028
17030
17033
17035
17038
17041
17043
17046
17048
17051
17053
17056
17058
17061
17064
17066
17069
17071
17074
17076
17079
17082
17084
17087
17089
17092
17094
17097
17100
17102
17105
17107
17110
17112
17115
17117
17120
17123
17125
17128
17130
17133
17135
17138
17141
17143
17146
17148
17151
17153
17156
17158
17161
17164
17166
17169
17171
17174
17176
17179
17182
17184
17187
17189
17192
17194
17197
17200
17202
17205
17207
17210
17212
17215
17217
17220
17223
17225
17228
17230
17233
17235
17238
17241
17243
17246
17248
17251
17253
17256
17258
17261
17264
17266
17269
17271
17274
17276
17279
17282
17284
17287
17289
17292
17294
17297
17300
17302
17305
17307
17310
17312
17315
17317
17320
17322
17325
17327
17330
17332
17335
17337
17340
17342
17345
17347
17350
17352
17355
17357
17360
17362
17365
17367
17369
17372
17375
17377
17380
17382
17384
17387
17390
17392
17395
17397
17400
17402
17405
17407
17410
17412
17415
17417
17420
17423
17425
17428
17430
17433
17435
17438
17441
17443
17446
17448
17451
17453
17456
17458
17461
17464
17466
17469
17471
17474
17476
17479
17482
17484
17487
17489
17492
17494
17497
17500
17502
17505
17507
17510
17512
17515
17517
17520
17523
17525
17528
17530
17533
17535
17538
17541
17543
17546
17548
17551
17553
17556
17558
17561
17564
17566
17569
17571
17574
17576
17579
17582
17584
17587
17589
17592
17594
17597
17600
17602
17605
17607
17610
17612
17615
17617
17620
17623
17625
17628
17630
17633
17635
17638
17641
17643
17646
17648
17651
17653
17656
17658
17661
17664
17666
17669
17671
17674
17676
17679
17682
17684
17687
17689
17692
17694
17697
17700
17702
17705
17707
17710
17712
17715
17717
17720
17723
17725
17728
17730
17733
17735
17738
17741
17743
17746
17748
17751
17753
17756
17758
17761
17764
17766
17769
17771
17774
17776
17779
17782
17784
17787
17789
17792
17794
17797
17800
17802
17805
17807
17810
17812
17815
17817
17820
17823
17825
17828
17830
17833
17835
17838
17841
17843
17846
17848
17851
17853
17856
17858
17861
17864
17866
17869
17871
17874
17876
17879
17882
17884
17887
17889
17892
17894
17897
17900
17902
17904
17907
17910
17912
17915
17917
17919
17922
17924
17927
17930
17932
17935
17937
17939
17942
17945
17947
17950
17952
17955
17957
17960
17962
17965
17967
17970
17972
17975
17977
17980
17982
17985
17987
17990
17992
17995
17997
18000
18005
18011
18017
18023
18029
18035
18041
18047
18052
18058
18064
18070
18076
18082
18088
18094
18100
18105
18111
18116
18122
18127
18133
18138
18144
18150
18155
18161
18166
18172
18177
18183
18188
18194
18200
18205
18211
18217
18223
18229
18235
18241
18247
18252
18258
18264
18270
18276
18282
18288
18294
18300
18305
18311
18316
18322
18327
18333
18338
18344
18350
18355
18361
18366
18372
18377
18383
18388
18394
18400
18405
18411
18417
18423
18429
18435
18441
18447
18452
18458
18464
18470
18476
18482
18488
18494
18500
18505
18511
18516
18522
18527
18533
18538
18544
18550
18555
18561
18566
18572
18577
18583
18588
18594
18600
18605
18611
18617
18623
18629
18635
18641
18647
18652
18658
18664
18670
18676
18682
18688
18694
18700
18705
18711
18717
18723
18729
18735
18741
18747
18752
18758
18764
18770
18776
18782
18788
18794
18800
18805
18811
18816
18822
18827
18833
18838
18844
18850
18855
18861
18866
18872
18877
18883
18888
18894
18900
18905
18911
18917
18923
18929
18935
18941
18947
18952
18958
18964
18970
18976
18982
18988
18994
19000
19001
19002
19004
19005
19007
19008
19010
19011
19013
19014
19015
19017
19018
19020
19021
19023
19024
19026
19027
19028
19030
19031
19033
19034
19036
19037
19039
19040
19042
19043
19044
19046
19047
19049
19050
19052
19053
19055
19056
19057
19059
19060
19062
19063
19065
19066
19068
19069
19071
19072
19073
19075
19076
19078
19079
19081
19082
19084
19085
19086
19088
19089
19091
19092
19094
19095
19097
19098
19100
19101
19102
19104
19105
19107
19108
19110
19111
19113
19114
19115
19117
19118
19120
19121
19123
19124
19126
19127
19128
19130
19131
19133
19134
19136
19137
19139
19140
19142
19143
19144
19146
19147
19149
19150
19152
19153
19155
19156
19157
19159
19160
19162
19163
19165
19166
19168
19169
19171
19172
19173
19175
19176
19178
19179
19181
19182
19184
19185
19186
19188
19189
19191
19192
19194
19195
19197
19198
19200
19201
19202
19204
19205
19207
19208
19210
19211
19213
19214
19216
19217
19219
19220
19222
19223
19225
19226
19227
19229
19230
19232
19233
19235
19236
19238
19239
19241
19242
19244
19245
19247
19248
19250
19251
19252
19254
19255
19257
19258
19260
19261
19263
19264
19266
19267
19269
19270
19272
19273
19275
19276
19277
19279
19280
19282
19283
19285
19286
19288
19289
19291
19292
19294
19295
19297
19298
19300
19301
19302
19304
19305
19307
19308
19310
19311
19313
19314
19315
19317
19318
19320
19321
19323
19324
19326
19327
19328
19330
19331
19333
19334
19336
19337
19339
19340
19342
19343
19344
19346
19347
19349
19350
19352
19353
19355
19356
19357
19359
19360
19362
19363
19365
19366
19368
19369
19371
19372
19373
19375
19376
19378
19379
19381
19382
19384
19385
19386
19388
19389
19391
19392
19394
19395
19397
19398
19400
19401
19402
19404
19405
19407
19408
19410
19411
19413
19414
19416
19417
19419
19420
19422
19423
19424
19426
19427
19429
19430
19432
19433
19435
19436
19438
19439
19441
19442
19444
19445
19447
19448
19450
19451
19452
19454
19455
19457
19458
19460
19461
19463
19464
19466
19467
19469
19470
19472
19473
19475
19476
19477
19479
19480
19482
19483
19485
19486
19488
19489
19491
19492
19494
19495
19497
19498
19500
19501
19502
19504
19505
19507
19508
19510
19511
19513
19514
19515
19517
19518
19520
19521
19523
19524
19526
19527
19528
19530
19531
19533
19534
19536
19537
19539
19540
19542
19543
19544
19546
19547
19549
19550
19552
19553
19555
19556
19557
19559
19560
19562
19563
19565
19566
19568
19569
19571
19572
19573
19575
19576
19578
19579
19581
19582
19584
19585
19586
19588
19589
19591
19592
19594
19595
19597
19598
19600
19601
19602
19604
19605
19607
19608
19610
19611
19613
19614
19616
19617
19619
19620
19622
19623
19625
19626
19627
19629
19630
19632
19633
19635
19636
19638
19639
19641
19642
19644
19645
19647
19648
19650
19651
19652
19654
19655
19657
19658
19660
19661
19663
19664
19666
19667
19669
19670
19672
19673
19675
19676
19677
19679
19680
19682
19683
19685
19686
19688
19689
19691
19692
19694
19695
19697
19698
19700
19701
19702
19704
19705
19707
19708
19710
19711
19713
19714
19715
19717
19718
19720
19721
19723
19724
19726
19727
19728
19730
19731
19733
19734
19736
19737
19739
19740
19742
19743
19744
19746
19747
19749
19750
19752
19753
19755
19756
19757
19759
19760
19762
19763
19765
19766
19768
19769
19771
19772
19773
19775
19776
19778
19779
19781
19782
19784
19785
19786
19788
19789
19791
19792
19794
19795
19797
19798
19800
19801
19802
19804
19805
19807
19808
19810
19811
19813
19814
19816
19817
19819
19820
19822
19823
19825
19826
19827
19829
19830
19832
19833
19835
19836
19838
19839
19841
19842
19844
19845
19847
19848
19850
19851
19852
19854
19855
19857
19858
19860
19861
19863
19864
19866
19867
19869
19870
19872
19873
19875
19876
19877
19879
19880
19882
19883
19885
19886
19888
19889
19891
19892
19894
19895
19897
19898
19900
19901
19902
19904
19905
19907
19908
19910
19911
19913
19914
19915
19917
19918
19920
19921
19923
19924
19926
19927
19928
19930
19931
19933
19934
19936
19937
19939
19940
19942
19943
19944
19946
19947
19949
19950
19952
19953
19955
19956
19957
19959
19960
19962
19963
19965
19966
19968
19969
19971
19972
19973
19975
19976
19978
19979
19981
19982
19984
19985
19986
19988
19989
19991
19992
19994
19995
19997
19998
20000
20002
20004
20006
20008
20010
20013
20015
20017
20019
20021
20023
20026
20028
20030
20032
20034
20036
20039
20041
20043
20045
20047
20050
20052
20054
20056
20058
20060
20063
20065
20067
20069
20071
20073
20076
20078
20080
20082
20084
20086
20089
20091
20093
20095
20097
20100
20102
20104
20106
20108
20110
20113
20115
20117
20119
20121
20123
20126
20128
20130
20132
20134
20136
20139
20141
20143
20145
20147
20150
20152
20154
20156
20158
20160
20163
20165
20167
20169
20171
20173
20176
20178
20180
20182
20184
20186
20189
20191
20193
20195
20197
20200
20202
20204
20206
20208
20211
20213
20215
20217
20220
20222
20224
20226
20228
20231
20233
20235
20237
20240
20242
20244
20246
20248
20251
20253
20255
20257
20260
20262
20264
20266
20268
20271
20273
20275
20277
20280
20282
20284
20286
20288
20291
20293
20295
20297
20300
20302
20304
20306
20308
20310
20313
20315
20317
20319
20321
20323
20326
20328
20330
20332
20334
20336
20339
20341
20343
20345
20347
20350
20352
20354
20356
20358
20360
20363
20365
20367
20369
20371
20373
20376
20378
20380
20382
20384
20386
20389
20391
20393
20395
20397
20400
20402
20404
20406
20408
20410
20413
20415
20417
20419
20421
20423
20426
20428
20430
20432
20434
20436
20439
20441
20443
20445
20447
20450
20452
20454
20456
20458
20460
20463
20465
20467
20469
20471
20473
20476
20478
20480
20482
20484
20486
20489
20491
20493
20495
20497
20500
20502
20504
20506
20508
20510
20513
20515
20517
20519
20521
20523
20526
20528
20530
20532
20534
20536
20539
20541
20543
20545
20547
20550
20552
20554
20556
20558
20560
20563
20565
20567
20569
20571
20573
20576
20578
20580
20582
20584
20586
20589
20591
20593
20595
20597
20600
20602
20604
20606
20608
20610
20613
20615
20617
20619
20621
20623
20626
20628
20630
20632
20634
20636
20639
20641
20643
20645
20647
20650
20652
20654
20656
20658
20660
20663
20665
20667
20669
20671
20673
20676
20678
20680
20682
20684
20686
20689
20691
20693
20695
20697
20700
20702
20704
20706
20708
20710
20713
20715
20717
20719
20721
20723
20726
20728
20730
20732
20734
20736
20739
20741
20743
20745
20747
20750
20752
20754
20756
20758
20760
20763
20765
20767
20769
20771
20773
20776
20778
20780
20782
20784
20786
20789
20791
20793
20795
20797
20800
20802
20804
20806
20808
20810
20813
20815
20817
20819
20821
20823
20826
20828
20830
20832
20834
20836
20839
20841
20843
20845
20847
20850
20852
20854
20856
20858
20860
20863
20865
20867
20869
20871
20873
20876
20878
20880
20882
20884
20886
20889
20891
20893
20895
20897
20900
20902
20904
20906
20908
20910
20913
20915
20917
20919
20921
20923
20926
20928
20930
20932
20934
20936
20939
20941
20943
20945
20947
20950
20952
20954
20956
20958
20960
20963
20965
20967
20969
20971
20973
20976
20978
20980
20982
20984
20986
20989
20991
20993
20995
20997
21000
21002
21004
21006
21009
21011
21013
21016
21018
21020
21023
21025
21027
21030
21032
21034
21037
21039
21041
21044
21046
21048
21051
21053
21055
21058
21060
21062
21065
21067
21069
21072
21074
21076
21079
21081
21083
21086
21088
21090
21093
21095
21097
21100
21102
21104
21106
21109
21111
21113
21116
21118
21120
21123
21125
21127
21130
21132
21134
21137
21139
21141
21144
21146
21148
21151
21153
21155
21158
21160
21162
21165
21167
21169
21172
21174
21176
21179
21181
21183
21186
21188
21190
21193
21195
21197
21200
21202
21204
21206
21209
21211
21213
21216
21218
21220
21223
21225
21227
21230
21232
21234
21237
21239
21241
21244
21246
21248
21251
21253
21255
21258
21260
21262
21265
21267
21269
21272
21274
21276
21279
21281
21283
21286
21288
21290
21293
21295
21297
21300
21302
21304
21306
21309
21311
21313
21316
21318
21320
21323
21325
21327
21330
21332
21334
21337
21339
21341
21344
21346
21348
21351
21353
21355
21358
21360
21362
21365
21367
21369
21372
21374
21376
21379
21381
21383
21386
21388
21390
21393
21395
21397
21400
21402
21404
21406
21409
21411
21413
21416
21418
21420
21423
21425
21427
21430
21432
21434
21437
21439
21441
21444
21446
21448
21451
21453
21455
21458
21460
21462
21465
21467
21469
21472
21474
21476
21479
21481
21483
21486
21488
21490
21493
21495
21497
21500
21502
21504
21506
21509
21511
21513
21516
21518
21520
21523
21525
21527
21530
21532
21534
21537
21539
21541
21544
21546
21548
21551
21553
21555
21558
21560
21562
21565
21567
21569
21572
21574
21576
21579
21581
21583
21586
21588
21590
21593
21595
21597
21600
21602
21604
21606
21609
21611
21613
21616
21618
21620
21623
21625
21627
21630
21632
21634
21637
21639
21641
21644
21646
21648
21651
21653
21655
21658
21660
21662
21665
21667
21669
21672
21674
21676
21679
21681
21683
21686
21688
21690
21693
21695
21697
21700
21702
21704
21706
21709
21711
21713
21716
21718
21720
21723
21725
21727
21730
21732
21734
21737
21739
21741
21744
21746
21748
21751
21753
21755
21758
21760
21762
21765
21767
21769
21772
21774
21776
21779
21781
21783
21786
21788
21790
21793
21795
21797
21800
21802
21804
21806
21809
21811
21813
21816
21818
21820
21823
21825
21827
21830
21832
21834
21837
21839
21841
21844
21846
21848
21851
21853
21855
21858
21860
21862
21865
21867
21869
21872
21874
21876
21879
21881
21883
21886
21888
21890
21893
21895
21897
21900
21902
21904
21906
21909
21911
21913
21916
21918
21920
21923
21925
21927
21930
21932
21934
21937
21939
21941
21944
21946
21948
21951
21953
21955
21958
21960
21962
21965
21967
21969
21972
21974
21976
21979
21981
21983
21986
21988
21990
21993
21995
21997
22000
22002
22004
22006
22009
22011
22013
22015
22018
22020
22022
22025
22027
22029
22031
22034
22036
22038
22040
22043
22045
22047
22050
22052
22054
22056
22059
22061
22063
22065
22068
22070
22072
22075
22077
22079
22081
22084
22086
22088
22090
22093
22095
22097
22100
22102
22104
22106
22108
22111
22113
22115
22117
22120
22122
22124
22126
22128
22131
22133
22135
22137
22140
22142
22144
22146
22148
22151
22153
22155
22157
22160
22162
22164
22166
22168
22171
22173
22175
22177
22180
22182
22184
22186
22188
22191
22193
22195
22197
22200
22202
22204
22206
22209
22211
22213
22215
22218
22220
22222
22225
22227
22229
22231
22234
22236
22238
22240
22243
22245
22247
22250
22252
22254
22256
22259
22261
22263
22265
22268
22270
22272
22275
22277
22279
22281
22284
22286
22288
22290
22293
22295
22297
22300
22302
22304
22306
22309
22311
22313
22315
22318
22320
22322
22325
22327
22329
22331
22334
22336
22338
22340
22343
22345
22347
22350
22352
22354
22356
22359
22361
22363
22365
22368
22370
22372
22375
22377
22379
22381
22384
22386
22388
22390
22393
22395
22397
22400
22402
22404
22406
22409
22411
22413
22415
22418
22420
22422
22424
22427
22429
22431
22434
22436
22438
22440
22443
22445
22447
22450
22452
22454
22456
22459
22461
22463
22465
22468
22470
22472
22475
22477
22479
22481
22484
22486
22488
22490
22493
22495
22497
22500
22502
22504
22506
22509
22511
22513
22515
22518
22520
22522
22525
22527
22529
22531
22534
22536
22538
22540
22543
22545
22547
22550
22552
22554
22556
22559
22561
22563
22565
22568
22570
22572
22575
22577
22579
22581
22584
22586
22588
22590
22593
22595
22597
22600
22602
22604
22606
22609
22611
22613
22615
22618
22620
22622
22625
22627
22629
22631
22634
22636
22638
22640
22643
22645
22647
22650
22652
22654
22656
22659
22661
22663
22665
22668
22670
22672
22675
22677
22679
22681
22684
22686
22688
22690
22693
22695
22697
22700
22702
22704
22706
22709
22711
22713
22715
22718
22720
22722
22725
22727
22729
22731
22734
22736
22738
22740
22743
22745
22747
22750
22752
22754
22756
22759
22761
22763
22765
22768
22770
22772
22775
22777
22779
22781
22784
22786
22788
22790
22793
22795
22797
22800
22802
22804
22806
22809
22811
22813
22815
22818
22820
22822
22825
22827
22829
22831
22834
22836
22838
22840
22843
22845
22847
22850
22852
22854
22856
22859
22861
22863
22865
22868
22870
22872
22875
22877
22879
22881
22884
22886
22888
22890
22893
22895
22897
22900
22902
22904
22906
22909
22911
22913
22915
22918
22920
22922
22924
22927
22929
22931
22934
22936
22938
22940
22943
22945
22947
22950
22952
22954
22956
22959
22961
22963
22965
22968
22970
22972
22975
22977
22979
22981
22984
22986
22988
22990
22993
22995
22997
23000
23002
23004
23006
23009
23011
23013
23016
23018
23020
23023
23025
23027
23030
23032
23034
23037
23039
23041
23044
23046
23048
23051
23053
23055
23058
23060
23062
23065
23067
23069
23072
23074
23076
23079
23081
23083
23086
23088
23090
23093
23095
23097
23100
23102
23104
23107
23109
23111
23114
23116
23119
23121
23123
23126
23128
23130
23133
23135
23138
23140
23142
23145
23147
23150
23152
23154
23157
23159
23161
23164
23166
23169
23171
23173
23176
23178
23180
23183
23185
23188
23190
23192
23195
23197
23200
23202
23204
23206
23209
23211
23213
23216
23218
23220
23223
23225
23227
23230
23232
23234
23237
23239
23241
23244
23246
23248
23251
23253
23255
23258
23260
23262
23265
23267
23269
23272
23274
23276
23279
23281
23283
23286
23288
23290
23293
23295
23297
23300
23302
23304
23307
23309
23311
23314
23316
23319
23321
23323
23326
23328
23330
23333
23335
23338
23340
23342
23345
23347
23349
23352
23354
23357
23359
23361
23364
23366
23369
23371
23373
23376
23378
23380
23383
23385
23388
23390
23392
23395
23397
23400
23402
23404
23406
23409
23411
23413
23416
23418
23420
23423
23425
23427
23430
23432
23434
23437
23439
23441
23444
23446
23448
23451
23453
23455
23458
23460
23462
23465
23467
23469
23472
23474
23476
23479
23481
23483
23486
23488
23490
23493
23495
23497
23500
23502
23504
23507
23509
23511
23514
23516
23519
23521
23523
23526
23528
23530
23533
23535
23538
23540
23542
23545
23547
23550
23552
23554
23557
23559
23561
23564
23566
23569
23571
23573
23576
23578
23580
23583
23585
23588
23590
23592
23595
23597
23600
23602
23604
23606
23609
23611
23613
23616
23618
23620
23623
23625
23627
23630
23632
23634
23637
23639
23641
23644
23646
23648
23651
23653
23655
23658
23660
23662
23665
23667
23669
23672
23674
23676
23679
23681
23683
23686
23688
23690
23693
23695
23697
23700
23702
23704
23707
23709
23711
23714
23716
23719
23721
23723
23726
23728
23730
23733
23735
23738
23740
23742
23745
23747
23750
23752
23754
23757
23759
23761
23764
23766
23769
23771
23773
23776
23778
23780
23783
23785
23788
23790
23792
23795
23797
23800
23802
23804
23806
23809
23811
23813
23816
23818
23820
23823
23825
23827
23830
23832
23834
23837
23839
23841
23844
23846
23848
23851
23853
23855
23858
23860
23862
23865
23867
23869
23872
23874
23876
23879
23881
23883
23886
23888
23890
23893
23895
23897
23900
23902
23904
23907
23909
23911
23914
23916
23919
23921
23923
23926
23928
23930
23933
23935
23938
23940
23942
23945
23947
23950
23952
23954
23957
23959
23961
23964
23966
23969
23971
23973
23976
23978
23980
23983
23985
23988
23990
23992
23995
23997
24000
24002
24004
24006
24009
24011
24013
24016
24018
24020
24023
24025
24027
24030
24032
24034
24037
24039
24041
24044
24046
24048
24051
24053
24055
24058
24060
24062
24065
24067
24069
24072
24074
24076
24079
24081
24083
24086
24088
24090
24093
24095
24097
24100
24102
24104
24107
24109
24111
24114
24116
24119
24121
24123
24126
24128
24130
24133
24135
24138
24140
24142
24145
24147
24150
24152
24154
24157
24159
24161
24164
24166
24169
24171
24173
24176
24178
24180
24183
24185
24188
24190
24192
24195
24197
24200
24202
24204
24206
24209
24211
24213
24216
24218
24220
24223
24225
24227
24230
24232
24234
24237
24239
24241
24244
24246
24248
24251
24253
24255
24258
24260
24262
24265
24267
24269
24272
24274
24276
24279
24281
24283
24286
24288
24290
24293
24295
24297
24300
24302
24304
24307
24309
24311
24314
24316
24319
24321
24323
24326
24328
24330
24333
24335
24338
24340
24342
24345
24347
24349
24352
24354
24357
24359
24361
24364
24366
24369
24371
24373
24376
24378
24380
24383
24385
24388
24390
24392
24395
24397
24400
24402
24404
24406
24409
24411
24413
24416
24418
24420
24423
24425
24427
24430
24432
24434
24437
24439
24441
24444
24446
24448
24451
24453
24455
24458
24460
24462
24465
24467
24469
24472
24474
24476
24479
24481
24483
24486
24488
24490
24493
24495
24497
24500
24502
24504
24507
24509
24511
24514
24516
24519
24521
24523
24526
24528
24530
24533
24535
24538
24540
24542
24545
24547
24550
24552
24554
24557
24559
24561
24564
24566
24569
24571
24573
24576
24578
24580
24583
24585
24588
24590
24592
24595
24597
24600
24602
24604
24606
24609
24611
24613
24616
24618
24620
24623
24625
24627
24630
24632
24634
24637
24639
24641
24644
24646
24648
24651
24653
24655
24658
24660
24662
24665
24667
24669
24672
24674
24676
24679
24681
24683
24686
24688
24690
24693
24695
24697
24700
24702
24704
24707
24709
24711
24714
24716
24719
24721
24723
24726
24728
24730
24733
24735
24738
24740
24742
24745
24747
24750
24752
24754
24757
24759
24761
24764
24766
24769
24771
24773
24776
24778
24780
24783
24785
24788
24790
24792
24795
24797
24800
24802
24804
24806
24809
24811
24813
24816
24818
24820
24823
24825
24827
24830
24832
24834
24837
24839
24841
24844
24846
24848
24851
24853
24855
24858
24860
24862
24865
24867
24869
24872
24874
24876
24879
24881
24883
24886
24888
24890
24893
24895
24897
24900
24902
24904
24907
24909
24911
24914
24916
24919
24921
24923
24926
24928
24930
24933
24935
24938
24940
24942
24945
24947
24950
24952
24954
24957
24959
24961
24964
24966
24969
24971
24973
24976
24978
24980
24983
24985
24988
24990
24992
24995
24997
25000
25002
25004
25007
25009
25011
25014
25016
25019
25021
25023
25026
25028
25030
25033
25035
25038
25040
25042
25045
25047
25050
25052
25054
25057
25059
25061
25064
25066
25069
25071
25073
25076
25078
25080
25083
25085
25088
25090
25092
25095
25097
25100
25102
25104
25107
25109
25111
25114
25116
25119
25121
25123
25126
25128
25130
25133
25135
25138
25140
25142
25145
25147
25150
25152
25154
25157
25159
25161
25164
25166
25169
25171
25173
25176
25178
25180
25183
25185
25188
25190
25192
25195
25197
25200
25202
25204
25207
25209
25212
25214
25217
25219
25221
25224
25226
25229
25231
25234
25236
25239
25241
25243
25246
25248
25251
25253
25256
25258
25260
25263
25265
25268
25270
25273
25275
25278
25280
25282
25285
25287
25290
25292
25295
25297
25300
25302
25304
25307
25309
25311
25314
25316
25319
25321
25323
25326
25328
25330
25333
25335
25338
25340
25342
25345
25347
25349
25352
25354
25357
25359
25361
25364
25366
25369
25371
25373
25376
25378
25380
25383
25385
25388
25390
25392
25395
25397
25400
25402
25404
25407
25409
25411
25414
25416
25419
25421
25423
25426
25428
25430
25433
25435
25438
25440
25442
25445
25447
25450
25452
25454
25457
25459
25461
25464
25466
25469
25471
25473
25476
25478
25480
25483
25485
25488
25490
25492
25495
25497
25500
25502
25504
25507
25509
25511
25514
25516
25519
25521
25523
25526
25528
25530
25533
25535
25538
25540
25542
25545
25547
25550
25552
25554
25557
25559
25561
25564
25566
25569
25571
25573
25576
25578
25580
25583
25585
25588
25590
25592
25595
25597
25600
25602
25604
25607
25609
25612
25614
25617
25619
25621
25624
25626
25629
25631
25634
25636
25639
25641
25643
25646
25648
25651
25653
25656
25658
25660
25663
25665
25668
25670
25673
25675
25678
25680
25682
25685
25687
25690
25692
25695
25697
25700
25702
25704
25707
25709
25711
25714
25716
25719
25721
25723
25726
25728
25730
25733
25735
25738
25740
25742
25745
25747
25750
25752
25754
25757
25759
25761
25764
25766
25769
25771
25773
25776
25778
25780
25783
25785
25788
25790
25792
25795
25797
25800
25802
25804
25807
25809
25811
25814
25816
25819
25821
25823
25826
25828
25830
25833
25835
25838
25840
25842
25845
25847
25849
25852
25854
25857
25859
25861
25864
25866
25869
25871
25873
25876
25878
25880
25883
25885
25888
25890
25892
25895
25897
25900
25902
25904
25907
25909
25912
25914
25917
25919
25921
25924
25926
25929
25931
25934
25936
25939
25941
25943
25946
25948
25951
25953
25956
25958
25960
25963
25965
25968
25970
25973
25975
25978
25980
25982
25985
25987
25990
25992
25995
25997
26000
26002
26004
26007
26009
26012
26014
26017
26019
26021
26024
26026
26029
26031
26034
26036
26039
26041
26043
26046
26048
26051
26053
26056
26058
26060
26063
26065
26068
26070
26073
26075
26078
26080
26082
26085
26087
26090
26092
26095
26097
26100
26102
26104
26107
26109
26112
26114
26117
26119
26121
26124
26126
26129
26131
26134
26136
26139
26141
26143
26146
26148
26151
26153
26156
26158
26160
26163
26165
26168
26170
26173
26175
26178
26180
26182
26185
26187
26190
26192
26195
26197
26200
26202
26204
26207
26209
26212
26214
26217
26219
26221
26224
26226
26229
26231
26234
26236
26239
26241
26243
26246
26248
26251
26253
26256
26258
26260
26263
26265
26268
26270
26273
26275
26278
26280
26282
26285
26287
26290
26292
26295
26297
26300
26302
26304
26307
26309
26311
26314
26316
26319
26321
26323
26326
26328
26330
26333
26335
26338
26340
26342
26345
26347
26349
26352
26354
26357
26359
26361
26364
26366
26369
26371
26373
26376
26378
26380
26383
26385
26388
26390
26392
26395
26397
26400
26402
26404
26407
26409
26412
26414
26417
26419
26421
26424
26426
26429
26431
26434
26436
26439
26441
26443
26446
26448
26451
26453
26456
26458
26460
26463
26465
26468
26470
26473
26475
26478
26480
26482
26485
26487
26490
26492
26495
26497
26500
26502
26504
26507
26509
26512
26514
26517
26519
26521
26524
26526
26529
26531
26534
26536
26539
26541
26543
26546
26548
26551
26553
26556
26558
26560
26563
26565
26568
26570
26573
26575
26578
26580
26582
26585
26587
26590
26592
26595
26597
26600
26602
26604
26607
26609
26612
26614
26617
26619
26621
26624
26626
26629
26631
26634
26636
26639
26641
26643
26646
26648
26651
26653
26656
26658
26660
26663
26665
26668
26670
26673
26675
26678
26680
26682
26685
26687
26690
26692
26695
26697
26700
26702
26704
26707
26709
26712
26714
26717
26719
26721
26724
26726
26729
26731
26734
26736
26739
26741
26743
26746
26748
26751
26753
26756
26758
26760
26763
26765
26768
26770
26773
26775
26778
26780
26782
26785
26787
26790
26792
26795
26797
26800
26802
26804
26807
26809
26812
26814
26817
26819
26821
26824
26826
26829
26831
26834
26836
26839
26841
26843
26846
26848
26851
26853
26856
26858
26860
26863
26865
26868
26870
26873
26875
26878
26880
26882
26885
26887
26890
26892
26895
26897
26900
26902
26904
26907
26909
26912
26914
26917
26919
26921
26924
26926
26929
26931
26934
26936
26939
26941
26943
26946
26948
26951
26953
26956
26958
26960
26963
26965
26968
26970
26973
26975
26978
26980
26982
26985
26987
26990
26992
26995
26997
27000
27002
27004
27006
27009
27011
27013
27015
27018
27020
27022
27025
27027
27029
27031
27034
27036
27038
27040
27043
27045
27047
27050
27052
27054
27056
27059
27061
27063
27065
27068
27070
27072
27075
27077
27079
27081
27084
27086
27088
27090
27093
27095
27097
27100
27102
27104
27106
27109
27111
27113
27115
27118
27120
27122
27125
27127
27129
27131
27134
27136
27138
27140
27143
27145
27147
27150
27152
27154
27156
27159
27161
27163
27165
27168
27170
27172
27175
27177
27179
27181
27184
27186
27188
27190
27193
27195
27197
27200
27202
27204
27206
27209
27211
27213
27215
27218
27220
27222
27225
27227
27229
27231
27234
27236
27238
27240
27243
27245
27247
27250
27252
27254
27256
27259
27261
27263
27265
27268
27270
27272
27275
27277
27279
27281
27284
27286
27288
27290
27293
27295
27297
27300
27302
27304
27306
27309
27311
27313
27315
27318
27320
27322
27325
27327
27329
27331
27334
27336
27338
27340
27343
27345
27347
27350
27352
27354
27356
27359
27361
27363
27365
27368
27370
27372
27375
27377
27379
27381
27384
27386
27388
27390
27393
27395
27397
27400
27402
27404
27406
27409
27411
27413
27415
27418
27420
27422
27424
27427
27429
27431
27434
27436
27438
27440
27443
27445
27447
27450
27452
27454
27456
27459
27461
27463
27465
27468
27470
27472
27475
27477
27479
27481
27484
27486
27488
27490
27493
27495
27497
27500
27502
27504
27506
27509
27511
27513
27515
27518
27520
27522
27525
27527
27529
27531
27534
27536
27538
27540
27543
27545
27547
27550
27552
27554
27556
27559
27561
27563
27565
27568
27570
27572
27575
27577
27579
27581
27584
27586
27588
27590
27593
27595
27597
27600
27602
27604
27606
27609
27611
27613
27615
27618
27620
27622
27625
27627
27629
27631
27634
27636
27638
27640
27643
27645
27647
27650
27652
27654
27656
27659
27661
27663
27665
27668
27670
27672
27675
27677
27679
27681
27684
27686
27688
27690
27693
27695
27697
27700
27702
27704
27706
27709
27711
27713
27715
27718
27720
27722
27725
27727
27729
27731
27734
27736
27738
27740
27743
27745
27747
27750
27752
27754
27756
27759
27761
27763
27765
27768
27770
27772
27775
27777
27779
27781
27784
27786
27788
27790
27793
27795
27797
27800
27802
27804
27806
27808
27811
27813
27815
27817
27820
27822
27824
27826
27828
27831
27833
27835
27837
27840
27842
27844
27846
27848
27851
27853
27855
27857
27860
27862
27864
27866
27868
27871
27873
27875
27877
27880
27882
27884
27886
27888
27891
27893
27895
27897
27900
27902
27904
27906
27909
27911
27913
27915
27918
27920
27922
27924
27927
27929
27931
27934
27936
27938
27940
27943
27945
27947
27950
27952
27954
27956
27959
27961
27963
27965
27968
27970
27972
27975
27977
27979
27981
27984
27986
27988
27990
27993
27995
27997
28000
28002
28004
28007
28009
28011
28014
28016
28019
28021
28023
28026
28028
28030
28033
28035
28038
28040
28042
28045
28047
28050
28052
28054
28057
28059
28061
28064
28066
28069
28071
28073
28076
28078
28080
28083
28085
28088
28090
28092
28095
28097
28100
28102
28104
28106
28109
28111
28113
28116
28118
28120
28123
28125
28127
28130
28132
28134
28137
28139
28141
28144
28146
28148
28151
28153
28155
28158
28160
28162
28165
28167
28169
28172
28174
28176
28179
28181
28183
28186
28188
28190
28193
28195
28197
28200
28202
28204
28206
28209
28211
28213
28216
28218
28220
28223
28225
28227
28230
28232
28234
28237
28239
28241
28244
28246
28248
28251
28253
28255
28258
28260
28262
28265
28267
28269
28272
28274
28276
28279
28281
28283
28286
28288
28290
28293
28295
28297
28300
28302
28304
28306
28309
28311
28313
28316
28318
28320
28323
28325
28327
28330
28332
28334
28337
28339
28341
28344
28346
28348
28351
28353
28355
28358
28360
28362
28365
28367
28369
28372
28374
28376
28379
28381
28383
28386
28388
28390
28393
28395
28397
28400
28402
28404
28407
28409
28411
28414
28416
28419
28421
28423
28426
28428
28430
28433
28435
28438
28440
28442
28445
28447
28450
28452
28454
28457
28459
28461
28464
28466
28469
28471
28473
28476
28478
28480
28483
28485
28488
28490
28492
28495
28497
28500
28502
28504
28506
28509
28511
28513
28516
28518
28520
28523
28525
28527
28530
28532
28534
28537
28539
28541
28544
28546
28548
28551
28553
28555
28558
28560
28562
28565
28567
28569
28572
28574
28576
28579
28581
28583
28586
28588
28590
28593
28595
28597
28600
28602
28604
28606
28609
28611
28613
28616
28618
28620
28623
28625
28627
28630
28632
28634
28637
28639
28641
28644
28646
28648
28651
28653
28655
28658
28660
28662
28665
28667
28669
28672
28674
28676
28679
28681
28683
28686
28688
28690
28693
28695
28697
28700
28702
28704
28706
28709
28711
28713
28716
28718
28720
28723
28725
28727
28730
28732
28734
28737
28739
28741
28744
28746
28748
28751
28753
28755
28758
28760
28762
28765
28767
28769
28772
28774
28776
28779
28781
28783
28786
28788
28790
28793
28795
28797
28800
28802
28804
28807
28809
28811
28814
28816
28819
28821
28823
28826
28828
28830
28833
28835
28838
28840
28842
28845
28847
28849
28852
28854
28857
28859
28861
28864
28866
28869
28871
28873
28876
28878
28880
28883
28885
28888
28890
28892
28895
28897
28900
28902
28904
28906
28909
28911
28913
28916
28918
28920
28923
28925
28927
28930
28932
28934
28937
28939
28941
28944
28946
28948
28951
28953
28955
28958
28960
28962
28965
28967
28969
28972
28974
28976
28979
28981
28983
28986
28988
28990
28993
28995
28997
29000
29002
29005
29007
29010
29012
29015
29017
29020
29022
29025
29027
29030
29032
29035
29037
29040
29042
29045
29047
29050
29052
29055
29057
29060
29062
29065
29067
29070
29072
29075
29077
29080
29082
29085
29087
29090
29092
29095
29097
29100
29102
29105
29107
29110
29112
29115
29117
29120
29122
29125
29127
29130
29132
29135
29137
29140
29142
29145
29147
29150
29152
29155
29157
29160
29162
29165
29167
29170
29172
29175
29177
29180
29182
29185
29187
29189
29192
29195
29197
29200
29202
29205
29207
29210
29212
29215
29217
29220
29222
29225
29227
29230
29232
29235
29237
29240
29242
29245
29247
29250
29252
29255
29257
29260
29262
29265
29267
29270
29272
29275
29277
29280
29282
29285
29287
29290
29292
29295
29297
29300
29302
29305
29307
29310
29312
29315
29317
29320
29322
29325
29327
29330
29332
29335
29337
29340
29342
29345
29347
29350
29352
29355
29357
29360
29362
29365
29367
29369
29372
29375
29377
29380
29382
29384
29387
29390
29392
29395
29397
29400
29402
29404
29407
29410
29412
29415
29417
29419
29422
29424
29427
29430
29432
29435
29437
29439
29442
29445
29447
29450
29452
29455
29457
29460
29462
29465
29467
29470
29472
29475
29477
29480
29482
29485
29487
29490
29492
29495
29497
29500
29502
29505
29507
29510
29512
29515
29517
29520
29522
29525
29527
29530
29532
29535
29537
29540
29542
29545
29547
29550
29552
29555
29557
29560
29562
29565
29567
29570
29572
29575
29577
29580
29582
29585
29587
29590
29592
29595
29597
29600
29602
29605
29607
29610
29612
29615
29617
29620
29622
29625
29627
29630
29632
29635
29637
29640
29642
29645
29647
29650
29652
29655
29657
29660
29662
29665
29667
29670
29672
29675
29677
29680
29682
29685
29687
29689
29692
29695
29697
29700
29702
29705
29707
29710
29712
29715
29717
29720
29722
29725
29727
29730
29732
29735
29737
29740
29742
29745
29747
29750
29752
29755
29757
29760
29762
29765
29767
29770
29772
29775
29777
29780
29782
29785
29787
29790
29792
29795
29797
29800
29802
29805
29807
29810
29812
29815
29817
29820
29822
29825
29827
29830
29832
29835
29837
29840
29842
29845
29847
29850
29852
29855
29857
29860
29862
29865
29867
29869
29872
29875
29877
29880
29882
29884
29887
29890
29892
29895
29897
29900
29902
29904
29907
29910
29912
29915
29917
29919
29922
29924
29927
29930
29932
29935
29937
29939
29942
29945
29947
29950
29952
29955
29957
29960
29962
29965
29967
29970
29972
29975
29977
29980
29982
29985
29987
29990
29992
29995
29997
30000
