0.10 193121.54
0.20 193121.54
0.30 193121.54
0.40 193121.54
0.50 193121.54
0.60 193121.54
0.70 193121.54
0.80 193121.54
0.90 193121.54
1.00 193121.54
1.10 177410.39
1.20 177410.39
1.30 177410.39
1.40 177410.39
1.50 177410.39
1.60 177410.39
1.70 177410.39
1.80 177410.39
1.90 177410.39
2.00 177410.39
2.10 157889.81
2.20 157889.81
2.30 157889.81
2.40 157889.81
2.50 157889.81
2.60 157889.81
2.70 157889.81
2.80 157889.81
2.90 157889.81
3.00 157889.81
3.10 228497.07
3.20 228497.07
3.30 228497.07
3.40 228497.07
3.50 228497.07
3.60 228497.07
3.70 228497.07
3.80 228497.07
3.90 228497.07
4.00 228497.07
4.10 223133.40
4.20 223133.40
4.30 223133.40
4.40 223133.40
4.50 223133.40
4.60 223133.40
4.70 223133.40
4.80 223133.40
4.90 223133.40
5.00 223133.40
5.10 190136.62
5.20 190136.62
5.30 190136.62
5.40 190136.62
5.50 190136.62
5.60 190136.62
5.70 190136.62
5.80 190136.62
5.90 190136.62
6.00 190136.62
6.10 248822.46
6.20 248822.46
6.30 248822.46
6.40 248822.46
6.50 248822.46
6.60 248822.46
6.70 248822.46
6.80 248822.46
6.90 248822.46
7.00 248822.46
7.10 241280.23
7.20 241280.23
7.30 241280.23
7.40 241280.23
7.50 241280.23
7.60 241280.23
7.70 241280.23
7.80 241280.23
7.90 241280.23
8.00 241280.23
8.10 210385.37
8.20 210385.37
8.30 210385.37
8.40 210385.37
8.50 210385.37
8.60 210385.37
8.70 210385.37
8.80 210385.37
8.90 210385.37
9.00 210385.37
9.10 264858.62
9.20 264858.62
9.30 264858.62
9.40 264858.62
9.50 264858.62
9.60 264858.62
9.70 264858.62
9.80 264858.62
9.90 264858.62
10.00 264858.62
10.10 217409.48
10.20 217409.48
10.30 217409.48
10.40 217409.48
10.50 217409.48
10.60 217409.48
10.70 217409.48
10.80 217409.48
10.90 217409.48
11.00 217409.48
11.10 198976.54
11.20 198976.54
11.30 198976.54
11.40 198976.54
11.50 198976.54
11.60 198976.54
11.70 198976.54
11.80 198976.54
11.90 198976.54
12.00 198976.54
12.10 195224.57
12.20 195224.57
12.30 195224.57
12.40 195224.57
12.50 195224.57
12.60 195224.57
12.70 195224.57
12.80 195224.57
12.90 195224.57
13.00 195224.57
13.10 219198.83
13.20 219198.83
13.30 219198.83
13.40 219198.83
13.50 219198.83
13.60 219198.83
13.70 219198.83
13.80 219198.83
13.90 219198.83
14.00 219198.83
14.10 188961.49
14.20 188961.49
14.30 188961.49
14.40 188961.49
14.50 188961.49
14.60 188961.49
14.70 188961.49
14.80 188961.49
14.90 188961.49
15.00 188961.49
15.10 182529.98
15.20 182529.98
15.30 182529.98
15.40 182529.98
15.50 182529.98
15.60 182529.98
15.70 182529.98
15.80 182529.98
15.90 182529.98
16.00 182529.98
16.10 155876.94
16.20 155876.94
16.30 155876.94
16.40 155876.94
16.50 155876.94
16.60 155876.94
16.70 155876.94
16.80 155876.94
16.90 155876.94
17.00 155876.94
17.10 166315.01
17.20 166315.01
17.30 166315.01
17.40 166315.01
17.50 166315.01
17.60 166315.01
17.70 166315.01
17.80 166315.01
17.90 166315.01
18.00 166315.01
18.10 176021.93
18.20 176021.93
18.30 176021.93
18.40 176021.93
18.50 176021.93
18.60 176021.93
18.70 176021.93
18.80 176021.93
18.90 176021.93
19.00 176021.93
19.10 145212.94
19.20 145212.94
19.30 145212.94
19.40 145212.94
19.50 145212.94
19.60 145212.94
19.70 145212.94
19.80 145212.94
19.90 145212.94
20.00 145212.94
20.10 176372.83
20.20 176372.83
20.30 176372.83
20.40 176372.83
20.50 176372.83
20.60 176372.83
20.70 176372.83
20.80 176372.83
20.90 176372.83
21.00 176372.83
21.10 155782.43
21.20 155782.43
21.30 155782.43
21.40 155782.43
21.50 155782.43
21.60 155782.43
21.70 155782.43
21.80 155782.43
21.90 155782.43
22.00 155782.43
22.10 192305.38
22.20 192305.38
22.30 192305.38
22.40 192305.38
22.50 192305.38
22.60 192305.38
22.70 192305.38
22.80 192305.38
22.90 192305.38
23.00 192305.38
23.10 208005.14
23.20 208005.14
23.30 208005.14
23.40 208005.14
23.50 208005.14
23.60 208005.14
23.70 208005.14
23.80 208005.14
23.90 208005.14
24.00 208005.14
24.10 175238.41
24.20 175238.41
24.30 175238.41
24.40 175238.41
24.50 175238.41
24.60 175238.41
24.70 175238.41
24.80 175238.41
24.90 175238.41
25.00 175238.41
25.10 204217.32
25.20 204217.32
25.30 204217.32
25.40 204217.32
25.50 204217.32
25.60 204217.32
25.70 204217.32
25.80 204217.32
25.90 204217.32
26.00 204217.32
26.10 162426.18
26.20 162426.18
26.30 162426.18
26.40 162426.18
26.50 162426.18
26.60 162426.18
26.70 162426.18
26.80 162426.18
26.90 162426.18
27.00 162426.18
27.10 182789.29
27.20 182789.29
27.30 182789.29
27.40 182789.29
27.50 182789.29
27.60 182789.29
27.70 182789.29
27.80 182789.29
27.90 182789.29
28.00 182789.29
28.10 165611.75
28.20 165611.75
28.30 165611.75
28.40 165611.75
28.50 165611.75
28.60 165611.75
28.70 165611.75
28.80 165611.75
28.90 165611.75
29.00 165611.75
29.10 172253.48
29.20 172253.48
29.30 172253.48
29.40 172253.48
29.50 172253.48
29.60 172253.48
29.70 172253.48
29.80 172253.48
29.90 172253.48
30.00 172253.48
