0.16 21000.0
0.26 31500.0
0.36 40500.0
0.46 78000.0
0.57 27000.0
0.67 37500.0
0.82 34500.0
0.93 27000.0
1.05 33000.0
1.15 25500.0
1.27 25500.0
1.37 57000.0
1.49 55500.0
1.59 48000.0
1.69 48000.0
1.79 13500.0
1.89 54000.0
1.99 67500.0
2.12 16500.0
2.22 22500.0
2.34 54000.0
2.44 36000.0
2.55 30000.0
2.64 22500.0
2.75 7500.0
2.85 31500.0
2.95 24000.0
3.08 22500.0
3.22 37500.0
3.33 49500.0
3.43 15000.0
3.54 55500.0
3.64 57000.0
3.75 108000.0
3.85 34500.0
3.96 75000.0
4.07 76500.0
4.17 97500.0
4.27 127500.0
4.37 142500.0
4.47 159000.0
4.57 120000.0
4.67 144000.0
4.78 123000.0
4.88 106500.0
4.98 124500.0
5.10 127500.0
5.20 114000.0
5.30 255000.0
5.40 225000.0
5.50 186000.0
5.61 165000.0
5.71 201000.0
5.82 111000.0
5.91 102000.0
6.02 102000.0
6.12 160500.0
6.22 151500.0
6.32 118500.0
6.42 135000.0
6.52 157500.0
6.63 108000.0
6.73 90000.0
6.88 66000.0
6.99 187500.0
7.09 76500.0
7.19 81000.0
7.30 198000.0
7.40 207000.0
7.51 201000.0
7.61 145500.0
7.71 228000.0
7.81 144000.0
7.92 237000.0
8.02 144000.0
8.12 193500.0
8.22 145500.0
8.33 90000.0
8.43 147000.0
8.53 180000.0
8.64 120000.0
8.74 87000.0
8.84 84000.0
8.94 124500.0
9.05 102000.0
9.14 72000.0
9.25 133500.0
9.38 103500.0
9.47 102000.0
9.58 63000.0
9.70 48000.0
9.80 126000.0
9.90 115500.0
10.00 70500.0
10.18 85500.0
10.28 34500.0
10.39 39000.0
10.50 31500.0
10.60 25500.0
10.70 34500.0
10.85 19500.0
11.01 22500.0
11.17 4500.0
11.28 60000.0
11.38 109500.0
11.47 121500.0
11.58 139500.0
11.68 48000.0
11.82 60000.0
11.92 72000.0
12.03 31500.0
12.13 33000.0
12.23 39000.0
12.33 25500.0
12.43 51000.0
12.53 51000.0
12.64 45000.0
12.74 66000.0
12.84 37500.0
12.96 21000.0
13.07 144000.0
13.17 67500.0
13.28 36000.0
13.38 54000.0
13.48 67500.0
13.58 46500.0
13.69 57000.0
13.79 115500.0
13.89 103500.0
13.99 69000.0
14.09 69000.0
14.19 87000.0
14.37 27000.0
14.47 46500.0
14.57 36000.0
14.68 40500.0
14.78 33000.0
14.89 22500.0
14.99 22500.0
15.09 40500.0
15.19 28500.0
15.29 36000.0
15.40 25500.0
15.55 42000.0
15.66 58500.0
15.76 43500.0
15.86 73500.0
15.96 66000.0
16.07 55500.0
16.17 57000.0
16.27 25500.0
16.37 55500.0
16.47 52500.0
16.58 46500.0
16.68 25500.0
16.78 21000.0
16.88 54000.0
16.98 31500.0
17.09 34500.0
17.19 66000.0
17.29 37500.0
17.39 34500.0
17.49 15000.0
17.60 21000.0
17.78 24000.0
17.93 22500.0
18.05 27000.0
18.14 37500.0
18.27 43500.0
18.38 7500.0
18.48 7500.0
18.63 3000.0
18.76 4500.0
18.86 18000.0
18.97 34500.0
19.07 24000.0
19.23 4500.0
19.33 51000.0
19.43 42000.0
19.53 36000.0
19.65 21000.0
19.76 33000.0
19.86 18000.0
19.96 28500.0
20.07 33000.0
20.17 45000.0
20.27 69000.0
20.38 94500.0
20.48 58500.0
20.58 46500.0
20.75 24000.0
20.85 37500.0
20.96 3000.0
21.06 22500.0
21.16 12000.0
21.30 7500.0
21.45 4500.0
21.55 18000.0
21.65 21000.0
21.75 19500.0
21.87 13500.0
21.97 24000.0
22.08 51000.0
22.19 40500.0
22.31 18000.0
22.41 36000.0
22.54 9000.0
22.64 31500.0
22.77 7500.0
22.88 42000.0
22.98 37500.0
23.08 33000.0
23.18 31500.0
23.30 27000.0
23.39 37500.0
23.49 49500.0
23.61 22500.0
23.71 16500.0
23.81 13500.0
23.91 49500.0
24.01 54000.0
24.11 33000.0
24.22 61500.0
24.33 37500.0
24.44 28500.0
24.56 22500.0
24.66 30000.0
24.76 13500.0
24.87 57000.0
24.98 48000.0
25.09 39000.0
25.19 75000.0
25.29 73500.0
25.40 46500.0
25.50 10500.0
25.60 49500.0
25.70 33000.0
25.81 73500.0
25.91 84000.0
26.02 76500.0
26.12 97500.0
26.22 88500.0
26.33 118500.0
26.42 114000.0
26.53 130500.0
26.63 138000.0
26.73 144000.0
26.84 135000.0
26.94 136500.0
27.05 181500.0
27.15 193500.0
27.25 250500.0
27.35 67500.0
27.45 91500.0
27.55 112500.0
27.65 108000.0
27.75 214500.0
27.86 127500.0
27.95 189000.0
28.06 124500.0
28.15 202500.0
28.26 168000.0
28.36 157500.0
28.46 201000.0
28.57 181500.0
28.67 198000.0
28.77 210000.0
28.88 214500.0
28.98 130500.0
29.08 78000.0
29.18 120000.0
29.31 219000.0
29.41 292500.0
29.51 210000.0
29.61 247500.0
29.72 192000.0
29.82 319500.0
29.92 279000.0
