503
1006
1509
1560
1610
1660
1710
1746
1783
1820
1870
1920
1953
1986
2020
2075
2130
2179
2230
2263
2296
2330
2385
2440
2540
2760
2970
3080
3290
3510
3559
3610
3665
3720
3770
3820
3875
3930
3985
4040
4140
4195
4250
4300
4350
4404
4460
4515
4570
4620
4670
4770
4870
4920
4970
5080
5130
5180
5280
5330
5380
5480
5535
5590
5690
5790
5900
5950
6000
6110
6210
6310
6420
6470
6520
6630
6680
6730
6780
6830
6940
6990
7040
7095
7150
7200
7250
7300
7350
7404
7460
7560
7615
7670
7720
7770
7880
7930
7980
8090
8140
8189
8300
8350
8400
8455
8510
8610
8665
8720
8820
9020
9130
9230
9330
9440
9540
9640
9850
9960
10070
10180
10290
10400
10510
10620
10730
10840
10950
11520
11716
11913
12110
12156
12203
12250
12296
12343
12390
12433
12476
12520
12566
12613
12660
12706
12753
12800
12843
12886
12930
12976
13023
13070
13116
13163
13210
13256
13303
13350
13450
13650
13760
13960
14170
14380
14600
14720
14950
15060
15290
15400
15620
15720
15830
15930
16040
16140
16239
16350
16450
16550
16577
16605
16632
16660
16693
16726
16760
16785
16810
16835
16860
16884
16910
16935
16960
16993
17026
17060
17085
17110
17134
17160
17185
17210
17235
17260
17293
17326
17360
17384
17410
17435
17460
17496
17533
17570
17603
17636
17670
17720
17770
17803
17836
17870
17920
17970
18003
18036
18070
18120
18170
18203
18236
18270
18320
18370
18403
18436
18470
18520
18570
18625
18680
18730
18780
18880
18930
18980
19030
19080
19130
19180
19230
19280
19380
19430
19480
19530
19580
19616
19653
19690
19740
19790
19823
19856
19890
19926
19963
20000
20050
20100
20133
20166
20200
20255
20310
20343
20376
20410
20443
20476
20510
20565
20620
20653
20686
20720
20775
20830
20863
20896
20930
20985
21040
21073
21106
21140
21176
21213
21250
21300
21350
21386
21423
21460
21509
21560
21596
21633
21670
21703
21736
21770
21820
21870
21903
21936
21970
22003
22036
22070
22106
22143
22180
22213
22246
22280
22313
22346
22380
22413
22446
22480
22513
22546
22580
22613
22646
22680
22800
22860
22920
23040
23100
23160
23220
23280
23400
23460
23520
23640
23700
23760
23880
24010
24075
24140
24270
24400
24530
24660
24790
24855
24920
25050
25180
25290
25345
25400
25510
25620
25730
25785
25840
25950
26060
26115
26170
26270
26420
26720
26870
27010
27160
27310
27610
27750
27860
27960
28060
28160
28260
28360
28460
28560
28660
28715
28770
28900
29030
29095
29160
29290
29420
29485
29550
29680
29810
29875
29940
