0.10 0.00
0.20 0.00
0.30 0.00
0.40 0.00
0.50 0.00
0.60 0.00
0.70 0.00
0.80 0.00
0.90 0.00
1.00 0.00
1.10 0.00
1.20 0.00
1.30 0.00
1.40 0.00
1.50 0.00
1.60 0.00
1.70 0.00
1.80 0.00
1.90 0.00
2.00 0.00
2.10 0.00
2.20 0.00
2.30 0.00
2.40 0.00
2.50 0.00
2.60 0.00
2.70 0.00
2.80 0.00
2.90 0.00
3.00 0.00
3.10 0.00
3.20 0.00
3.30 0.00
3.40 0.00
3.50 0.00
3.60 0.00
3.70 0.00
3.80 0.00
3.90 0.00
4.00 0.00
4.10 232448.00
4.20 232448.00
4.30 232448.00
4.40 232448.00
4.50 232448.00
4.60 232448.00
4.70 232448.00
4.80 232448.00
4.90 232448.00
5.00 232448.00
5.10 1331.20
5.20 1331.20
5.30 1331.20
5.40 1331.20
5.50 1331.20
5.60 1331.20
5.70 1331.20
5.80 1331.20
5.90 1331.20
6.00 1331.20
6.10 1228.80
6.20 1228.80
6.30 1228.80
6.40 1228.80
6.50 1228.80
6.60 1228.80
6.70 1228.80
6.80 1228.80
6.90 1228.80
7.00 1228.80
7.10 1228.80
7.20 1228.80
7.30 1228.80
7.40 1228.80
7.50 1228.80
7.60 1228.80
7.70 1228.80
7.80 1228.80
7.90 1228.80
8.00 1228.80
8.10 1228.80
8.20 1228.80
8.30 1228.80
8.40 1228.80
8.50 1228.80
8.60 1228.80
8.70 1228.80
8.80 1228.80
8.90 1228.80
9.00 1228.80
9.10 1331.20
9.20 1331.20
9.30 1331.20
9.40 1331.20
9.50 1331.20
9.60 1331.20
9.70 1331.20
9.80 1331.20
9.90 1331.20
10.00 1331.20
10.10 1228.80
10.20 1228.80
10.30 1228.80
10.40 1228.80
10.50 1228.80
10.60 1228.80
10.70 1228.80
10.80 1228.80
10.90 1228.80
11.00 1228.80
11.10 1331.20
11.20 1331.20
11.30 1331.20
11.40 1331.20
11.50 1331.20
11.60 1331.20
11.70 1331.20
11.80 1331.20
11.90 1331.20
12.00 1331.20
12.10 1228.80
12.20 1228.80
12.30 1228.80
12.40 1228.80
12.50 1228.80
12.60 1228.80
12.70 1228.80
12.80 1228.80
12.90 1228.80
13.00 1228.80
13.10 1331.20
13.20 1331.20
13.30 1331.20
13.40 1331.20
13.50 1331.20
13.60 1331.20
13.70 1331.20
13.80 1331.20
13.90 1331.20
14.00 1331.20
14.10 1228.80
14.20 1228.80
14.30 1228.80
14.40 1228.80
14.50 1228.80
14.60 1228.80
14.70 1228.80
14.80 1228.80
14.90 1228.80
15.00 1228.80
15.10 1228.80
15.20 1228.80
15.30 1228.80
15.40 1228.80
15.50 1228.80
15.60 1228.80
15.70 1228.80
15.80 1228.80
15.90 1228.80
16.00 1228.80
16.10 1228.80
16.20 1228.80
16.30 1228.80
16.40 1228.80
16.50 1228.80
16.60 1228.80
16.70 1228.80
16.80 1228.80
16.90 1228.80
17.00 1228.80
17.10 1433.60
17.20 1433.60
17.30 1433.60
17.40 1433.60
17.50 1433.60
17.60 1433.60
17.70 1433.60
17.80 1433.60
17.90 1433.60
18.00 1433.60
18.10 1228.80
18.20 1228.80
18.30 1228.80
18.40 1228.80
18.50 1228.80
18.60 1228.80
18.70 1228.80
18.80 1228.80
18.90 1228.80
19.00 1228.80
19.10 1228.80
19.20 1228.80
19.30 1228.80
19.40 1228.80
19.50 1228.80
19.60 1228.80
19.70 1228.80
19.80 1228.80
19.90 1228.80
20.00 1228.80
20.10 1228.80
20.20 1228.80
20.30 1228.80
20.40 1228.80
20.50 1228.80
20.60 1228.80
20.70 1228.80
20.80 1228.80
20.90 1228.80
21.00 1228.80
21.10 1228.80
21.20 1228.80
21.30 1228.80
21.40 1228.80
21.50 1228.80
21.60 1228.80
21.70 1228.80
21.80 1228.80
21.90 1228.80
22.00 1228.80
22.10 1433.60
22.20 1433.60
22.30 1433.60
22.40 1433.60
22.50 1433.60
22.60 1433.60
22.70 1433.60
22.80 1433.60
22.90 1433.60
23.00 1433.60
23.10 1228.80
23.20 1228.80
23.30 1228.80
23.40 1228.80
23.50 1228.80
23.60 1228.80
23.70 1228.80
23.80 1228.80
23.90 1228.80
24.00 1228.80
24.10 1228.80
24.20 1228.80
24.30 1228.80
24.40 1228.80
24.50 1228.80
24.60 1228.80
24.70 1228.80
24.80 1228.80
24.90 1228.80
25.00 1228.80
25.10 1228.80
25.20 1228.80
25.30 1228.80
25.40 1228.80
25.50 1228.80
25.60 1228.80
25.70 1228.80
25.80 1228.80
25.90 1228.80
26.00 1228.80
26.10 1331.20
26.20 1331.20
26.30 1331.20
26.40 1331.20
26.50 1331.20
26.60 1331.20
26.70 1331.20
26.80 1331.20
26.90 1331.20
27.00 1331.20
27.10 1228.80
27.20 1228.80
27.30 1228.80
27.40 1228.80
27.50 1228.80
27.60 1228.80
27.70 1228.80
27.80 1228.80
27.90 1228.80
28.00 1228.80
28.10 1331.20
28.20 1331.20
28.30 1331.20
28.40 1331.20
28.50 1331.20
28.60 1331.20
28.70 1331.20
28.80 1331.20
28.90 1331.20
29.00 1331.20
29.10 1228.80
29.20 1228.80
29.30 1228.80
29.40 1228.80
29.50 1228.80
29.60 1228.80
29.70 1228.80
29.80 1228.80
29.90 1228.80
30.00 1228.80
