0.12 80504.0
0.23 83280.0
0.34 79116.0
0.44 79116.0
0.55 73564.0
0.65 79116.0
0.76 79116.0
0.87 97160.0
0.98 73564.0
1.09 84668.0
1.19 72176.0
1.30 94384.0
1.40 74952.0
1.51 91608.0
1.63 79116.0
1.74 84668.0
1.85 79116.0
1.95 77728.0
2.06 95772.0
2.16 74952.0
2.27 83280.0
2.37 73564.0
2.48 87444.0
2.59 73564.0
2.69 77728.0
2.80 73564.0
2.90 74952.0
3.01 76340.0
3.12 102712.0
3.23 80504.0
3.34 88832.0
3.44 74952.0
3.55 76340.0
3.66 74952.0
3.78 97160.0
3.88 68012.0
3.99 76340.0
4.10 90220.0
4.20 80504.0
4.31 87444.0
4.41 74952.0
4.53 68012.0
4.63 73564.0
4.74 69400.0
4.85 80504.0
4.95 83280.0
5.06 76340.0
5.16 73564.0
5.27 70788.0
5.37 63848.0
5.49 92996.0
5.60 95772.0
5.70 77728.0
5.82 81892.0
5.93 83280.0
6.04 98548.0
6.14 69400.0
6.25 90220.0
6.36 86056.0
6.46 81892.0
6.57 65236.0
6.67 88832.0
6.78 76340.0
6.88 58296.0
6.99 56908.0
7.10 80504.0
7.20 69400.0
7.31 84668.0
7.41 69400.0
7.52 98548.0
7.63 77728.0
7.75 94384.0
7.86 92996.0
7.96 77728.0
8.07 94384.0
8.17 79116.0
8.28 81892.0
8.38 76340.0
8.49 86056.0
8.60 77728.0
8.70 66624.0
8.81 77728.0
8.91 72176.0
9.02 87444.0
9.12 76340.0
9.23 80504.0
9.34 79116.0
9.44 65236.0
9.55 76340.0
9.65 79116.0
9.76 94384.0
9.87 72176.0
9.98 84668.0
10.09 86056.0
10.19 86056.0
10.30 76340.0
10.40 79116.0
10.51 90220.0
10.62 81892.0
10.73 92996.0
10.84 84668.0
10.94 69400.0
11.05 69400.0
11.15 49968.0
11.26 73564.0
11.37 83280.0
11.48 86056.0
11.59 70788.0
11.69 62460.0
11.80 87444.0
11.90 62460.0
12.01 69400.0
12.12 80504.0
12.23 69400.0
12.34 69400.0
12.44 72176.0
12.55 68012.0
12.65 70788.0
12.76 84668.0
12.87 77728.0
12.98 91608.0
13.09 65236.0
13.19 72176.0
13.30 77728.0
13.40 61072.0
13.51 84668.0
13.62 83280.0
13.74 76340.0
13.85 92996.0
13.95 68012.0
14.07 74952.0
14.17 65236.0
14.28 77728.0
14.38 72176.0
14.49 73564.0
14.60 86056.0
14.70 70788.0
14.81 90220.0
14.91 76340.0
15.02 77728.0
15.12 79116.0
15.23 79116.0
15.34 79116.0
15.44 73564.0
15.55 74952.0
15.65 62460.0
15.76 84668.0
15.87 81892.0
15.98 73564.0
16.09 70788.0
16.19 80504.0
16.30 84668.0
16.40 68012.0
16.51 84668.0
16.62 83280.0
16.73 79116.0
16.84 86056.0
16.94 73564.0
17.05 80504.0
17.15 77728.0
17.26 77728.0
17.37 76340.0
17.48 86056.0
17.59 88832.0
17.69 66624.0
17.80 69400.0
17.90 72176.0
18.01 83280.0
18.12 81892.0
18.23 83280.0
18.34 79116.0
18.44 47192.0
18.56 69400.0
18.66 48580.0
18.77 68012.0
18.87 66624.0
18.98 84668.0
19.09 90220.0
19.19 79116.0
19.30 81892.0
19.40 77728.0
19.52 81892.0
19.62 79116.0
19.73 65236.0
19.84 77728.0
19.94 61072.0
20.05 77728.0
20.15 61072.0
20.26 79116.0
20.37 69400.0
20.48 51356.0
20.59 65236.0
20.69 70788.0
20.80 80504.0
20.90 68012.0
21.01 86056.0
21.12 77728.0
21.23 80504.0
21.34 79116.0
21.44 77728.0
21.55 73564.0
21.65 62460.0
21.76 81892.0
21.87 84668.0
21.99 83280.0
22.10 90220.0
22.20 68012.0
22.31 87444.0
22.41 79116.0
22.52 88832.0
22.62 76340.0
22.73 77728.0
22.84 83280.0
22.94 65236.0
23.05 88832.0
23.15 74952.0
23.26 74952.0
23.37 87444.0
23.48 77728.0
23.59 72176.0
23.69 84668.0
23.80 73564.0
23.90 76340.0
24.01 77728.0
24.12 90220.0
24.23 92996.0
24.34 92996.0
24.44 72176.0
24.55 84668.0
24.65 83280.0
24.76 94384.0
24.87 76340.0
24.98 80504.0
25.09 76340.0
25.19 72176.0
25.30 88832.0
25.40 63848.0
25.51 73564.0
25.62 76340.0
25.73 84668.0
25.84 79116.0
25.94 72176.0
26.05 86056.0
26.15 84668.0
26.26 88832.0
26.37 69400.0
26.48 83280.0
26.59 80504.0
26.69 70788.0
26.80 70788.0
26.90 63848.0
27.02 92996.0
27.12 61072.0
27.23 79116.0
27.34 90220.0
27.44 76340.0
27.55 79116.0
27.65 63848.0
27.76 74952.0
27.87 65236.0
27.98 84668.0
28.09 77728.0
28.19 73564.0
28.30 87444.0
28.40 70788.0
28.51 86056.0
28.62 74952.0
28.74 73564.0
28.85 81892.0
28.95 74952.0
29.06 88832.0
29.16 72176.0
29.28 74952.0
29.38 72176.0
29.49 86056.0
29.60 69400.0
29.70 76340.0
29.81 84668.0
29.91 68012.0
30.02 76340.0
30.12 65236.0
30.23 74952.0
30.34 77728.0
30.44 65236.0
30.55 73564.0
30.65 74952.0
30.76 87444.0
30.87 77728.0
30.98 80504.0
31.09 79116.0
31.19 69400.0
31.30 83280.0
31.40 48580.0
31.51 51356.0
31.63 81892.0
31.74 80504.0
31.85 69400.0
31.95 66624.0
32.06 70788.0
32.16 62460.0
32.27 76340.0
32.37 63848.0
32.48 79116.0
32.59 72176.0
32.69 69400.0
32.80 80504.0
32.90 70788.0
33.01 79116.0
33.12 69400.0
33.23 80504.0
33.34 72176.0
33.44 56908.0
33.55 55520.0
33.65 65236.0
33.76 79116.0
33.87 80504.0
33.98 72176.0
34.09 72176.0
34.19 72176.0
34.30 90220.0
34.40 62460.0
34.51 87444.0
34.62 73564.0
34.73 81892.0
34.84 94384.0
34.94 69400.0
35.05 80504.0
35.15 70788.0
35.26 66624.0
35.37 66624.0
35.49 74952.0
35.60 87444.0
35.70 63848.0
35.81 80504.0
35.91 73564.0
36.02 72176.0
36.12 69400.0
36.23 72176.0
36.34 70788.0
36.44 54132.0
36.55 59684.0
36.65 49968.0
36.76 58296.0
36.87 58296.0
36.99 70788.0
37.10 81892.0
37.20 62460.0
37.32 83280.0
37.42 73564.0
37.53 87444.0
37.63 56908.0
37.74 83280.0
37.85 79116.0
37.95 88832.0
38.06 76340.0
38.16 58296.0
38.27 70788.0
38.37 63848.0
38.48 79116.0
38.59 76340.0
38.69 70788.0
38.80 61072.0
38.90 52744.0
39.01 52744.0
39.12 66624.0
39.23 80504.0
39.34 91608.0
39.44 81892.0
39.55 77728.0
39.65 70788.0
39.76 77728.0
39.87 68012.0
39.99 73564.0
40.10 76340.0
40.20 90220.0
40.31 79116.0
40.41 73564.0
40.52 84668.0
40.62 69400.0
40.73 76340.0
40.84 81892.0
40.95 66624.0
41.06 87444.0
41.16 70788.0
41.27 73564.0
41.37 80504.0
41.48 83280.0
41.60 80504.0
41.70 65236.0
41.81 76340.0
41.91 69400.0
42.02 80504.0
42.12 74952.0
42.23 88832.0
42.34 83280.0
42.44 76340.0
42.55 77728.0
42.65 81892.0
42.76 74952.0
42.87 90220.0
42.98 87444.0
43.09 81892.0
43.19 80504.0
43.30 68012.0
43.40 66624.0
43.51 72176.0
43.62 77728.0
43.73 81892.0
43.84 74952.0
43.94 63848.0
44.05 72176.0
44.15 66624.0
44.26 86056.0
44.37 77728.0
44.48 72176.0
44.59 73564.0
44.69 72176.0
44.80 84668.0
44.90 70788.0
45.01 73564.0
45.12 81892.0
45.23 70788.0
45.34 84668.0
45.44 76340.0
45.55 81892.0
45.65 74952.0
45.76 74952.0
45.87 73564.0
45.98 81892.0
46.09 76340.0
46.19 59684.0
46.30 70788.0
46.40 87444.0
46.51 90220.0
46.62 92996.0
46.73 70788.0
46.84 80504.0
46.94 73564.0
47.06 86056.0
47.16 94384.0
47.27 98548.0
47.37 66624.0
47.48 90220.0
47.59 98548.0
47.70 77728.0
47.81 72176.0
47.91 68012.0
48.02 74952.0
48.12 77728.0
48.23 81892.0
48.34 69400.0
48.44 70788.0
48.55 66624.0
48.65 54132.0
48.76 55520.0
48.87 62460.0
48.98 66624.0
49.09 74952.0
49.19 66624.0
49.31 68012.0
49.41 73564.0
49.53 72176.0
49.63 58296.0
49.74 73564.0
49.85 80504.0
49.95 63848.0
50.06 70788.0
50.16 72176.0
50.27 66624.0
50.37 76340.0
50.48 73564.0
50.59 91608.0
50.70 79116.0
50.81 70788.0
50.91 72176.0
51.02 68012.0
51.12 62460.0
51.23 81892.0
51.34 88832.0
51.44 80504.0
51.55 80504.0
51.65 77728.0
51.76 65236.0
51.87 76340.0
51.98 91608.0
52.09 84668.0
52.19 90220.0
52.30 81892.0
52.40 65236.0
52.51 70788.0
52.63 79116.0
52.74 76340.0
52.85 74952.0
52.95 72176.0
53.06 80504.0
53.16 72176.0
53.27 74952.0
53.37 61072.0
53.48 79116.0
53.59 83280.0
53.69 79116.0
53.80 74952.0
53.90 62460.0
54.01 70788.0
54.12 74952.0
54.23 92996.0
54.34 90220.0
54.44 73564.0
54.55 92996.0
54.65 66624.0
54.76 76340.0
54.87 59684.0
54.99 80504.0
55.10 90220.0
55.20 79116.0
55.31 68012.0
55.42 69400.0
55.53 83280.0
55.63 56908.0
55.74 68012.0
55.85 79116.0
55.95 68012.0
56.06 70788.0
56.16 68012.0
56.27 91608.0
56.37 65236.0
56.49 80504.0
56.60 69400.0
56.70 65236.0
56.81 54132.0
56.91 72176.0
57.02 61072.0
57.12 69400.0
57.23 70788.0
57.34 69400.0
57.44 63848.0
57.55 97160.0
57.65 74952.0
57.76 74952.0
57.87 94384.0
57.99 84668.0
58.10 84668.0
58.20 79116.0
58.31 79116.0
58.41 74952.0
58.52 79116.0
58.62 62460.0
58.73 73564.0
58.84 80504.0
58.94 54132.0
59.05 83280.0
59.15 84668.0
59.26 95772.0
59.37 80504.0
59.48 70788.0
59.59 74952.0
59.69 69400.0
59.80 80504.0
59.90 80504.0
60.01 74952.0
60.12 81892.0
60.23 95772.0
60.34 72176.0
60.44 74952.0
60.55 87444.0
60.66 74952.0
60.77 81892.0
60.87 81892.0
60.98 68012.0
61.09 72176.0
61.19 72176.0
61.30 102712.0
61.40 77728.0
61.51 86056.0
61.62 88832.0
61.73 77728.0
61.84 97160.0
61.95 72176.0
62.06 91608.0
62.16 52744.0
62.28 84668.0
62.38 72176.0
62.49 63848.0
62.60 92996.0
62.70 79116.0
62.81 91608.0
62.91 72176.0
63.02 77728.0
63.12 79116.0
63.23 99936.0
63.34 83280.0
63.44 76340.0
63.55 92996.0
63.65 86056.0
63.76 90220.0
63.88 94384.0
63.99 83280.0
64.10 81892.0
64.20 56908.0
64.31 59684.0
64.42 66624.0
64.53 86056.0
64.63 69400.0
64.74 77728.0
64.85 73564.0
64.95 76340.0
65.06 97160.0
65.16 84668.0
65.27 91608.0
65.37 74952.0
65.48 70788.0
65.59 76340.0
65.69 73564.0
65.81 88832.0
65.91 76340.0
66.02 83280.0
66.12 56908.0
66.23 44416.0
66.34 81892.0
66.44 88832.0
66.55 49968.0
66.65 70788.0
66.76 45804.0
66.87 70788.0
66.98 38864.0
67.09 90220.0
67.19 52744.0
67.30 40252.0
67.40 51356.0
67.51 61072.0
67.62 86056.0
67.73 48580.0
67.84 74952.0
67.94 70788.0
68.05 84668.0
68.15 74952.0
68.26 88832.0
68.37 52744.0
68.48 44416.0
68.59 62460.0
68.69 51356.0
68.80 68012.0
68.90 34700.0
69.01 79116.0
69.12 88832.0
69.23 88832.0
69.34 59684.0
69.44 52744.0
69.56 76340.0
69.66 79116.0
69.77 68012.0
69.87 61072.0
69.98 80504.0
70.09 79116.0
70.19 95772.0
70.30 70788.0
70.40 76340.0
70.51 81892.0
70.62 84668.0
70.73 91608.0
70.84 77728.0
70.94 62460.0
71.05 79116.0
71.15 61072.0
71.26 80504.0
71.37 83280.0
71.48 77728.0
71.59 73564.0
71.69 61072.0
71.80 45804.0
71.90 56908.0
72.01 51356.0
72.12 38864.0
72.23 44416.0
72.34 36088.0
72.44 37476.0
72.55 33312.0
72.65 26372.0
72.76 30536.0
72.87 44416.0
72.98 44416.0
73.09 44416.0
73.19 38864.0
73.30 37476.0
73.40 36088.0
73.51 44416.0
73.62 49968.0
73.73 56908.0
73.84 66624.0
73.94 61072.0
74.05 63848.0
74.15 74952.0
74.27 97160.0
74.37 88832.0
74.48 88832.0
74.59 69400.0
74.69 58296.0
74.80 74952.0
74.90 66624.0
75.02 83280.0
75.12 74952.0
75.23 94384.0
75.34 80504.0
75.44 97160.0
75.55 90220.0
75.65 83280.0
75.76 80504.0
75.87 83280.0
75.98 87444.0
76.09 70788.0
76.19 74952.0
76.31 84668.0
76.41 83280.0
76.52 72176.0
76.62 86056.0
76.73 76340.0
76.84 74952.0
76.94 66624.0
77.05 72176.0
77.15 68012.0
77.26 70788.0
77.37 88832.0
77.48 79116.0
77.59 81892.0
77.70 79116.0
77.81 87444.0
77.91 61072.0
78.02 80504.0
78.12 74952.0
78.23 77728.0
78.34 86056.0
78.44 69400.0
78.55 65236.0
78.65 80504.0
78.76 79116.0
78.87 80504.0
78.98 76340.0
79.09 76340.0
79.19 56908.0
79.30 79116.0
79.40 76340.0
79.51 77728.0
79.62 76340.0
79.73 91608.0
79.84 87444.0
79.94 72176.0
80.05 77728.0
80.15 33312.0
80.26 51356.0
80.37 77728.0
80.48 83280.0
80.59 91608.0
80.69 66624.0
80.80 70788.0
80.90 74952.0
81.01 101324.0
81.12 94384.0
81.23 94384.0
81.34 86056.0
81.44 79116.0
81.55 92996.0
81.65 70788.0
81.76 90220.0
81.87 92996.0
81.98 95772.0
82.09 76340.0
82.19 52744.0
82.31 77728.0
82.41 91608.0
82.52 80504.0
82.63 66624.0
82.74 86056.0
82.85 80504.0
82.95 83280.0
83.06 90220.0
83.16 80504.0
83.27 84668.0
83.37 69400.0
83.48 87444.0
83.59 91608.0
83.69 68012.0
83.80 77728.0
83.90 73564.0
84.01 72176.0
84.12 73564.0
84.23 86056.0
84.34 87444.0
84.44 81892.0
84.55 92996.0
84.65 79116.0
84.76 92996.0
84.87 81892.0
84.98 95772.0
85.09 77728.0
85.19 77728.0
85.30 86056.0
85.40 77728.0
85.51 88832.0
85.62 88832.0
85.73 83280.0
85.84 90220.0
85.94 80504.0
86.05 84668.0
86.15 79116.0
86.27 97160.0
86.37 74952.0
86.48 79116.0
86.59 87444.0
86.69 79116.0
86.80 90220.0
86.90 79116.0
87.02 91608.0
87.12 73564.0
87.24 73564.0
87.35 76340.0
87.45 68012.0
87.56 76340.0
87.66 44416.0
87.77 86056.0
87.87 69400.0
87.98 72176.0
88.09 84668.0
88.19 69400.0
88.30 70788.0
88.40 69400.0
88.51 77728.0
88.62 73564.0
88.73 79116.0
88.84 83280.0
88.94 72176.0
89.05 83280.0
89.15 81892.0
89.26 80504.0
89.37 76340.0
89.48 79116.0
89.59 76340.0
89.69 72176.0
89.80 88832.0
89.90 77728.0
90.01 86056.0
90.13 83280.0
90.24 65236.0
90.35 40252.0
90.46 56908.0
90.57 91608.0
90.67 79116.0
90.78 83280.0
90.88 74952.0
90.99 91608.0
91.10 81892.0
91.20 59684.0
91.31 76340.0
91.41 69400.0
91.52 84668.0
91.62 66624.0
91.73 62460.0
91.84 43028.0
91.94 49968.0
92.05 54132.0
92.15 74952.0
92.26 83280.0
92.37 80504.0
92.48 92996.0
92.59 76340.0
92.69 76340.0
92.80 74952.0
92.90 70788.0
93.02 86056.0
93.12 76340.0
93.23 83280.0
93.34 77728.0
93.44 74952.0
93.55 83280.0
93.65 63848.0
93.76 72176.0
93.87 56908.0
93.99 74952.0
94.10 77728.0
94.20 70788.0
94.31 76340.0
94.41 74952.0
94.52 88832.0
94.62 77728.0
94.73 81892.0
94.84 87444.0
94.94 87444.0
95.05 84668.0
95.15 81892.0
95.27 87444.0
95.37 76340.0
95.48 81892.0
95.59 84668.0
95.69 74952.0
95.80 90220.0
95.90 79116.0
96.01 80504.0
96.12 88832.0
96.23 84668.0
96.34 62460.0
96.44 52744.0
96.55 56908.0
96.65 65236.0
96.76 79116.0
96.88 87444.0
96.99 74952.0
97.10 90220.0
97.20 81892.0
97.31 81892.0
97.41 76340.0
97.52 73564.0
97.63 80504.0
97.74 98548.0
97.85 83280.0
97.95 80504.0
98.06 87444.0
98.16 83280.0
98.27 92996.0
98.37 76340.0
98.49 84668.0
98.60 86056.0
98.70 79116.0
98.81 88832.0
98.91 66624.0
99.02 86056.0
99.12 66624.0
99.24 83280.0
99.35 83280.0
99.45 72176.0
99.56 81892.0
99.66 72176.0
99.77 59684.0
99.87 52744.0
99.98 61072.0
100.09 73564.0
100.19 63848.0
100.30 88832.0
100.40 70788.0
100.51 88832.0
100.62 81892.0
100.73 81892.0
100.84 83280.0
100.94 80504.0
101.05 92996.0
101.15 80504.0
101.26 84668.0
101.37 84668.0
101.48 86056.0
101.59 87444.0
101.69 69400.0
101.80 77728.0
101.90 72176.0
102.01 74952.0
102.12 87444.0
102.23 81892.0
102.34 84668.0
102.44 88832.0
102.55 92996.0
102.65 69400.0
102.77 81892.0
102.87 90220.0
102.98 81892.0
103.09 84668.0
103.19 79116.0
103.30 76340.0
103.40 74952.0
103.51 87444.0
103.62 70788.0
103.74 98548.0
103.85 84668.0
103.95 72176.0
104.06 81892.0
104.16 79116.0
104.27 86056.0
104.37 84668.0
104.48 81892.0
104.59 77728.0
104.69 84668.0
104.80 77728.0
104.90 83280.0
105.01 81892.0
105.12 79116.0
105.23 81892.0
105.34 80504.0
105.44 72176.0
105.55 86056.0
105.65 80504.0
105.76 76340.0
105.87 77728.0
105.98 91608.0
106.09 86056.0
106.19 83280.0
106.31 87444.0
106.41 77728.0
106.52 70788.0
106.62 72176.0
106.73 91608.0
106.84 90220.0
106.94 77728.0
107.05 74952.0
107.15 68012.0
107.26 83280.0
107.38 77728.0
107.49 88832.0
107.61 94384.0
107.72 99936.0
107.83 84668.0
107.93 83280.0
108.04 84668.0
108.14 61072.0
108.26 84668.0
108.37 83280.0
108.48 76340.0
108.59 84668.0
108.69 72176.0
108.80 90220.0
108.90 61072.0
109.01 87444.0
109.12 86056.0
109.23 79116.0
109.34 80504.0
109.44 86056.0
109.55 90220.0
109.65 81892.0
109.76 80504.0
109.88 79116.0
109.99 90220.0
110.10 95772.0
110.20 76340.0
110.31 79116.0
110.41 79116.0
110.52 88832.0
110.62 86056.0
110.73 86056.0
110.84 87444.0
110.94 76340.0
111.05 72176.0
111.15 84668.0
111.26 87444.0
111.37 81892.0
111.49 91608.0
111.60 87444.0
111.70 72176.0
111.81 97160.0
111.91 73564.0
112.02 72176.0
112.12 72176.0
112.23 87444.0
112.34 77728.0
112.44 68012.0
112.55 76340.0
112.65 77728.0
112.76 88832.0
112.87 74952.0
112.99 87444.0
113.10 90220.0
113.20 77728.0
113.31 91608.0
113.41 81892.0
113.52 87444.0
113.62 72176.0
113.73 90220.0
113.84 76340.0
113.94 81892.0
114.05 90220.0
114.15 80504.0
114.26 74952.0
114.37 94384.0
114.48 80504.0
114.59 70788.0
114.69 70788.0
114.80 92996.0
114.90 76340.0
115.01 63848.0
115.12 76340.0
115.23 77728.0
115.35 74952.0
115.45 77728.0
115.56 81892.0
115.66 80504.0
115.77 87444.0
115.87 74952.0
115.98 90220.0
116.09 83280.0
116.19 70788.0
116.30 76340.0
116.40 73564.0
116.51 80504.0
116.62 83280.0
116.73 77728.0
116.84 84668.0
116.94 72176.0
117.05 86056.0
117.15 74952.0
117.26 83280.0
117.37 77728.0
117.49 92996.0
117.60 86056.0
117.70 74952.0
117.81 68012.0
117.91 65236.0
118.02 81892.0
118.12 59684.0
118.23 83280.0
118.34 90220.0
118.44 73564.0
118.55 80504.0
118.65 76340.0
118.76 74952.0
118.87 77728.0
118.98 87444.0
119.09 87444.0
119.19 69400.0
119.30 88832.0
119.40 79116.0
119.51 84668.0
119.62 97160.0
119.73 95772.0
119.84 87444.0
119.94 81892.0
