0.14 12628.70
0.24 12628.70
0.34 12628.70
0.44 12628.70
0.54 12628.70
0.64 12628.70
0.74 12628.70
0.84 12628.70
0.94 12628.70
1.04 12628.70
1.17 12236.00
1.29 12236.00
1.42 12236.00
1.55 12236.00
1.67 12236.00
1.80 12236.00
1.93 12236.00
2.06 12236.00
2.18 12236.00
2.31 12236.00
2.41 11217.60
2.51 11217.60
2.61 11217.60
2.71 11217.60
2.81 11217.60
2.91 11217.60
3.01 11217.60
3.11 11217.60
3.21 11217.60
3.31 11217.60
3.41 15048.00
3.51 15048.00
3.62 15048.00
3.72 15048.00
3.82 15048.00
3.92 15048.00
4.02 15048.00
4.13 15048.00
4.23 15048.00
4.33 15048.00
4.43 8637.40
4.53 8637.40
4.64 8637.40
4.74 8637.40
4.84 8637.40
4.94 8637.40
5.04 8637.40
5.15 8637.40
5.25 8637.40
5.35 8637.40
5.64 1638.40
5.93 1638.40
6.22 1638.40
6.51 1638.40
6.80 1638.40
7.09 1638.40
7.38 1638.40
7.67 1638.40
7.95 1638.40
8.24 1638.40
8.35 15820.90
8.45 15820.90
8.55 15820.90
8.66 15820.90
8.76 15820.90
8.86 15820.90
8.96 15820.90
9.07 15820.90
9.17 15820.90
9.27 15820.90
9.38 3693.60
9.48 3693.60
9.59 3693.60
9.69 3693.60
9.80 3693.60
9.90 3693.60
10.01 3693.60
10.12 3693.60
10.22 3693.60
10.33 3693.60
10.43 2462.40
10.54 2462.40
10.64 2462.40
10.75 2462.40
10.85 2462.40
10.96 2462.40
11.06 2462.40
11.17 2462.40
11.28 2462.40
11.38 2462.40
17.27 273.60
23.17 273.60
29.06 273.60
