0.10 177102.04
0.20 177102.04
0.30 177102.04
0.40 177102.04
0.50 177102.04
0.60 177102.04
0.70 177102.04
0.80 177102.04
0.90 177102.04
1.00 177102.04
1.10 198944.60
1.20 198944.60
1.30 198944.60
1.40 198944.60
1.50 198944.60
1.60 198944.60
1.70 198944.60
1.80 198944.60
1.90 198944.60
2.00 198944.60
2.10 147576.08
2.20 147576.08
2.30 147576.08
2.40 147576.08
2.50 147576.08
2.60 147576.08
2.70 147576.08
2.80 147576.08
2.90 147576.08
3.00 147576.08
3.10 188727.64
3.20 188727.64
3.30 188727.64
3.40 188727.64
3.50 188727.64
3.60 188727.64
3.70 188727.64
3.80 188727.64
3.90 188727.64
4.00 188727.64
4.10 183950.62
4.20 183950.62
4.30 183950.62
4.40 183950.62
4.50 183950.62
4.60 183950.62
4.70 183950.62
4.80 183950.62
4.90 183950.62
5.00 183950.62
5.10 188623.63
5.20 188623.63
5.30 188623.63
5.40 188623.63
5.50 188623.63
5.60 188623.63
5.70 188623.63
5.80 188623.63
5.90 188623.63
6.00 188623.63
6.10 198368.25
6.20 198368.25
6.30 198368.25
6.40 198368.25
6.50 198368.25
6.60 198368.25
6.70 198368.25
6.80 198368.25
6.90 198368.25
7.00 198368.25
7.10 202142.64
7.20 202142.64
7.30 202142.64
7.40 202142.64
7.50 202142.64
7.60 202142.64
7.70 202142.64
7.80 202142.64
7.90 202142.64
8.00 202142.64
8.10 188409.38
8.20 188409.38
8.30 188409.38
8.40 188409.38
8.50 188409.38
8.60 188409.38
8.70 188409.38
8.80 188409.38
8.90 188409.38
9.00 188409.38
9.10 195803.88
9.20 195803.88
9.30 195803.88
9.40 195803.88
9.50 195803.88
9.60 195803.88
9.70 195803.88
9.80 195803.88
9.90 195803.88
10.00 195803.88
10.10 190687.02
10.20 190687.02
10.30 190687.02
10.40 190687.02
10.50 190687.02
10.60 190687.02
10.70 190687.02
10.80 190687.02
10.90 190687.02
11.00 190687.02
11.10 173240.20
11.20 173240.20
11.30 173240.20
11.40 173240.20
11.50 173240.20
11.60 173240.20
11.70 173240.20
11.80 173240.20
11.90 173240.20
12.00 173240.20
12.10 154638.11
12.20 154638.11
12.30 154638.11
12.40 154638.11
12.50 154638.11
12.60 154638.11
12.70 154638.11
12.80 154638.11
12.90 154638.11
13.00 154638.11
13.10 173918.95
13.20 173918.95
13.30 173918.95
13.40 173918.95
13.50 173918.95
13.60 173918.95
13.70 173918.95
13.80 173918.95
13.90 173918.95
14.00 173918.95
14.10 148381.88
14.20 148381.88
14.30 148381.88
14.40 148381.88
14.50 148381.88
14.60 148381.88
14.70 148381.88
14.80 148381.88
14.90 148381.88
15.00 148381.88
15.10 182772.03
15.20 182772.03
15.30 182772.03
15.40 182772.03
15.50 182772.03
15.60 182772.03
15.70 182772.03
15.80 182772.03
15.90 182772.03
16.00 182772.03
16.10 210972.41
16.20 210972.41
16.30 210972.41
16.40 210972.41
16.50 210972.41
16.60 210972.41
16.70 210972.41
16.80 210972.41
16.90 210972.41
17.00 210972.41
17.10 179997.27
17.20 179997.27
17.30 179997.27
17.40 179997.27
17.50 179997.27
17.60 179997.27
17.70 179997.27
17.80 179997.27
17.90 179997.27
18.00 179997.27
18.10 163077.72
18.20 163077.72
18.30 163077.72
18.40 163077.72
18.50 163077.72
18.60 163077.72
18.70 163077.72
18.80 163077.72
18.90 163077.72
19.00 163077.72
19.10 181694.97
19.20 181694.97
19.30 181694.97
19.40 181694.97
19.50 181694.97
19.60 181694.97
19.70 181694.97
19.80 181694.97
19.90 181694.97
20.00 181694.97
20.10 192805.84
20.20 192805.84
20.30 192805.84
20.40 192805.84
20.50 192805.84
20.60 192805.84
20.70 192805.84
20.80 192805.84
20.90 192805.84
21.00 192805.84
21.10 180933.39
21.20 180933.39
21.30 180933.39
21.40 180933.39
21.50 180933.39
21.60 180933.39
21.70 180933.39
21.80 180933.39
21.90 180933.39
22.00 180933.39
22.10 183370.58
22.20 183370.58
22.30 183370.58
22.40 183370.58
22.50 183370.58
22.60 183370.58
22.70 183370.58
22.80 183370.58
22.90 183370.58
23.00 183370.58
23.10 202392.50
23.20 202392.50
23.30 202392.50
23.40 202392.50
23.50 202392.50
23.60 202392.50
23.70 202392.50
23.80 202392.50
23.90 202392.50
24.00 202392.50
24.10 151743.13
24.20 151743.13
24.30 151743.13
24.40 151743.13
24.50 151743.13
24.60 151743.13
24.70 151743.13
24.80 151743.13
24.90 151743.13
25.00 151743.13
25.10 189639.06
25.20 189639.06
25.30 189639.06
25.40 189639.06
25.50 189639.06
25.60 189639.06
25.70 189639.06
25.80 189639.06
25.90 189639.06
26.00 189639.06
26.10 171446.65
26.20 171446.65
26.30 171446.65
26.40 171446.65
26.50 171446.65
26.60 171446.65
26.70 171446.65
26.80 171446.65
26.90 171446.65
27.00 171446.65
27.10 160923.08
27.20 160923.08
27.30 160923.08
27.40 160923.08
27.50 160923.08
27.60 160923.08
27.70 160923.08
27.80 160923.08
27.90 160923.08
28.00 160923.08
28.10 155128.88
28.20 155128.88
28.30 155128.88
28.40 155128.88
28.50 155128.88
28.60 155128.88
28.70 155128.88
28.80 155128.88
28.90 155128.88
29.00 155128.88
29.10 138561.70
29.20 138561.70
29.30 138561.70
29.40 138561.70
29.50 138561.70
29.60 138561.70
29.70 138561.70
29.80 138561.70
29.90 138561.70
30.00 138561.70
