0.10 163854.12
0.20 163854.12
0.30 163854.12
0.40 163854.12
0.50 163854.12
0.60 163854.12
0.70 163854.12
0.80 163854.12
0.90 163854.12
1.00 163854.12
1.10 99577.56
1.20 99577.56
1.30 99577.56
1.40 99577.56
1.50 99577.56
1.60 99577.56
1.70 99577.56
1.80 99577.56
1.90 99577.56
2.00 99577.56
2.10 119684.58
2.20 119684.58
2.30 119684.58
2.40 119684.58
2.50 119684.58
2.60 119684.58
2.70 119684.58
2.80 119684.58
2.90 119684.58
3.00 119684.58
3.10 104783.18
3.20 104783.18
3.30 104783.18
3.40 104783.18
3.50 104783.18
3.60 104783.18
3.70 104783.18
3.80 104783.18
3.90 104783.18
4.00 104783.18
4.10 189364.76
4.20 189364.76
4.30 189364.76
4.40 189364.76
4.50 189364.76
4.60 189364.76
4.70 189364.76
4.80 189364.76
4.90 189364.76
5.00 189364.76
5.10 123638.20
5.20 123638.20
5.30 123638.20
5.40 123638.20
5.50 123638.20
5.60 123638.20
5.70 123638.20
5.80 123638.20
5.90 123638.20
6.00 123638.20
6.10 118830.57
6.20 118830.57
6.30 118830.57
6.40 118830.57
6.50 118830.57
6.60 118830.57
6.70 118830.57
6.80 118830.57
6.90 118830.57
7.00 118830.57
7.10 149894.73
7.20 149894.73
7.30 149894.73
7.40 149894.73
7.50 149894.73
7.60 149894.73
7.70 149894.73
7.80 149894.73
7.90 149894.73
8.00 149894.73
8.10 114921.95
8.20 114921.95
8.30 114921.95
8.40 114921.95
8.50 114921.95
8.60 114921.95
8.70 114921.95
8.80 114921.95
8.90 114921.95
9.00 114921.95
9.10 128304.13
9.20 128304.13
9.30 128304.13
9.40 128304.13
9.50 128304.13
9.60 128304.13
9.70 128304.13
9.80 128304.13
9.90 128304.13
10.00 128304.13
10.10 129048.28
10.20 129048.28
10.30 129048.28
10.40 129048.28
10.50 129048.28
10.60 129048.28
10.70 129048.28
10.80 129048.28
10.90 129048.28
11.00 129048.28
11.10 138698.45
11.20 138698.45
11.30 138698.45
11.40 138698.45
11.50 138698.45
11.60 138698.45
11.70 138698.45
11.80 138698.45
11.90 138698.45
12.00 138698.45
12.10 104083.75
12.20 104083.75
12.30 104083.75
12.40 104083.75
12.50 104083.75
12.60 104083.75
12.70 104083.75
12.80 104083.75
12.90 104083.75
13.00 104083.75
13.10 135266.60
13.20 135266.60
13.30 135266.60
13.40 135266.60
13.50 135266.60
13.60 135266.60
13.70 135266.60
13.80 135266.60
13.90 135266.60
14.00 135266.60
14.10 119614.76
14.20 119614.76
14.30 119614.76
14.40 119614.76
14.50 119614.76
14.60 119614.76
14.70 119614.76
14.80 119614.76
14.90 119614.76
15.00 119614.76
15.10 110979.82
15.20 110979.82
15.30 110979.82
15.40 110979.82
15.50 110979.82
15.60 110979.82
15.70 110979.82
15.80 110979.82
15.90 110979.82
16.00 110979.82
16.10 131187.16
16.20 131187.16
16.30 131187.16
16.40 131187.16
16.50 131187.16
16.60 131187.16
16.70 131187.16
16.80 131187.16
16.90 131187.16
17.00 131187.16
17.10 128396.66
17.20 128396.66
17.30 128396.66
17.40 128396.66
17.50 128396.66
17.60 128396.66
17.70 128396.66
17.80 128396.66
17.90 128396.66
18.00 128396.66
18.10 134716.59
18.20 134716.59
18.30 134716.59
18.40 134716.59
18.50 134716.59
18.60 134716.59
18.70 134716.59
18.80 134716.59
18.90 134716.59
19.00 134716.59
19.10 123926.10
19.20 123926.10
19.30 123926.10
19.40 123926.10
19.50 123926.10
19.60 123926.10
19.70 123926.10
19.80 123926.10
19.90 123926.10
20.00 123926.10
20.10 135781.22
20.20 135781.22
20.30 135781.22
20.40 135781.22
20.50 135781.22
20.60 135781.22
20.70 135781.22
20.80 135781.22
20.90 135781.22
21.00 135781.22
21.10 145178.97
21.20 145178.97
21.30 145178.97
21.40 145178.97
21.50 145178.97
21.60 145178.97
21.70 145178.97
21.80 145178.97
21.90 145178.97
22.00 145178.97
22.10 107690.75
22.20 107690.75
22.30 107690.75
22.40 107690.75
22.50 107690.75
22.60 107690.75
22.70 107690.75
22.80 107690.75
22.90 107690.75
23.00 107690.75
23.10 197568.48
23.20 197568.48
23.30 197568.48
23.40 197568.48
23.50 197568.48
23.60 197568.48
23.70 197568.48
23.80 197568.48
23.90 197568.48
24.00 197568.48
24.10 149563.19
24.20 149563.19
24.30 149563.19
24.40 149563.19
24.50 149563.19
24.60 149563.19
24.70 149563.19
24.80 149563.19
24.90 149563.19
25.00 149563.19
25.10 151897.64
25.20 151897.64
25.30 151897.64
25.40 151897.64
25.50 151897.64
25.60 151897.64
25.70 151897.64
25.80 151897.64
25.90 151897.64
26.00 151897.64
26.10 150533.87
26.20 150533.87
26.30 150533.87
26.40 150533.87
26.50 150533.87
26.60 150533.87
26.70 150533.87
26.80 150533.87
26.90 150533.87
27.00 150533.87
27.10 145450.64
27.20 145450.64
27.30 145450.64
27.40 145450.64
27.50 145450.64
27.60 145450.64
27.70 145450.64
27.80 145450.64
27.90 145450.64
28.00 145450.64
28.10 142171.41
28.20 142171.41
28.30 142171.41
28.40 142171.41
28.50 142171.41
28.60 142171.41
28.70 142171.41
28.80 142171.41
28.90 142171.41
29.00 142171.41
29.10 135674.04
29.20 135674.04
29.30 135674.04
29.40 135674.04
29.50 135674.04
29.60 135674.04
29.70 135674.04
29.80 135674.04
29.90 135674.04
30.00 135674.04
