0.20 51712.00
0.30 51712.00
0.40 51712.00
0.50 51712.00
0.60 51712.00
0.70 51712.00
0.80 51712.00
0.90 51712.00
1.00 51712.00
1.10 47820.80
1.20 47820.80
1.30 47820.80
1.40 47820.80
1.50 47820.80
1.60 47820.80
1.70 47820.80
1.80 47820.80
1.90 47820.80
2.00 47820.80
2.10 47104.00
2.20 47104.00
2.30 47104.00
2.40 47104.00
2.50 47104.00
2.60 47104.00
2.70 47104.00
2.80 47104.00
2.90 47104.00
3.00 47104.00
3.10 45056.00
3.20 45056.00
3.30 45056.00
3.40 45056.00
3.50 45056.00
3.60 45056.00
3.70 45056.00
3.80 45056.00
3.90 45056.00
4.00 45056.00
4.10 47308.80
4.20 47308.80
4.30 47308.80
4.40 47308.80
4.50 47308.80
4.60 47308.80
4.70 47308.80
4.80 47308.80
4.90 47308.80
5.00 47308.80
5.10 46080.00
5.20 46080.00
5.30 46080.00
5.40 46080.00
5.50 46080.00
5.60 46080.00
5.70 46080.00
5.80 46080.00
5.90 46080.00
6.00 46080.00
6.10 51404.80
6.20 51404.80
6.30 51404.80
6.40 51404.80
6.50 51404.80
6.60 51404.80
6.70 51404.80
6.80 51404.80
6.90 51404.80
7.00 51404.80
7.10 55603.20
7.20 55603.20
7.30 55603.20
7.40 55603.20
7.50 55603.20
7.60 55603.20
7.70 55603.20
7.80 55603.20
7.90 55603.20
8.00 55603.20
8.10 37990.40
8.20 37990.40
8.30 37990.40
8.40 37990.40
8.50 37990.40
8.60 37990.40
8.70 37990.40
8.80 37990.40
8.90 37990.40
9.00 37990.40
9.10 0.00
9.20 0.00
9.30 0.00
9.40 0.00
9.50 0.00
9.60 0.00
9.70 0.00
9.80 0.00
9.90 0.00
10.00 0.00
10.10 95436.80
10.20 95436.80
10.30 95436.80
10.40 95436.80
10.50 95436.80
10.60 95436.80
10.70 95436.80
10.80 95436.80
10.90 95436.80
11.00 95436.80
11.10 44134.40
11.20 44134.40
11.30 44134.40
11.40 44134.40
11.50 44134.40
11.60 44134.40
11.70 44134.40
11.80 44134.40
11.90 44134.40
12.00 44134.40
12.10 40448.00
12.20 40448.00
12.30 40448.00
12.40 40448.00
12.50 40448.00
12.60 40448.00
12.70 40448.00
12.80 40448.00
12.90 40448.00
13.00 40448.00
13.10 42291.20
13.20 42291.20
13.30 42291.20
13.40 42291.20
13.50 42291.20
13.60 42291.20
13.70 42291.20
13.80 42291.20
13.90 42291.20
14.00 42291.20
14.10 41984.00
14.20 41984.00
14.30 41984.00
14.40 41984.00
14.50 41984.00
14.60 41984.00
14.70 41984.00
14.80 41984.00
14.90 41984.00
15.00 41984.00
15.10 45158.40
15.20 45158.40
15.30 45158.40
15.40 45158.40
15.50 45158.40
15.60 45158.40
15.70 45158.40
15.80 45158.40
15.90 45158.40
16.00 45158.40
16.10 0.00
16.20 0.00
16.30 0.00
16.40 0.00
16.50 0.00
16.60 0.00
16.70 0.00
16.80 0.00
16.90 0.00
17.00 0.00
17.10 86528.00
17.20 86528.00
17.30 86528.00
17.40 86528.00
17.50 86528.00
17.60 86528.00
17.70 86528.00
17.80 86528.00
17.90 86528.00
18.00 86528.00
18.10 41267.20
18.20 41267.20
18.30 41267.20
18.40 41267.20
18.50 41267.20
18.60 41267.20
18.70 41267.20
18.80 41267.20
18.90 41267.20
19.00 41267.20
19.10 39321.60
19.20 39321.60
19.30 39321.60
19.40 39321.60
19.50 39321.60
19.60 39321.60
19.70 39321.60
19.80 39321.60
19.90 39321.60
20.00 39321.60
20.10 38297.60
20.20 38297.60
20.30 38297.60
20.40 38297.60
20.50 38297.60
20.60 38297.60
20.70 38297.60
20.80 38297.60
20.90 38297.60
21.00 38297.60
21.10 47513.60
21.20 47513.60
21.30 47513.60
21.40 47513.60
21.50 47513.60
21.60 47513.60
21.70 47513.60
21.80 47513.60
21.90 47513.60
22.00 47513.60
22.10 37888.00
22.20 37888.00
22.30 37888.00
22.40 37888.00
22.50 37888.00
22.60 37888.00
22.70 37888.00
22.80 37888.00
22.90 37888.00
23.00 37888.00
23.10 37990.40
23.20 37990.40
23.30 37990.40
23.40 37990.40
23.50 37990.40
23.60 37990.40
23.70 37990.40
23.80 37990.40
23.90 37990.40
24.00 37990.40
24.10 44748.80
24.20 44748.80
24.30 44748.80
24.40 44748.80
24.50 44748.80
24.60 44748.80
24.70 44748.80
24.80 44748.80
24.90 44748.80
25.00 44748.80
25.10 43008.00
25.20 43008.00
25.30 43008.00
25.40 43008.00
25.50 43008.00
25.60 43008.00
25.70 43008.00
25.80 43008.00
25.90 43008.00
26.00 43008.00
26.10 40857.60
26.20 40857.60
26.30 40857.60
26.40 40857.60
26.50 40857.60
26.60 40857.60
26.70 40857.60
26.80 40857.60
26.90 40857.60
27.00 40857.60
27.10 42393.60
27.20 42393.60
27.30 42393.60
27.40 42393.60
27.50 42393.60
27.60 42393.60
27.70 42393.60
27.80 42393.60
27.90 42393.60
28.00 42393.60
28.10 43622.40
28.20 43622.40
28.30 43622.40
28.40 43622.40
28.50 43622.40
28.60 43622.40
28.70 43622.40
28.80 43622.40
28.90 43622.40
29.00 43622.40
29.10 204.80
29.20 204.80
29.30 204.80
29.40 204.80
29.50 204.80
29.60 204.80
29.70 204.80
29.80 204.80
29.90 204.80
30.00 204.80
30.10 90624.00
30.20 90624.00
30.30 90624.00
30.40 90624.00
30.50 90624.00
30.60 90624.00
30.70 90624.00
30.80 90624.00
30.90 90624.00
31.00 90624.00
31.10 44544.00
31.20 44544.00
31.30 44544.00
31.40 44544.00
31.50 44544.00
31.60 44544.00
31.70 44544.00
31.80 44544.00
31.90 44544.00
32.00 44544.00
32.10 36454.40
32.20 36454.40
32.30 36454.40
32.40 36454.40
32.50 36454.40
32.60 36454.40
32.70 36454.40
32.80 36454.40
32.90 36454.40
33.00 36454.40
33.10 55500.80
33.20 55500.80
33.30 55500.80
33.40 55500.80
33.50 55500.80
33.60 55500.80
33.70 55500.80
33.80 55500.80
33.90 55500.80
34.00 55500.80
34.10 58265.60
34.20 58265.60
34.30 58265.60
34.40 58265.60
34.50 58265.60
34.60 58265.60
34.70 58265.60
34.80 58265.60
34.90 58265.60
35.00 58265.60
35.10 38502.40
35.20 38502.40
35.30 38502.40
35.40 38502.40
35.50 38502.40
35.60 38502.40
35.70 38502.40
35.80 38502.40
35.90 38502.40
36.00 38502.40
36.10 79155.20
36.20 79155.20
36.30 79155.20
36.40 79155.20
36.50 79155.20
36.60 79155.20
36.70 79155.20
36.80 79155.20
36.90 79155.20
37.00 79155.20
37.10 61440.00
37.20 61440.00
37.30 61440.00
37.40 61440.00
37.50 61440.00
37.60 61440.00
37.70 61440.00
37.80 61440.00
37.90 61440.00
38.00 61440.00
38.10 64512.00
38.20 64512.00
38.30 64512.00
38.40 64512.00
38.50 64512.00
38.60 64512.00
38.70 64512.00
38.80 64512.00
38.90 64512.00
39.00 64512.00
39.10 63795.20
39.20 63795.20
39.30 63795.20
39.40 63795.20
39.50 63795.20
39.60 63795.20
39.70 63795.20
39.80 63795.20
39.90 63795.20
40.00 63795.20
40.10 62873.60
40.20 62873.60
40.30 62873.60
40.40 62873.60
40.50 62873.60
40.60 62873.60
40.70 62873.60
40.80 62873.60
40.90 62873.60
41.00 62873.60
41.10 62259.20
41.20 62259.20
41.30 62259.20
41.40 62259.20
41.50 62259.20
41.60 62259.20
41.70 62259.20
41.80 62259.20
41.90 62259.20
42.00 62259.20
42.10 58368.00
42.20 58368.00
42.30 58368.00
42.40 58368.00
42.50 58368.00
42.60 58368.00
42.70 58368.00
42.80 58368.00
42.90 58368.00
43.00 58368.00
43.10 63283.20
43.20 63283.20
43.30 63283.20
43.40 63283.20
43.50 63283.20
43.60 63283.20
43.70 63283.20
43.80 63283.20
43.90 63283.20
44.00 63283.20
44.10 59084.80
44.20 59084.80
44.30 59084.80
44.40 59084.80
44.50 59084.80
44.60 59084.80
44.70 59084.80
44.80 59084.80
44.90 59084.80
45.00 59084.80
45.10 55603.20
45.20 55603.20
45.30 55603.20
45.40 55603.20
45.50 55603.20
45.60 55603.20
45.70 55603.20
45.80 55603.20
45.90 55603.20
46.00 55603.20
46.10 53350.40
46.20 53350.40
46.30 53350.40
46.40 53350.40
46.50 53350.40
46.60 53350.40
46.70 53350.40
46.80 53350.40
46.90 53350.40
47.00 53350.40
47.10 59596.80
47.20 59596.80
47.30 59596.80
47.40 59596.80
47.50 59596.80
47.60 59596.80
47.70 59596.80
47.80 59596.80
47.90 59596.80
48.00 59596.80
48.10 33996.80
48.20 33996.80
48.30 33996.80
48.40 33996.80
48.50 33996.80
48.60 33996.80
48.70 33996.80
48.80 33996.80
48.90 33996.80
49.00 33996.80
49.10 84480.00
49.20 84480.00
49.30 84480.00
49.40 84480.00
49.50 84480.00
49.60 84480.00
49.70 84480.00
49.80 84480.00
49.90 84480.00
50.00 84480.00
50.10 23244.80
50.20 23244.80
50.30 23244.80
50.40 23244.80
50.50 23244.80
50.60 23244.80
50.70 23244.80
50.80 23244.80
50.90 23244.80
51.00 23244.80
51.10 24473.60
51.20 24473.60
51.30 24473.60
51.40 24473.60
51.50 24473.60
51.60 24473.60
51.70 24473.60
51.80 24473.60
51.90 24473.60
52.00 24473.60
52.10 25190.40
52.20 25190.40
52.30 25190.40
52.40 25190.40
52.50 25190.40
52.60 25190.40
52.70 25190.40
52.80 25190.40
52.90 25190.40
53.00 25190.40
53.10 68608.00
53.20 68608.00
53.30 68608.00
53.40 68608.00
53.50 68608.00
53.60 68608.00
53.70 68608.00
53.80 68608.00
53.90 68608.00
54.00 68608.00
54.10 58675.20
54.20 58675.20
54.30 58675.20
54.40 58675.20
54.50 58675.20
54.60 58675.20
54.70 58675.20
54.80 58675.20
54.90 58675.20
55.00 58675.20
55.10 58368.00
55.20 58368.00
55.30 58368.00
55.40 58368.00
55.50 58368.00
55.60 58368.00
55.70 58368.00
55.80 58368.00
55.90 58368.00
56.00 58368.00
56.10 61132.80
56.20 61132.80
56.30 61132.80
56.40 61132.80
56.50 61132.80
56.60 61132.80
56.70 61132.80
56.80 61132.80
56.90 61132.80
57.00 61132.80
57.10 55500.80
57.20 55500.80
57.30 55500.80
57.40 55500.80
57.50 55500.80
57.60 55500.80
57.70 55500.80
57.80 55500.80
57.90 55500.80
58.00 55500.80
58.10 57651.20
58.20 57651.20
58.30 57651.20
58.40 57651.20
58.50 57651.20
58.60 57651.20
58.70 57651.20
58.80 57651.20
58.90 57651.20
59.00 57651.20
59.10 61440.00
59.20 61440.00
59.30 61440.00
59.40 61440.00
59.50 61440.00
59.60 61440.00
59.70 61440.00
59.80 61440.00
59.90 61440.00
60.00 61440.00
60.10 65843.20
60.20 65843.20
60.30 65843.20
60.40 65843.20
60.50 65843.20
60.60 65843.20
60.70 65843.20
60.80 65843.20
60.90 65843.20
61.00 65843.20
61.10 59494.40
61.20 59494.40
61.30 59494.40
61.40 59494.40
61.50 59494.40
61.60 59494.40
61.70 59494.40
61.80 59494.40
61.90 59494.40
62.00 59494.40
62.10 58777.60
62.20 58777.60
62.30 58777.60
62.40 58777.60
62.50 58777.60
62.60 58777.60
62.70 58777.60
62.80 58777.60
62.90 58777.60
63.00 58777.60
63.10 58675.20
63.20 58675.20
63.30 58675.20
63.40 58675.20
63.50 58675.20
63.60 58675.20
63.70 58675.20
63.80 58675.20
63.90 58675.20
64.00 58675.20
64.10 53555.20
64.20 53555.20
64.30 53555.20
64.40 53555.20
64.50 53555.20
64.60 53555.20
64.70 53555.20
64.80 53555.20
64.90 53555.20
65.00 53555.20
65.10 0.00
65.20 0.00
65.30 0.00
65.40 0.00
65.50 0.00
65.60 0.00
65.70 0.00
65.80 0.00
65.90 0.00
66.00 0.00
66.10 114892.80
66.20 114892.80
66.30 114892.80
66.40 114892.80
66.50 114892.80
66.60 114892.80
66.70 114892.80
66.80 114892.80
66.90 114892.80
67.00 114892.80
67.10 56832.00
67.20 56832.00
67.30 56832.00
67.40 56832.00
67.50 56832.00
67.60 56832.00
67.70 56832.00
67.80 56832.00
67.90 56832.00
68.00 56832.00
68.10 60723.20
68.20 60723.20
68.30 60723.20
68.40 60723.20
68.50 60723.20
68.60 60723.20
68.70 60723.20
68.80 60723.20
68.90 60723.20
69.00 60723.20
69.10 59801.60
69.20 59801.60
69.30 59801.60
69.40 59801.60
69.50 59801.60
69.60 59801.60
69.70 59801.60
69.80 59801.60
69.90 59801.60
70.00 59801.60
70.10 55091.20
70.20 55091.20
70.30 55091.20
70.40 55091.20
70.50 55091.20
70.60 55091.20
70.70 55091.20
70.80 55091.20
70.90 55091.20
71.00 55091.20
71.10 20480.00
71.20 20480.00
71.30 20480.00
71.40 20480.00
71.50 20480.00
71.60 20480.00
71.70 20480.00
71.80 20480.00
71.90 20480.00
72.00 20480.00
72.10 102400.00
72.20 102400.00
72.30 102400.00
72.40 102400.00
72.50 102400.00
72.60 102400.00
72.70 102400.00
72.80 102400.00
72.90 102400.00
73.00 102400.00
73.10 61440.00
73.20 61440.00
73.30 61440.00
73.40 61440.00
73.50 61440.00
73.60 61440.00
73.70 61440.00
73.80 61440.00
73.90 61440.00
74.00 61440.00
74.10 50995.20
74.20 50995.20
74.30 50995.20
74.40 50995.20
74.50 50995.20
74.60 50995.20
74.70 50995.20
74.80 50995.20
74.90 50995.20
75.00 50995.20
75.10 63692.80
75.20 63692.80
75.30 63692.80
75.40 63692.80
75.50 63692.80
75.60 63692.80
75.70 63692.80
75.80 63692.80
75.90 63692.80
76.00 63692.80
76.10 63795.20
76.20 63795.20
76.30 63795.20
76.40 63795.20
76.50 63795.20
76.60 63795.20
76.70 63795.20
76.80 63795.20
76.90 63795.20
77.00 63795.20
77.10 59392.00
77.20 59392.00
77.30 59392.00
77.40 59392.00
77.50 59392.00
77.60 59392.00
77.70 59392.00
77.80 59392.00
77.90 59392.00
78.00 59392.00
78.10 61849.60
78.20 61849.60
78.30 61849.60
78.40 61849.60
78.50 61849.60
78.60 61849.60
78.70 61849.60
78.80 61849.60
78.90 61849.60
79.00 61849.60
79.10 62873.60
79.20 62873.60
79.30 62873.60
79.40 62873.60
79.50 62873.60
79.60 62873.60
79.70 62873.60
79.80 62873.60
79.90 62873.60
80.00 62873.60
80.10 59801.60
80.20 59801.60
80.30 59801.60
80.40 59801.60
80.50 59801.60
80.60 59801.60
80.70 59801.60
80.80 59801.60
80.90 59801.60
81.00 59801.60
81.10 63692.80
81.20 63692.80
81.30 63692.80
81.40 63692.80
81.50 63692.80
81.60 63692.80
81.70 63692.80
81.80 63692.80
81.90 63692.80
82.00 63692.80
82.10 61440.00
82.20 61440.00
82.30 61440.00
82.40 61440.00
82.50 61440.00
82.60 61440.00
82.70 61440.00
82.80 61440.00
82.90 61440.00
83.00 61440.00
83.10 43008.00
83.20 43008.00
83.30 43008.00
83.40 43008.00
83.50 43008.00
83.60 43008.00
83.70 43008.00
83.80 43008.00
83.90 43008.00
84.00 43008.00
84.10 76595.20
84.20 76595.20
84.30 76595.20
84.40 76595.20
84.50 76595.20
84.60 76595.20
84.70 76595.20
84.80 76595.20
84.90 76595.20
85.00 76595.20
85.10 59904.00
85.20 59904.00
85.30 59904.00
85.40 59904.00
85.50 59904.00
85.60 59904.00
85.70 59904.00
85.80 59904.00
85.90 59904.00
86.00 59904.00
86.10 55705.60
86.20 55705.60
86.30 55705.60
86.40 55705.60
86.50 55705.60
86.60 55705.60
86.70 55705.60
86.80 55705.60
86.90 55705.60
87.00 55705.60
87.10 59596.80
87.20 59596.80
87.30 59596.80
87.40 59596.80
87.50 59596.80
87.60 59596.80
87.70 59596.80
87.80 59596.80
87.90 59596.80
88.00 59596.80
88.10 60620.80
88.20 60620.80
88.30 60620.80
88.40 60620.80
88.50 60620.80
88.60 60620.80
88.70 60620.80
88.80 60620.80
88.90 60620.80
89.00 60620.80
89.10 60313.60
89.20 60313.60
89.30 60313.60
89.40 60313.60
89.50 60313.60
89.60 60313.60
89.70 60313.60
89.80 60313.60
89.90 60313.60
90.00 60313.60
90.10 17305.60
90.20 17305.60
90.30 17305.60
90.40 17305.60
90.50 17305.60
90.60 17305.60
90.70 17305.60
90.80 17305.60
90.90 17305.60
91.00 17305.60
91.10 66662.40
91.20 66662.40
91.30 66662.40
91.40 66662.40
91.50 66662.40
91.60 66662.40
91.70 66662.40
91.80 66662.40
91.90 66662.40
92.00 66662.40
92.10 94208.00
92.20 94208.00
92.30 94208.00
92.40 94208.00
92.50 94208.00
92.60 94208.00
92.70 94208.00
92.80 94208.00
92.90 94208.00
93.00 94208.00
93.10 53760.00
93.20 53760.00
93.30 53760.00
93.40 53760.00
93.50 53760.00
93.60 53760.00
93.70 53760.00
93.80 53760.00
93.90 53760.00
94.00 53760.00
94.10 58572.80
94.20 58572.80
94.30 58572.80
94.40 58572.80
94.50 58572.80
94.60 58572.80
94.70 58572.80
94.80 58572.80
94.90 58572.80
95.00 58572.80
95.10 59187.20
95.20 59187.20
95.30 59187.20
95.40 59187.20
95.50 59187.20
95.60 59187.20
95.70 59187.20
95.80 59187.20
95.90 59187.20
96.00 59187.20
96.10 53964.80
96.20 53964.80
96.30 53964.80
96.40 53964.80
96.50 53964.80
96.60 53964.80
96.70 53964.80
96.80 53964.80
96.90 53964.80
97.00 53964.80
97.10 57446.40
97.20 57446.40
97.30 57446.40
97.40 57446.40
97.50 57446.40
97.60 57446.40
97.70 57446.40
97.80 57446.40
97.90 57446.40
98.00 57446.40
98.10 59084.80
98.20 59084.80
98.30 59084.80
98.40 59084.80
98.50 59084.80
98.60 59084.80
98.70 59084.80
98.80 59084.80
98.90 59084.80
99.00 59084.80
99.10 61030.40
99.20 61030.40
99.30 61030.40
99.40 61030.40
99.50 61030.40
99.60 61030.40
99.70 61030.40
99.80 61030.40
99.90 61030.40
100.00 61030.40
100.10 62668.80
100.20 62668.80
100.30 62668.80
100.40 62668.80
100.50 62668.80
100.60 62668.80
100.70 62668.80
100.80 62668.80
100.90 62668.80
101.00 62668.80
101.10 57958.40
101.20 57958.40
101.30 57958.40
101.40 57958.40
101.50 57958.40
101.60 57958.40
101.70 57958.40
101.80 57958.40
101.90 57958.40
102.00 57958.40
102.10 60620.80
102.20 60620.80
102.30 60620.80
102.40 60620.80
102.50 60620.80
102.60 60620.80
102.70 60620.80
102.80 60620.80
102.90 60620.80
103.00 60620.80
103.10 56320.00
103.20 56320.00
103.30 56320.00
103.40 56320.00
103.50 56320.00
103.60 56320.00
103.70 56320.00
103.80 56320.00
103.90 56320.00
104.00 56320.00
104.10 55603.20
104.20 55603.20
104.30 55603.20
104.40 55603.20
104.50 55603.20
104.60 55603.20
104.70 55603.20
104.80 55603.20
104.90 55603.20
105.00 55603.20
105.10 57446.40
105.20 57446.40
105.30 57446.40
105.40 57446.40
105.50 57446.40
105.60 57446.40
105.70 57446.40
105.80 57446.40
105.90 57446.40
106.00 57446.40
106.10 56422.40
106.20 56422.40
106.30 56422.40
106.40 56422.40
106.50 56422.40
106.60 56422.40
106.70 56422.40
106.80 56422.40
106.90 56422.40
107.00 56422.40
107.10 62361.60
107.20 62361.60
107.30 62361.60
107.40 62361.60
107.50 62361.60
107.60 62361.60
107.70 62361.60
107.80 62361.60
107.90 62361.60
108.00 62361.60
108.10 60006.40
108.20 60006.40
108.30 60006.40
108.40 60006.40
108.50 60006.40
108.60 60006.40
108.70 60006.40
108.80 60006.40
108.90 60006.40
109.00 60006.40
109.10 24371.20
109.20 24371.20
109.30 24371.20
109.40 24371.20
109.50 24371.20
109.60 24371.20
109.70 24371.20
109.80 24371.20
109.90 24371.20
110.00 24371.20
110.10 91136.00
110.20 91136.00
110.30 91136.00
110.40 91136.00
110.50 91136.00
110.60 91136.00
110.70 91136.00
110.80 91136.00
110.90 91136.00
111.00 91136.00
111.10 58060.80
111.20 58060.80
111.30 58060.80
111.40 58060.80
111.50 58060.80
111.60 58060.80
111.70 58060.80
111.80 58060.80
111.90 58060.80
112.00 58060.80
112.10 62259.20
112.20 62259.20
112.30 62259.20
112.40 62259.20
112.50 62259.20
112.60 62259.20
112.70 62259.20
112.80 62259.20
112.90 62259.20
113.00 62259.20
113.10 53350.40
113.20 53350.40
113.30 53350.40
113.40 53350.40
113.50 53350.40
113.60 53350.40
113.70 53350.40
113.80 53350.40
113.90 53350.40
114.00 53350.40
114.10 41267.20
114.20 41267.20
114.30 41267.20
114.40 41267.20
114.50 41267.20
114.60 41267.20
114.70 41267.20
114.80 41267.20
114.90 41267.20
115.00 41267.20
115.10 74240.00
115.20 74240.00
115.30 74240.00
115.40 74240.00
115.50 74240.00
115.60 74240.00
115.70 74240.00
115.80 74240.00
115.90 74240.00
116.00 74240.00
116.10 57139.20
116.20 57139.20
116.30 57139.20
116.40 57139.20
116.50 57139.20
116.60 57139.20
116.70 57139.20
116.80 57139.20
116.90 57139.20
117.00 57139.20
117.10 53760.00
117.20 53760.00
117.30 53760.00
117.40 53760.00
117.50 53760.00
117.60 53760.00
117.70 53760.00
117.80 53760.00
117.90 53760.00
118.00 53760.00
118.10 58675.20
118.20 58675.20
118.30 58675.20
118.40 58675.20
118.50 58675.20
118.60 58675.20
118.70 58675.20
118.80 58675.20
118.90 58675.20
119.00 58675.20
119.10 55091.20
119.20 55091.20
119.30 55091.20
119.40 55091.20
119.50 55091.20
119.60 55091.20
119.70 55091.20
119.80 55091.20
119.90 55091.20
120.00 55091.20
