0.10 87244.80
0.20 87244.80
0.30 87244.80
0.40 87244.80
0.50 87244.80
0.60 87244.80
0.70 87244.80
0.80 87244.80
0.90 87244.80
1.00 87244.80
1.10 89190.40
1.20 89190.40
1.30 89190.40
1.40 89190.40
1.50 89190.40
1.60 89190.40
1.70 89190.40
1.80 89190.40
1.90 89190.40
2.00 89190.40
2.10 32153.60
2.20 32153.60
2.30 32153.60
2.40 32153.60
2.50 32153.60
2.60 32153.60
2.70 32153.60
2.80 32153.60
2.90 32153.60
3.00 32153.60
3.10 142643.20
3.20 142643.20
3.30 142643.20
3.40 142643.20
3.50 142643.20
3.60 142643.20
3.70 142643.20
3.80 142643.20
3.90 142643.20
4.00 142643.20
4.10 89088.00
4.20 89088.00
4.30 89088.00
4.40 89088.00
4.50 89088.00
4.60 89088.00
4.70 89088.00
4.80 89088.00
4.90 89088.00
5.00 89088.00
5.10 90624.00
5.20 90624.00
5.30 90624.00
5.40 90624.00
5.50 90624.00
5.60 90624.00
5.70 90624.00
5.80 90624.00
5.90 90624.00
6.00 90624.00
6.10 88064.00
6.20 88064.00
6.30 88064.00
6.40 88064.00
6.50 88064.00
6.60 88064.00
6.70 88064.00
6.80 88064.00
6.90 88064.00
7.00 88064.00
7.10 86323.20
7.20 86323.20
7.30 86323.20
7.40 86323.20
7.50 86323.20
7.60 86323.20
7.70 86323.20
7.80 86323.20
7.90 86323.20
8.00 86323.20
8.10 86016.00
8.20 86016.00
8.30 86016.00
8.40 86016.00
8.50 86016.00
8.60 86016.00
8.70 86016.00
8.80 86016.00
8.90 86016.00
9.00 86016.00
9.10 90009.60
9.20 90009.60
9.30 90009.60
9.40 90009.60
9.50 90009.60
9.60 90009.60
9.70 90009.60
9.80 90009.60
9.90 90009.60
10.00 90009.60
10.10 88473.60
10.20 88473.60
10.30 88473.60
10.40 88473.60
10.50 88473.60
10.60 88473.60
10.70 88473.60
10.80 88473.60
10.90 88473.60
11.00 88473.60
11.10 89497.60
11.20 89497.60
11.30 89497.60
11.40 89497.60
11.50 89497.60
11.60 89497.60
11.70 89497.60
11.80 89497.60
11.90 89497.60
12.00 89497.60
12.10 90419.20
12.20 90419.20
12.30 90419.20
12.40 90419.20
12.50 90419.20
12.60 90419.20
12.70 90419.20
12.80 90419.20
12.90 90419.20
13.00 90419.20
13.10 87654.40
13.20 87654.40
13.30 87654.40
13.40 87654.40
13.50 87654.40
13.60 87654.40
13.70 87654.40
13.80 87654.40
13.90 87654.40
14.00 87654.40
14.10 88678.40
14.20 88678.40
14.30 88678.40
14.40 88678.40
14.50 88678.40
14.60 88678.40
14.70 88678.40
14.80 88678.40
14.90 88678.40
15.00 88678.40
15.10 86528.00
15.20 86528.00
15.30 86528.00
15.40 86528.00
15.50 86528.00
15.60 86528.00
15.70 86528.00
15.80 86528.00
15.90 86528.00
16.00 86528.00
16.10 89088.00
16.20 89088.00
16.30 89088.00
16.40 89088.00
16.50 89088.00
16.60 89088.00
16.70 89088.00
16.80 89088.00
16.90 89088.00
17.00 89088.00
17.10 88780.80
17.20 88780.80
17.30 88780.80
17.40 88780.80
17.50 88780.80
17.60 88780.80
17.70 88780.80
17.80 88780.80
17.90 88780.80
18.00 88780.80
18.10 86937.60
18.20 86937.60
18.30 86937.60
18.40 86937.60
18.50 86937.60
18.60 86937.60
18.70 86937.60
18.80 86937.60
18.90 86937.60
19.00 86937.60
19.10 87347.20
19.20 87347.20
19.30 87347.20
19.40 87347.20
19.50 87347.20
19.60 87347.20
19.70 87347.20
19.80 87347.20
19.90 87347.20
20.00 87347.20
20.10 85196.80
20.20 85196.80
20.30 85196.80
20.40 85196.80
20.50 85196.80
20.60 85196.80
20.70 85196.80
20.80 85196.80
20.90 85196.80
21.00 85196.80
21.10 86528.00
21.20 86528.00
21.30 86528.00
21.40 86528.00
21.50 86528.00
21.60 86528.00
21.70 86528.00
21.80 86528.00
21.90 86528.00
22.00 86528.00
22.10 91136.00
22.20 91136.00
22.30 91136.00
22.40 91136.00
22.50 91136.00
22.60 91136.00
22.70 91136.00
22.80 91136.00
22.90 91136.00
23.00 91136.00
23.10 89088.00
23.20 89088.00
23.30 89088.00
23.40 89088.00
23.50 89088.00
23.60 89088.00
23.70 89088.00
23.80 89088.00
23.90 89088.00
24.00 89088.00
24.10 92979.20
24.20 92979.20
24.30 92979.20
24.40 92979.20
24.50 92979.20
24.60 92979.20
24.70 92979.20
24.80 92979.20
24.90 92979.20
25.00 92979.20
25.10 89088.00
25.20 89088.00
25.30 89088.00
25.40 89088.00
25.50 89088.00
25.60 89088.00
25.70 89088.00
25.80 89088.00
25.90 89088.00
26.00 89088.00
26.10 80281.60
26.20 80281.60
26.30 80281.60
26.40 80281.60
26.50 80281.60
26.60 80281.60
26.70 80281.60
26.80 80281.60
26.90 80281.60
27.00 80281.60
27.10 101376.00
27.20 101376.00
27.30 101376.00
27.40 101376.00
27.50 101376.00
27.60 101376.00
27.70 101376.00
27.80 101376.00
27.90 101376.00
28.00 101376.00
28.10 30208.00
28.20 30208.00
28.30 30208.00
28.40 30208.00
28.50 30208.00
28.60 30208.00
28.70 30208.00
28.80 30208.00
28.90 30208.00
29.00 30208.00
29.10 146944.00
29.20 146944.00
29.30 146944.00
29.40 146944.00
29.50 146944.00
29.60 146944.00
29.70 146944.00
29.80 146944.00
29.90 146944.00
30.00 146944.00
30.10 91852.80
30.20 91852.80
30.30 91852.80
30.40 91852.80
30.50 91852.80
30.60 91852.80
30.70 91852.80
30.80 91852.80
30.90 91852.80
31.00 91852.80
31.10 90624.00
31.20 90624.00
31.30 90624.00
31.40 90624.00
31.50 90624.00
31.60 90624.00
31.70 90624.00
31.80 90624.00
31.90 90624.00
32.00 90624.00
32.10 28364.80
32.20 28364.80
32.30 28364.80
32.40 28364.80
32.50 28364.80
32.60 28364.80
32.70 28364.80
32.80 28364.80
32.90 28364.80
33.00 28364.80
33.10 143462.40
33.20 143462.40
33.30 143462.40
33.40 143462.40
33.50 143462.40
33.60 143462.40
33.70 143462.40
33.80 143462.40
33.90 143462.40
34.00 143462.40
34.10 87244.80
34.20 87244.80
34.30 87244.80
34.40 87244.80
34.50 87244.80
34.60 87244.80
34.70 87244.80
34.80 87244.80
34.90 87244.80
35.00 87244.80
35.10 90419.20
35.20 90419.20
35.30 90419.20
35.40 90419.20
35.50 90419.20
35.60 90419.20
35.70 90419.20
35.80 90419.20
35.90 90419.20
36.00 90419.20
36.10 82022.40
36.20 82022.40
36.30 82022.40
36.40 82022.40
36.50 82022.40
36.60 82022.40
36.70 82022.40
36.80 82022.40
36.90 82022.40
37.00 82022.40
37.10 84889.60
37.20 84889.60
37.30 84889.60
37.40 84889.60
37.50 84889.60
37.60 84889.60
37.70 84889.60
37.80 84889.60
37.90 84889.60
38.00 84889.60
38.10 85299.20
38.20 85299.20
38.30 85299.20
38.40 85299.20
38.50 85299.20
38.60 85299.20
38.70 85299.20
38.80 85299.20
38.90 85299.20
39.00 85299.20
39.10 87654.40
39.20 87654.40
39.30 87654.40
39.40 87654.40
39.50 87654.40
39.60 87654.40
39.70 87654.40
39.80 87654.40
39.90 87654.40
40.00 87654.40
40.10 92262.40
40.20 92262.40
40.30 92262.40
40.40 92262.40
40.50 92262.40
40.60 92262.40
40.70 92262.40
40.80 92262.40
40.90 92262.40
41.00 92262.40
41.10 85913.60
41.20 85913.60
41.30 85913.60
41.40 85913.60
41.50 85913.60
41.60 85913.60
41.70 85913.60
41.80 85913.60
41.90 85913.60
42.00 85913.60
42.10 85196.80
42.20 85196.80
42.30 85196.80
42.40 85196.80
42.50 85196.80
42.60 85196.80
42.70 85196.80
42.80 85196.80
42.90 85196.80
43.00 85196.80
43.10 37273.60
43.20 37273.60
43.30 37273.60
43.40 37273.60
43.50 37273.60
43.60 37273.60
43.70 37273.60
43.80 37273.60
43.90 37273.60
44.00 37273.60
44.10 139264.00
44.20 139264.00
44.30 139264.00
44.40 139264.00
44.50 139264.00
44.60 139264.00
44.70 139264.00
44.80 139264.00
44.90 139264.00
45.00 139264.00
45.10 86528.00
45.20 86528.00
45.30 86528.00
45.40 86528.00
45.50 86528.00
45.60 86528.00
45.70 86528.00
45.80 86528.00
45.90 86528.00
46.00 86528.00
46.10 86732.80
46.20 86732.80
46.30 86732.80
46.40 86732.80
46.50 86732.80
46.60 86732.80
46.70 86732.80
46.80 86732.80
46.90 86732.80
47.00 86732.80
47.10 90214.40
47.20 90214.40
47.30 90214.40
47.40 90214.40
47.50 90214.40
47.60 90214.40
47.70 90214.40
47.80 90214.40
47.90 90214.40
48.00 90214.40
48.10 85401.60
48.20 85401.60
48.30 85401.60
48.40 85401.60
48.50 85401.60
48.60 85401.60
48.70 85401.60
48.80 85401.60
48.90 85401.60
49.00 85401.60
49.10 90316.80
49.20 90316.80
49.30 90316.80
49.40 90316.80
49.50 90316.80
49.60 90316.80
49.70 90316.80
49.80 90316.80
49.90 90316.80
50.00 90316.80
50.10 84377.60
50.20 84377.60
50.30 84377.60
50.40 84377.60
50.50 84377.60
50.60 84377.60
50.70 84377.60
50.80 84377.60
50.90 84377.60
51.00 84377.60
51.10 84992.00
51.20 84992.00
51.30 84992.00
51.40 84992.00
51.50 84992.00
51.60 84992.00
51.70 84992.00
51.80 84992.00
51.90 84992.00
52.00 84992.00
52.10 90009.60
52.20 90009.60
52.30 90009.60
52.40 90009.60
52.50 90009.60
52.60 90009.60
52.70 90009.60
52.80 90009.60
52.90 90009.60
53.00 90009.60
53.10 87552.00
53.20 87552.00
53.30 87552.00
53.40 87552.00
53.50 87552.00
53.60 87552.00
53.70 87552.00
53.80 87552.00
53.90 87552.00
54.00 87552.00
54.10 81408.00
54.20 81408.00
54.30 81408.00
54.40 81408.00
54.50 81408.00
54.60 81408.00
54.70 81408.00
54.80 81408.00
54.90 81408.00
55.00 81408.00
55.10 36044.80
55.20 36044.80
55.30 36044.80
55.40 36044.80
55.50 36044.80
55.60 36044.80
55.70 36044.80
55.80 36044.80
55.90 36044.80
56.00 36044.80
56.10 7270.40
56.20 7270.40
56.30 7270.40
56.40 7270.40
56.50 7270.40
56.60 7270.40
56.70 7270.40
56.80 7270.40
56.90 7270.40
57.00 7270.40
57.10 0.00
57.20 0.00
57.30 0.00
57.40 0.00
57.50 0.00
57.60 0.00
57.70 0.00
57.80 0.00
57.90 0.00
58.00 0.00
58.10 121446.40
58.20 121446.40
58.30 121446.40
58.40 121446.40
58.50 121446.40
58.60 121446.40
58.70 121446.40
58.80 121446.40
58.90 121446.40
59.00 121446.40
59.10 81305.60
59.20 81305.60
59.30 81305.60
59.40 81305.60
59.50 81305.60
59.60 81305.60
59.70 81305.60
59.80 81305.60
59.90 81305.60
60.00 81305.60
60.10 53760.00
60.20 53760.00
60.30 53760.00
60.40 53760.00
60.50 53760.00
60.60 53760.00
60.70 53760.00
60.80 53760.00
60.90 53760.00
61.00 53760.00
61.10 47923.20
61.20 47923.20
61.30 47923.20
61.40 47923.20
61.50 47923.20
61.60 47923.20
61.70 47923.20
61.80 47923.20
61.90 47923.20
62.00 47923.20
62.10 36864.00
62.20 36864.00
62.30 36864.00
62.40 36864.00
62.50 36864.00
62.60 36864.00
62.70 36864.00
62.80 36864.00
62.90 36864.00
63.00 36864.00
63.10 0.00
63.20 0.00
63.30 0.00
63.40 0.00
63.50 0.00
63.60 0.00
63.70 0.00
63.80 0.00
63.90 0.00
64.00 0.00
64.10 85606.40
64.20 85606.40
64.30 85606.40
64.40 85606.40
64.50 85606.40
64.60 85606.40
64.70 85606.40
64.80 85606.40
64.90 85606.40
65.00 85606.40
65.10 34099.20
65.20 34099.20
65.30 34099.20
65.40 34099.20
65.50 34099.20
65.60 34099.20
65.70 34099.20
65.80 34099.20
65.90 34099.20
66.00 34099.20
66.10 44134.40
66.20 44134.40
66.30 44134.40
66.40 44134.40
66.50 44134.40
66.60 44134.40
66.70 44134.40
66.80 44134.40
66.90 44134.40
67.00 44134.40
67.10 47923.20
67.20 47923.20
67.30 47923.20
67.40 47923.20
67.50 47923.20
67.60 47923.20
67.70 47923.20
67.80 47923.20
67.90 47923.20
68.00 47923.20
68.10 59904.00
68.20 59904.00
68.30 59904.00
68.40 59904.00
68.50 59904.00
68.60 59904.00
68.70 59904.00
68.80 59904.00
68.90 59904.00
69.00 59904.00
69.10 48128.00
69.20 48128.00
69.30 48128.00
69.40 48128.00
69.50 48128.00
69.60 48128.00
69.70 48128.00
69.80 48128.00
69.90 48128.00
70.00 48128.00
70.10 42393.60
70.20 42393.60
70.30 42393.60
70.40 42393.60
70.50 42393.60
70.60 42393.60
70.70 42393.60
70.80 42393.60
70.90 42393.60
71.00 42393.60
71.10 41881.60
71.20 41881.60
71.30 41881.60
71.40 41881.60
71.50 41881.60
71.60 41881.60
71.70 41881.60
71.80 41881.60
71.90 41881.60
72.00 41881.60
72.10 27136.00
72.20 27136.00
72.30 27136.00
72.40 27136.00
72.50 27136.00
72.60 27136.00
72.70 27136.00
72.80 27136.00
72.90 27136.00
73.00 27136.00
73.10 28774.40
73.20 28774.40
73.30 28774.40
73.40 28774.40
73.50 28774.40
73.60 28774.40
73.70 28774.40
73.80 28774.40
73.90 28774.40
74.00 28774.40
74.10 16793.60
74.20 16793.60
74.30 16793.60
74.40 16793.60
74.50 16793.60
74.60 16793.60
74.70 16793.60
74.80 16793.60
74.90 16793.60
75.00 16793.60
75.10 18227.20
75.20 18227.20
75.30 18227.20
75.40 18227.20
75.50 18227.20
75.60 18227.20
75.70 18227.20
75.80 18227.20
75.90 18227.20
76.00 18227.20
76.10 8089.60
76.20 8089.60
76.30 8089.60
76.40 8089.60
76.50 8089.60
76.60 8089.60
76.70 8089.60
76.80 8089.60
76.90 8089.60
77.00 8089.60
77.10 0.00
77.20 0.00
77.30 0.00
77.40 0.00
77.50 0.00
77.60 0.00
77.70 0.00
77.80 0.00
77.90 0.00
78.00 0.00
78.10 65843.20
78.20 65843.20
78.30 65843.20
78.40 65843.20
78.50 65843.20
78.60 65843.20
78.70 65843.20
78.80 65843.20
78.90 65843.20
79.00 65843.20
79.10 17715.20
79.20 17715.20
79.30 17715.20
79.40 17715.20
79.50 17715.20
79.60 17715.20
79.70 17715.20
79.80 17715.20
79.90 17715.20
80.00 17715.20
80.10 31027.20
80.20 31027.20
80.30 31027.20
80.40 31027.20
80.50 31027.20
80.60 31027.20
80.70 31027.20
80.80 31027.20
80.90 31027.20
81.00 31027.20
81.10 77209.60
81.20 77209.60
81.30 77209.60
81.40 77209.60
81.50 77209.60
81.60 77209.60
81.70 77209.60
81.80 77209.60
81.90 77209.60
82.00 77209.60
82.10 87961.60
82.20 87961.60
82.30 87961.60
82.40 87961.60
82.50 87961.60
82.60 87961.60
82.70 87961.60
82.80 87961.60
82.90 87961.60
83.00 87961.60
83.10 85196.80
83.20 85196.80
83.30 85196.80
83.40 85196.80
83.50 85196.80
83.60 85196.80
83.70 85196.80
83.80 85196.80
83.90 85196.80
84.00 85196.80
84.10 87961.60
84.20 87961.60
84.30 87961.60
84.40 87961.60
84.50 87961.60
84.60 87961.60
84.70 87961.60
84.80 87961.60
84.90 87961.60
85.00 87961.60
85.10 86425.60
85.20 86425.60
85.30 86425.60
85.40 86425.60
85.50 86425.60
85.60 86425.60
85.70 86425.60
85.80 86425.60
85.90 86425.60
86.00 86425.60
86.10 85606.40
86.20 85606.40
86.30 85606.40
86.40 85606.40
86.50 85606.40
86.60 85606.40
86.70 85606.40
86.80 85606.40
86.90 85606.40
87.00 85606.40
87.10 80588.80
87.20 80588.80
87.30 80588.80
87.40 80588.80
87.50 80588.80
87.60 80588.80
87.70 80588.80
87.80 80588.80
87.90 80588.80
88.00 80588.80
88.10 30617.60
88.20 30617.60
88.30 30617.60
88.40 30617.60
88.50 30617.60
88.60 30617.60
88.70 30617.60
88.80 30617.60
88.90 30617.60
89.00 30617.60
89.10 41164.80
89.20 41164.80
89.30 41164.80
89.40 41164.80
89.50 41164.80
89.60 41164.80
89.70 41164.80
89.80 41164.80
89.90 41164.80
90.00 41164.80
90.10 6348.80
90.20 6348.80
90.30 6348.80
90.40 6348.80
90.50 6348.80
90.60 6348.80
90.70 6348.80
90.80 6348.80
90.90 6348.80
91.00 6348.80
91.10 85913.60
91.20 85913.60
91.30 85913.60
91.40 85913.60
91.50 85913.60
91.60 85913.60
91.70 85913.60
91.80 85913.60
91.90 85913.60
92.00 85913.60
92.10 49356.80
92.20 49356.80
92.30 49356.80
92.40 49356.80
92.50 49356.80
92.60 49356.80
92.70 49356.80
92.80 49356.80
92.90 49356.80
93.00 49356.80
93.10 43417.60
93.20 43417.60
93.30 43417.60
93.40 43417.60
93.50 43417.60
93.60 43417.60
93.70 43417.60
93.80 43417.60
93.90 43417.60
94.00 43417.60
94.10 44134.40
94.20 44134.40
94.30 44134.40
94.40 44134.40
94.50 44134.40
94.60 44134.40
94.70 44134.40
94.80 44134.40
94.90 44134.40
95.00 44134.40
95.10 48844.80
95.20 48844.80
95.30 48844.80
95.40 48844.80
95.50 48844.80
95.60 48844.80
95.70 48844.80
95.80 48844.80
95.90 48844.80
96.00 48844.80
96.10 4096.00
96.20 4096.00
96.30 4096.00
96.40 4096.00
96.50 4096.00
96.60 4096.00
96.70 4096.00
96.80 4096.00
96.90 4096.00
97.00 4096.00
97.10 77721.60
97.20 77721.60
97.30 77721.60
97.40 77721.60
97.50 77721.60
97.60 77721.60
97.70 77721.60
97.80 77721.60
97.90 77721.60
98.00 77721.60
98.10 29388.80
98.20 29388.80
98.30 29388.80
98.40 29388.80
98.50 29388.80
98.60 29388.80
98.70 29388.80
98.80 29388.80
98.90 29388.80
99.00 29388.80
99.10 35635.20
99.20 35635.20
99.30 35635.20
99.40 35635.20
99.50 35635.20
99.60 35635.20
99.70 35635.20
99.80 35635.20
99.90 35635.20
100.00 35635.20
100.10 53145.60
100.20 53145.60
100.30 53145.60
100.40 53145.60
100.50 53145.60
100.60 53145.60
100.70 53145.60
100.80 53145.60
100.90 53145.60
101.00 53145.60
101.10 86425.60
101.20 86425.60
101.30 86425.60
101.40 86425.60
101.50 86425.60
101.60 86425.60
101.70 86425.60
101.80 86425.60
101.90 86425.60
102.00 86425.60
102.10 85913.60
102.20 85913.60
102.30 85913.60
102.40 85913.60
102.50 85913.60
102.60 85913.60
102.70 85913.60
102.80 85913.60
102.90 85913.60
103.00 85913.60
103.10 32153.60
103.20 32153.60
103.30 32153.60
103.40 32153.60
103.50 32153.60
103.60 32153.60
103.70 32153.60
103.80 32153.60
103.90 32153.60
104.00 32153.60
104.10 86732.80
104.20 86732.80
104.30 86732.80
104.40 86732.80
104.50 86732.80
104.60 86732.80
104.70 86732.80
104.80 86732.80
104.90 86732.80
105.00 86732.80
105.10 73830.40
105.20 73830.40
105.30 73830.40
105.40 73830.40
105.50 73830.40
105.60 73830.40
105.70 73830.40
105.80 73830.40
105.90 73830.40
106.00 73830.40
106.10 17612.80
106.20 17612.80
106.30 17612.80
106.40 17612.80
106.50 17612.80
106.60 17612.80
106.70 17612.80
106.80 17612.80
106.90 17612.80
107.00 17612.80
107.10 16486.40
107.20 16486.40
107.30 16486.40
107.40 16486.40
107.50 16486.40
107.60 16486.40
107.70 16486.40
107.80 16486.40
107.90 16486.40
108.00 16486.40
108.10 13721.60
108.20 13721.60
108.30 13721.60
108.40 13721.60
108.50 13721.60
108.60 13721.60
108.70 13721.60
108.80 13721.60
108.90 13721.60
109.00 13721.60
109.10 11878.40
109.20 11878.40
109.30 11878.40
109.40 11878.40
109.50 11878.40
109.60 11878.40
109.70 11878.40
109.80 11878.40
109.90 11878.40
110.00 11878.40
110.10 10035.20
110.20 10035.20
110.30 10035.20
110.40 10035.20
110.50 10035.20
110.60 10035.20
110.70 10035.20
110.80 10035.20
110.90 10035.20
111.00 10035.20
111.10 15052.80
111.20 15052.80
111.30 15052.80
111.40 15052.80
111.50 15052.80
111.60 15052.80
111.70 15052.80
111.80 15052.80
111.90 15052.80
112.00 15052.80
112.10 32256.00
112.20 32256.00
112.30 32256.00
112.40 32256.00
112.50 32256.00
112.60 32256.00
112.70 32256.00
112.80 32256.00
112.90 32256.00
113.00 32256.00
113.10 16793.60
113.20 16793.60
113.30 16793.60
113.40 16793.60
113.50 16793.60
113.60 16793.60
113.70 16793.60
113.80 16793.60
113.90 16793.60
114.00 16793.60
114.10 25190.40
114.20 25190.40
114.30 25190.40
114.40 25190.40
114.50 25190.40
114.60 25190.40
114.70 25190.40
114.80 25190.40
114.90 25190.40
115.00 25190.40
115.10 32460.80
115.20 32460.80
115.30 32460.80
115.40 32460.80
115.50 32460.80
115.60 32460.80
115.70 32460.80
115.80 32460.80
115.90 32460.80
116.00 32460.80
116.10 45772.80
116.20 45772.80
116.30 45772.80
116.40 45772.80
116.50 45772.80
116.60 45772.80
116.70 45772.80
116.80 45772.80
116.90 45772.80
117.00 45772.80
117.10 84582.40
117.20 84582.40
117.30 84582.40
117.40 84582.40
117.50 84582.40
117.60 84582.40
117.70 84582.40
117.80 84582.40
117.90 84582.40
118.00 84582.40
118.10 86835.20
118.20 86835.20
118.30 86835.20
118.40 86835.20
118.50 86835.20
118.60 86835.20
118.70 86835.20
118.80 86835.20
118.90 86835.20
119.00 86835.20
119.10 28569.60
119.20 28569.60
119.30 28569.60
119.40 28569.60
119.50 28569.60
119.60 28569.60
119.70 28569.60
119.80 28569.60
119.90 28569.60
120.00 28569.60
