0.12 105488.0
0.23 90220.0
0.34 106876.0
0.44 92996.0
0.55 106876.0
0.65 94384.0
0.76 95772.0
0.87 101324.0
0.99 106876.0
1.11 108264.0
1.21 117980.0
1.32 108264.0
1.42 83280.0
1.53 112428.0
1.63 98548.0
1.74 90220.0
1.85 104100.0
1.95 94384.0
2.06 101324.0
2.16 91608.0
2.27 104100.0
2.37 74952.0
2.48 101324.0
2.59 108264.0
2.69 92996.0
2.80 112428.0
2.90 98548.0
3.01 99936.0
3.12 104100.0
3.23 101324.0
3.34 86056.0
3.45 111040.0
3.56 113816.0
3.66 84668.0
3.77 104100.0
3.87 97160.0
3.98 95772.0
4.09 104100.0
4.19 87444.0
4.31 102712.0
4.41 86056.0
4.52 94384.0
4.62 97160.0
4.73 104100.0
4.84 104100.0
4.94 88832.0
5.05 116592.0
5.15 92996.0
5.26 105488.0
5.37 115204.0
5.48 101324.0
5.59 99936.0
5.69 86056.0
5.80 104100.0
5.90 98548.0
6.01 101324.0
6.12 101324.0
6.23 94384.0
6.34 91608.0
6.44 97160.0
6.56 111040.0
6.66 98548.0
6.77 92996.0
6.87 95772.0
6.98 88832.0
7.09 106876.0
7.19 69400.0
7.30 105488.0
7.40 83280.0
7.51 102712.0
7.62 98548.0
7.73 91608.0
7.84 109652.0
7.94 84668.0
8.05 102712.0
8.15 111040.0
8.26 106876.0
8.37 112428.0
8.48 98548.0
8.59 126308.0
8.69 95772.0
8.80 106876.0
8.91 80504.0
9.02 104100.0
9.12 97160.0
9.23 109652.0
9.34 102712.0
9.44 102712.0
9.55 94384.0
9.65 105488.0
9.76 112428.0
9.87 113816.0
9.99 106876.0
10.10 119368.0
10.20 91608.0
10.31 115204.0
10.41 84668.0
10.52 94384.0
10.62 79116.0
10.73 109652.0
10.84 116592.0
10.94 105488.0
11.05 86056.0
11.15 94384.0
11.26 113816.0
11.37 109652.0
11.48 97160.0
11.59 94384.0
11.69 111040.0
11.80 109652.0
11.90 80504.0
12.01 91608.0
12.12 104100.0
12.23 97160.0
12.34 70788.0
12.44 102712.0
12.55 112428.0
12.66 98548.0
12.77 87444.0
12.87 95772.0
12.98 88832.0
13.09 105488.0
13.19 99936.0
13.30 102712.0
13.40 101324.0
13.51 106876.0
13.62 120756.0
13.73 109652.0
13.84 87444.0
13.94 91608.0
14.05 106876.0
14.15 97160.0
14.26 87444.0
14.37 99936.0
14.48 98548.0
14.59 111040.0
14.70 102712.0
14.82 113816.0
14.92 94384.0
15.03 94384.0
15.13 91608.0
15.24 102712.0
15.35 87444.0
15.45 101324.0
15.56 106876.0
15.66 105488.0
15.77 94384.0
15.87 94384.0
15.98 90220.0
16.09 84668.0
16.19 91608.0
16.30 98548.0
16.40 92996.0
16.51 102712.0
16.62 111040.0
16.73 91608.0
16.84 90220.0
16.94 95772.0
17.05 104100.0
17.15 91608.0
17.26 109652.0
17.37 101324.0
17.48 104100.0
17.59 101324.0
17.69 91608.0
17.80 97160.0
17.90 91608.0
18.01 99936.0
18.12 104100.0
18.23 99936.0
18.34 88832.0
18.44 101324.0
18.55 101324.0
18.65 81892.0
18.76 102712.0
18.87 104100.0
18.98 99936.0
19.09 106876.0
19.19 94384.0
19.30 84668.0
19.40 99936.0
19.51 94384.0
19.62 108264.0
19.73 97160.0
19.84 97160.0
19.94 94384.0
20.05 115204.0
20.15 94384.0
20.26 99936.0
20.37 97160.0
20.48 90220.0
20.59 76340.0
20.69 87444.0
20.80 106876.0
20.90 91608.0
21.01 99936.0
21.12 105488.0
21.23 94384.0
21.34 92996.0
21.45 91608.0
21.56 90220.0
21.66 94384.0
21.78 101324.0
21.88 98548.0
21.99 105488.0
22.10 86056.0
22.20 97160.0
22.31 109652.0
22.41 90220.0
22.52 102712.0
22.62 101324.0
22.73 109652.0
22.84 80504.0
22.94 92996.0
23.05 109652.0
23.15 95772.0
23.26 98548.0
23.37 97160.0
23.48 116592.0
23.59 101324.0
23.69 95772.0
23.80 105488.0
23.90 92996.0
24.01 109652.0
24.12 98548.0
24.23 98548.0
24.34 83280.0
24.44 91608.0
24.55 91608.0
24.65 80504.0
24.76 92996.0
24.87 111040.0
24.98 104100.0
25.09 92996.0
25.19 84668.0
25.30 108264.0
25.40 101324.0
25.51 101324.0
25.62 112428.0
25.73 104100.0
25.85 106876.0
25.95 94384.0
26.06 112428.0
26.16 83280.0
26.27 91608.0
26.37 88832.0
26.48 87444.0
26.60 61072.0
26.70 112428.0
26.81 102712.0
26.91 87444.0
27.02 90220.0
27.12 98548.0
27.23 90220.0
27.34 106876.0
27.44 109652.0
27.55 108264.0
27.65 92996.0
27.76 102712.0
27.88 105488.0
27.99 116592.0
28.10 115204.0
28.20 94384.0
28.32 98548.0
28.42 119368.0
28.53 99936.0
28.63 84668.0
28.74 108264.0
28.85 99936.0
28.95 101324.0
29.06 94384.0
29.16 109652.0
29.27 102712.0
29.37 101324.0
29.48 108264.0
29.59 94384.0
29.69 84668.0
29.80 106876.0
29.90 86056.0
30.01 97160.0
30.12 91608.0
30.23 101324.0
30.34 104100.0
30.44 88832.0
30.55 116592.0
30.65 97160.0
30.76 97160.0
30.88 79116.0
30.99 111040.0
31.10 101324.0
31.20 91608.0
31.31 106876.0
31.42 99936.0
31.53 113816.0
31.63 77728.0
31.74 106876.0
31.85 106876.0
31.95 97160.0
32.06 108264.0
32.16 101324.0
32.27 116592.0
32.37 83280.0
32.48 106876.0
32.59 105488.0
32.70 79116.0
32.81 108264.0
32.91 106876.0
33.02 111040.0
33.12 101324.0
33.23 109652.0
33.34 94384.0
33.44 87444.0
33.55 120756.0
33.65 99936.0
33.76 95772.0
33.88 105488.0
33.99 124920.0
34.10 95772.0
34.20 102712.0
34.31 116592.0
34.41 94384.0
34.52 102712.0
34.62 112428.0
34.73 115204.0
34.84 113816.0
34.94 102712.0
35.05 86056.0
35.15 97160.0
35.26 106876.0
35.37 113816.0
35.48 97160.0
35.60 104100.0
35.70 106876.0
35.81 108264.0
35.91 92996.0
36.02 116592.0
36.12 90220.0
36.23 90220.0
36.34 112428.0
36.44 92996.0
36.55 113816.0
36.65 79116.0
36.76 120756.0
36.87 99936.0
36.98 94384.0
37.09 108264.0
37.19 94384.0
37.30 106876.0
37.40 109652.0
37.52 98548.0
37.62 97160.0
37.73 112428.0
37.84 94384.0
37.94 99936.0
38.05 105488.0
38.15 98548.0
38.26 115204.0
38.38 105488.0
38.49 124920.0
38.60 119368.0
38.70 105488.0
38.81 102712.0
38.91 90220.0
39.02 87444.0
39.12 101324.0
39.52 73564.0
39.62 259556.0
39.73 181828.0
39.84 92996.0
39.94 88832.0
40.05 111040.0
40.15 90220.0
40.26 94384.0
40.37 91608.0
40.48 108264.0
40.59 108264.0
40.69 63848.0
40.80 109652.0
40.91 99936.0
41.02 83280.0
41.12 101324.0
41.23 111040.0
41.34 101324.0
41.44 90220.0
41.55 109652.0
41.65 101324.0
41.76 117980.0
41.87 123532.0
41.98 129084.0
42.09 131860.0
42.19 87444.0
42.30 106876.0
42.40 108264.0
42.51 106876.0
42.62 102712.0
42.74 109652.0
42.85 98548.0
42.95 91608.0
43.06 88832.0
43.16 108264.0
43.27 106876.0
43.37 83280.0
43.48 108264.0
43.59 95772.0
43.69 98548.0
43.80 102712.0
43.90 98548.0
44.01 102712.0
44.12 102712.0
44.23 104100.0
44.34 106876.0
44.44 90220.0
44.55 102712.0
44.65 81892.0
44.76 99936.0
44.87 112428.0
44.98 113816.0
45.09 95772.0
45.19 102712.0
45.30 92996.0
45.40 97160.0
45.51 106876.0
45.62 115204.0
45.74 123532.0
45.85 106876.0
45.95 91608.0
46.07 102712.0
46.17 109652.0
46.28 123532.0
46.38 101324.0
46.49 109652.0
46.60 95772.0
46.70 92996.0
46.81 95772.0
46.91 98548.0
47.02 92996.0
47.12 79116.0
47.23 86056.0
47.34 116592.0
47.44 69400.0
47.55 92996.0
47.65 98548.0
47.76 111040.0
47.87 117980.0
47.98 102712.0
48.09 122144.0
48.19 99936.0
48.30 106876.0
48.40 88832.0
48.51 111040.0
48.62 101324.0
48.73 105488.0
48.84 111040.0
48.94 97160.0
49.05 106876.0
49.15 99936.0
49.26 109652.0
49.37 104100.0
49.48 98548.0
49.59 115204.0
49.69 88832.0
49.80 112428.0
49.90 92996.0
50.01 117980.0
50.12 91608.0
50.23 120756.0
50.34 91608.0
50.44 101324.0
50.55 112428.0
50.65 98548.0
50.76 105488.0
50.87 102712.0
50.98 102712.0
51.09 97160.0
51.19 94384.0
51.30 97160.0
51.40 95772.0
51.51 111040.0
51.63 91608.0
51.75 108264.0
51.86 80504.0
51.96 87444.0
52.07 108264.0
52.17 94384.0
52.28 92996.0
52.39 98548.0
52.50 117980.0
52.61 91608.0
52.71 87444.0
52.82 123532.0
52.92 92996.0
53.03 116592.0
53.13 91608.0
53.24 111040.0
53.35 106876.0
53.45 108264.0
53.56 119368.0
53.66 84668.0
53.77 124920.0
53.87 112428.0
53.98 116592.0
54.09 105488.0
54.19 88832.0
54.30 120756.0
54.40 101324.0
54.51 116592.0
54.62 90220.0
54.74 104100.0
54.85 88832.0
54.95 92996.0
55.06 106876.0
55.16 92996.0
55.27 131860.0
55.37 98548.0
55.48 99936.0
55.59 105488.0
55.69 72176.0
55.80 111040.0
55.90 94384.0
56.01 113816.0
56.12 95772.0
56.23 92996.0
56.34 86056.0
56.44 92996.0
56.55 101324.0
56.65 91608.0
56.77 91608.0
56.87 87444.0
56.98 87444.0
57.09 113816.0
57.19 88832.0
57.30 116592.0
57.40 91608.0
57.51 97160.0
57.63 98548.0
57.74 95772.0
57.85 112428.0
57.95 88832.0
58.06 102712.0
58.17 98548.0
58.28 112428.0
58.38 86056.0
58.49 91608.0
58.60 76340.0
58.70 77728.0
58.81 70788.0
58.91 81892.0
59.02 101324.0
59.12 94384.0
59.23 97160.0
59.34 98548.0
59.44 104100.0
59.55 106876.0
59.65 94384.0
59.76 112428.0
59.87 123532.0
59.98 108264.0
