0.12 105488.0
0.23 112428.0
0.34 109652.0
0.44 91608.0
0.55 106876.0
0.65 116592.0
0.76 115204.0
0.87 105488.0
0.99 111040.0
1.10 115204.0
1.20 98548.0
1.31 91608.0
1.41 97160.0
1.52 105488.0
1.62 109652.0
1.73 123532.0
1.85 105488.0
1.95 104100.0
2.06 108264.0
2.16 97160.0
2.27 113816.0
2.37 90220.0
2.48 104100.0
2.59 102712.0
2.69 73564.0
2.80 112428.0
2.90 101324.0
3.01 97160.0
3.12 112428.0
3.23 120756.0
3.34 105488.0
3.44 84668.0
3.55 102712.0
3.66 94384.0
3.77 106876.0
3.87 94384.0
3.99 123532.0
4.10 116592.0
4.20 112428.0
4.31 129084.0
4.41 102712.0
4.52 97160.0
4.62 90220.0
4.73 112428.0
4.84 115204.0
4.94 109652.0
5.05 127696.0
5.15 101324.0
5.27 104100.0
5.38 112428.0
5.49 115204.0
5.60 120756.0
5.70 115204.0
5.82 117980.0
5.92 91608.0
6.03 99936.0
6.13 105488.0
6.24 106876.0
6.35 106876.0
6.46 99936.0
6.57 111040.0
6.67 80504.0
6.78 134636.0
6.88 92996.0
6.99 95772.0
7.10 117980.0
7.20 81892.0
7.31 101324.0
7.41 102712.0
7.52 113816.0
7.62 84668.0
7.73 108264.0
7.84 109652.0
7.94 91608.0
8.05 113816.0
8.15 98548.0
8.26 127696.0
8.37 99936.0
8.48 112428.0
8.59 122144.0
8.69 98548.0
8.80 122144.0
8.91 88832.0
9.02 92996.0
9.12 109652.0
9.23 108264.0
9.34 111040.0
9.45 91608.0
9.56 115204.0
9.66 108264.0
9.77 99936.0
9.87 94384.0
9.98 104100.0
10.09 104100.0
10.19 106876.0
10.30 120756.0
10.40 98548.0
10.51 105488.0
10.62 101324.0
10.73 109652.0
10.84 117980.0
10.94 106876.0
11.05 101324.0
11.15 108264.0
11.26 113816.0
11.37 122144.0
11.48 116592.0
11.59 129084.0
11.69 117980.0
11.80 116592.0
11.90 105488.0
12.01 109652.0
12.12 101324.0
12.23 94384.0
12.34 88832.0
12.44 117980.0
12.55 102712.0
12.66 92996.0
12.77 104100.0
12.87 84668.0
12.98 99936.0
13.09 106876.0
13.19 105488.0
13.30 113816.0
13.40 101324.0
13.51 95772.0
13.62 87444.0
13.73 99936.0
13.84 99936.0
13.94 84668.0
14.05 99936.0
14.15 84668.0
14.26 99936.0
14.38 98548.0
14.49 90220.0
14.60 80504.0
14.70 87444.0
14.81 95772.0
14.91 92996.0
15.02 94384.0
15.12 84668.0
15.23 99936.0
15.34 97160.0
15.44 101324.0
15.55 104100.0
15.65 97160.0
15.76 88832.0
15.87 105488.0
15.98 83280.0
16.09 111040.0
16.19 97160.0
16.30 94384.0
16.41 98548.0
16.52 113816.0
16.63 98548.0
16.74 116592.0
16.86 98548.0
16.96 111040.0
17.07 112428.0
17.17 111040.0
17.28 119368.0
17.38 106876.0
17.49 122144.0
17.60 122144.0
17.70 109652.0
17.81 98548.0
17.91 106876.0
18.03 116592.0
18.13 112428.0
18.24 102712.0
18.35 106876.0
18.45 108264.0
18.56 97160.0
18.66 101324.0
18.77 109652.0
18.87 101324.0
18.98 109652.0
19.09 117980.0
19.19 90220.0
19.30 102712.0
19.40 101324.0
19.51 108264.0
19.62 112428.0
19.74 124920.0
19.85 106876.0
19.95 108264.0
20.06 109652.0
20.16 109652.0
20.27 130472.0
20.37 105488.0
20.48 86056.0
20.59 95772.0
20.69 127696.0
20.80 109652.0
20.90 92996.0
21.01 113816.0
21.12 106876.0
21.23 101324.0
21.34 99936.0
21.44 109652.0
21.55 108264.0
21.65 99936.0
21.76 117980.0
21.87 102712.0
21.98 124920.0
22.09 127696.0
22.19 113816.0
22.31 112428.0
22.41 117980.0
22.52 106876.0
22.62 102712.0
22.73 115204.0
22.84 95772.0
22.94 81892.0
23.05 108264.0
23.15 95772.0
23.26 104100.0
23.37 102712.0
23.48 102712.0
23.59 122144.0
23.69 112428.0
23.80 111040.0
23.90 84668.0
24.01 119368.0
24.12 111040.0
24.23 117980.0
24.34 95772.0
24.44 106876.0
24.55 106876.0
24.65 90220.0
24.76 98548.0
24.87 120756.0
24.98 106876.0
25.09 127696.0
25.19 108264.0
25.30 127696.0
25.40 101324.0
25.51 112428.0
25.62 98548.0
25.73 113816.0
25.84 101324.0
25.94 104100.0
26.05 108264.0
26.15 111040.0
26.26 88832.0
26.37 104100.0
26.48 122144.0
26.59 122144.0
26.69 98548.0
26.80 97160.0
26.90 91608.0
27.01 98548.0
27.12 109652.0
27.23 105488.0
27.34 104100.0
27.44 116592.0
27.55 129084.0
27.65 101324.0
27.76 136024.0
27.87 101324.0
27.98 87444.0
28.09 111040.0
28.19 95772.0
28.30 106876.0
28.40 112428.0
28.51 120756.0
28.62 122144.0
28.73 104100.0
28.84 116592.0
28.94 91608.0
29.05 97160.0
29.15 113816.0
29.26 102712.0
29.37 122144.0
29.48 116592.0
29.59 112428.0
29.69 92996.0
29.81 108264.0
29.91 105488.0
30.02 106876.0
30.12 91608.0
30.23 113816.0
30.34 102712.0
30.44 101324.0
30.55 105488.0
30.66 99936.0
30.77 112428.0
30.87 98548.0
30.98 97160.0
31.09 97160.0
31.19 95772.0
31.30 106876.0
31.40 111040.0
31.51 102712.0
31.62 106876.0
31.73 105488.0
31.84 104100.0
31.94 92996.0
32.05 97160.0
32.15 101324.0
32.26 109652.0
32.37 113816.0
32.48 95772.0
32.59 108264.0
32.69 72176.0
32.80 63848.0
32.90 102712.0
33.01 88832.0
33.12 105488.0
33.23 98548.0
33.34 92996.0
33.44 59684.0
33.55 74952.0
33.65 80504.0
33.76 91608.0
33.87 112428.0
33.98 117980.0
34.09 112428.0
34.19 112428.0
34.30 106876.0
34.40 79116.0
34.51 108264.0
34.62 105488.0
34.73 101324.0
34.84 99936.0
34.94 102712.0
35.05 101324.0
35.15 81892.0
35.26 83280.0
35.37 92996.0
35.48 116592.0
35.60 86056.0
35.70 91608.0
35.81 117980.0
35.92 65236.0
36.03 62460.0
36.13 87444.0
36.24 73564.0
36.35 112428.0
36.46 92996.0
36.57 91608.0
36.68 52744.0
36.79 68012.0
36.89 79116.0
37.00 104100.0
37.11 98548.0
37.21 77728.0
37.32 87444.0
37.42 105488.0
37.53 113816.0
37.63 98548.0
37.74 91608.0
37.85 102712.0
37.95 99936.0
38.06 77728.0
38.16 91608.0
38.27 102712.0
38.37 66624.0
38.48 91608.0
38.59 77728.0
38.69 102712.0
38.81 104100.0
38.91 65236.0
39.02 66624.0
39.12 76340.0
39.23 104100.0
39.34 72176.0
39.44 113816.0
39.55 101324.0
39.65 58296.0
39.76 97160.0
39.87 115204.0
39.98 102712.0
40.09 69400.0
40.19 76340.0
40.30 117980.0
40.41 105488.0
40.52 119368.0
40.63 84668.0
40.74 122144.0
40.85 98548.0
40.95 90220.0
41.07 122144.0
41.17 113816.0
41.29 113816.0
41.39 101324.0
41.50 104100.0
41.61 101324.0
41.71 92996.0
41.82 104100.0
41.92 101324.0
42.03 105488.0
42.13 97160.0
42.24 105488.0
42.35 102712.0
42.45 87444.0
42.56 95772.0
42.67 98548.0
42.78 120756.0
42.88 102712.0
42.99 116592.0
43.11 130472.0
43.21 104100.0
43.32 106876.0
43.42 98548.0
43.53 98548.0
43.63 94384.0
43.74 99936.0
43.85 102712.0
43.95 79116.0
44.06 124920.0
44.16 111040.0
44.27 80504.0
44.37 112428.0
44.48 123532.0
44.59 117980.0
44.69 115204.0
44.80 123532.0
44.90 102712.0
45.01 119368.0
45.12 108264.0
45.23 138800.0
45.34 98548.0
45.44 117980.0
45.55 91608.0
45.65 108264.0
45.76 83280.0
45.87 112428.0
45.98 104100.0
46.09 109652.0
46.19 94384.0
46.30 108264.0
46.41 111040.0
46.52 117980.0
46.62 81892.0
46.73 127696.0
46.85 104100.0
46.95 98548.0
47.06 92996.0
47.17 95772.0
47.28 109652.0
47.38 97160.0
47.49 99936.0
47.60 108264.0
47.71 98548.0
47.82 104100.0
47.92 108264.0
48.03 98548.0
48.14 101324.0
48.25 112428.0
48.36 112428.0
48.46 87444.0
48.57 108264.0
48.67 87444.0
48.78 97160.0
48.88 88832.0
48.99 94384.0
49.10 104100.0
49.20 102712.0
49.31 117980.0
49.41 88832.0
49.52 98548.0
49.62 81892.0
49.73 116592.0
49.84 115204.0
49.94 94384.0
50.05 94384.0
50.15 95772.0
50.26 113816.0
50.37 123532.0
50.48 112428.0
50.59 120756.0
50.69 101324.0
50.81 99936.0
50.92 109652.0
51.03 79116.0
51.13 94384.0
51.24 115204.0
51.35 120756.0
51.46 105488.0
51.57 101324.0
51.67 92996.0
51.78 72176.0
51.88 88832.0
51.99 98548.0
52.10 116592.0
52.20 99936.0
52.31 117980.0
52.41 102712.0
52.52 111040.0
52.62 108264.0
52.73 105488.0
52.84 113816.0
52.94 95772.0
53.05 117980.0
53.15 84668.0
53.26 111040.0
53.37 102712.0
53.48 105488.0
53.59 87444.0
53.69 91608.0
53.80 116592.0
53.90 94384.0
54.01 117980.0
54.12 112428.0
54.23 123532.0
54.34 120756.0
54.44 101324.0
54.55 101324.0
54.65 120756.0
54.76 122144.0
54.87 129084.0
54.99 123532.0
55.10 123532.0
55.20 115204.0
55.32 130472.0
55.42 92996.0
55.54 102712.0
55.64 91608.0
55.75 111040.0
55.86 126308.0
55.96 95772.0
56.07 111040.0
56.17 97160.0
56.28 116592.0
56.38 105488.0
56.49 124920.0
56.60 99936.0
56.70 92996.0
56.81 90220.0
56.91 97160.0
57.02 117980.0
57.12 98548.0
57.23 104100.0
57.34 109652.0
57.44 111040.0
57.55 126308.0
57.65 105488.0
57.76 90220.0
57.87 97160.0
57.98 108264.0
58.09 108264.0
58.19 101324.0
58.30 97160.0
58.40 115204.0
58.51 120756.0
58.63 126308.0
58.74 120756.0
58.85 88832.0
58.95 111040.0
59.06 112428.0
59.16 126308.0
59.27 112428.0
59.37 84668.0
59.49 98548.0
59.61 104100.0
59.71 111040.0
59.82 97160.0
59.92 108264.0
