0.12 119368.0
0.23 109652.0
0.34 106876.0
0.44 88832.0
0.55 101324.0
0.65 77728.0
0.76 104100.0
0.87 87444.0
0.98 90220.0
1.10 97160.0
1.20 92996.0
1.31 94384.0
1.41 86056.0
1.52 87444.0
1.62 87444.0
1.73 70788.0
1.84 94384.0
1.94 86056.0
2.05 91608.0
2.15 81892.0
2.26 97160.0
2.37 99936.0
2.48 92996.0
2.59 105488.0
2.69 76340.0
2.80 98548.0
2.90 81892.0
3.01 98548.0
3.12 104100.0
3.23 105488.0
3.34 104100.0
3.44 98548.0
3.55 90220.0
3.65 94384.0
3.76 87444.0
3.87 111040.0
3.98 108264.0
4.10 104100.0
4.20 105488.0
4.31 116592.0
4.41 98548.0
4.52 105488.0
4.62 95772.0
4.73 102712.0
4.84 111040.0
4.94 92996.0
5.05 104100.0
5.16 91608.0
5.27 109652.0
5.37 101324.0
5.48 112428.0
5.59 97160.0
5.69 80504.0
5.80 99936.0
5.90 92996.0
6.01 99936.0
6.12 99936.0
6.23 97160.0
6.34 104100.0
6.44 92996.0
6.55 98548.0
6.65 101324.0
6.76 92996.0
6.87 92996.0
6.98 111040.0
7.09 124920.0
7.19 90220.0
7.30 101324.0
7.40 98548.0
7.51 102712.0
7.62 101324.0
7.73 97160.0
7.84 92996.0
7.94 92996.0
8.05 104100.0
8.15 86056.0
8.26 91608.0
8.37 91608.0
8.48 99936.0
8.59 101324.0
8.70 86056.0
8.81 104100.0
8.91 95772.0
9.02 86056.0
9.12 86056.0
9.23 102712.0
9.34 113816.0
9.45 92996.0
9.56 115204.0
9.66 84668.0
9.77 104100.0
9.87 106876.0
9.98 105488.0
10.09 88832.0
10.19 109652.0
10.30 104100.0
10.40 102712.0
10.51 102712.0
10.62 98548.0
10.73 86056.0
10.84 108264.0
10.94 95772.0
11.05 106876.0
11.15 81892.0
11.26 92996.0
11.37 108264.0
11.48 94384.0
11.59 106876.0
11.69 92996.0
11.80 95772.0
11.91 108264.0
12.02 86056.0
12.12 95772.0
12.23 86056.0
12.34 98548.0
12.45 97160.0
12.56 87444.0
12.66 98548.0
12.77 74952.0
12.88 80504.0
12.99 98548.0
13.11 88832.0
13.21 97160.0
13.32 79116.0
13.42 73564.0
13.53 90220.0
13.63 90220.0
13.74 94384.0
13.85 76340.0
13.95 80504.0
14.06 108264.0
14.16 95772.0
14.27 79116.0
14.37 74952.0
14.48 81892.0
14.59 98548.0
14.69 86056.0
14.80 83280.0
14.90 92996.0
15.01 86056.0
15.12 105488.0
15.23 92996.0
15.34 91608.0
15.44 76340.0
15.55 77728.0
15.65 74952.0
15.76 87444.0
15.87 91608.0
15.98 74952.0
16.09 106876.0
16.19 87444.0
16.30 97160.0
16.40 68012.0
16.51 83280.0
16.62 102712.0
16.73 94384.0
16.84 108264.0
16.94 90220.0
17.05 97160.0
17.15 102712.0
17.26 98548.0
17.37 112428.0
17.48 113816.0
17.59 111040.0
17.70 105488.0
17.81 109652.0
17.91 102712.0
18.02 95772.0
18.12 83280.0
18.23 101324.0
18.34 94384.0
18.44 80504.0
18.55 87444.0
18.65 94384.0
18.76 95772.0
18.87 94384.0
18.98 79116.0
19.09 97160.0
19.19 97160.0
19.30 91608.0
19.40 84668.0
19.51 102712.0
19.62 109652.0
19.73 97160.0
19.84 101324.0
19.94 99936.0
20.05 115204.0
20.15 101324.0
20.26 102712.0
20.37 99936.0
20.48 109652.0
20.59 111040.0
20.69 92996.0
20.80 97160.0
20.90 98548.0
21.01 99936.0
21.12 112428.0
21.23 111040.0
21.34 104100.0
21.44 90220.0
21.55 102712.0
21.65 88832.0
21.76 98548.0
21.87 104100.0
21.98 97160.0
22.09 105488.0
22.19 87444.0
22.30 94384.0
22.40 95772.0
22.51 108264.0
22.62 106876.0
22.73 105488.0
22.84 111040.0
22.94 90220.0
23.05 99936.0
23.15 81892.0
23.26 111040.0
23.37 99936.0
23.48 104100.0
23.59 84668.0
23.70 99936.0
23.81 105488.0
23.91 95772.0
24.02 95772.0
24.12 94384.0
24.23 117980.0
24.34 95772.0
24.44 91608.0
24.55 112428.0
24.65 91608.0
24.76 98548.0
24.87 108264.0
24.98 86056.0
25.09 105488.0
25.19 90220.0
25.30 101324.0
25.40 90220.0
25.51 113816.0
25.62 95772.0
25.74 106876.0
25.85 120756.0
25.95 92996.0
26.06 98548.0
26.16 80504.0
26.27 97160.0
26.37 97160.0
26.48 99936.0
26.59 108264.0
26.69 101324.0
26.80 112428.0
26.90 79116.0
27.01 123532.0
27.12 99936.0
27.23 106876.0
27.34 109652.0
27.44 86056.0
27.55 131860.0
27.65 102712.0
27.76 116592.0
27.87 104100.0
27.98 99936.0
28.09 119368.0
28.19 94384.0
28.30 126308.0
28.40 99936.0
28.52 104100.0
28.62 87444.0
28.74 92996.0
28.86 111040.0
28.96 101324.0
29.07 106876.0
29.17 88832.0
29.28 87444.0
29.38 98548.0
29.49 98548.0
29.60 94384.0
29.70 74952.0
29.81 97160.0
29.91 87444.0
30.02 111040.0
30.12 88832.0
30.23 105488.0
30.35 102712.0
30.45 86056.0
30.56 115204.0
30.66 92996.0
30.78 102712.0
30.88 94384.0
31.00 101324.0
31.11 105488.0
31.21 90220.0
31.32 111040.0
31.42 83280.0
31.53 106876.0
31.63 92996.0
31.74 101324.0
31.85 109652.0
31.95 111040.0
32.06 88832.0
32.16 65236.0
32.27 81892.0
32.37 91608.0
32.48 101324.0
32.59 86056.0
32.69 84668.0
32.80 111040.0
32.90 84668.0
33.01 70788.0
33.12 91608.0
33.23 105488.0
33.34 108264.0
33.44 66624.0
33.55 87444.0
33.65 102712.0
33.76 77728.0
33.87 102712.0
33.98 99936.0
34.09 92996.0
34.19 87444.0
34.30 112428.0
34.40 102712.0
34.51 108264.0
34.62 88832.0
34.73 76340.0
34.84 88832.0
34.94 74952.0
35.05 65236.0
35.15 73564.0
35.26 73564.0
35.37 108264.0
35.48 66624.0
35.59 72176.0
35.69 90220.0
35.80 66624.0
35.90 86056.0
36.01 65236.0
36.12 84668.0
36.23 88832.0
36.34 58296.0
36.44 81892.0
36.55 101324.0
36.65 74952.0
36.76 102712.0
36.87 95772.0
36.98 94384.0
37.09 109652.0
37.19 97160.0
37.30 104100.0
37.40 92996.0
37.51 119368.0
37.62 116592.0
37.73 112428.0
37.84 102712.0
37.94 68012.0
38.06 101324.0
38.16 111040.0
38.27 95772.0
38.37 81892.0
38.48 101324.0
38.59 105488.0
38.69 94384.0
38.80 101324.0
38.90 105488.0
39.01 90220.0
39.12 87444.0
39.24 94384.0
39.35 104100.0
39.45 65236.0
39.56 95772.0
39.66 94384.0
39.78 117980.0
39.88 97160.0
39.99 106876.0
40.10 97160.0
40.20 86056.0
40.31 94384.0
40.41 99936.0
40.53 97160.0
40.63 106876.0
40.74 101324.0
40.85 99936.0
40.95 79116.0
41.06 112428.0
41.16 90220.0
41.27 101324.0
41.37 81892.0
41.48 97160.0
41.59 106876.0
41.69 102712.0
41.80 92996.0
41.90 95772.0
42.01 102712.0
42.12 88832.0
42.23 105488.0
42.34 94384.0
42.44 106876.0
42.55 99936.0
42.65 84668.0
42.76 77728.0
42.87 120756.0
42.98 108264.0
43.09 104100.0
43.19 99936.0
43.30 91608.0
43.40 80504.0
43.51 92996.0
43.62 99936.0
43.73 99936.0
43.85 104100.0
43.95 102712.0
44.06 108264.0
44.16 106876.0
44.27 105488.0
44.37 98548.0
44.48 116592.0
44.59 99936.0
44.69 84668.0
44.80 105488.0
44.90 94384.0
45.02 99936.0
45.12 108264.0
45.23 113816.0
45.34 112428.0
45.44 86056.0
45.55 102712.0
45.65 88832.0
45.76 97160.0
45.87 111040.0
45.98 98548.0
46.09 97160.0
46.19 99936.0
46.30 102712.0
46.40 94384.0
46.51 111040.0
46.62 90220.0
46.73 95772.0
46.84 88832.0
46.94 88832.0
47.05 112428.0
47.15 91608.0
47.26 86056.0
47.37 106876.0
47.48 104100.0
47.59 87444.0
47.69 90220.0
47.80 98548.0
47.90 94384.0
48.01 94384.0
48.12 98548.0
48.24 108264.0
48.35 124920.0
48.45 101324.0
48.56 98548.0
48.66 102712.0
48.77 98548.0
48.87 108264.0
48.98 112428.0
49.09 88832.0
49.19 77728.0
49.30 104100.0
49.40 88832.0
49.51 88832.0
49.62 98548.0
49.73 80504.0
49.84 102712.0
49.94 88832.0
50.05 94384.0
50.15 91608.0
50.26 98548.0
50.37 106876.0
50.48 97160.0
50.59 86056.0
50.69 88832.0
50.80 102712.0
50.90 90220.0
51.01 98548.0
51.12 87444.0
51.23 87444.0
51.34 87444.0
51.44 92996.0
51.55 92996.0
51.65 84668.0
51.76 98548.0
51.87 102712.0
51.98 84668.0
52.09 104100.0
52.19 94384.0
52.30 81892.0
52.40 99936.0
52.51 94384.0
52.62 97160.0
52.73 104100.0
52.84 102712.0
52.94 91608.0
53.05 92996.0
53.15 86056.0
53.26 99936.0
53.37 98548.0
53.48 83280.0
53.59 99936.0
53.69 86056.0
53.80 81892.0
53.90 90220.0
54.01 98548.0
54.12 84668.0
54.23 91608.0
54.34 80504.0
54.44 95772.0
54.55 91608.0
54.65 88832.0
54.76 86056.0
54.87 97160.0
54.98 91608.0
55.09 92996.0
55.19 95772.0
55.30 92996.0
55.40 99936.0
55.51 104100.0
55.62 97160.0
55.73 98548.0
55.84 104100.0
55.94 88832.0
56.05 105488.0
56.15 94384.0
56.26 98548.0
56.37 95772.0
56.48 87444.0
56.59 105488.0
56.69 95772.0
56.81 108264.0
56.91 95772.0
57.02 95772.0
57.12 98548.0
57.23 101324.0
57.34 108264.0
57.44 92996.0
57.55 105488.0
57.65 84668.0
57.76 97160.0
57.87 95772.0
57.98 92996.0
58.09 95772.0
58.19 109652.0
58.30 106876.0
58.41 104100.0
58.53 102712.0
58.63 97160.0
58.74 99936.0
58.85 106876.0
58.95 101324.0
59.06 95772.0
59.16 73564.0
59.27 79116.0
59.37 91608.0
59.48 112428.0
59.59 115204.0
59.69 79116.0
59.80 102712.0
59.90 102712.0
