0.13 104100.0
0.24 102712.0
0.35 106876.0
0.45 95772.0
0.56 134636.0
0.66 101324.0
0.77 120756.0
0.87 105488.0
0.98 106876.0
1.09 101324.0
1.19 104100.0
1.30 105488.0
1.40 105488.0
1.51 108264.0
1.62 117980.0
1.73 99936.0
1.84 117980.0
1.94 98548.0
2.05 98548.0
2.15 98548.0
2.26 97160.0
2.37 105488.0
2.48 134636.0
2.59 111040.0
2.69 113816.0
2.80 112428.0
2.90 106876.0
3.01 119368.0
3.13 126308.0
3.24 116592.0
3.35 117980.0
3.45 109652.0
3.56 123532.0
3.66 104100.0
3.77 120756.0
3.87 83280.0
3.98 116592.0
4.09 101324.0
4.19 84668.0
4.30 102712.0
4.40 113816.0
4.51 102712.0
4.62 122144.0
4.73 113816.0
4.84 109652.0
4.94 95772.0
5.05 102712.0
5.15 97160.0
5.26 115204.0
5.37 117980.0
5.48 105488.0
5.59 113816.0
5.69 113816.0
5.80 122144.0
5.90 109652.0
6.01 123532.0
6.12 98548.0
6.23 108264.0
6.34 106876.0
6.44 111040.0
6.55 108264.0
6.65 91608.0
6.76 109652.0
6.87 127696.0
6.98 112428.0
7.09 87444.0
7.19 104100.0
7.30 111040.0
7.40 87444.0
7.51 115204.0
7.62 97160.0
7.73 109652.0
7.84 115204.0
7.94 109652.0
8.05 99936.0
8.15 101324.0
8.26 106876.0
8.37 115204.0
8.48 95772.0
8.59 117980.0
8.69 101324.0
8.80 113816.0
8.90 98548.0
9.01 127696.0
9.12 109652.0
9.23 115204.0
9.34 83280.0
9.44 98548.0
9.55 99936.0
9.66 106876.0
9.77 115204.0
9.87 102712.0
9.98 94384.0
10.09 97160.0
10.19 95772.0
10.30 97160.0
10.40 84668.0
10.51 111040.0
10.62 112428.0
10.73 109652.0
10.84 97160.0
10.95 101324.0
11.06 120756.0
11.16 86056.0
11.27 124920.0
11.38 106876.0
11.49 129084.0
11.60 117980.0
11.70 104100.0
11.81 101324.0
11.91 102712.0
12.02 113816.0
12.12 111040.0
12.24 108264.0
12.35 120756.0
12.45 106876.0
12.56 106876.0
12.66 115204.0
12.77 99936.0
12.87 97160.0
12.98 126308.0
13.09 120756.0
13.19 106876.0
13.30 113816.0
13.40 94384.0
13.51 99936.0
13.62 117980.0
13.73 122144.0
13.84 95772.0
13.94 98548.0
14.05 94384.0
14.16 108264.0
14.27 104100.0
14.37 104100.0
14.48 94384.0
14.59 120756.0
14.69 90220.0
14.80 109652.0
14.90 112428.0
15.02 91608.0
15.12 98548.0
15.23 84668.0
15.35 111040.0
15.45 101324.0
15.56 113816.0
15.66 90220.0
15.77 105488.0
15.88 91608.0
15.99 95772.0
16.10 124920.0
16.20 106876.0
16.31 108264.0
16.41 95772.0
16.52 115204.0
16.62 99936.0
16.73 108264.0
16.84 115204.0
16.94 95772.0
17.05 106876.0
17.15 115204.0
17.26 117980.0
17.37 101324.0
17.48 98548.0
17.59 95772.0
17.69 108264.0
17.80 105488.0
17.90 88832.0
18.01 122144.0
18.12 87444.0
18.23 101324.0
18.34 108264.0
18.44 94384.0
18.55 112428.0
18.65 108264.0
18.76 120756.0
18.87 115204.0
18.98 94384.0
19.09 124920.0
19.19 105488.0
19.30 113816.0
19.40 106876.0
19.51 119368.0
19.62 117980.0
19.74 95772.0
19.85 108264.0
19.95 104100.0
20.06 109652.0
20.16 111040.0
20.27 101324.0
20.37 84668.0
20.48 117980.0
20.59 117980.0
20.69 72176.0
20.80 92996.0
20.91 90220.0
21.02 117980.0
21.12 86056.0
21.23 95772.0
21.34 120756.0
21.44 86056.0
21.55 105488.0
21.65 95772.0
21.76 98548.0
21.87 111040.0
21.98 115204.0
22.09 115204.0
22.19 98548.0
22.30 102712.0
22.40 91608.0
22.51 106876.0
22.62 122144.0
22.73 104100.0
22.84 102712.0
22.94 94384.0
23.05 111040.0
23.15 111040.0
23.26 104100.0
23.37 115204.0
23.48 115204.0
23.59 99936.0
23.70 87444.0
23.81 136024.0
23.91 115204.0
24.02 113816.0
24.12 104100.0
24.24 109652.0
24.35 116592.0
24.45 88832.0
24.56 104100.0
24.66 83280.0
24.77 104100.0
24.87 95772.0
24.98 97160.0
25.09 109652.0
25.19 101324.0
25.30 99936.0
25.40 90220.0
25.51 112428.0
25.62 102712.0
25.73 94384.0
25.84 120756.0
25.94 101324.0
26.05 116592.0
26.15 102712.0
26.26 116592.0
26.37 101324.0
26.48 101324.0
26.59 97160.0
26.69 70788.0
26.80 102712.0
26.90 97160.0
27.01 97160.0
27.12 113816.0
27.23 111040.0
27.34 97160.0
27.44 99936.0
27.55 98548.0
27.65 104100.0
27.76 109652.0
27.87 111040.0
27.98 94384.0
28.09 101324.0
28.19 98548.0
28.30 104100.0
28.40 92996.0
28.51 105488.0
28.63 97160.0
28.74 119368.0
28.85 113816.0
28.95 94384.0
29.07 108264.0
29.17 97160.0
29.28 119368.0
29.38 90220.0
29.49 116592.0
29.60 108264.0
29.70 84668.0
29.81 95772.0
29.91 102712.0
30.03 101324.0
30.14 111040.0
30.25 111040.0
30.36 104100.0
30.46 101324.0
30.57 106876.0
30.67 97160.0
30.78 104100.0
30.88 97160.0
30.99 112428.0
31.10 104100.0
31.20 91608.0
31.31 106876.0
31.42 87444.0
31.53 106876.0
31.63 101324.0
31.74 106876.0
31.85 105488.0
31.95 92996.0
32.06 112428.0
32.16 99936.0
32.27 95772.0
32.37 99936.0
32.48 105488.0
32.59 95772.0
32.69 88832.0
32.80 97160.0
32.90 98548.0
33.02 98548.0
33.12 105488.0
33.23 106876.0
33.34 105488.0
33.44 86056.0
33.55 115204.0
33.65 91608.0
33.76 102712.0
33.87 97160.0
33.98 109652.0
34.09 92996.0
34.19 77728.0
34.30 123532.0
34.40 109652.0
34.51 112428.0
34.62 84668.0
34.73 94384.0
34.84 104100.0
34.95 97160.0
35.07 115204.0
35.17 111040.0
35.28 109652.0
35.38 99936.0
35.49 108264.0
35.60 101324.0
35.70 98548.0
35.81 104100.0
35.91 99936.0
36.02 97160.0
36.12 79116.0
36.23 115204.0
36.35 102712.0
36.45 104100.0
36.56 122144.0
36.67 94384.0
36.78 106876.0
36.88 88832.0
36.99 90220.0
37.10 109652.0
37.20 98548.0
37.31 109652.0
37.41 105488.0
37.52 120756.0
37.62 98548.0
37.73 109652.0
37.84 119368.0
37.94 87444.0
38.05 106876.0
38.15 99936.0
38.26 111040.0
38.37 105488.0
38.48 101324.0
38.59 109652.0
38.69 87444.0
38.80 91608.0
38.90 106876.0
39.01 108264.0
39.12 129084.0
39.23 112428.0
39.35 101324.0
39.45 106876.0
39.56 101324.0
39.67 92996.0
39.78 108264.0
39.88 94384.0
39.99 116592.0
40.10 105488.0
40.20 98548.0
40.31 109652.0
40.41 98548.0
40.52 95772.0
40.62 95772.0
40.73 111040.0
40.84 105488.0
40.94 99936.0
41.05 105488.0
41.15 74952.0
41.26 98548.0
41.37 106876.0
41.48 123532.0
41.59 109652.0
41.69 97160.0
41.80 111040.0
41.90 98548.0
42.01 99936.0
42.12 122144.0
42.23 105488.0
42.34 94384.0
42.44 94384.0
42.55 101324.0
42.65 95772.0
42.76 105488.0
42.87 91608.0
42.98 109652.0
43.09 102712.0
43.19 79116.0
43.30 115204.0
43.40 95772.0
43.51 112428.0
43.62 108264.0
43.73 119368.0
43.84 91608.0
43.94 99936.0
44.05 105488.0
44.15 94384.0
44.26 106876.0
44.37 116592.0
44.48 108264.0
44.60 108264.0
44.70 102712.0
44.81 106876.0
44.91 109652.0
45.02 95772.0
45.12 102712.0
45.23 102712.0
45.34 109652.0
45.44 102712.0
45.55 116592.0
45.66 104100.0
45.77 113816.0
45.87 98548.0
45.98 106876.0
46.09 112428.0
46.19 105488.0
46.30 97160.0
46.40 81892.0
46.51 102712.0
46.62 104100.0
46.73 106876.0
46.84 97160.0
46.94 101324.0
47.06 108264.0
47.16 106876.0
47.27 98548.0
47.37 98548.0
47.48 126308.0
47.59 111040.0
47.69 91608.0
47.80 90220.0
47.90 83280.0
48.02 120756.0
48.12 116592.0
48.23 105488.0
48.35 104100.0
48.45 97160.0
48.56 115204.0
48.66 102712.0
48.77 112428.0
48.87 101324.0
48.98 106876.0
49.09 102712.0
49.19 99936.0
49.30 105488.0
49.40 113816.0
49.51 105488.0
49.62 113816.0
49.73 123532.0
49.84 101324.0
49.95 88832.0
50.07 119368.0
50.17 92996.0
50.28 126308.0
50.38 95772.0
50.50 112428.0
50.61 106876.0
50.71 94384.0
50.82 105488.0
50.92 92996.0
51.03 101324.0
51.13 90220.0
51.24 119368.0
51.35 117980.0
51.45 92996.0
51.56 106876.0
51.66 95772.0
51.77 106876.0
51.87 99936.0
51.98 106876.0
52.10 108264.0
52.20 101324.0
52.31 112428.0
52.41 90220.0
52.52 109652.0
52.62 84668.0
52.74 111040.0
52.85 106876.0
52.95 98548.0
53.06 108264.0
53.17 99936.0
53.28 104100.0
53.38 98548.0
53.50 111040.0
53.62 105488.0
53.73 116592.0
53.84 116592.0
53.94 105488.0
54.05 102712.0
54.15 90220.0
54.26 115204.0
54.37 91608.0
54.48 105488.0
54.59 106876.0
54.69 105488.0
54.80 97160.0
54.90 101324.0
55.01 90220.0
55.12 92996.0
55.23 105488.0
55.34 97160.0
55.44 84668.0
55.55 99936.0
55.65 91608.0
55.76 97160.0
55.87 105488.0
55.99 94384.0
56.11 116592.0
56.21 91608.0
56.32 120756.0
56.42 92996.0
56.53 91608.0
56.63 90220.0
56.75 105488.0
56.86 119368.0
56.96 98548.0
57.07 84668.0
57.17 94384.0
57.28 99936.0
57.38 99936.0
57.49 87444.0
57.60 112428.0
57.70 97160.0
57.81 87444.0
57.91 91608.0
58.02 95772.0
58.12 94384.0
58.23 108264.0
58.35 104100.0
58.45 102712.0
58.56 99936.0
58.66 94384.0
58.77 115204.0
58.87 113816.0
58.98 112428.0
59.09 97160.0
59.19 97160.0
59.31 111040.0
59.41 105488.0
59.52 105488.0
59.62 102712.0
59.73 106876.0
59.84 113816.0
59.94 90220.0
