0.20 42393.60
0.30 42393.60
0.40 42393.60
0.50 42393.60
0.60 42393.60
0.70 42393.60
0.80 42393.60
0.90 42393.60
1.00 42393.60
1.10 48640.00
1.20 48640.00
1.30 48640.00
1.40 48640.00
1.50 48640.00
1.60 48640.00
1.70 48640.00
1.80 48640.00
1.90 48640.00
2.00 48640.00
2.10 65228.80
2.20 65228.80
2.30 65228.80
2.40 65228.80
2.50 65228.80
2.60 65228.80
2.70 65228.80
2.80 65228.80
2.90 65228.80
3.00 65228.80
3.10 67686.40
3.20 67686.40
3.30 67686.40
3.40 67686.40
3.50 67686.40
3.60 67686.40
3.70 67686.40
3.80 67686.40
3.90 67686.40
4.00 67686.40
4.10 59084.80
4.20 59084.80
4.30 59084.80
4.40 59084.80
4.50 59084.80
4.60 59084.80
4.70 59084.80
4.80 59084.80
4.90 59084.80
5.00 59084.80
5.10 49356.80
5.20 49356.80
5.30 49356.80
5.40 49356.80
5.50 49356.80
5.60 49356.80
5.70 49356.80
5.80 49356.80
5.90 49356.80
6.00 49356.80
6.10 44953.60
6.20 44953.60
6.30 44953.60
6.40 44953.60
6.50 44953.60
6.60 44953.60
6.70 44953.60
6.80 44953.60
6.90 44953.60
7.00 44953.60
7.10 0.00
7.20 0.00
7.30 0.00
7.40 0.00
7.50 0.00
7.60 0.00
7.70 0.00
7.80 0.00
7.90 0.00
8.00 0.00
8.10 48640.00
8.20 48640.00
8.30 48640.00
8.40 48640.00
8.50 48640.00
8.60 48640.00
8.70 48640.00
8.80 48640.00
8.90 48640.00
9.00 48640.00
9.10 52736.00
9.20 52736.00
9.30 52736.00
9.40 52736.00
9.50 52736.00
9.60 52736.00
9.70 52736.00
9.80 52736.00
9.90 52736.00
10.00 52736.00
10.10 67379.20
10.20 67379.20
10.30 67379.20
10.40 67379.20
10.50 67379.20
10.60 67379.20
10.70 67379.20
10.80 67379.20
10.90 67379.20
11.00 67379.20
11.10 57446.40
11.20 57446.40
11.30 57446.40
11.40 57446.40
11.50 57446.40
11.60 57446.40
11.70 57446.40
11.80 57446.40
11.90 57446.40
12.00 57446.40
12.10 31129.60
12.20 31129.60
12.30 31129.60
12.40 31129.60
12.50 31129.60
12.60 31129.60
12.70 31129.60
12.80 31129.60
12.90 31129.60
13.00 31129.60
13.10 16281.60
13.20 16281.60
13.30 16281.60
13.40 16281.60
13.50 16281.60
13.60 16281.60
13.70 16281.60
13.80 16281.60
13.90 16281.60
14.00 16281.60
14.10 13414.40
14.20 13414.40
14.30 13414.40
14.40 13414.40
14.50 13414.40
14.60 13414.40
14.70 13414.40
14.80 13414.40
14.90 13414.40
15.00 13414.40
15.10 6758.40
15.20 6758.40
15.30 6758.40
15.40 6758.40
15.50 6758.40
15.60 6758.40
15.70 6758.40
15.80 6758.40
15.90 6758.40
16.00 6758.40
16.10 7065.60
16.20 7065.60
16.30 7065.60
16.40 7065.60
16.50 7065.60
16.60 7065.60
16.70 7065.60
16.80 7065.60
16.90 7065.60
17.00 7065.60
17.10 21094.40
17.20 21094.40
17.30 21094.40
17.40 21094.40
17.50 21094.40
17.60 21094.40
17.70 21094.40
17.80 21094.40
17.90 21094.40
18.00 21094.40
18.10 46182.40
18.20 46182.40
18.30 46182.40
18.40 46182.40
18.50 46182.40
18.60 46182.40
18.70 46182.40
18.80 46182.40
18.90 46182.40
19.00 46182.40
19.10 55603.20
19.20 55603.20
19.30 55603.20
19.40 55603.20
19.50 55603.20
19.60 55603.20
19.70 55603.20
19.80 55603.20
19.90 55603.20
20.00 55603.20
20.10 49459.20
20.20 49459.20
20.30 49459.20
20.40 49459.20
20.50 49459.20
20.60 49459.20
20.70 49459.20
20.80 49459.20
20.90 49459.20
21.00 49459.20
21.10 43622.40
21.20 43622.40
21.30 43622.40
21.40 43622.40
21.50 43622.40
21.60 43622.40
21.70 43622.40
21.80 43622.40
21.90 43622.40
22.00 43622.40
22.10 26419.20
22.20 26419.20
22.30 26419.20
22.40 26419.20
22.50 26419.20
22.60 26419.20
22.70 26419.20
22.80 26419.20
22.90 26419.20
23.00 26419.20
23.10 31334.40
23.20 31334.40
23.30 31334.40
23.40 31334.40
23.50 31334.40
23.60 31334.40
23.70 31334.40
23.80 31334.40
23.90 31334.40
24.00 31334.40
24.10 51609.60
24.20 51609.60
24.30 51609.60
24.40 51609.60
24.50 51609.60
24.60 51609.60
24.70 51609.60
24.80 51609.60
24.90 51609.60
25.00 51609.60
25.10 65638.40
25.20 65638.40
25.30 65638.40
25.40 65638.40
25.50 65638.40
25.60 65638.40
25.70 65638.40
25.80 65638.40
25.90 65638.40
26.00 65638.40
26.10 74342.40
26.20 74342.40
26.30 74342.40
26.40 74342.40
26.50 74342.40
26.60 74342.40
26.70 74342.40
26.80 74342.40
26.90 74342.40
27.00 74342.40
27.10 70860.80
27.20 70860.80
27.30 70860.80
27.40 70860.80
27.50 70860.80
27.60 70860.80
27.70 70860.80
27.80 70860.80
27.90 70860.80
28.00 70860.80
28.10 54476.80
28.20 54476.80
28.30 54476.80
28.40 54476.80
28.50 54476.80
28.60 54476.80
28.70 54476.80
28.80 54476.80
28.90 54476.80
29.00 54476.80
29.10 58368.00
29.20 58368.00
29.30 58368.00
29.40 58368.00
29.50 58368.00
29.60 58368.00
29.70 58368.00
29.80 58368.00
29.90 58368.00
30.00 58368.00
