0.10 85299.20
0.20 85299.20
0.30 85299.20
0.40 85299.20
0.50 85299.20
0.60 85299.20
0.70 85299.20
0.80 85299.20
0.90 85299.20
1.00 85299.20
1.10 26214.40
1.20 26214.40
1.30 26214.40
1.40 26214.40
1.50 26214.40
1.60 26214.40
1.70 26214.40
1.80 26214.40
1.90 26214.40
2.00 26214.40
2.10 65228.80
2.20 65228.80
2.30 65228.80
2.40 65228.80
2.50 65228.80
2.60 65228.80
2.70 65228.80
2.80 65228.80
2.90 65228.80
3.00 65228.80
3.10 66150.40
3.20 66150.40
3.30 66150.40
3.40 66150.40
3.50 66150.40
3.60 66150.40
3.70 66150.40
3.80 66150.40
3.90 66150.40
4.00 66150.40
4.10 67686.40
4.20 67686.40
4.30 67686.40
4.40 67686.40
4.50 67686.40
4.60 67686.40
4.70 67686.40
4.80 67686.40
4.90 67686.40
5.00 67686.40
5.10 68198.40
5.20 68198.40
5.30 68198.40
5.40 68198.40
5.50 68198.40
5.60 68198.40
5.70 68198.40
5.80 68198.40
5.90 68198.40
6.00 68198.40
6.10 70144.00
6.20 70144.00
6.30 70144.00
6.40 70144.00
6.50 70144.00
6.60 70144.00
6.70 70144.00
6.80 70144.00
6.90 70144.00
7.00 70144.00
7.10 4812.80
7.20 4812.80
7.30 4812.80
7.40 4812.80
7.50 4812.80
7.60 4812.80
7.70 4812.80
7.80 4812.80
7.90 4812.80
8.00 4812.80
8.10 121548.80
8.20 121548.80
8.30 121548.80
8.40 121548.80
8.50 121548.80
8.60 121548.80
8.70 121548.80
8.80 121548.80
8.90 121548.80
9.00 121548.80
9.10 63795.20
9.20 63795.20
9.30 63795.20
9.40 63795.20
9.50 63795.20
9.60 63795.20
9.70 63795.20
9.80 63795.20
9.90 63795.20
10.00 63795.20
10.10 65024.00
10.20 65024.00
10.30 65024.00
10.40 65024.00
10.50 65024.00
10.60 65024.00
10.70 65024.00
10.80 65024.00
10.90 65024.00
11.00 65024.00
11.10 65024.00
11.20 65024.00
11.30 65024.00
11.40 65024.00
11.50 65024.00
11.60 65024.00
11.70 65024.00
11.80 65024.00
11.90 65024.00
12.00 65024.00
12.10 62156.80
12.20 62156.80
12.30 62156.80
12.40 62156.80
12.50 62156.80
12.60 62156.80
12.70 62156.80
12.80 62156.80
12.90 62156.80
13.00 62156.80
13.10 62361.60
13.20 62361.60
13.30 62361.60
13.40 62361.60
13.50 62361.60
13.60 62361.60
13.70 62361.60
13.80 62361.60
13.90 62361.60
14.00 62361.60
14.10 35532.80
14.20 35532.80
14.30 35532.80
14.40 35532.80
14.50 35532.80
14.60 35532.80
14.70 35532.80
14.80 35532.80
14.90 35532.80
15.00 35532.80
15.10 59392.00
15.20 59392.00
15.30 59392.00
15.40 59392.00
15.50 59392.00
15.60 59392.00
15.70 59392.00
15.80 59392.00
15.90 59392.00
16.00 59392.00
16.10 67584.00
16.20 67584.00
16.30 67584.00
16.40 67584.00
16.50 67584.00
16.60 67584.00
16.70 67584.00
16.80 67584.00
16.90 67584.00
17.00 67584.00
17.10 62156.80
17.20 62156.80
17.30 62156.80
17.40 62156.80
17.50 62156.80
17.60 62156.80
17.70 62156.80
17.80 62156.80
17.90 62156.80
18.00 62156.80
18.10 61952.00
18.20 61952.00
18.30 61952.00
18.40 61952.00
18.50 61952.00
18.60 61952.00
18.70 61952.00
18.80 61952.00
18.90 61952.00
19.00 61952.00
19.10 63488.00
19.20 63488.00
19.30 63488.00
19.40 63488.00
19.50 63488.00
19.60 63488.00
19.70 63488.00
19.80 63488.00
19.90 63488.00
20.00 63488.00
20.10 71270.40
20.20 71270.40
20.30 71270.40
20.40 71270.40
20.50 71270.40
20.60 71270.40
20.70 71270.40
20.80 71270.40
20.90 71270.40
21.00 71270.40
21.10 71987.20
21.20 71987.20
21.30 71987.20
21.40 71987.20
21.50 71987.20
21.60 71987.20
21.70 71987.20
21.80 71987.20
21.90 71987.20
22.00 71987.20
22.10 66150.40
22.20 66150.40
22.30 66150.40
22.40 66150.40
22.50 66150.40
22.60 66150.40
22.70 66150.40
22.80 66150.40
22.90 66150.40
23.00 66150.40
23.10 75571.20
23.20 75571.20
23.30 75571.20
23.40 75571.20
23.50 75571.20
23.60 75571.20
23.70 75571.20
23.80 75571.20
23.90 75571.20
24.00 75571.20
24.10 70451.20
24.20 70451.20
24.30 70451.20
24.40 70451.20
24.50 70451.20
24.60 70451.20
24.70 70451.20
24.80 70451.20
24.90 70451.20
25.00 70451.20
25.10 72089.60
25.20 72089.60
25.30 72089.60
25.40 72089.60
25.50 72089.60
25.60 72089.60
25.70 72089.60
25.80 72089.60
25.90 72089.60
26.00 72089.60
26.10 66457.60
26.20 66457.60
26.30 66457.60
26.40 66457.60
26.50 66457.60
26.60 66457.60
26.70 66457.60
26.80 66457.60
26.90 66457.60
27.00 66457.60
27.10 17408.00
27.20 17408.00
27.30 17408.00
27.40 17408.00
27.50 17408.00
27.60 17408.00
27.70 17408.00
27.80 17408.00
27.90 17408.00
28.00 17408.00
28.10 116531.20
28.20 116531.20
28.30 116531.20
28.40 116531.20
28.50 116531.20
28.60 116531.20
28.70 116531.20
28.80 116531.20
28.90 116531.20
29.00 116531.20
29.10 61030.40
29.20 61030.40
29.30 61030.40
29.40 61030.40
29.50 61030.40
29.60 61030.40
29.70 61030.40
29.80 61030.40
29.90 61030.40
30.00 61030.40
30.10 79462.40
30.20 79462.40
30.30 79462.40
30.40 79462.40
30.50 79462.40
30.60 79462.40
30.70 79462.40
30.80 79462.40
30.90 79462.40
31.00 79462.40
31.10 71577.60
31.20 71577.60
31.30 71577.60
31.40 71577.60
31.50 71577.60
31.60 71577.60
31.70 71577.60
31.80 71577.60
31.90 71577.60
32.00 71577.60
32.10 74240.00
32.20 74240.00
32.30 74240.00
32.40 74240.00
32.50 74240.00
32.60 74240.00
32.70 74240.00
32.80 74240.00
32.90 74240.00
33.00 74240.00
33.10 72294.40
33.20 72294.40
33.30 72294.40
33.40 72294.40
33.50 72294.40
33.60 72294.40
33.70 72294.40
33.80 72294.40
33.90 72294.40
34.00 72294.40
34.10 68915.20
34.20 68915.20
34.30 68915.20
34.40 68915.20
34.50 68915.20
34.60 68915.20
34.70 68915.20
34.80 68915.20
34.90 68915.20
35.00 68915.20
35.10 73625.60
35.20 73625.60
35.30 73625.60
35.40 73625.60
35.50 73625.60
35.60 73625.60
35.70 73625.60
35.80 73625.60
35.90 73625.60
36.00 73625.60
36.10 73625.60
36.20 73625.60
36.30 73625.60
36.40 73625.60
36.50 73625.60
36.60 73625.60
36.70 73625.60
36.80 73625.60
36.90 73625.60
37.00 73625.60
37.10 74649.60
37.20 74649.60
37.30 74649.60
37.40 74649.60
37.50 74649.60
37.60 74649.60
37.70 74649.60
37.80 74649.60
37.90 74649.60
38.00 74649.60
38.10 73830.40
38.20 73830.40
38.30 73830.40
38.40 73830.40
38.50 73830.40
38.60 73830.40
38.70 73830.40
38.80 73830.40
38.90 73830.40
39.00 73830.40
39.10 72806.40
39.20 72806.40
39.30 72806.40
39.40 72806.40
39.50 72806.40
39.60 72806.40
39.70 72806.40
39.80 72806.40
39.90 72806.40
40.00 72806.40
40.10 73420.80
40.20 73420.80
40.30 73420.80
40.40 73420.80
40.50 73420.80
40.60 73420.80
40.70 73420.80
40.80 73420.80
40.90 73420.80
41.00 73420.80
41.10 73420.80
41.20 73420.80
41.30 73420.80
41.40 73420.80
41.50 73420.80
41.60 73420.80
41.70 73420.80
41.80 73420.80
41.90 73420.80
42.00 73420.80
42.10 73420.80
42.20 73420.80
42.30 73420.80
42.40 73420.80
42.50 73420.80
42.60 73420.80
42.70 73420.80
42.80 73420.80
42.90 73420.80
43.00 73420.80
43.10 16998.40
43.20 16998.40
43.30 16998.40
43.40 16998.40
43.50 16998.40
43.60 16998.40
43.70 16998.40
43.80 16998.40
43.90 16998.40
44.00 16998.40
44.10 121958.40
44.20 121958.40
44.30 121958.40
44.40 121958.40
44.50 121958.40
44.60 121958.40
44.70 121958.40
44.80 121958.40
44.90 121958.40
45.00 121958.40
45.10 68505.60
45.20 68505.60
45.30 68505.60
45.40 68505.60
45.50 68505.60
45.60 68505.60
45.70 68505.60
45.80 68505.60
45.90 68505.60
46.00 68505.60
46.10 70144.00
46.20 70144.00
46.30 70144.00
46.40 70144.00
46.50 70144.00
46.60 70144.00
46.70 70144.00
46.80 70144.00
46.90 70144.00
47.00 70144.00
47.10 69632.00
47.20 69632.00
47.30 69632.00
47.40 69632.00
47.50 69632.00
47.60 69632.00
47.70 69632.00
47.80 69632.00
47.90 69632.00
48.00 69632.00
48.10 78336.00
48.20 78336.00
48.30 78336.00
48.40 78336.00
48.50 78336.00
48.60 78336.00
48.70 78336.00
48.80 78336.00
48.90 78336.00
49.00 78336.00
49.10 70553.60
49.20 70553.60
49.30 70553.60
49.40 70553.60
49.50 70553.60
49.60 70553.60
49.70 70553.60
49.80 70553.60
49.90 70553.60
50.00 70553.60
50.10 69632.00
50.20 69632.00
50.30 69632.00
50.40 69632.00
50.50 69632.00
50.60 69632.00
50.70 69632.00
50.80 69632.00
50.90 69632.00
51.00 69632.00
51.10 72806.40
51.20 72806.40
51.30 72806.40
51.40 72806.40
51.50 72806.40
51.60 72806.40
51.70 72806.40
51.80 72806.40
51.90 72806.40
52.00 72806.40
52.10 72089.60
52.20 72089.60
52.30 72089.60
52.40 72089.60
52.50 72089.60
52.60 72089.60
52.70 72089.60
52.80 72089.60
52.90 72089.60
53.00 72089.60
53.10 68403.20
53.20 68403.20
53.30 68403.20
53.40 68403.20
53.50 68403.20
53.60 68403.20
53.70 68403.20
53.80 68403.20
53.90 68403.20
54.00 68403.20
54.10 69734.40
54.20 69734.40
54.30 69734.40
54.40 69734.40
54.50 69734.40
54.60 69734.40
54.70 69734.40
54.80 69734.40
54.90 69734.40
55.00 69734.40
55.10 64819.20
55.20 64819.20
55.30 64819.20
55.40 64819.20
55.50 64819.20
55.60 64819.20
55.70 64819.20
55.80 64819.20
55.90 64819.20
56.00 64819.20
56.10 55705.60
56.20 55705.60
56.30 55705.60
56.40 55705.60
56.50 55705.60
56.60 55705.60
56.70 55705.60
56.80 55705.60
56.90 55705.60
57.00 55705.60
57.10 56320.00
57.20 56320.00
57.30 56320.00
57.40 56320.00
57.50 56320.00
57.60 56320.00
57.70 56320.00
57.80 56320.00
57.90 56320.00
58.00 56320.00
58.10 56832.00
58.20 56832.00
58.30 56832.00
58.40 56832.00
58.50 56832.00
58.60 56832.00
58.70 56832.00
58.80 56832.00
58.90 56832.00
59.00 56832.00
59.10 56627.20
59.20 56627.20
59.30 56627.20
59.40 56627.20
59.50 56627.20
59.60 56627.20
59.70 56627.20
59.80 56627.20
59.90 56627.20
60.00 56627.20
60.10 9932.80
60.20 9932.80
60.30 9932.80
60.40 9932.80
60.50 9932.80
60.60 9932.80
60.70 9932.80
60.80 9932.80
60.90 9932.80
61.00 9932.80
61.10 93593.60
61.20 93593.60
61.30 93593.60
61.40 93593.60
61.50 93593.60
61.60 93593.60
61.70 93593.60
61.80 93593.60
61.90 93593.60
62.00 93593.60
62.10 52428.80
62.20 52428.80
62.30 52428.80
62.40 52428.80
62.50 52428.80
62.60 52428.80
62.70 52428.80
62.80 52428.80
62.90 52428.80
63.00 52428.80
63.10 65331.20
63.20 65331.20
63.30 65331.20
63.40 65331.20
63.50 65331.20
63.60 65331.20
63.70 65331.20
63.80 65331.20
63.90 65331.20
64.00 65331.20
64.10 68505.60
64.20 68505.60
64.30 68505.60
64.40 68505.60
64.50 68505.60
64.60 68505.60
64.70 68505.60
64.80 68505.60
64.90 68505.60
65.00 68505.60
65.10 66662.40
65.20 66662.40
65.30 66662.40
65.40 66662.40
65.50 66662.40
65.60 66662.40
65.70 66662.40
65.80 66662.40
65.90 66662.40
66.00 66662.40
66.10 69222.40
66.20 69222.40
66.30 69222.40
66.40 69222.40
66.50 69222.40
66.60 69222.40
66.70 69222.40
66.80 69222.40
66.90 69222.40
67.00 69222.40
67.10 19251.20
67.20 19251.20
67.30 19251.20
67.40 19251.20
67.50 19251.20
67.60 19251.20
67.70 19251.20
67.80 19251.20
67.90 19251.20
68.00 19251.20
68.10 116428.80
68.20 116428.80
68.30 116428.80
68.40 116428.80
68.50 116428.80
68.60 116428.80
68.70 116428.80
68.80 116428.80
68.90 116428.80
69.00 116428.80
69.10 70144.00
69.20 70144.00
69.30 70144.00
69.40 70144.00
69.50 70144.00
69.60 70144.00
69.70 70144.00
69.80 70144.00
69.90 70144.00
70.00 70144.00
70.10 72294.40
70.20 72294.40
70.30 72294.40
70.40 72294.40
70.50 72294.40
70.60 72294.40
70.70 72294.40
70.80 72294.40
70.90 72294.40
71.00 72294.40
71.10 69324.80
71.20 69324.80
71.30 69324.80
71.40 69324.80
71.50 69324.80
71.60 69324.80
71.70 69324.80
71.80 69324.80
71.90 69324.80
72.00 69324.80
72.10 71065.60
72.20 71065.60
72.30 71065.60
72.40 71065.60
72.50 71065.60
72.60 71065.60
72.70 71065.60
72.80 71065.60
72.90 71065.60
73.00 71065.60
73.10 68096.00
73.20 68096.00
73.30 68096.00
73.40 68096.00
73.50 68096.00
73.60 68096.00
73.70 68096.00
73.80 68096.00
73.90 68096.00
74.00 68096.00
74.10 59596.80
74.20 59596.80
74.30 59596.80
74.40 59596.80
74.50 59596.80
74.60 59596.80
74.70 59596.80
74.80 59596.80
74.90 59596.80
75.00 59596.80
75.10 58060.80
75.20 58060.80
75.30 58060.80
75.40 58060.80
75.50 58060.80
75.60 58060.80
75.70 58060.80
75.80 58060.80
75.90 58060.80
76.00 58060.80
76.10 71168.00
76.20 71168.00
76.30 71168.00
76.40 71168.00
76.50 71168.00
76.60 71168.00
76.70 71168.00
76.80 71168.00
76.90 71168.00
77.00 71168.00
77.10 68608.00
77.20 68608.00
77.30 68608.00
77.40 68608.00
77.50 68608.00
77.60 68608.00
77.70 68608.00
77.80 68608.00
77.90 68608.00
78.00 68608.00
78.10 66867.20
78.20 66867.20
78.30 66867.20
78.40 66867.20
78.50 66867.20
78.60 66867.20
78.70 66867.20
78.80 66867.20
78.90 66867.20
79.00 66867.20
79.10 14643.20
79.20 14643.20
79.30 14643.20
79.40 14643.20
79.50 14643.20
79.60 14643.20
79.70 14643.20
79.80 14643.20
79.90 14643.20
80.00 14643.20
80.10 127795.20
80.20 127795.20
80.30 127795.20
80.40 127795.20
80.50 127795.20
80.60 127795.20
80.70 127795.20
80.80 127795.20
80.90 127795.20
81.00 127795.20
81.10 67276.80
81.20 67276.80
81.30 67276.80
81.40 67276.80
81.50 67276.80
81.60 67276.80
81.70 67276.80
81.80 67276.80
81.90 67276.80
82.00 67276.80
82.10 65228.80
82.20 65228.80
82.30 65228.80
82.40 65228.80
82.50 65228.80
82.60 65228.80
82.70 65228.80
82.80 65228.80
82.90 65228.80
83.00 65228.80
83.10 56627.20
83.20 56627.20
83.30 56627.20
83.40 56627.20
83.50 56627.20
83.60 56627.20
83.70 56627.20
83.80 56627.20
83.90 56627.20
84.00 56627.20
84.10 0.00
84.20 0.00
84.30 0.00
84.40 0.00
84.50 0.00
84.60 0.00
84.70 0.00
84.80 0.00
84.90 0.00
85.00 0.00
85.10 119296.00
85.20 119296.00
85.30 119296.00
85.40 119296.00
85.50 119296.00
85.60 119296.00
85.70 119296.00
85.80 119296.00
85.90 119296.00
86.00 119296.00
86.10 52531.20
86.20 52531.20
86.30 52531.20
86.40 52531.20
86.50 52531.20
86.60 52531.20
86.70 52531.20
86.80 52531.20
86.90 52531.20
87.00 52531.20
87.10 51712.00
87.20 51712.00
87.30 51712.00
87.40 51712.00
87.50 51712.00
87.60 51712.00
87.70 51712.00
87.80 51712.00
87.90 51712.00
88.00 51712.00
88.10 44544.00
88.20 44544.00
88.30 44544.00
88.40 44544.00
88.50 44544.00
88.60 44544.00
88.70 44544.00
88.80 44544.00
88.90 44544.00
89.00 44544.00
89.10 17408.00
89.20 17408.00
89.30 17408.00
89.40 17408.00
89.50 17408.00
89.60 17408.00
89.70 17408.00
89.80 17408.00
89.90 17408.00
90.00 17408.00
90.10 11776.00
90.20 11776.00
90.30 11776.00
90.40 11776.00
90.50 11776.00
90.60 11776.00
90.70 11776.00
90.80 11776.00
90.90 11776.00
91.00 11776.00
91.10 14643.20
91.20 14643.20
91.30 14643.20
91.40 14643.20
91.50 14643.20
91.60 14643.20
91.70 14643.20
91.80 14643.20
91.90 14643.20
92.00 14643.20
92.10 45363.20
92.20 45363.20
92.30 45363.20
92.40 45363.20
92.50 45363.20
92.60 45363.20
92.70 45363.20
92.80 45363.20
92.90 45363.20
93.00 45363.20
93.10 70758.40
93.20 70758.40
93.30 70758.40
93.40 70758.40
93.50 70758.40
93.60 70758.40
93.70 70758.40
93.80 70758.40
93.90 70758.40
94.00 70758.40
94.10 71577.60
94.20 71577.60
94.30 71577.60
94.40 71577.60
94.50 71577.60
94.60 71577.60
94.70 71577.60
94.80 71577.60
94.90 71577.60
95.00 71577.60
95.10 70348.80
95.20 70348.80
95.30 70348.80
95.40 70348.80
95.50 70348.80
95.60 70348.80
95.70 70348.80
95.80 70348.80
95.90 70348.80
96.00 70348.80
96.10 72806.40
96.20 72806.40
96.30 72806.40
96.40 72806.40
96.50 72806.40
96.60 72806.40
96.70 72806.40
96.80 72806.40
96.90 72806.40
97.00 72806.40
97.10 23244.80
97.20 23244.80
97.30 23244.80
97.40 23244.80
97.50 23244.80
97.60 23244.80
97.70 23244.80
97.80 23244.80
97.90 23244.80
98.00 23244.80
98.10 112742.40
98.20 112742.40
98.30 112742.40
98.40 112742.40
98.50 112742.40
98.60 112742.40
98.70 112742.40
98.80 112742.40
98.90 112742.40
99.00 112742.40
99.10 69939.20
99.20 69939.20
99.30 69939.20
99.40 69939.20
99.50 69939.20
99.60 69939.20
99.70 69939.20
99.80 69939.20
99.90 69939.20
100.00 69939.20
100.10 67686.40
100.20 67686.40
100.30 67686.40
100.40 67686.40
100.50 67686.40
100.60 67686.40
100.70 67686.40
100.80 67686.40
100.90 67686.40
101.00 67686.40
101.10 48640.00
101.20 48640.00
101.30 48640.00
101.40 48640.00
101.50 48640.00
101.60 48640.00
101.70 48640.00
101.80 48640.00
101.90 48640.00
102.00 48640.00
102.10 89497.60
102.20 89497.60
102.30 89497.60
102.40 89497.60
102.50 89497.60
102.60 89497.60
102.70 89497.60
102.80 89497.60
102.90 89497.60
103.00 89497.60
103.10 65331.20
103.20 65331.20
103.30 65331.20
103.40 65331.20
103.50 65331.20
103.60 65331.20
103.70 65331.20
103.80 65331.20
103.90 65331.20
104.00 65331.20
104.10 72499.20
104.20 72499.20
104.30 72499.20
104.40 72499.20
104.50 72499.20
104.60 72499.20
104.70 72499.20
104.80 72499.20
104.90 72499.20
105.00 72499.20
105.10 71884.80
105.20 71884.80
105.30 71884.80
105.40 71884.80
105.50 71884.80
105.60 71884.80
105.70 71884.80
105.80 71884.80
105.90 71884.80
106.00 71884.80
106.10 69529.60
106.20 69529.60
106.30 69529.60
106.40 69529.60
106.50 69529.60
106.60 69529.60
106.70 69529.60
106.80 69529.60
106.90 69529.60
107.00 69529.60
107.10 71270.40
107.20 71270.40
107.30 71270.40
107.40 71270.40
107.50 71270.40
107.60 71270.40
107.70 71270.40
107.80 71270.40
107.90 71270.40
108.00 71270.40
108.10 73420.80
108.20 73420.80
108.30 73420.80
108.40 73420.80
108.50 73420.80
108.60 73420.80
108.70 73420.80
108.80 73420.80
108.90 73420.80
109.00 73420.80
109.10 70860.80
109.20 70860.80
109.30 70860.80
109.40 70860.80
109.50 70860.80
109.60 70860.80
109.70 70860.80
109.80 70860.80
109.90 70860.80
110.00 70860.80
110.10 71987.20
110.20 71987.20
110.30 71987.20
110.40 71987.20
110.50 71987.20
110.60 71987.20
110.70 71987.20
110.80 71987.20
110.90 71987.20
111.00 71987.20
111.10 67174.40
111.20 67174.40
111.30 67174.40
111.40 67174.40
111.50 67174.40
111.60 67174.40
111.70 67174.40
111.80 67174.40
111.90 67174.40
112.00 67174.40
112.10 46899.20
112.20 46899.20
112.30 46899.20
112.40 46899.20
112.50 46899.20
112.60 46899.20
112.70 46899.20
112.80 46899.20
112.90 46899.20
113.00 46899.20
113.10 67788.80
113.20 67788.80
113.30 67788.80
113.40 67788.80
113.50 67788.80
113.60 67788.80
113.70 67788.80
113.80 67788.80
113.90 67788.80
114.00 67788.80
114.10 81408.00
114.20 81408.00
114.30 81408.00
114.40 81408.00
114.50 81408.00
114.60 81408.00
114.70 81408.00
114.80 81408.00
114.90 81408.00
115.00 81408.00
115.10 45875.20
115.20 45875.20
115.30 45875.20
115.40 45875.20
115.50 45875.20
115.60 45875.20
115.70 45875.20
115.80 45875.20
115.90 45875.20
116.00 45875.20
116.10 26419.20
116.20 26419.20
116.30 26419.20
116.40 26419.20
116.50 26419.20
116.60 26419.20
116.70 26419.20
116.80 26419.20
116.90 26419.20
117.00 26419.20
117.10 49664.00
117.20 49664.00
117.30 49664.00
117.40 49664.00
117.50 49664.00
117.60 49664.00
117.70 49664.00
117.80 49664.00
117.90 49664.00
118.00 49664.00
118.10 67276.80
118.20 67276.80
118.30 67276.80
118.40 67276.80
118.50 67276.80
118.60 67276.80
118.70 67276.80
118.80 67276.80
118.90 67276.80
119.00 67276.80
119.10 67584.00
119.20 67584.00
119.30 67584.00
119.40 67584.00
119.50 67584.00
119.60 67584.00
119.70 67584.00
119.80 67584.00
119.90 67584.00
120.00 67584.00
