43
86
130
157
185
212
240
265
290
315
340
367
395
422
450
477
505
532
560
585
610
635
660
696
733
770
795
820
845
870
892
914
936
958
980
1004
1030
1055
1080
1105
1130
1155
1180
1202
1224
1246
1268
1290
1315
1339
1365
1390
1415
1440
1464
1490
1512
1534
1556
1578
1600
1625
1650
1675
1700
1725
1750
1775
1800
1820
1840
1859
1880
1900
1927
1954
1982
2009
2034
2059
2085
2110
2135
2160
2185
2210
2235
2260
2285
2310
2335
2360
2385
2410
2432
2454
2476
2498
2520
2545
2570
2595
2620
2645
2670
2695
2720
2745
2770
2795
2820
2844
2870
2895
2920
2957
2995
3032
3070
3105
3139
3175
3210
3245
3280
3315
3350
3400
3450
3500
3535
3570
3605
3640
3675
3710
3745
3780
3815
3849
3885
3920
3970
4020
4070
4105
4140
4175
4210
4245
4279
4314
4350
4377
4404
4432
4460
4484
4510
4535
4560
4580
4600
4620
4640
4660
4685
4710
4734
4760
4785
4810
4835
4860
4887
4915
4942
4970
4990
5010
5030
5050
5070
5095
5120
5145
5170
5195
5220
5244
5270
5295
5320
5345
5370
5390
5410
5430
5450
5470
5492
5514
5536
5558
5580
5605
5630
5654
5680
5700
5720
5740
5760
5780
5800
5820
5840
5860
5880
5905
5930
5955
5980
6002
6024
6046
6068
6090
6110
6130
6150
6170
6190
6215
6240
6265
6290
6310
6330
6350
6370
6390
6410
6430
6450
6470
6490
6512
6534
6556
6577
6600
6620
6640
6660
6680
6700
6720
6740
6760
6780
6800
6820
6840
6860
6880
6900
6920
6940
6960
6980
7000
7022
7044
7066
7088
7110
7130
7150
7170
7190
7210
7229
7250
7270
7290
7310
7330
7350
7370
7390
7410
7428
7446
7465
7483
7501
7520
7540
7560
7580
7600
7620
7640
7660
7680
7700
7720
7736
7753
7770
7786
7803
7820
7840
7860
7880
7900
7920
7942
7963
7986
8007
8029
8046
8063
8080
8096
8113
8130
8150
8170
8190
8210
8230
8246
8263
8280
8296
8313
8330
8350
8370
8390
8410
8430
8446
8463
8480
8496
8513
8530
8552
8574
8596
8618
8640
8656
8673
8690
8706
8723
8740
8760
8780
8800
8820
8840
8856
8873
8890
8906
8923
8940
8956
8973
8989
9006
9023
9040
9059
9080
9100
9120
9140
9156
9173
9190
9206
9223
9240
9256
9273
9290
9306
9323
9340
9360
9379
9400
9420
9440
9456
9473
9489
9506
9523
9540
9558
9576
9594
9613
9631
9650
9666
9683
9700
9716
9733
9750
9770
9790
9810
9830
9850
9866
9883
9899
9916
9933
9950
9966
9983
10000
10016
10033
10050
10066
10083
10100
10116
10133
10150
10166
10183
10200
10216
10233
10250
10270
10290
10310
10330
10350
10366
10383
10399
10416
10433
10450
10466
10483
10500
10516
10533
10550
10568
10586
10605
10623
10641
10660
10680
10700
10720
10740
10760
10776
10793
10809
10826
10843
10860
10876
10893
10910
10926
10943
10960
10980
11000
11020
11040
11060
11076
11093
11110
11126
11143
11160
11176
11193
11210
11226
11243
11260
11276
11293
11309
11326
11343
11360
11379
11400
11420
11440
11460
11482
11504
11526
11548
11570
11590
11610
11630
11650
11670
11690
11709
11730
11750
11770
11790
11809
11830
11850
11870
11895
11920
11945
11970
11992
12014
12036
12058
12080
12100
12120
12140
12160
12180
12200
12219
12240
12260
12280
12299
12320
12340
12360
12380
12400
12420
12440
12460
12480
12500
12520
12540
12560
12580
12602
12624
12645
12668
12690
12706
12723
12739
12756
12773
12790
12809
12830
12850
12870
12890
12906
12923
12940
12956
12973
12990
13010
13030
13050
13070
13090
13106
13123
13140
13156
13173
13190
13209
13229
13250
13270
13290
13306
13323
13340
13356
13373
13390
13410
13430
13450
13470
13490
13510
13530
13550
13570
13590
13612
13634
13655
13677
13700
13719
13740
13760
13780
13800
13816
13833
13850
13866
13883
13900
13920
13940
13960
13980
14000
14020
14040
14060
14080
14100
14120
14139
14160
14180
14200
14219
14240
14260
14280
14300
14320
14340
14360
14380
14400
14420
14440
14460
14480
14500
14516
14533
14550
14566
14583
14600
14622
14644
14666
14688
14710
14726
14743
14760
14776
14793
14810
14830
14850
14870
14890
14910
14926
14943
14960
14976
14993
15010
15030
15049
15070
15090
15110
15126
15143
15160
15176
15193
15210
15230
15250
15270
15290
15310
15326
15343
15360
15376
15393
15410
15430
15450
15470
15490
15510
15530
15549
15570
15590
15610
15632
15654
15676
15698
15720
15745
15770
15795
15820
15840
15860
15880
15900
15920
15940
15959
15980
16000
16020
16045
16070
16094
16120
16140
16160
16180
16200
16219
16244
16270
16295
16320
16340
16360
16380
16400
16420
16440
16460
16480
16500
16520
16545
16570
16595
16620
16640
16660
16680
16700
16720
16744
16770
16795
16820
16840
16860
16880
16900
16920
16945
16970
16995
17020
17040
17060
17080
17100
17120
17145
17170
17195
17220
17240
17259
17280
17300
17320
17345
17370
17395
17420
17440
17460
17480
17500
17520
17547
17575
17602
17630
17650
17669
17690
17710
17730
17750
17770
17790
17810
17830
17852
17874
17896
17918
17940
17960
17980
18000
18020
18040
18060
18080
18100
18120
18140
18160
18180
18200
18220
18240
18262
18284
18306
18328
18350
18370
18390
18410
18430
18450
18470
18490
18510
18530
18550
18570
18590
18610
18630
18650
18674
18700
18725
18750
18772
18794
18816
18838
18860
18880
18900
18920
18940
18960
18985
19009
19035
19060
19080
19099
19120
19140
19160
19180
19200
19220
19240
19260
19280
19300
19320
19340
19360
19384
19410
19435
19460
19480
19500
19520
19540
19560
19584
19608
19631
19656
19680
19700
19720
19740
19760
19780
19800
19824
19848
19872
19896
19920
19942
19964
19986
20008
20030
20050
20070
20090
20110
20130
20150
20174
20198
20221
20246
20270
20290
20310
20330
20350
20370
20390
20414
20438
20462
20486
20510
20532
20554
20576
20598
20620
20640
20660
20680
20700
20720
20740
20762
20784
20806
20828
20850
20870
20890
20910
20930
20950
20968
20986
21005
21023
21041
21060
21080
21099
21120
21140
21160
21182
21204
21226
21248
21270
21290
21310
21330
21350
21370
21392
21414
21436
21458
21480
21496
21513
21530
21546
21563
21580
21602
21624
21646
21668
21690
21710
21730
21750
21770
21790
21808
21826
21845
21863
21881
21900
21922
21944
21966
21988
22010
22030
22050
22070
22090
22110
22130
22151
22174
22195
22218
22240
22258
22276
22295
22313
22331
22350
22372
22394
22416
22438
22460
22478
22496
22515
22533
22551
22570
22588
22606
22625
22643
22661
22680
22702
22724
22746
22768
22790
22808
22826
22845
22863
22881
22900
22919
22939
22960
22980
23000
23018
23036
23055
23073
23091
23110
23130
23150
23170
23190
23210
23230
23250
23270
23290
23310
23326
23343
23360
23376
23393
23410
23430
23450
23470
23490
23510
23528
23546
23565
23583
23601
23620
23640
23660
23680
23700
23720
23736
23753
23770
23786
23803
23820
23840
23860
23880
23900
23920
23947
23975
24002
24030
24063
24096
24130
24155
24180
24205
24230
24255
24280
24305
24330
24363
24396
24430
24457
24485
24512
24540
24573
24606
24640
24665
24689
24715
24740
24773
24806
24840
24865
24890
24915
24940
24960
24980
25000
25020
25040
25061
25084
25105
25128
25150
25174
25200
25225
25250
25270
25290
25310
25330
25350
25370
25390
25410
25430
25450
25470
25490
25510
25530
25550
25572
25594
25616
25638
25660
25680
25700
25720
25740
25760
25785
25810
25835
25860
25880
25900
25920
25940
25960
25980
26000
26020
26040
26060
26080
26101
26123
26145
26166
26188
26210
26234
26258
26282
26305
26330
26349
26369
26390
26410
26430
26450
26470
26490
26509
26530
26550
26570
26594
26618
26642
26666
26690
26711
26733
26755
26776
26798
26820
26840
26860
26880
26900
26920
26940
26964
26988
27012
27035
27060
27080
27099
27119
27140
27160
27180
27205
27230
27255
27280
27302
27324
27346
27368
27390
27415
27439
27465
27490
27509
27529
27550
27570
27590
27615
27640
27665
27690
27710
27730
27750
27770
27790
27817
27845
27872
27900
27919
27939
27960
27980
28000
28025
28050
28075
28100
28125
28150
28175
28200
28221
28244
28266
28288
28310
28330
28349
28370
28390
28410
28432
28454
28476
28498
28520
28547
28575
28602
28630
28650
28669
28690
28710
28730
28752
28774
28796
28818
28840
28860
28880
28900
28920
28940
28967
28995
29022
29050
29072
29094
29116
29138
29160
29180
29200
29220
29240
29260
29280
29300
29320
29340
29360
29387
29415
29442
29470
29490
29509
29530
29550
29570
29590
29610
29630
29650
29670
29695
29720
29745
29770
29790
29810
29830
29850
29870
29892
29914
29936
29958
29980
