0.22 37476.0
0.34 26372.0
0.44 29148.0
0.55 33312.0
0.65 27760.0
0.76 38864.0
0.86 40252.0
0.97 44416.0
1.08 24984.0
1.18 22208.0
1.29 44416.0
1.39 27760.0
1.50 19432.0
1.61 15268.0
1.72 34700.0
1.83 37476.0
1.93 31924.0
2.05 36088.0
2.15 29148.0
2.26 26372.0
2.36 44416.0
2.47 29148.0
2.58 41640.0
2.68 33312.0
2.79 61072.0
2.89 33312.0
3.00 47192.0
3.11 47192.0
3.22 41640.0
3.33 61072.0
3.43 36088.0
3.54 43028.0
3.64 47192.0
3.75 44416.0
3.86 34700.0
3.97 44416.0
4.08 44416.0
4.18 45804.0
4.29 52744.0
4.39 55520.0
4.50 58296.0
4.61 29148.0
4.73 29148.0
4.84 24984.0
4.96 26372.0
5.07 30536.0
5.17 37476.0
5.28 37476.0
5.38 56908.0
5.49 37476.0
5.61 52744.0
5.73 65236.0
5.84 69400.0
5.94 48580.0
6.05 52744.0
6.16 33312.0
6.27 48580.0
6.37 43028.0
6.48 49968.0
6.59 49968.0
6.69 40252.0
6.80 54132.0
6.90 51356.0
7.01 44416.0
7.11 55520.0
7.22 49968.0
7.33 33312.0
7.43 20820.0
7.54 48580.0
7.64 54132.0
7.75 55520.0
7.86 37476.0
7.97 55520.0
8.08 65236.0
8.18 55520.0
8.29 65236.0
8.39 36088.0
8.50 47192.0
8.61 59684.0
8.72 48580.0
8.83 54132.0
8.93 54132.0
9.04 55520.0
9.14 48580.0
9.26 51356.0
9.36 63848.0
9.47 72176.0
9.58 54132.0
9.68 49968.0
9.79 40252.0
9.89 55520.0
10.00 41640.0
10.11 43028.0
10.22 31924.0
10.34 47192.0
10.44 38864.0
10.55 44416.0
10.65 41640.0
10.76 55520.0
10.86 29148.0
10.98 54132.0
11.09 37476.0
11.19 38864.0
11.31 43028.0
11.41 41640.0
11.52 30536.0
11.62 51356.0
11.73 48580.0
11.85 49968.0
11.95 29148.0
12.07 27760.0
12.17 44416.0
12.28 52744.0
12.38 34700.0
12.49 30536.0
12.60 20820.0
12.70 24984.0
12.81 36088.0
12.91 34700.0
13.02 43028.0
13.12 22208.0
13.23 27760.0
13.34 51356.0
13.44 31924.0
13.55 55520.0
13.65 44416.0
13.76 66624.0
13.86 20820.0
13.97 34700.0
14.08 70788.0
14.19 40252.0
14.30 36088.0
14.40 38864.0
14.51 33312.0
14.61 30536.0
14.72 45804.0
14.84 33312.0
14.94 37476.0
15.06 31924.0
15.16 27760.0
15.27 38864.0
15.38 48580.0
15.49 29148.0
15.60 40252.0
15.73 27760.0
15.85 33312.0
15.95 38864.0
16.06 30536.0
16.16 41640.0
16.27 30536.0
16.37 31924.0
16.48 41640.0
16.59 34700.0
16.69 24984.0
16.80 30536.0
16.90 33312.0
17.01 26372.0
17.11 13880.0
17.22 36088.0
17.34 66624.0
17.44 29148.0
17.55 45804.0
17.65 45804.0
17.76 47192.0
17.86 44416.0
17.98 34700.0
18.10 51356.0
18.20 34700.0
18.31 59684.0
18.42 54132.0
18.53 74952.0
18.63 45804.0
18.74 47192.0
18.85 59684.0
18.95 27760.0
19.06 47192.0
19.16 58296.0
19.27 59684.0
19.37 37476.0
19.48 47192.0
19.59 38864.0
19.69 36088.0
19.80 48580.0
19.90 41640.0
20.01 77728.0
20.11 48580.0
20.22 54132.0
20.33 58296.0
20.43 62460.0
20.54 61072.0
20.64 36088.0
20.75 52744.0
20.86 54132.0
20.97 59684.0
21.08 51356.0
21.18 34700.0
21.29 36088.0
21.39 62460.0
21.50 72176.0
21.61 63848.0
21.72 54132.0
21.83 56908.0
21.93 36088.0
22.05 61072.0
22.15 41640.0
22.26 43028.0
22.36 43028.0
22.47 55520.0
22.58 52744.0
22.68 33312.0
22.80 43028.0
22.90 41640.0
23.01 65236.0
23.11 36088.0
23.22 41640.0
23.33 33312.0
23.43 44416.0
23.54 34700.0
23.64 45804.0
23.75 77728.0
23.86 72176.0
23.97 38864.0
24.08 41640.0
24.18 27760.0
24.29 68012.0
24.39 45804.0
24.50 48580.0
24.61 58296.0
24.72 41640.0
24.84 51356.0
24.94 54132.0
25.05 74952.0
25.15 43028.0
25.26 49968.0
25.36 40252.0
25.47 62460.0
25.58 56908.0
25.68 38864.0
25.79 40252.0
25.89 34700.0
26.00 40252.0
26.12 33312.0
26.24 23596.0
26.35 30536.0
26.46 36088.0
26.57 19432.0
26.67 18044.0
26.78 20820.0
26.88 30536.0
26.99 33312.0
27.10 30536.0
27.20 38864.0
27.31 37476.0
27.41 20820.0
27.52 37476.0
27.62 31924.0
27.74 22208.0
27.85 23596.0
27.95 22208.0
28.06 20820.0
28.16 18044.0
28.27 16656.0
28.37 16656.0
28.48 22208.0
28.59 16656.0
28.69 19432.0
28.80 22208.0
28.92 26372.0
29.03 26372.0
29.14 23596.0
29.25 20820.0
29.36 23596.0
29.48 19432.0
29.59 20820.0
29.69 13880.0
29.80 19432.0
29.90 20820.0
