0.16 56908.0
0.27 47192.0
0.38 51356.0
0.49 41640.0
0.64 16656.0
0.77 69400.0
0.88 34700.0
1.00 40252.0
1.12 34700.0
1.22 34700.0
1.33 51356.0
1.43 43028.0
1.55 51356.0
1.65 30536.0
1.77 55520.0
1.88 29148.0
2.07 6940.0
2.17 47192.0
2.33 33312.0
2.43 33312.0
2.54 43028.0
2.64 58296.0
2.76 41640.0
2.88 58296.0
2.99 54132.0
3.11 58296.0
3.21 36088.0
3.33 41640.0
3.44 13880.0
3.55 68012.0
3.65 44416.0
3.76 47192.0
3.87 45804.0
3.97 40252.0
4.15 34700.0
4.26 66624.0
4.38 41640.0
4.51 13880.0
4.62 48580.0
4.72 45804.0
4.87 11104.0
4.97 52744.0
5.11 62460.0
5.21 51356.0
5.32 55520.0
5.42 44416.0
5.53 51356.0
5.72 26372.0
5.83 54132.0
5.93 45804.0
6.06 47192.0
6.16 56908.0
6.27 54132.0
6.38 54132.0
6.49 52744.0
6.61 44416.0
6.72 55520.0
6.83 40252.0
6.93 54132.0
7.04 48580.0
7.18 5552.0
7.30 68012.0
7.41 11104.0
7.52 63848.0
7.65 56908.0
7.76 49968.0
7.87 59684.0
7.97 33312.0
8.14 26372.0
8.25 43028.0
8.37 37476.0
8.49 62460.0
8.61 52744.0
8.71 43028.0
8.85 61072.0
8.95 40252.0
9.06 51356.0
9.16 44416.0
9.27 59684.0
9.38 37476.0
9.49 54132.0
9.60 49968.0
9.71 45804.0
9.82 62460.0
9.94 47192.0
10.05 41640.0
10.15 23596.0
10.26 55520.0
10.42 19432.0
10.53 45804.0
10.66 34700.0
10.77 47192.0
10.88 37476.0
10.99 37476.0
11.10 34700.0
11.20 34700.0
11.31 40252.0
11.41 37476.0
11.52 36088.0
11.63 45804.0
11.75 9716.0
11.86 51356.0
11.96 33312.0
12.08 38864.0
12.18 34700.0
12.29 49968.0
12.47 29148.0
12.58 37476.0
12.68 31924.0
12.79 48580.0
12.95 22208.0
13.06 45804.0
13.16 49968.0
13.27 43028.0
13.38 47192.0
13.55 26372.0
13.65 34700.0
13.76 52744.0
13.87 36088.0
14.03 30536.0
14.13 48580.0
14.24 65236.0
14.35 43028.0
14.52 22208.0
14.63 59684.0
14.74 48580.0
14.85 49968.0
14.95 41640.0
15.06 59684.0
15.16 37476.0
15.27 52744.0
15.38 29148.0
15.49 19432.0
15.60 47192.0
15.71 44416.0
15.82 62460.0
15.92 45804.0
16.03 34700.0
16.23 43028.0
16.34 55520.0
16.46 43028.0
16.57 62460.0
16.67 38864.0
16.78 54132.0
16.88 36088.0
16.99 38864.0
17.10 37476.0
17.20 38864.0
17.31 45804.0
17.41 34700.0
17.52 47192.0
17.63 44416.0
17.74 40252.0
17.85 41640.0
18.05 37476.0
18.15 52744.0
18.28 27760.0
18.38 49968.0
18.49 54132.0
18.60 44416.0
18.81 48580.0
18.92 55520.0
19.03 61072.0
19.13 41640.0
19.24 44416.0
19.35 43028.0
19.54 34700.0
19.64 51356.0
19.78 54132.0
19.88 59684.0
19.99 48580.0
20.13 5552.0
20.24 52744.0
20.35 27760.0
20.51 27760.0
20.62 30536.0
20.72 48580.0
20.84 44416.0
21.00 23596.0
21.11 52744.0
21.21 47192.0
21.32 36088.0
21.42 61072.0
21.53 34700.0
21.63 37476.0
21.74 9716.0
21.85 63848.0
21.97 54132.0
22.08 41640.0
22.18 58296.0
22.29 44416.0
22.39 47192.0
22.50 49968.0
22.61 44416.0
22.71 37476.0
22.83 8328.0
22.93 66624.0
23.05 51356.0
23.15 37476.0
23.26 47192.0
23.37 52744.0
23.53 20820.0
23.63 47192.0
23.77 61072.0
23.88 66624.0
24.03 54132.0
24.25 63848.0
24.36 68012.0
24.49 51356.0
24.60 68012.0
24.73 9716.0
24.84 66624.0
24.94 47192.0
25.06 47192.0
25.16 56908.0
25.27 44416.0
25.38 37476.0
25.49 65236.0
25.72 40252.0
25.83 61072.0
25.95 48580.0
26.06 47192.0
26.32 65236.0
26.42 38864.0
26.53 43028.0
26.63 44416.0
26.74 62460.0
26.85 40252.0
26.95 51356.0
27.06 34700.0
27.16 40252.0
27.39 15268.0
27.50 34700.0
27.61 45804.0
27.71 33312.0
27.82 38864.0
27.92 31924.0
28.05 18044.0
28.15 55520.0
28.27 47192.0
28.38 49968.0
28.51 56908.0
28.62 40252.0
28.72 38864.0
28.83 48580.0
28.93 38864.0
29.04 48580.0
29.14 37476.0
29.25 45804.0
29.36 37476.0
29.48 9716.0
29.59 62460.0
29.69 43028.0
29.80 40252.0
29.90 41640.0
