0.31 34700.0
0.41 51356.0
0.52 45804.0
0.63 47192.0
0.74 40252.0
0.93 37476.0
1.04 55520.0
1.17 45804.0
1.28 61072.0
1.41 36088.0
1.52 54132.0
1.63 63848.0
1.74 44416.0
1.85 45804.0
1.95 48580.0
2.06 47192.0
2.16 47192.0
2.27 48580.0
2.62 47192.0
2.72 41640.0
2.83 55520.0
2.93 41640.0
3.05 58296.0
3.15 45804.0
3.26 27760.0
3.37 55520.0
3.47 38864.0
3.62 15268.0
3.72 30536.0
3.87 49968.0
3.97 65236.0
4.10 44416.0
4.20 37476.0
4.34 61072.0
4.44 49968.0
4.59 59684.0
4.69 49968.0
4.80 33312.0
4.90 55520.0
5.01 59684.0
5.12 41640.0
5.23 44416.0
5.42 36088.0
5.53 54132.0
5.67 24984.0
5.78 74952.0
5.92 52744.0
6.03 44416.0
6.13 41640.0
6.24 37476.0
6.35 36088.0
6.45 26372.0
6.56 37476.0
6.66 22208.0
6.77 55520.0
6.88 8328.0
6.99 27760.0
7.10 30536.0
7.20 61072.0
7.31 41640.0
7.41 34700.0
7.52 43028.0
7.64 43028.0
7.75 56908.0
7.86 40252.0
7.96 48580.0
8.30 38864.0
8.40 59684.0
8.51 63848.0
8.62 31924.0
8.72 33312.0
8.83 44416.0
8.93 37476.0
9.05 31924.0
9.15 33312.0
9.26 27760.0
9.37 47192.0
9.47 34700.0
9.58 47192.0
9.86 12492.0
9.96 37476.0
10.07 44416.0
10.17 36088.0
10.28 55520.0
10.40 40252.0
10.51 27760.0
10.63 41640.0
10.74 34700.0
10.89 27760.0
11.00 54132.0
11.12 49968.0
11.22 59684.0
11.33 51356.0
11.43 27760.0
11.60 36088.0
11.70 38864.0
11.81 49968.0
11.91 38864.0
12.02 47192.0
12.20 30536.0
12.31 51356.0
12.41 40252.0
12.52 47192.0
12.63 49968.0
12.74 49968.0
12.92 23596.0
13.03 63848.0
13.17 49968.0
13.28 56908.0
13.38 26372.0
13.53 23596.0
13.63 62460.0
13.77 49968.0
13.89 55520.0
14.12 48580.0
14.22 41640.0
14.33 51356.0
14.43 52744.0
14.55 43028.0
14.66 54132.0
14.77 41640.0
14.89 41640.0
15.00 52744.0
15.11 54132.0
15.21 19432.0
15.32 33312.0
15.42 30536.0
15.54 44416.0
15.71 29148.0
15.82 40252.0
15.92 40252.0
16.03 37476.0
16.13 23596.0
16.24 22208.0
16.35 26372.0
16.45 27760.0
16.56 45804.0
16.68 24984.0
16.79 23596.0
16.89 26372.0
17.00 27760.0
17.11 36088.0
17.21 15268.0
17.32 27760.0
17.42 48580.0
17.57 54132.0
17.67 33312.0
17.78 36088.0
17.88 43028.0
17.99 43028.0
18.17 30536.0
18.29 49968.0
18.39 34700.0
18.50 19432.0
18.61 37476.0
18.80 43028.0
18.91 40252.0
19.02 34700.0
19.14 18044.0
19.25 44416.0
19.36 24984.0
19.46 27760.0
19.57 37476.0
19.67 38864.0
19.78 24984.0
19.88 38864.0
19.99 33312.0
20.10 26372.0
20.21 48580.0
20.32 26372.0
20.42 12492.0
20.53 40252.0
20.63 26372.0
20.74 23596.0
20.85 23596.0
20.95 24984.0
21.06 36088.0
21.16 19432.0
21.27 47192.0
21.38 49968.0
21.49 43028.0
21.62 37476.0
21.72 33312.0
21.83 29148.0
21.93 33312.0
22.04 38864.0
22.14 34700.0
22.25 55520.0
22.36 29148.0
22.46 23596.0
22.57 34700.0
22.68 33312.0
22.79 40252.0
22.89 29148.0
23.00 41640.0
23.22 41640.0
23.33 48580.0
23.43 43028.0
23.56 15268.0
23.66 34700.0
23.77 31924.0
23.88 43028.0
23.99 55520.0
24.10 38864.0
24.21 43028.0
24.33 40252.0
24.43 6940.0
24.54 55520.0
24.64 44416.0
24.75 26372.0
24.86 38864.0
24.96 34700.0
25.07 44416.0
25.17 41640.0
25.30 12492.0
25.40 49968.0
25.51 36088.0
25.62 63848.0
25.72 16656.0
25.83 36088.0
25.93 48580.0
26.04 51356.0
26.14 41640.0
26.26 2776.0
26.37 47192.0
26.47 45804.0
26.67 31924.0
26.78 52744.0
26.90 51356.0
27.02 58296.0
27.13 29148.0
27.26 22208.0
27.37 43028.0
27.47 58296.0
27.62 5552.0
27.72 36088.0
27.83 55520.0
27.94 38864.0
28.05 38864.0
28.15 13880.0
28.26 20820.0
28.37 52744.0
28.48 34700.0
28.59 47192.0
28.69 29148.0
28.83 30536.0
28.93 62460.0
29.04 40252.0
29.20 22208.0
29.31 62460.0
29.41 54132.0
29.52 34700.0
29.63 61072.0
29.74 40252.0
29.85 63848.0
29.95 22208.0
