0.20 29148.0
0.31 29148.0
0.41 58296.0
0.53 51356.0
0.63 51356.0
0.75 44416.0
0.86 43028.0
0.96 30536.0
1.07 34700.0
1.17 24984.0
1.28 27760.0
1.38 33312.0
1.49 30536.0
1.60 27760.0
1.70 31924.0
1.81 26372.0
1.92 26372.0
2.03 30536.0
2.13 36088.0
2.24 31924.0
2.35 27760.0
2.45 29148.0
2.56 36088.0
2.67 29148.0
2.78 30536.0
2.88 24984.0
2.99 34700.0
3.10 51356.0
3.20 34700.0
3.31 41640.0
3.41 31924.0
3.52 31924.0
3.63 34700.0
3.74 43028.0
3.85 52744.0
3.95 40252.0
4.06 51356.0
4.16 45804.0
4.27 38864.0
4.38 44416.0
4.50 47192.0
4.61 41640.0
4.71 48580.0
4.82 54132.0
4.92 45804.0
5.03 47192.0
5.13 26372.0
5.24 30536.0
5.35 43028.0
5.45 56908.0
5.56 55520.0
5.67 59684.0
5.79 56908.0
5.89 47192.0
6.00 47192.0
6.11 52744.0
6.21 51356.0
6.32 61072.0
6.42 45804.0
6.53 43028.0
6.63 44416.0
6.74 33312.0
6.85 55520.0
6.95 49968.0
7.06 45804.0
7.16 54132.0
7.27 41640.0
7.38 52744.0
7.49 47192.0
7.60 54132.0
7.70 45804.0
7.81 45804.0
7.91 43028.0
8.02 44416.0
8.13 31924.0
8.25 51356.0
8.36 36088.0
8.46 47192.0
8.57 47192.0
8.67 38864.0
8.78 45804.0
8.88 40252.0
8.99 52744.0
9.10 43028.0
9.20 34700.0
9.31 51356.0
9.41 40252.0
9.52 49968.0
9.63 55520.0
9.74 69400.0
9.85 34700.0
9.95 29148.0
10.06 38864.0
10.16 37476.0
10.27 54132.0
10.38 33312.0
10.49 44416.0
10.60 45804.0
10.70 41640.0
10.81 36088.0
10.91 36088.0
11.03 36088.0
11.13 30536.0
11.24 18044.0
11.35 31924.0
11.46 37476.0
11.57 44416.0
11.67 49968.0
11.78 44416.0
11.89 47192.0
12.00 43028.0
12.11 37476.0
12.21 43028.0
12.32 31924.0
12.42 26372.0
12.54 23596.0
12.64 27760.0
12.75 24984.0
12.86 34700.0
12.96 33312.0
13.07 30536.0
13.17 34700.0
13.28 36088.0
13.38 31924.0
13.49 26372.0
13.60 40252.0
13.70 38864.0
13.81 47192.0
13.92 12492.0
14.03 38864.0
14.13 34700.0
14.24 40252.0
14.35 29148.0
14.45 30536.0
14.56 38864.0
14.66 44416.0
14.77 43028.0
14.88 37476.0
14.99 33312.0
15.10 34700.0
15.21 49968.0
15.32 70788.0
15.42 44416.0
15.53 20820.0
15.63 20820.0
15.74 27760.0
15.85 29148.0
15.95 29148.0
16.06 30536.0
16.16 27760.0
16.27 26372.0
16.38 31924.0
16.49 43028.0
16.60 33312.0
16.70 27760.0
16.81 29148.0
16.91 19432.0
17.02 31924.0
17.13 23596.0
17.24 16656.0
17.35 22208.0
17.45 22208.0
17.56 20820.0
17.66 22208.0
17.77 22208.0
17.88 18044.0
17.99 22208.0
18.10 31924.0
18.20 18044.0
18.31 23596.0
18.41 31924.0
18.52 45804.0
18.63 40252.0
18.74 38864.0
18.85 55520.0
18.95 49968.0
19.06 58296.0
19.16 34700.0
19.27 54132.0
19.38 45804.0
19.50 51356.0
19.61 36088.0
19.71 43028.0
19.82 38864.0
19.92 43028.0
20.03 40252.0
20.13 34700.0
20.24 29148.0
20.35 34700.0
20.45 33312.0
20.57 41640.0
20.67 34700.0
20.78 24984.0
20.88 23596.0
20.99 31924.0
21.10 23596.0
21.20 36088.0
21.31 36088.0
21.42 31924.0
21.53 33312.0
21.63 33312.0
21.74 20820.0
21.85 26372.0
21.95 34700.0
22.06 30536.0
22.16 23596.0
22.27 36088.0
22.38 47192.0
22.49 44416.0
22.60 47192.0
22.70 19432.0
22.81 18044.0
22.91 37476.0
23.02 27760.0
23.14 23596.0
23.25 24984.0
23.36 37476.0
23.46 37476.0
23.57 38864.0
23.67 19432.0
23.78 29148.0
23.88 26372.0
23.99 24984.0
24.10 38864.0
24.20 23596.0
24.31 24984.0
24.41 31924.0
24.54 27760.0
24.64 19432.0
24.75 37476.0
24.86 19432.0
24.96 26372.0
25.08 18044.0
25.18 27760.0
25.29 44416.0
25.39 43028.0
25.50 33312.0
25.61 41640.0
25.71 48580.0
25.82 55520.0
25.93 40252.0
26.04 33312.0
26.14 36088.0
26.25 40252.0
26.36 48580.0
26.46 43028.0
26.58 43028.0
26.68 30536.0
26.79 33312.0
26.89 45804.0
27.00 31924.0
27.12 36088.0
27.22 41640.0
27.33 37476.0
27.43 16656.0
27.54 16656.0
27.64 23596.0
27.75 22208.0
27.86 38864.0
27.96 23596.0
28.07 33312.0
28.17 40252.0
28.28 52744.0
28.38 40252.0
28.49 41640.0
28.60 51356.0
28.70 44416.0
28.81 38864.0
28.91 38864.0
29.02 33312.0
29.13 38864.0
29.24 30536.0
29.36 27760.0
29.46 34700.0
29.57 27760.0
29.67 29148.0
29.78 45804.0
29.88 40252.0
29.99 40252.0
