0.16 45804.0
0.27 41640.0
0.38 38864.0
0.49 61072.0
0.60 31924.0
0.70 38864.0
0.81 33312.0
0.91 20820.0
1.02 30536.0
1.13 36088.0
1.26 29148.0
1.38 37476.0
1.49 41640.0
1.62 24984.0
1.73 58296.0
1.99 68012.0
2.11 41640.0
2.21 29148.0
2.32 33312.0
2.42 23596.0
2.54 45804.0
2.64 30536.0
2.75 30536.0
2.86 29148.0
2.96 27760.0
3.07 30536.0
3.17 26372.0
3.28 26372.0
3.38 29148.0
3.49 33312.0
3.60 31924.0
3.73 16656.0
3.85 13880.0
3.95 26372.0
4.06 36088.0
4.16 22208.0
4.27 24984.0
4.39 23596.0
4.51 27760.0
4.62 37476.0
4.72 18044.0
4.83 31924.0
4.95 27760.0
5.06 41640.0
5.16 22208.0
5.27 23596.0
5.38 40252.0
5.49 33312.0
5.60 45804.0
5.75 16656.0
5.86 31924.0
5.96 26372.0
6.07 30536.0
6.17 29148.0
6.28 30536.0
6.39 27760.0
6.51 34700.0
6.62 22208.0
6.72 33312.0
6.83 33312.0
6.94 37476.0
7.05 30536.0
7.15 43028.0
7.26 45804.0
7.40 51356.0
7.52 43028.0
7.63 31924.0
7.74 43028.0
7.85 58296.0
7.95 31924.0
8.12 33312.0
8.22 54132.0
8.37 24984.0
8.47 69400.0
8.60 58296.0
8.75 61072.0
8.86 74952.0
8.98 44416.0
9.09 65236.0
9.21 48580.0
9.32 51356.0
9.46 55520.0
9.57 52744.0
9.67 43028.0
9.78 43028.0
9.95 23596.0
10.06 59684.0
10.16 38864.0
10.27 41640.0
10.38 36088.0
10.55 33312.0
10.65 63848.0
10.90 36088.0
11.01 68012.0
11.14 47192.0
11.25 56908.0
11.38 55520.0
11.49 49968.0
11.60 47192.0
11.70 34700.0
11.82 51356.0
11.98 24984.0
12.09 66624.0
12.23 54132.0
12.46 68012.0
12.59 72176.0
12.71 6940.0
12.82 79116.0
12.94 44416.0
13.08 59684.0
13.18 56908.0
13.29 58296.0
13.39 36088.0
13.50 43028.0
13.62 45804.0
13.72 38864.0
13.83 40252.0
13.93 43028.0
14.04 47192.0
14.28 8328.0
14.38 65236.0
14.49 49968.0
14.65 65236.0
14.76 69400.0
14.88 43028.0
14.99 65236.0
15.14 47192.0
15.25 45804.0
15.36 40252.0
15.46 38864.0
15.57 36088.0
15.67 27760.0
15.78 37476.0
15.89 12492.0
16.02 34700.0
16.13 27760.0
16.24 29148.0
16.35 18044.0
16.45 24984.0
16.56 26372.0
16.66 26372.0
16.77 22208.0
16.88 29148.0
17.00 36088.0
17.11 37476.0
17.21 54132.0
17.32 48580.0
17.42 48580.0
17.53 49968.0
17.63 43028.0
17.74 48580.0
17.85 72176.0
17.95 33312.0
18.06 59684.0
18.16 40252.0
18.27 43028.0
18.63 61072.0
18.74 62460.0
18.85 58296.0
18.95 26372.0
19.06 38864.0
19.17 55520.0
19.29 45804.0
19.40 26372.0
19.51 40252.0
19.62 15268.0
19.72 23596.0
19.85 16656.0
19.95 19432.0
20.07 23596.0
20.18 12492.0
20.30 15268.0
20.40 13880.0
20.51 19432.0
20.62 16656.0
20.72 31924.0
20.83 26372.0
20.94 30536.0
21.05 34700.0
21.15 22208.0
21.26 45804.0
21.40 23596.0
21.51 47192.0
21.62 59684.0
21.72 47192.0
21.83 36088.0
21.93 49968.0
22.04 36088.0
22.14 55520.0
22.37 48580.0
22.47 48580.0
22.61 62460.0
22.71 45804.0
22.87 63848.0
22.97 51356.0
23.08 51356.0
23.18 37476.0
23.33 23596.0
23.43 34700.0
23.54 43028.0
23.65 51356.0
23.84 23596.0
23.94 41640.0
24.05 45804.0
24.15 48580.0
24.26 48580.0
24.38 30536.0
24.50 19432.0
24.61 20820.0
24.71 31924.0
24.82 26372.0
24.92 19432.0
25.03 29148.0
25.13 27760.0
25.24 27760.0
25.35 26372.0
25.45 16656.0
25.56 22208.0
25.67 18044.0
25.80 22208.0
25.90 20820.0
26.01 24984.0
26.14 43028.0
26.26 48580.0
26.38 34700.0
26.49 24984.0
26.60 16656.0
26.70 22208.0
26.82 18044.0
26.92 22208.0
27.03 37476.0
27.14 22208.0
27.26 23596.0
27.37 22208.0
27.47 34700.0
27.59 41640.0
27.69 12492.0
27.80 37476.0
27.90 31924.0
28.02 55520.0
28.13 33312.0
28.25 38864.0
28.36 44416.0
28.46 4164.0
28.58 49968.0
28.69 44416.0
28.80 27760.0
28.90 24984.0
29.01 47192.0
29.12 36088.0
29.22 38864.0
29.33 6940.0
29.43 41640.0
29.54 56908.0
29.64 38864.0
29.75 37476.0
29.86 49968.0
29.96 34700.0
