0.23 56908.0
0.34 47192.0
0.44 22208.0
0.55 51356.0
0.65 37476.0
0.77 29148.0
0.87 41640.0
0.99 31924.0
1.10 40252.0
1.48 26372.0
1.59 20820.0
1.69 19432.0
1.80 30536.0
1.91 33312.0
2.02 47192.0
2.12 12492.0
2.23 56908.0
2.36 22208.0
2.46 52744.0
2.57 44416.0
2.67 49968.0
2.78 41640.0
2.88 43028.0
2.99 47192.0
3.10 40252.0
3.20 37476.0
3.31 55520.0
3.41 37476.0
3.57 33312.0
3.67 37476.0
3.78 43028.0
3.88 37476.0
3.99 59684.0
4.10 44416.0
4.20 52744.0
4.31 45804.0
4.54 51356.0
4.64 52744.0
4.75 40252.0
5.15 16656.0
5.26 34700.0
5.37 56908.0
5.48 41640.0
5.60 59684.0
5.70 44416.0
5.81 52744.0
5.92 48580.0
6.03 51356.0
6.13 36088.0
6.24 44416.0
6.35 26372.0
6.45 20820.0
6.56 19432.0
6.66 6940.0
6.77 23596.0
6.87 22208.0
6.98 43028.0
7.09 36088.0
7.19 38864.0
7.30 36088.0
7.40 47192.0
7.51 38864.0
7.63 26372.0
7.75 37476.0
7.86 48580.0
7.96 45804.0
8.07 40252.0
8.17 37476.0
8.28 48580.0
8.38 44416.0
8.49 52744.0
8.60 52744.0
8.70 43028.0
8.81 51356.0
8.91 34700.0
9.02 44416.0
9.12 27760.0
9.23 49968.0
9.35 44416.0
9.45 43028.0
9.56 51356.0
9.66 22208.0
9.77 24984.0
9.87 22208.0
9.98 33312.0
10.09 41640.0
10.19 27760.0
10.31 16656.0
10.41 30536.0
10.52 40252.0
10.63 18044.0
10.74 58296.0
10.85 37476.0
10.95 44416.0
11.38 24984.0
11.49 81892.0
11.60 44416.0
11.71 51356.0
11.82 31924.0
11.92 34700.0
12.09 27760.0
12.20 38864.0
12.31 36088.0
12.45 29148.0
12.56 29148.0
12.66 20820.0
12.77 18044.0
12.87 27760.0
12.98 27760.0
13.10 58296.0
13.20 34700.0
13.31 44416.0
13.42 11104.0
13.53 27760.0
13.63 40252.0
13.74 49968.0
13.85 41640.0
13.95 45804.0
14.06 48580.0
14.16 24984.0
14.27 48580.0
14.37 27760.0
14.49 38864.0
14.60 37476.0
14.70 36088.0
14.81 38864.0
14.92 29148.0
15.05 41640.0
15.15 44416.0
15.26 54132.0
15.38 37476.0
15.49 45804.0
15.60 41640.0
15.70 8328.0
15.81 30536.0
15.91 19432.0
16.02 37476.0
16.12 37476.0
16.30 31924.0
16.40 44416.0
16.54 61072.0
16.64 38864.0
16.77 24984.0
16.87 34700.0
16.98 48580.0
17.09 30536.0
17.19 24984.0
17.30 34700.0
17.40 27760.0
17.52 40252.0
17.62 24984.0
17.73 20820.0
17.84 38864.0
17.94 23596.0
18.05 23596.0
18.15 19432.0
18.26 34700.0
18.37 24984.0
18.49 34700.0
18.60 44416.0
18.76 26372.0
18.87 43028.0
18.98 44416.0
19.09 38864.0
19.23 26372.0
19.34 59684.0
19.44 47192.0
19.55 48580.0
19.65 29148.0
19.76 40252.0
19.87 12492.0
19.98 20820.0
20.09 24984.0
20.19 40252.0
20.31 59684.0
20.41 36088.0
20.52 55520.0
20.69 20820.0
20.81 31924.0
20.91 49968.0
21.02 43028.0
21.12 30536.0
21.23 43028.0
21.34 47192.0
21.45 41640.0
21.57 13880.0
21.67 37476.0
21.78 31924.0
21.88 23596.0
21.99 27760.0
22.10 23596.0
22.20 31924.0
22.31 26372.0
22.41 23596.0
22.52 27760.0
22.62 22208.0
22.73 24984.0
22.85 24984.0
23.31 22208.0
23.47 80504.0
23.58 38864.0
23.69 41640.0
23.80 45804.0
23.90 43028.0
24.01 52744.0
24.13 45804.0
24.24 49968.0
24.35 36088.0
24.45 33312.0
24.56 34700.0
24.66 40252.0
24.77 29148.0
24.87 37476.0
24.98 40252.0
25.09 33312.0
25.19 51356.0
25.30 43028.0
25.40 38864.0
25.51 54132.0
25.62 43028.0
25.74 47192.0
25.85 51356.0
25.95 51356.0
26.06 36088.0
26.16 24984.0
26.27 47192.0
26.37 44416.0
26.48 47192.0
26.59 45804.0
26.69 38864.0
26.80 54132.0
26.90 44416.0
27.02 41640.0
27.16 13880.0
27.27 38864.0
27.37 23596.0
27.51 38864.0
27.62 24984.0
27.73 38864.0
27.84 45804.0
27.94 45804.0
28.05 47192.0
28.15 52744.0
28.26 38864.0
28.37 41640.0
28.48 45804.0
28.59 44416.0
28.69 37476.0
28.80 48580.0
28.90 47192.0
29.01 47192.0
29.13 54132.0
29.24 38864.0
29.35 45804.0
29.45 38864.0
29.56 40252.0
29.66 40252.0
29.77 47192.0
29.87 40252.0
29.98 48580.0
