0.19 2776.0
0.30 43028.0
0.40 47192.0
0.51 52744.0
0.62 47192.0
0.72 45804.0
0.83 45804.0
0.93 44416.0
1.07 52744.0
1.17 47192.0
1.29 45804.0
1.39 41640.0
1.55 19432.0
1.65 41640.0
1.76 45804.0
1.87 45804.0
1.97 47192.0
2.17 33312.0
2.28 63848.0
2.38 40252.0
2.49 47192.0
2.65 20820.0
2.76 59684.0
2.88 51356.0
3.01 62460.0
3.12 51356.0
3.24 52744.0
3.35 48580.0
3.45 38864.0
3.56 31924.0
3.66 33312.0
3.77 26372.0
3.88 54132.0
4.09 30536.0
4.19 51356.0
4.30 48580.0
4.40 38864.0
4.51 45804.0
4.62 43028.0
4.80 33312.0
4.90 47192.0
5.01 30536.0
5.12 55520.0
5.22 37476.0
5.33 34700.0
5.43 37476.0
5.55 15268.0
5.65 38864.0
5.76 52744.0
5.87 26372.0
5.98 51356.0
6.09 26372.0
6.19 18044.0
6.30 18044.0
6.40 19432.0
6.51 22208.0
6.62 27760.0
6.73 18044.0
6.84 51356.0
6.94 49968.0
7.05 43028.0
7.15 38864.0
7.26 37476.0
7.38 36088.0
7.49 47192.0
7.71 4164.0
7.83 47192.0
7.93 41640.0
8.04 41640.0
8.14 36088.0
8.25 31924.0
8.36 27760.0
8.46 16656.0
8.57 20820.0
8.67 20820.0
8.78 34700.0
8.88 34700.0
8.99 27760.0
9.10 29148.0
9.20 31924.0
9.31 26372.0
9.41 40252.0
9.52 49968.0
9.63 36088.0
9.74 43028.0
9.85 48580.0
9.95 34700.0
10.15 41640.0
10.26 41640.0
10.37 54132.0
10.47 52744.0
10.59 44416.0
10.69 40252.0
10.80 29148.0
10.90 49968.0
11.02 36088.0
11.13 5552.0
11.24 33312.0
11.36 47192.0
11.46 33312.0
11.60 30536.0
11.71 41640.0
11.82 51356.0
11.92 37476.0
12.03 44416.0
12.14 43028.0
12.25 47192.0
12.36 36088.0
12.46 51356.0
12.58 48580.0
12.68 22208.0
12.79 37476.0
12.90 37476.0
13.01 55520.0
13.18 22208.0
13.29 23596.0
13.39 47192.0
13.50 47192.0
13.61 49968.0
13.71 36088.0
13.82 43028.0
13.92 30536.0
14.03 31924.0
14.14 22208.0
14.25 48580.0
14.38 54132.0
14.50 58296.0
14.61 48580.0
14.71 41640.0
14.82 47192.0
14.98 18044.0
15.09 43028.0
15.19 29148.0
15.30 47192.0
15.49 26372.0
15.60 47192.0
15.72 33312.0
15.83 47192.0
15.93 47192.0
16.04 47192.0
16.14 38864.0
16.25 31924.0
16.36 37476.0
16.46 31924.0
16.57 34700.0
16.67 26372.0
16.78 24984.0
16.88 27760.0
16.99 23596.0
17.11 22208.0
17.21 19432.0
17.32 18044.0
17.42 19432.0
17.53 33312.0
17.63 31924.0
17.74 22208.0
17.85 19432.0
17.95 16656.0
18.06 20820.0
18.19 6940.0
18.30 23596.0
18.41 40252.0
18.52 45804.0
18.64 24984.0
18.75 18044.0
18.86 9716.0
18.96 20820.0
19.07 23596.0
19.17 18044.0
19.28 27760.0
19.39 23596.0
19.56 24984.0
19.66 43028.0
19.82 37476.0
19.92 45804.0
20.03 66624.0
20.13 27760.0
20.24 74952.0
20.35 29148.0
20.45 26372.0
20.56 23596.0
20.66 27760.0
20.77 30536.0
20.88 30536.0
20.99 24984.0
21.10 26372.0
21.20 26372.0
21.31 45804.0
21.41 43028.0
21.55 8328.0
21.65 27760.0
21.76 36088.0
21.87 47192.0
21.97 48580.0
22.08 33312.0
22.18 36088.0
22.29 33312.0
22.39 19432.0
22.50 33312.0
22.61 43028.0
22.71 48580.0
22.82 56908.0
22.99 9716.0
23.10 38864.0
23.20 20820.0
23.31 23596.0
23.41 33312.0
23.52 34700.0
23.63 37476.0
23.77 22208.0
23.88 36088.0
24.00 61072.0
24.12 52744.0
24.22 40252.0
24.33 47192.0
24.50 12492.0
24.61 47192.0
24.71 30536.0
24.82 26372.0
24.92 24984.0
25.03 22208.0
25.13 23596.0
25.24 26372.0
25.35 27760.0
25.45 40252.0
25.56 40252.0
25.66 18044.0
25.77 24984.0
25.88 26372.0
25.99 48580.0
26.10 48580.0
26.20 44416.0
26.31 37476.0
26.41 22208.0
26.52 23596.0
26.63 29148.0
26.74 19432.0
26.85 26372.0
26.95 38864.0
27.06 24984.0
27.16 22208.0
27.27 27760.0
27.38 31924.0
27.49 30536.0
27.60 37476.0
27.70 58296.0
27.81 37476.0
27.91 56908.0
28.02 38864.0
28.13 48580.0
28.24 38864.0
28.35 36088.0
28.45 29148.0
28.56 38864.0
28.66 24984.0
28.77 45804.0
28.88 44416.0
28.99 26372.0
29.10 12492.0
29.20 44416.0
29.31 55520.0
29.43 16656.0
29.54 20820.0
29.64 24984.0
29.75 29148.0
29.86 23596.0
29.96 22208.0
