0.19 61072.0
0.29 48580.0
0.40 54132.0
0.51 49968.0
0.69 15268.0
0.79 65236.0
0.93 48580.0
1.03 61072.0
1.16 55520.0
1.28 59684.0
1.52 49968.0
1.63 62460.0
1.77 47192.0
1.88 61072.0
1.99 41640.0
2.13 4164.0
2.24 66624.0
2.36 47192.0
2.47 54132.0
2.57 41640.0
2.68 56908.0
2.78 36088.0
2.96 37476.0
3.06 52744.0
3.20 56908.0
3.30 62460.0
3.56 54132.0
3.67 69400.0
3.80 49968.0
3.92 62460.0
4.04 54132.0
4.18 59684.0
4.28 51356.0
4.42 13880.0
4.52 68012.0
4.66 12492.0
4.77 76340.0
4.90 47192.0
5.01 63848.0
5.11 49968.0
5.22 54132.0
5.32 52744.0
5.43 41640.0
5.63 38864.0
5.74 63848.0
5.84 52744.0
5.95 51356.0
6.05 44416.0
6.16 45804.0
6.27 52744.0
6.38 52744.0
6.61 43028.0
6.72 68012.0
6.83 43028.0
7.09 55520.0
7.20 77728.0
7.32 40252.0
7.43 63848.0
7.53 44416.0
7.64 44416.0
7.80 23596.0
7.91 72176.0
8.19 52744.0
8.30 70788.0
8.42 49968.0
8.52 56908.0
8.66 18044.0
8.77 61072.0
8.90 68012.0
9.01 48580.0
9.15 63848.0
9.26 56908.0
9.36 54132.0
9.50 58296.0
9.60 54132.0
9.71 49968.0
9.81 41640.0
9.99 24984.0
10.10 70788.0
10.35 43028.0
10.46 69400.0
10.59 45804.0
10.70 62460.0
10.83 48580.0
11.06 58296.0
11.17 61072.0
11.28 49968.0
11.39 52744.0
11.50 52744.0
11.60 34700.0
11.71 61072.0
11.81 34700.0
11.92 45804.0
12.02 38864.0
12.14 1388.0
12.25 58296.0
12.38 48580.0
12.49 51356.0
12.77 51356.0
12.89 68012.0
13.01 41640.0
13.11 56908.0
13.25 49968.0
13.35 59684.0
13.48 6940.0
13.59 54132.0
13.70 48580.0
13.80 49968.0
13.91 54132.0
14.09 15268.0
14.20 44416.0
14.30 33312.0
14.45 24984.0
14.55 58296.0
14.68 51356.0
14.78 61072.0
14.89 52744.0
15.00 45804.0
15.10 54132.0
15.21 43028.0
15.31 49968.0
15.42 49968.0
15.64 45804.0
15.75 70788.0
15.88 48580.0
15.99 62460.0
16.09 51356.0
16.20 58296.0
16.30 38864.0
16.42 56908.0
16.61 23596.0
16.72 63848.0
16.84 15268.0
16.95 70788.0
17.05 54132.0
17.16 37476.0
17.27 45804.0
17.38 55520.0
17.58 30536.0
17.70 76340.0
17.82 41640.0
17.93 49968.0
18.07 26372.0
18.18 66624.0
18.28 51356.0
18.39 54132.0
18.50 47192.0
18.60 44416.0
18.71 52744.0
18.81 38864.0
18.93 49968.0
19.05 66624.0
19.16 49968.0
19.27 59684.0
19.40 9716.0
19.51 52744.0
19.64 26372.0
19.75 68012.0
19.85 61072.0
19.96 49968.0
20.06 31924.0
20.17 44416.0
20.36 36088.0
20.47 61072.0
20.58 49968.0
20.69 31924.0
20.79 45804.0
20.90 54132.0
21.01 43028.0
21.11 49968.0
21.32 33312.0
21.43 66624.0
21.58 48580.0
21.70 48580.0
21.82 31924.0
21.93 51356.0
22.03 40252.0
22.14 48580.0
22.25 38864.0
22.35 36088.0
22.48 55520.0
22.58 43028.0
22.79 37476.0
22.90 77728.0
23.02 31924.0
23.13 66624.0
23.24 44416.0
23.34 38864.0
23.45 51356.0
23.55 48580.0
23.66 49968.0
23.88 44416.0
23.99 58296.0
24.09 52744.0
24.20 51356.0
24.30 43028.0
24.48 23596.0
24.58 58296.0
24.84 56908.0
24.95 69400.0
25.08 47192.0
25.21 66624.0
25.44 49968.0
25.54 62460.0
25.68 47192.0
25.78 59684.0
25.94 58296.0
26.04 63848.0
26.31 55520.0
26.42 37476.0
26.52 44416.0
26.63 40252.0
26.75 44416.0
26.85 47192.0
26.96 58296.0
27.06 41640.0
27.26 38864.0
27.36 51356.0
27.47 45804.0
27.57 41640.0
27.75 26372.0
27.85 66624.0
27.98 52744.0
28.08 45804.0
28.19 48580.0
28.29 45804.0
28.46 20820.0
28.56 56908.0
28.70 56908.0
28.82 62460.0
28.94 47192.0
29.04 55520.0
29.15 48580.0
29.31 8328.0
29.42 62460.0
29.55 48580.0
29.67 62460.0
29.79 52744.0
29.90 48580.0
