0.17 29148.0
0.28 18044.0
0.38 16656.0
0.49 19432.0
0.60 47192.0
0.70 33312.0
0.81 30536.0
0.91 23596.0
1.02 34700.0
1.13 33312.0
1.25 40252.0
1.36 44416.0
1.55 36088.0
1.65 38864.0
1.77 44416.0
1.88 30536.0
1.99 37476.0
2.10 26372.0
2.20 40252.0
2.31 48580.0
2.41 44416.0
2.52 40252.0
2.63 38864.0
2.74 49968.0
2.85 40252.0
3.02 34700.0
3.13 34700.0
3.24 30536.0
3.35 31924.0
3.45 41640.0
3.56 41640.0
3.66 37476.0
3.77 41640.0
3.89 41640.0
4.00 44416.0
4.11 33312.0
4.21 29148.0
4.32 40252.0
4.42 20820.0
4.53 31924.0
4.63 36088.0
4.75 37476.0
4.87 27760.0
4.99 36088.0
5.10 24984.0
5.21 19432.0
5.32 45804.0
5.42 22208.0
5.53 34700.0
5.63 34700.0
5.74 33312.0
5.85 36088.0
5.95 23596.0
6.06 26372.0
6.16 38864.0
6.27 36088.0
6.38 31924.0
6.49 37476.0
6.60 43028.0
6.70 27760.0
6.81 18044.0
6.92 51356.0
7.03 40252.0
7.13 55520.0
7.37 51356.0
7.47 38864.0
7.58 44416.0
7.68 40252.0
7.79 44416.0
7.90 24984.0
8.01 34700.0
8.12 36088.0
8.33 15268.0
8.43 38864.0
8.54 47192.0
8.64 27760.0
8.75 31924.0
8.86 26372.0
8.96 23596.0
9.07 31924.0
9.19 29148.0
9.30 40252.0
9.46 31924.0
9.57 47192.0
9.67 31924.0
9.78 31924.0
10.18 16656.0
10.29 80504.0
10.41 37476.0
10.52 36088.0
10.63 30536.0
10.74 29148.0
10.94 19432.0
11.05 34700.0
11.15 41640.0
11.26 44416.0
11.37 44416.0
11.47 36088.0
11.58 41640.0
11.68 29148.0
11.79 36088.0
11.89 16656.0
12.00 22208.0
12.11 27760.0
12.21 20820.0
12.33 34700.0
12.43 38864.0
12.71 2776.0
12.82 79116.0
12.92 23596.0
13.03 31924.0
13.14 24984.0
13.25 26372.0
13.36 29148.0
13.46 26372.0
13.57 30536.0
13.67 31924.0
13.78 38864.0
13.88 37476.0
13.99 26372.0
14.11 29148.0
14.23 31924.0
14.34 47192.0
14.46 20820.0
14.57 29148.0
14.67 30536.0
14.78 31924.0
14.88 33312.0
14.99 37476.0
15.10 27760.0
15.21 19432.0
15.32 44416.0
15.42 27760.0
15.53 36088.0
15.63 23596.0
15.79 43028.0
15.89 20820.0
16.00 16656.0
16.11 22208.0
16.21 18044.0
16.32 18044.0
16.42 19432.0
16.53 23596.0
16.63 19432.0
16.74 22208.0
16.85 22208.0
16.95 18044.0
17.06 12492.0
17.16 12492.0
17.27 16656.0
17.38 19432.0
17.49 19432.0
17.60 24984.0
17.72 18044.0
18.11 18044.0
18.36 79116.0
18.46 31924.0
18.58 48580.0
18.68 33312.0
18.79 34700.0
18.89 34700.0
19.00 36088.0
19.11 37476.0
19.21 34700.0
19.32 51356.0
19.57 4164.0
19.75 80504.0
19.86 36088.0
19.96 40252.0
20.07 29148.0
20.17 24984.0
20.28 34700.0
20.38 31924.0
20.49 40252.0
20.60 40252.0
20.70 8328.0
20.81 22208.0
20.91 31924.0
21.02 40252.0
21.13 31924.0
21.25 33312.0
21.36 38864.0
21.46 34700.0
21.57 8328.0
21.67 45804.0
21.78 41640.0
21.88 41640.0
21.99 45804.0
22.10 37476.0
22.20 41640.0
22.31 47192.0
22.51 36088.0
22.62 40252.0
22.72 47192.0
22.83 34700.0
22.98 29148.0
23.09 40252.0
23.19 24984.0
23.30 38864.0
23.40 52744.0
23.51 36088.0
23.62 45804.0
23.72 40252.0
23.83 47192.0
23.94 47192.0
24.05 29148.0
24.15 41640.0
24.26 47192.0
24.37 37476.0
24.47 45804.0
24.59 45804.0
24.69 36088.0
24.80 36088.0
24.90 30536.0
25.01 24984.0
25.12 30536.0
25.22 31924.0
25.33 40252.0
25.43 54132.0
25.54 41640.0
25.64 43028.0
25.77 19432.0
25.88 51356.0
25.99 40252.0
26.10 47192.0
26.20 40252.0
26.31 40252.0
26.64 16656.0
26.91 80504.0
27.02 47192.0
27.13 44416.0
27.24 68012.0
27.35 30536.0
27.45 56908.0
27.56 38864.0
27.66 47192.0
27.78 41640.0
27.89 47192.0
28.01 59684.0
28.12 40252.0
28.22 37476.0
28.33 41640.0
28.43 47192.0
28.54 51356.0
28.64 43028.0
28.76 54132.0
28.87 52744.0
28.97 47192.0
29.09 52744.0
29.19 49968.0
29.30 48580.0
29.40 44416.0
29.51 26372.0
29.62 51356.0
29.72 40252.0
29.83 43028.0
29.93 47192.0
