0.16 54132.0
0.41 49968.0
0.52 68012.0
0.65 45804.0
0.76 70788.0
0.86 51356.0
0.97 54132.0
1.07 40252.0
1.18 48580.0
1.37 36088.0
1.48 49968.0
1.61 29148.0
1.72 77728.0
1.85 43028.0
1.96 63848.0
2.10 48580.0
2.21 63848.0
2.33 45804.0
2.45 72176.0
2.57 59684.0
2.71 59684.0
2.95 63848.0
3.05 74952.0
3.19 52744.0
3.31 79116.0
3.67 41640.0
3.78 66624.0
3.88 51356.0
4.03 62460.0
4.13 61072.0
4.27 9716.0
4.39 79116.0
4.51 48580.0
4.61 70788.0
4.75 55520.0
4.85 58296.0
5.11 62460.0
5.22 69400.0
5.35 48580.0
5.46 41640.0
5.56 49968.0
5.73 61072.0
5.83 44416.0
5.95 47192.0
6.07 66624.0
6.19 65236.0
6.31 55520.0
6.42 62460.0
6.55 12492.0
6.66 68012.0
6.77 52744.0
6.87 54132.0
6.98 43028.0
7.08 52744.0
7.19 45804.0
7.39 47192.0
7.50 73564.0
7.63 48580.0
7.76 80504.0
7.87 41640.0
7.99 80504.0
8.29 40252.0
8.39 61072.0
8.56 68012.0
8.67 73564.0
8.79 47192.0
8.89 70788.0
9.00 24984.0
9.10 51356.0
9.27 9716.0
9.37 48580.0
9.48 58296.0
9.58 38864.0
9.69 47192.0
9.80 34700.0
9.91 45804.0
10.02 45804.0
10.23 51356.0
10.34 49968.0
10.45 52744.0
10.55 49968.0
10.71 19432.0
10.81 68012.0
10.95 11104.0
11.05 69400.0
11.20 56908.0
11.30 47192.0
11.41 31924.0
11.52 52744.0
11.62 52744.0
11.73 49968.0
11.83 43028.0
11.94 26372.0
12.05 45804.0
12.16 55520.0
12.27 51356.0
12.37 68012.0
12.51 8328.0
12.61 44416.0
12.72 56908.0
12.82 59684.0
12.93 19432.0
13.04 73564.0
13.16 2776.0
13.27 37476.0
13.37 43028.0
13.49 51356.0
13.59 49968.0
13.70 31924.0
13.95 13880.0
14.05 65236.0
14.19 55520.0
14.31 63848.0
14.44 58296.0
14.55 31924.0
14.66 30536.0
14.77 34700.0
14.87 43028.0
14.98 44416.0
15.15 26372.0
15.26 26372.0
15.37 54132.0
15.49 37476.0
15.59 26372.0
15.70 34700.0
15.80 40252.0
15.91 40252.0
16.24 43028.0
16.34 47192.0
16.45 48580.0
16.55 47192.0
16.66 49968.0
16.77 43028.0
16.87 43028.0
17.09 41640.0
17.21 80504.0
17.33 41640.0
17.44 70788.0
17.57 55520.0
17.69 65236.0
17.82 48580.0
17.93 61072.0
18.06 49968.0
18.17 70788.0
18.28 43028.0
18.43 2776.0
18.54 73564.0
18.67 6940.0
18.78 66624.0
18.88 47192.0
18.99 47192.0
19.09 47192.0
19.20 58296.0
19.30 43028.0
19.41 58296.0
19.52 44416.0
19.62 37476.0
19.73 26372.0
19.84 65236.0
19.95 51356.0
20.05 37476.0
20.16 55520.0
20.48 33312.0
20.58 41640.0
20.69 43028.0
20.80 56908.0
20.91 43028.0
21.02 54132.0
21.12 40252.0
21.23 54132.0
21.35 55520.0
21.46 27760.0
21.56 36088.0
21.72 37476.0
21.82 44416.0
21.93 43028.0
22.04 29148.0
22.14 38864.0
22.27 23596.0
22.55 51356.0
22.66 44416.0
22.77 58296.0
22.87 59684.0
22.98 37476.0
23.09 61072.0
23.20 44416.0
23.30 47192.0
23.43 47192.0
23.54 65236.0
23.79 52744.0
23.89 62460.0
24.03 52744.0
24.13 55520.0
24.24 51356.0
24.34 23596.0
24.45 22208.0
24.55 23596.0
24.67 43028.0
24.78 52744.0
24.88 47192.0
24.99 41640.0
25.09 48580.0
25.23 52744.0
25.33 38864.0
25.44 49968.0
25.55 45804.0
25.66 33312.0
25.77 30536.0
25.87 15268.0
25.99 16656.0
26.09 20820.0
26.20 49968.0
26.31 11104.0
26.42 56908.0
26.53 49968.0
26.63 63848.0
26.74 34700.0
26.85 61072.0
26.97 47192.0
27.07 47192.0
27.30 51356.0
27.41 73564.0
27.53 54132.0
27.65 62460.0
27.89 52744.0
28.00 66624.0
28.13 13880.0
28.24 72176.0
28.40 49968.0
28.51 49968.0
28.61 48580.0
28.72 54132.0
28.82 43028.0
28.93 56908.0
29.04 52744.0
29.14 24984.0
29.25 37476.0
29.35 49968.0
29.46 51356.0
29.57 47192.0
29.68 47192.0
29.89 40252.0
