2
4
6
8
10
12
14
16
18
20
22
25
27
29
31
33
35
37
39
41
43
45
47
50
52
54
56
58
60
62
64
66
68
70
72
75
77
79
81
83
85
87
89
91
93
95
97
100
102
104
106
108
110
112
114
116
118
120
122
124
126
128
130
132
134
136
138
140
142
144
146
148
151
153
155
157
159
161
163
165
167
169
171
173
175
177
179
181
183
185
187
189
191
193
195
197
200
202
204
206
208
210
212
214
216
218
220
222
224
226
228
230
232
234
236
238
240
242
244
246
248
251
253
255
257
259
261
263
265
267
269
271
273
275
277
279
281
283
285
287
289
291
293
295
297
300
302
304
306
308
310
312
314
316
318
320
322
324
326
328
330
332
334
336
338
340
342
344
346
348
351
353
355
357
359
361
363
365
367
369
371
373
375
377
379
381
383
385
387
389
391
393
395
397
400
402
404
406
408
410
412
414
416
418
420
422
424
426
428
430
432
434
436
438
440
442
444
446
448
451
453
455
457
459
461
463
465
467
469
471
473
475
477
479
481
483
485
487
489
491
493
495
497
500
503
506
509
512
516
519
522
525
529
532
535
538
541
545
548
551
554
558
561
564
567
570
574
577
580
583
587
590
593
596
600
603
606
609
612
616
619
622
625
629
632
635
638
641
645
648
651
654
658
661
664
667
670
674
677
680
683
687
690
693
696
700
703
706
709
712
716
719
722
725
729
732
735
738
741
745
748
751
754
758
761
764
767
770
774
777
780
783
787
790
793
796
800
803
806
809
812
815
818
821
825
828
831
834
837
840
843
846
850
853
856
859
862
865
868
871
875
878
881
884
887
890
893
896
900
903
906
909
912
916
919
922
925
929
932
935
938
941
945
948
951
954
958
961
964
967
970
974
977
980
983
987
990
993
996
1000
1033
1066
1100
1125
1150
1175
1200
1233
1266
1300
1325
1350
1375
1400
1433
1466
1500
1502
1504
1506
1508
1510
1512
1514
1516
1518
1520
1522
1524
1526
1528
1530
1532
1534
1536
1538
1540
1542
1544
1546
1548
1550
1552
1554
1556
1558
1560
1562
1564
1566
1568
1570
1572
1574
1576
1578
1580
1582
1584
1586
1588
1590
1592
1594
1596
1598
1600
1602
1604
1606
1608
1610
1612
1614
1616
1618
1620
1622
1624
1626
1628
1630
1632
1634
1636
1638
1640
1642
1644
1646
1648
1650
1652
1654
1656
1658
1660
1662
1664
1666
1668
1670
1672
1674
1676
1678
1680
1682
1684
1686
1688
1690
1692
1694
1696
1698
1700
1701
1703
1705
1707
1709
1711
1713
1715
1717
1719
1721
1723
1725
1727
1729
1731
1733
1735
1737
1739
1741
1743
1745
1747
1749
1750
1752
1754
1756
1758
1760
1762
1764
1766
1768
1770
1772
1774
1776
1778
1780
1782
1784
1786
1788
1790
1792
1794
1796
1798
1800
1802
1804
1806
1808
1810
1812
1814
1816
1818
1820
1822
1824
1826
1828
1830
1832
1834
1836
1838
1840
1842
1844
1846
1848
1850
1851
1853
1855
1857
1859
1861
1863
1865
1867
1869
1872
1874
1876
1878
1880
1882
1884
1886
1888
1890
1892
1894
1896
1898
1900
1902
1904
1906
1908
1910
1912
1914
1916
1918
1920
1922
1924
1926
1928
1930
1932
1934
1936
1938
1940
1942
1944
1946
1948
1950
1952
1954
1956
1958
1960
1962
1964
1966
1968
1970
1972
1974
1976
1978
1980
1982
1984
1986
1988
1990
1992
1994
1996
1998
2000
2003
2007
2010
2014
2017
2021
2025
2028
2032
2035
2039
2042
2046
2050
2053
2057
2060
2064
2067
2071
2075
2078
2082
2085
2089
2092
2096
2100
2103
2106
2110
2113
2117
2120
2124
2127
2131
2134
2137
2141
2144
2148
2151
2155
2158
2162
2165
2168
2172
2175
2179
2182
2186
2189
2193
2196
2200
2203
2207
2210
2214
2217
2221
2225
2228
2232
2235
2239
2242
2246
2250
2253
2257
2260
2264
2267
2271
2275
2278
2282
2285
2289
2292
2296
2300
2303
2307
2310
2314
2317
2321
2324
2328
2332
2335
2339
2342
2346
2349
2353
2357
2360
2364
2367
2371
2375
2378
2382
2385
2389
2392
2396
2400
2403
2406
2410
2413
2417
2420
2424
2427
2431
2434
2437
2441
2444
2448
2451
2455
2458
2462
2465
2468
2472
2475
2479
2482
2486
2489
2493
2496
2500
2504
2508
2512
2516
2520
2524
2528
2532
2536
2540
2544
2548
2552
2556
2560
2564
2568
2572
2576
2580
2584
2588
2592
2596
2600
2603
2607
2611
2615
2619
2623
2626
2630
2634
2638
2642
2646
2650
2653
2657
2661
2665
2669
2673
2676
2680
2684
2688
2692
2696
2700
2703
2707
2711
2715
2719
2723
2726
2730
2734
2738
2742
2746
2750
2753
2757
2761
2765
2769
2773
2776
2780
2784
2788
2792
2796
2800
2804
2808
2812
2816
2820
2824
2828
2832
2836
2840
2844
2848
2852
2856
2860
2864
2868
2872
2876
2880
2884
2888
2892
2896
2900
2903
2907
2911
2915
2919
2923
2926
2930
2934
2938
2942
2946
2950
2953
2957
2961
2965
2969
2973
2976
2980
2984
2988
2992
2996
3000
3002
3004
3006
3009
3011
3013
3015
3018
3020
3022
3025
3027
3029
3031
3034
3036
3038
3040
3043
3045
3047
3050
3052
3054
3056
3059
3061
3063
3065
3068
3070
3072
3075
3077
3079
3081
3084
3086
3088
3090
3093
3095
3097
3100
3102
3104
3106
3109
3111
3113
3115
3118
3120
3122
3125
3127
3129
3131
3134
3136
3138
3140
3143
3145
3147
3150
3152
3154
3156
3159
3161
3163
3165
3168
3170
3172
3175
3177
3179
3181
3184
3186
3188
3190
3193
3195
3197
3200
3202
3204
3206
3209
3211
3213
3215
3218
3220
3222
3225
3227
3229
3231
3234
3236
3238
3240
3243
3245
3247
3250
3252
3254
3256
3259
3261
3263
3265
3268
3270
3272
3275
3277
3279
3281
3284
3286
3288
3290
3293
3295
3297
3300
3302
3304
3306
3309
3311
3313
3315
3318
3320
3322
3324
3327
3329
3331
3334
3336
3338
3340
3343
3345
3347
3349
3352
3354
3356
3359
3361
3363
3365
3368
3370
3372
3375
3377
3379
3381
3384
3386
3388
3390
3393
3395
3397
3400
3402
3404
3406
3409
3411
3413
3415
3418
3420
3422
3425
3427
3429
3431
3434
3436
3438
3440
3443
3445
3447
3450
3452
3454
3456
3459
3461
3463
3465
3468
3470
3472
3475
3477
3479
3481
3484
3486
3488
3490
3493
3495
3497
3500
3502
3504
3507
3509
3511
3514
3516
3519
3521
3523
3526
3528
3530
3533
3535
3538
3540
3542
3545
3547
3550
3552
3554
3557
3559
3561
3564
3566
3569
3571
3573
3576
3578
3580
3583
3585
3588
3590
3592
3595
3597
3600
3602
3604
3607
3609
3612
3614
3617
3619
3621
3624
3626
3629
3631
3634
3636
3639
3641
3643
3646
3648
3651
3653
3656
3658
3660
3663
3665
3668
3670
3673
3675
3678
3680
3682
3685
3687
3690
3692
3695
3697
3700
3702
3704
3707
3709
3712
3714
3717
3719
3721
3724
3726
3729
3731
3734
3736
3739
3741
3743
3746
3748
3751
3753
3756
3758
3760
3763
3765
3768
3770
3773
3775
3778
3780
3782
3785
3787
3790
3792
3795
3797
3800
3802
3804
3807
3809
3811
3814
3816
3819
3821
3823
3826
3828
3830
3833
3835
3838
3840
3842
3845
3847
3849
3852
3854
3857
3859
3861
3864
3866
3869
3871
3873
3876
3878
3880
3883
3885
3888
3890
3892
3895
3897
3900
3902
3904
3907
3909
3912
3914
3917
3919
3921
3924
3926
3929
3931
3934
3936
3939
3941
3943
3946
3948
3951
3953
3956
3958
3960
3963
3965
3968
3970
3973
3975
3978
3980
3982
3985
3987
3990
3992
3995
3997
4000
4004
4009
4013
4018
4022
4027
4031
4036
4040
4045
4050
4054
4059
4063
4068
4072
4077
4081
4086
4090
4095
4100
4104
4108
4113
4117
4121
4126
4130
4134
4139
4143
4147
4152
4156
4160
4165
4169
4173
4178
4182
4186
4191
4195
4200
4204
4209
4213
4218
4222
4227
4231
4236
4240
4245
4250
4254
4259
4263
4268
4272
4277
4281
4286
4290
4295
4300
4304
4309
4313
4318
4322
4327
4331
4336
4340
4345
4350
4354
4359
4363
4368
4372
4377
4381
4386
4390
4395
4400
4404
4409
4413
4418
4422
4427
4431
4436
4440
4445
4450
4454
4459
4463
4468
4472
4477
4481
4486
4490
4495
4500
4502
4504
4506
4508
4510
4512
4514
4516
4518
4520
4522
4525
4527
4529
4531
4533
4535
4537
4539
4541
4543
4545
4547
4550
4552
4554
4556
4558
4560
4562
4564
4566
4568
4570
4572
4574
4577
4579
4581
4583
4585
4587
4589
4591
4593
4595
4597
4600
4602
4604
4606
4608
4610
4612
4614
4616
4618
4620
4622
4625
4627
4629
4631
4633
4635
4637
4639
4641
4643
4645
4647
4650
4652
4654
4656
4658
4660
4662
4664
4666
4668
4670
4672
4675
4677
4679
4681
4683
4685
4687
4689
4691
4693
4695
4697
4700
4702
4704
4706
4708
4710
4712
4714
4717
4719
4721
4723
4725
4727
4729
4731
4734
4736
4738
4740
4742
4744
4746
4748
4751
4753
4755
4757
4759
4761
4763
4765
4768
4770
4772
4774
4776
4778
4780
4782
4785
4787
4789
4791
4793
4795
4797
4800
4802
4804
4806
4808
4810
4812
4814
4816
4818
4820
4822
4825
4827
4829
4831
4833
4835
4837
4839
4841
4843
4845
4847
4850
4852
4854
4856
4858
4860
4862
4864
4866
4868
4870
4872
4875
4877
4879
4881
4883
4885
4887
4889
4891
4893
4895
4897
4900
4902
4904
4906
4908
4910
4912
4914
4916
4918
4920
4922
4925
4927
4929
4931
4933
4935
4937
4939
4941
4943
4945
4947
4950
4952
4954
4956
4958
4960
4962
4964
4966
4968
4970
4972
4975
4977
4979
4981
4983
4985
4987
4989
4991
4993
4995
4997
5000
5001
5003
5005
5007
5009
5011
5013
5015
5016
5018
5020
5022
5024
5026
5028
5030
5032
5033
5035
5037
5039
5041
5043
5045
5047
5049
5050
5052
5054
5056
5058
5060
5062
5064
5066
5067
5069
5071
5073
5075
5077
5079
5081
5083
5084
5086
5088
5090
5092
5094
5096
5098
5100
5101
5103
5105
5107
5109
5111
5113
5115
5116
5118
5120
5122
5124
5126
5128
5130
5132
5133
5135
5137
5139
5141
5143
5145
5147
5149
5150
5152
5154
5156
5158
5160
5162
5164
5166
5167
5169
5171
5173
5175
5177
5179
5181
5183
5184
5186
5188
5190
5192
5194
5196
5198
5200
5201
5203
5205
5207
5209
5211
5213
5215
5216
5218
5220
5222
5224
5226
5228
5230
5232
5233
5235
5237
5239
5241
5243
5245
5247
5249
5250
5252
5254
5256
5258
5260
5262
5264
5266
5267
5269
5271
5273
5275
5277
5279
5281
5283
5284
5286
5288
5290
5292
5294
5296
5298
5300
5301
5303
5305
5307
5309
5311
5313
5315
5316
5318
5320
5322
5324
5326
5328
5330
5332
5333
5335
5337
5339
5341
5343
5345
5347
5349
5350
5352
5354
5356
5358
5360
5362
5364
5366
5367
5369
5371
5373
5375
5377
5379
5381
5383
5384
5386
5388
5390
5392
5394
5396
5398
5400
5401
5403
5405
5407
5409
5411
5413
5415
5416
5418
5420
5422
5424
5426
5428
5430
5432
5433
5435
5437
5439
5441
5443
5445
5447
5449
5450
5452
5454
5456
5458
5460
5462
5464
5466
5467
5469
5471
5473
5475
5477
5479
5481
5483
5484
5486
5488
5490
5492
5494
5496
5498
5500
5505
5510
5515
5520
5525
5530
5535
5540
5545
5550
5555
5560
5564
5569
5574
5580
5585
5590
5595
5600
5605
5610
5615
5621
5626
5631
5636
5642
5647
5652
5657
5663
5668
5673
5678
5684
5689
5694
5700
5705
5710
5715
5720
5725
5730
5735
5740
5745
5750
5755
5760
5765
5770
5775
5780
5785
5790
5795
5800
5805
5810
5815
5821
5826
5831
5836
5842
5847
5852
5857
5863
5868
5873
5878
5884
5889
5894
5900
5905
5910
5915
5921
5926
5931
5936
5942
5947
5952
5957
5963
5968
5973
5978
5984
5989
5994
6000
6002
6005
6008
6011
6013
6016
6019
6022
6025
6027
6030
6033
6036
6038
6041
6044
6047
6050
6052
6055
6058
6061
6063
6066
6069
6072
6074
6077
6080
6083
6086
6088
6091
6094
6097
6100
6102
6105
6108
6111
6113
6116
6119
6122
6125
6127
6130
6133
6136
6138
6141
6144
6147
6150
6152
6155
6158
6161
6163
6166
6169
6172
6175
6177
6180
6183
6186
6188
6191
6194
6197
6200
6202
6205
6208
6211
6213
6216
6219
6222
6225
6227
6230
6233
6236
6238
6241
6244
6247
6250
6252
6255
6258
6261
6263
6266
6269
6272
6275
6277
6280
6283
6286
6288
6291
6294
6297
6300
6302
6305
6308
6311
6313
6316
6319
6322
6325
6327
6330
6333
6336
6338
6341
6344
6347
6350
6352
6355
6358
6361
6363
6366
6369
6372
6375
6377
6380
6383
6386
6388
6391
6394
6397
6400
6402
6405
6408
6411
6413
6416
6419
6422
6425
6427
6430
6433
6436
6438
6441
6444
6447
6450
6452
6455
6458
6461
6463
6466
6469
6472
6475
6477
6480
6483
6486
6488
6491
6494
6497
6500
6501
6503
6505
6507
6509
6511
6513
6515
6516
6518
6520
6522
6524
6526
6528
6530
6532
6533
6535
6537
6539
6541
6543
6545
6547
6549
6550
6552
6554
6556
6558
6560
6562
6564
6566
6567
6569
6571
6573
6575
6577
6579
6581
6583
6584
6586
6588
6590
6592
6594
6596
6598
6600
6601
6603
6605
6607
6609
6611
6612
6614
6616
6618
6620
6622
6624
6625
6627
6629
6631
6633
6635
6637
6638
6640
6642
6644
6646
6648
6650
6651
6653
6655
6657
6659
6661
6662
6664
6666
6668
6670
6672
6674
6675
6677
6679
6681
6683
6685
6687
6688
6690
6692
6694
6696
6698
6700
6701
6703
6705
6707
6709
6711
6712
6714
6716
6718
6720
6722
6724
6725
6727
6729
6731
6733
6735
6737
6738
6740
6742
6744
6746
6748
6750
6751
6753
6755
6757
6759
6761
6762
6764
6766
6768
6770
6772
6774
6775
6777
6779
6781
6783
6785
6787
6788
6790
6792
6794
6796
6798
6800
6801
6803
6805
6807
6809
6811
6812
6814
6816
6818
6820
6822
6824
6825
6827
6829
6831
6833
6835
6837
6838
6840
6842
6844
6846
6848
6850
6851
6853
6855
6857
6859
6861
6862
6864
6866
6868
6870
6872
6874
6875
6877
6879
6881
6883
6885
6887
6888
6890
6892
6894
6896
6898
6900
6901
6903
6905
6907
6909
6911
6912
6914
6916
6918
6920
6922
6924
6925
6927
6929
6931
6933
6935
6937
6938
6940
6942
6944
6946
6948
6950
6951
6953
6955
6957
6959
6961
6962
6964
6966
6968
6970
6972
6974
6975
6977
6979
6981
6983
6985
6987
6988
6990
6992
6994
6996
6998
7000
7005
7010
7015
7020
7025
7030
7035
7040
7045
7050
7055
7060
7064
7069
7074
7080
7085
7090
7095
7100
7104
7109
7114
7119
7123
7128
7133
7138
7142
7147
7152
7157
7161
7166
7171
7176
7180
7185
7190
7195
7200
7204
7209
7214
7219
7223
7228
7233
7238
7242
7247
7252
7257
7261
7266
7271
7276
7280
7285
7290
7295
7300
7305
7310
7314
7320
7325
7330
7335
7340
7345
7350
7355
7360
7365
7370
7375
7380
7385
7390
7395
7400
7404
7409
7414
7419
7423
7428
7433
7438
7442
7447
7452
7457
7461
7466
7471
7476
7480
7485
7490
7495
7500
7506
7513
7520
7526
7533
7540
7546
7553
7560
7566
7573
7580
7586
7593
7600
7606
7613
7620
7626
7633
7640
7646
7653
7660
7666
7673
7680
7686
7693
7700
7706
7713
7720
7726
7733
7740
7746
7753
7760
7766
7773
7780
7786
7793
7800
7806
7812
7818
7825
7831
7837
7843
7850
7856
7862
7868
7875
7881
7887
7893
7900
7906
7913
7920
7926
7933
7940
7946
7953
7960
7966
7973
7980
7986
7993
8000
8005
8010
8015
8020
8025
8029
8035
8039
8045
8050
8055
8060
8064
8070
8074
8080
8084
8090
8094
8100
8105
8110
8115
8121
8126
8131
8136
8142
8147
8152
8157
8163
8168
8173
8178
8184
8189
8194
8200
8205
8209
8215
8219
8225
8230
8235
8240
8245
8250
8255
8260
8265
8270
8275
8280
8285
8290
8295
8300
8305
8310
8315
8320
8325
8330
8335
8340
8345
8350
8355
8360
8365
8370
8375
8380
8385
8390
8395
8400
8405
8410
8415
8420
8425
8430
8435
8440
8445
8450
8455
8460
8465
8470
8475
8480
8485
8490
8495
8500
8510
8520
8530
8540
8550
8560
8570
8580
8590
8600
8609
8618
8627
8636
8645
8654
8663
8672
8681
8690
8700
8709
8719
8730
8740
8750
8760
8770
8780
8790
8800
8809
8818
8827
8836
8845
8854
8863
8872
8881
8890
8900
8910
8920
8930
8940
8950
8960
8970
8980
8990
9000
9005
9010
9015
9020
9025
9030
9035
9040
9045
9050
9055
9060
9065
9070
9075
9080
9084
9090
9094
9100
9105
9110
9115
9120
9125
9129
9135
9139
9145
9149
9155
9160
9165
9170
9174
9180
9184
9190
9194
9200
9205
9209
9215
9219
9225
9230
9235
9240
9245
9250
9255
9260
9265
9270
9275
9280
9285
9290
9295
9300
9305
9310
9315
9320
9325
9330
9335
9340
9345
9350
9355
9360
9365
9370
9375
9380
9385
9390
9395
9400
9405
9410
9415
9420
9425
9430
9435
9440
9445
9450
9455
9460
9465
9470
9475
9480
9485
9490
9495
9500
9507
9514
9521
9528
9535
9542
9550
9557
9564
9571
9578
9585
9592
9600
9607
9615
9623
9630
9638
9646
9653
9661
9669
9676
9684
9692
9700
9707
9715
9723
9730
9738
9746
9753
9761
9769
9776
9784
9792
9800
9807
9814
9821
9828
9835
9842
9850
9857
9864
9871
9878
9885
9892
9900
9907
9915
9923
9930
9938
9946
9953
9961
9969
9976
9984
9992
10000
10003
10007
10011
10015
10019
10023
10026
10030
10034
10038
10042
10046
10050
10053
10057
10061
10065
10069
10073
10076
10080
10084
10088
10092
10096
10100
10103
10107
10111
10114
10118
10122
10125
10129
10133
10137
10140
10144
10148
10151
10155
10159
10162
10166
10170
10174
10177
10181
10185
10188
10192
10196
10200
10203
10207
10211
10215
10219
10223
10226
10230
10234
10238
10242
10246
10250
10253
10257
10261
10265
10269
10273
10276
10280
10284
10288
10292
10296
10300
10303
10307
10311
10315
10319
10323
10326
10330
10334
10338
10342
10346
10350
10353
10357
10361
10365
10369
10373
10376
10380
10384
10388
10392
10396
10400
10403
10407
10411
10414
10418
10422
10425
10429
10433
10437
10440
10444
10448
10451
10455
10459
10462
10466
10470
10474
10477
10481
10485
10488
10492
10496
10500
10504
10508
10512
10516
10520
10525
10529
10533
10537
10541
10545
10550
10554
10558
10562
10566
10570
10575
10579
10583
10587
10591
10595
10600
10604
10608
10612
10616
10620
10625
10629
10633
10637
10641
10645
10649
10654
10658
10662
10666
10670
10674
10679
10683
10687
10691
10695
10700
10703
10708
10712
10716
10719
10724
10728
10732
10736
10740
10744
10748
10752
10756
10760
10764
10768
10772
10776
10780
10784
10788
10792
10796
10800
10804
10808
10812
10816
10820
10825
10829
10833
10837
10841
10845
10850
10854
10858
10862
10866
10870
10875
10879
10883
10887
10891
10895
10900
10904
10908
10912
10916
10920
10925
10929
10933
10937
10941
10945
10950
10954
10958
10962
10966
10970
10975
10979
10983
10987
10991
10995
11000
11014
11028
11042
11057
11071
11085
11100
11114
11128
11142
11157
11171
11185
11200
11214
11228
11242
11257
11271
11285
11300
11314
11328
11342
11357
11371
11385
11400
11416
11433
11450
11466
11483
11500
11503
11506
11509
11512
11516
11519
11522
11525
11529
11532
11535
11538
11541
11545
11548
11551
11554
11558
11561
11564
11567
11570
11574
11577
11580
11583
11587
11590
11593
11596
11600
11603
11606
11609
11612
11615
11618
11621
11625
11628
11631
11634
11637
11640
11643
11646
11649
11653
11656
11659
11662
11665
11668
11671
11674
11678
11681
11684
11687
11690
11693
11696
11700
11703
11706
11709
11712
11716
11719
11722
11725
11729
11732
11735
11738
11741
11745
11748
11751
11754
11758
11761
11764
11767
11770
11774
11777
11780
11783
11787
11790
11793
11796
11800
11803
11806
11809
11812
11816
11819
11822
11825
11829
11832
11835
11838
11841
11845
11848
11851
11854
11858
11861
11864
11867
11870
11874
11877
11880
11883
11887
11890
11893
11896
11900
11903
11906
11909
11912
11916
11919
11922
11925
11929
11932
11935
11938
11941
11945
11948
11951
11954
11958
11961
11964
11967
11970
11974
11977
11980
11983
11987
11990
11993
11996
12000
12033
12066
12100
12125
12149
12174
12200
12233
12266
12300
12325
12350
12375
12400
12433
12466
12500
12520
12540
12560
12580
12600
12616
12633
12649
12666
12683
12700
12719
12740
12760
12780
12800
12820
12840
12860
12880
12900
12920
12940
12960
12980
13000
13005
13010
13015
13021
13026
13031
13036
13042
13047
13052
13057
13063
13068
13073
13078
13084
13089
13094
13100
13105
13111
13116
13122
13127
13133
13138
13144
13149
13155
13161
13166
13172
13177
13183
13188
13194
13200
13205
13210
13215
13221
13226
13231
13236
13242
13247
13252
13257
13263
13268
13273
13278
13284
13289
13294
13300
13305
13310
13315
13321
13326
13331
13336
13342
13347
13352
13357
13363
13368
13373
13378
13384
13389
13394
13400
13405
13410
13415
13421
13426
13431
13436
13442
13447
13452
13457
13463
13468
13473
13478
13484
13489
13494
13500
13514
13528
13542
13557
13571
13585
13600
13616
13633
13649
13666
13683
13700
13714
13728
13742
13757
13771
13785
13800
13816
13833
13850
13866
13883
13900
13916
13933
13950
13966
13983
14000
14004
14008
14012
14016
14020
14024
14028
14032
14036
14040
14044
14048
14052
14056
14060
14064
14068
14072
14076
14080
14084
14088
14092
14096
14100
14104
14107
14112
14116
14120
14123
14128
14132
14136
14139
14144
14148
14152
14155
14160
14164
14168
14171
14176
14180
14184
14187
14192
14196
14200
14203
14208
14212
14216
14219
14224
14228
14232
14236
14240
14244
14248
14252
14256
14260
14264
14268
14272
14276
14280
14284
14288
14292
14296
14300
14304
14308
14312
14316
14320
14324
14328
14332
14336
14340
14344
14348
14352
14356
14360
14364
14368
14372
14376
14380
14384
14388
14392
14396
14400
14404
14408
14412
14416
14420
14424
14428
14432
14436
14440
14444
14448
14452
14456
14460
14464
14468
14472
14476
14480
14484
14488
14492
14496
14500
14502
14504
14506
14508
14510
14512
14514
14516
14518
14520
14522
14524
14526
14528
14530
14532
14534
14536
14538
14540
14542
14544
14546
14548
14550
14552
14554
14556
14558
14560
14562
14564
14565
14568
14570
14572
14574
14576
14578
14580
14581
14584
14586
14588
14590
14592
14594
14596
14597
14600
14602
14604
14606
14607
14610
14612
14613
14616
14618
14620
14622
14623
14626
14628
14629
14632
14634
14636
14638
14639
14642
14644
14645
14648
14650
14652
14654
14655
14658
14660
14661
14664
14665
14668
14670
14671
14674
14676
14677
14680
14681
14684
14686
14687
14690
14692
14693
14696
14697
14700
14702
14703
14706
14708
14709
14712
14713
14716
14718
14719
14722
14724
14726
14728
14730
14732
14734
14736
14738
14740
14742
14744
14746
14748
14750
14752
14754
14756
14758
14760
14762
14764
14766
14768
14770
14772
14774
14776
14778
14780
14782
14784
14786
14788
14790
14792
14794
14796
14798
14800
14802
14804
14806
14808
14810
14812
14814
14816
14818
14820
14822
14824
14826
14828
14830
14832
14834
14836
14838
14840
14842
14844
14846
14848
14850
14852
14854
14856
14858
14860
14862
14864
14866
14868
14870
14872
14874
14876
14878
14880
14882
14884
14886
14888
14890
14892
14894
14896
14898
14900
14902
14904
14906
14908
14910
14912
14914
14916
14918
14920
14922
14924
14926
14928
14930
14932
14934
14936
14938
14940
14942
14944
14946
14948
14950
14952
14954
14956
14958
14960
14962
14964
14966
14968
14970
14972
14974
14976
14978
14980
14982
14984
14986
14988
14990
14992
14994
14996
14998
15000
15002
15005
15007
15010
15012
15015
15017
15020
15022
15025
15027
15030
15032
15035
15037
15040
15042
15045
15047
15050
15052
15055
15057
15060
15062
15065
15067
15070
15072
15075
15077
15080
15082
15084
15087
15090
15092
15094
15097
15100
15102
15105
15107
15110
15112
15115
15117
15120
15122
15125
15127
15129
15132
15135
15137
15139
15142
15145
15147
15149
15152
15155
15157
15160
15162
15165
15167
15170
15172
15174
15177
15180
15182
15184
15187
15190
15192
15194
15197
15200
15202
15205
15207
15209
15212
15215
15217
15219
15222
15225
15227
15230
15232
15235
15237
15240
15242
15245
15247
15250
15252
15255
15257
15260
15262
15265
15267
15270
15272
15275
15277
15280
15282
15285
15287
15290
15292
15295
15297
15300
15302
15305
15307
15310
15312
15315
15317
15320
15322
15325
15327
15330
15332
15335
15337
15340
15342
15345
15347
15350
15352
15355
15357
15360
15362
15365
15367
15370
15372
15375
15377
15380
15382
15385
15387
15390
15392
15395
15397
15400
15402
15405
15407
15410
15412
15415
15417
15420
15422
15425
15427
15430
15432
15435
15437
15440
15442
15445
15447
15450
15452
15455
15457
15460
15462
15465
15467
15470
15472
15475
15477
15480
15482
15485
15487
15490
15492
15495
15497
15500
15503
15507
15511
15514
15518
15522
15525
15529
15533
15537
15540
15544
15548
15551
15555
15559
15562
15566
15570
15574
15577
15581
15585
15588
15592
15596
15600
15603
15607
15611
15614
15618
15622
15625
15629
15633
15637
15640
15644
15648
15651
15655
15659
15662
15666
15670
15674
15677
15681
15685
15688
15692
15696
15700
15703
15707
15711
15714
15718
15722
15725
15729
15733
15737
15740
15744
15748
15751
15755
15759
15762
15766
15770
15774
15777
15781
15785
15788
15792
15796
15800
15803
15807
15811
15815
15819
15823
15826
15830
15834
15838
15842
15846
15850
15853
15857
15861
15865
15869
15873
15876
15880
15884
15888
15892
15896
15900
15903
15907
15911
15914
15918
15922
15925
15929
15933
15937
15940
15944
15948
15951
15955
15959
15962
15966
15970
15974
15977
15981
15985
15988
15992
15996
16000
16002
16004
16006
16009
16011
16013
16015
16018
16020
16022
16024
16027
16029
16031
16034
16036
16038
16040
16043
16045
16047
16050
16052
16054
16056
16059
16061
16063
16065
16068
16070
16072
16075
16077
16079
16081
16084
16086
16088
16090
16093
16095
16097
16100
16102
16104
16106
16109
16111
16113
16116
16118
16120
16123
16125
16127
16130
16132
16134
16137
16139
16141
16144
16146
16148
16151
16153
16155
16158
16160
16162
16165
16167
16169
16172
16174
16176
16179
16181
16183
16186
16188
16190
16193
16195
16197
16200
16202
16204
16206
16209
16211
16213
16215
16218
16220
16222
16225
16227
16229
16231
16234
16236
16238
16240
16243
16245
16247
16250
16252
16254
16256
16259
16261
16263
16265
16268
16270
16272
16274
16277
16279
16281
16284
16286
16288
16290
16293
16295
16297
16300
16302
16304
16306
16309
16311
16313
16316
16318
16320
16323
16325
16327
16330
16332
16334
16337
16339
16341
16344
16346
16348
16351
16353
16355
16358
16360
16362
16365
16367
16369
16372
16374
16376
16379
16381
16383
16386
16388
16390
16393
16395
16397
16400
16402
16404
16406
16409
16411
16413
16415
16418
16420
16422
16424
16427
16429
16431
16434
16436
16438
16440
16443
16445
16447
16450
16452
16454
16456
16459
16461
16463
16465
16468
16470
16472
16475
16477
16479
16481
16484
16486
16488
16490
16493
16495
16497
16500
16502
16504
16507
16509
16511
16514
16516
16519
16521
16523
16526
16528
16530
16533
16535
16538
16540
16542
16545
16547
16550
16552
16554
16557
16559
16561
16564
16566
16569
16571
16573
16576
16578
16580
16583
16585
16588
16590
16592
16595
16597
16600
16602
16604
16606
16609
16611
16613
16616
16618
16620
16623
16625
16627
16630
16632
16634
16637
16639
16641
16644
16646
16648
16651
16653
16655
16658
16660
16662
16665
16667
16669
16672
16674
16676
16679
16681
16683
16686
16688
16690
16693
16695
16697
16700
16702
16704
16706
16709
16711
16713
16716
16718
16720
16723
16725
16727
16730
16732
16734
16737
16739
16741
16744
16746
16748
16751
16753
16755
16758
16760
16762
16765
16767
16769
16772
16774
16776
16779
16781
16783
16786
16788
16790
16793
16795
16797
16800
16802
16804
16806
16809
16811
16813
16816
16818
16820
16823
16825
16827
16830
16832
16834
16837
16839
16841
16844
16846
16848
16851
16853
16855
16858
16860
16862
16865
16867
16869
16872
16874
16876
16879
16881
16883
16886
16888
16890
16893
16895
16897
16900
16902
16904
16906
16909
16911
16913
16916
16918
16920
16923
16925
16927
16930
16932
16934
16937
16939
16941
16944
16946
16948
16951
16953
16955
16958
16960
16962
16965
16967
16969
16972
16974
16976
16979
16981
16983
16986
16988
16990
16993
16995
16997
17000
17002
17004
17006
17008
17011
17013
17015
17017
17020
17022
17024
17026
17028
17031
17033
17035
17037
17040
17042
17044
17046
17048
17051
17053
17055
17057
17060
17062
17064
17066
17068
17071
17073
17075
17077
17080
17082
17084
17086
17088
17091
17093
17095
17097
17100
17102
17104
17106
17109
17111
17113
17115
17118
17120
17122
17125
17127
17129
17131
17134
17136
17138
17140
17143
17145
17147
17150
17152
17154
17156
17159
17161
17163
17165
17168
17170
17172
17175
17177
17179
17181
17184
17186
17188
17190
17193
17195
17197
17200
17202
17204
17206
17208
17211
17213
17215
17217
17220
17222
17224
17226
17228
17231
17233
17235
17237
17240
17242
17244
17246
17248
17251
17253
17255
17257
17260
17262
17264
17266
17268
17271
17273
17275
17277
17280
17282
17284
17286
17288
17291
17293
17295
17297
17300
17302
17304
17306
17308
17311
17313
17315
17317
17320
17322
17324
17326
17328
17331
17333
17335
17337
17340
17342
17344
17346
17348
17351
17353
17355
17357
17360
17362
17364
17366
17368
17371
17373
17375
17377
17380
17382
17384
17386
17388
17391
17393
17395
17397
17400
17402
17404
17406
17409
17411
17413
17415
17418
17420
17422
17424
17427
17429
17431
17434
17436
17438
17440
17443
17445
17447
17450
17452
17454
17456
17459
17461
17463
17465
17468
17470
17472
17475
17477
17479
17481
17484
17486
17488
17490
17493
17495
17497
17500
17502
17504
17506
17508
17510
17512
17514
17517
17519
17521
17523
17525
17527
17529
17531
17534
17536
17538
17540
17542
17544
17546
17548
17551
17553
17555
17557
17559
17561
17563
17565
17568
17570
17572
17574
17576
17578
17580
17582
17585
17587
17589
17591
17593
17595
17597
17600
17602
17604
17606
17608
17610
17612
17614
17617
17619
17621
17623
17625
17627
17629
17631
17634
17636
17638
17640
17642
17644
17646
17648
17651
17653
17655
17657
17659
17661
17663
17665
17668
17670
17672
17674
17676
17678
17680
17682
17685
17687
17689
17691
17693
17695
17697
17700
17702
17704
17706
17708
17710
17713
17715
17717
17719
17721
17723
17726
17728
17730
17732
17734
17736
17739
17741
17743
17745
17747
17750
17752
17754
17756
17758
17760
17763
17765
17767
17769
17771
17773
17776
17778
17780
17782
17784
17786
17789
17791
17793
17795
17797
17800
17802
17804
17806
17808
17810
17812
17814
17817
17819
17821
17823
17825
17827
17829
17831
17834
17836
17838
17840
17842
17844
17846
17848
17851
17853
17855
17857
17859
17861
17863
17865
17868
17870
17872
17874
17876
17878
17880
17882
17885
17887
17889
17891
17893
17895
17897
17900
17902
17904
17906
17908
17910
17912
17914
17917
17919
17921
17923
17925
17927
17929
17931
17934
17936
17938
17940
17942
17944
17946
17948
17951
17953
17955
17957
17959
17961
17963
17965
17968
17970
17972
17974
17976
17978
17980
17982
17985
17987
17989
17991
17993
17995
17997
18000
18004
18008
18012
18016
18020
18025
18029
18033
18037
18041
18045
18050
18054
18058
18062
18066
18070
18075
18079
18083
18087
18091
18095
18100
18104
18108
18112
18116
18120
18125
18129
18133
18137
18141
18145
18150
18154
18158
18162
18166
18170
18175
18179
18183
18187
18191
18195
18200
18204
18208
18212
18216
18220
18225
18229
18233
18237
18241
18245
18250
18254
18258
18262
18266
18270
18275
18279
18283
18287
18291
18295
18300
18304
18308
18312
18316
18320
18325
18329
18333
18337
18341
18345
18350
18354
18358
18362
18366
18370
18375
18379
18383
18387
18391
18395
18400
18404
18408
18413
18417
18421
18426
18430
18434
18439
18443
18447
18452
18456
18460
18465
18469
18473
18478
18482
18486
18491
18495
18500
18506
18512
18518
18525
18531
18537
18543
18550
18556
18562
18568
18575
18581
18587
18593
18600
18606
18613
18620
18626
18633
18640
18646
18653
18660
18666
18673
18680
18686
18693
18700
18706
18712
18718
18725
18731
18737
18743
18750
18756
18762
18768
18775
18781
18787
18793
18800
18806
18813
18820
18826
18833
18840
18846
18853
18860
18866
18873
18880
18886
18893
18900
18906
18913
18919
18926
18933
18939
18946
18953
18960
18966
18973
18980
18986
18993
19000
19003
19006
19009
19012
19016
19019
19022
19025
19029
19032
19035
19038
19041
19045
19048
19051
19054
19058
19061
19064
19067
19070
19074
19077
19080
19083
19087
19090
19093
19096
19100
19103
19106
19110
19113
19116
19120
19123
19126
19130
19133
19136
19140
19143
19146
19150
19153
19156
19160
19163
19166
19170
19173
19176
19180
19183
19186
19189
19193
19196
19200
19203
19206
19210
19213
19216
19220
19223
19226
19230
19233
19236
19240
19243
19246
19250
19253
19256
19260
19263
19266
19270
19273
19276
19280
19283
19286
19290
19293
19296
19300
19303
19306
19310
19313
19316
19320
19323
19326
19330
19333
19336
19340
19343
19346
19350
19353
19356
19360
19363
19366
19369
19373
19376
19380
19383
19386
19390
19393
19396
19400
19403
19406
19409
19412
19416
19419
19422
19425
19429
19432
19435
19438
19441
19445
19448
19451
19454
19458
19461
19464
19467
19470
19474
19477
19480
19483
19487
19490
19493
19496
19500
19503
19507
19511
19515
19519
19523
19526
19530
19534
19538
19542
19546
19550
19553
19557
19561
19565
19569
19573
19576
19580
19584
19588
19592
19596
19600
19603
19607
19611
19614
19618
19622
19625
19629
19633
19637
19640
19644
19648
19651
19655
19659
19662
19666
19670
19674
19677
19681
19685
19688
19692
19696
19700
19703
19707
19711
19714
19718
19722
19725
19729
19733
19737
19740
19744
19748
19751
19755
19759
19762
19766
19770
19774
19777
19781
19785
19788
19792
19796
19800
19803
19807
19811
19814
19818
19822
19825
19829
19833
19837
19840
19844
19848
19851
19855
19859
19862
19866
19870
19874
19877
19881
19885
19888
19892
19896
19900
19903
19907
19911
19915
19919
19923
19926
19930
19934
19938
19942
19946
19950
19953
19957
19961
19965
19969
19973
19976
19980
19984
19988
19992
19996
20000
20002
20004
20007
20009
20011
20014
20016
20019
20021
20023
20026
20028
20030
20033
20035
20038
20040
20042
20045
20047
20050
20052
20054
20057
20059
20061
20064
20066
20069
20071
20073
20076
20078
20080
20083
20085
20088
20090
20092
20095
20097
20100
20102
20104
20107
20109
20111
20114
20116
20119
20121
20123
20126
20128
20130
20133
20135
20138
20140
20142
20145
20147
20150
20152
20154
20157
20159
20161
20164
20166
20169
20171
20173
20176
20178
20180
20183
20185
20188
20190
20192
20195
20197
20200
20202
20204
20207
20209
20211
20214
20216
20219
20221
20223
20226
20228
20230
20233
20235
20238
20240
20242
20245
20247
20250
20252
20254
20257
20259
20261
20264
20266
20269
20271
20273
20276
20278
20280
20283
20285
20288
20290
20292
20295
20297
20300
20302
20304
20307
20309
20312
20314
20317
20319
20321
20324
20326
20329
20331
20334
20336
20339
20341
20343
20346
20348
20351
20353
20356
20358
20360
20363
20365
20368
20370
20373
20375
20378
20380
20382
20385
20387
20390
20392
20395
20397
20400
20402
20404
20407
20409
20411
20414
20416
20419
20421
20423
20426
20428
20430
20433
20435
20438
20440
20442
20445
20447
20450
20452
20454
20457
20459
20461
20464
20466
20469
20471
20473
20476
20478
20480
20483
20485
20488
20490
20492
20495
20497
20500
20505
20510
20515
20520
20525
20530
20535
20540
20545
20550
20555
20560
20565
20570
20575
20580
20585
20590
20595
20600
20605
20610
20615
20620
20625
20630
20635
20640
20645
20650
20655
20660
20665
20670
20675
20680
20685
20689
20695
20700
20705
20710
20715
20721
20726
20731
20736
20742
20747
20752
20757
20763
20768
20773
20778
20784
20789
20794
20800
20805
20810
20815
20820
20825
20830
20835
20840
20845
20850
20855
20860
20865
20869
20875
20880
20884
20890
20895
20900
20904
20910
20915
20919
20924
20930
20935
20939
20945
20950
20955
20960
20965
20970
20975
20980
20985
20990
20995
21000
21005
21010
21015
21020
21025
21030
21035
21040
21045
21050
21055
21060
21065
21070
21075
21080
21085
21090
21095
21100
21104
21109
21114
21119
21123
21128
21133
21138
21142
21147
21152
21157
21161
21166
21171
21176
21180
21185
21190
21195
21200
21205
21210
21215
21220
21225
21230
21235
21240
21245
21250
21255
21260
21265
21270
21275
21280
21285
21290
21295
21300
21304
21309
21314
21319
21323
21328
21333
21338
21342
21347
21352
21357
21361
21366
21371
21376
21380
21385
21390
21395
21400
21404
21410
21415
21419
21424
21430
21435
21439
21445
21450
21455
21460
21465
21470
21475
21480
21485
21490
21495
21500
21511
21522
21533
21544
21555
21566
21577
21588
21600
21611
21622
21633
21644
21655
21666
21677
21688
21700
21712
21725
21737
21750
21762
21775
21787
21800
21811
21822
21833
21844
21855
21866
21877
21888
21900
21911
21922
21933
21944
21955
21966
21977
21988
22000
22003
22007
22010
22014
22017
22021
22025
22028
22032
22035
22039
22042
22046
22050
22053
22057
22060
22064
22067
22071
22075
22078
22082
22085
22089
22092
22096
22100
22103
22107
22110
22114
22117
22121
22125
22128
22132
22135
22139
22142
22146
22150
22153
22157
22160
22164
22167
22171
22175
22178
22182
22185
22189
22192
22196
22200
22203
22206
22210
22213
22217
22220
22224
22227
22231
22234
22237
22241
22244
22248
22251
22255
22258
22262
22265
22268
22272
22275
22279
22282
22286
22289
22293
22296
22300
22303
22307
22310
22314
22317
22321
22325
22328
22332
22335
22339
22342
22346
22350
22353
22357
22360
22364
22367
22371
22375
22378
22382
22385
22389
22392
22396
22400
22403
22407
22410
22414
22417
22421
22424
22428
22432
22435
22439
22442
22446
22450
22453
22457
22460
22464
22467
22471
22475
22478
22482
22485
22489
22492
22496
22500
22502
22504
22507
22509
22512
22514
22517
22519
22521
22524
22526
22529
22531
22534
22536
22539
22541
22543
22546
22548
22551
22553
22556
22558
22560
22563
22565
22568
22570
22573
22575
22578
22580
22582
22585
22587
22590
22592
22595
22597
22600
22602
22605
22607
22610
22612
22615
22617
22620
22622
22625
22627
22630
22632
22635
22637
22640
22642
22645
22647
22650
22652
22655
22657
22660
22662
22665
22667
22670
22672
22675
22677
22680
22682
22685
22687
22689
22692
22695
22697
22700
22702
22705
22707
22710
22712
22715
22717
22720
22722
22725
22727
22730
22732
22735
22737
22740
22742
22745
22747
22750
22752
22755
22757
22760
22762
22765
22767
22770
22772
22775
22777
22780
22782
22785
22787
22790
22792
22795
22797
22800
22802
22805
22807
22810
22812
22815
22817
22820
22822
22825
22827
22830
22832
22835
22837
22840
22842
22845
22847
22850
22852
22855
22857
22860
22862
22865
22867
22869
22872
22875
22877
22880
22882
22884
22887
22890
22892
22895
22897
22900
22902
22904
22907
22910
22912
22915
22917
22919
22922
22924
22927
22930
22932
22935
22937
22939
22942
22945
22947
22950
22952
22955
22957
22960
22962
22965
22967
22970
22972
22975
22977
22980
22982
22985
22987
22990
22992
22995
22997
23000
23004
23008
23012
23016
23020
23025
23029
23033
23037
23041
23045
23050
23054
23058
23062
23066
23070
23075
23079
23083
23087
23091
23095
23100
23104
23108
23113
23117
23121
23126
23130
23134
23139
23143
23147
23152
23156
23160
23165
23169
23173
23178
23182
23186
23191
23195
23200
23204
23208
23212
23216
23220
23225
23229
23233
23237
23241
23245
23250
23254
23258
23262
23266
23270
23275
23279
23283
23287
23291
23295
23300
23304
23308
23313
23317
23321
23326
23330
23334
23339
23343
23347
23352
23356
23360
23365
23369
23373
23378
23382
23386
23391
23395
23400
23404
23408
23413
23417
23421
23426
23430
23434
23439
23443
23447
23452
23456
23460
23465
23469
23473
23478
23482
23486
23491
23495
23500
23504
23508
23512
23516
23520
23524
23528
23532
23536
23540
23544
23548
23552
23556
23560
23564
23568
23572
23576
23580
23584
23588
23592
23596
23600
23604
23608
23612
23616
23620
23625
23629
23633
23637
23641
23645
23650
23654
23658
23662
23666
23670
23675
23679
23683
23687
23691
23695
23700
23704
23708
23712
23716
23720
23724
23727
23732
23736
23740
23744
23748
23752
23756
23760
23764
23768
23772
23776
23780
23784
23788
23792
23796
23800
23804
23808
23812
23816
23820
23825
23829
23833
23837
23841
23845
23850
23854
23858
23862
23866
23870
23875
23879
23883
23887
23891
23895
23900
23904
23907
23912
23916
23919
23924
23927
23932
23936
23939
23944
23948
23952
23956
23960
23964
23968
23972
23976
23980
23984
23988
23992
23996
24000
24003
24007
24011
24014
24018
24022
24025
24029
24033
24037
24040
24044
24048
24051
24055
24059
24062
24066
24070
24074
24077
24081
24085
24088
24092
24096
24100
24103
24107
24110
24114
24117
24121
24125
24128
24132
24135
24139
24142
24146
24150
24153
24157
24160
24164
24167
24171
24175
24178
24182
24185
24189
24192
24196
24200
24203
24207
24210
24214
24217
24221
24225
24228
24232
24235
24239
24242
24246
24250
24253
24257
24260
24264
24267
24271
24275
24278
24282
24285
24289
24292
24296
24300
24303
24307
24311
24314
24318
24322
24325
24329
24333
24337
24340
24344
24348
24351
24355
24359
24362
24366
24370
24374
24377
24381
24385
24388
24392
24396
24400
24403
24407
24410
24414
24417
24421
24424
24428
24432
24435
24439
24442
24446
24450
24453
24457
24460
24464
24467
24471
24475
24478
24482
24485
24489
24492
24496
24500
24503
24506
24510
24513
24516
24520
24523
24526
24530
24533
24536
24540
24543
24546
24550
24553
24556
24560
24563
24566
24570
24573
24576
24580
24583
24586
24590
24593
24596
24600
24603
24606
24610
24613
24616
24620
24623
24626
24630
24633
24636
24640
24643
24646
24650
24653
24656
24660
24663
24666
24670
24673
24676
24680
24683
24686
24689
24693
24696
24700
24703
24706
24710
24713
24716
24720
24723
24726
24730
24733
24736
24740
24743
24746
24750
24753
24756
24760
24763
24766
24770
24773
24776
24780
24783
24786
24790
24793
24796
24800
24803
24806
24810
24813
24816
24820
24823
24826
24830
24833
24836
24840
24843
24846
24850
24853
24856
24860
24863
24866
24869
24873
24876
24880
24883
24886
24890
24893
24896
24900
24903
24906
24910
24913
24916
24919
24923
24926
24930
24933
24936
24939
24943
24946
24950
24953
24956
24960
24963
24966
24970
24973
24976
24980
24983
24986
24990
24993
24996
25000
25003
25007
25010
25014
25017
25021
25025
25028
25032
25035
25039
25042
25046
25050
25053
25057
25060
25064
25067
25071
25075
25078
25082
25085
25089
25092
25096
25100
25103
25107
25110
25114
25117
25121
25125
25128
25132
25135
25139
25142
25146
25150
25153
25157
25160
25164
25167
25171
25175
25178
25182
25185
25189
25192
25196
25200
25203
25207
25210
25214
25217
25221
25225
25228
25232
25235
25239
25242
25246
25250
25253
25257
25260
25264
25267
25271
25275
25278
25282
25285
25289
25292
25296
25300
25303
25306
25310
25313
25317
25320
25324
25327
25331
25334
25337
25341
25344
25348
25351
25355
25358
25362
25365
25368
25372
25375
25379
25382
25386
25389
25393
25396
25400
25403
25407
25410
25414
25417
25421
25424
25428
25432
25435
25439
25442
25446
25450
25453
25457
25460
25464
25467
25471
25475
25478
25482
25485
25489
25492
25496
25500
25501
25502
25503
25505
25506
25507
25509
25510
25511
25512
25514
25515
25516
25518
25519
25520
25522
25523
25524
25525
25527
25528
25529
25531
25532
25533
25535
25536
25537
25538
25540
25541
25542
25544
25545
25546
25548
25549
25550
25551
25553
25554
25555
25557
25558
25559
25561
25562
25563
25564
25566
25567
25568
25570
25571
25572
25574
25575
25576
25577
25579
25580
25581
25583
25584
25585
25587
25588
25589
25590
25592
25593
25594
25596
25597
25598
25600
25601
25602
25603
25605
25606
25607
25608
25610
25611
25612
25614
25615
25616
25617
25619
25620
25621
25623
25624
25625
25626
25628
25629
25630
25632
25633
25634
25635
25637
25638
25639
25641
25642
25643
25644
25646
25647
25648
25650
25651
25652
25653
25655
25656
25657
25658
25660
25661
25662
25664
25665
25666
25667
25669
25670
25671
25673
25674
25675
25676
25678
25679
25680
25682
25683
25684
25685
25687
25688
25689
25691
25692
25693
25694
25696
25697
25698
25700
25701
25702
25703
25705
25706
25707
25708
25710
25711
25712
25714
25715
25716
25717
25719
25720
25721
25723
25724
25725
25726
25728
25729
25730
25732
25733
25734
25735
25737
25738
25739
25741
25742
25743
25744
25746
25747
25748
25750
25751
25752
25753
25755
25756
25757
25758
25760
25761
25762
25764
25765
25766
25767
25769
25770
25771
25773
25774
25775
25776
25778
25779
25780
25782
25783
25784
25785
25787
25788
25789
25791
25792
25793
25794
25796
25797
25798
25800
25801
25802
25803
25805
25806
25807
25809
25810
25811
25812
25814
25815
25816
25818
25819
25820
25822
25823
25824
25825
25827
25828
25829
25831
25832
25833
25835
25836
25837
25838
25840
25841
25842
25844
25845
25846
25848
25849
25850
25851
25853
25854
25855
25857
25858
25859
25861
25862
25863
25864
25866
25867
25868
25870
25871
25872
25874
25875
25876
25877
25879
25880
25881
25883
25884
25885
25887
25888
25889
25890
25892
25893
25894
25896
25897
25898
25900
25901
25902
25903
25905
25906
25907
25908
25910
25911
25912
25914
25915
25916
25917
25919
25920
25921
25923
25924
25925
25926
25928
25929
25930
25932
25933
25934
25935
25937
25938
25939
25941
25942
25943
25944
25946
25947
25948
25950
25951
25952
25953
25955
25956
25957
25958
25960
25961
25962
25964
25965
25966
25967
25969
25970
25971
25973
25974
25975
25976
25978
25979
25980
25982
25983
25984
25985
25987
25988
25989
25991
25992
25993
25994
25996
25997
25998
26000
26002
26004
26007
26009
26012
26014
26017
26019
26021
26024
26026
26029
26031
26034
26036
26039
26041
26043
26046
26048
26051
26053
26056
26058
26060
26063
26065
26068
26070
26073
26075
26078
26080
26082
26085
26087
26090
26092
26095
26097
26100
26102
26104
26107
26109
26112
26114
26117
26119
26121
26124
26126
26129
26131
26134
26136
26139
26141
26143
26146
26148
26151
26153
26156
26158
26160
26163
26165
26168
26170
26173
26175
26178
26180
26182
26185
26187
26190
26192
26195
26197
26200
26202
26204
26207
26209
26212
26214
26217
26219
26221
26224
26226
26229
26231
26234
26236
26239
26241
26243
26246
26248
26251
26253
26256
26258
26260
26263
26265
26268
26270
26273
26275
26278
26280
26282
26285
26287
26290
26292
26295
26297
26300
26302
26304
26307
26309
26312
26314
26317
26319
26321
26324
26326
26329
26331
26334
26336
26339
26341
26343
26346
26348
26351
26353
26356
26358
26360
26363
26365
26368
26370
26373
26375
26378
26380
26382
26385
26387
26390
26392
26395
26397
26400
26402
26404
26407
26409
26412
26414
26417
26419
26421
26424
26426
26429
26431
26434
26436
26439
26441
26443
26446
26448
26451
26453
26456
26458
26460
26463
26465
26468
26470
26473
26475
26478
26480
26482
26485
26487
26490
26492
26495
26497
26500
26506
26513
26520
26526
26533
26540
26546
26553
26560
26566
26573
26580
26586
26593
26600
26606
26612
26618
26625
26631
26637
26643
26650
26656
26662
26668
26675
26681
26687
26693
26700
26706
26713
26720
26726
26733
26740
26746
26753
26760
26766
26773
26780
26786
26793
26800
26806
26812
26818
26825
26831
26837
26843
26850
26856
26862
26868
26875
26881
26887
26893
26900
26906
26913
26919
26926
26933
26939
26946
26953
26960
26966
26973
26980
26986
26993
27000
27002
27004
27006
27008
27010
27012
27014
27016
27018
27020
27022
27024
27026
27028
27030
27032
27034
27036
27038
27040
27042
27044
27046
27048
27050
27052
27054
27056
27058
27060
27062
27064
27066
27068
27070
27072
27074
27076
27078
27080
27082
27084
27086
27088
27090
27092
27094
27096
27098
27100
27101
27103
27105
27107
27109
27111
27113
27115
27117
27119
27121
27123
27125
27127
27129
27131
27133
27135
27137
27139
27141
27143
27145
27147
27149
27150
27152
27154
27156
27158
27160
27162
27164
27166
27168
27170
27172
27174
27176
27178
27180
27182
27184
27186
27188
27190
27192
27194
27196
27198
27200
27202
27204
27206
27208
27210
27212
27214
27216
27218
27220
27222
27224
27226
27227
27230
27232
27234
27236
27238
27240
27242
27244
27246
27248
27250
27252
27254
27256
27258
27260
27262
27264
27266
27268
27270
27272
27274
27276
27278
27280
27282
27284
27286
27288
27290
27292
27294
27296
27298
27300
27301
27303
27305
27307
27309
27311
27313
27315
27317
27319
27321
27323
27325
27327
27329
27331
27333
27335
27337
27339
27341
27343
27345
27347
27349
27350
27352
27354
27356
27358
27360
27362
27364
27366
27368
27370
27372
27374
27376
27378
27380
27382
27384
27386
27388
27390
27392
27394
27396
27398
27400
27401
27404
27406
27407
27410
27412
27413
27416
27418
27419
27422
27424
27426
27427
27430
27432
27433
27436
27438
27439
27442
27444
27445
27448
27450
27452
27454
27456
27458
27460
27462
27464
27466
27468
27470
27472
27474
27476
27477
27480
27482
27484
27486
27488
27490
27492
27494
27496
27498
27500
27501
27503
27504
27506
27508
27509
27511
27513
27514
27516
27518
27519
27521
27522
27524
27526
27527
27529
27531
27532
27534
27536
27537
27539
27540
27542
27544
27545
27547
27549
27550
27552
27554
27555
27557
27559
27560
27562
27563
27565
27567
27568
27570
27572
27573
27575
27577
27578
27580
27581
27583
27585
27586
27588
27590
27591
27593
27595
27596
27598
27600
27601
27603
27605
27606
27608
27610
27611
27613
27615
27616
27618
27620
27621
27623
27625
27626
27628
27630
27631
27633
27635
27636
27638
27640
27641
27643
27645
27646
27648
27650
27651
27653
27655
27656
27658
27660
27661
27663
27665
27666
27668
27670
27671
27673
27675
27676
27678
27680
27681
27683
27685
27686
27688
27689
27691
27693
27695
27696
27698
27700
27701
27703
27704
27706
27708
27709
27711
27713
27714
27716
27718
27719
27721
27722
27724
27726
27727
27729
27731
27732
27734
27736
27737
27739
27740
27742
27744
27745
27747
27749
27750
27752
27754
27755
27757
27759
27760
27762
27763
27765
27767
27768
27770
27772
27773
27775
27777
27778
27780
27781
27783
27785
27786
27788
27790
27791
27793
27795
27796
27798
27800
27801
27803
27805
27806
27808
27810
27811
27813
27815
27816
27818
27820
27821
27823
27825
27826
27828
27830
27831
27833
27835
27836
27838
27840
27841
27843
27845
27846
27848
27850
27851
27853
27855
27856
27858
27860
27861
27863
27865
27866
27868
27869
27871
27873
27875
27876
27878
27880
27881
27883
27884
27886
27888
27890
27891
27893
27895
27896
27898
27900
27901
27903
27904
27906
27908
27909
27911
27913
27914
27916
27918
27919
27921
27922
27924
27926
27927
27929
27931
27932
27934
27936
27937
27939
27940
27942
27944
27945
27947
27949
27950
27952
27954
27955
27957
27959
27960
27962
27963
27965
27967
27968
27970
27972
27973
27975
27977
27978
27980
27981
27983
27985
27986
27988
27990
27991
27993
27995
27996
27998
28000
28002
28004
28006
28008
28010
28013
28015
28017
28019
28021
28023
28026
28028
28030
28032
28034
28036
28039
28041
28043
28045
28047
28050
28052
28054
28056
28058
28060
28063
28065
28067
28069
28071
28073
28076
28078
28080
28082
28084
28086
28089
28091
28093
28095
28097
28100
28102
28104
28106
28108
28110
28112
28114
28117
28119
28121
28123
28125
28127
28129
28131
28134
28136
28138
28140
28142
28144
28146
28148
28151
28153
28155
28157
28159
28161
28163
28165
28168
28170
28172
28174
28176
28178
28180
28182
28185
28187
28189
28191
28193
28195
28197
28200
28202
28204
28206
28208
28210
28212
28214
28217
28219
28221
28223
28225
28227
28229
28231
28234
28236
28238
28240
28242
28244
28246
28248
28251
28253
28255
28257
28259
28261
28263
28265
28268
28270
28272
28274
28276
28278
28280
28282
28285
28287
28289
28291
28293
28295
28297
28300
28302
28304
28306
28308
28310
28313
28315
28317
28319
28321
28323
28326
28328
28330
28332
28334
28336
28339
28341
28343
28345
28347
28350
28352
28354
28356
28358
28360
28363
28365
28367
28369
28371
28373
28376
28378
28380
28382
28384
28386
28389
28391
28393
28395
28397
28400
28402
28404
28406
28408
28410
28412
28414
28417
28419
28421
28423
28425
28427
28429
28431
28434
28436
28438
28440
28442
28444
28446
28448
28451
28453
28455
28457
28459
28461
28463
28465
28468
28470
28472
28474
28476
28478
28480
28482
28485
28487
28489
28491
28493
28495
28497
28500
28502
28504
28506
28509
28511
28513
28516
28518
28520
28523
28525
28527
28530
28532
28534
28537
28539
28541
28544
28546
28548
28551
28553
28555
28558
28560
28562
28565
28567
28569
28572
28574
28576
28579
28581
28583
28586
28588
28590
28593
28595
28597
28600
28602
28604
28606
28609
28611
28613
28615
28618
28620
28622
28625
28627
28629
28631
28634
28636
28638
28640
28643
28645
28647
28650
28652
28654
28656
28659
28661
28663
28665
28668
28670
28672
28675
28677
28679
28681
28684
28686
28688
28690
28693
28695
28697
28700
28702
28704
28706
28709
28711
28713
28716
28718
28720
28723
28725
28727
28730
28732
28734
28737
28739
28741
28744
28746
28748
28751
28753
28755
28758
28760
28762
28765
28767
28769
28772
28774
28776
28779
28781
28783
28786
28788
28790
28793
28795
28797
28800
28802
28804
28806
28809
28811
28813
28815
28818
28820
28822
28825
28827
28829
28831
28834
28836
28838
28840
28843
28845
28847
28850
28852
28854
28856
28859
28861
28863
28865
28868
28870
28872
28875
28877
28879
28881
28884
28886
28888
28890
28893
28895
28897
28900
28902
28904
28906
28909
28911
28913
28916
28918
28920
28923
28925
28927
28930
28932
28934
28937
28939
28941
28944
28946
28948
28951
28953
28955
28958
28960
28962
28965
28967
28969
28972
28974
28976
28979
28981
28983
28986
28988
28990
28993
28995
28997
29000
29001
29003
29005
29007
29009
29011
29013
29015
29017
29019
29021
29023
29025
29026
29028
29030
29032
29034
29036
29038
29040
29042
29044
29046
29048
29050
29051
29053
29055
29057
29059
29061
29063
29065
29067
29069
29071
29073
29075
29076
29078
29080
29082
29084
29086
29088
29090
29092
29094
29096
29098
29100
29101
29103
29105
29107
29109
29111
29113
29115
29117
29119
29121
29123
29125
29126
29128
29130
29132
29134
29136
29138
29140
29142
29144
29146
29148
29150
29151
29153
29155
29157
29159
29161
29163
29165
29167
29169
29171
29173
29175
29176
29178
29180
29182
29184
29186
29188
29190
29192
29194
29196
29198
29200
29201
29203
29205
29207
29209
29211
29213
29215
29217
29219
29221
29223
29225
29226
29228
29230
29232
29234
29236
29238
29240
29242
29244
29246
29248
29250
29251
29253
29255
29257
29259
29261
29263
29265
29267
29269
29271
29273
29275
29276
29278
29280
29282
29284
29286
29288
29290
29292
29294
29296
29298
29300
29301
29303
29305
29307
29309
29311
29313
29315
29317
29319
29321
29323
29325
29327
29329
29331
29333
29335
29337
29339
29341
29343
29345
29347
29349
29350
29352
29354
29356
29358
29360
29362
29364
29366
29368
29370
29372
29374
29376
29378
29380
29382
29384
29386
29388
29390
29392
29394
29396
29398
29400
29401
29403
29405
29407
29409
29411
29413
29415
29417
29419
29421
29423
29424
29426
29428
29430
29432
29434
29436
29438
29440
29442
29444
29446
29448
29450
29451
29453
29455
29457
29459
29461
29463
29465
29467
29469
29471
29473
29475
29476
29478
29480
29482
29484
29486
29488
29490
29492
29494
29496
29498
29500
29501
29502
29504
29505
29507
29508
29510
29511
29513
29514
29515
29517
29518
29520
29521
29523
29524
29526
29527
29528
29530
29531
29533
29534
29536
29537
29539
29540
29542
29543
29544
29546
29547
29549
29550
29552
29553
29555
29556
29557
29559
29560
29562
29563
29565
29566
29568
29569
29571
29572
29573
29575
29576
29578
29579
29581
29582
29584
29585
29586
29588
29589
29591
29592
29594
29595
29597
29598
29600
29601
29602
29604
29605
29607
29608
29610
29611
29613
29614
29615
29617
29618
29620
29621
29623
29624
29626
29627
29628
29630
29631
29633
29634
29636
29637
29639
29640
29642
29643
29644
29646
29647
29649
29650
29652
29653
29655
29656
29657
29659
29660
29662
29663
29665
29666
29668
29669
29671
29672
29673
29675
29676
29678
29679
29681
29682
29684
29685
29686
29688
29689
29691
29692
29694
29695
29697
29698
29700
29701
29702
29704
29705
29707
29708
29710
29711
29713
29714
29715
29717
29718
29720
29721
29723
29724
29726
29727
29728
29730
29731
29733
29734
29736
29737
29739
29740
29742
29743
29744
29746
29747
29749
29750
29752
29753
29755
29756
29757
29759
29760
29762
29763
29765
29766
29768
29769
29771
29772
29773
29775
29776
29778
29779
29781
29782
29784
29785
29786
29788
29789
29791
29792
29794
29795
29797
29798
29800
29801
29802
29804
29805
29807
29808
29810
29811
29813
29814
29815
29817
29818
29820
29821
29823
29824
29826
29827
29828
29830
29831
29833
29834
29836
29837
29839
29840
29842
29843
29844
29846
29847
29849
29850
29852
29853
29855
29856
29857
29859
29860
29862
29863
29865
29866
29868
29869
29871
29872
29873
29875
29876
29878
29879
29881
29882
29884
29885
29886
29888
29889
29891
29892
29894
29895
29897
29898
29900
29901
29902
29904
29905
29907
29908
29910
29911
29913
29914
29915
29917
29918
29920
29921
29923
29924
29926
29927
29928
29930
29931
29933
29934
29936
29937
29939
29940
29942
29943
29944
29946
29947
29949
29950
29952
29953
29955
29956
29957
29959
29960
29962
29963
29965
29966
29968
29969
29971
29972
29973
29975
29976
29978
29979
29981
29982
29984
29985
29986
29988
29989
29991
29992
29994
29995
29997
29998
30000
