4
9
13
18
22
27
31
36
40
45
50
54
59
63
68
72
77
81
86
90
95
100
104
108
113
117
121
126
130
134
139
143
147
152
156
160
165
169
173
178
182
186
191
195
200
204
209
213
218
222
227
231
236
240
245
250
254
259
263
268
272
277
281
286
290
295
300
304
308
313
317
321
326
330
334
339
343
347
352
356
360
365
369
373
378
382
386
391
395
400
404
409
413
418
422
427
431
436
440
445
450
454
459
463
468
472
477
481
486
490
495
500
510
520
530
540
550
559
570
580
590
600
610
620
630
640
649
659
669
679
690
700
710
720
730
740
750
760
770
780
790
800
811
822
833
844
855
866
877
888
900
910
920
930
940
950
960
970
980
990
1000
1006
1012
1018
1025
1031
1037
1043
1050
1056
1062
1068
1075
1081
1087
1093
1100
1106
1113
1120
1126
1133
1140
1146
1153
1160
1166
1173
1180
1186
1193
1200
1206
1213
1220
1226
1233
1240
1246
1253
1260
1266
1273
1280
1286
1293
1300
1306
1312
1318
1325
1331
1337
1343
1350
1356
1362
1368
1375
1381
1387
1393
1400
1406
1413
1420
1426
1433
1440
1446
1453
1460
1466
1473
1480
1486
1493
1500
1506
1513
1520
1526
1533
1540
1546
1553
1560
1566
1573
1580
1586
1593
1600
1606
1613
1620
1626
1633
1640
1646
1653
1660
1666
1673
1680
1686
1693
1700
1706
1712
1718
1725
1731
1737
1743
1750
1756
1762
1768
1775
1781
1787
1793
1800
1806
1813
1820
1826
1833
1840
1846
1853
1859
1866
1873
1880
1886
1893
1900
1906
1913
1920
1926
1933
1940
1946
1953
1960
1966
1973
1980
1986
1993
2000
2004
2008
2012
2016
2020
2025
2029
2033
2037
2041
2045
2050
2054
2058
2062
2066
2070
2075
2079
2083
2087
2091
2095
2100
2104
2108
2112
2116
2120
2124
2128
2132
2136
2140
2144
2148
2152
2156
2160
2164
2168
2172
2176
2180
2184
2188
2192
2196
2200
2204
2208
2212
2216
2220
2225
2229
2233
2237
2241
2245
2250
2254
2258
2262
2266
2270
2275
2279
2283
2287
2291
2295
2300
2304
2308
2312
2316
2320
2324
2329
2333
2337
2341
2345
2349
2354
2358
2362
2366
2370
2375
2379
2383
2387
2391
2395
2400
2404
2408
2412
2416
2420
2424
2428
2432
2436
2440
2444
2448
2452
2456
2460
2464
2468
2472
2476
2480
2484
2488
2492
2496
2500
2504
2509
2513
2518
2522
2527
2531
2536
2540
2545
2550
2554
2559
2563
2568
2572
2577
2581
2586
2590
2595
2600
2604
2608
2613
2617
2621
2626
2630
2634
2639
2643
2647
2652
2656
2660
2665
2669
2673
2678
2682
2686
2691
2695
2700
2704
2708
2713
2717
2721
2726
2730
2734
2739
2743
2747
2752
2756
2760
2765
2769
2773
2778
2782
2786
2791
2795
2800
2804
2809
2813
2818
2822
2827
2831
2836
2840
2845
2849
2854
2859
2863
2868
2872
2877
2881
2886
2890
2895
2900
2904
2908
2913
2917
2921
2926
2930
2934
2939
2943
2947
2952
2956
2960
2965
2969
2973
2978
2982
2986
2991
2995
3000
3004
3008
3013
3017
3021
3026
3030
3034
3039
3043
3047
3052
3056
3060
3065
3069
3073
3078
3082
3086
3091
3095
3100
3104
3108
3112
3116
3120
3125
3129
3133
3137
3141
3145
3150
3154
3158
3162
3166
3170
3175
3179
3183
3187
3191
3195
3200
3204
3208
3213
3217
3221
3226
3230
3234
3239
3243
3247
3252
3256
3260
3265
3269
3273
3278
3282
3286
3291
3295
3300
3304
3308
3313
3317
3321
3326
3330
3334
3339
3343
3347
3352
3356
3360
3365
3369
3373
3378
3382
3386
3391
3395
3400
3404
3408
3413
3417
3421
3426
3430
3434
3439
3443
3447
3452
3456
3460
3465
3469
3473
3478
3482
3486
3491
3495
3500
3503
3507
3511
3515
3519
3523
3526
3530
3534
3538
3542
3546
3550
3553
3557
3561
3565
3569
3573
3576
3580
3584
3588
3592
3596
3600
3604
3608
3612
3616
3620
3624
3628
3632
3636
3640
3644
3648
3652
3656
3660
3664
3668
3672
3676
3680
3684
3688
3692
3696
3700
3703
3707
3711
3715
3719
3723
3726
3730
3734
3738
3742
3746
3750
3753
3757
3761
3765
3769
3773
3776
3780
3784
3788
3792
3796
3800
3804
3808
3812
3816
3820
3824
3828
3832
3836
3840
3844
3848
3852
3856
3860
3864
3868
3872
3876
3880
3884
3888
3892
3896
3900
3903
3907
3911
3915
3919
3923
3926
3930
3934
3938
3942
3946
3950
3953
3957
3961
3965
3969
3973
3976
3980
3984
3988
3992
3996
4000
4005
4011
4016
4022
4027
4033
4038
4044
4050
4055
4061
4066
4072
4077
4083
4088
4094
4100
4105
4111
4116
4122
4127
4133
4138
4144
4150
4155
4161
4166
4172
4177
4183
4188
4194
4200
4205
4211
4217
4223
4229
4235
4241
4247
4252
4258
4264
4270
4276
4282
4288
4294
4300
4305
4311
4316
4322
4327
4333
4338
4344
4350
4355
4361
4366
4372
4377
4383
4388
4394
4400
4405
4411
4416
4422
4427
4433
4438
4444
4450
4455
4461
4466
4472
4477
4483
4488
4494
4500
4503
4506
4509
4512
4515
4518
4521
4525
4528
4531
4534
4537
4540
4543
4546
4550
4553
4556
4559
4562
4565
4568
4571
4574
4578
4581
4584
4587
4590
4593
4596
4600
4603
4606
4609
4612
4616
4619
4622
4625
4629
4632
4635
4638
4641
4645
4648
4651
4654
4658
4661
4664
4667
4670
4674
4677
4680
4683
4687
4690
4693
4696
4700
4703
4706
4709
4712
4716
4719
4722
4725
4729
4732
4735
4738
4741
4745
4748
4751
4754
4758
4761
4764
4767
4770
4774
4777
4780
4783
4787
4790
4793
4796
4800
4803
4806
4809
4812
4815
4818
4821
4825
4828
4831
4834
4837
4840
4843
4846
4850
4853
4856
4859
4862
4865
4868
4871
4875
4878
4881
4884
4887
4890
4893
4896
4900
4903
4906
4909
4912
4916
4919
4922
4925
4929
4932
4935
4938
4941
4945
4948
4951
4954
4958
4961
4964
4967
4970
4974
4977
4980
4983
4987
4990
4993
4996
5000
5003
5006
5010
5013
5016
5020
5023
5026
5030
5033
5036
5040
5043
5046
5050
5053
5056
5060
5063
5066
5069
5073
5076
5080
5083
5086
5090
5093
5096
5100
5103
5106
5109
5113
5116
5120
5123
5126
5130
5133
5136
5140
5143
5146
5150
5153
5156
5160
5163
5166
5170
5173
5176
5180
5183
5186
5190
5193
5196
5200
5203
5206
5209
5212
5216
5219
5222
5225
5229
5232
5235
5238
5241
5245
5248
5251
5254
5258
5261
5264
5267
5270
5274
5277
5280
5283
5287
5290
5293
5296
5300
5303
5306
5310
5313
5316
5320
5323
5326
5330
5333
5336
5340
5343
5346
5350
5353
5356
5360
5363
5366
5370
5373
5376
5380
5383
5386
5390
5393
5396
5400
5403
5406
5410
5413
5416
5420
5423
5426
5430
5433
5436
5440
5443
5446
5450
5453
5456
5460
5463
5466
5470
5473
5476
5480
5483
5486
5490
5493
5496
5500
5504
5509
5513
5518
5522
5527
5531
5536
5540
5545
5550
5554
5559
5563
5568
5572
5577
5581
5586
5590
5595
5600
5604
5608
5613
5617
5621
5626
5630
5634
5639
5643
5647
5652
5656
5660
5665
5669
5673
5678
5682
5686
5691
5695
5700
5704
5709
5713
5718
5722
5727
5731
5736
5740
5745
5750
5754
5759
5763
5768
5772
5777
5781
5786
5790
5795
5800
5804
5808
5813
5817
5821
5826
5830
5834
5839
5843
5847
5852
5856
5860
5865
5869
5873
5878
5882
5886
5891
5895
5900
5904
5909
5913
5918
5922
5927
5931
5936
5940
5945
5950
5954
5959
5963
5968
5972
5977
5981
5986
5990
5995
6000
6003
6006
6010
6013
6017
6020
6024
6027
6031
6034
6037
6041
6044
6048
6051
6055
6058
6062
6065
6068
6072
6075
6079
6082
6086
6089
6093
6096
6100
6103
6106
6110
6113
6117
6120
6124
6127
6131
6134
6137
6141
6144
6148
6151
6155
6158
6162
6165
6168
6172
6175
6179
6182
6186
6189
6193
6196
6200
6203
6206
6210
6213
6217
6220
6224
6227
6231
6234
6237
6241
6244
6248
6251
6255
6258
6262
6265
6268
6272
6275
6279
6282
6286
6289
6293
6296
6300
6303
6306
6310
6313
6317
6320
6324
6327
6331
6334
6337
6341
6344
6348
6351
6355
6358
6362
6365
6368
6372
6375
6379
6382
6386
6389
6393
6396
6400
6403
6406
6410
6413
6417
6420
6424
6427
6431
6434
6437
6441
6444
6448
6451
6455
6458
6462
6465
6468
6472
6475
6479
6482
6486
6489
6493
6496
6500
6503
6506
6510
6513
6517
6520
6524
6527
6531
6534
6537
6541
6544
6548
6551
6555
6558
6562
6565
6568
6572
6575
6579
6582
6586
6589
6593
6596
6600
6603
6606
6610
6613
6617
6620
6624
6627
6631
6634
6637
6641
6644
6648
6651
6655
6658
6662
6665
6668
6672
6675
6679
6682
6686
6689
6693
6696
6700
6703
6706
6710
6713
6717
6720
6724
6727
6731
6734
6737
6741
6744
6748
6751
6755
6758
6762
6765
6768
6772
6775
6779
6782
6786
6789
6793
6796
6800
6803
6806
6810
6813
6817
6820
6824
6827
6831
6834
6837
6841
6844
6848
6851
6855
6858
6862
6865
6868
6872
6875
6879
6882
6886
6889
6893
6896
6900
6903
6906
6910
6913
6917
6920
6924
6927
6931
6934
6937
6941
6944
6948
6951
6955
6958
6962
6965
6968
6972
6975
6979
6982
6986
6989
6993
6996
7000
7005
7011
7016
7022
7027
7033
7038
7044
7050
7055
7061
7066
7072
7077
7083
7088
7094
7100
7105
7111
7116
7122
7127
7133
7138
7144
7150
7155
7161
7166
7172
7177
7183
7188
7194
7200
7205
7211
7216
7222
7227
7233
7238
7244
7250
7255
7261
7266
7272
7277
7283
7288
7294
7300
7305
7311
7316
7322
7327
7333
7338
7344
7350
7355
7361
7366
7372
7377
7383
7388
7394
7400
7405
7411
7416
7422
7427
7433
7438
7444
7450
7455
7461
7466
7472
7477
7483
7488
7494
7500
7503
7507
7511
7514
7518
7522
7525
7529
7533
7537
7540
7544
7548
7551
7555
7559
7562
7566
7570
7574
7577
7581
7585
7588
7592
7596
7600
7603
7607
7611
7615
7619
7623
7626
7630
7634
7638
7642
7646
7650
7653
7657
7661
7665
7669
7673
7676
7680
7684
7688
7692
7696
7700
7703
7707
7711
7715
7719
7723
7726
7730
7734
7738
7742
7746
7750
7753
7757
7761
7765
7769
7773
7776
7780
7784
7788
7792
7796
7800
7803
7807
7811
7815
7819
7823
7826
7830
7834
7838
7842
7846
7850
7853
7857
7861
7865
7869
7873
7876
7880
7884
7888
7892
7896
7900
7903
7907
7911
7914
7918
7922
7925
7929
7933
7937
7940
7944
7948
7951
7955
7959
7962
7966
7970
7974
7977
7981
7985
7988
7992
7996
8000
8008
8016
8025
8033
8041
8050
8058
8066
8074
8083
8091
8100
8107
8115
8123
8130
8138
8146
8153
8161
8169
8176
8184
8192
8200
8207
8215
8223
8230
8238
8246
8253
8261
8269
8276
8284
8292
8300
8307
8315
8323
8330
8338
8346
8353
8361
8369
8376
8384
8392
8400
8407
8415
8423
8430
8438
8446
8453
8461
8469
8476
8484
8492
8500
8503
8506
8509
8512
8516
8519
8522
8525
8529
8532
8535
8538
8541
8545
8548
8551
8554
8558
8561
8564
8567
8570
8574
8577
8580
8583
8587
8590
8593
8596
8600
8603
8606
8610
8613
8616
8620
8623
8626
8629
8633
8636
8639
8643
8646
8649
8653
8656
8660
8663
8666
8670
8673
8676
8680
8683
8686
8690
8693
8696
8700
8703
8706
8709
8713
8716
8719
8723
8726
8730
8733
8736
8740
8743
8746
8750
8753
8756
8760
8763
8766
8770
8773
8776
8780
8783
8786
8790
8793
8796
8800
8803
8806
8809
8812
8816
8819
8822
8825
8829
8832
8835
8838
8841
8845
8848
8851
8854
8858
8861
8864
8867
8870
8874
8877
8880
8883
8887
8890
8893
8896
8900
8903
8906
8910
8913
8916
8920
8923
8926
8930
8933
8936
8940
8943
8946
8950
8953
8956
8960
8963
8966
8970
8973
8976
8980
8983
8986
8990
8993
8996
9000
9004
9009
9014
9019
9023
9028
9033
9038
9042
9047
9052
9057
9061
9066
9071
9076
9080
9085
9090
9095
9100
9105
9110
9115
9120
9125
9129
9135
9139
9145
9149
9155
9160
9165
9170
9174
9180
9184
9190
9194
9200
9204
9209
9214
9219
9223
9228
9233
9238
9242
9247
9252
9257
9261
9266
9271
9276
9280
9285
9290
9295
9300
9304
9309
9314
9319
9323
9328
9333
9338
9342
9347
9352
9357
9361
9366
9371
9376
9380
9385
9390
9395
9400
9405
9410
9415
9420
9425
9430
9435
9440
9445
9450
9455
9460
9465
9470
9475
9480
9485
9490
9495
9500
9506
9512
9518
9525
9531
9537
9543
9550
9556
9562
9568
9575
9581
9587
9593
9600
9606
9612
9618
9625
9631
9637
9643
9649
9656
9662
9668
9674
9681
9687
9693
9700
9706
9712
9718
9725
9731
9737
9743
9750
9756
9762
9768
9775
9781
9787
9793
9800
9806
9812
9818
9825
9831
9837
9843
9850
9856
9862
9868
9875
9881
9887
9893
9900
9906
9912
9918
9925
9931
9937
9943
9950
9956
9962
9968
9975
9981
9987
9993
10000
10009
10018
10027
10036
10045
10054
10063
10072
10081
10090
10100
10108
10116
10125
10133
10141
10149
10158
10166
10174
10183
10191
10200
10209
10218
10227
10236
10245
10254
10263
10272
10281
10290
10300
10308
10316
10325
10333
10341
10350
10358
10366
10375
10383
10391
10400
10408
10416
10425
10433
10441
10450
10458
10466
10475
10483
10491
10500
10505
10510
10515
10521
10526
10531
10536
10542
10547
10552
10557
10563
10568
10573
10578
10584
10589
10594
10600
10605
10610
10615
10620
10625
10629
10635
10639
10645
10649
10655
10660
10665
10670
10674
10680
10684
10690
10694
10700
10705
10710
10715
10721
10726
10731
10736
10742
10747
10752
10757
10763
10768
10773
10778
10784
10789
10794
10800
10805
10810
10815
10820
10825
10830
10835
10840
10845
10850
10855
10860
10865
10870
10875
10880
10885
10890
10895
10900
10905
10910
10915
10921
10926
10931
10936
10942
10947
10952
10957
10963
10968
10973
10978
10984
10989
10994
11000
11006
11013
11020
11026
11033
11040
11046
11053
11060
11066
11073
11080
11086
11093
11100
11107
11114
11121
11128
11135
11142
11149
11157
11164
11171
11178
11185
11192
11200
11207
11214
11221
11228
11235
11242
11250
11257
11264
11271
11278
11285
11292
11300
11307
11314
11321
11328
11335
11342
11350
11357
11364
11371
11378
11385
11392
11400
11407
11414
11421
11428
11435
11442
11450
11457
11464
11471
11478
11485
11492
11500
11501
11503
11505
11507
11509
11511
11512
11514
11516
11518
11520
11522
11524
11525
11527
11529
11531
11533
11535
11537
11538
11540
11542
11544
11546
11548
11550
11551
11553
11555
11557
11559
11561
11562
11564
11566
11568
11570
11572
11574
11575
11577
11579
11581
11583
11585
11587
11588
11590
11592
11594
11596
11598
11600
11601
11603
11605
11607
11609
11611
11613
11615
11616
11618
11620
11622
11624
11626
11628
11630
11632
11633
11635
11637
11639
11641
11643
11645
11647
11649
11650
11652
11654
11656
11658
11660
11662
11664
11666
11667
11669
11671
11673
11675
11677
11679
11681
11683
11684
11686
11688
11690
11692
11694
11696
11698
11700
11701
11703
11705
11707
11709
11711
11712
11714
11716
11718
11720
11722
11724
11725
11727
11729
11731
11733
11735
11737
11738
11740
11742
11744
11746
11748
11750
11751
11753
11755
11757
11759
11761
11762
11764
11766
11768
11770
11772
11774
11775
11777
11779
11781
11783
11785
11787
11788
11790
11792
11794
11796
11798
11800
11801
11803
11805
11807
11809
11811
11813
11815
11816
11818
11820
11822
11824
11826
11828
11830
11832
11833
11835
11837
11839
11841
11843
11845
11847
11849
11850
11852
11854
11856
11858
11860
11862
11864
11866
11867
11869
11871
11873
11875
11877
11879
11881
11883
11884
11886
11888
11890
11892
11894
11896
11898
11900
11901
11903
11905
11907
11909
11911
11912
11914
11916
11918
11920
11922
11924
11925
11927
11929
11931
11933
11935
11937
11938
11940
11942
11944
11946
11948
11950
11951
11953
11955
11957
11959
11961
11962
11964
11966
11968
11970
11972
11974
11975
11977
11979
11981
11983
11985
11987
11988
11990
11992
11994
11996
11998
12000
12001
12003
12005
12007
12009
12011
12013
12015
12016
12018
12020
12022
12024
12026
12028
12030
12032
12033
12035
12037
12039
12041
12043
12045
12047
12049
12050
12052
12054
12056
12058
12060
12062
12064
12066
12067
12069
12071
12073
12075
12077
12079
12081
12083
12084
12086
12088
12090
12092
12094
12096
12098
12100
12101
12103
12105
12107
12109
12111
12112
12114
12116
12118
12120
12122
12124
12125
12127
12129
12131
12133
12135
12137
12138
12140
12142
12144
12146
12148
12149
12151
12153
12155
12157
12159
12161
12162
12164
12166
12168
12170
12172
12174
12175
12177
12179
12181
12183
12185
12187
12188
12190
12192
12194
12196
12198
12200
12201
12203
12205
12207
12209
12211
12212
12214
12216
12218
12220
12222
12224
12225
12227
12229
12231
12233
12235
12237
12238
12240
12242
12244
12246
12248
12250
12251
12253
12255
12257
12259
12261
12262
12264
12266
12268
12270
12272
12274
12275
12277
12279
12281
12283
12285
12287
12288
12290
12292
12294
12296
12298
12300
12301
12303
12305
12307
12309
12311
12313
12315
12316
12318
12320
12322
12324
12326
12328
12330
12332
12333
12335
12337
12339
12341
12343
12345
12347
12349
12350
12352
12354
12356
12358
12360
12362
12364
12366
12367
12369
12371
12373
12375
12377
12379
12381
12383
12384
12386
12388
12390
12392
12394
12396
12398
12400
12401
12403
12405
12407
12409
12411
12412
12414
12416
12418
12420
12422
12424
12425
12427
12429
12431
12433
12435
12437
12438
12440
12442
12444
12446
12448
12450
12451
12453
12455
12457
12459
12461
12462
12464
12466
12468
12470
12472
12474
12475
12477
12479
12481
12483
12485
12487
12488
12490
12492
12494
12496
12498
12500
12507
12514
12521
12528
12535
12542
12550
12557
12564
12571
12578
12585
12592
12600
12607
12615
12623
12630
12638
12646
12653
12661
12669
12676
12684
12692
12700
12707
12714
12721
12728
12735
12742
12750
12757
12764
12771
12778
12785
12792
12800
12807
12814
12821
12828
12835
12842
12850
12857
12864
12871
12878
12885
12892
12900
12907
12914
12921
12928
12935
12942
12950
12957
12964
12971
12978
12985
12992
13000
13002
13004
13006
13008
13011
13013
13015
13017
13020
13022
13024
13026
13028
13031
13033
13035
13037
13040
13042
13044
13046
13048
13051
13053
13055
13057
13060
13062
13064
13066
13068
13071
13073
13075
13077
13080
13082
13084
13086
13088
13091
13093
13095
13097
13100
13102
13104
13106
13108
13110
13113
13115
13117
13119
13121
13123
13126
13128
13130
13132
13134
13136
13139
13141
13143
13145
13147
13149
13152
13154
13156
13158
13160
13163
13165
13167
13169
13171
13173
13176
13178
13180
13182
13184
13186
13189
13191
13193
13195
13197
13200
13202
13204
13206
13208
13211
13213
13215
13217
13219
13222
13224
13226
13228
13231
13233
13235
13237
13240
13242
13244
13246
13248
13251
13253
13255
13257
13260
13262
13264
13266
13268
13271
13273
13275
13277
13280
13282
13284
13286
13288
13291
13293
13295
13297
13300
13302
13304
13306
13308
13310
13313
13315
13317
13319
13321
13323
13326
13328
13330
13332
13334
13336
13339
13341
13343
13345
13347
13350
13352
13354
13356
13358
13360
13363
13365
13367
13369
13371
13373
13376
13378
13380
13382
13384
13386
13389
13391
13393
13395
13397
13400
13402
13404
13406
13408
13411
13413
13415
13417
13420
13422
13424
13426
13428
13431
13433
13435
13437
13440
13442
13444
13446
13448
13451
13453
13455
13457
13460
13462
13464
13466
13468
13471
13473
13475
13477
13480
13482
13484
13486
13488
13491
13493
13495
13497
13500
13501
13503
13505
13507
13509
13511
13513
13515
13517
13519
13521
13523
13525
13526
13528
13530
13532
13534
13536
13538
13540
13542
13544
13546
13548
13550
13551
13553
13555
13557
13559
13561
13563
13565
13567
13569
13571
13573
13575
13576
13578
13580
13582
13584
13586
13588
13590
13592
13594
13596
13598
13600
13601
13603
13605
13607
13609
13611
13613
13615
13616
13618
13620
13622
13624
13626
13628
13630
13632
13633
13635
13637
13639
13641
13643
13645
13647
13649
13650
13652
13654
13656
13658
13660
13662
13664
13666
13667
13669
13671
13673
13675
13677
13679
13681
13683
13684
13686
13688
13690
13692
13694
13696
13698
13700
13701
13703
13705
13707
13709
13711
13713
13715
13717
13719
13721
13723
13725
13726
13728
13730
13732
13734
13736
13738
13740
13742
13744
13746
13748
13750
13751
13753
13755
13757
13759
13761
13763
13765
13767
13769
13771
13773
13775
13776
13778
13780
13782
13784
13786
13788
13790
13792
13794
13796
13798
13800
13801
13803
13805
13807
13809
13811
13813
13815
13817
13819
13821
13823
13825
13826
13828
13830
13832
13834
13836
13838
13840
13842
13844
13846
13848
13850
13851
13853
13855
13857
13859
13861
13863
13865
13867
13869
13871
13873
13875
13876
13878
13880
13882
13884
13886
13888
13890
13892
13894
13896
13898
13900
13901
13903
13905
13907
13909
13911
13913
13915
13917
13919
13921
13923
13925
13926
13928
13930
13932
13934
13936
13938
13940
13942
13944
13946
13948
13950
13951
13953
13955
13957
13959
13961
13963
13965
13967
13969
13971
13973
13975
13976
13978
13980
13982
13984
13986
13988
13990
13992
13994
13996
13998
14000
14003
14006
14009
14012
14015
14018
14021
14025
14028
14031
14034
14037
14040
14043
14046
14050
14053
14056
14059
14062
14065
14068
14071
14075
14078
14081
14084
14087
14090
14093
14096
14100
14103
14106
14109
14112
14115
14118
14121
14124
14127
14130
14133
14136
14139
14142
14145
14148
14151
14154
14157
14160
14163
14166
14169
14172
14175
14178
14181
14184
14187
14190
14193
14196
14200
14203
14206
14209
14212
14215
14218
14221
14225
14228
14231
14234
14237
14240
14243
14246
14250
14253
14256
14259
14262
14265
14268
14271
14275
14278
14281
14284
14287
14290
14293
14296
14300
14303
14306
14309
14312
14315
14318
14321
14325
14328
14331
14334
14337
14340
14343
14346
14350
14353
14356
14359
14362
14365
14368
14371
14375
14378
14381
14384
14387
14390
14393
14396
14400
14403
14406
14409
14412
14415
14418
14421
14425
14428
14431
14434
14437
14440
14443
14446
14450
14453
14456
14459
14462
14465
14468
14471
14475
14478
14481
14484
14487
14490
14493
14496
14500
14503
14506
14510
14513
14517
14520
14524
14527
14531
14534
14537
14541
14544
14548
14551
14555
14558
14562
14565
14568
14572
14575
14579
14582
14586
14589
14593
14596
14600
14603
14607
14610
14614
14617
14621
14625
14628
14632
14635
14639
14642
14646
14649
14653
14657
14660
14664
14667
14671
14674
14678
14682
14685
14689
14692
14696
14700
14703
14706
14710
14713
14717
14720
14724
14727
14731
14734
14737
14741
14744
14748
14751
14755
14758
14762
14765
14768
14772
14775
14779
14782
14786
14789
14793
14796
14800
14803
14807
14810
14814
14817
14821
14825
14828
14832
14835
14839
14842
14846
14850
14853
14857
14860
14864
14867
14871
14875
14878
14882
14885
14889
14892
14896
14900
14903
14906
14910
14913
14917
14920
14924
14927
14931
14934
14937
14941
14944
14948
14951
14955
14958
14962
14965
14968
14972
14975
14979
14982
14986
14989
14993
14996
15000
15004
15008
15012
15016
15020
15024
15028
15032
15036
15040
15044
15048
15052
15056
15060
15064
15068
15072
15076
15080
15084
15088
15092
15096
15100
15104
15107
15112
15116
15120
15123
15128
15132
15136
15139
15144
15148
15152
15155
15160
15164
15168
15171
15176
15180
15184
15187
15192
15196
15200
15203
15208
15212
15216
15219
15224
15228
15232
15236
15240
15244
15248
15252
15256
15260
15264
15268
15272
15276
15280
15284
15288
15292
15296
15300
15304
15308
15312
15316
15320
15324
15328
15332
15336
15340
15344
15348
15352
15356
15360
15364
15368
15372
15376
15380
15384
15388
15392
15396
15400
15404
15408
15412
15416
15420
15424
15428
15432
15436
15440
15444
15448
15452
15456
15460
15464
15468
15472
15476
15480
15484
15488
15492
15496
15500
15501
15503
15504
15506
15508
15509
15511
15513
15514
15516
15518
15519
15521
15522
15524
15526
15527
15529
15531
15532
15534
15536
15537
15539
15540
15542
15544
15545
15547
15549
15550
15552
15554
15555
15557
15559
15560
15562
15563
15565
15567
15568
15570
15572
15573
15575
15577
15578
15580
15581
15583
15585
15586
15588
15590
15591
15593
15595
15596
15598
15600
15601
15603
15605
15606
15608
15610
15611
15613
15615
15616
15618
15620
15621
15623
15625
15626
15628
15629
15631
15633
15635
15636
15638
15639
15641
15643
15645
15646
15648
15649
15651
15653
15655
15656
15658
15660
15661
15663
15665
15666
15668
15670
15671
15673
15674
15676
15678
15680
15681
15683
15684
15686
15688
15690
15691
15693
15694
15696
15698
15700
15701
15703
15705
15706
15708
15709
15711
15713
15715
15716
15718
15719
15721
15723
15725
15726
15728
15730
15731
15733
15735
15736
15738
15740
15741
15743
15745
15746
15748
15750
15751
15753
15755
15756
15758
15760
15761
15763
15765
15766
15768
15770
15771
15773
15775
15776
15778
15780
15781
15783
15785
15786
15788
15790
15791
15793
15795
15796
15798
15800
15801
15803
15804
15806
15808
15809
15811
15813
15814
15816
15818
15819
15821
15822
15824
15826
15827
15829
15831
15832
15834
15836
15837
15839
15840
15842
15844
15845
15847
15849
15850
15852
15854
15855
15857
15859
15860
15862
15863
15865
15867
15868
15870
15872
15873
15875
15877
15878
15880
15881
15883
15885
15886
15888
15890
15891
15893
15895
15896
15898
15900
15901
15903
15905
15906
15908
15910
15911
15913
15915
15916
15918
15920
15921
15923
15925
15926
15928
15930
15931
15933
15935
15936
15938
15940
15941
15943
15945
15946
15948
15950
15951
15953
15955
15956
15958
15960
15961
15963
15965
15966
15968
15970
15971
15973
15975
15976
15978
15980
15981
15983
15985
15986
15988
15990
15991
15993
15995
15996
15998
16000
16001
16003
16005
16007
16009
16010
16012
16014
16016
16018
16020
16021
16023
16025
16027
16029
16030
16032
16034
16036
16038
16040
16041
16043
16045
16047
16049
16050
16052
16054
16056
16058
16060
16061
16063
16065
16067
16069
16070
16072
16074
16076
16078
16080
16081
16083
16085
16087
16089
16090
16092
16094
16096
16098
16100
16101
16103
16105
16107
16108
16110
16112
16114
16116
16117
16119
16121
16123
16125
16126
16128
16130
16132
16133
16135
16137
16139
16141
16142
16144
16146
16148
16149
16151
16153
16155
16157
16158
16160
16162
16164
16166
16167
16169
16171
16173
16175
16176
16178
16180
16182
16183
16185
16187
16189
16191
16192
16194
16196
16198
16200
16201
16203
16205
16207
16208
16210
16212
16214
16216
16217
16219
16221
16223
16225
16226
16228
16230
16232
16233
16235
16237
16239
16241
16242
16244
16246
16248
16250
16251
16253
16255
16257
16258
16260
16262
16264
16266
16267
16269
16271
16273
16274
16276
16278
16280
16282
16283
16285
16287
16289
16291
16292
16294
16296
16298
16300
16301
16303
16305
16307
16309
16310
16312
16314
16316
16318
16320
16321
16323
16325
16327
16329
16330
16332
16334
16336
16338
16340
16341
16343
16345
16347
16349
16350
16352
16354
16356
16358
16360
16361
16363
16365
16367
16369
16370
16372
16374
16376
16378
16379
16381
16383
16385
16387
16389
16390
16392
16394
16396
16398
16400
16401
16403
16405
16407
16408
16410
16412
16414
16416
16417
16419
16421
16423
16424
16426
16428
16430
16432
16433
16435
16437
16439
16441
16442
16444
16446
16448
16450
16451
16453
16455
16457
16458
16460
16462
16464
16466
16467
16469
16471
16473
16475
16476
16478
16480
16482
16483
16485
16487
16489
16491
16492
16494
16496
16498
16500
16504
16509
16514
16519
16523
16528
16533
16538
16542
16547
16552
16557
16561
16566
16571
16576
16580
16585
16590
16595
16600
16604
16609
16613
16618
16622
16627
16631
16636
16640
16645
16650
16654
16659
16663
16668
16672
16677
16681
16686
16690
16695
16700
16704
16709
16713
16718
16722
16727
16731
16736
16740
16745
16750
16754
16759
16763
16768
16772
16777
16781
16786
16790
16795
16800
16804
16809
16814
16819
16823
16828
16833
16838
16842
16847
16852
16857
16861
16866
16871
16876
16880
16885
16890
16895
16900
16904
16909
16913
16918
16922
16927
16931
16936
16940
16945
16950
16954
16959
16963
16968
16972
16977
16981
16986
16990
16995
17000
17004
17008
17013
17017
17021
17026
17030
17034
17039
17043
17047
17052
17056
17060
17065
17069
17073
17078
17082
17086
17091
17095
17100
17104
17109
17113
17118
17122
17127
17131
17136
17140
17145
17150
17154
17159
17163
17168
17172
17177
17181
17186
17190
17195
17200
17204
17208
17213
17217
17221
17226
17230
17234
17239
17243
17247
17252
17256
17260
17265
17269
17273
17278
17282
17286
17291
17295
17300
17304
17309
17313
17318
17322
17327
17331
17336
17340
17345
17350
17354
17359
17363
17368
17372
17377
17381
17386
17390
17395
17400
17404
17408
17413
17417
17421
17426
17430
17434
17439
17443
17447
17452
17456
17460
17465
17469
17473
17478
17482
17486
17491
17495
17500
17510
17520
17530
17540
17550
17560
17570
17580
17590
17600
17609
17618
17627
17636
17645
17654
17663
17672
17681
17690
17700
17709
17718
17727
17736
17745
17754
17763
17772
17781
17790
17800
17810
17820
17830
17840
17850
17860
17869
17880
17890
17900
17909
17918
17927
17936
17945
17954
17963
17972
17981
17990
18000
18002
18004
18006
18008
18010
18012
18014
18016
18018
18020
18022
18024
18026
18028
18030
18032
18034
18036
18038
18040
18042
18044
18046
18048
18051
18053
18055
18057
18059
18061
18063
18065
18067
18069
18071
18073
18075
18077
18079
18081
18083
18085
18087
18089
18091
18093
18095
18097
18100
18102
18104
18106
18108
18110
18112
18114
18116
18118
18120
18122
18124
18126
18128
18130
18132
18134
18136
18138
18140
18142
18144
18146
18148
18151
18153
18155
18157
18159
18161
18163
18165
18167
18169
18171
18173
18175
18177
18179
18181
18183
18185
18187
18189
18191
18193
18195
18197
18200
18202
18204
18206
18208
18210
18212
18214
18216
18218
18220
18222
18224
18226
18228
18230
18232
18234
18236
18238
18240
18242
18244
18246
18248
18251
18253
18255
18257
18259
18261
18263
18265
18267
18269
18271
18273
18275
18277
18279
18281
18283
18285
18287
18289
18291
18293
18295
18297
18300
18302
18304
18306
18308
18310
18312
18314
18316
18318
18320
18322
18324
18326
18328
18330
18332
18334
18336
18338
18340
18342
18344
18346
18348
18350
18352
18354
18355
18358
18360
18362
18364
18366
18368
18369
18372
18374
18375
18378
18380
18381
18384
18386
18387
18390
18392
18394
18395
18398
18400
18402
18404
18406
18408
18410
18412
18414
18416
18418
18420
18422
18424
18426
18428
18430
18432
18434
18436
18438
18440
18442
18444
18446
18448
18451
18453
18455
18457
18459
18461
18463
18465
18467
18469
18471
18473
18475
18477
18479
18481
18483
18485
18487
18489
18491
18493
18495
18497
18500
18503
18506
18509
18512
18515
18518
18521
18525
18528
18531
18534
18537
18540
18543
18546
18550
18553
18556
18559
18562
18565
18568
18571
18575
18578
18581
18584
18587
18590
18593
18596
18600
18603
18606
18609
18612
18615
18618
18621
18624
18627
18630
18633
18636
18639
18642
18645
18648
18651
18654
18657
18660
18663
18666
18669
18672
18675
18678
18681
18684
18687
18690
18693
18696
18700
18703
18706
18709
18712
18715
18718
18721
18724
18727
18730
18733
18736
18739
18742
18745
18748
18751
18754
18757
18760
18763
18766
18769
18772
18775
18778
18781
18784
18787
18790
18793
18796
18800
18803
18806
18809
18812
18815
18818
18821
18825
18828
18831
18834
18837
18840
18843
18846
18850
18853
18856
18859
18862
18865
18868
18871
18875
18878
18881
18884
18887
18890
18893
18896
18900
18903
18906
18909
18912
18915
18918
18921
18924
18927
18930
18933
18936
18939
18942
18945
18948
18951
18954
18957
18960
18963
18966
18969
18972
18975
18978
18981
18984
18987
18990
18993
18996
19000
19002
19004
19006
19008
19010
19012
19014
19017
19019
19021
19023
19025
19027
19029
19031
19034
19036
19038
19040
19042
19044
19046
19048
19051
19053
19055
19057
19059
19061
19063
19065
19068
19070
19072
19074
19076
19078
19080
19082
19085
19087
19089
19091
19093
19095
19097
19100
19102
19104
19106
19108
19110
19112
19114
19116
19118
19120
19122
19125
19127
19129
19131
19133
19135
19137
19139
19141
19143
19145
19147
19150
19152
19154
19156
19158
19160
19162
19164
19166
19168
19170
19172
19175
19177
19179
19181
19183
19185
19187
19189
19191
19193
19195
19197
19200
19202
19204
19206
19208
19210
19212
19214
19217
19219
19221
19223
19225
19227
19229
19231
19234
19236
19238
19240
19242
19244
19246
19248
19251
19253
19255
19257
19259
19261
19263
19265
19268
19270
19272
19274
19276
19278
19280
19282
19285
19287
19289
19291
19293
19295
19297
19300
19302
19304
19306
19308
19310
19312
19314
19317
19319
19321
19323
19325
19327
19329
19331
19334
19336
19338
19340
19342
19344
19346
19348
19351
19353
19355
19357
19359
19361
19363
19365
19368
19370
19372
19374
19376
19378
19380
19382
19385
19387
19389
19391
19393
19395
19397
19400
19402
19404
19406
19408
19410
19412
19414
19416
19418
19420
19422
19424
19427
19429
19431
19433
19435
19437
19439
19441
19443
19445
19447
19450
19452
19454
19456
19458
19460
19462
19464
19466
19468
19470
19472
19475
19477
19479
19481
19483
19485
19487
19489
19491
19493
19495
19497
19500
19502
19505
19507
19510
19512
19515
19517
19520
19523
19525
19528
19530
19533
19535
19538
19541
19543
19546
19548
19551
19553
19556
19558
19561
19564
19566
19569
19571
19574
19576
19579
19582
19584
19587
19589
19592
19594
19597
19600
19602
19605
19607
19610
19612
19615
19617
19620
19623
19625
19628
19630
19633
19635
19638
19641
19643
19646
19648
19651
19653
19656
19658
19661
19664
19666
19669
19671
19674
19676
19679
19682
19684
19687
19689
19692
19694
19697
19700
19702
19705
19707
19710
19712
19715
19717
19720
19722
19725
19727
19730
19732
19735
19737
19740
19742
19745
19747
19750
19752
19755
19757
19760
19762
19765
19767
19770
19772
19775
19777
19780
19782
19785
19787
19790
19792
19795
19797
19800
19802
19805
19807
19810
19812
19815
19817
19820
19823
19825
19828
19830
19833
19835
19838
19841
19843
19846
19848
19851
19853
19856
19858
19861
19864
19866
19869
19871
19874
19876
19879
19882
19884
19887
19889
19892
19894
19897
19900
19902
19905
19907
19910
19912
19915
19917
19920
19923
19925
19928
19930
19933
19935
19938
19941
19943
19946
19948
19951
19953
19956
19958
19961
19964
19966
19969
19971
19974
19976
19979
19982
19984
19987
19989
19992
19994
19997
20000
20005
20010
20015
20021
20026
20031
20036
20042
20047
20052
20057
20063
20068
20073
20078
20084
20089
20094
20100
20105
20111
20116
20122
20127
20133
20138
20144
20150
20155
20161
20166
20172
20177
20183
20188
20194
20200
20205
20210
20215
20221
20226
20231
20236
20242
20247
20252
20257
20263
20268
20273
20278
20284
20289
20294
20300
20305
20310
20315
20321
20326
20331
20336
20342
20347
20352
20357
20363
20368
20373
20378
20384
20389
20394
20400
20405
20411
20416
20422
20427
20433
20438
20444
20450
20455
20461
20466
20472
20477
20483
20488
20494
20500
20502
20504
20507
20509
20512
20514
20517
20519
20521
20524
20526
20529
20531
20534
20536
20539
20541
20543
20546
20548
20551
20553
20556
20558
20560
20563
20565
20568
20570
20573
20575
20578
20580
20582
20585
20587
20590
20592
20595
20597
20600
20602
20604
20607
20609
20612
20614
20617
20619
20621
20624
20626
20629
20631
20634
20636
20639
20641
20643
20646
20648
20651
20653
20656
20658
20660
20663
20665
20668
20670
20673
20675
20678
20680
20682
20685
20687
20690
20692
20695
20697
20700
20702
20704
20707
20709
20712
20714
20717
20719
20721
20724
20726
20729
20731
20734
20736
20739
20741
20743
20746
20748
20751
20753
20756
20758
20760
20763
20765
20768
20770
20773
20775
20778
20780
20782
20785
20787
20790
20792
20795
20797
20800
20802
20804
20807
20809
20812
20814
20817
20819
20821
20824
20826
20829
20831
20834
20836
20839
20841
20843
20846
20848
20851
20853
20856
20858
20860
20863
20865
20868
20870
20873
20875
20878
20880
20882
20885
20887
20890
20892
20895
20897
20900
20902
20904
20907
20909
20912
20914
20917
20919
20921
20924
20926
20929
20931
20934
20936
20939
20941
20943
20946
20948
20951
20953
20956
20958
20960
20963
20965
20968
20970
20973
20975
20978
20980
20982
20985
20987
20990
20992
20995
20997
21000
21033
21066
21100
21125
21150
21175
21200
21233
21266
21300
21325
21350
21375
21400
21433
21466
21500
21506
21513
21520
21526
21533
21540
21546
21553
21560
21566
21573
21580
21586
21593
21600
21606
21613
21620
21626
21633
21640
21646
21653
21660
21666
21673
21680
21686
21693
21700
21706
21713
21720
21726
21733
21740
21746
21753
21760
21766
21773
21780
21786
21793
21800
21806
21813
21820
21826
21833
21840
21846
21853
21860
21866
21873
21880
21886
21893
21900
21906
21913
21919
21926
21933
21939
21946
21953
21960
21966
21973
21980
21986
21993
22000
22001
22002
22004
22005
22007
22008
22010
22011
22013
22014
22015
22017
22018
22020
22021
22023
22024
22026
22027
22028
22030
22031
22033
22034
22036
22037
22039
22040
22042
22043
22044
22046
22047
22049
22050
22052
22053
22055
22056
22057
22059
22060
22062
22063
22065
22066
22068
22069
22071
22072
22073
22075
22076
22078
22079
22081
22082
22084
22085
22086
22088
22089
22091
22092
22094
22095
22097
22098
22100
22101
22102
22104
22105
22107
22108
22110
22111
22113
22114
22116
22117
22119
22120
22122
22123
22125
22126
22127
22129
22130
22132
22133
22135
22136
22138
22139
22141
22142
22144
22145
22147
22148
22150
22151
22152
22154
22155
22157
22158
22160
22161
22163
22164
22166
22167
22169
22170
22172
22173
22175
22176
22177
22179
22180
22182
22183
22185
22186
22188
22189
22191
22192
22194
22195
22197
22198
22200
22201
22202
22204
22205
22207
22208
22210
22211
22213
22214
22215
22217
22218
22220
22221
22223
22224
22226
22227
22228
22230
22231
22233
22234
22236
22237
22239
22240
22242
22243
22244
22246
22247
22249
22250
22252
22253
22255
22256
22257
22259
22260
22262
22263
22265
22266
22268
22269
22271
22272
22273
22275
22276
22278
22279
22281
22282
22284
22285
22286
22288
22289
22291
22292
22294
22295
22297
22298
22300
22301
22302
22304
22305
22307
22308
22310
22311
22313
22314
22316
22317
22319
22320
22322
22323
22325
22326
22327
22329
22330
22332
22333
22335
22336
22338
22339
22341
22342
22344
22345
22347
22348
22350
22351
22352
22354
22355
22357
22358
22360
22361
22363
22364
22366
22367
22369
22370
22372
22373
22375
22376
22377
22379
22380
22382
22383
22385
22386
22388
22389
22391
22392
22394
22395
22397
22398
22400
22401
22402
22404
22405
22407
22408
22410
22411
22413
22414
22415
22417
22418
22420
22421
22423
22424
22426
22427
22428
22430
22431
22433
22434
22436
22437
22439
22440
22442
22443
22444
22446
22447
22449
22450
22452
22453
22455
22456
22457
22459
22460
22462
22463
22465
22466
22468
22469
22471
22472
22473
22475
22476
22478
22479
22481
22482
22484
22485
22486
22488
22489
22491
22492
22494
22495
22497
22498
22500
22503
22507
22510
22514
22517
22521
22525
22528
22532
22535
22539
22542
22546
22550
22553
22557
22560
22564
22567
22571
22575
22578
22582
22585
22589
22592
22596
22600
22603
22607
22610
22614
22617
22621
22625
22628
22632
22635
22639
22642
22646
22650
22653
22657
22660
22664
22667
22671
22675
22678
22682
22685
22689
22692
22696
22700
22703
22706
22710
22713
22717
22720
22724
22727
22731
22734
22737
22741
22744
22748
22751
22755
22758
22762
22765
22768
22772
22775
22779
22782
22786
22789
22793
22796
22800
22803
22807
22810
22814
22817
22821
22825
22828
22832
22835
22839
22842
22846
22850
22853
22857
22860
22864
22867
22871
22875
22878
22882
22885
22889
22892
22896
22900
22903
22907
22910
22914
22917
22921
22924
22928
22932
22935
22939
22942
22946
22950
22953
22957
22960
22964
22967
22971
22975
22978
22982
22985
22989
22992
22996
23000
23001
23003
23005
23007
23009
23011
23013
23015
23016
23018
23020
23022
23024
23026
23028
23030
23032
23033
23035
23037
23039
23041
23043
23045
23047
23049
23050
23052
23054
23056
23058
23060
23062
23064
23066
23067
23069
23071
23073
23075
23077
23079
23081
23083
23084
23086
23088
23090
23092
23094
23096
23098
23100
23101
23103
23105
23107
23109
23111
23112
23114
23116
23118
23120
23122
23124
23125
23127
23129
23131
23133
23135
23137
23138
23140
23142
23144
23146
23148
23150
23151
23153
23155
23157
23159
23161
23162
23164
23166
23168
23170
23172
23174
23175
23177
23179
23181
23183
23185
23187
23188
23190
23192
23194
23196
23198
23200
23201
23203
23205
23207
23209
23211
23213
23215
23216
23218
23220
23222
23224
23226
23228
23230
23232
23233
23235
23237
23239
23241
23243
23245
23247
23249
23250
23252
23254
23256
23258
23260
23262
23264
23266
23267
23269
23271
23273
23275
23277
23279
23281
23283
23284
23286
23288
23290
23292
23294
23296
23298
23300
23301
23303
23305
23307
23309
23311
23313
23315
23316
23318
23320
23322
23324
23326
23328
23330
23332
23333
23335
23337
23339
23341
23343
23345
23347
23349
23350
23352
23354
23356
23358
23360
23362
23364
23366
23367
23369
23371
23373
23375
23377
23379
23381
23383
23384
23386
23388
23390
23392
23394
23396
23398
23400
23401
23403
23405
23407
23409
23411
23413
23415
23416
23418
23420
23422
23424
23426
23428
23430
23432
23433
23435
23437
23439
23441
23443
23445
23447
23449
23450
23452
23454
23456
23458
23460
23462
23464
23466
23467
23469
23471
23473
23475
23477
23479
23481
23483
23484
23486
23488
23490
23492
23494
23496
23498
23500
23507
23515
23523
23530
23538
23546
23553
23561
23569
23576
23584
23592
23600
23608
23616
23625
23633
23641
23650
23658
23666
23675
23683
23691
23700
23707
23715
23723
23730
23738
23746
23753
23761
23769
23776
23784
23792
23800
23807
23815
23823
23830
23838
23846
23853
23861
23869
23876
23884
23892
23900
23907
23915
23923
23930
23938
23946
23953
23961
23969
23976
23984
23992
24000
24001
24002
24004
24005
24007
24008
24010
24011
24012
24014
24015
24017
24018
24020
24021
24022
24024
24025
24027
24028
24030
24031
24032
24034
24035
24037
24038
24040
24041
24042
24044
24045
24047
24048
24050
24051
24052
24054
24055
24057
24058
24060
24061
24062
24064
24065
24067
24068
24070
24071
24072
24074
24075
24077
24078
24080
24081
24082
24084
24085
24087
24088
24090
24091
24092
24094
24095
24097
24098
24100
24101
24102
24104
24105
24107
24108
24109
24111
24112
24114
24115
24116
24118
24119
24121
24122
24123
24125
24126
24128
24129
24130
24132
24133
24135
24136
24138
24139
24140
24142
24143
24145
24146
24147
24149
24150
24152
24153
24154
24156
24157
24159
24160
24161
24163
24164
24166
24167
24169
24170
24171
24173
24174
24176
24177
24178
24180
24181
24183
24184
24185
24187
24188
24190
24191
24192
24194
24195
24197
24198
24200
24201
24202
24204
24205
24207
24208
24210
24211
24212
24214
24215
24217
24218
24220
24221
24222
24224
24225
24227
24228
24230
24231
24232
24234
24235
24237
24238
24240
24241
24242
24244
24245
24247
24248
24250
24251
24252
24254
24255
24257
24258
24260
24261
24262
24264
24265
24267
24268
24270
24271
24272
24274
24275
24277
24278
24280
24281
24282
24284
24285
24287
24288
24290
24291
24292
24294
24295
24297
24298
24300
24301
24302
24304
24305
24307
24308
24310
24311
24312
24314
24315
24317
24318
24320
24321
24322
24324
24325
24327
24328
24330
24331
24332
24334
24335
24337
24338
24340
24341
24342
24344
24345
24347
24348
24350
24351
24352
24354
24355
24357
24358
24360
24361
24362
24364
24365
24367
24368
24369
24371
24372
24374
24375
24377
24378
24380
24381
24382
24384
24385
24387
24388
24390
24391
24392
24394
24395
24397
24398
24400
24401
24402
24404
24405
24407
24408
24409
24411
24412
24414
24415
24416
24418
24419
24421
24422
24423
24425
24426
24428
24429
24430
24432
24433
24435
24436
24438
24439
24440
24442
24443
24445
24446
24447
24449
24450
24452
24453
24454
24456
24457
24459
24460
24461
24463
24464
24466
24467
24469
24470
24471
24473
24474
24476
24477
24478
24480
24481
24483
24484
24485
24487
24488
24490
24491
24492
24494
24495
24497
24498
24500
24501
24502
24504
24505
24507
24508
24510
24511
24513
24514
24516
24517
24519
24520
24522
24523
24525
24526
24527
24529
24530
24532
24533
24535
24536
24538
24539
24541
24542
24544
24545
24547
24548
24550
24551
24552
24554
24555
24557
24558
24560
24561
24563
24564
24566
24567
24569
24570
24572
24573
24575
24576
24577
24579
24580
24582
24583
24585
24586
24588
24589
24591
24592
24594
24595
24597
24598
24600
24601
24602
24604
24605
24607
24608
24610
24611
24613
24614
24615
24617
24618
24620
24621
24623
24624
24626
24627
24628
24630
24631
24633
24634
24636
24637
24639
24640
24642
24643
24644
24646
24647
24649
24650
24652
24653
24655
24656
24657
24659
24660
24662
24663
24665
24666
24668
24669
24671
24672
24673
24675
24676
24678
24679
24681
24682
24684
24685
24686
24688
24689
24691
24692
24694
24695
24697
24698
24700
24701
24702
24704
24705
24707
24708
24710
24711
24713
24714
24716
24717
24719
24720
24722
24723
24725
24726
24727
24729
24730
24732
24733
24735
24736
24738
24739
24741
24742
24744
24745
24747
24748
24750
24751
24752
24754
24755
24757
24758
24760
24761
24763
24764
24766
24767
24769
24770
24772
24773
24775
24776
24777
24779
24780
24782
24783
24785
24786
24788
24789
24791
24792
24794
24795
24797
24798
24800
24801
24802
24804
24805
24807
24808
24810
24811
24813
24814
24815
24817
24818
24820
24821
24823
24824
24826
24827
24828
24830
24831
24833
24834
24836
24837
24839
24840
24842
24843
24844
24846
24847
24849
24850
24852
24853
24855
24856
24857
24859
24860
24862
24863
24865
24866
24868
24869
24871
24872
24873
24875
24876
24878
24879
24881
24882
24884
24885
24886
24888
24889
24891
24892
24894
24895
24897
24898
24900
24901
24902
24904
24905
24907
24908
24910
24911
24913
24914
24916
24917
24919
24920
24922
24923
24924
24926
24927
24929
24930
24932
24933
24935
24936
24938
24939
24941
24942
24944
24945
24947
24948
24950
24951
24952
24954
24955
24957
24958
24960
24961
24963
24964
24966
24967
24969
24970
24972
24973
24975
24976
24977
24979
24980
24982
24983
24985
24986
24988
24989
24991
24992
24994
24995
24997
24998
25000
25001
25002
25003
25004
25005
25007
25008
25009
25010
25011
25013
25014
25015
25016
25017
25019
25020
25021
25022
25023
25025
25026
25027
25028
25029
25030
25032
25033
25034
25035
25036
25038
25039
25040
25041
25042
25044
25045
25046
25047
25048
25050
25051
25052
25053
25054
25055
25057
25058
25059
25060
25061
25063
25064
25065
25066
25067
25069
25070
25071
25072
25073
25075
25076
25077
25078
25079
25080
25082
25083
25084
25085
25086
25088
25089
25090
25091
25092
25094
25095
25096
25097
25098
25100
25101
25102
25103
25104
25106
25107
25108
25109
25110
25112
25113
25114
25115
25116
25118
25119
25120
25121
25122
25124
25125
25126
25127
25128
25130
25131
25132
25133
25134
25136
25137
25138
25139
25140
25142
25143
25144
25145
25146
25148
25149
25150
25151
25153
25154
25155
25156
25157
25159
25160
25161
25162
25163
25165
25166
25167
25168
25169
25171
25172
25173
25174
25175
25177
25178
25179
25180
25181
25183
25184
25185
25186
25187
25189
25190
25191
25192
25193
25195
25196
25197
25198
25200
25201
25202
25203
25204
25205
25207
25208
25209
25210
25211
25213
25214
25215
25216
25217
25219
25220
25221
25222
25223
25225
25226
25227
25228
25229
25230
25232
25233
25234
25235
25236
25238
25239
25240
25241
25242
25244
25245
25246
25247
25248
25250
25251
25252
25253
25254
25255
25257
25258
25259
25260
25261
25263
25264
25265
25266
25267
25269
25270
25271
25272
25273
25275
25276
25277
25278
25279
25280
25282
25283
25284
25285
25286
25288
25289
25290
25291
25292
25294
25295
25296
25297
25298
25300
25301
25302
25303
25304
25305
25307
25308
25309
25310
25311
25313
25314
25315
25316
25317
25319
25320
25321
25322
25323
25325
25326
25327
25328
25329
25330
25332
25333
25334
25335
25336
25338
25339
25340
25341
25342
25344
25345
25346
25347
25348
25349
25351
25352
25353
25354
25355
25357
25358
25359
25360
25361
25363
25364
25365
25366
25367
25369
25370
25371
25372
25373
25375
25376
25377
25378
25379
25380
25382
25383
25384
25385
25386
25388
25389
25390
25391
25392
25394
25395
25396
25397
25398
25400
25401
25402
25403
25404
25406
25407
25408
25409
25410
25412
25413
25414
25415
25416
25418
25419
25420
25421
25422
25424
25425
25426
25427
25428
25430
25431
25432
25433
25434
25436
25437
25438
25439
25440
25442
25443
25444
25445
25446
25448
25449
25450
25451
25453
25454
25455
25456
25457
25459
25460
25461
25462
25463
25465
25466
25467
25468
25469
25471
25472
25473
25474
25475
25477
25478
25479
25480
25481
25483
25484
25485
25486
25487
25489
25490
25491
25492
25493
25495
25496
25497
25498
25500
25502
25505
25508
25511
25514
25517
25520
25522
25525
25528
25531
25534
25537
25540
25542
25545
25548
25551
25554
25557
25560
25562
25565
25568
25571
25574
25577
25580
25582
25585
25588
25591
25594
25597
25600
25602
25605
25608
25611
25614
25617
25620
25623
25626
25629
25632
25635
25638
25641
25644
25647
25650
25652
25655
25658
25661
25664
25667
25670
25673
25676
25679
25682
25685
25688
25691
25694
25697
25700
25702
25705
25708
25711
25714
25717
25720
25722
25725
25728
25731
25734
25737
25740
25742
25745
25748
25751
25754
25757
25760
25762
25765
25768
25771
25774
25777
25780
25782
25785
25788
25791
25794
25797
25800
25802
25805
25808
25811
25814
25817
25820
25823
25826
25829
25832
25835
25838
25841
25844
25847
25850
25852
25855
25858
25861
25864
25867
25870
25873
25876
25879
25882
25885
25888
25891
25894
25897
25900
25902
25905
25908
25911
25914
25917
25919
25922
25925
25928
25931
25934
25937
25939
25942
25945
25948
25951
25954
25957
25960
25962
25965
25968
25971
25974
25977
25980
25982
25985
25988
25991
25994
25997
26000
26001
26003
26004
26006
26007
26009
26010
26012
26014
26015
26017
26018
26020
26021
26023
26025
26026
26028
26029
26031
26032
26034
26035
26037
26039
26040
26042
26043
26045
26046
26048
26050
26051
26053
26054
26056
26057
26059
26060
26062
26064
26065
26067
26068
26070
26071
26073
26075
26076
26078
26079
26081
26082
26084
26085
26087
26089
26090
26092
26093
26095
26096
26098
26100
26101
26103
26104
26106
26107
26109
26110
26112
26114
26115
26117
26118
26120
26121
26123
26125
26126
26128
26129
26131
26132
26134
26135
26137
26139
26140
26142
26143
26145
26146
26148
26150
26151
26153
26154
26156
26157
26159
26160
26162
26164
26165
26167
26168
26170
26171
26173
26175
26176
26178
26179
26181
26182
26184
26185
26187
26189
26190
26192
26193
26195
26196
26198
26200
26201
26203
26204
26206
26207
26209
26210
26212
26214
26215
26217
26218
26220
26221
26223
26225
26226
26228
26229
26231
26232
26234
26235
26237
26239
26240
26242
26243
26245
26246
26248
26250
26251
26253
26254
26256
26257
26259
26260
26262
26264
26265
26267
26268
26270
26271
26273
26275
26276
26278
26279
26281
26282
26284
26285
26287
26289
26290
26292
26293
26295
26296
26298
26300
26301
26303
26304
26306
26307
26309
26310
26312
26313
26315
26316
26318
26320
26321
26323
26324
26326
26327
26329
26330
26332
26333
26335
26336
26338
26340
26341
26343
26344
26346
26347
26349
26350
26352
26353
26355
26356
26358
26360
26361
26363
26364
26366
26367
26369
26370
26372
26373
26375
26376
26378
26380
26381
26383
26384
26386
26387
26389
26390
26392
26393
26395
26396
26398
26400
26401
26403
26404
26406
26407
26409
26410
26412
26414
26415
26417
26418
26420
26421
26423
26424
26426
26428
26429
26431
26432
26434
26435
26437
26439
26440
26442
26443
26445
26446
26448
26450
26451
26453
26454
26456
26457
26459
26460
26462
26464
26465
26467
26468
26470
26471
26473
26475
26476
26478
26479
26481
26482
26484
26485
26487
26489
26490
26492
26493
26495
26496
26498
26500
26501
26503
26505
26507
26509
26511
26513
26515
26517
26519
26521
26523
26525
26527
26529
26531
26533
26535
26537
26539
26541
26543
26545
26547
26549
26550
26552
26554
26556
26558
26560
26562
26564
26566
26568
26570
26572
26574
26576
26578
26580
26582
26584
26586
26588
26590
26592
26594
26596
26598
26600
26601
26603
26605
26607
26609
26611
26613
26615
26617
26619
26621
26623
26625
26626
26628
26630
26632
26634
26636
26638
26640
26642
26644
26646
26648
26650
26651
26653
26655
26657
26659
26661
26663
26665
26667
26669
26671
26673
26675
26676
26678
26680
26682
26684
26686
26688
26690
26692
26694
26696
26698
26700
26701
26703
26705
26707
26709
26711
26713
26715
26717
26719
26721
26723
26725
26726
26728
26730
26732
26734
26736
26738
26740
26742
26744
26746
26748
26750
26751
26753
26755
26757
26759
26761
26763
26765
26767
26769
26771
26773
26775
26776
26778
26780
26782
26784
26786
26788
26790
26792
26794
26796
26798
26800
26801
26803
26805
26807
26809
26811
26813
26815
26817
26819
26821
26823
26825
26826
26828
26830
26832
26834
26836
26838
26840
26842
26844
26846
26848
26850
26851
26853
26855
26857
26859
26861
26863
26865
26867
26869
26871
26873
26875
26876
26878
26880
26882
26884
26886
26888
26890
26892
26894
26896
26898
26900
26901
26903
26905
26907
26909
26911
26913
26915
26917
26919
26921
26923
26925
26927
26929
26931
26933
26935
26937
26939
26941
26943
26945
26947
26949
26950
26952
26954
26956
26958
26960
26962
26964
26966
26968
26970
26972
26974
26976
26978
26980
26982
26984
26986
26988
26990
26992
26994
26996
26998
27000
27003
27007
27011
27015
27019
27023
27026
27030
27034
27038
27042
27046
27050
27053
27057
27061
27065
27069
27073
27076
27080
27084
27088
27092
27096
27100
27103
27107
27111
27115
27119
27123
27126
27130
27134
27138
27142
27146
27150
27153
27157
27161
27165
27169
27173
27176
27180
27184
27188
27192
27196
27200
27203
27207
27211
27215
27219
27223
27226
27230
27234
27238
27242
27246
27250
27253
27257
27261
27265
27269
27273
27276
27280
27284
27288
27292
27296
27300
27303
27307
27311
27315
27319
27323
27326
27330
27334
27338
27342
27346
27350
27353
27357
27361
27365
27369
27373
27376
27380
27384
27388
27392
27396
27400
27403
27407
27411
27415
27419
27423
27426
27430
27434
27438
27442
27446
27450
27453
27457
27461
27465
27469
27473
27476
27480
27484
27488
27492
27496
27500
27508
27516
27525
27533
27541
27550
27558
27566
27575
27583
27591
27600
27608
27616
27625
27633
27641
27650
27658
27666
27675
27683
27691
27700
27708
27716
27725
27733
27741
27750
27758
27766
27775
27783
27791
27800
27807
27815
27823
27830
27838
27846
27853
27861
27869
27876
27884
27892
27900
27908
27916
27924
27933
27941
27950
27958
27966
27975
27983
27991
28000
28003
28006
28009
28012
28016
28019
28022
28025
28029
28032
28035
28038
28041
28045
28048
28051
28054
28058
28061
28064
28067
28070
28074
28077
28080
28083
28087
28090
28093
28096
28100
28103
28106
28109
28112
28116
28119
28122
28125
28129
28132
28135
28138
28141
28145
28148
28151
28154
28158
28161
28164
28167
28170
28174
28177
28180
28183
28187
28190
28193
28196
28200
28203
28206
28209
28212
28216
28219
28222
28225
28229
28232
28235
28238
28241
28245
28248
28251
28254
28258
28261
28264
28267
28270
28274
28277
28280
28283
28287
28290
28293
28296
28300
28303
28306
28309
28312
28316
28319
28322
28325
28329
28332
28335
28338
28341
28345
28348
28351
28354
28358
28361
28364
28367
28370
28374
28377
28380
28383
28387
28390
28393
28396
28400
28403
28406
28409
28412
28416
28419
28422
28425
28429
28432
28435
28438
28441
28445
28448
28451
28454
28458
28461
28464
28467
28470
28474
28477
28480
28483
28487
28490
28493
28496
28500
28502
28504
28506
28508
28511
28513
28515
28517
28520
28522
28524
28526
28528
28531
28533
28535
28537
28540
28542
28544
28546
28548
28551
28553
28555
28557
28560
28562
28564
28566
28568
28571
28573
28575
28577
28580
28582
28584
28586
28588
28591
28593
28595
28597
28600
28602
28604
28606
28608
28611
28613
28615
28617
28620
28622
28624
28626
28628
28631
28633
28635
28637
28640
28642
28644
28646
28648
28651
28653
28655
28657
28660
28662
28664
28666
28668
28671
28673
28675
28677
28680
28682
28684
28686
28688
28691
28693
28695
28697
28700
28702
28704
28706
28709
28711
28713
28715
28718
28720
28722
28725
28727
28729
28731
28734
28736
28738
28740
28743
28745
28747
28750
28752
28754
28756
28759
28761
28763
28765
28768
28770
28772
28775
28777
28779
28781
28784
28786
28788
28790
28793
28795
28797
28800
28802
28804
28806
28808
28811
28813
28815
28817
28820
28822
28824
28826
28828
28831
28833
28835
28837
28840
28842
28844
28846
28848
28851
28853
28855
28857
28860
28862
28864
28866
28868
28871
28873
28875
28877
28880
28882
28884
28886
28888
28891
28893
28895
28897
28900
28902
28904
28906
28909
28911
28913
28915
28918
28920
28922
28924
28927
28929
28931
28934
28936
28938
28940
28943
28945
28947
28950
28952
28954
28956
28959
28961
28963
28965
28968
28970
28972
28975
28977
28979
28981
28984
28986
28988
28990
28993
28995
28997
29000
29003
29007
29010
29014
29017
29021
29025
29028
29032
29035
29039
29042
29046
29050
29053
29057
29060
29064
29067
29071
29075
29078
29082
29085
29089
29092
29096
29100
29103
29107
29110
29114
29117
29121
29125
29128
29132
29135
29139
29142
29146
29150
29153
29157
29160
29164
29167
29171
29175
29178
29182
29185
29189
29192
29196
29200
29203
29207
29210
29214
29217
29221
29225
29228
29232
29235
29239
29242
29246
29250
29253
29257
29260
29264
29267
29271
29275
29278
29282
29285
29289
29292
29296
29300
29303
29307
29310
29314
29317
29321
29325
29328
29332
29335
29339
29342
29346
29350
29353
29357
29360
29364
29367
29371
29375
29378
29382
29385
29389
29392
29396
29400
29403
29407
29410
29414
29417
29421
29424
29428
29432
29435
29439
29442
29446
29450
29453
29457
29460
29464
29467
29471
29475
29478
29482
29485
29489
29492
29496
29500
29507
29515
29523
29530
29538
29546
29553
29561
29569
29576
29584
29592
29600
29607
29615
29623
29630
29638
29646
29653
29661
29669
29676
29684
29692
29700
29707
29715
29723
29730
29738
29746
29753
29761
29769
29776
29784
29792
29800
29807
29815
29823
29830
29838
29846
29853
29861
29869
29876
29884
29892
29900
29907
29915
29923
29930
29938
29946
29953
29961
29969
29976
29984
29992
30000
