2
5
8
11
13
16
19
22
25
27
30
33
36
38
41
44
47
50
52
55
58
61
63
66
69
72
75
77
80
83
86
88
91
94
97
100
102
105
108
111
114
117
120
123
126
129
132
135
138
141
144
147
150
152
155
158
161
164
167
170
173
176
179
182
185
188
191
194
197
200
202
205
208
211
214
216
219
222
225
228
231
233
236
239
242
245
247
250
253
256
259
262
264
267
270
273
276
278
281
284
287
290
293
295
298
301
304
307
310
312
315
318
321
323
326
329
332
334
337
340
343
346
348
351
354
357
360
362
365
368
371
373
376
379
382
385
387
390
393
396
398
401
404
407
410
412
415
418
421
424
426
429
432
435
438
441
443
446
449
452
455
457
460
463
466
469
472
474
477
480
483
486
488
491
494
497
500
503
505
508
511
514
517
520
523
527
531
535
539
543
547
551
555
559
563
567
571
575
578
582
586
590
594
598
602
606
610
614
618
622
626
630
632
635
638
641
644
647
650
653
656
659
662
665
668
671
674
677
680
683
686
689
692
695
698
701
704
707
710
713
716
719
722
725
728
731
734
737
740
742
745
747
750
752
755
757
760
762
765
767
770
772
775
777
780
782
785
787
790
792
794
797
799
802
804
807
809
812
815
817
820
822
825
827
830
832
835
837
840
842
845
847
850
852
855
857
860
862
865
867
870
873
875
878
880
883
885
888
891
893
896
898
901
903
906
908
911
914
916
919
921
924
926
929
932
934
937
939
942
944
947
950
953
956
959
962
965
968
971
974
977
980
983
986
990
993
996
999
1002
1005
1008
1011
1014
1017
1020
1023
1026
1030
1033
1036
1039
1042
1045
1048
1051
1054
1057
1060
1063
1066
1070
1073
1076
1079
1082
1085
1088
1091
1094
1097
1100
1103
1106
1109
1112
1115
1118
1121
1124
1127
1130
1133
1136
1139
1142
1145
1148
1151
1154
1157
1160
1163
1166
1170
1173
1176
1179
1182
1185
1188
1192
1195
1198
1201
1204
1207
1210
1214
1217
1220
1223
1226
1229
1232
1236
1239
1242
1245
1248
1251
1254
1258
1261
1264
1267
1270
1273
1276
1280
1282
1285
1288
1291
1293
1296
1299
1302
1305
1307
1310
1313
1316
1318
1321
1324
1327
1330
1332
1335
1338
1341
1343
1346
1349
1352
1355
1357
1360
1363
1366
1368
1371
1374
1377
1380
1382
1385
1388
1391
1394
1397
1400
1403
1406
1408
1411
1414
1417
1420
1423
1426
1429
1432
1435
1437
1440
1443
1446
1449
1452
1455
1458
1461
1463
1466
1469
1472
1475
1478
1481
1484
1487
1490
1493
1497
1500
1504
1507
1511
1514
1518
1521
1525
1529
1532
1536
1539
1543
1546
1550
1553
1557
1560
1564
1568
1571
1575
1578
1582
1585
1589
1592
1596
1600
1602
1605
1608
1611
1613
1616
1619
1622
1625
1627
1630
1633
1636
1638
1641
1644
1647
1650
1652
1655
1658
1661
1663
1666
1669
1672
1675
1677
1680
1683
1686
1688
1691
1694
1697
1700
1702
1705
1708
1711
1714
1716
1719
1722
1725
1728
1731
1733
1736
1739
1742
1745
1747
1750
1753
1756
1759
1762
1764
1767
1770
1773
1776
1778
1781
1784
1787
1790
1793
1795
1798
1801
1804
1807
1810
1812
1815
1818
1820
1823
1826
1828
1831
1834
1837
1839
1842
1845
1847
1850
1853
1855
1858
1861
1864
1866
1869
1872
1874
1877
1880
1882
1885
1888
1891
1893
1896
1899
1901
1904
1907
1910
1912
1915
1917
1920
1923
1925
1928
1930
1933
1936
1938
1941
1944
1946
1949
1951
1954
1957
1959
1962
1964
1967
1970
1972
1975
1978
1980
1983
1985
1988
1991
1993
1996
1999
2001
2004
2006
2009
2012
2014
2017
2020
2022
2025
2027
2030
2032
2035
2037
2040
2043
2045
2048
2050
2053
2055
2058
2060
2063
2066
2068
2071
2073
2076
2078
2081
2083
2086
2089
2091
2094
2096
2099
2101
2104
2106
2109
2112
2114
2117
2119
2122
2124
2127
2130
2132
2135
2138
2141
2144
2147
2150
2153
2156
2158
2161
2164
2167
2170
2173
2176
2179
2182
2185
2187
2190
2193
2196
2199
2202
2205
2208
2211
2213
2216
2219
2222
2225
2228
2231
2234
2237
2240
2242
2244
2247
2249
2252
2254
2257
2259
2262
2264
2266
2269
2271
2274
2276
2279
2281
2284
2286
2288
2291
2293
2296
2298
2301
2303
2306
2308
2310
2313
2315
2318
2320
2323
2325
2328
2330
2332
2335
2337
2340
2342
2345
2347
2350
2352
2355
2357
2360
2362
2365
2367
2370
2372
2375
2377
2380
2382
2385
2387
2390
2392
2395
2397
2400
2402
2405
2407
2410
2412
2415
2417
2420
2422
2425
2427
2430
2432
2435
2437
2440
2442
2445
2447
2450
2453
2456
2459
2462
2465
2468
2472
2475
2478
2481
2484
2487
2490
2494
2497
2500
2503
2506
2509
2512
2516
2519
2522
2525
2528
2531
2534
2538
2541
2544
2547
2550
2553
2556
2560
2563
2566
2569
2572
2575
2578
2581
2584
2587
2590
2593
2596
2599
2602
2605
2608
2611
2614
2617
2620
2623
2626
2629
2632
2635
2638
2641
2644
2647
2650
2653
2656
2660
2662
2665
2667
2670
2673
2675
2678
2680
2683
2686
2688
2691
2694
2696
2699
2701
2704
2707
2709
2712
2715
2717
2720
2722
2725
2728
2730
2733
2735
2738
2741
2743
2746
2749
2751
2754
2756
2759
2762
2764
2767
2770
2772
2775
2778
2781
2784
2787
2790
2793
2796
2799
2802
2805
2808
2811
2814
2817
2820
2823
2826
2829
2832
2835
2838
2841
2844
2847
2850
2853
2856
2859
2862
2865
2868
2871
2874
2877
2880
2882
2885
2888
2891
2894
2896
2899
2902
2905
2908
2911
2913
2916
2919
2922
2925
2927
2930
2933
2936
2939
2942
2944
2947
2950
2953
2956
2958
2961
2964
2967
2970
2973
2975
2978
2981
2984
2987
2990
2992
2995
2998
3001
3003
3006
3009
3012
3014
3017
3020
3023
3025
3028
3031
3034
3036
3039
3042
3045
3047
3050
3053
3056
3058
3061
3064
3067
3069
3072
3075
3078
3080
3083
3086
3089
3091
3094
3097
3100
3103
3106
3109
3112
3115
3118
3121
3125
3128
3131
3134
3137
3140
3143
3146
3150
3153
3156
3159
3162
3165
3168
3171
3175
3178
3181
3184
3187
3190
3193
3196
3200
3202
3205
3207
3210
3212
3215
3217
3220
3223
3225
3228
3230
3233
3235
3238
3240
3243
3246
3248
3251
3253
3256
3258
3261
3263
3266
3269
3271
3274
3276
3279
3281
3284
3286
3289
3292
3294
3297
3299
3302
3304
3307
3310
3312
3315
3318
3320
3323
3326
3328
3331
3334
3337
3339
3342
3345
3347
3350
3353
3355
3358
3361
3364
3366
3369
3372
3374
3377
3380
3382
3385
3388
3391
3393
3396
3399
3401
3404
3407
3410
3412
3415
3418
3421
3424
3427
3430
3433
3436
3439
3442
3445
3448
3451
3454
3457
3460
3463
3466
3469
3472
3475
3478
3481
3484
3487
3490
3493
3496
3499
3502
3505
3508
3511
3514
3517
3520
3522
3525
3527
3530
3532
3535
3537
3540
3543
3545
3548
3550
3553
3555
3558
3560
3563
3566
3568
3571
3573
3576
3578
3581
3583
3586
3589
3591
3594
3596
3599
3601
3604
3606
3609
3612
3614
3617
3619
3622
3624
3627
3630
3632
3635
3638
3641
3643
3646
3649
3652
3654
3657
3660
3663
3665
3668
3671
3674
3676
3679
3682
3685
3687
3690
3693
3696
3698
3701
3704
3707
3709
3712
3715
3718
3720
3723
3726
3729
3731
3734
3737
3740
3743
3747
3750
3754
3757
3761
3764
3768
3771
3775
3779
3782
3786
3789
3793
3796
3800
3803
3807
3810
3814
3818
3821
3825
3828
3832
3835
3839
3842
3846
3850
3852
3855
3858
3861
3863
3866
3869
3872
3875
3877
3880
3883
3886
3888
3891
3894
3897
3900
3902
3905
3908
3911
3913
3916
3919
3922
3925
3927
3930
3933
3936
3938
3941
3944
3947
3950
3952
3955
3958
3961
3964
3967
3970
3973
3976
3978
3981
3984
3987
3990
3993
3996
3999
4002
4005
4007
4010
4013
4016
4019
4022
4025
4028
4031
4033
4036
4039
4042
4045
4048
4051
4054
4057
4059
4062
4065
4068
4070
4073
4076
4078
4081
4084
4087
4089
4092
4095
4097
4100
4103
4105
4108
4111
4114
4116
4119
4122
4124
4127
4130
4132
4135
4138
4141
4143
4146
4149
4151
4154
4157
4160
4162
4164
4166
4168
4171
4173
4175
4177
4180
4182
4184
4186
4189
4191
4193
4195
4198
4200
4202
4204
4207
4209
4211
4213
4216
4218
4220
4222
4225
4227
4229
4231
4234
4236
4238
4240
4243
4245
4247
4249
4252
4254
4256
4258
4261
4263
4265
4267
4270
4272
4274
4277
4279
4281
4284
4286
4288
4291
4293
4295
4298
4300
4302
4305
4307
4309
4312
4314
4316
4319
4321
4323
4326
4328
4330
4333
4335
4337
4340
4342
4344
4347
4349
4351
4354
4356
4358
4361
4363
4365
4368
4370
4372
4375
4377
4380
4382
4385
4388
4390
4393
4396
4398
4401
4404
4406
4409
4412
4414
4417
4420
4422
4425
4428
4430
4433
4436
4439
4441
4444
4447
4449
4452
4455
4457
4460
4463
4465
4468
4471
4473
4476
4479
4481
4484
4487
4490
4492
4495
4498
4501
4504
4507
4510
4513
4516
4519
4522
4525
4528
4531
4534
4537
4540
4543
4546
4549
4552
4555
4558
4561
4564
4567
4570
4573
4576
4579
4582
4585
4588
4591
4594
4597
4600
4602
4605
4608
4611
4614
4617
4620
4623
4626
4629
4632
4635
4638
4641
4644
4647
4650
4652
4655
4658
4661
4664
4667
4670
4673
4676
4679
4682
4685
4688
4691
4694
4697
4700
4702
4705
4708
4711
4713
4716
4719
4722
4724
4727
4730
4733
4735
4738
4741
4744
4746
4749
4752
4755
4757
4760
4763
4766
4768
4771
4774
4777
4779
4782
4785
4787
4790
4793
4796
4798
4801
4804
4807
4810
4813
4816
4820
4823
4827
4830
4834
4837
4841
4844
4847
4851
4854
4858
4861
4865
4868
4872
4875
4878
4882
4885
4889
4892
4896
4899
4903
4906
4910
4913
4917
4921
4925
4929
4933
4937
4940
4944
4948
4952
4956
4960
4964
4968
4971
4975
4979
4983
4987
4991
4995
4999
5002
5006
5010
5014
5018
5022
5026
5030
5033
5036
5040
5043
5047
5050
5054
5057
5061
5064
5067
5071
5074
5078
5081
5085
5088
5092
5095
5098
5102
5105
5109
5112
5116
5119
5123
5126
5130
5132
5135
5138
5140
5143
5146
5148
5151
5154
5156
5159
5162
5164
5167
5170
5172
5175
5178
5180
5183
5186
5189
5191
5194
5197
5199
5202
5205
5207
5210
5213
5215
5218
5221
5223
5226
5229
5231
5234
5237
5240
5242
5245
5248
5251
5254
5257
5260
5263
5266
5269
5272
5275
5278
5281
5284
5287
5290
5293
5296
5299
5302
5305
5308
5311
5314
5317
5320
5323
5326
5329
5332
5335
5338
5341
5344
5347
5350
5353
5356
5359
5363
5366
5370
5373
5376
5380
5383
5386
5390
5393
5396
5400
5403
5406
5410
5413
5416
5420
5423
5426
5430
5433
5436
5440
5443
5446
5450
5453
5456
5459
5462
5466
5469
5472
5475
5479
5482
5485
5488
5492
5495
5498
5501
5505
5508
5511
5514
5517
5521
5524
5527
5530
5534
5537
5540
5543
5547
5550
5553
5556
5560
5562
5565
5568
5570
5573
5576
5578
5581
5584
5587
5589
5592
5595
5597
5600
5603
5605
5608
5611
5614
5616
5619
5622
5624
5627
5630
5632
5635
5638
5641
5643
5646
5649
5651
5654
5657
5660
5662
5665
5668
5671
5674
5677
5680
5683
5686
5688
5691
5694
5697
5700
5703
5706
5709
5712
5715
5717
5720
5723
5726
5729
5732
5735
5738
5741
5743
5746
5749
5752
5755
5758
5761
5764
5767
5770
5772
5775
5778
5781
5784
5786
5789
5792
5795
5798
5801
5803
5806
5809
5812
5815
5817
5820
5823
5826
5829
5832
5834
5837
5840
5843
5846
5848
5851
5854
5857
5860
5863
5865
5868
5871
5874
5877
5880
5884
5888
5892
5896
5900
5904
5908
5912
5916
5920
5924
5928
5932
5937
5941
5945
5949
5953
5957
5961
5965
5969
5973
5977
5981
5985
5990
5993
5996
5999
6002
6006
6009
6012
6015
6019
6022
6025
6028
6032
6035
6038
6041
6045
6048
6051
6054
6057
6061
6064
6067
6070
6074
6077
6080
6083
6087
6090
6093
6096
6100
6102
6105
6108
6111
6114
6117
6120
6122
6125
6128
6131
6134
6137
6140
6142
6145
6148
6151
6154
6157
6160
6162
6165
6168
6171
6174
6177
6180
6182
6185
6188
6191
6194
6197
6200
6202
6205
6208
6210
6213
6216
6218
6221
6224
6226
6229
6232
6234
6237
6240
6242
6245
6248
6250
6253
6256
6259
6261
6264
6267
6269
6272
6275
6277
6280
6283
6285
6288
6291
6293
6296
6299
6301
6304
6307
6310
6312
6315
6318
6321
6324
6327
6330
6332
6335
6338
6341
6344
6347
6350
6352
6355
6358
6361
6364
6367
6370
6372
6375
6378
6381
6384
6387
6390
6392
6395
6398
6401
6404
6407
6410
6412
6415
6418
6421
6424
6427
6430
6433
6436
6438
6441
6444
6447
6450
6453
6456
6459
6462
6465
6467
6470
6473
6476
6479
6482
6485
6488
6491
6493
6496
6499
6502
6505
6508
6511
6514
6517
6520
6523
6526
6529
6533
6536
6540
6543
6546
6550
6553
6556
6560
6563
6566
6569
6573
6576
6580
6583
6586
6590
6593
6596
6600
6603
6606
6609
6613
6616
6620
6623
6626
6630
6633
6636
6639
6642
6645
6648
6652
6655
6658
6661
6664
6667
6670
6674
6677
6680
6683
6686
6689
6692
6696
6699
6702
6705
6708
6711
6714
6718
6721
6724
6727
6730
6733
6736
6740
6742
6745
6748
6751
6754
6756
6759
6762
6765
6768
6771
6773
6776
6779
6782
6785
6787
6790
6793
6796
6799
6802
6804
6807
6810
6813
6816
6818
6821
6824
6827
6830
6833
6835
6838
6841
6844
6847
6850
6853
6856
6859
6862
6865
6868
6871
6875
6878
6881
6884
6887
6890
6893
6896
6900
6903
6906
6909
6912
6915
6918
6921
6925
6928
6931
6934
6937
6940
6943
6946
6950
6953
6956
6959
6962
6965
6968
6972
6975
6978
6981
6984
6987
6990
6994
6997
7000
7003
7006
7009
7012
7016
7019
7022
7025
7028
7031
7034
7037
7041
7044
7047
7050
7053
7056
7060
7063
7067
7071
7075
7079
7083
7086
7090
7094
7098
7102
7106
7109
7113
7117
7121
7125
7129
7133
7136
7140
7144
7148
7152
7156
7160
7162
7165
7168
7170
7173
7176
7178
7181
7184
7186
7189
7192
7194
7197
7200
7202
7205
7208
7210
7213
7216
7219
7221
7224
7227
7229
7232
7235
7237
7240
7243
7245
7248
7251
7253
7256
7259
7261
7264
7267
7270
7272
7275
7278
7281
7284
7286
7289
7292
7295
7298
7301
7303
7306
7309
7312
7315
7317
7320
7323
7326
7329
7332
7334
7337
7340
7343
7346
7348
7351
7354
7357
7360
7363
7365
7368
7371
7374
7377
7380
7392
7405
7418
7430
7443
7456
7469
7481
7494
7507
7520
7532
7545
7558
7570
7583
7596
7609
7621
7634
7647
7660
7660
7661
7662
7663
7664
7665
7666
7667
7668
7668
7669
7670
7671
7672
7673
7674
7675
7676
7676
7677
7678
7679
7680
7681
7682
7683
7684
7685
7685
7686
7687
7688
7689
7690
7691
7692
7693
7693
7694
7695
7696
7697
7698
7699
7700
7701
7702
7702
7703
7704
7705
7706
7707
7708
7709
7710
7710
7711
7712
7713
7714
7715
7716
7717
7718
7719
7719
7720
7721
7722
7723
7724
7725
7726
7727
7727
7728
7729
7730
7731
7732
7733
7734
7735
7736
7736
7737
7738
7739
7740
7741
7742
7743
7744
7744
7745
7746
7747
7748
7749
7750
7751
7752
7753
7753
7754
7755
7756
7757
7758
7759
7760
7761
7761
7762
7763
7764
7765
7766
7767
7768
7769
7770
7772
7775
7778
7781
7783
7786
7789
7792
7794
7797
7800
7803
7805
7808
7811
7814
7816
7819
7822
7824
7827
7830
7833
7835
7838
7841
7844
7846
7849
7852
7855
7858
7860
7863
7866
7869
7871
7874
7877
7880
7883
7886
7889
7892
7895
7898
7902
7905
7908
7911
7914
7917
7920
7924
7927
7930
7933
7936
7939
7942
7946
7949
7952
7955
7958
7961
7964
7968
7971
7974
7977
7980
7983
7986
7990
7993
7996
8000
8003
8006
8010
8013
8016
8020
8023
8026
8029
8033
8036
8039
8043
8046
8050
8053
8056
8060
8063
8066
8070
8073
8076
8080
8083
8086
8090
8093
8096
8100
8103
8107
8111
8115
8119
8123
8126
8130
8134
8138
8142
8146
8149
8153
8157
8161
8165
8169
8173
8176
8180
8184
8188
8192
8196
8200
8202
8205
8208
8211
8214
8216
8219
8222
8225
8228
8231
8233
8236
8239
8242
8245
8247
8250
8253
8256
8259
8262
8264
8267
8270
8273
8276
8278
8281
8284
8287
8290
8293
8295
8298
8301
8304
8307
8310
8312
8315
8318
8321
8324
8327
8330
8332
8335
8338
8341
8344
8347
8350
8352
8355
8358
8361
8364
8367
8370
8372
8375
8378
8381
8384
8387
8390
8392
8395
8398
8401
8404
8407
8410
8412
8414
8417
8419
8421
8424
8426
8428
8431
8433
8435
8438
8440
8442
8445
8447
8449
8452
8454
8456
8459
8461
8463
8466
8468
8470
8473
8475
8477
8480
8482
8484
8487
8489
8491
8494
8496
8498
8501
8503
8505
8508
8510
8512
8515
8517
8520
8522
8525
8527
8530
8533
8535
8538
8540
8543
8546
8548
8551
8554
8556
8559
8561
8564
8567
8569
8572
8575
8577
8580
8582
8585
8588
8590
8593
8595
8598
8601
8603
8606
8609
8611
8614
8616
8619
8622
8624
8627
8630
8633
8636
8639
8642
8645
8648
8652
8655
8658
8661
8664
8667
8670
8674
8677
8680
8683
8686
8689
8692
8696
8699
8702
8705
8708
8711
8714
8718
8721
8724
8727
8730
8733
8736
8740
8742
8745
8748
8751
8754
8757
8760
8763
8766
8769
8772
8775
8778
8781
8784
8787
8790
8793
8796
8799
8802
8805
8808
8811
8814
8817
8820
8823
8826
8829
8832
8835
8838
8841
8844
8847
8850
8853
8856
8859
8862
8866
8869
8872
8875
8879
8882
8885
8888
8891
8895
8898
8901
8904
8908
8911
8914
8917
8920
8924
8927
8930
8933
8937
8940
8943
8946
8950
8952
8955
8957
8960
8963
8965
8968
8970
8973
8976
8978
8981
8984
8986
8989
8991
8994
8997
8999
9002
9005
9007
9010
9012
9015
9018
9020
9023
9025
9028
9031
9033
9036
9039
9041
9044
9046
9049
9052
9054
9057
9060
9062
9065
9068
9071
9074
9077
9080
9082
9085
9088
9091
9094
9097
9100
9102
9105
9108
9111
9114
9117
9120
9122
9125
9128
9131
9134
9137
9140
9142
9145
9148
9151
9154
9157
9160
9162
9165
9168
9171
9173
9176
9179
9182
9184
9187
9190
9193
9195
9198
9201
9204
9206
9209
9212
9215
9217
9220
9223
9226
9228
9231
9234
9237
9239
9242
9245
9248
9250
9253
9256
9259
9261
9264
9267
9270
9272
9275
9278
9281
9284
9287
9290
9293
9296
9298
9301
9304
9307
9310
9313
9316
9319
9322
9325
9327
9330
9333
9336
9339
9342
9345
9348
9351
9353
9356
9359
9362
9365
9368
9371
9374
9377
9380
9382
9385
9388
9391
9394
9397
9400
9403
9406
9408
9411
9414
9417
9420
9423
9426
9429
9432
9435
9437
9440
9443
9446
9449
9452
9455
9458
9461
9463
9466
9469
9472
9475
9478
9481
9484
9487
9490
9493
9496
9499
9502
9505
9508
9512
9515
9518
9521
9524
9527
9530
9534
9537
9540
9543
9546
9549
9552
9556
9559
9562
9565
9568
9571
9574
9578
9581
9584
9587
9590
9593
9596
9600
9603
9606
9610
9613
9616
9620
9623
9626
9629
9633
9636
9639
9643
9646
9649
9653
9656
9660
9663
9666
9670
9673
9676
9680
9683
9686
9690
9693
9696
9700
9702
9705
9708
9710
9713
9716
9718
9721
9724
9726
9729
9732
9734
9737
9740
9742
9745
9748
9750
9753
9756
9759
9761
9764
9767
9769
9772
9775
9777
9780
9783
9785
9788
9791
9793
9796
9799
9801
9804
9807
9810
9813
9816
9819
9822
9825
9828
9831
9835
9838
9841
9844
9847
9850
9853
9856
9860
9863
9866
9869
9872
9875
9878
9881
9885
9888
9891
9894
9897
9900
9903
9906
9910
9912
9914
9917
9919
9921
9924
9926
9928
9931
9933
9935
9938
9940
9942
9945
9947
9949
9952
9954
9956
9959
9961
9963
9966
9968
9970
9973
9975
9977
9980
9982
9984
9987
9989
9991
9994
9996
9998
10001
10003
10005
10008
10010
10012
10015
10017
10020
10022
10025
10027
10030
10033
10035
10038
10040
10043
10046
10048
10051
10054
10056
10059
10061
10064
10067
10069
10072
10075
10077
10080
10082
10085
10088
10090
10093
10095
10098
10101
10103
10106
10109
10111
10114
10116
10119
10122
10124
10127
10130
10132
10135
10138
10141
10144
10147
10150
10153
10156
10159
10162
10165
10168
10171
10174
10177
10180
10183
10186
10189
10192
10195
10198
10201
10204
10207
10210
10213
10216
10219
10222
10225
10228
10231
10234
10237
10240
10242
10245
10248
10251
10253
10256
10259
10262
10264
10267
10270
10273
10275
10278
10281
10284
10286
10289
10292
10295
10297
10300
10303
10306
10308
10311
10314
10317
10319
10322
10325
10328
10330
10333
10336
10339
10341
10344
10347
10350
10353
10356
10359
10362
10366
10369
10372
10375
10379
10382
10385
10388
10391
10395
10398
10401
10404
10408
10411
10414
10417
10420
10424
10427
10430
10433
10437
10440
10443
10446
10450
10453
10457
10461
10465
10468
10472
10476
10480
10484
10487
10491
10495
10499
10503
10506
10510
10514
10518
10522
10525
10529
10533
10537
10541
10544
10548
10552
10556
10560
10562
10565
10568
10571
10573
10576
10579
10582
10585
10587
10590
10593
10596
10598
10601
10604
10607
10610
10612
10615
10618
10621
10623
10626
10629
10632
10635
10637
10640
10643
10646
10648
10651
10654
10657
10660
10663
10667
10671
10675
10678
10682
10686
10690
10694
10697
10701
10705
10709
10713
10716
10720
10724
10728
10732
10735
10739
10743
10747
10751
10754
10758
10762
10766
10770
10773
10776
10780
10783
10786
10790
10793
10796
10800
10803
10806
10810
10813
10816
10820
10823
10826
10830
10833
10836
10840
10843
10846
10850
10853
10856
10860
10863
10866
10870
10873
10876
10880
10882
10885
10888
10891
10894
10897
10900
10903
10906
10908
10911
10914
10917
10920
10923
10926
10929
10932
10935
10937
10940
10943
10946
10949
10952
10955
10958
10961
10963
10966
10969
10972
10975
10978
10981
10984
10987
10990
10993
10996
10999
11002
11005
11008
11011
11014
11017
11020
11023
11026
11029
11032
11035
11038
11041
11045
11048
11051
11054
11057
11060
11063
11066
11069
11072
11075
11078
11081
11084
11087
11090
11093
11096
11100
11103
11107
11111
11115
11119
11123
11126
11130
11134
11138
11142
11146
11149
11153
11157
11161
11165
11169
11173
11176
11180
11184
11188
11192
11196
11200
11203
11206
11209
11212
11215
11218
11221
11224
11227
11230
11233
11236
11239
11242
11245
11248
11251
11254
11258
11261
11264
11267
11270
11273
11276
11279
11282
11285
11288
11291
11294
11297
11300
11303
11306
11310
11313
11316
11319
11322
11325
11328
11331
11334
11337
11340
11343
11346
11349
11352
11355
11358
11361
11364
11367
11370
11373
11376
11379
11382
11385
11388
11391
11394
11397
11400
11403
11406
11410
11412
11415
11418
11421
11424
11426
11429
11432
11435
11438
11441
11443
11446
11449
11452
11455
11457
11460
11463
11466
11469
11472
11474
11477
11480
11483
11486
11488
11491
11494
11497
11500
11503
11505
11508
11511
11514
11517
11520
11522
11525
11528
11531
11534
11537
11540
11543
11546
11548
11551
11554
11557
11560
11563
11566
11569
11572
11575
11577
11580
11583
11586
11589
11592
11595
11598
11601
11603
11606
11609
11612
11615
11618
11621
11624
11627
11630
11633
11637
11641
11645
11649
11653
11657
11661
11665
11669
11673
11677
11681
11685
11688
11692
11696
11700
11704
11708
11712
11716
11720
11724
11728
11732
11736
11740
11743
11746
11750
11753
11757
11760
11764
11767
11770
11774
11777
11781
11784
11788
11791
11795
11798
11801
11805
11808
11812
11815
11819
11822
11825
11829
11832
11836
11839
11843
11846
11850
11853
11857
11861
11865
11869
11873
11876
11880
11884
11888
11892
11896
11899
11903
11907
11911
11915
11919
11923
11926
11930
11934
11938
11942
11946
11950
11952
11955
11958
11961
11964
11966
11969
11972
11975
11978
11981
11983
11986
11989
11992
11995
11997
12000
12003
12006
12009
12012
12014
12017
12020
12023
12026
12028
12031
12034
12037
12040
12043
12045
12048
12051
12054
12057
12060
12063
12066
12070
12073
12076
12080
12083
12086
12090
12093
12096
12100
12103
12106
12110
12113
12116
12120
12123
12126
12130
12133
12136
12140
12143
12146
12150
12153
12156
12160
12164
12168
12172
12176
12180
12184
12188
12192
12196
12200
12204
12208
12212
12216
12219
12224
12228
12232
12235
12240
12244
12248
12251
12256
12260
12264
12267
12272
12276
12280
12283
12286
12289
12292
12296
12299
12302
12305
12309
12312
12315
12318
12321
12325
12328
12331
12334
12338
12341
12344
12347
12350
12354
12357
12360
12363
12367
12370
12373
12376
12380
12383
12386
12389
12392
12395
12398
12401
12404
12407
12410
12413
12416
12419
12422
12425
12428
12431
12435
12438
12441
12444
12447
12450
12453
12456
12459
12462
12465
12468
12471
12474
12477
12480
12483
12486
12490
12493
12497
12500
12504
12507
12511
12514
12518
12521
12525
12529
12532
12536
12539
12543
12546
12550
12553
12557
12560
12564
12568
12571
12575
12578
12582
12585
12589
12592
12596
12600
12603
12606
12610
12613
12617
12620
12624
12627
12631
12634
12637
12641
12644
12648
12651
12655
12658
12662
12665
12668
12672
12675
12679
12682
12686
12689
12693
12696
12700
12703
12707
12710
12714
12718
12722
12725
12729
12733
12736
12740
12744
12747
12751
12754
12758
12762
12766
12769
12773
12777
12780
12784
12788
12791
12795
12799
12802
12806
12810
12813
12816
12819
12822
12825
12828
12831
12834
12837
12840
12843
12846
12849
12852
12855
12858
12861
12864
12867
12870
12873
12876
12879
12882
12885
12888
12891
12894
12897
12900
12903
12906
12910
12913
12917
12920
12924
12927
12931
12934
12938
12941
12945
12949
12952
12956
12959
12963
12966
12970
12973
12977
12980
12984
12988
12991
12995
12998
13002
13005
13009
13012
13016
13020
13023
13026
13030
13033
13036
13040
13043
13046
13050
13053
13056
13060
13063
13066
13070
13073
13076
13080
13083
13086
13090
13093
13096
13100
13103
13106
13110
13113
13116
13120
13123
13126
13130
13132
13134
13137
13139
13141
13144
13146
13149
13151
13153
13156
13158
13161
13163
13165
13168
13170
13173
13175
13177
13180
13182
13185
13187
13189
13192
13194
13196
13199
13201
13204
13206
13208
13211
13213
13216
13218
13220
13223
13225
13228
13230
13232
13235
13237
13240
13243
13246
13249
13252
13256
13259
13262
13265
13269
13272
13275
13278
13282
13285
13288
13291
13295
13298
13301
13304
13308
13311
13314
13317
13321
13324
13327
13330
13334
13337
13340
13343
13347
13350
13353
13356
13360
13363
13367
13370
13374
13377
13381
13385
13388
13392
13395
13399
13402
13406
13410
13413
13417
13420
13424
13427
13431
13435
13438
13442
13445
13449
13452
13456
13460
13463
13466
13469
13472
13475
13478
13481
13484
13487
13490
13493
13496
13499
13502
13505
13508
13511
13515
13518
13521
13524
13527
13530
13533
13536
13539
13542
13545
13548
13551
13554
13557
13560
13563
13566
13570
13573
13576
13580
13583
13587
13590
13594
13597
13601
13604
13607
13611
13614
13618
13621
13625
13628
13632
13635
13638
13642
13645
13649
13652
13656
13659
13663
13666
13670
13673
13676
13680
13683
13687
13690
13694
13697
13700
13704
13707
13711
13714
13718
13721
13725
13728
13731
13735
13738
13742
13745
13749
13752
13755
13759
13762
13766
13769
13773
13776
13780
13783
13786
13789
13792
13796
13799
13802
13805
13809
13812
13815
13818
13821
13825
13828
13831
13834
13838
13841
13844
13847
13850
13854
13857
13860
13863
13867
13870
13873
13876
13880
13883
13886
13890
13893
13896
13900
13903
13906
13910
13913
13916
13920
13923
13926
13930
13933
13936
13940
13943
13946
13950
13953
13956
13960
13963
13966
13970
13973
13976
13980
13983
13986
13990
13993
13996
14000
14003
14006
14010
14013
14016
14020
14023
14026
14030
14033
14036
14040
14043
14046
14050
14053
14056
14060
14063
14066
14070
14073
14076
14080
14083
14086
14090
14093
14096
14100
14103
14106
14109
14112
14115
14118
14121
14125
14128
14131
14134
14137
14140
14143
14146
14149
14153
14156
14159
14162
14165
14168
14171
14174
14178
14181
14184
14187
14190
14193
14196
14200
14202
14204
14207
14209
14211
14214
14216
14218
14221
14223
14225
14228
14230
14232
14235
14237
14239
14242
14244
14246
14249
14251
14253
14256
14258
14260
14263
14265
14267
14270
14272
14274
14277
14279
14281
14284
14286
14288
14291
14293
14295
14298
14300
14302
14305
14307
14310
14312
14315
14317
14320
14323
14325
14328
14331
14333
14336
14338
14341
14344
14346
14349
14352
14354
14357
14360
14362
14365
14367
14370
14373
14375
14378
14381
14383
14386
14388
14391
14394
14396
14399
14402
14404
14407
14410
14413
14416
14419
14422
14425
14428
14431
14434
14437
14440
14443
14446
14449
14452
14455
14458
14461
14465
14468
14471
14474
14477
14480
14483
14486
14489
14492
14495
14498
14501
14504
14507
14510
14513
14516
14520
14523
14527
14530
14534
14538
14542
14545
14549
14553
14556
14560
14564
14567
14571
14575
14578
14582
14586
14589
14593
14597
14600
14604
14608
14611
14615
14619
14622
14626
14630
14632
14635
14638
14641
14644
14647
14650
14653
14656
14659
14662
14665
14668
14671
14674
14677
14680
14683
14686
14689
14692
14695
14698
14701
14704
14707
14710
14713
14716
14719
14722
14725
14728
14731
14734
14737
14740
14742
14745
14748
14751
14754
14757
14760
14763
14766
14769
14772
14775
14778
14781
14784
14787
14790
14793
14796
14799
14802
14805
14808
14811
14814
14817
14820
14823
14826
14829
14832
14835
14838
14841
14844
14847
14850
14852
14855
14858
14861
14864
14867
14870
14873
14876
14879
14882
14885
14888
14891
14894
14897
14899
14902
14905
14908
14911
14914
14917
14920
14923
14926
14929
14932
14935
14938
14941
14944
14947
14950
14953
14956
14959
14963
14966
14969
14973
14976
14980
14983
14986
14990
14993
14996
15000
15003
15006
15010
15013
15016
15020
15023
15026
15030
15033
15036
15040
15043
15046
15050
15053
15056
15060
15063
15067
15070
15074
15077
15081
15085
15088
15092
15095
15099
15102
15106
15110
15113
15117
15120
15124
15127
15131
15135
15138
15142
15145
15149
15152
15156
15160
15162
15165
15168
15170
15173
15176
15178
15181
15184
15186
15189
15192
15194
15197
15200
15202
15205
15208
15210
15213
15216
15219
15221
15224
15227
15229
15232
15235
15237
15240
15243
15245
15248
15251
15253
15256
15259
15261
15264
15267
15270
15272
15275
15278
15281
15284
15287
15290
15293
15296
15298
15301
15304
15307
15310
15313
15316
15319
15322
15325
15327
15330
15333
15336
15339
15342
15345
15348
15351
15353
15356
15359
15362
15365
15368
15371
15374
15377
15380
15382
15385
15387
15390
15393
15395
15398
15400
15403
15406
15408
15411
15414
15416
15419
15421
15424
15427
15429
15432
15435
15437
15440
15442
15445
15448
15450
15453
15455
15458
15461
15463
15466
15469
15471
15474
15476
15479
15482
15484
15487
15490
15493
15496
15499
15502
15505
15508
15511
15514
15517
15520
15523
15526
15529
15532
15535
15538
15541
15545
15548
15551
15554
15557
15560
15563
15566
15569
15572
15575
15578
15581
15584
15587
15590
15593
15596
15600
15603
15606
15609
15612
15616
15619
15622
15625
15629
15632
15635
15638
15641
15645
15648
15651
15654
15658
15661
15664
15667
15670
15674
15677
15680
15683
15687
15690
15693
15696
15700
15702
15705
15708
15711
15714
15717
15720
15723
15726
15729
15732
15735
15738
15741
15744
15747
15750
15753
15756
15759
15762
15765
15768
15771
15774
15777
15780
15783
15786
15789
15792
15795
15798
15801
15804
15807
15810
15813
15817
15821
15824
15828
15832
15835
15839
15843
15847
15850
15854
15858
15861
15865
15869
15872
15876
15880
15884
15887
15891
15895
15898
15902
15906
15910
15913
15916
15920
15923
15927
15930
15934
15937
15940
15944
15947
15951
15954
15958
15961
15965
15968
15971
15975
15978
15982
15985
15989
15992
15995
15999
16002
16006
16009
16013
16016
16020
16023
16026
16030
16033
16037
16040
16044
16047
16050
16054
16057
16061
16064
16068
16071
16075
16078
16081
16085
16088
16092
16095
16099
16102
16105
16109
16112
16116
16119
16123
16126
16129
16133
16137
16141
16145
16149
16153
16157
16161
16165
16169
16173
16177
16181
16184
16188
16192
16196
16200
16204
16208
16212
16216
16220
16224
16228
16232
16236
16239
16243
16246
16250
16253
16257
16260
16264
16267
16270
16274
16277
16281
16284
16288
16291
16295
16298
16301
16305
16308
16312
16315
16319
16322
16325
16329
16332
16336
16339
16343
16346
16350
16353
16356
16360
16363
16367
16370
16374
16377
16381
16384
16387
16391
16394
16398
16401
16405
16408
16412
16415
16418
16422
16425
16429
16432
16436
16439
16443
16446
16450
16453
16456
16459
16462
16465
16468
16471
16474
16477
16480
16483
16486
16489
16492
16495
16498
16501
16505
16508
16511
16514
16517
16520
16523
16526
16529
16532
16535
16538
16541
16544
16547
16550
16553
16556
16560
16563
16566
16570
16573
16576
16580
16583
16586
16590
16593
16596
16599
16603
16606
16610
16613
16616
16620
16623
16626
16630
16633
16636
16640
16643
16646
16650
16653
16656
16660
16663
16667
16670
16674
16677
16681
16684
16688
16691
16695
16699
16702
16706
16709
16713
16716
16720
16723
16727
16730
16734
16738
16741
16745
16748
16752
16755
16759
16762
16766
16770
16773
16776
16779
16782
16785
16788
16791
16795
16798
16801
16804
16807
16810
16814
16817
16820
16823
16826
16829
16832
16836
16839
16842
16845
16848
16851
16854
16858
16861
16864
16867
16870
16873
16876
16880
16883
16887
16890
16894
16897
16901
16904
16908
16911
16915
16919
16922
16926
16929
16933
16936
16940
16943
16947
16950
16954
16958
16961
16965
16968
16972
16975
16979
16982
16986
16990
16992
16995
16998
17001
17004
17007
17010
17013
17016
17018
17021
17024
17027
17030
17033
17036
17039
17042
17045
17047
17050
17053
17056
17059
17062
17065
17068
17071
17073
17076
17079
17082
17085
17088
17091
17094
17097
17100
17103
17106
17109
17112
17115
17118
17121
17124
17127
17130
17133
17136
17139
17142
17145
17148
17151
17154
17157
17160
17163
17166
17169
17172
17175
17178
17181
17184
17187
17190
17193
17196
17200
17202
17205
17208
17211
17214
17217
17220
17223
17226
17228
17231
17234
17237
17240
17243
17246
17249
17252
17255
17257
17260
17263
17266
17269
17272
17275
17278
17281
17283
17286
17289
17292
17295
17298
17301
17304
17307
17310
17312
17315
17318
17321
17324
17327
17330
17333
17336
17339
17342
17345
17348
17351
17354
17357
17360
17362
17365
17368
17371
17374
17377
17380
17383
17386
17389
17392
17395
17398
17401
17404
17407
17410
17413
17416
17419
17422
17425
17428
17432
17435
17438
17441
17444
17447
17450
17454
17457
17460
17463
17466
17469
17472
17476
17479
17482
17485
17488
17491
17494
17498
17501
17504
17507
17510
17513
17516
17520
17522
17525
17528
17531
17534
17537
17540
17543
17546
17549
17552
17555
17558
17561
17564
17567
17570
17573
17576
17579
17582
17585
17588
17591
17594
17597
17600
17603
17606
17609
17612
17615
17618
17621
17624
17627
17630
17632
17635
17638
17641
17644
17646
17649
17652
17655
17658
17661
17663
17666
17669
17672
17675
17677
17680
17683
17686
17689
17692
17694
17697
17700
17703
17706
17708
17711
17714
17717
17720
17723
17725
17728
17731
17734
17737
17740
17742
17745
17748
17751
17754
17757
17760
17763
17766
17769
17772
17775
17778
17781
17784
17787
17790
17793
17796
17799
17802
17805
17808
17811
17814
17817
17820
17823
17826
17829
17832
17835
17838
17841
17844
17847
17850
17853
17856
17859
17862
17866
17869
17872
17875
17879
17882
17885
17888
17892
17895
17898
17901
17905
17908
17911
17914
17917
17921
17924
17927
17930
17934
17937
17940
17943
17947
17950
17953
17956
17960
17963
17966
17969
17972
17976
17979
17982
17985
17989
17992
17995
17998
18002
18005
18008
18011
18015
18018
18021
18024
18027
18031
18034
18037
18040
18044
18047
18050
18053
18057
18060
18063
18066
18070
18073
18076
18079
18082
18086
18089
18092
18095
18099
18102
18105
18108
18111
18115
18118
18121
18124
18128
18131
18134
18137
18140
18144
18147
18150
18153
18157
18160
18163
18166
18170
18173
18177
18180
18184
18187
18191
18194
18198
18201
18205
18209
18212
18216
18219
18223
18226
18230
18233
18237
18240
18244
18248
18251
18255
18258
18262
18265
18269
18272
18276
18280
18283
18287
18290
18294
18297
18301
18305
18308
18312
18315
18319
18322
18326
18330
18333
18337
18340
18344
18347
18351
18355
18358
18362
18365
18369
18372
18376
18380
18383
18386
18390
18393
18397
18400
18404
18407
18410
18414
18417
18421
18424
18428
18431
18435
18438
18441
18445
18448
18452
18455
18459
18462
18465
18469
18472
18476
18479
18483
18486
18490
18493
18496
18500
18503
18506
18509
18513
18516
18520
18523
18526
18530
18533
18536
18540
18543
18546
18550
18553
18556
18560
18563
18566
18570
18573
18576
18580
18583
18586
18590
18593
18596
18600
18602
18605
18608
18611
18613
18616
18619
18622
18625
18627
18630
18633
18636
18638
18641
18644
18647
18650
18652
18655
18658
18661
18663
18666
18669
18672
18675
18677
18680
18683
18686
18688
18691
18694
18697
18700
18703
18706
18709
18712
18715
18718
18721
18725
18728
18731
18734
18737
18740
18744
18747
18750
18753
18756
18759
18762
18766
18769
18772
18775
18778
18781
18784
18788
18791
18794
18797
18800
18803
18806
18810
18813
18816
18820
18823
18826
18830
18833
18836
18840
18843
18846
18849
18853
18856
18860
18863
18866
18870
18873
18876
18880
18883
18886
18890
18893
18896
18900
18903
18906
18910
18913
18917
18921
18924
18928
18932
18935
18939
18943
18946
18950
18954
18957
18961
18965
18968
18972
18976
18979
18983
18987
18990
18994
18998
19001
19005
19009
19012
19016
19020
19022
19025
19028
19031
19034
19037
19040
19043
19046
19049
19052
19055
19058
19061
19064
19067
19070
19073
19076
19079
19082
19085
19088
19091
19094
19097
19100
19103
19106
19109
19112
19115
19118
19121
19124
19127
19130
19132
19135
19138
19141
19144
19147
19150
19153
19156
19159
19162
19165
19168
19171
19174
19177
19180
19183
19186
19189
19192
19195
19198
19201
19204
19207
19210
19213
19216
19219
19222
19225
19228
19231
19234
19237
19240
19243
19246
19250
19253
19257
19260
19264
19267
19270
19274
19277
19281
19284
19288
19291
19295
19298
19301
19305
19308
19312
19315
19319
19322
19325
19329
19332
19336
19339
19343
19346
19350
19352
19355
19358
19361
19364
19367
19370
19372
19375
19378
19381
19384
19387
19390
19392
19395
19398
19401
19404
19407
19410
19412
19415
19418
19421
19424
19427
19430
19432
19435
19438
19441
19444
19447
19450
19453
19457
19460
19464
19467
19471
19474
19478
19481
19485
19489
19492
19496
19499
19503
19506
19510
19513
19517
19520
19524
19528
19531
19535
19538
19542
19545
19549
19552
19556
19560
19563
19566
19569
19572
19576
19579
19582
19585
19589
19592
19595
19598
19601
19605
19608
19611
19614
19618
19621
19624
19627
19630
19634
19637
19640
19643
19647
19650
19653
19656
19660
19663
19666
19669
19672
19676
19679
19682
19685
19689
19692
19695
19698
19702
19705
19708
19711
19715
19718
19721
19724
19727
19731
19734
19737
19740
19744
19747
19750
19753
19757
19760
19763
19766
19770
19773
19776
19779
19782
19785
19788
19791
19795
19798
19801
19804
19807
19810
19814
19817
19820
19823
19826
19829
19832
19836
19839
19842
19845
19848
19851
19854
19858
19861
19864
19867
19870
19873
19876
19880
19882
19885
19888
19891
19894
19896
19899
19902
19905
19908
19911
19913
19916
19919
19922
19925
19927
19930
19933
19936
19939
19942
19944
19947
19950
19953
19956
19958
19961
19964
19967
19970
19973
19975
19978
19981
19984
19987
19990
19993
19997
20000
20004
20007
20011
20014
20018
20021
20025
20029
20032
20036
20039
20043
20046
20050
20053
20057
20060
20064
20068
20071
20075
20078
20082
20085
20089
20092
20096
20100
20103
20106
20109
20112
20115
20118
20121
20125
20128
20131
20134
20137
20140
20143
20146
20150
20153
20156
20159
20162
20165
20168
20171
20175
20178
20181
20184
20187
20190
20193
20196
20200
20203
20206
20210
20213
20217
20220
20224
20227
20230
20234
20237
20241
20244
20248
20251
20255
20258
20261
20265
20268
20272
20275
20279
20282
20285
20289
20292
20296
20299
20303
20306
20310
20313
20316
20320
20323
20327
20330
20334
20337
20341
20344
20347
20351
20354
20358
20361
20365
20368
20372
20375
20378
20382
20385
20389
20392
20396
20399
20403
20406
20410
20413
20416
20419
20422
20425
20428
20431
20434
20437
20440
20443
20446
20449
20452
20455
20458
20461
20465
20468
20471
20474
20477
20480
20483
20486
20489
20492
20495
20498
20501
20504
20507
20510
20513
20516
20520
20522
20525
20528
20531
20534
20537
20540
20543
20546
20548
20551
20554
20557
20560
20563
20566
20569
20572
20575
20577
20580
20583
20586
20589
20592
20595
20598
20601
20603
20606
20609
20612
20615
20618
20621
20624
20627
20630
20633
20636
20639
20642
20646
20649
20652
20655
20659
20662
20665
20668
20672
20675
20678
20681
20685
20688
20691
20694
20697
20701
20704
20707
20710
20714
20717
20720
20723
20727
20730
20733
20736
20740
20742
20745
20748
20751
20754
20757
20760
20763
20766
20769
20772
20775
20778
20781
20784
20787
20790
20793
20796
20799
20802
20805
20808
20811
20814
20817
20820
20823
20826
20829
20832
20835
20838
20841
20844
20847
20850
20853
20856
20860
20863
20866
20870
20873
20876
20880
20883
20886
20890
20893
20896
20900
20903
20906
20910
20913
20916
20920
20923
20926
20930
20933
20936
20939
20943
20946
20950
20952
20955
20958
20961
20964
20967
20970
20973
20976
20979
20982
20985
20988
20991
20994
20997
21000
21003
21006
21009
21012
21015
21018
21021
21024
21027
21030
21033
21036
21039
21042
21045
21048
21051
21054
21057
21060
21063
21066
21069
21072
21076
21079
21082
21085
21089
21092
21095
21098
21101
21105
21108
21111
21114
21118
21121
21124
21127
21130
21134
21137
21140
21143
21147
21150
21153
21156
21160
21163
21166
21170
21173
21177
21180
21184
21187
21190
21194
21197
21201
21204
21208
21211
21215
21218
21221
21225
21228
21232
21235
21239
21242
21245
21249
21252
21256
21259
21263
21266
21270
21273
21277
21280
21284
21287
21291
21294
21298
21301
21305
21309
21312
21316
21319
21323
21326
21330
21333
21337
21340
21344
21348
21351
21355
21358
21362
21365
21369
21372
21376
21380
21382
21385
21388
21391
21394
21397
21400
21403
21406
21408
21411
21414
21417
21420
21423
21426
21429
21432
21435
21437
21440
21443
21446
21449
21452
21455
21458
21461
21463
21466
21469
21472
21475
21478
21481
21484
21487
21490
21492
21495
21498
21501
21504
21507
21510
21513
21516
21518
21521
21524
21527
21530
21533
21536
21539
21542
21545
21547
21550
21553
21556
21559
21562
21565
21568
21571
21573
21576
21579
21582
21585
21588
21591
21594
21597
21600
21603
21606
21610
21613
21617
21620
21624
21627
21631
21634
21637
21641
21644
21648
21651
21655
21658
21662
21665
21668
21672
21675
21679
21682
21686
21689
21693
21696
21700
21703
21706
21709
21712
21715
21718
21721
21724
21727
21730
21733
21736
21739
21742
21745
21748
21751
21755
21758
21761
21764
21767
21770
21773
21776
21779
21782
21785
21788
21791
21794
21797
21800
21803
21806
21810
21813
21816
21820
21823
21826
21830
21833
21836
21840
21843
21846
21849
21853
21856
21860
21863
21866
21870
21873
21876
21880
21883
21886
21890
21893
21896
21900
21903
21906
21910
21913
21916
21920
21923
21927
21930
21934
21937
21940
21944
21947
21951
21954
21958
21961
21965
21968
21971
21975
21978
21982
21985
21989
21992
21995
21999
22002
22006
22009
22013
22016
22020
22023
22026
22030
22033
22036
22040
22043
22046
22050
22053
22056
22060
22063
22066
22070
22073
22076
22080
22083
22086
22090
22093
22096
22099
22103
22106
22110
22113
22116
22119
22123
22126
22130
22133
22136
22140
22143
22147
22150
22154
22157
22160
22164
22167
22171
22174
22178
22181
22185
22188
22191
22195
22198
22202
22205
22209
22212
22215
22219
22222
22226
22229
22233
22236
22240
22242
22245
22248
22251
22254
22257
22260
22263
22266
22269
22272
22275
22278
22281
22284
22287
22290
22293
22296
22299
22302
22305
22308
22311
22314
22317
22320
22323
22326
22329
22332
22335
22338
22341
22344
22347
22350
22353
22357
22361
22365
22368
22372
22376
22380
22384
22387
22391
22395
22399
22403
22406
22410
22414
22418
22422
22425
22429
22433
22437
22441
22444
22448
22452
22456
22460
22463
22466
22469
22472
22475
22478
22482
22485
22488
22491
22494
22497
22500
22504
22507
22510
22513
22516
22519
22522
22526
22529
22532
22535
22538
22541
22544
22548
22551
22554
22557
22560
22563
22566
22570
22573
22577
22580
22584
22587
22591
22595
22598
22602
22605
22609
22612
22616
22620
22623
22627
22630
22634
22637
22641
22645
22648
22652
22655
22659
22662
22666
22670
22674
22678
22682
22686
22690
22694
22698
22703
22707
22711
22715
22719
22723
22727
22732
22736
22740
22744
22748
22752
22756
22761
22765
22769
22773
22777
22781
22785
22790
22793
22796
22799
22802
22806
22809
22812
22815
22819
22822
22825
22828
22831
22835
22838
22841
22844
22848
22851
22854
22857
22860
22864
22867
22870
22873
22877
22880
22883
22886
22890
22893
22897
22901
22904
22908
22912
22915
22919
22923
22926
22930
22934
22937
22941
22945
22948
22952
22956
22959
22963
22967
22970
22974
22978
22981
22985
22989
22992
22996
23000
23003
23007
23011
23015
23018
23022
23026
23030
23034
23037
23041
23045
23049
23053
23056
23060
23064
23068
23072
23075
23079
23083
23087
23091
23094
23098
23102
23106
23110
23114
23118
23122
23126
23130
23134
23139
23143
23147
23151
23155
23160
23164
23168
23172
23176
23180
23185
23189
23193
23197
23201
23205
23210
23214
23218
23223
23227
23232
23236
23240
23245
23249
23254
23258
23262
23267
23271
23276
23280
23284
23289
23293
23298
23302
23306
23311
23315
23320
23324
23328
23333
23337
23341
23346
23350
23354
23359
23363
23367
23372
23376
23380
23385
23389
23393
23398
23402
23406
23411
23415
23420
23425
23431
23437
23443
23448
23454
23460
23466
23472
23477
23483
23489
23495
23501
23506
23512
23518
23524
23530
23535
23540
23545
23551
23556
23561
23566
23572
23577
23582
23587
23593
23598
23603
23608
23614
23619
23624
23630
23634
23638
23642
23646
23651
23655
23659
23663
23668
23672
23676
23680
23685
23689
23693
23697
23701
23706
23710
23714
23718
23723
23727
23731
23735
23740
23744
23748
23752
23756
23760
23764
23768
23772
23776
23780
23784
23788
23792
23797
23801
23805
23809
23813
23817
23821
23825
23829
23833
23837
23841
23845
23850
23853
23856
23859
23862
23866
23869
23872
23875
23879
23882
23885
23888
23891
23895
23898
23901
23904
23908
23911
23914
23917
23920
23924
23927
23930
23933
23937
23940
23943
23946
23950
23953
23956
23960
23963
23966
23970
23973
23976
23980
23983
23986
23990
23993
23996
24000
24003
24006
24009
24013
24016
24020
24023
24026
24029
24033
24036
24040
24043
24046
24049
24053
24056
24060
24063
24066
24069
24072
24075
24078
24081
24084
24087
24090
24093
24096
24099
24102
24105
24108
24111
24114
24117
24120
24123
24126
24129
24132
24135
24138
24141
24144
24147
24150
24153
24156
24160
24163
24167
24171
24175
24178
24182
24186
24190
24194
24197
24201
24205
24209
24213
24216
24220
24224
24228
24232
24235
24239
24243
24247
24251
24254
24258
24262
24266
24270
24273
24276
24280
24283
24286
24290
24293
24296
24300
24303
24306
24310
24313
24316
24320
24323
24326
24330
24333
24336
24340
24343
24346
24349
24353
24356
24360
24363
24366
24369
24373
24376
24380
24383
24386
24390
24393
24397
24400
24404
24407
24410
24414
24417
24421
24424
24428
24431
24435
24438
24441
24445
24448
24452
24455
24459
24462
24465
24469
24472
24476
24479
24483
24486
24490
24493
24497
24501
24505
24509
24513
24517
24521
24525
24529
24533
24537
24541
24545
24548
24552
24556
24560
24564
24568
24572
24576
24580
24584
24588
24592
24596
24600
24602
24605
24608
24611
24614
24617
24620
24622
24625
24628
24631
24634
24637
24640
24642
24645
24648
24651
24654
24657
24660
24662
24665
24668
24671
24674
24677
24680
24682
24685
24688
24691
24694
24697
24700
24703
24706
24710
24713
24717
24720
24724
24727
24730
24734
24737
24741
24744
24748
24751
24755
24758
24761
24765
24768
24772
24775
24779
24782
24785
24789
24792
24796
24799
24803
24806
24810
24813
24816
24819
24822
24825
24828
24831
24834
24837
24840
24843
24846
24849
24852
24855
24858
24861
24864
24867
24870
24873
24876
24879
24882
24885
24888
24891
24894
24897
24900
24903
24906
24910
24912
24915
24918
24921
24924
24926
24929
24932
24935
24938
24941
24943
24946
24949
24952
24955
24957
24960
24963
24966
24969
24972
24974
24977
24980
24983
24986
24988
24991
24994
24997
25000
25003
25005
25008
25011
25014
25017
25020
25023
25026
25030
25033
25037
25040
25044
25047
25050
25054
25057
25061
25064
25068
25071
25075
25078
25081
25085
25088
25092
25095
25099
25102
25105
25109
25112
25116
25119
25123
25126
25130
25133
25136
25140
25143
25147
25150
25154
25157
25160
25164
25167
25171
25174
25178
25181
25185
25188
25191
25195
25198
25202
25205
25209
25212
25215
25219
25222
25226
25229
25233
25236
25240
25243
25246
25249
25252
25255
25258
25262
25265
25268
25271
25274
25277
25280
25284
25287
25290
25293
25296
25299
25302
25306
25309
25312
25315
25318
25321
25324
25328
25331
25334
25337
25340
25343
25346
25350
25353
25357
25361
25365
25369
25373
25376
25380
25384
25388
25392
25396
25400
25403
25407
25411
25415
25419
25423
25426
25430
25434
25438
25442
25446
25450
25452
25455
25458
25461
25464
25467
25470
25473
25476
25478
25481
25484
25487
25490
25493
25496
25499
25502
25505
25507
25510
25513
25516
25519
25522
25525
25528
25531
25533
25536
25539
25542
25545
25548
25551
25554
25557
25560
25563
25567
25570
25574
25577
25581
25585
25588
25592
25595
25599
25602
25606
25610
25613
25617
25620
25624
25627
25631
25634
25638
25642
25645
25649
25652
25656
25660
25662
25665
25668
25671
25674
25677
25680
25683
25686
25689
25692
25695
25698
25700
25703
25706
25709
25712
25715
25718
25721
25724
25727
25730
25733
25736
25739
25741
25744
25747
25750
25753
25756
25759
25762
25765
25768
25771
25774
25777
25780
25782
25785
25788
25790
25793
25796
25798
25801
25804
25807
25809
25812
25815
25817
25820
25823
25825
25828
25831
25834
25836
25839
25842
25844
25847
25850
25852
25855
25858
25861
25863
25866
25869
25871
25874
25877
25880
25882
25885
25888
25891
25894
25897
25900
25903
25906
25908
25911
25914
25917
25920
25923
25926
25929
25932
25935
25937
25940
25943
25946
25949
25952
25955
25958
25961
25963
25966
25969
25972
25975
25978
25981
25984
25987
25990
25992
25995
25998
26001
26004
26007
26010
26013
26016
26018
26021
26024
26027
26030
26033
26036
26039
26042
26045
26047
26050
26053
26056
26059
26062
26065
26068
26071
26073
26076
26079
26082
26085
26088
26091
26094
26097
26100
26102
26105
26108
26111
26114
26117
26120
26123
26126
26129
26132
26135
26138
26141
26144
26147
26150
26152
26155
26158
26161
26164
26167
26170
26173
26176
26179
26182
26185
26188
26191
26194
26197
26200
26202
26205
26208
26211
26214
26217
26220
26223
26226
26229
26232
26235
26238
26241
26244
26247
26250
26253
26256
26259
26262
26265
26268
26271
26274
26277
26280
26283
26286
26289
26292
26295
26298
26301
26304
26307
26310
26312
26315
26318
26321
26324
26327
26330
26332
26335
26338
26341
26344
26347
26349
26352
26355
26358
26361
26364
26367
26370
26372
26375
26378
26381
26384
26387
26390
26392
26395
26398
26401
26404
26407
26410
26413
26416
26419
26422
26426
26429
26432
26435
26439
26442
26445
26448
26452
26455
26458
26461
26465
26468
26471
26474
26477
26481
26484
26487
26490
26494
26497
26500
26503
26507
26510
26513
26516
26520
26523
26527
26530
26534
26537
26541
26544
26548
26551
26555
26559
26562
26566
26569
26573
26576
26580
26583
26587
26590
26594
26598
26601
26605
26608
26612
26615
26619
26622
26626
26630
26634
26638
26642
26646
26650
26654
26658
26662
26666
26670
26674
26678
26682
26687
26691
26695
26699
26703
26707
26711
26715
26719
26723
26727
26731
26735
26740
26743
26746
26750
26753
26756
26759
26763
26766
26770
26773
26776
26780
26783
26786
26790
26793
26796
26800
26803
26806
26810
26813
26816
26820
26823
26826
26830
26833
26836
26840
26843
26846
26850
26852
26855
26858
26861
26864
26867
26870
26873
26876
26879
26882
26885
26888
26891
26894
26897
26900
26902
26905
26908
26911
26914
26917
26920
26923
26926
26929
26932
26935
26938
26941
26944
26947
26950
26953
26956
26959
26962
26965
26968
26971
26975
26978
26981
26984
26987
26990
26994
26997
27000
27003
27006
27009
27012
27016
27019
27022
27025
27028
27031
27034
27038
27041
27044
27047
27050
27053
27056
27060
27063
27066
27069
27072
27075
27078
27081
27085
27088
27091
27094
27097
27100
27103
27106
27110
27113
27116
27119
27122
27125
27128
27131
27134
27138
27141
27144
27147
27150
27153
27156
27160
27163
27167
27171
27174
27178
27182
27185
27189
27193
27196
27200
27204
27207
27211
27215
27218
27222
27226
27229
27233
27237
27240
27244
27248
27251
27255
27259
27262
27266
27270
27273
27276
27280
27283
27286
27290
27293
27296
27300
27303
27306
27310
27313
27316
27320
27323
27326
27330
27333
27336
27340
27343
27346
27350
27353
27356
27360
27363
27366
27370
27373
27376
27380
27383
27386
27390
27393
27396
27399
27402
27405
27408
27411
27414
27417
27420
27423
27426
27429
27432
27435
27438
27441
27445
27448
27451
27454
27457
27460
27463
27466
27469
27472
27475
27478
27481
27484
27487
27490
27493
27496
27500
27503
27506
27510
27513
27516
27520
27523
27526
27530
27533
27536
27540
27543
27546
27550
27553
27556
27560
27563
27566
27570
27573
27576
27580
27583
27586
27590
27593
27596
27599
27603
27606
27610
27612
27615
27618
27620
27623
27626
27628
27631
27634
27637
27639
27642
27645
27647
27650
27653
27655
27658
27661
27664
27666
27669
27672
27674
27677
27680
27682
27685
27688
27691
27693
27696
27699
27701
27704
27707
27710
27712
27715
27718
27721
27724
27727
27730
27733
27736
27738
27741
27744
27747
27750
27753
27756
27759
27762
27765
27767
27770
27773
27776
27779
27782
27785
27788
27791
27793
27796
27799
27802
27805
27808
27811
27814
27817
27820
27822
27825
27828
27831
27834
27837
27840
27843
27846
27849
27852
27855
27858
27861
27864
27867
27870
27872
27875
27878
27881
27884
27887
27890
27893
27896
27899
27902
27905
27908
27911
27914
27917
27920
27922
27925
27927
27930
27933
27935
27938
27940
27943
27946
27948
27951
27954
27956
27959
27961
27964
27967
27969
27972
27975
27977
27980
27982
27985
27988
27990
27993
27995
27998
28001
28003
28006
28009
28011
28014
28016
28019
28022
28024
28027
28030
28033
28036
28039
28042
28045
28048
28051
28055
28058
28061
28064
28067
28070
28073
28076
28080
28083
28086
28089
28092
28095
28098
28101
28105
28108
28111
28114
28117
28120
28123
28126
28130
28133
28136
28139
28142
28145
28148
28151
28154
28157
28160
28163
28166
28169
28172
28175
28178
28181
28185
28188
28191
28194
28197
28200
28203
28206
28209
28212
28215
28218
28221
28224
28227
28230
28233
28236
28240
28242
28245
28248
28250
28253
28256
28259
28262
28264
28267
28270
28273
28275
28278
28281
28284
28286
28289
28292
28295
28297
28300
28303
28306
28308
28311
28314
28317
28319
28322
28325
28328
28330
28333
28336
28339
28341
28344
28347
28350
28353
28356
28359
28362
28365
28368
28371
28375
28378
28381
28384
28387
28390
28393
28396
28400
28403
28406
28409
28412
28415
28418
28421
28425
28428
28431
28434
28437
28440
28443
28446
28450
28452
28455
28458
28461
28464
28467
28470
28473
28476
28479
28482
28485
28488
28491
28494
28497
28500
28503
28506
28509
28512
28515
28518
28521
28524
28527
28530
28533
28536
28539
28542
28545
28548
28551
28554
28557
28560
28563
28566
28570
28573
28576
28580
28583
28586
28590
28593
28596
28600
28603
28606
28610
28613
28616
28620
28623
28626
28630
28633
28636
28640
28643
28646
28650
28653
28656
28660
28663
28666
28670
28673
28676
28679
28682
28686
28689
28692
28695
28699
28702
28705
28708
28712
28715
28718
28721
28725
28728
28731
28734
28737
28741
28744
28747
28750
28754
28757
28760
28763
28767
28770
28773
28776
28780
28783
28786
28790
28793
28796
28800
28803
28806
28810
28813
28816
28820
28823
28826
28830
28833
28836
28840
28843
28846
28850
28853
28856
28860
28863
28866
28869
28873
28876
28880
28883
28887
28891
28895
28899
28903
28907
28911
28915
28919
28923
28927
28931
28935
28938
28942
28946
28950
28954
28958
28962
28966
28970
28974
28978
28982
28986
28990
28993
28996
28999
29002
29006
29009
29012
29015
29019
29022
29025
29028
29032
29035
29038
29041
29045
29048
29051
29054
29057
29061
29064
29067
29070
29074
29077
29080
29083
29087
29090
29093
29096
29100
29103
29107
29110
29114
29117
29121
29125
29128
29132
29135
29139
29142
29146
29150
29153
29157
29160
29164
29167
29171
29175
29178
29182
29185
29189
29192
29196
29200
29204
29208
29212
29216
29221
29225
29229
29233
29238
29242
29246
29250
29255
29259
29263
29267
29271
29276
29280
29284
29288
29293
29297
29301
29305
29310
29313
29316
29319
29322
29326
29329
29332
29335
29339
29342
29345
29348
29351
29355
29358
29361
29364
29368
29371
29374
29377
29380
29384
29387
29390
29393
29397
29400
29403
29406
29410
29413
29416
29420
29423
29427
29430
29434
29437
29440
29444
29447
29451
29454
29458
29461
29465
29468
29471
29475
29478
29482
29485
29489
29492
29495
29499
29502
29506
29509
29513
29516
29520
29522
29525
29528
29531
29533
29536
29539
29541
29544
29547
29550
29553
29555
29558
29561
29564
29566
29569
29572
29575
29577
29580
29583
29586
29588
29591
29594
29596
29599
29602
29605
29608
29610
29613
29616
29619
29621
29624
29627
29630
29633
29636
29639
29642
29646
29649
29652
29655
29659
29662
29665
29668
29672
29675
29678
29681
29685
29688
29691
29694
29697
29701
29704
29707
29710
29714
29717
29720
29723
29727
29730
29733
29736
29740
29743
29746
29749
29752
29756
29759
29762
29765
29769
29772
29775
29778
29782
29785
29788
29791
29795
29798
29801
29804
29807
29811
29814
29817
29820
29824
29827
29830
29833
29837
29840
29843
29846
29850
29853
29856
29859
29862
29865
29868
29871
29874
29877
29880
29883
29886
29889
29892
29895
29898
29901
29904
29907
29910
29913
29916
29919
29922
29925
29928
29931
29934
29937
29940
29943
29946
29950
