0.10 245344.72
0.20 245344.72
0.30 245344.72
0.40 245344.72
0.50 245344.72
0.60 245344.72
0.70 245344.72
0.80 245344.72
0.90 245344.72
1.00 245344.72
1.10 250493.67
1.20 250493.67
1.30 250493.67
1.40 250493.67
1.50 250493.67
1.60 250493.67
1.70 250493.67
1.80 250493.67
1.90 250493.67
2.00 250493.67
2.10 215010.29
2.20 215010.29
2.30 215010.29
2.40 215010.29
2.50 215010.29
2.60 215010.29
2.70 215010.29
2.80 215010.29
2.90 215010.29
3.00 215010.29
3.10 233015.38
3.20 233015.38
3.30 233015.38
3.40 233015.38
3.50 233015.38
3.60 233015.38
3.70 233015.38
3.80 233015.38
3.90 233015.38
4.00 233015.38
4.10 260868.89
4.20 260868.89
4.30 260868.89
4.40 260868.89
4.50 260868.89
4.60 260868.89
4.70 260868.89
4.80 260868.89
4.90 260868.89
5.00 260868.89
5.10 220108.07
5.20 220108.07
5.30 220108.07
5.40 220108.07
5.50 220108.07
5.60 220108.07
5.70 220108.07
5.80 220108.07
5.90 220108.07
6.00 220108.07
6.10 117926.52
6.20 117926.52
6.30 117926.52
6.40 117926.52
6.50 117926.52
6.60 117926.52
6.70 117926.52
6.80 117926.52
6.90 117926.52
7.00 117926.52
7.10 220803.69
7.20 220803.69
7.30 220803.69
7.40 220803.69
7.50 220803.69
7.60 220803.69
7.70 220803.69
7.80 220803.69
7.90 220803.69
8.00 220803.69
8.10 59813.87
8.20 59813.87
8.30 59813.87
8.40 59813.87
8.50 59813.87
8.60 59813.87
8.70 59813.87
8.80 59813.87
8.90 59813.87
9.00 59813.87
9.10 227510.95
9.20 227510.95
9.30 227510.95
9.40 227510.95
9.50 227510.95
9.60 227510.95
9.70 227510.95
9.80 227510.95
9.90 227510.95
10.00 227510.95
10.10 191548.51
10.20 191548.51
10.30 191548.51
10.40 191548.51
10.50 191548.51
10.60 191548.51
10.70 191548.51
10.80 191548.51
10.90 191548.51
11.00 191548.51
11.10 155639.77
11.20 155639.77
11.30 155639.77
11.40 155639.77
11.50 155639.77
11.60 155639.77
11.70 155639.77
11.80 155639.77
11.90 155639.77
12.00 155639.77
12.10 247731.18
12.20 247731.18
12.30 247731.18
12.40 247731.18
12.50 247731.18
12.60 247731.18
12.70 247731.18
12.80 247731.18
12.90 247731.18
13.00 247731.18
13.10 224699.01
13.20 224699.01
13.30 224699.01
13.40 224699.01
13.50 224699.01
13.60 224699.01
13.70 224699.01
13.80 224699.01
13.90 224699.01
14.00 224699.01
14.10 227681.63
14.20 227681.63
14.30 227681.63
14.40 227681.63
14.50 227681.63
14.60 227681.63
14.70 227681.63
14.80 227681.63
14.90 227681.63
15.00 227681.63
15.10 251820.00
15.20 251820.00
15.30 251820.00
15.40 251820.00
15.50 251820.00
15.60 251820.00
15.70 251820.00
15.80 251820.00
15.90 251820.00
16.00 251820.00
16.10 204624.95
16.20 204624.95
16.30 204624.95
16.40 204624.95
16.50 204624.95
16.60 204624.95
16.70 204624.95
16.80 204624.95
16.90 204624.95
17.00 204624.95
17.10 200876.59
17.20 200876.59
17.30 200876.59
17.40 200876.59
17.50 200876.59
17.60 200876.59
17.70 200876.59
17.80 200876.59
17.90 200876.59
18.00 200876.59
18.10 284349.51
18.20 284349.51
18.30 284349.51
18.40 284349.51
18.50 284349.51
18.60 284349.51
18.70 284349.51
18.80 284349.51
18.90 284349.51
19.00 284349.51
19.10 239887.65
19.20 239887.65
19.30 239887.65
19.40 239887.65
19.50 239887.65
19.60 239887.65
19.70 239887.65
19.80 239887.65
19.90 239887.65
20.00 239887.65
20.10 252282.67
20.20 252282.67
20.30 252282.67
20.40 252282.67
20.50 252282.67
20.60 252282.67
20.70 252282.67
20.80 252282.67
20.90 252282.67
21.00 252282.67
21.10 261692.60
21.20 261692.60
21.30 261692.60
21.40 261692.60
21.50 261692.60
21.60 261692.60
21.70 261692.60
21.80 261692.60
21.90 261692.60
22.00 261692.60
22.10 244215.61
22.20 244215.61
22.30 244215.61
22.40 244215.61
22.50 244215.61
22.60 244215.61
22.70 244215.61
22.80 244215.61
22.90 244215.61
23.00 244215.61
23.10 230551.28
23.20 230551.28
23.30 230551.28
23.40 230551.28
23.50 230551.28
23.60 230551.28
23.70 230551.28
23.80 230551.28
23.90 230551.28
24.00 230551.28
24.10 240812.53
24.20 240812.53
24.30 240812.53
24.40 240812.53
24.50 240812.53
24.60 240812.53
24.70 240812.53
24.80 240812.53
24.90 240812.53
25.00 240812.53
25.10 178671.80
25.20 178671.80
25.30 178671.80
25.40 178671.80
25.50 178671.80
25.60 178671.80
25.70 178671.80
25.80 178671.80
25.90 178671.80
26.00 178671.80
26.10 269379.61
26.20 269379.61
26.30 269379.61
26.40 269379.61
26.50 269379.61
26.60 269379.61
26.70 269379.61
26.80 269379.61
26.90 269379.61
27.00 269379.61
27.10 258829.30
27.20 258829.30
27.30 258829.30
27.40 258829.30
27.50 258829.30
27.60 258829.30
27.70 258829.30
27.80 258829.30
27.90 258829.30
28.00 258829.30
28.10 220903.78
28.20 220903.78
28.30 220903.78
28.40 220903.78
28.50 220903.78
28.60 220903.78
28.70 220903.78
28.80 220903.78
28.90 220903.78
29.00 220903.78
29.10 218093.75
29.20 218093.75
29.30 218093.75
29.40 218093.75
29.50 218093.75
29.60 218093.75
29.70 218093.75
29.80 218093.75
29.90 218093.75
30.00 218093.75
