0.16 92996.0
0.27 102712.0
0.38 102712.0
0.49 124920.0
0.60 80504.0
0.70 98548.0
0.81 106876.0
0.91 76340.0
1.02 92996.0
1.13 95772.0
1.24 102712.0
1.35 84668.0
1.45 86056.0
1.56 92996.0
1.66 92996.0
1.77 105488.0
1.88 87444.0
1.99 99936.0
2.10 99936.0
2.20 98548.0
2.49 77728.0
2.60 273436.0
2.70 108264.0
2.81 105488.0
2.91 84668.0
3.02 105488.0
3.13 106876.0
3.24 95772.0
3.35 84668.0
3.45 97160.0
3.56 98548.0
3.66 77728.0
3.77 112428.0
3.88 105488.0
3.99 87444.0
4.10 104100.0
4.20 86056.0
4.31 91608.0
4.41 86056.0
4.52 99936.0
4.63 98548.0
4.74 77728.0
4.85 81892.0
4.95 84668.0
5.06 97160.0
5.16 81892.0
5.27 101324.0
5.38 95772.0
5.49 97160.0
5.60 101324.0
5.70 81892.0
5.81 117980.0
5.91 80504.0
6.02 80504.0
6.13 84668.0
6.24 104100.0
6.35 87444.0
6.45 73564.0
6.56 81892.0
6.66 101324.0
6.77 95772.0
6.88 88832.0
6.99 92996.0
7.10 83280.0
7.20 79116.0
7.31 106876.0
7.41 97160.0
7.52 94384.0
7.63 104100.0
7.74 95772.0
7.85 97160.0
7.95 105488.0
8.06 106876.0
8.16 99936.0
8.27 104100.0
8.38 97160.0
8.49 104100.0
8.60 99936.0
8.70 94384.0
8.81 108264.0
8.91 102712.0
9.02 101324.0
9.13 98548.0
9.24 92996.0
9.35 94384.0
9.45 80504.0
9.56 88832.0
9.66 87444.0
9.78 88832.0
9.88 88832.0
9.99 104100.0
10.10 87444.0
10.20 86056.0
10.31 79116.0
10.41 83280.0
10.52 86056.0
10.63 90220.0
10.74 99936.0
10.85 90220.0
10.95 95772.0
11.06 90220.0
11.16 84668.0
11.27 90220.0
11.38 94384.0
11.49 91608.0
11.60 94384.0
11.70 87444.0
11.81 101324.0
11.91 86056.0
12.02 83280.0
12.13 92996.0
12.24 113816.0
12.35 88832.0
12.45 86056.0
12.56 95772.0
12.66 84668.0
12.77 83280.0
12.88 105488.0
12.99 97160.0
13.10 99936.0
13.20 97160.0
13.31 98548.0
13.41 92996.0
13.52 94384.0
13.63 101324.0
13.74 84668.0
13.85 104100.0
13.95 79116.0
14.06 91608.0
14.16 101324.0
14.27 92996.0
14.38 105488.0
14.49 101324.0
14.60 102712.0
14.70 83280.0
14.81 101324.0
14.91 68012.0
15.02 94384.0
15.13 99936.0
15.24 102712.0
15.35 81892.0
15.45 84668.0
15.56 97160.0
15.66 90220.0
15.77 94384.0
15.88 79116.0
15.99 112428.0
16.10 105488.0
16.20 95772.0
16.31 97160.0
16.41 95772.0
16.52 97160.0
16.63 86056.0
16.74 86056.0
16.85 99936.0
16.95 102712.0
17.06 105488.0
17.16 87444.0
17.27 109652.0
17.38 113816.0
17.49 101324.0
17.60 104100.0
17.70 76340.0
17.81 90220.0
17.91 91608.0
18.02 97160.0
18.13 105488.0
18.24 84668.0
18.35 88832.0
18.45 92996.0
18.56 94384.0
18.66 88832.0
18.77 99936.0
18.88 94384.0
18.99 105488.0
19.10 94384.0
19.20 87444.0
19.31 104100.0
19.41 106876.0
19.52 106876.0
19.63 122144.0
19.74 108264.0
19.85 111040.0
19.95 98548.0
20.06 109652.0
20.16 92996.0
20.27 95772.0
20.38 102712.0
20.49 104100.0
20.60 97160.0
20.70 84668.0
20.81 106876.0
20.91 90220.0
21.02 98548.0
21.13 106876.0
21.24 104100.0
21.35 108264.0
21.45 94384.0
21.56 99936.0
21.66 97160.0
21.77 91608.0
21.88 83280.0
21.99 90220.0
22.10 97160.0
22.20 79116.0
22.31 101324.0
22.41 86056.0
22.52 97160.0
22.63 108264.0
22.74 91608.0
22.85 113816.0
22.95 81892.0
23.06 104100.0
23.16 91608.0
23.28 79116.0
23.38 88832.0
23.49 113816.0
23.60 109652.0
23.70 88832.0
23.81 101324.0
23.91 95772.0
24.02 97160.0
24.13 102712.0
24.24 92996.0
24.35 94384.0
24.45 80504.0
24.56 119368.0
24.66 68012.0
24.77 91608.0
24.88 98548.0
24.99 81892.0
25.10 80504.0
25.20 79116.0
25.31 108264.0
25.41 92996.0
25.52 80504.0
25.63 105488.0
25.74 81892.0
25.85 101324.0
25.95 81892.0
26.06 105488.0
26.16 86056.0
26.27 102712.0
26.38 99936.0
26.49 98548.0
26.60 91608.0
26.70 81892.0
26.81 99936.0
26.91 97160.0
27.02 86056.0
27.13 99936.0
27.24 124920.0
27.35 112428.0
27.45 83280.0
27.56 112428.0
27.66 98548.0
27.77 101324.0
27.88 91608.0
27.99 109652.0
28.10 91608.0
28.20 83280.0
28.31 83280.0
28.41 88832.0
28.52 84668.0
28.63 92996.0
28.74 81892.0
28.85 99936.0
28.95 84668.0
29.06 111040.0
29.16 79116.0
29.27 105488.0
29.38 92996.0
29.49 102712.0
29.60 91608.0
29.70 92996.0
29.81 81892.0
29.91 91608.0
30.02 92996.0
30.13 97160.0
30.24 86056.0
30.35 106876.0
30.45 88832.0
30.56 111040.0
30.66 83280.0
30.77 92996.0
30.88 91608.0
30.99 116592.0
31.10 84668.0
31.20 90220.0
31.31 102712.0
31.41 95772.0
31.52 111040.0
31.63 74952.0
31.74 117980.0
31.85 109652.0
31.95 99936.0
32.06 101324.0
32.16 95772.0
32.27 120756.0
32.38 102712.0
32.49 86056.0
32.60 123532.0
32.70 95772.0
32.81 84668.0
32.91 92996.0
33.02 113816.0
33.13 91608.0
33.24 98548.0
33.35 109652.0
33.45 92996.0
33.56 91608.0
33.66 95772.0
33.77 92996.0
33.88 104100.0
33.99 98548.0
34.10 94384.0
34.20 91608.0
34.31 86056.0
34.41 95772.0
34.52 76340.0
34.63 111040.0
34.74 97160.0
34.85 86056.0
34.95 79116.0
35.06 111040.0
35.16 94384.0
35.27 101324.0
35.38 116592.0
35.49 84668.0
35.60 119368.0
35.70 86056.0
35.81 94384.0
35.91 105488.0
36.02 102712.0
36.13 104100.0
36.24 99936.0
36.35 94384.0
36.45 80504.0
36.56 101324.0
36.66 90220.0
36.77 98548.0
36.88 102712.0
36.99 106876.0
37.10 101324.0
37.20 94384.0
37.31 98548.0
37.41 76340.0
37.52 113816.0
37.63 115204.0
37.74 102712.0
37.85 106876.0
37.95 104100.0
38.06 111040.0
38.16 101324.0
38.27 119368.0
38.38 106876.0
38.49 98548.0
38.60 92996.0
38.70 109652.0
38.81 112428.0
38.91 102712.0
39.02 97160.0
39.13 108264.0
39.24 104100.0
39.35 108264.0
39.45 105488.0
39.56 106876.0
39.66 83280.0
39.77 102712.0
39.88 112428.0
39.99 102712.0
40.10 90220.0
40.20 90220.0
40.31 102712.0
40.41 72176.0
40.52 91608.0
40.63 94384.0
40.74 104100.0
40.85 98548.0
40.95 91608.0
41.06 94384.0
41.16 74952.0
41.27 98548.0
41.38 101324.0
41.50 105488.0
41.61 102712.0
41.71 84668.0
41.82 91608.0
41.92 94384.0
42.03 105488.0
42.13 86056.0
42.24 113816.0
42.35 104100.0
42.45 92996.0
42.56 72176.0
42.66 101324.0
42.77 84668.0
42.88 99936.0
43.00 102712.0
43.11 109652.0
43.21 104100.0
43.32 105488.0
43.42 80504.0
43.53 109652.0
43.63 81892.0
43.74 95772.0
43.85 101324.0
43.95 94384.0
44.06 104100.0
44.16 87444.0
44.27 98548.0
44.38 129084.0
44.49 105488.0
44.60 94384.0
44.70 97160.0
44.81 101324.0
44.91 92996.0
45.02 99936.0
45.13 97160.0
45.24 104100.0
45.35 109652.0
45.45 98548.0
45.56 105488.0
45.66 87444.0
45.77 104100.0
45.88 90220.0
45.99 112428.0
46.10 92996.0
46.20 94384.0
46.31 105488.0
46.41 91608.0
46.52 115204.0
46.63 105488.0
46.74 117980.0
46.85 115204.0
46.95 77728.0
47.06 102712.0
47.16 84668.0
47.27 91608.0
47.39 112428.0
47.50 97160.0
47.61 95772.0
47.71 91608.0
47.82 105488.0
47.92 92996.0
48.03 108264.0
48.13 91608.0
48.24 91608.0
48.35 84668.0
48.45 90220.0
48.56 112428.0
48.66 92996.0
48.77 101324.0
48.88 99936.0
48.99 94384.0
49.10 112428.0
49.20 88832.0
49.31 106876.0
49.41 97160.0
49.52 105488.0
49.63 99936.0
49.74 102712.0
49.85 91608.0
49.95 106876.0
50.06 113816.0
50.16 90220.0
50.27 99936.0
50.39 105488.0
50.50 106876.0
50.61 88832.0
50.71 102712.0
50.82 99936.0
50.92 97160.0
51.03 99936.0
51.13 94384.0
51.24 91608.0
51.35 106876.0
51.45 105488.0
51.56 91608.0
51.66 91608.0
51.77 92996.0
51.88 97160.0
51.99 92996.0
52.10 113816.0
52.20 73564.0
52.32 115204.0
52.42 92996.0
52.53 105488.0
52.63 101324.0
52.74 84668.0
52.85 95772.0
52.95 92996.0
53.06 101324.0
53.16 102712.0
53.27 95772.0
53.39 102712.0
53.50 92996.0
53.61 98548.0
53.71 87444.0
53.82 108264.0
53.92 87444.0
54.03 102712.0
54.14 102712.0
54.25 86056.0
54.36 109652.0
54.46 76340.0
54.57 99936.0
54.67 91608.0
54.78 92996.0
54.88 83280.0
54.99 86056.0
55.10 108264.0
55.20 79116.0
55.31 109652.0
55.41 87444.0
55.52 95772.0
55.63 92996.0
55.74 101324.0
55.85 84668.0
55.95 104100.0
56.06 119368.0
56.16 95772.0
56.27 101324.0
56.38 123532.0
56.49 99936.0
56.60 97160.0
56.70 99936.0
56.81 99936.0
56.91 74952.0
57.02 98548.0
57.13 92996.0
57.24 102712.0
57.35 83280.0
57.45 84668.0
57.56 92996.0
57.66 88832.0
57.77 111040.0
57.88 88832.0
57.99 116592.0
58.10 109652.0
58.20 97160.0
58.31 95772.0
58.41 83280.0
58.52 105488.0
58.63 95772.0
58.74 87444.0
58.85 88832.0
58.95 76340.0
59.06 99936.0
59.16 95772.0
59.27 87444.0
59.39 99936.0
59.50 109652.0
59.61 108264.0
59.71 97160.0
59.82 109652.0
59.92 74952.0
60.03 116592.0
60.13 79116.0
60.24 115204.0
60.35 97160.0
60.45 74952.0
60.56 94384.0
60.66 76340.0
60.77 95772.0
60.88 90220.0
60.99 99936.0
61.10 86056.0
61.20 92996.0
61.31 99936.0
61.41 70788.0
61.52 98548.0
61.63 81892.0
61.75 112428.0
61.86 117980.0
61.96 79116.0
62.07 117980.0
62.17 86056.0
62.28 108264.0
62.38 98548.0
62.49 88832.0
62.60 99936.0
62.70 90220.0
62.81 87444.0
62.91 88832.0
63.02 108264.0
63.13 112428.0
63.24 120756.0
63.35 105488.0
63.45 112428.0
63.56 122144.0
63.66 87444.0
63.77 113816.0
63.88 105488.0
63.99 94384.0
64.10 111040.0
64.20 92996.0
64.31 94384.0
64.41 99936.0
64.52 116592.0
64.63 119368.0
64.74 119368.0
64.85 91608.0
64.95 106876.0
65.06 105488.0
65.16 92996.0
65.28 91608.0
65.38 84668.0
65.49 101324.0
65.60 86056.0
65.70 91608.0
65.81 105488.0
65.91 87444.0
66.02 99936.0
66.13 98548.0
66.24 106876.0
66.35 104100.0
66.45 84668.0
66.56 97160.0
66.66 95772.0
66.77 77728.0
66.88 105488.0
66.99 81892.0
67.10 73564.0
67.20 72176.0
67.31 86056.0
67.41 86056.0
67.52 97160.0
67.63 90220.0
67.74 87444.0
67.85 111040.0
67.95 94384.0
68.06 94384.0
68.16 76340.0
68.27 98548.0
68.38 87444.0
68.49 94384.0
68.60 97160.0
68.70 83280.0
68.81 106876.0
68.91 90220.0
69.02 81892.0
69.13 91608.0
69.24 97160.0
69.35 81892.0
69.45 92996.0
69.56 86056.0
69.66 95772.0
69.77 92996.0
69.88 87444.0
69.99 104100.0
70.10 97160.0
70.20 88832.0
70.31 91608.0
70.41 74952.0
70.52 81892.0
70.63 104100.0
70.74 97160.0
70.85 92996.0
70.95 84668.0
71.06 99936.0
71.16 86056.0
71.27 101324.0
71.38 90220.0
71.49 104100.0
71.60 86056.0
71.70 84668.0
71.81 94384.0
71.91 76340.0
72.02 80504.0
72.14 105488.0
72.25 95772.0
72.36 84668.0
72.46 91608.0
72.57 106876.0
72.67 94384.0
72.78 84668.0
72.88 94384.0
72.99 76340.0
73.10 83280.0
73.20 81892.0
73.31 97160.0
73.41 84668.0
73.52 97160.0
73.64 97160.0
73.75 120756.0
73.86 86056.0
73.96 90220.0
74.07 102712.0
74.17 76340.0
74.28 86056.0
74.38 73564.0
74.49 87444.0
74.60 73564.0
74.70 74952.0
74.81 92996.0
74.91 86056.0
75.02 77728.0
75.13 87444.0
75.24 94384.0
75.35 88832.0
75.45 83280.0
75.56 105488.0
75.66 84668.0
75.77 90220.0
75.88 111040.0
75.99 87444.0
76.10 94384.0
76.20 81892.0
76.31 101324.0
76.41 86056.0
76.52 99936.0
76.63 98548.0
76.74 97160.0
76.85 91608.0
76.95 87444.0
77.06 92996.0
77.16 84668.0
77.27 97160.0
77.39 92996.0
77.50 98548.0
77.62 113816.0
77.72 87444.0
77.83 97160.0
77.93 81892.0
78.04 95772.0
78.14 101324.0
78.25 113816.0
78.36 97160.0
78.46 95772.0
78.57 104100.0
78.67 87444.0
78.78 101324.0
78.88 84668.0
78.99 98548.0
79.10 90220.0
79.20 81892.0
79.31 99936.0
79.41 88832.0
79.52 95772.0
79.63 113816.0
79.74 99936.0
79.85 101324.0
79.95 79116.0
80.06 80504.0
80.16 97160.0
80.27 101324.0
80.38 97160.0
80.49 91608.0
80.60 105488.0
80.70 94384.0
80.81 86056.0
80.91 92996.0
81.02 84668.0
81.13 94384.0
81.24 104100.0
81.35 98548.0
81.45 92996.0
81.56 97160.0
81.66 91608.0
81.77 84668.0
81.88 95772.0
81.99 101324.0
82.10 90220.0
82.20 84668.0
82.31 95772.0
82.41 84668.0
82.52 86056.0
82.63 84668.0
82.75 86056.0
82.86 90220.0
82.96 84668.0
83.07 88832.0
83.17 68012.0
83.28 88832.0
83.38 77728.0
83.49 88832.0
83.60 79116.0
83.70 77728.0
83.81 84668.0
83.91 90220.0
84.02 91608.0
84.13 76340.0
84.24 90220.0
84.35 90220.0
84.45 92996.0
84.56 87444.0
84.66 86056.0
84.77 94384.0
84.88 87444.0
84.99 95772.0
85.10 97160.0
85.20 88832.0
85.31 90220.0
85.41 80504.0
85.52 86056.0
85.63 90220.0
85.74 84668.0
85.85 108264.0
85.95 86056.0
86.07 106876.0
86.17 81892.0
86.28 92996.0
86.38 80504.0
86.49 91608.0
86.60 94384.0
86.70 79116.0
86.81 92996.0
86.91 79116.0
87.02 98548.0
87.13 101324.0
87.24 98548.0
87.35 97160.0
87.45 76340.0
87.56 101324.0
87.67 81892.0
87.78 97160.0
87.88 101324.0
87.99 95772.0
88.10 98548.0
88.20 97160.0
88.31 99936.0
88.41 95772.0
88.52 88832.0
88.63 98548.0
88.75 97160.0
88.86 108264.0
88.96 87444.0
89.07 88832.0
89.17 90220.0
89.28 105488.0
89.38 102712.0
89.49 95772.0
89.60 97160.0
89.70 90220.0
89.81 105488.0
89.91 79116.0
90.02 86056.0
90.13 108264.0
90.24 92996.0
90.35 98548.0
90.45 90220.0
90.56 88832.0
90.66 97160.0
90.77 88832.0
90.88 86056.0
90.99 99936.0
91.10 84668.0
91.20 77728.0
91.31 87444.0
91.41 91608.0
91.52 70788.0
91.63 80504.0
91.74 83280.0
91.85 86056.0
91.95 70788.0
92.06 79116.0
92.16 70788.0
92.27 86056.0
92.38 81892.0
92.49 94384.0
92.60 87444.0
92.70 88832.0
92.82 81892.0
92.92 86056.0
93.03 87444.0
93.13 77728.0
93.24 79116.0
93.35 105488.0
93.45 76340.0
93.56 97160.0
93.66 70788.0
93.77 99936.0
93.88 94384.0
94.00 90220.0
94.11 92996.0
94.21 84668.0
94.32 86056.0
94.42 79116.0
94.54 106876.0
94.64 84668.0
94.75 112428.0
94.87 87444.0
94.97 70788.0
95.08 95772.0
95.18 83280.0
95.29 84668.0
95.39 77728.0
95.50 81892.0
95.61 90220.0
95.71 81892.0
95.82 80504.0
95.92 94384.0
96.04 90220.0
96.14 81892.0
96.25 91608.0
96.36 79116.0
96.46 66624.0
96.57 86056.0
96.67 72176.0
96.78 98548.0
96.88 76340.0
96.99 83280.0
97.10 106876.0
97.20 79116.0
97.31 86056.0
97.41 81892.0
97.52 86056.0
97.64 73564.0
97.75 99936.0
97.86 77728.0
97.96 86056.0
98.07 87444.0
98.17 83280.0
98.28 101324.0
98.38 70788.0
98.49 104100.0
98.60 90220.0
98.70 74952.0
98.81 102712.0
98.91 79116.0
99.02 81892.0
99.13 98548.0
99.24 102712.0
99.35 88832.0
99.45 86056.0
99.56 92996.0
99.66 83280.0
99.77 92996.0
99.88 95772.0
99.99 84668.0
100.10 92996.0
100.20 84668.0
100.31 95772.0
100.41 73564.0
100.52 73564.0
100.63 108264.0
100.74 91608.0
100.85 97160.0
100.95 76340.0
101.06 86056.0
101.16 56908.0
101.27 87444.0
101.38 86056.0
101.49 83280.0
101.60 84668.0
101.70 87444.0
101.81 92996.0
101.92 72176.0
102.03 88832.0
102.13 94384.0
102.24 87444.0
102.35 104100.0
102.45 92996.0
102.56 106876.0
102.66 88832.0
102.77 79116.0
102.88 98548.0
102.99 86056.0
103.10 79116.0
103.20 76340.0
103.31 99936.0
103.41 84668.0
103.52 108264.0
103.63 97160.0
103.74 101324.0
103.85 81892.0
103.95 98548.0
104.06 92996.0
104.16 86056.0
104.27 79116.0
104.38 87444.0
104.49 94384.0
104.60 90220.0
104.70 84668.0
104.81 83280.0
104.91 73564.0
105.02 95772.0
105.13 102712.0
105.24 95772.0
105.35 116592.0
105.45 77728.0
105.56 104100.0
105.66 68012.0
105.78 104100.0
105.88 87444.0
105.99 83280.0
106.10 86056.0
106.20 77728.0
106.32 90220.0
106.42 81892.0
106.53 98548.0
106.63 83280.0
106.74 92996.0
106.85 59684.0
106.95 97160.0
107.06 91608.0
107.16 80504.0
107.27 105488.0
107.38 88832.0
107.49 97160.0
107.60 86056.0
107.70 79116.0
107.82 72176.0
107.93 69400.0
108.04 94384.0
108.14 90220.0
108.25 92996.0
108.36 92996.0
108.46 97160.0
108.58 91608.0
108.68 70788.0
108.79 88832.0
108.89 88832.0
109.00 77728.0
109.11 102712.0
109.21 72176.0
109.32 102712.0
109.42 87444.0
109.53 97160.0
109.63 90220.0
109.74 88832.0
109.85 99936.0
109.95 92996.0
110.06 105488.0
110.16 99936.0
110.27 98548.0
110.38 88832.0
110.49 99936.0
110.60 80504.0
110.70 84668.0
110.81 102712.0
110.91 101324.0
111.02 97160.0
111.13 88832.0
111.24 99936.0
111.35 86056.0
111.45 87444.0
111.56 104100.0
111.66 91608.0
111.77 88832.0
111.88 92996.0
111.99 99936.0
112.10 101324.0
112.20 84668.0
112.31 99936.0
112.41 81892.0
112.52 104100.0
112.64 102712.0
112.75 101324.0
112.86 86056.0
112.96 81892.0
113.07 95772.0
113.17 83280.0
113.28 126308.0
113.38 98548.0
113.49 102712.0
113.60 106876.0
113.70 86056.0
113.81 98548.0
113.91 90220.0
114.02 104100.0
114.13 94384.0
114.24 102712.0
114.35 111040.0
114.45 95772.0
114.56 112428.0
114.66 94384.0
114.77 115204.0
114.88 102712.0
114.99 87444.0
115.10 106876.0
115.20 90220.0
115.31 98548.0
115.41 79116.0
115.52 113816.0
115.63 91608.0
115.74 102712.0
115.85 92996.0
115.95 95772.0
116.06 112428.0
116.16 88832.0
116.27 91608.0
116.38 99936.0
116.49 92996.0
116.60 97160.0
116.70 99936.0
116.81 98548.0
116.91 90220.0
117.02 94384.0
117.13 87444.0
117.24 87444.0
117.35 99936.0
117.46 83280.0
117.57 94384.0
117.67 91608.0
117.78 92996.0
117.88 76340.0
117.99 94384.0
118.10 91608.0
118.20 95772.0
118.31 104100.0
118.41 88832.0
118.52 90220.0
118.63 70788.0
118.74 94384.0
118.85 90220.0
118.95 84668.0
119.06 102712.0
119.16 99936.0
119.27 105488.0
119.38 111040.0
119.49 109652.0
119.60 91608.0
119.70 101324.0
119.81 86056.0
119.91 97160.0
