0.10 168049.96
0.20 168049.96
0.30 168049.96
0.40 168049.96
0.50 168049.96
0.60 168049.96
0.70 168049.96
0.80 168049.96
0.90 168049.96
1.00 168049.96
1.10 206949.64
1.20 206949.64
1.30 206949.64
1.40 206949.64
1.50 206949.64
1.60 206949.64
1.70 206949.64
1.80 206949.64
1.90 206949.64
2.00 206949.64
2.10 225638.78
2.20 225638.78
2.30 225638.78
2.40 225638.78
2.50 225638.78
2.60 225638.78
2.70 225638.78
2.80 225638.78
2.90 225638.78
3.00 225638.78
3.10 66903.48
3.20 66903.48
3.30 66903.48
3.40 66903.48
3.50 66903.48
3.60 66903.48
3.70 66903.48
3.80 66903.48
3.90 66903.48
4.00 66903.48
4.10 184951.40
4.20 184951.40
4.30 184951.40
4.40 184951.40
4.50 184951.40
4.60 184951.40
4.70 184951.40
4.80 184951.40
4.90 184951.40
5.00 184951.40
5.10 161800.50
5.20 161800.50
5.30 161800.50
5.40 161800.50
5.50 161800.50
5.60 161800.50
5.70 161800.50
5.80 161800.50
5.90 161800.50
6.00 161800.50
6.10 99411.00
6.20 99411.00
6.30 99411.00
6.40 99411.00
6.50 99411.00
6.60 99411.00
6.70 99411.00
6.80 99411.00
6.90 99411.00
7.00 99411.00
7.10 114368.50
7.20 114368.50
7.30 114368.50
7.40 114368.50
7.50 114368.50
7.60 114368.50
7.70 114368.50
7.80 114368.50
7.90 114368.50
8.00 114368.50
8.10 28154.60
8.20 28154.60
8.30 28154.60
8.40 28154.60
8.50 28154.60
8.60 28154.60
8.70 28154.60
8.80 28154.60
8.90 28154.60
9.00 28154.60
9.10 13280.20
9.20 13280.20
9.30 13280.20
9.40 13280.20
9.50 13280.20
9.60 13280.20
9.70 13280.20
9.80 13280.20
9.90 13280.20
10.00 13280.20
10.10 44996.31
10.20 44996.31
10.30 44996.31
10.40 44996.31
10.50 44996.31
10.60 44996.31
10.70 44996.31
10.80 44996.31
10.90 44996.31
11.00 44996.31
11.10 40628.36
11.20 40628.36
11.30 40628.36
11.40 40628.36
11.50 40628.36
11.60 40628.36
11.70 40628.36
11.80 40628.36
11.90 40628.36
12.00 40628.36
12.10 95748.69
12.20 95748.69
12.30 95748.69
12.40 95748.69
12.50 95748.69
12.60 95748.69
12.70 95748.69
12.80 95748.69
12.90 95748.69
13.00 95748.69
13.10 78980.50
13.20 78980.50
13.30 78980.50
13.40 78980.50
13.50 78980.50
13.60 78980.50
13.70 78980.50
13.80 78980.50
13.90 78980.50
14.00 78980.50
14.10 108828.00
14.20 108828.00
14.30 108828.00
14.40 108828.00
14.50 108828.00
14.60 108828.00
14.70 108828.00
14.80 108828.00
14.90 108828.00
15.00 108828.00
15.10 87619.53
15.20 87619.53
15.30 87619.53
15.40 87619.53
15.50 87619.53
15.60 87619.53
15.70 87619.53
15.80 87619.53
15.90 87619.53
16.00 87619.53
16.10 305119.94
16.20 305119.94
16.30 305119.94
16.40 305119.94
16.50 305119.94
16.60 305119.94
16.70 305119.94
16.80 305119.94
16.90 305119.94
17.00 305119.94
17.10 41171.96
17.20 41171.96
17.30 41171.96
17.40 41171.96
17.50 41171.96
17.60 41171.96
17.70 41171.96
17.80 41171.96
17.90 41171.96
18.00 41171.96
18.10 30007.84
18.20 30007.84
18.30 30007.84
18.40 30007.84
18.50 30007.84
18.60 30007.84
18.70 30007.84
18.80 30007.84
18.90 30007.84
19.00 30007.84
19.10 37621.76
19.20 37621.76
19.30 37621.76
19.40 37621.76
19.50 37621.76
19.60 37621.76
19.70 37621.76
19.80 37621.76
19.90 37621.76
20.00 37621.76
20.10 89036.40
20.20 89036.40
20.30 89036.40
20.40 89036.40
20.50 89036.40
20.60 89036.40
20.70 89036.40
20.80 89036.40
20.90 89036.40
21.00 89036.40
21.10 116672.70
21.20 116672.70
21.30 116672.70
21.40 116672.70
21.50 116672.70
21.60 116672.70
21.70 116672.70
21.80 116672.70
21.90 116672.70
22.00 116672.70
22.10 37744.23
22.20 37744.23
22.30 37744.23
22.40 37744.23
22.50 37744.23
22.60 37744.23
22.70 37744.23
22.80 37744.23
22.90 37744.23
23.00 37744.23
23.10 22590.56
23.20 22590.56
23.30 22590.56
23.40 22590.56
23.50 22590.56
23.60 22590.56
23.70 22590.56
23.80 22590.56
23.90 22590.56
24.00 22590.56
24.10 40105.47
24.20 40105.47
24.30 40105.47
24.40 40105.47
24.50 40105.47
24.60 40105.47
24.70 40105.47
24.80 40105.47
24.90 40105.47
25.00 40105.47
25.10 181480.04
25.20 181480.04
25.30 181480.04
25.40 181480.04
25.50 181480.04
25.60 181480.04
25.70 181480.04
25.80 181480.04
25.90 181480.04
26.00 181480.04
26.10 67412.67
26.20 67412.67
26.30 67412.67
26.40 67412.67
26.50 67412.67
26.60 67412.67
26.70 67412.67
26.80 67412.67
26.90 67412.67
27.00 67412.67
27.10 43918.44
27.20 43918.44
27.30 43918.44
27.40 43918.44
27.50 43918.44
27.60 43918.44
27.70 43918.44
27.80 43918.44
27.90 43918.44
28.00 43918.44
28.10 124805.80
28.20 124805.80
28.30 124805.80
28.40 124805.80
28.50 124805.80
28.60 124805.80
28.70 124805.80
28.80 124805.80
28.90 124805.80
29.00 124805.80
29.10 72658.49
29.20 72658.49
29.30 72658.49
29.40 72658.49
29.50 72658.49
29.60 72658.49
29.70 72658.49
29.80 72658.49
29.90 72658.49
30.00 72658.49
30.10 45112.01
30.20 45112.01
30.30 45112.01
30.40 45112.01
30.50 45112.01
30.60 45112.01
30.70 45112.01
30.80 45112.01
30.90 45112.01
31.00 45112.01
31.10 31503.90
31.20 31503.90
31.30 31503.90
31.40 31503.90
31.50 31503.90
31.60 31503.90
31.70 31503.90
31.80 31503.90
31.90 31503.90
32.00 31503.90
32.10 10095.50
32.20 10095.50
32.30 10095.50
32.40 10095.50
32.50 10095.50
32.60 10095.50
32.70 10095.50
32.80 10095.50
32.90 10095.50
33.00 10095.50
33.10 25916.88
33.20 25916.88
33.30 25916.88
33.40 25916.88
33.50 25916.88
33.60 25916.88
33.70 25916.88
33.80 25916.88
33.90 25916.88
34.00 25916.88
34.10 9280.29
34.20 9280.29
34.30 9280.29
34.40 9280.29
34.50 9280.29
34.60 9280.29
34.70 9280.29
34.80 9280.29
34.90 9280.29
35.00 9280.29
35.10 15480.66
35.20 15480.66
35.30 15480.66
35.40 15480.66
35.50 15480.66
35.60 15480.66
35.70 15480.66
35.80 15480.66
35.90 15480.66
36.00 15480.66
36.10 14887.83
36.20 14887.83
36.30 14887.83
36.40 14887.83
36.50 14887.83
36.60 14887.83
36.70 14887.83
36.80 14887.83
36.90 14887.83
37.00 14887.83
37.10 8648.83
37.20 8648.83
37.30 8648.83
37.40 8648.83
37.50 8648.83
37.60 8648.83
37.70 8648.83
37.80 8648.83
37.90 8648.83
38.00 8648.83
38.10 7832.87
38.20 7832.87
38.30 7832.87
38.40 7832.87
38.50 7832.87
38.60 7832.87
38.70 7832.87
38.80 7832.87
38.90 7832.87
39.00 7832.87
39.10 4725.12
39.20 4725.12
39.30 4725.12
39.40 4725.12
39.50 4725.12
39.60 4725.12
39.70 4725.12
39.80 4725.12
39.90 4725.12
40.00 4725.12
40.10 12581.00
40.20 12581.00
40.30 12581.00
40.40 12581.00
40.50 12581.00
40.60 12581.00
40.70 12581.00
40.80 12581.00
40.90 12581.00
41.00 12581.00
41.10 68715.82
41.20 68715.82
41.30 68715.82
41.40 68715.82
41.50 68715.82
41.60 68715.82
41.70 68715.82
41.80 68715.82
41.90 68715.82
42.00 68715.82
42.10 116428.61
42.20 116428.61
42.30 116428.61
42.40 116428.61
42.50 116428.61
42.60 116428.61
42.70 116428.61
42.80 116428.61
42.90 116428.61
43.00 116428.61
43.10 135196.77
43.20 135196.77
43.30 135196.77
43.40 135196.77
43.50 135196.77
43.60 135196.77
43.70 135196.77
43.80 135196.77
43.90 135196.77
44.00 135196.77
44.10 59874.32
44.20 59874.32
44.30 59874.32
44.40 59874.32
44.50 59874.32
44.60 59874.32
44.70 59874.32
44.80 59874.32
44.90 59874.32
45.00 59874.32
45.10 48591.39
45.20 48591.39
45.30 48591.39
45.40 48591.39
45.50 48591.39
45.60 48591.39
45.70 48591.39
45.80 48591.39
45.90 48591.39
46.00 48591.39
46.10 100755.62
46.20 100755.62
46.30 100755.62
46.40 100755.62
46.50 100755.62
46.60 100755.62
46.70 100755.62
46.80 100755.62
46.90 100755.62
47.00 100755.62
47.10 59398.81
47.20 59398.81
47.30 59398.81
47.40 59398.81
47.50 59398.81
47.60 59398.81
47.70 59398.81
47.80 59398.81
47.90 59398.81
48.00 59398.81
48.10 8666.47
48.20 8666.47
48.30 8666.47
48.40 8666.47
48.50 8666.47
48.60 8666.47
48.70 8666.47
48.80 8666.47
48.90 8666.47
49.00 8666.47
49.10 13673.40
49.20 13673.40
49.30 13673.40
49.40 13673.40
49.50 13673.40
49.60 13673.40
49.70 13673.40
49.80 13673.40
49.90 13673.40
50.00 13673.40
50.10 6836.70
50.20 6836.70
50.30 6836.70
50.40 6836.70
50.50 6836.70
50.60 6836.70
50.70 6836.70
50.80 6836.70
50.90 6836.70
51.00 6836.70
51.10 9983.10
51.20 9983.10
51.30 9983.10
51.40 9983.10
51.50 9983.10
51.60 9983.10
51.70 9983.10
51.80 9983.10
51.90 9983.10
52.00 9983.10
52.10 15158.20
52.20 15158.20
52.30 15158.20
52.40 15158.20
52.50 15158.20
52.60 15158.20
52.70 15158.20
52.80 15158.20
52.90 15158.20
53.00 15158.20
53.10 2864.10
53.20 2864.10
53.30 2864.10
53.40 2864.10
53.50 2864.10
53.60 2864.10
53.70 2864.10
53.80 2864.10
53.90 2864.10
54.00 2864.10
54.10 33600.64
54.20 33600.64
54.30 33600.64
54.40 33600.64
54.50 33600.64
54.60 33600.64
54.70 33600.64
54.80 33600.64
54.90 33600.64
55.00 33600.64
55.10 33640.50
55.20 33640.50
55.30 33640.50
55.40 33640.50
55.50 33640.50
55.60 33640.50
55.70 33640.50
55.80 33640.50
55.90 33640.50
56.00 33640.50
56.10 40431.95
56.20 40431.95
56.30 40431.95
56.40 40431.95
56.50 40431.95
56.60 40431.95
56.70 40431.95
56.80 40431.95
56.90 40431.95
57.00 40431.95
57.10 93818.83
57.20 93818.83
57.30 93818.83
57.40 93818.83
57.50 93818.83
57.60 93818.83
57.70 93818.83
57.80 93818.83
57.90 93818.83
58.00 93818.83
58.10 159522.87
58.20 159522.87
58.30 159522.87
58.40 159522.87
58.50 159522.87
58.60 159522.87
58.70 159522.87
58.80 159522.87
58.90 159522.87
59.00 159522.87
59.10 164051.35
59.20 164051.35
59.30 164051.35
59.40 164051.35
59.50 164051.35
59.60 164051.35
59.70 164051.35
59.80 164051.35
59.90 164051.35
60.00 164051.35
