0.10 76689.09
0.20 76689.09
0.30 76689.09
0.40 76689.09
0.50 76689.09
0.60 76689.09
0.70 76689.09
0.80 76689.09
0.90 76689.09
1.00 76689.09
1.10 76294.28
1.20 76294.28
1.30 76294.28
1.40 76294.28
1.50 76294.28
1.60 76294.28
1.70 76294.28
1.80 76294.28
1.90 76294.28
2.00 76294.28
2.10 77972.42
2.20 77972.42
2.30 77972.42
2.40 77972.42
2.50 77972.42
2.60 77972.42
2.70 77972.42
2.80 77972.42
2.90 77972.42
3.00 77972.42
3.10 77333.27
3.20 77333.27
3.30 77333.27
3.40 77333.27
3.50 77333.27
3.60 77333.27
3.70 77333.27
3.80 77333.27
3.90 77333.27
4.00 77333.27
4.10 76224.82
4.20 76224.82
4.30 76224.82
4.40 76224.82
4.50 76224.82
4.60 76224.82
4.70 76224.82
4.80 76224.82
4.90 76224.82
5.00 76224.82
5.10 76765.69
5.20 76765.69
5.30 76765.69
5.40 76765.69
5.50 76765.69
5.60 76765.69
5.70 76765.69
5.80 76765.69
5.90 76765.69
6.00 76765.69
6.10 76833.35
6.20 76833.35
6.30 76833.35
6.40 76833.35
6.50 76833.35
6.60 76833.35
6.70 76833.35
6.80 76833.35
6.90 76833.35
7.00 76833.35
7.10 76630.65
7.20 76630.65
7.30 76630.65
7.40 76630.65
7.50 76630.65
7.60 76630.65
7.70 76630.65
7.80 76630.65
7.90 76630.65
8.00 76630.65
8.10 76975.60
8.20 76975.60
8.30 76975.60
8.40 76975.60
8.50 76975.60
8.60 76975.60
8.70 76975.60
8.80 76975.60
8.90 76975.60
9.00 76975.60
9.10 76006.04
9.20 76006.04
9.30 76006.04
9.40 76006.04
9.50 76006.04
9.60 76006.04
9.70 76006.04
9.80 76006.04
9.90 76006.04
10.00 76006.04
10.10 75965.45
10.20 75965.45
10.30 75965.45
10.40 75965.45
10.50 75965.45
10.60 75965.45
10.70 75965.45
10.80 75965.45
10.90 75965.45
11.00 75965.45
11.10 74660.42
11.20 74660.42
11.30 74660.42
11.40 74660.42
11.50 74660.42
11.60 74660.42
11.70 74660.42
11.80 74660.42
11.90 74660.42
12.00 74660.42
12.10 75496.70
12.20 75496.70
12.30 75496.70
12.40 75496.70
12.50 75496.70
12.60 75496.70
12.70 75496.70
12.80 75496.70
12.90 75496.70
13.00 75496.70
13.10 67946.96
13.20 67946.96
13.30 67946.96
13.40 67946.96
13.50 67946.96
13.60 67946.96
13.70 67946.96
13.80 67946.96
13.90 67946.96
14.00 67946.96
14.10 76861.98
14.20 76861.98
14.30 76861.98
14.40 76861.98
14.50 76861.98
14.60 76861.98
14.70 76861.98
14.80 76861.98
14.90 76861.98
15.00 76861.98
15.10 75771.53
15.20 75771.53
15.30 75771.53
15.40 75771.53
15.50 75771.53
15.60 75771.53
15.70 75771.53
15.80 75771.53
15.90 75771.53
16.00 75771.53
16.10 75537.09
16.20 75537.09
16.30 75537.09
16.40 75537.09
16.50 75537.09
16.60 75537.09
16.70 75537.09
16.80 75537.09
16.90 75537.09
17.00 75537.09
17.10 78923.77
17.20 78923.77
17.30 78923.77
17.40 78923.77
17.50 78923.77
17.60 78923.77
17.70 78923.77
17.80 78923.77
17.90 78923.77
18.00 78923.77
18.10 75423.77
18.20 75423.77
18.30 75423.77
18.40 75423.77
18.50 75423.77
18.60 75423.77
18.70 75423.77
18.80 75423.77
18.90 75423.77
19.00 75423.77
19.10 76473.99
19.20 76473.99
19.30 76473.99
19.40 76473.99
19.50 76473.99
19.60 76473.99
19.70 76473.99
19.80 76473.99
19.90 76473.99
20.00 76473.99
20.10 75349.05
20.20 75349.05
20.30 75349.05
20.40 75349.05
20.50 75349.05
20.60 75349.05
20.70 75349.05
20.80 75349.05
20.90 75349.05
21.00 75349.05
21.10 75136.02
21.20 75136.02
21.30 75136.02
21.40 75136.02
21.50 75136.02
21.60 75136.02
21.70 75136.02
21.80 75136.02
21.90 75136.02
22.00 75136.02
22.10 75353.58
22.20 75353.58
22.30 75353.58
22.40 75353.58
22.50 75353.58
22.60 75353.58
22.70 75353.58
22.80 75353.58
22.90 75353.58
23.00 75353.58
23.10 75918.42
23.20 75918.42
23.30 75918.42
23.40 75918.42
23.50 75918.42
23.60 75918.42
23.70 75918.42
23.80 75918.42
23.90 75918.42
24.00 75918.42
24.10 74970.79
24.20 74970.79
24.30 74970.79
24.40 74970.79
24.50 74970.79
24.60 74970.79
24.70 74970.79
24.80 74970.79
24.90 74970.79
25.00 74970.79
25.10 76782.54
25.20 76782.54
25.30 76782.54
25.40 76782.54
25.50 76782.54
25.60 76782.54
25.70 76782.54
25.80 76782.54
25.90 76782.54
26.00 76782.54
26.10 75474.16
26.20 75474.16
26.30 75474.16
26.40 75474.16
26.50 75474.16
26.60 75474.16
26.70 75474.16
26.80 75474.16
26.90 75474.16
27.00 75474.16
27.10 74575.38
27.20 74575.38
27.30 74575.38
27.40 74575.38
27.50 74575.38
27.60 74575.38
27.70 74575.38
27.80 74575.38
27.90 74575.38
28.00 74575.38
28.10 75896.09
28.20 75896.09
28.30 75896.09
28.40 75896.09
28.50 75896.09
28.60 75896.09
28.70 75896.09
28.80 75896.09
28.90 75896.09
29.00 75896.09
29.10 70303.18
29.20 70303.18
29.30 70303.18
29.40 70303.18
29.50 70303.18
29.60 70303.18
29.70 70303.18
29.80 70303.18
29.90 70303.18
30.00 70303.18
