0.10 442909.69
0.20 442909.69
0.30 442909.69
0.40 442909.69
0.50 442909.69
0.60 442909.69
0.70 442909.69
0.80 442909.69
0.90 442909.69
1.00 442909.69
1.10 392172.16
1.20 392172.16
1.30 392172.16
1.40 392172.16
1.50 392172.16
1.60 392172.16
1.70 392172.16
1.80 392172.16
1.90 392172.16
2.00 392172.16
2.10 333939.87
2.20 333939.87
2.30 333939.87
2.40 333939.87
2.50 333939.87
2.60 333939.87
2.70 333939.87
2.80 333939.87
2.90 333939.87
3.00 333939.87
3.10 410265.61
3.20 410265.61
3.30 410265.61
3.40 410265.61
3.50 410265.61
3.60 410265.61
3.70 410265.61
3.80 410265.61
3.90 410265.61
4.00 410265.61
4.10 359785.15
4.20 359785.15
4.30 359785.15
4.40 359785.15
4.50 359785.15
4.60 359785.15
4.70 359785.15
4.80 359785.15
4.90 359785.15
5.00 359785.15
5.10 208487.14
5.20 208487.14
5.30 208487.14
5.40 208487.14
5.50 208487.14
5.60 208487.14
5.70 208487.14
5.80 208487.14
5.90 208487.14
6.00 208487.14
6.10 468404.31
6.20 468404.31
6.30 468404.31
6.40 468404.31
6.50 468404.31
6.60 468404.31
6.70 468404.31
6.80 468404.31
6.90 468404.31
7.00 468404.31
7.10 366148.06
7.20 366148.06
7.30 366148.06
7.40 366148.06
7.50 366148.06
7.60 366148.06
7.70 366148.06
7.80 366148.06
7.90 366148.06
8.00 366148.06
8.10 447368.42
8.20 447368.42
8.30 447368.42
8.40 447368.42
8.50 447368.42
8.60 447368.42
8.70 447368.42
8.80 447368.42
8.90 447368.42
9.00 447368.42
9.10 345698.94
9.20 345698.94
9.30 345698.94
9.40 345698.94
9.50 345698.94
9.60 345698.94
9.70 345698.94
9.80 345698.94
9.90 345698.94
10.00 345698.94
10.10 431716.00
10.20 431716.00
10.30 431716.00
10.40 431716.00
10.50 431716.00
10.60 431716.00
10.70 431716.00
10.80 431716.00
10.90 431716.00
11.00 431716.00
11.10 406851.35
11.20 406851.35
11.30 406851.35
11.40 406851.35
11.50 406851.35
11.60 406851.35
11.70 406851.35
11.80 406851.35
11.90 406851.35
12.00 406851.35
12.10 546295.92
12.20 546295.92
12.30 546295.92
12.40 546295.92
12.50 546295.92
12.60 546295.92
12.70 546295.92
12.80 546295.92
12.90 546295.92
13.00 546295.92
13.10 540430.42
13.20 540430.42
13.30 540430.42
13.40 540430.42
13.50 540430.42
13.60 540430.42
13.70 540430.42
13.80 540430.42
13.90 540430.42
14.00 540430.42
14.10 517643.52
14.20 517643.52
14.30 517643.52
14.40 517643.52
14.50 517643.52
14.60 517643.52
14.70 517643.52
14.80 517643.52
14.90 517643.52
15.00 517643.52
15.10 490202.14
15.20 490202.14
15.30 490202.14
15.40 490202.14
15.50 490202.14
15.60 490202.14
15.70 490202.14
15.80 490202.14
15.90 490202.14
16.00 490202.14
16.10 516688.05
16.20 516688.05
16.30 516688.05
16.40 516688.05
16.50 516688.05
16.60 516688.05
16.70 516688.05
16.80 516688.05
16.90 516688.05
17.00 516688.05
17.10 405378.96
17.20 405378.96
17.30 405378.96
17.40 405378.96
17.50 405378.96
17.60 405378.96
17.70 405378.96
17.80 405378.96
17.90 405378.96
18.00 405378.96
18.10 382692.54
18.20 382692.54
18.30 382692.54
18.40 382692.54
18.50 382692.54
18.60 382692.54
18.70 382692.54
18.80 382692.54
18.90 382692.54
19.00 382692.54
19.10 333113.07
19.20 333113.07
19.30 333113.07
19.40 333113.07
19.50 333113.07
19.60 333113.07
19.70 333113.07
19.80 333113.07
19.90 333113.07
20.00 333113.07
20.10 374669.75
20.20 374669.75
20.30 374669.75
20.40 374669.75
20.50 374669.75
20.60 374669.75
20.70 374669.75
20.80 374669.75
20.90 374669.75
21.00 374669.75
21.10 330513.26
21.20 330513.26
21.30 330513.26
21.40 330513.26
21.50 330513.26
21.60 330513.26
21.70 330513.26
21.80 330513.26
21.90 330513.26
22.00 330513.26
22.10 346668.34
22.20 346668.34
22.30 346668.34
22.40 346668.34
22.50 346668.34
22.60 346668.34
22.70 346668.34
22.80 346668.34
22.90 346668.34
23.00 346668.34
23.10 370552.06
23.20 370552.06
23.30 370552.06
23.40 370552.06
23.50 370552.06
23.60 370552.06
23.70 370552.06
23.80 370552.06
23.90 370552.06
24.00 370552.06
24.10 335539.61
24.20 335539.61
24.30 335539.61
24.40 335539.61
24.50 335539.61
24.60 335539.61
24.70 335539.61
24.80 335539.61
24.90 335539.61
25.00 335539.61
25.10 221375.31
25.20 221375.31
25.30 221375.31
25.40 221375.31
25.50 221375.31
25.60 221375.31
25.70 221375.31
25.80 221375.31
25.90 221375.31
26.00 221375.31
26.10 326272.61
26.20 326272.61
26.30 326272.61
26.40 326272.61
26.50 326272.61
26.60 326272.61
26.70 326272.61
26.80 326272.61
26.90 326272.61
27.00 326272.61
27.10 317856.19
27.20 317856.19
27.30 317856.19
27.40 317856.19
27.50 317856.19
27.60 317856.19
27.70 317856.19
27.80 317856.19
27.90 317856.19
28.00 317856.19
28.10 333145.28
28.20 333145.28
28.30 333145.28
28.40 333145.28
28.50 333145.28
28.60 333145.28
28.70 333145.28
28.80 333145.28
28.90 333145.28
29.00 333145.28
29.10 420182.41
29.20 420182.41
29.30 420182.41
29.40 420182.41
29.50 420182.41
29.60 420182.41
29.70 420182.41
29.80 420182.41
29.90 420182.41
30.00 420182.41
