2
4
6
8
11
13
15
17
20
22
24
26
28
31
33
35
37
40
42
44
46
48
51
53
55
57
60
62
64
66
68
71
73
75
77
80
82
84
86
88
91
93
95
97
100
102
104
106
108
110
113
115
117
119
121
123
126
128
130
132
134
136
139
141
143
145
147
150
152
154
156
158
160
163
165
167
169
171
173
176
178
180
182
184
186
189
191
193
195
197
200
202
204
206
208
210
213
215
217
219
221
223
226
228
230
232
234
236
239
241
243
245
247
250
252
254
256
258
260
263
265
267
269
271
273
276
278
280
282
284
286
289
291
293
295
297
300
302
304
306
308
311
313
315
317
320
322
324
326
328
331
333
335
337
340
342
344
346
348
351
353
355
357
360
362
364
366
368
371
373
375
377
380
382
384
386
388
391
393
395
397
400
402
404
406
408
410
413
415
417
419
421
423
426
428
430
432
434
436
439
441
443
445
447
450
452
454
456
458
460
463
465
467
469
471
473
476
478
480
482
484
486
489
491
493
495
497
500
502
504
506
508
510
513
515
517
519
521
523
526
528
530
532
534
536
539
541
543
545
547
550
552
554
556
558
560
563
565
567
569
571
573
576
578
580
582
584
586
589
591
593
595
597
600
602
604
606
608
610
613
615
617
619
621
623
626
628
630
632
634
636
639
641
643
645
647
649
652
654
656
658
660
663
665
667
669
671
673
676
678
680
682
684
686
689
691
693
695
697
700
702
704
706
708
711
713
715
717
720
722
724
726
728
731
733
735
737
740
742
744
746
748
751
753
755
757
760
762
764
766
768
771
773
775
777
780
782
784
786
788
791
793
795
797
800
802
804
806
808
810
813
815
817
819
821
823
826
828
830
832
834
836
839
841
843
845
847
850
852
854
856
858
860
863
865
867
869
871
873
876
878
880
882
884
886
889
891
893
895
897
900
902
904
906
908
910
913
915
917
919
921
923
926
928
930
932
934
936
939
941
943
945
947
950
952
954
956
958
960
963
965
967
969
971
973
976
978
980
982
984
986
989
991
993
995
997
1000
1002
1004
1006
1008
1011
1013
1015
1017
1020
1022
1024
1026
1028
1031
1033
1035
1037
1040
1042
1044
1046
1048
1051
1053
1055
1057
1060
1062
1064
1066
1068
1071
1073
1075
1077
1080
1082
1084
1086
1088
1091
1093
1095
1097
1100
1102
1104
1106
1109
1111
1113
1115
1118
1120
1122
1125
1127
1129
1131
1134
1136
1138
1140
1143
1145
1147
1150
1152
1154
1156
1159
1161
1163
1165
1168
1170
1172
1175
1177
1179
1181
1184
1186
1188
1190
1193
1195
1197
1200
1202
1204
1206
1208
1211
1213
1215
1217
1220
1222
1224
1226
1228
1231
1233
1235
1237
1240
1242
1244
1246
1248
1251
1253
1255
1257
1260
1262
1264
1266
1268
1271
1273
1275
1277
1280
1282
1284
1286
1288
1291
1293
1295
1297
1300
1302
1304
1306
1309
1311
1313
1315
1318
1320
1322
1325
1327
1329
1331
1334
1336
1338
1340
1343
1345
1347
1350
1352
1354
1356
1359
1361
1363
1365
1368
1370
1372
1375
1377
1379
1381
1384
1386
1388
1390
1393
1395
1397
1400
1402
1404
1406
1408
1411
1413
1415
1417
1420
1422
1424
1426
1428
1431
1433
1435
1437
1440
1442
1444
1446
1448
1451
1453
1455
1457
1460
1462
1464
1466
1468
1471
1473
1475
1477
1480
1482
1484
1486
1488
1491
1493
1495
1497
1500
1502
1504
1506
1508
1511
1513
1515
1517
1520
1522
1524
1526
1528
1531
1533
1535
1537
1540
1542
1544
1546
1548
1551
1553
1555
1557
1560
1562
1564
1566
1568
1571
1573
1575
1577
1580
1582
1584
1586
1588
1591
1593
1595
1597
1600
1602
1604
1606
1609
1611
1613
1615
1618
1620
1622
1625
1627
1629
1631
1634
1636
1638
1640
1643
1645
1647
1650
1652
1654
1656
1659
1661
1663
1665
1668
1670
1672
1675
1677
1679
1681
1684
1686
1688
1690
1693
1695
1697
1700
1702
1704
1706
1708
1711
1713
1715
1717
1720
1722
1724
1726
1728
1731
1733
1735
1737
1740
1742
1744
1746
1748
1751
1753
1755
1757
1760
1762
1764
1766
1768
1771
1773
1775
1777
1780
1782
1784
1786
1788
1791
1793
1795
1797
1800
1802
1804
1806
1808
1811
1813
1815
1817
1820
1822
1824
1826
1828
1831
1833
1835
1837
1840
1842
1844
1846
1848
1851
1853
1855
1857
1859
1862
1864
1866
1868
1871
1873
1875
1877
1880
1882
1884
1886
1888
1891
1893
1895
1897
1900
1902
1904
1906
1909
1911
1913
1915
1918
1920
1922
1924
1927
1929
1931
1934
1936
1938
1940
1943
1945
1947
1950
1952
1954
1956
1959
1961
1963
1965
1968
1970
1972
1975
1977
1979
1981
1984
1986
1988
1990
1993
1995
1997
2000
2002
2004
2006
2008
2011
2013
2015
2017
2020
2022
2024
2026
2028
2031
2033
2035
2037
2040
2042
2044
2046
2048
2051
2053
2055
2057
2060
2062
2064
2066
2068
2071
2073
2075
2077
2080
2082
2084
2086
2088
2091
2093
2095
2097
2100
2102
2104
2106
2108
2111
2113
2115
2117
2120
2122
2124
2126
2128
2131
2133
2135
2137
2140
2142
2144
2146
2148
2151
2153
2155
2157
2160
2162
2164
2166
2168
2171
2173
2175
2177
2180
2182
2184
2186
2188
2191
2193
2195
2197
2200
2202
2204
2206
2208
2211
2213
2215
2217
2220
2222
2224
2226
2228
2231
2233
2235
2237
2240
2242
2244
2246
2248
2251
2253
2255
2257
2260
2262
2264
2266
2268
2271
2273
2275
2277
2280
2282
2284
2286
2288
2291
2293
2295
2297
2300
2302
2304
2306
2309
2311
2313
2315
2318
2320
2322
2324
2327
2329
2331
2334
2336
2338
2340
2343
2345
2347
2349
2352
2354
2356
2359
2361
2363
2365
2368
2370
2372
2375
2377
2379
2381
2384
2386
2388
2390
2393
2395
2397
2400
2402
2404
2406
2408
2411
2413
2415
2417
2420
2422
2424
2426
2428
2431
2433
2435
2437
2440
2442
2444
2446
2448
2451
2453
2455
2457
2460
2462
2464
2466
2468
2471
2473
2475
2477
2480
2482
2484
2486
2488
2491
2493
2495
2497
2500
2502
2504
2506
2508
2511
2513
2515
2517
2520
2522
2524
2526
2528
2531
2533
2535
2537
2540
2542
2544
2546
2548
2551
2553
2555
2557
2560
2562
2564
2566
2568
2571
2573
2575
2577
2580
2582
2584
2586
2588
2591
2593
2595
2597
2600
2602
2604
2606
2608
2611
2613
2615
2617
2620
2622
2624
2626
2628
2631
2633
2635
2637
2640
2642
2644
2646
2648
2651
2653
2655
2657
2660
2662
2664
2666
2668
2671
2673
2675
2677
2680
2682
2684
2686
2688
2691
2693
2695
2697
2700
2702
2704
2706
2708
2711
2713
2715
2717
2720
2722
2724
2726
2728
2731
2733
2735
2737
2740
2742
2744
2746
2748
2751
2753
2755
2757
2760
2762
2764
2766
2768
2771
2773
2775
2777
2780
2782
2784
2786
2788
2791
2793
2795
2797
2800
2802
2804
2806
2809
2811
2813
2815
2818
2820
2822
2824
2827
2829
2831
2834
2836
2838
2840
2843
2845
2847
2849
2852
2854
2856
2859
2861
2863
2865
2868
2870
2872
2875
2877
2879
2881
2884
2886
2888
2890
2893
2895
2897
2900
2902
2904
2906
2908
2911
2913
2915
2917
2920
2922
2924
2926
2928
2931
2933
2935
2937
2940
2942
2944
2946
2948
2951
2953
2955
2957
2960
2962
2964
2966
2968
2971
2973
2975
2977
2980
2982
2984
2986
2988
2991
2993
2995
2997
3000
3002
3004
3006
3009
3011
3013
3016
3018
3020
3023
3025
3027
3030
3032
3034
3037
3039
3041
3044
3046
3048
3051
3053
3055
3058
3060
3062
3065
3067
3069
3072
3074
3076
3079
3081
3083
3086
3088
3090
3093
3095
3097
3100
3102
3104
3106
3109
3111
3113
3115
3118
3120
3122
3125
3127
3129
3131
3134
3136
3138
3140
3143
3145
3147
3150
3152
3154
3156
3159
3161
3163
3165
3168
3170
3172
3175
3177
3179
3181
3184
3186
3188
3190
3193
3195
3197
3200
3202
3204
3206
3209
3211
3213
3216
3218
3220
3223
3225
3227
3230
3232
3234
3237
3239
3241
3244
3246
3248
3251
3253
3255
3258
3260
3262
3265
3267
3269
3272
3274
3276
3279
3281
3283
3286
3288
3290
3293
3295
3297
3300
3302
3304
3306
3309
3311
3313
3316
3318
3320
3323
3325
3327
3330
3332
3334
3337
3339
3341
3344
3346
3348
3351
3353
3355
3358
3360
3362
3365
3367
3369
3372
3374
3376
3379
3381
3383
3386
3388
3390
3393
3395
3397
3400
3402
3404
3406
3409
3411
3413
3415
3418
3420
3422
3425
3427
3429
3431
3434
3436
3438
3440
3443
3445
3447
3450
3452
3454
3456
3459
3461
3463
3465
3468
3470
3472
3475
3477
3479
3481
3484
3486
3488
3490
3493
3495
3497
3500
3502
3504
3506
3509
3511
3513
3516
3518
3520
3523
3525
3527
3530
3532
3534
3537
3539
3541
3544
3546
3548
3551
3553
3555
3558
3560
3562
3565
3567
3569
3572
3574
3576
3579
3581
3583
3586
3588
3590
3593
3595
3597
3600
3602
3604
3606
3609
3611
3613
3616
3618
3620
3623
3625
3627
3630
3632
3634
3637
3639
3641
3644
3646
3648
3651
3653
3655
3658
3660
3662
3665
3667
3669
3672
3674
3676
3679
3681
3683
3686
3688
3690
3693
3695
3697
3700
3702
3704
3706
3709
3711
3713
3716
3718
3720
3723
3725
3727
3730
3732
3734
3737
3739
3741
3744
3746
3748
3751
3753
3755
3758
3760
3762
3765
3767
3769
3772
3774
3776
3779
3781
3783
3786
3788
3790
3793
3795
3797
3800
3802
3804
3806
3809
3811
3813
3815
3818
3820
3822
3824
3827
3829
3831
3834
3836
3838
3840
3843
3845
3847
3849
3852
3854
3856
3859
3861
3863
3865
3868
3870
3872
3875
3877
3879
3881
3884
3886
3888
3890
3893
3895
3897
3900
3902
3904
3906
3909
3911
3913
3916
3918
3920
3923
3925
3927
3930
3932
3934
3937
3939
3941
3944
3946
3948
3951
3953
3955
3958
3960
3962
3965
3967
3969
3972
3974
3976
3979
3981
3983
3986
3988
3990
3993
3995
3997
4000
4002
4004
4006
4008
4010
4013
4015
4017
4019
4021
4023
4026
4028
4030
4032
4034
4036
4039
4041
4043
4045
4047
4050
4052
4054
4056
4058
4060
4063
4065
4067
4069
4071
4073
4076
4078
4080
4082
4084
4086
4089
4091
4093
4095
4097
4100
4102
4104
4106
4108
4111
4113
4115
4117
4120
4122
4124
4126
4128
4131
4133
4135
4137
4140
4142
4144
4146
4148
4151
4153
4155
4157
4160
4162
4164
4166
4168
4171
4173
4175
4177
4180
4182
4184
4186
4188
4191
4193
4195
4197
4200
4202
4204
4206
4208
4210
4213
4215
4217
4219
4221
4223
4226
4228
4230
4232
4234
4236
4239
4241
4243
4245
4247
4250
4252
4254
4256
4258
4260
4263
4265
4267
4269
4271
4273
4276
4278
4280
4282
4284
4286
4289
4291
4293
4295
4297
4300
4302
4304
4306
4308
4311
4313
4315
4317
4320
4322
4324
4326
4328
4331
4333
4335
4337
4340
4342
4344
4346
4348
4351
4353
4355
4357
4360
4362
4364
4366
4368
4371
4373
4375
4377
4380
4382
4384
4386
4388
4391
4393
4395
4397
4400
4402
4404
4406
4408
4410
4413
4415
4417
4419
4421
4423
4426
4428
4430
4432
4434
4436
4439
4441
4443
4445
4447
4450
4452
4454
4456
4458
4460
4463
4465
4467
4469
4471
4473
4476
4478
4480
4482
4484
4486
4489
4491
4493
4495
4497
4500
4502
4504
4506
4508
4510
4513
4515
4517
4519
4521
4523
4526
4528
4530
4532
4534
4536
4539
4541
4543
4545
4547
4550
4552
4554
4556
4558
4560
4563
4565
4567
4569
4571
4573
4576
4578
4580
4582
4584
4586
4589
4591
4593
4595
4597
4600
4602
4604
4606
4608
4611
4613
4615
4617
4620
4622
4624
4626
4628
4631
4633
4635
4637
4640
4642
4644
4646
4648
4651
4653
4655
4657
4660
4662
4664
4666
4668
4671
4673
4675
4677
4680
4682
4684
4686
4688
4691
4693
4695
4697
4700
4702
4704
4706
4708
4710
4713
4715
4717
4719
4721
4723
4726
4728
4730
4732
4734
4736
4739
4741
4743
4745
4747
4750
4752
4754
4756
4758
4760
4763
4765
4767
4769
4771
4773
4776
4778
4780
4782
4784
4786
4789
4791
4793
4795
4797
4800
4802
4804
4806
4808
4811
4813
4815
4817
4820
4822
4824
4826
4828
4831
4833
4835
4837
4840
4842
4844
4846
4848
4851
4853
4855
4857
4860
4862
4864
4866
4868
4871
4873
4875
4877
4880
4882
4884
4886
4888
4891
4893
4895
4897
4900
4902
4904
4906
4908
4910
4913
4915
4917
4919
4921
4923
4926
4928
4930
4932
4934
4936
4939
4941
4943
4945
4947
4950
4952
4954
4956
4958
4960
4963
4965
4967
4969
4971
4973
4976
4978
4980
4982
4984
4986
4989
4991
4993
4995
4997
5000
5002
5004
5006
5008
5010
5012
5014
5017
5019
5021
5023
5025
5027
5029
5031
5034
5036
5038
5040
5042
5044
5046
5048
5051
5053
5055
5057
5059
5061
5063
5065
5068
5070
5072
5074
5076
5078
5080
5082
5085
5087
5089
5091
5093
5095
5097
5100
5102
5104
5106
5108
5110
5113
5115
5117
5119
5121
5123
5126
5128
5130
5132
5134
5136
5139
5141
5143
5145
5147
5150
5152
5154
5156
5158
5160
5163
5165
5167
5169
5171
5173
5176
5178
5180
5182
5184
5186
5189
5191
5193
5195
5197
5200
5202
5204
5206
5208
5210
5212
5214
5217
5219
5221
5223
5225
5227
5229
5231
5234
5236
5238
5240
5242
5244
5246
5248
5251
5253
5255
5257
5259
5261
5263
5265
5268
5270
5272
5274
5276
5278
5280
5282
5285
5287
5289
5291
5293
5295
5297
5300
5302
5304
5306
5308
5310
5312
5314
5317
5319
5321
5323
5325
5327
5329
5331
5334
5336
5338
5340
5342
5344
5346
5348
5351
5353
5355
5357
5359
5361
5363
5365
5368
5370
5372
5374
5376
5378
5380
5382
5385
5387
5389
5391
5393
5395
5397
5400
5402
5404
5406
5408
5410
5413
5415
5417
5419
5421
5423
5426
5428
5430
5432
5434
5436
5439
5441
5443
5445
5447
5450
5452
5454
5456
5458
5460
5463
5465
5467
5469
5471
5473
5476
5478
5480
5482
5484
5486
5489
5491
5493
5495
5497
5500
5502
5504
5506
5508
5510
5512
5514
5517
5519
5521
5523
5525
5527
5529
5531
5534
5536
5538
5540
5542
5544
5546
5548
5551
5553
5555
5557
5559
5561
5563
5565
5568
5570
5572
5574
5576
5578
5580
5582
5585
5587
5589
5591
5593
5595
5597
5600
5602
5604
5606
5608
5610
5613
5615
5617
5619
5621
5623
5626
5628
5630
5632
5634
5636
5639
5641
5643
5645
5647
5650
5652
5654
5656
5658
5660
5663
5665
5667
5669
5671
5673
5676
5678
5680
5682
5684
5686
5689
5691
5693
5695
5697
5700
5702
5704
5706
5708
5710
5712
5714
5717
5719
5721
5723
5725
5727
5729
5731
5734
5736
5738
5740
5742
5744
5746
5748
5751
5753
5755
5757
5759
5761
5763
5765
5768
5770
5772
5774
5776
5778
5780
5782
5785
5787
5789
5791
5793
5795
5797
5800
5802
5804
5806
5808
5810
5812
5814
5817
5819
5821
5823
5825
5827
5829
5831
5834
5836
5838
5840
5842
5844
5846
5848
5851
5853
5855
5857
5859
5861
5863
5865
5868
5870
5872
5874
5876
5878
5880
5882
5885
5887
5889
5891
5893
5895
5897
5900
5902
5904
5906
5908
5910
5913
5915
5917
5919
5921
5923
5926
5928
5930
5932
5934
5936
5939
5941
5943
5945
5947
5950
5952
5954
5956
5958
5960
5963
5965
5967
5969
5971
5973
5976
5978
5980
5982
5984
5986
5989
5991
5993
5995
5997
6000
6002
6004
6006
6008
6010
6013
6015
6017
6019
6021
6023
6026
6028
6030
6032
6034
6036
6039
6041
6043
6045
6047
6050
6052
6054
6056
6058
6060
6063
6065
6067
6069
6071
6073
6076
6078
6080
6082
6084
6086
6089
6091
6093
6095
6097
6100
6102
6104
6106
6108
6111
6113
6115
6117
6120
6122
6124
6126
6128
6131
6133
6135
6137
6140
6142
6144
6146
6148
6151
6153
6155
6157
6160
6162
6164
6166
6168
6171
6173
6175
6177
6180
6182
6184
6186
6188
6191
6193
6195
6197
6200
6202
6204
6206
6208
6211
6213
6215
6217
6220
6222
6224
6226
6228
6231
6233
6235
6237
6240
6242
6244
6246
6248
6251
6253
6255
6257
6260
6262
6264
6266
6268
6271
6273
6275
6277
6280
6282
6284
6286
6288
6291
6293
6295
6297
6300
6302
6304
6306
6308
6310
6313
6315
6317
6319
6321
6323
6326
6328
6330
6332
6334
6336
6339
6341
6343
6345
6347
6350
6352
6354
6356
6358
6360
6363
6365
6367
6369
6371
6373
6376
6378
6380
6382
6384
6386
6389
6391
6393
6395
6397
6400
6402
6404
6406
6408
6411
6413
6415
6417
6420
6422
6424
6426
6428
6431
6433
6435
6437
6440
6442
6444
6446
6448
6451
6453
6455
6457
6460
6462
6464
6466
6468
6471
6473
6475
6477
6480
6482
6484
6486
6488
6491
6493
6495
6497
6500
6502
6504
6506
6508
6510
6513
6515
6517
6519
6521
6523
6526
6528
6530
6532
6534
6536
6539
6541
6543
6545
6547
6550
6552
6554
6556
6558
6560
6563
6565
6567
6569
6571
6573
6576
6578
6580
6582
6584
6586
6589
6591
6593
6595
6597
6600
6602
6604
6606
6608
6611
6613
6615
6617
6620
6622
6624
6626
6628
6631
6633
6635
6637
6640
6642
6644
6646
6648
6651
6653
6655
6657
6660
6662
6664
6666
6668
6671
6673
6675
6677
6680
6682
6684
6686
6688
6691
6693
6695
6697
6700
6702
6704
6706
6708
6711
6713
6715
6717
6720
6722
6724
6726
6728
6731
6733
6735
6737
6740
6742
6744
6746
6748
6751
6753
6755
6757
6760
6762
6764
6766
6768
6771
6773
6775
6777
6780
6782
6784
6786
6788
6791
6793
6795
6797
6800
6802
6804
6806
6808
6810
6813
6815
6817
6819
6821
6823
6826
6828
6830
6832
6834
6836
6839
6841
6843
6845
6847
6850
6852
6854
6856
6858
6860
6863
6865
6867
6869
6871
6873
6876
6878
6880
6882
6884
6886
6889
6891
6893
6895
6897
6900
6902
6904
6906
6908
6911
6913
6915
6917
6920
6922
6924
6926
6928
6931
6933
6935
6937
6940
6942
6944
6946
6948
6951
6953
6955
6957
6960
6962
6964
6966
6968
6971
6973
6975
6977
6980
6982
6984
6986
6988
6991
6993
6995
6997
7000
7002
7004
7006
7008
7011
7013
7015
7017
7020
7022
7024
7026
7028
7031
7033
7035
7037
7040
7042
7044
7046
7048
7051
7053
7055
7057
7060
7062
7064
7066
7068
7071
7073
7075
7077
7080
7082
7084
7086
7088
7091
7093
7095
7097
7100
7102
7104
7106
7108
7110
7113
7115
7117
7119
7121
7123
7126
7128
7130
7132
7134
7136
7139
7141
7143
7145
7147
7150
7152
7154
7156
7158
7160
7163
7165
7167
7169
7171
7173
7176
7178
7180
7182
7184
7186
7189
7191
7193
7195
7197
7200
7202
7204
7206
7208
7211
7213
7215
7217
7220
7222
7224
7226
7228
7231
7233
7235
7237
7240
7242
7244
7246
7248
7251
7253
7255
7257
7260
7262
7264
7266
7268
7271
7273
7275
7277
7280
7282
7284
7286
7288
7291
7293
7295
7297
7300
7302
7304
7306
7308
7311
7313
7315
7317
7320
7322
7324
7326
7328
7331
7333
7335
7337
7340
7342
7344
7346
7348
7351
7353
7355
7357
7360
7362
7364
7366
7368
7371
7373
7375
7377
7380
7382
7384
7386
7388
7391
7393
7395
7397
7400
7402
7404
7406
7408
7411
7413
7415
7417
7420
7422
7424
7426
7428
7431
7433
7435
7437
7440
7442
7444
7446
7448
7451
7453
7455
7457
7460
7462
7464
7466
7468
7471
7473
7475
7477
7480
7482
7484
7486
7488
7491
7493
7495
7497
7500
7502
7504
7506
7508
7511
7513
7515
7517
7520
7522
7524
7526
7528
7531
7533
7535
7537
7540
7542
7544
7546
7548
7551
7553
7555
7557
7560
7562
7564
7566
7568
7571
7573
7575
7577
7580
7582
7584
7586
7588
7591
7593
7595
7597
7600
7602
7604
7606
7608
7610
7613
7615
7617
7619
7621
7623
7626
7628
7630
7632
7634
7636
7639
7641
7643
7645
7647
7650
7652
7654
7656
7658
7660
7663
7665
7667
7669
7671
7673
7676
7678
7680
7682
7684
7686
7689
7691
7693
7695
7697
7700
7702
7704
7706
7708
7711
7713
7715
7717
7720
7722
7724
7726
7728
7731
7733
7735
7737
7740
7742
7744
7746
7748
7751
7753
7755
7757
7760
7762
7764
7766
7768
7771
7773
7775
7777
7780
7782
7784
7786
7788
7791
7793
7795
7797
7800
7802
7804
7806
7808
7811
7813
7815
7817
7820
7822
7824
7826
7828
7831
7833
7835
7837
7840
7842
7844
7846
7848
7851
7853
7855
7857
7860
7862
7864
7866
7868
7871
7873
7875
7877
7880
7882
7884
7886
7888
7891
7893
7895
7897
7900
7902
7904
7906
7908
7911
7913
7915
7917
7920
7922
7924
7926
7928
7931
7933
7935
7937
7940
7942
7944
7946
7948
7951
7953
7955
7957
7960
7962
7964
7966
7968
7971
7973
7975
7977
7980
7982
7984
7986
7988
7991
7993
7995
7997
8000
8002
8004
8007
8009
8011
8014
8016
8019
8021
8023
8026
8028
8030
8033
8035
8038
8040
8042
8045
8047
8050
8052
8054
8057
8059
8061
8064
8066
8069
8071
8073
8076
8078
8080
8083
8085
8088
8090
8092
8095
8097
8100
8102
8104
8106
8109
8111
8113
8116
8118
8120
8123
8125
8127
8130
8132
8134
8137
8139
8141
8144
8146
8148
8151
8153
8155
8158
8160
8162
8165
8167
8169
8172
8174
8176
8179
8181
8183
8186
8188
8190
8193
8195
8197
8200
8202
8204
8207
8209
8211
8214
8216
8219
8221
8223
8226
8228
8230
8233
8235
8238
8240
8242
8245
8247
8250
8252
8254
8257
8259
8261
8264
8266
8269
8271
8273
8276
8278
8280
8283
8285
8288
8290
8292
8295
8297
8300
8302
8304
8307
8309
8311
8314
8316
8319
8321
8323
8326
8328
8330
8333
8335
8338
8340
8342
8345
8347
8350
8352
8354
8357
8359
8361
8364
8366
8369
8371
8373
8376
8378
8380
8383
8385
8388
8390
8392
8395
8397
8400
8402
8404
8407
8409
8411
8414
8416
8419
8421
8423
8426
8428
8430
8433
8435
8438
8440
8442
8445
8447
8450
8452
8454
8457
8459
8461
8464
8466
8469
8471
8473
8476
8478
8480
8483
8485
8488
8490
8492
8495
8497
8500
8502
8504
8506
8509
8511
8513
8516
8518
8520
8523
8525
8527
8530
8532
8534
8537
8539
8541
8544
8546
8548
8551
8553
8555
8558
8560
8562
8565
8567
8569
8572
8574
8576
8579
8581
8583
8586
8588
8590
8593
8595
8597
8600
8602
8604
8607
8609
8611
8614
8616
8619
8621
8623
8626
8628
8630
8633
8635
8638
8640
8642
8645
8647
8649
8652
8654
8657
8659
8661
8664
8666
8669
8671
8673
8676
8678
8680
8683
8685
8688
8690
8692
8695
8697
8700
8702
8704
8707
8709
8711
8714
8716
8719
8721
8723
8726
8728
8730
8733
8735
8738
8740
8742
8745
8747
8750
8752
8754
8757
8759
8761
8764
8766
8769
8771
8773
8776
8778
8780
8783
8785
8788
8790
8792
8795
8797
8800
8802
8804
8807
8809
8811
8814
8816
8819
8821
8823
8826
8828
8830
8833
8835
8838
8840
8842
8845
8847
8850
8852
8854
8857
8859
8861
8864
8866
8869
8871
8873
8876
8878
8880
8883
8885
8888
8890
8892
8895
8897
8900
8902
8904
8906
8909
8911
8913
8916
8918
8920
8923
8925
8927
8930
8932
8934
8937
8939
8941
8944
8946
8948
8951
8953
8955
8958
8960
8962
8965
8967
8969
8972
8974
8976
8979
8981
8983
8986
8988
8990
8993
8995
8997
9000
9004
9008
9013
9017
9021
9026
9030
9034
9039
9043
9047
9052
9056
9060
9065
9069
9073
9078
9082
9086
9091
9095
9100
9104
9108
9113
9117
9121
9126
9130
9134
9139
9143
9147
9152
9156
9160
9165
9169
9173
9178
9182
9186
9191
9195
9200
9204
9208
9213
9217
9221
9226
9230
9234
9239
9243
9247
9252
9256
9260
9265
9269
9273
9278
9282
9286
9291
9295
9300
9304
9308
9313
9317
9321
9326
9330
9334
9339
9343
9347
9352
9356
9360
9365
9369
9373
9378
9382
9386
9391
9395
9400
9404
9408
9413
9417
9421
9426
9430
9434
9439
9443
9447
9452
9456
9460
9465
9469
9473
9478
9482
9486
9491
9495
9500
9504
9508
9513
9517
9521
9526
9530
9534
9539
9543
9547
9552
9556
9560
9565
9569
9573
9578
9582
9586
9591
9595
9600
9604
9608
9613
9617
9621
9626
9630
9634
9639
9643
9647
9652
9656
9660
9665
9669
9673
9678
9682
9686
9691
9695
9700
9704
9708
9713
9717
9721
9726
9730
9734
9739
9743
9747
9752
9756
9760
9765
9769
9773
9778
9782
9786
9791
9795
9800
9804
9808
9813
9817
9821
9826
9830
9834
9839
9843
9847
9852
9856
9860
9865
9869
9873
9878
9882
9886
9891
9895
9900
9904
9908
9913
9917
9921
9926
9930
9934
9939
9943
9947
9952
9956
9960
9965
9969
9973
9978
9982
9986
9991
9995
10000
10002
10005
10008
10011
10014
10017
10020
10022
10025
10028
10031
10034
10037
10040
10042
10045
10048
10051
10054
10057
10060
10062
10065
10068
10071
10074
10077
10080
10082
10085
10088
10091
10094
10097
10100
10102
10105
10108
10111
10113
10116
10119
10122
10125
10127
10130
10133
10136
10138
10141
10144
10147
10149
10152
10155
10158
10161
10163
10166
10169
10172
10174
10177
10180
10183
10186
10188
10191
10194
10197
10200
10202
10205
10208
10211
10214
10217
10219
10222
10225
10228
10231
10234
10237
10240
10242
10245
10248
10251
10254
10257
10260
10262
10265
10268
10271
10274
10277
10280
10282
10285
10288
10291
10294
10297
10300
10302
10305
10308
10311
10313
10316
10319
10322
10325
10327
10330
10333
10336
10338
10341
10344
10347
10350
10352
10355
10358
10361
10363
10366
10369
10372
10375
10377
10380
10383
10386
10388
10391
10394
10397
10400
10402
10405
10408
10411
10414
10417
10420
10422
10425
10428
10431
10434
10437
10440
10442
10445
10448
10451
10454
10457
10460
10462
10465
10468
10471
10474
10477
10480
10482
10485
10488
10491
10494
10497
10500
10502
10505
10508
10511
10514
10517
10520
10522
10525
10528
10531
10534
10537
10540
10542
10545
10548
10551
10554
10557
10560
10562
10565
10568
10571
10574
10577
10580
10582
10585
10588
10591
10594
10597
10600
10602
10605
10608
10611
10613
10616
10619
10622
10625
10627
10630
10633
10636
10638
10641
10644
10647
10649
10652
10655
10658
10661
10663
10666
10669
10672
10674
10677
10680
10683
10686
10688
10691
10694
10697
10700
10702
10705
10708
10711
10714
10717
10719
10722
10725
10728
10731
10734
10737
10740
10742
10745
10748
10751
10754
10757
10760
10762
10765
10768
10771
10774
10777
10780
10782
10785
10788
10791
10794
10797
10800
10802
10805
10808
10811
10813
10816
10819
10822
10825
10827
10830
10833
10836
10838
10841
10844
10847
10850
10852
10855
10858
10861
10863
10866
10869
10872
10875
10877
10880
10883
10886
10888
10891
10894
10897
10900
10902
10905
10908
10911
10914
10917
10920
10922
10925
10928
10931
10934
10937
10940
10942
10945
10948
10951
10954
10957
10960
10962
10965
10968
10971
10974
10977
10980
10982
10985
10988
10991
10994
10997
11000
11002
11004
11007
11009
11011
11014
11016
11019
11021
11023
11026
11028
11030
11033
11035
11038
11040
11042
11045
11047
11050
11052
11054
11057
11059
11061
11064
11066
11069
11071
11073
11076
11078
11080
11083
11085
11088
11090
11092
11095
11097
11100
11102
11104
11106
11109
11111
11113
11116
11118
11120
11123
11125
11127
11130
11132
11134
11137
11139
11141
11144
11146
11148
11151
11153
11155
11158
11160
11162
11165
11167
11169
11172
11174
11176
11179
11181
11183
11186
11188
11190
11193
11195
11197
11200
11202
11204
11207
11209
11211
11214
11216
11219
11221
11223
11226
11228
11230
11233
11235
11238
11240
11242
11245
11247
11250
11252
11254
11257
11259
11261
11264
11266
11269
11271
11273
11276
11278
11280
11283
11285
11288
11290
11292
11295
11297
11300
11302
11304
11307
11309
11311
11314
11316
11319
11321
11323
11326
11328
11330
11333
11335
11338
11340
11342
11345
11347
11350
11352
11354
11357
11359
11361
11364
11366
11369
11371
11373
11376
11378
11380
11383
11385
11388
11390
11392
11395
11397
11400
11402
11404
11407
11409
11411
11414
11416
11419
11421
11423
11426
11428
11430
11433
11435
11438
11440
11442
11445
11447
11450
11452
11454
11457
11459
11461
11464
11466
11469
11471
11473
11476
11478
11480
11483
11485
11488
11490
11492
11495
11497
11500
11502
11504
11506
11509
11511
11513
11516
11518
11520
11523
11525
11527
11530
11532
11534
11537
11539
11541
11544
11546
11548
11551
11553
11555
11558
11560
11562
11565
11567
11569
11572
11574
11576
11579
11581
11583
11586
11588
11590
11593
11595
11597
11600
11602
11604
11607
11609
11611
11614
11616
11619
11621
11623
11626
11628
11630
11633
11635
11638
11640
11642
11645
11647
11649
11652
11654
11657
11659
11661
11664
11666
11669
11671
11673
11676
11678
11680
11683
11685
11688
11690
11692
11695
11697
11700
11702
11704
11707
11709
11711
11714
11716
11719
11721
11723
11726
11728
11730
11733
11735
11738
11740
11742
11745
11747
11750
11752
11754
11757
11759
11761
11764
11766
11769
11771
11773
11776
11778
11780
11783
11785
11788
11790
11792
11795
11797
11800
11802
11804
11807
11809
11811
11814
11816
11819
11821
11823
11826
11828
11830
11833
11835
11838
11840
11842
11845
11847
11850
11852
11854
11857
11859
11861
11864
11866
11869
11871
11873
11876
11878
11880
11883
11885
11888
11890
11892
11895
11897
11900
11902
11904
11906
11909
11911
11913
11916
11918
11920
11923
11925
11927
11930
11932
11934
11937
11939
11941
11944
11946
11948
11951
11953
11955
11958
11960
11962
11965
11967
11969
11972
11974
11976
11979
11981
11983
11986
11988
11990
11993
11995
11997
12000
12002
12004
12006
12009
12011
12013
12015
12018
12020
12022
12025
12027
12029
12031
12034
12036
12038
12040
12043
12045
12047
12050
12052
12054
12056
12059
12061
12063
12065
12068
12070
12072
12075
12077
12079
12081
12084
12086
12088
12090
12093
12095
12097
12100
12102
12104
12106
12108
12111
12113
12115
12117
12120
12122
12124
12126
12128
12131
12133
12135
12137
12139
12142
12144
12146
12148
12151
12153
12155
12157
12160
12162
12164
12166
12168
12171
12173
12175
12177
12180
12182
12184
12186
12188
12191
12193
12195
12197
12200
12202
12204
12206
12208
12211
12213
12215
12217
12219
12222
12224
12226
12228
12231
12233
12235
12237
12240
12242
12244
12246
12248
12251
12253
12255
12257
12260
12262
12264
12266
12268
12271
12273
12275
12277
12280
12282
12284
12286
12288
12291
12293
12295
12297
12300
12302
12304
12306
12309
12311
12313
12315
12318
12320
12322
12325
12327
12329
12331
12334
12336
12338
12340
12343
12345
12347
12350
12352
12354
12356
12359
12361
12363
12365
12368
12370
12372
12375
12377
12379
12381
12384
12386
12388
12390
12393
12395
12397
12400
12402
12404
12406
12408
12411
12413
12415
12417
12420
12422
12424
12426
12428
12431
12433
12435
12437
12440
12442
12444
12446
12448
12451
12453
12455
12457
12460
12462
12464
12466
12468
12471
12473
12475
12477
12480
12482
12484
12486
12488
12491
12493
12495
12497
12500
12502
12504
12506
12508
12511
12513
12515
12517
12520
12522
12524
12526
12528
12531
12533
12535
12537
12540
12542
12544
12546
12548
12551
12553
12555
12557
12560
12562
12564
12566
12568
12571
12573
12575
12577
12580
12582
12584
12586
12588
12591
12593
12595
12597
12600
12602
12604
12606
12609
12611
12613
12615
12618
12620
12622
12625
12627
12629
12631
12634
12636
12638
12640
12643
12645
12647
12649
12652
12654
12656
12659
12661
12663
12665
12668
12670
12672
12674
12677
12679
12681
12684
12686
12688
12690
12693
12695
12697
12700
12702
12704
12706
12708
12711
12713
12715
12717
12719
12722
12724
12726
12728
12731
12733
12735
12737
12740
12742
12744
12746
12748
12751
12753
12755
12757
12760
12762
12764
12766
12768
12771
12773
12775
12777
12780
12782
12784
12786
12788
12791
12793
12795
12797
12800
12802
12804
12806
12809
12811
12813
12815
12818
12820
12822
12825
12827
12829
12831
12834
12836
12838
12840
12843
12845
12847
12850
12852
12854
12856
12859
12861
12863
12865
12868
12870
12872
12875
12877
12879
12881
12884
12886
12888
12890
12893
12895
12897
12900
12902
12904
12906
12908
12911
12913
12915
12917
12920
12922
12924
12926
12928
12931
12933
12935
12937
12940
12942
12944
12946
12948
12951
12953
12955
12957
12960
12962
12964
12966
12968
12971
12973
12975
12977
12980
12982
12984
12986
12988
12991
12993
12995
12997
13000
13003
13007
13011
13015
13019
13023
13026
13030
13034
13038
13042
13046
13050
13053
13057
13061
13065
13069
13073
13076
13080
13084
13088
13092
13096
13100
13103
13107
13111
13114
13118
13122
13125
13129
13133
13137
13140
13144
13148
13151
13155
13159
13162
13166
13170
13174
13177
13181
13185
13188
13192
13196
13200
13203
13207
13211
13215
13219
13223
13226
13230
13234
13238
13242
13246
13250
13253
13257
13261
13265
13269
13273
13276
13280
13284
13288
13292
13296
13300
13303
13307
13311
13315
13319
13323
13326
13330
13334
13338
13342
13346
13350
13353
13357
13361
13365
13369
13373
13376
13380
13384
13388
13392
13396
13400
13403
13407
13411
13415
13419
13423
13426
13430
13434
13438
13442
13446
13450
13453
13457
13461
13465
13469
13473
13476
13480
13484
13488
13492
13496
13500
13503
13507
13511
13515
13519
13523
13526
13530
13534
13538
13542
13546
13550
13553
13557
13561
13565
13569
13573
13576
13580
13584
13588
13592
13596
13600
13603
13607
13611
13614
13618
13622
13625
13629
13633
13637
13640
13644
13648
13651
13655
13659
13662
13666
13670
13674
13677
13681
13685
13688
13692
13696
13700
13703
13707
13711
13715
13719
13723
13726
13730
13734
13738
13742
13746
13750
13753
13757
13761
13765
13769
13773
13776
13780
13784
13788
13792
13796
13800
13803
13807
13811
13815
13819
13823
13826
13830
13834
13838
13842
13846
13850
13853
13857
13861
13865
13869
13873
13876
13880
13884
13888
13892
13896
13900
13903
13907
13911
13915
13919
13923
13926
13930
13934
13938
13942
13946
13950
13953
13957
13961
13965
13969
13973
13976
13980
13984
13988
13992
13996
14000
14001
14003
14004
14006
14007
14009
14010
14012
14013
14015
14016
14018
14019
14021
14022
14024
14025
14027
14028
14030
14031
14033
14034
14036
14037
14039
14040
14042
14043
14045
14046
14048
14050
14051
14053
14054
14056
14057
14059
14060
14062
14063
14065
14066
14068
14069
14071
14072
14074
14075
14077
14078
14080
14081
14083
14084
14086
14087
14089
14090
14092
14093
14095
14096
14098
14100
14101
14103
14104
14106
14107
14109
14110
14112
14113
14115
14116
14118
14119
14121
14122
14124
14125
14127
14128
14130
14131
14133
14134
14136
14137
14139
14140
14142
14143
14145
14146
14148
14149
14151
14153
14154
14156
14157
14159
14160
14162
14163
14165
14166
14168
14169
14171
14172
14174
14175
14177
14178
14180
14181
14183
14184
14186
14187
14189
14190
14192
14193
14195
14196
14198
14200
14201
14203
14204
14206
14207
14209
14210
14212
14213
14215
14216
14218
14219
14221
14222
14224
14225
14227
14228
14230
14231
14233
14234
14236
14237
14239
14240
14242
14243
14245
14246
14248
14250
14251
14253
14254
14256
14257
14259
14260
14262
14263
14265
14266
14268
14269
14271
14272
14274
14275
14277
14278
14280
14281
14283
14284
14286
14287
14289
14290
14292
14293
14295
14296
14298
14300
14301
14303
14304
14306
14307
14309
14310
14312
14313
14315
14316
14318
14320
14321
14323
14324
14326
14327
14329
14330
14332
14333
14335
14336
14338
14340
14341
14343
14344
14346
14347
14349
14350
14352
14353
14355
14356
14358
14360
14361
14363
14364
14366
14367
14369
14370
14372
14373
14375
14376
14378
14380
14381
14383
14384
14386
14387
14389
14390
14392
14393
14395
14396
14398
14400
14401
14403
14404
14406
14407
14409
14410
14412
14413
14415
14416
14418
14419
14421
14422
14424
14425
14427
14428
14430
14431
14433
14434
14436
14437
14439
14440
14442
14443
14445
14446
14448
14450
14451
14453
14454
14456
14457
14459
14460
14462
14463
14465
14466
14468
14469
14471
14472
14474
14475
14477
14478
14480
14481
14483
14484
14486
14487
14489
14490
14492
14493
14495
14496
14498
14500
14501
14503
14504
14506
14507
14509
14510
14512
14513
14515
14516
14518
14519
14521
14522
14524
14525
14527
14528
14530
14531
14533
14534
14536
14537
14539
14540
14542
14543
14545
14546
14548
14550
14551
14553
14554
14556
14557
14559
14560
14562
14563
14565
14566
14568
14569
14571
14572
14574
14575
14577
14578
14580
14581
14583
14584
14586
14587
14589
14590
14592
14593
14595
14596
14598
14600
14601
14603
14604
14606
14607
14609
14610
14612
14613
14615
14616
14618
14620
14621
14623
14624
14626
14627
14629
14630
14632
14633
14635
14636
14638
14639
14641
14643
14644
14646
14647
14649
14650
14652
14653
14655
14656
14658
14660
14661
14663
14664
14666
14667
14669
14670
14672
14673
14675
14676
14678
14680
14681
14683
14684
14686
14687
14689
14690
14692
14693
14695
14696
14698
14700
14701
14703
14704
14706
14707
14709
14710
14712
14713
14715
14716
14718
14719
14721
14722
14724
14725
14727
14728
14730
14731
14733
14734
14736
14737
14739
14740
14742
14743
14745
14746
14748
14750
14751
14753
14754
14756
14757
14759
14760
14762
14763
14765
14766
14768
14769
14771
14772
14774
14775
14777
14778
14780
14781
14783
14784
14786
14787
14789
14790
14792
14793
14795
14796
14798
14800
14801
14803
14804
14806
14807
14809
14810
14812
14813
14815
14816
14818
14819
14821
14822
14824
14825
14827
14828
14830
14831
14833
14834
14836
14837
14839
14840
14842
14843
14845
14846
14848
14850
14851
14853
14854
14856
14857
14859
14860
14862
14863
14865
14866
14868
14869
14871
14872
14874
14875
14877
14878
14880
14881
14883
14884
14886
14887
14889
14890
14892
14893
14895
14896
14898
14900
14901
14903
14904
14906
14907
14909
14910
14912
14913
14915
14916
14918
14919
14921
14922
14924
14925
14927
14928
14930
14931
14933
14934
14936
14937
14939
14940
14942
14943
14945
14946
14948
14950
14951
14953
14954
14956
14957
14959
14960
14962
14963
14965
14966
14968
14969
14971
14972
14974
14975
14977
14978
14980
14981
14983
14984
14986
14987
14989
14990
14992
14993
14995
14996
14998
15000
15002
15004
15006
15008
15010
15012
15014
15016
15018
15020
15022
15024
15026
15028
15030
15032
15034
15036
15038
15040
15042
15044
15046
15048
15050
15052
15054
15056
15058
15060
15062
15064
15065
15068
15070
15072
15074
15076
15078
15080
15081
15084
15086
15088
15090
15092
15094
15096
15097
15100
15102
15104
15106
15107
15110
15112
15113
15116
15118
15120
15122
15123
15126
15128
15129
15132
15134
15136
15138
15139
15142
15144
15145
15148
15150
15152
15154
15155
15158
15160
15161
15164
15165
15168
15170
15171
15174
15176
15177
15180
15181
15184
15186
15187
15190
15192
15193
15196
15197
15200
15202
15203
15206
15208
15209
15212
15213
15216
15218
15219
15222
15224
15226
15228
15230
15232
15234
15236
15238
15240
15242
15244
15246
15248
15250
15252
15254
15256
15258
15260
15262
15264
15266
15268
15270
15272
15274
15276
15278
15280
15282
15284
15286
15288
15290
15292
15294
15296
15298
15300
15302
15304
15306
15308
15310
15312
15314
15316
15318
15320
15322
15324
15326
15328
15330
15332
15334
15336
15338
15340
15342
15344
15346
15348
15350
15352
15354
15356
15358
15360
15362
15364
15366
15368
15370
15372
15374
15376
15378
15380
15382
15384
15386
15388
15390
15392
15394
15396
15398
15400
15402
15404
15406
15408
15410
15412
15414
15416
15418
15420
15422
15424
15426
15428
15430
15432
15434
15436
15438
15440
15442
15444
15446
15448
15450
15452
15454
15456
15458
15460
15462
15464
15466
15468
15470
15472
15474
15476
15478
15480
15482
15484
15486
15488
15490
15492
15494
15496
15498
15500
15502
15504
15506
15508
15510
15512
15514
15516
15518
15520
15522
15524
15526
15528
15530
15532
15534
15536
15538
15540
15542
15544
15546
15548
15550
15552
15554
15556
15558
15560
15562
15564
15565
15568
15570
15572
15574
15576
15578
15580
15581
15584
15586
15588
15590
15592
15594
15596
15597
15600
15602
15604
15606
15607
15610
15612
15613
15616
15618
15620
15622
15623
15626
15628
15629
15632
15634
15636
15638
15639
15642
15644
15645
15648
15650
15652
15654
15655
15658
15660
15661
15664
15665
15668
15670
15671
15674
15676
15677
15680
15681
15684
15686
15687
15690
15692
15693
15696
15697
15700
15702
15703
15706
15708
15709
15712
15713
15716
15718
15719
15722
15724
15726
15728
15730
15732
15734
15736
15738
15740
15742
15744
15746
15748
15750
15752
15754
15756
15758
15760
15762
15764
15766
15768
15770
15772
15774
15776
15778
15780
15782
15784
15786
15788
15790
15792
15794
15796
15798
15800
15802
15804
15806
15808
15810
15812
15814
15816
15818
15820
15822
15824
15826
15828
15830
15832
15834
15836
15838
15840
15842
15844
15846
15848
15850
15852
15854
15856
15858
15860
15862
15864
15866
15868
15870
15872
15874
15876
15878
15880
15882
15884
15886
15888
15890
15892
15894
15896
15898
15900
15902
15904
15906
15908
15910
15912
15914
15916
15918
15920
15922
15924
15926
15928
15930
15932
15934
15936
15938
15940
15942
15944
15946
15948
15950
15952
15954
15956
15958
15960
15962
15964
15966
15968
15970
15972
15974
15976
15978
15980
15982
15984
15986
15988
15990
15992
15994
15996
15998
16000
16002
16004
16006
16008
16010
16012
16014
16016
16018
16020
16022
16024
16027
16029
16031
16033
16035
16037
16039
16041
16043
16045
16047
16050
16052
16054
16056
16058
16060
16062
16064
16066
16068
16070
16072
16075
16077
16079
16081
16083
16085
16087
16089
16091
16093
16095
16097
16100
16102
16104
16106
16108
16110
16112
16114
16116
16118
16120
16122
16125
16127
16129
16131
16133
16135
16137
16139
16141
16143
16145
16147
16149
16152
16154
16156
16158
16160
16162
16164
16166
16168
16170
16172
16175
16177
16179
16181
16183
16185
16187
16189
16191
16193
16195
16197
16200
16202
16204
16206
16208
16210
16212
16214
16217
16219
16221
16223
16225
16227
16229
16231
16234
16236
16238
16240
16242
16244
16246
16248
16251
16253
16255
16257
16259
16261
16263
16265
16268
16270
16272
16274
16276
16278
16280
16282
16285
16287
16289
16291
16293
16295
16297
16300
16302
16304
16306
16308
16310
16312
16314
16316
16318
16320
16322
16325
16327
16329
16331
16333
16335
16337
16339
16341
16343
16345
16347
16350
16352
16354
16356
16358
16360
16362
16364
16366
16368
16370
16372
16375
16377
16379
16381
16383
16385
16387
16389
16391
16393
16395
16397
16400
16402
16404
16406
16408
16410
16412
16414
16416
16418
16420
16422
16424
16427
16429
16431
16433
16435
16437
16439
16441
16443
16445
16447
16450
16452
16454
16456
16458
16460
16462
16464
16466
16468
16470
16472
16475
16477
16479
16481
16483
16485
16487
16489
16491
16493
16495
16497
16500
16502
16504
16506
16508
16510
16512
16514
16516
16518
16520
16522
16525
16527
16529
16531
16533
16535
16537
16539
16541
16543
16545
16547
16550
16552
16554
16556
16558
16560
16562
16564
16566
16568
16570
16572
16575
16577
16579
16581
16583
16585
16587
16589
16591
16593
16595
16597
16600
16602
16604
16606
16608
16610
16612
16614
16616
16618
16620
16622
16625
16627
16629
16631
16633
16635
16637
16639
16641
16643
16645
16647
16650
16652
16654
16656
16658
16660
16662
16664
16666
16668
16670
16672
16675
16677
16679
16681
16683
16685
16687
16689
16691
16693
16695
16697
16700
16702
16704
16706
16708
16710
16712
16714
16717
16719
16721
16723
16725
16727
16729
16731
16734
16736
16738
16740
16742
16744
16746
16748
16751
16753
16755
16757
16759
16761
16763
16765
16768
16770
16772
16774
16776
16778
16780
16782
16785
16787
16789
16791
16793
16795
16797
16800
16802
16804
16806
16808
16810
16812
16814
16816
16818
16820
16822
16825
16827
16829
16831
16833
16835
16837
16839
16841
16843
16845
16847
16850
16852
16854
16856
16858
16860
16862
16864
16866
16868
16870
16872
16875
16877
16879
16881
16883
16885
16887
16889
16891
16893
16895
16897
16900
16902
16904
16906
16908
16910
16912
16914
16916
16918
16920
16922
16924
16927
16929
16931
16933
16935
16937
16939
16941
16943
16945
16947
16950
16952
16954
16956
16958
16960
16962
16964
16966
16968
16970
16972
16975
16977
16979
16981
16983
16985
16987
16989
16991
16993
16995
16997
17000
17002
17004
17007
17009
17011
17014
17016
17019
17021
17023
17026
17028
17030
17033
17035
17038
17040
17042
17045
17047
17050
17052
17054
17057
17059
17061
17064
17066
17069
17071
17073
17076
17078
17080
17083
17085
17088
17090
17092
17095
17097
17100
17102
17104
17106
17109
17111
17113
17116
17118
17120
17123
17125
17127
17130
17132
17134
17137
17139
17141
17144
17146
17148
17151
17153
17155
17158
17160
17162
17165
17167
17169
17172
17174
17176
17179
17181
17183
17186
17188
17190
17193
17195
17197
17200
17202
17204
17207
17209
17211
17214
17216
17219
17221
17223
17226
17228
17230
17233
17235
17238
17240
17242
17245
17247
17250
17252
17254
17257
17259
17261
17264
17266
17269
17271
17273
17276
17278
17280
17283
17285
17288
17290
17292
17295
17297
17300
17302
17304
17307
17309
17311
17314
17316
17319
17321
17323
17326
17328
17330
17333
17335
17338
17340
17342
17345
17347
17349
17352
17354
17357
17359
17361
17364
17366
17369
17371
17373
17376
17378
17380
17383
17385
17388
17390
17392
17395
17397
17400
17402
17404
17406
17409
17411
17413
17416
17418
17420
17423
17425
17427
17430
17432
17434
17437
17439
17441
17444
17446
17448
17451
17453
17455
17458
17460
17462
17465
17467
17469
17472
17474
17476
17479
17481
17483
17486
17488
17490
17493
17495
17497
17500
17502
17504
17507
17509
17511
17514
17516
17519
17521
17523
17526
17528
17530
17533
17535
17538
17540
17542
17545
17547
17550
17552
17554
17557
17559
17561
17564
17566
17569
17571
17573
17576
17578
17580
17583
17585
17588
17590
17592
17595
17597
17600
17602
17604
17607
17609
17611
17614
17616
17619
17621
17623
17626
17628
17630
17633
17635
17638
17640
17642
17645
17647
17650
17652
17654
17657
17659
17661
17664
17666
17669
17671
17673
17676
17678
17680
17683
17685
17688
17690
17692
17695
17697
17700
17702
17704
17706
17709
17711
17713
17716
17718
17720
17723
17725
17727
17730
17732
17734
17737
17739
17741
17744
17746
17748
17751
17753
17755
17758
17760
17762
17765
17767
17769
17772
17774
17776
17779
17781
17783
17786
17788
17790
17793
17795
17797
17800
17802
17804
17807
17809
17811
17814
17816
17819
17821
17823
17826
17828
17830
17833
17835
17838
17840
17842
17845
17847
17849
17852
17854
17857
17859
17861
17864
17866
17869
17871
17873
17876
17878
17880
17883
17885
17888
17890
17892
17895
17897
17900
17902
17904
17907
17909
17911
17914
17916
17919
17921
17923
17926
17928
17930
17933
17935
17938
17940
17942
17945
17947
17950
17952
17954
17957
17959
17961
17964
17966
17969
17971
17973
17976
17978
17980
17983
17985
17988
17990
17992
17995
17997
18000
18050
18100
18200
18250
18300
18400
18450
18500
18550
18600
18700
18750
18800
18900
18950
19000
19001
19002
19004
19005
19007
19008
19010
19011
19013
19014
19016
19017
19019
19020
19022
19023
19025
19026
19028
19029
19031
19032
19034
19035
19037
19038
19040
19041
19043
19044
19046
19047
19049
19050
19052
19053
19055
19056
19058
19059
19061
19062
19064
19065
19067
19068
19070
19071
19073
19074
19076
19077
19079
19080
19082
19083
19085
19086
19088
19089
19091
19092
19094
19095
19097
19098
19100
19101
19102
19104
19105
19107
19108
19110
19111
19113
19114
19116
19117
19119
19120
19122
19123
19125
19126
19128
19129
19131
19132
19134
19135
19137
19138
19140
19141
19143
19144
19146
19147
19149
19150
19152
19153
19155
19156
19158
19159
19161
19162
19164
19165
19167
19168
19170
19171
19173
19174
19176
19177
19179
19180
19182
19183
19185
19186
19188
19189
19191
19192
19194
19195
19197
19198
19200
19201
19202
19204
19205
19207
19208
19210
19211
19213
19214
19216
19217
19219
19220
19222
19223
19225
19226
19228
19229
19231
19232
19234
19235
19237
19238
19240
19241
19243
19244
19246
19247
19249
19250
19252
19253
19255
19256
19258
19259
19261
19262
19264
19265
19267
19268
19270
19271
19273
19274
19276
19277
19279
19280
19282
19283
19285
19286
19288
19289
19291
19292
19294
19295
19297
19298
19300
19301
19302
19304
19305
19307
19308
19310
19311
19313
19314
19316
19317
19319
19320
19322
19323
19325
19326
19328
19329
19331
19332
19334
19335
19337
19338
19340
19341
19343
19344
19346
19347
19349
19350
19352
19353
19355
19356
19358
19359
19361
19362
19364
19365
19367
19368
19370
19371
19373
19374
19376
19377
19379
19380
19382
19383
19385
19386
19388
19389
19391
19392
19394
19395
19397
19398
19400
19401
19403
19404
19406
19407
19409
19410
19412
19413
19415
19416
19418
19419
19421
19422
19424
19425
19427
19428
19430
19431
19433
19434
19436
19437
19439
19440
19442
19443
19445
19446
19448
19450
19451
19453
19454
19456
19457
19459
19460
19462
19463
19465
19466
19468
19469
19471
19472
19474
19475
19477
19478
19480
19481
19483
19484
19486
19487
19489
19490
19492
19493
19495
19496
19498
19500
19501
19502
19504
19505
19507
19508
19510
19511
19513
19514
19516
19517
19519
19520
19522
19523
19525
19526
19528
19529
19531
19532
19534
19535
19537
19538
19540
19541
19543
19544
19546
19547
19549
19550
19552
19553
19555
19556
19558
19559
19561
19562
19564
19565
19567
19568
19570
19571
19573
19574
19576
19577
19579
19580
19582
19583
19585
19586
19588
19589
19591
19592
19594
19595
19597
19598
19600
19601
19602
19604
19605
19607
19608
19610
19611
19613
19614
19616
19617
19619
19620
19622
19623
19625
19626
19628
19629
19631
19632
19634
19635
19637
19638
19640
19641
19643
19644
19646
19647
19649
19650
19652
19653
19655
19656
19658
19659
19661
19662
19664
19665
19667
19668
19670
19671
19673
19674
19676
19677
19679
19680
19682
19683
19685
19686
19688
19689
19691
19692
19694
19695
19697
19698
19700
19701
19702
19704
19705
19707
19708
19710
19711
19713
19714
19716
19717
19719
19720
19722
19723
19725
19726
19728
19729
19731
19732
19734
19735
19737
19738
19740
19741
19743
19744
19746
19747
19749
19750
19752
19753
19755
19756
19758
19759
19761
19762
19764
19765
19767
19768
19770
19771
19773
19774
19776
19777
19779
19780
19782
19783
19785
19786
19788
19789
19791
19792
19794
19795
19797
19798
19800
19801
19802
19804
19805
19807
19808
19810
19811
19813
19814
19816
19817
19819
19820
19822
19823
19825
19826
19828
19829
19831
19832
19834
19835
19837
19838
19840
19841
19843
19844
19846
19847
19849
19850
19852
19853
19855
19856
19858
19859
19861
19862
19864
19865
19867
19868
19870
19871
19873
19874
19876
19877
19879
19880
19882
19883
19885
19886
19888
19889
19891
19892
19894
19895
19897
19898
19900
19901
19902
19904
19905
19907
19908
19910
19911
19913
19914
19916
19917
19919
19920
19922
19923
19925
19926
19928
19929
19931
19932
19934
19935
19937
19938
19940
19941
19943
19944
19946
19947
19949
19950
19952
19953
19955
19956
19958
19959
19961
19962
19964
19965
19967
19968
19970
19971
19973
19974
19976
19977
19979
19980
19982
19983
19985
19986
19988
19989
19991
19992
19994
19995
19997
19998
20000
20003
20006
20009
20012
20016
20019
20022
20025
20029
20032
20035
20038
20041
20045
20048
20051
20054
20058
20061
20064
20067
20070
20074
20077
20080
20083
20087
20090
20093
20096
20100
20103
20106
20109
20112
20115
20118
20121
20125
20128
20131
20134
20137
20140
20143
20146
20150
20153
20156
20159
20162
20165
20168
20171
20175
20178
20181
20184
20187
20190
20193
20196
20200
20203
20206
20209
20212
20216
20219
20222
20225
20229
20232
20235
20238
20241
20245
20248
20251
20254
20258
20261
20264
20267
20270
20274
20277
20280
20283
20287
20290
20293
20296
20300
20303
20306
20309
20312
20315
20318
20321
20325
20328
20331
20334
20337
20340
20343
20346
20350
20353
20356
20359
20362
20365
20368
20371
20375
20378
20381
20384
20387
20390
20393
20396
20400
20403
20406
20409
20412
20416
20419
20422
20425
20429
20432
20435
20438
20441
20445
20448
20451
20454
20458
20461
20464
20467
20470
20474
20477
20480
20483
20487
20490
20493
20496
20500
20503
20506
20509
20512
20516
20519
20522
20525
20529
20532
20535
20538
20541
20545
20548
20551
20554
20558
20561
20564
20567
20570
20574
20577
20580
20583
20587
20590
20593
20596
20600
20603
20606
20609
20612
20615
20618
20621
20625
20628
20631
20634
20637
20640
20643
20646
20650
20653
20656
20659
20662
20665
20668
20671
20675
20678
20681
20684
20687
20690
20693
20696
20700
20703
20706
20709
20712
20716
20719
20722
20725
20729
20732
20735
20738
20741
20745
20748
20751
20754
20758
20761
20764
20767
20770
20774
20777
20780
20783
20787
20790
20793
20796
20800
20803
20806
20809
20812
20815
20818
20821
20825
20828
20831
20834
20837
20840
20843
20846
20850
20853
20856
20859
20862
20865
20868
20871
20875
20878
20881
20884
20887
20890
20893
20896
20900
20903
20906
20909
20912
20916
20919
20922
20925
20929
20932
20935
20938
20941
20945
20948
20951
20954
20958
20961
20964
20967
20970
20974
20977
20980
20983
20987
20990
20993
20996
21000
21002
21004
21006
21008
21010
21013
21015
21017
21019
21021
21023
21026
21028
21030
21032
21034
21036
21039
21041
21043
21045
21047
21050
21052
21054
21056
21058
21060
21063
21065
21067
21069
21071
21073
21076
21078
21080
21082
21084
21086
21089
21091
21093
21095
21097
21100
21102
21104
21106
21108
21110
21112
21114
21117
21119
21121
21123
21125
21127
21129
21131
21134
21136
21138
21140
21142
21144
21146
21148
21151
21153
21155
21157
21159
21161
21163
21165
21168
21170
21172
21174
21176
21178
21180
21182
21185
21187
21189
21191
21193
21195
21197
21200
21202
21204
21206
21208
21210
21213
21215
21217
21219
21221
21223
21226
21228
21230
21232
21234
21236
21239
21241
21243
21245
21247
21250
21252
21254
21256
21258
21260
21263
21265
21267
21269
21271
21273
21276
21278
21280
21282
21284
21286
21289
21291
21293
21295
21297
21300
21302
21304
21306
21308
21310
21312
21314
21317
21319
21321
21323
21325
21327
21329
21331
21334
21336
21338
21340
21342
21344
21346
21348
21351
21353
21355
21357
21359
21361
21363
21365
21368
21370
21372
21374
21376
21378
21380
21382
21385
21387
21389
21391
21393
21395
21397
21400
21402
21404
21406
21408
21410
21413
21415
21417
21419
21421
21423
21426
21428
21430
21432
21434
21436
21439
21441
21443
21445
21447
21450
21452
21454
21456
21458
21460
21463
21465
21467
21469
21471
21473
21476
21478
21480
21482
21484
21486
21489
21491
21493
21495
21497
21500
21502
21504
21506
21508
21510
21513
21515
21517
21519
21521
21523
21526
21528
21530
21532
21534
21536
21539
21541
21543
21545
21547
21550
21552
21554
21556
21558
21560
21563
21565
21567
21569
21571
21573
21576
21578
21580
21582
21584
21586
21589
21591
21593
21595
21597
21600
21602
21604
21606
21608
21610
21612
21614
21617
21619
21621
21623
21625
21627
21629
21631
21634
21636
21638
21640
21642
21644
21646
21648
21651
21653
21655
21657
21659
21661
21663
21665
21668
21670
21672
21674
21676
21678
21680
21682
21685
21687
21689
21691
21693
21695
21697
21700
21702
21704
21706
21708
21710
21713
21715
21717
21719
21721
21723
21726
21728
21730
21732
21734
21736
21739
21741
21743
21745
21747
21750
21752
21754
21756
21758
21760
21763
21765
21767
21769
21771
21773
21776
21778
21780
21782
21784
21786
21789
21791
21793
21795
21797
21800
21802
21804
21806
21808
21810
21812
21814
21817
21819
21821
21823
21825
21827
21829
21831
21834
21836
21838
21840
21842
21844
21846
21848
21851
21853
21855
21857
21859
21861
21863
21865
21868
21870
21872
21874
21876
21878
21880
21882
21885
21887
21889
21891
21893
21895
21897
21900
21902
21904
21906
21908
21910
21913
21915
21917
21919
21921
21923
21926
21928
21930
21932
21934
21936
21939
21941
21943
21945
21947
21950
21952
21954
21956
21958
21960
21963
21965
21967
21969
21971
21973
21976
21978
21980
21982
21984
21986
21989
21991
21993
21995
21997
22000
22002
22004
22006
22008
22010
22012
22014
22016
22018
22020
22022
22024
22026
22028
22030
22032
22034
22036
22038
22040
22042
22044
22046
22048
22050
22052
22054
22056
22058
22060
22062
22064
22066
22068
22070
22072
22074
22076
22078
22080
22082
22084
22086
22088
22090
22092
22094
22096
22098
22100
22102
22104
22106
22108
22110
22112
22114
22116
22118
22120
22122
22124
22126
22128
22130
22132
22134
22136
22138
22140
22142
22144
22146
22148
22150
22152
22154
22156
22158
22160
22162
22164
22166
22168
22170
22172
22174
22176
22178
22180
22182
22184
22186
22188
22190
22192
22194
22195
22198
22200
22202
22204
22206
22208
22210
22212
22214
22216
22218
22220
22222
22224
22226
22227
22230
22232
22234
22236
22238
22240
22242
22244
22246
22248
22250
22252
22254
22256
22258
22260
22262
22264
22266
22268
22270
22272
22274
22276
22278
22280
22282
22284
22286
22288
22290
22292
22294
22296
22298
22300
22302
22304
22306
22308
22310
22312
22314
22316
22318
22320
22322
22324
22326
22328
22330
22332
22334
22336
22338
22340
22342
22344
22346
22348
22350
22352
22354
22355
22358
22360
22362
22364
22366
22368
22369
22372
22374
22375
22378
22380
22381
22384
22386
22387
22390
22392
22394
22395
22398
22400
22401
22404
22406
22407
22410
22412
22413
22416
22418
22419
22422
22424
22426
22427
22430
22432
22433
22436
22438
22439
22442
22444
22445
22448
22450
22452
22454
22456
22458
22460
22462
22464
22466
22468
22470
22472
22474
22476
22477
22480
22482
22484
22486
22488
22490
22492
22494
22496
22498
22500
22502
22504
22506
22508
22510
22512
22514
22516
22518
22520
22522
22524
22526
22528
22530
22532
22534
22536
22538
22540
22542
22544
22546
22548
22550
22552
22554
22556
22558
22560
22562
22564
22566
22568
22570
22572
22574
22576
22578
22580
22582
22584
22586
22588
22590
22592
22594
22596
22598
22600
22602
22604
22606
22608
22610
22612
22614
22616
22618
22620
22622
22624
22626
22628
22630
22632
22634
22636
22638
22640
22642
22644
22646
22648
22650
22652
22654
22656
22658
22660
22662
22664
22666
22668
22670
22672
22674
22676
22678
22680
22682
22684
22686
22688
22690
22692
22694
22695
22698
22700
22702
22704
22706
22708
22710
22712
22714
22716
22718
22720
22722
22724
22726
22727
22730
22732
22734
22736
22738
22740
22742
22744
22746
22748
22750
22752
22754
22756
22758
22760
22762
22764
22766
22768
22770
22772
22774
22776
22778
22780
22782
22784
22786
22788
22790
22792
22794
22796
22798
22800
22801
22803
22805
22807
22809
22811
22813
22815
22817
22819
22821
22823
22825
22827
22829
22831
22833
22835
22837
22839
22841
22843
22845
22847
22849
22850
22852
22854
22856
22858
22860
22862
22864
22866
22868
22870
22872
22874
22876
22878
22880
22882
22884
22886
22888
22890
22892
22894
22896
22898
22900
22901
22904
22906
22907
22910
22912
22913
22916
22918
22919
22922
22924
22926
22927
22930
22932
22933
22936
22938
22939
22942
22944
22945
22948
22950
22952
22954
22956
22958
22960
22962
22964
22966
22968
22970
22972
22974
22976
22977
22980
22982
22984
22986
22988
22990
22992
22994
22996
22998
23000
23001
23003
23005
23007
23009
23011
23013
23015
23017
23019
23021
23023
23025
23027
23029
23031
23033
23035
23037
23039
23041
23043
23045
23047
23049
23050
23052
23054
23056
23058
23060
23062
23064
23066
23068
23070
23072
23074
23076
23078
23080
23082
23084
23086
23088
23090
23092
23094
23096
23098
23100
23101
23103
23105
23107
23109
23111
23113
23115
23117
23119
23121
23123
23125
23127
23129
23131
23133
23135
23137
23139
23141
23143
23145
23147
23149
23150
23152
23154
23156
23158
23160
23162
23164
23166
23168
23170
23172
23174
23176
23178
23180
23182
23184
23186
23188
23190
23192
23194
23196
23198
23200
23201
23203
23205
23207
23209
23211
23213
23215
23217
23219
23221
23223
23225
23227
23229
23231
23233
23235
23237
23239
23241
23243
23245
23247
23249
23250
23252
23254
23256
23258
23260
23262
23264
23266
23268
23270
23272
23274
23276
23278
23280
23282
23284
23286
23288
23290
23292
23294
23296
23298
23300
23301
23303
23305
23307
23309
23311
23313
23315
23317
23319
23321
23323
23325
23327
23329
23331
23333
23335
23337
23339
23341
23343
23345
23347
23349
23350
23352
23354
23356
23358
23360
23362
23364
23366
23368
23370
23372
23374
23376
23378
23380
23382
23384
23386
23388
23390
23392
23394
23396
23398
23400
23401
23403
23405
23407
23409
23411
23413
23415
23417
23419
23421
23423
23424
23426
23428
23430
23432
23434
23436
23438
23440
23442
23444
23446
23448
23450
23451
23453
23455
23457
23459
23461
23463
23465
23467
23469
23471
23473
23475
23476
23478
23480
23482
23484
23486
23488
23490
23492
23494
23496
23498
23500
23501
23503
23505
23507
23509
23511
23513
23515
23517
23519
23521
23523
23525
23527
23529
23531
23533
23535
23537
23539
23541
23543
23545
23547
23549
23550
23552
23554
23556
23558
23560
23562
23564
23566
23568
23570
23572
23574
23576
23578
23580
23582
23584
23586
23588
23590
23592
23594
23596
23598
23600
23601
23603
23605
23607
23609
23611
23613
23615
23617
23619
23621
23623
23625
23627
23629
23631
23633
23635
23637
23639
23641
23643
23645
23647
23649
23650
23652
23654
23656
23658
23660
23662
23664
23666
23668
23670
23672
23674
23676
23678
23680
23682
23684
23686
23688
23690
23692
23694
23696
23698
23700
23701
23703
23705
23707
23709
23711
23713
23715
23717
23719
23721
23723
23725
23727
23729
23731
23733
23735
23737
23739
23741
23743
23745
23747
23749
23750
23752
23754
23756
23758
23760
23762
23764
23766
23768
23770
23772
23774
23776
23778
23780
23782
23784
23786
23788
23790
23792
23794
23796
23798
23800
23801
23803
23805
23807
23809
23811
23813
23815
23817
23819
23821
23823
23825
23827
23829
23831
23833
23835
23837
23839
23841
23843
23845
23847
23849
23850
23852
23854
23856
23858
23860
23862
23864
23866
23868
23870
23872
23874
23876
23878
23880
23882
23884
23886
23888
23890
23892
23894
23896
23898
23900
23901
23903
23905
23907
23909
23911
23913
23915
23917
23919
23921
23923
23924
23926
23928
23930
23932
23934
23936
23938
23940
23942
23944
23946
23948
23950
23951
23953
23955
23957
23959
23961
23963
23965
23967
23969
23971
23973
23975
23976
23978
23980
23982
23984
23986
23988
23990
23992
23994
23996
23998
24000
24002
24004
24006
24008
24010
24012
24014
24016
24018
24020
24022
24024
24026
24028
24030
24032
24034
24036
24038
24040
24042
24044
24046
24048
24050
24052
24054
24056
24058
24060
24062
24064
24066
24068
24070
24072
24074
24076
24078
24080
24082
24084
24086
24088
24090
24092
24094
24096
24098
24100
24101
24103
24105
24107
24109
24111
24113
24115
24117
24119
24121
24123
24125
24127
24129
24131
24133
24135
24137
24139
24141
24143
24145
24147
24149
24150
24152
24154
24156
24158
24160
24162
24164
24166
24168
24170
24172
24174
24176
24178
24180
24182
24184
24186
24188
24190
24192
24194
24196
24198
24200
24202
24204
24206
24208
24210
24212
24214
24216
24218
24220
24222
24224
24226
24227
24230
24232
24234
24236
24238
24240
24242
24244
24246
24248
24250
24252
24254
24256
24258
24260
24262
24264
24266
24268
24270
24272
24274
24276
24278
24280
24282
24284
24286
24288
24290
24292
24294
24296
24298
24300
24301
24303
24305
24307
24309
24311
24313
24315
24317
24319
24321
24323
24325
24327
24329
24331
24333
24335
24337
24339
24341
24343
24345
24347
24349
24350
24352
24354
24356
24358
24360
24362
24364
24366
24368
24370
24372
24374
24376
24378
24380
24382
24384
24386
24388
24390
24392
24394
24396
24398
24400
24401
24404
24406
24407
24410
24412
24413
24416
24418
24419
24422
24424
24426
24427
24430
24432
24433
24436
24438
24439
24442
24444
24445
24448
24450
24452
24454
24456
24458
24460
24462
24464
24466
24468
24470
24472
24474
24476
24477
24480
24482
24484
24486
24488
24490
24492
24494
24496
24498
24500
24501
24503
24505
24507
24509
24511
24513
24515
24517
24519
24521
24523
24525
24527
24529
24531
24533
24535
24537
24539
24541
24543
24545
24547
24549
24550
24552
24554
24556
24558
24560
24562
24564
24566
24568
24570
24572
24574
24576
24578
24580
24582
24584
24586
24588
24590
24592
24594
24596
24598
24600
24601
24603
24605
24607
24609
24611
24613
24615
24617
24619
24621
24623
24625
24627
24629
24631
24633
24635
24637
24639
24641
24643
24645
24647
24649
24650
24652
24654
24656
24658
24660
24662
24664
24666
24668
24670
24672
24674
24676
24678
24680
24682
24684
24686
24688
24690
24692
24694
24696
24698
24700
24702
24704
24706
24708
24710
24712
24714
24716
24718
24720
24722
24724
24726
24727
24730
24732
24734
24736
24738
24740
24742
24744
24746
24748
24750
24752
24754
24756
24758
24760
24762
24764
24766
24768
24770
24772
24774
24776
24778
24780
24782
24784
24786
24788
24790
24792
24794
24796
24798
24800
24801
24803
24805
24807
24809
24811
24813
24815
24817
24819
24821
24823
24825
24827
24829
24831
24833
24835
24837
24839
24841
24843
24845
24847
24849
24850
24852
24854
24856
24858
24860
24862
24864
24866
24868
24870
24872
24874
24876
24878
24880
24882
24884
24886
24888
24890
24892
24894
24896
24898
24900
24901
24904
24906
24907
24910
24912
24913
24916
24918
24919
24922
24924
24926
24927
24930
24932
24933
24936
24938
24939
24942
24944
24945
24948
24950
24952
24954
24956
24958
24960
24962
24964
24966
24968
24970
24972
24974
24976
24977
24980
24982
24984
24986
24988
24990
24992
24994
24996
24998
25000
25001
25003
25005
25007
25009
25011
25013
25015
25016
25018
25020
25022
25024
25026
25028
25030
25032
25033
25035
25037
25039
25041
25043
25045
25047
25049
25050
25052
25054
25056
25058
25060
25062
25064
25066
25067
25069
25071
25073
25075
25077
25079
25081
25083
25084
25086
25088
25090
25092
25094
25096
25098
25100
25101
25103
25105
25107
25109
25111
25113
25115
25117
25119
25121
25123
25125
25126
25128
25130
25132
25134
25136
25138
25140
25142
25144
25146
25148
25150
25151
25153
25155
25157
25159
25161
25163
25165
25167
25169
25171
25173
25175
25176
25178
25180
25182
25184
25186
25188
25190
25192
25194
25196
25198
25200
25201
25203
25205
25207
25209
25211
25213
25215
25217
25219
25221
25223
25225
25226
25228
25230
25232
25234
25236
25238
25240
25242
25244
25246
25248
25250
25251
25253
25255
25257
25259
25261
25263
25265
25267
25269
25271
25273
25275
25276
25278
25280
25282
25284
25286
25288
25290
25292
25294
25296
25298
25300
25301
25303
25305
25307
25309
25311
25313
25315
25316
25318
25320
25322
25324
25326
25328
25330
25332
25333
25335
25337
25339
25341
25343
25345
25347
25349
25350
25352
25354
25356
25358
25360
25362
25364
25366
25367
25369
25371
25373
25375
25377
25379
25381
25383
25384
25386
25388
25390
25392
25394
25396
25398
25400
25401
25403
25405
25407
25409
25411
25413
25415
25417
25419
25421
25423
25424
25426
25428
25430
25432
25434
25436
25438
25440
25442
25444
25446
25448
25450
25451
25453
25455
25457
25459
25461
25463
25465
25467
25469
25471
25473
25475
25476
25478
25480
25482
25484
25486
25488
25490
25492
25494
25496
25498
25500
25501
25503
25505
25507
25509
25511
25513
25515
25516
25518
25520
25522
25524
25526
25528
25530
25532
25533
25535
25537
25539
25541
25543
25545
25547
25549
25550
25552
25554
25556
25558
25560
25562
25564
25566
25567
25569
25571
25573
25575
25577
25579
25581
25583
25584
25586
25588
25590
25592
25594
25596
25598
25600
25601
25603
25605
25607
25609
25611
25613
25615
25617
25619
25621
25623
25625
25626
25628
25630
25632
25634
25636
25638
25640
25642
25644
25646
25648
25650
25651
25653
25655
25657
25659
25661
25663
25665
25667
25669
25671
25673
25675
25676
25678
25680
25682
25684
25686
25688
25690
25692
25694
25696
25698
25700
25701
25703
25705
25707
25709
25711
25713
25715
25717
25719
25721
25723
25725
25726
25728
25730
25732
25734
25736
25738
25740
25742
25744
25746
25748
25750
25751
25753
25755
25757
25759
25761
25763
25765
25767
25769
25771
25773
25775
25776
25778
25780
25782
25784
25786
25788
25790
25792
25794
25796
25798
25800
25801
25803
25805
25807
25809
25811
25813
25815
25816
25818
25820
25822
25824
25826
25828
25830
25832
25833
25835
25837
25839
25841
25843
25845
25847
25849
25850
25852
25854
25856
25858
25860
25862
25864
25866
25867
25869
25871
25873
25875
25877
25879
25881
25883
25884
25886
25888
25890
25892
25894
25896
25898
25900
25901
25903
25905
25907
25909
25911
25913
25915
25917
25919
25921
25923
25924
25926
25928
25930
25932
25934
25936
25938
25940
25942
25944
25946
25948
25950
25951
25953
25955
25957
25959
25961
25963
25965
25967
25969
25971
25973
25975
25976
25978
25980
25982
25984
25986
25988
25990
25992
25994
25996
25998
26000
26001
26003
26005
26007
26009
26011
26013
26015
26016
26018
26020
26022
26024
26026
26028
26030
26032
26033
26035
26037
26039
26041
26043
26045
26047
26049
26050
26052
26054
26056
26058
26060
26062
26064
26066
26067
26069
26071
26073
26075
26077
26079
26081
26083
26084
26086
26088
26090
26092
26094
26096
26098
26100
26101
26103
26105
26107
26109
26111
26113
26115
26117
26119
26121
26123
26125
26126
26128
26130
26132
26134
26136
26138
26140
26142
26144
26146
26148
26150
26151
26153
26155
26157
26159
26161
26163
26165
26167
26169
26171
26173
26175
26176
26178
26180
26182
26184
26186
26188
26190
26192
26194
26196
26198
26200
26201
26203
26205
26207
26209
26211
26213
26215
26216
26218
26220
26222
26224
26226
26228
26230
26232
26233
26235
26237
26239
26241
26243
26245
26247
26249
26250
26252
26254
26256
26258
26260
26262
26264
26266
26267
26269
26271
26273
26275
26277
26279
26281
26283
26284
26286
26288
26290
26292
26294
26296
26298
26300
26301
26303
26305
26307
26309
26311
26313
26315
26316
26318
26320
26322
26324
26326
26328
26330
26332
26333
26335
26337
26339
26341
26343
26345
26347
26349
26350
26352
26354
26356
26358
26360
26362
26364
26366
26367
26369
26371
26373
26375
26377
26379
26381
26383
26384
26386
26388
26390
26392
26394
26396
26398
26400
26401
26403
26405
26407
26409
26411
26413
26415
26416
26418
26420
26422
26424
26426
26428
26430
26432
26433
26435
26437
26439
26441
26443
26445
26447
26449
26450
26452
26454
26456
26458
26460
26462
26464
26466
26467
26469
26471
26473
26475
26477
26479
26481
26483
26484
26486
26488
26490
26492
26494
26496
26498
26500
26501
26503
26505
26507
26509
26511
26513
26515
26517
26519
26521
26523
26525
26526
26528
26530
26532
26534
26536
26538
26540
26542
26544
26546
26548
26550
26551
26553
26555
26557
26559
26561
26563
26565
26567
26569
26571
26573
26575
26576
26578
26580
26582
26584
26586
26588
26590
26592
26594
26596
26598
26600
26601
26603
26605
26607
26609
26611
26613
26615
26616
26618
26620
26622
26624
26626
26628
26630
26632
26633
26635
26637
26639
26641
26643
26645
26647
26649
26650
26652
26654
26656
26658
26660
26662
26664
26666
26667
26669
26671
26673
26675
26677
26679
26681
26683
26684
26686
26688
26690
26692
26694
26696
26698
26700
26701
26703
26705
26707
26709
26711
26713
26715
26716
26718
26720
26722
26724
26726
26728
26730
26732
26733
26735
26737
26739
26741
26743
26745
26747
26749
26750
26752
26754
26756
26758
26760
26762
26764
26766
26767
26769
26771
26773
26775
26777
26779
26781
26783
26784
26786
26788
26790
26792
26794
26796
26798
26800
26801
26803
26805
26807
26809
26811
26813
26815
26817
26819
26821
26823
26825
26826
26828
26830
26832
26834
26836
26838
26840
26842
26844
26846
26848
26850
26851
26853
26855
26857
26859
26861
26863
26865
26867
26869
26871
26873
26875
26876
26878
26880
26882
26884
26886
26888
26890
26892
26894
26896
26898
26900
26901
26903
26905
26907
26909
26911
26913
26915
26916
26918
26920
26922
26924
26926
26928
26930
26932
26933
26935
26937
26939
26941
26943
26945
26947
26949
26950
26952
26954
26956
26958
26960
26962
26964
26966
26967
26969
26971
26973
26975
26977
26979
26981
26983
26984
26986
26988
26990
26992
26994
26996
26998
27000
27002
27004
27006
27008
27010
27012
27014
27016
27018
27020
27022
27024
27026
27028
27030
27032
27034
27036
27038
27040
27042
27044
27046
27048
27050
27052
27054
27056
27058
27060
27062
27064
27066
27068
27070
27072
27074
27076
27078
27080
27082
27084
27086
27088
27090
27092
27094
27096
27098
27100
27101
27103
27105
27107
27109
27111
27113
27115
27117
27119
27121
27123
27125
27127
27129
27131
27133
27135
27137
27139
27141
27143
27145
27147
27149
27150
27152
27154
27156
27158
27160
27162
27164
27166
27168
27170
27172
27174
27176
27178
27180
27182
27184
27186
27188
27190
27192
27194
27196
27198
27200
27202
27204
27206
27208
27210
27212
27214
27216
27218
27220
27222
27224
27226
27227
27230
27232
27234
27236
27238
27240
27242
27244
27246
27248
27250
27252
27254
27256
27258
27260
27262
27264
27266
27268
27270
27272
27274
27276
27278
27280
27282
27284
27286
27288
27290
27292
27294
27296
27298
27300
27302
27304
27306
27308
27310
27312
27314
27316
27318
27320
27322
27324
27326
27328
27330
27332
27334
27336
27338
27340
27342
27344
27346
27348
27350
27352
27354
27355
27358
27360
27362
27364
27366
27368
27369
27372
27374
27375
27378
27380
27381
27384
27386
27387
27390
27392
27394
27395
27398
27400
27401
27404
27406
27407
27410
27412
27413
27416
27418
27419
27422
27424
27426
27427
27430
27432
27433
27436
27438
27439
27442
27444
27445
27448
27450
27452
27454
27456
27458
27460
27462
27464
27466
27468
27470
27472
27474
27476
27477
27480
27482
27484
27486
27488
27490
27492
27494
27496
27498
27500
27501
27503
27505
27507
27509
27511
27513
27515
27517
27519
27521
27523
27525
27527
27529
27531
27533
27535
27537
27539
27541
27543
27545
27547
27549
27550
27552
27554
27556
27558
27560
27562
27564
27566
27568
27570
27572
27574
27576
27578
27580
27582
27584
27586
27588
27590
27592
27594
27596
27598
27600
27602
27604
27606
27608
27610
27612
27614
27616
27618
27620
27622
27624
27626
27628
27630
27632
27634
27636
27638
27640
27642
27644
27646
27648
27650
27652
27654
27656
27658
27660
27662
27664
27666
27668
27670
27672
27674
27676
27678
27680
27682
27684
27686
27688
27690
27692
27694
27695
27698
27700
27702
27704
27706
27708
27710
27712
27714
27716
27718
27720
27722
27724
27726
27727
27730
27732
27734
27736
27738
27740
27742
27744
27746
27748
27750
27752
27754
27756
27758
27760
27762
27764
27766
27768
27770
27772
27774
27776
27778
27780
27782
27784
27786
27788
27790
27792
27794
27796
27798
27800
27802
27804
27806
27808
27810
27812
27814
27816
27818
27820
27822
27824
27826
27828
27830
27832
27834
27836
27838
27840
27842
27844
27846
27848
27850
27852
27854
27855
27858
27860
27862
27864
27866
27868
27869
27872
27874
27875
27878
27880
27881
27884
27886
27887
27890
27892
27894
27895
27898
27900
27901
27904
27906
27907
27910
27912
27913
27916
27918
27919
27922
27924
27926
27927
27930
27932
27933
27936
27938
27939
27942
27944
27945
27948
27950
27952
27954
27956
27958
27960
27962
27964
27966
27968
27970
27972
27974
27976
27977
27980
27982
27984
27986
27988
27990
27992
27994
27996
27998
28000
28002
28004
28006
28008
28010
28012
28014
28017
28019
28021
28023
28025
28027
28029
28031
28034
28036
28038
28040
28042
28044
28046
28048
28051
28053
28055
28057
28059
28061
28063
28065
28068
28070
28072
28074
28076
28078
28080
28082
28085
28087
28089
28091
28093
28095
28097
28100
28102
28104
28106
28108
28110
28112
28114
28117
28119
28121
28123
28125
28127
28129
28131
28134
28136
28138
28140
28142
28144
28146
28148
28151
28153
28155
28157
28159
28161
28163
28165
28168
28170
28172
28174
28176
28178
28180
28182
28185
28187
28189
28191
28193
28195
28197
28200
28202
28204
28206
28208
28210
28213
28215
28217
28219
28221
28223
28226
28228
28230
28232
28234
28236
28239
28241
28243
28245
28247
28250
28252
28254
28256
28258
28260
28263
28265
28267
28269
28271
28273
28276
28278
28280
28282
28284
28286
28289
28291
28293
28295
28297
28300
28302
28304
28306
28308
28310
28312
28314
28317
28319
28321
28323
28325
28327
28329
28331
28334
28336
28338
28340
28342
28344
28346
28348
28351
28353
28355
28357
28359
28361
28363
28365
28368
28370
28372
28374
28376
28378
28380
28382
28385
28387
28389
28391
28393
28395
28397
28400
28402
28404
28406
28408
28410
28412
28414
28417
28419
28421
28423
28425
28427
28429
28431
28434
28436
28438
28440
28442
28444
28446
28448
28451
28453
28455
28457
28459
28461
28463
28465
28468
28470
28472
28474
28476
28478
28480
28482
28485
28487
28489
28491
28493
28495
28497
28500
28502
28504
28506
28508
28510
28513
28515
28517
28519
28521
28523
28526
28528
28530
28532
28534
28536
28539
28541
28543
28545
28547
28550
28552
28554
28556
28558
28560
28563
28565
28567
28569
28571
28573
28576
28578
28580
28582
28584
28586
28589
28591
28593
28595
28597
28600
28602
28604
28606
28608
28610
28612
28614
28617
28619
28621
28623
28625
28627
28629
28631
28634
28636
28638
28640
28642
28644
28646
28648
28651
28653
28655
28657
28659
28661
28663
28665
28668
28670
28672
28674
28676
28678
28680
28682
28685
28687
28689
28691
28693
28695
28697
28700
28702
28704
28706
28708
28710
28713
28715
28717
28719
28721
28723
28726
28728
28730
28732
28734
28736
28739
28741
28743
28745
28747
28750
28752
28754
28756
28758
28760
28763
28765
28767
28769
28771
28773
28776
28778
28780
28782
28784
28786
28789
28791
28793
28795
28797
28800
28802
28804
28806
28808
28810
28812
28814
28817
28819
28821
28823
28825
28827
28829
28831
28834
28836
28838
28840
28842
28844
28846
28848
28851
28853
28855
28857
28859
28861
28863
28865
28868
28870
28872
28874
28876
28878
28880
28882
28885
28887
28889
28891
28893
28895
28897
28900
28902
28904
28906
28908
28910
28912
28914
28917
28919
28921
28923
28925
28927
28929
28931
28934
28936
28938
28940
28942
28944
28946
28948
28951
28953
28955
28957
28959
28961
28963
28965
28968
28970
28972
28974
28976
28978
28980
28982
28985
28987
28989
28991
28993
28995
28997
29000
29002
29004
29006
29008
29011
29013
29015
29017
29020
29022
29024
29026
29028
29031
29033
29035
29037
29040
29042
29044
29046
29048
29051
29053
29055
29057
29060
29062
29064
29066
29068
29071
29073
29075
29077
29080
29082
29084
29086
29088
29091
29093
29095
29097
29100
29102
29104
29106
29108
29111
29113
29115
29117
29120
29122
29124
29126
29128
29131
29133
29135
29137
29140
29142
29144
29146
29148
29151
29153
29155
29157
29160
29162
29164
29166
29168
29171
29173
29175
29177
29180
29182
29184
29186
29188
29191
29193
29195
29197
29200
29202
29204
29206
29208
29210
29213
29215
29217
29219
29221
29223
29226
29228
29230
29232
29234
29236
29239
29241
29243
29245
29247
29250
29252
29254
29256
29258
29260
29263
29265
29267
29269
29271
29273
29276
29278
29280
29282
29284
29286
29289
29291
29293
29295
29297
29300
29302
29304
29306
29308
29311
29313
29315
29317
29320
29322
29324
29326
29328
29331
29333
29335
29337
29340
29342
29344
29346
29348
29351
29353
29355
29357
29360
29362
29364
29366
29368
29371
29373
29375
29377
29380
29382
29384
29386
29388
29391
29393
29395
29397
29400
29402
29404
29406
29408
29411
29413
29415
29417
29419
29422
29424
29426
29428
29431
29433
29435
29437
29439
29442
29444
29446
29448
29451
29453
29455
29457
29460
29462
29464
29466
29468
29471
29473
29475
29477
29480
29482
29484
29486
29488
29491
29493
29495
29497
29500
29502
29504
29506
29508
29510
29513
29515
29517
29519
29521
29523
29526
29528
29530
29532
29534
29536
29539
29541
29543
29545
29547
29550
29552
29554
29556
29558
29560
29563
29565
29567
29569
29571
29573
29576
29578
29580
29582
29584
29586
29589
29591
29593
29595
29597
29600
29602
29604
29606
29608
29611
29613
29615
29617
29620
29622
29624
29626
29628
29631
29633
29635
29637
29640
29642
29644
29646
29648
29651
29653
29655
29657
29660
29662
29664
29666
29668
29671
29673
29675
29677
29680
29682
29684
29686
29688
29691
29693
29695
29697
29700
29702
29704
29706
29708
29711
29713
29715
29717
29720
29722
29724
29726
29728
29731
29733
29735
29737
29740
29742
29744
29746
29748
29751
29753
29755
29757
29760
29762
29764
29766
29768
29771
29773
29775
29777
29780
29782
29784
29786
29788
29791
29793
29795
29797
29800
29802
29804
29806
29808
29810
29813
29815
29817
29819
29821
29823
29826
29828
29830
29832
29834
29836
29839
29841
29843
29845
29847
29850
29852
29854
29856
29858
29860
29863
29865
29867
29869
29871
29873
29876
29878
29880
29882
29884
29886
29889
29891
29893
29895
29897
29900
29902
29904
29906
29908
29911
29913
29915
29917
29919
29922
29924
29926
29928
29931
29933
29935
29937
29939
29942
29944
29946
29948
29951
29953
29955
29957
29960
29962
29964
29966
29968
29971
29973
29975
29977
29980
29982
29984
29986
29988
29991
29993
29995
29997
30000
