2
4
6
9
11
13
15
18
20
22
25
27
29
31
34
36
38
40
43
45
47
50
52
54
56
59
61
63
65
68
70
72
75
77
79
81
84
86
88
90
93
95
97
100
102
104
106
108
111
113
115
117
120
122
124
126
128
131
133
135
137
140
142
144
146
148
151
153
155
157
160
162
164
166
168
171
173
175
177
180
182
184
186
188
191
193
195
197
200
202
204
206
208
211
213
215
217
220
222
224
226
228
231
233
235
237
240
242
244
246
248
251
253
255
257
260
262
264
266
268
271
273
275
277
280
282
284
286
288
291
293
295
297
300
302
304
306
308
311
313
315
317
320
322
324
326
328
331
333
335
337
340
342
344
346
348
351
353
355
357
360
362
364
366
368
371
373
375
377
380
382
384
386
388
391
393
395
397
400
402
404
406
408
411
413
415
417
420
422
424
426
428
431
433
435
437
440
442
444
446
448
451
453
455
457
460
462
464
466
468
471
473
475
477
480
482
484
486
488
491
493
495
497
500
502
504
506
508
511
513
515
517
520
522
524
526
528
531
533
535
537
540
542
544
546
548
551
553
555
557
559
562
564
566
568
571
573
575
577
580
582
584
586
588
591
593
595
597
600
602
604
606
608
611
613
615
617
620
622
624
626
628
631
633
635
637
640
642
644
646
648
651
653
655
657
659
662
664
666
668
671
673
675
677
679
682
684
686
688
691
693
695
697
700
702
704
706
708
711
713
715
717
720
722
724
726
728
731
733
735
737
740
742
744
746
748
751
753
755
757
760
762
764
766
768
771
773
775
777
780
782
784
786
788
791
793
795
797
800
802
804
806
808
811
813
815
817
820
822
824
826
828
831
833
835
837
840
842
844
846
848
851
853
855
857
860
862
864
866
868
871
873
875
877
880
882
884
886
888
891
893
895
897
900
902
904
906
908
911
913
915
917
920
922
924
926
928
931
933
935
937
940
942
944
946
948
951
953
955
957
960
962
964
966
968
971
973
975
977
980
982
984
986
988
991
993
995
997
1000
1002
1005
1008
1011
1014
1017
1020
1023
1026
1029
1032
1035
1038
1041
1044
1047
1050
1052
1055
1058
1061
1064
1067
1070
1073
1076
1079
1082
1085
1088
1091
1094
1097
1100
1103
1106
1109
1112
1115
1118
1121
1124
1127
1130
1133
1136
1139
1142
1145
1148
1151
1154
1157
1160
1163
1166
1169
1172
1175
1178
1181
1184
1187
1190
1193
1196
1200
1202
1205
1208
1211
1214
1217
1220
1223
1226
1229
1232
1235
1238
1241
1244
1247
1250
1252
1255
1258
1261
1264
1267
1270
1273
1276
1279
1282
1285
1288
1291
1294
1297
1300
1302
1305
1308
1311
1314
1317
1320
1323
1326
1329
1332
1335
1338
1341
1344
1347
1350
1352
1355
1358
1361
1364
1367
1370
1373
1376
1379
1382
1385
1388
1391
1394
1397
1400
1402
1405
1408
1411
1414
1417
1420
1423
1426
1429
1432
1435
1438
1441
1444
1447
1450
1452
1455
1458
1461
1464
1467
1470
1473
1476
1479
1482
1485
1488
1491
1494
1497
1500
1502
1505
1508
1511
1514
1517
1520
1523
1526
1529
1532
1535
1538
1541
1544
1547
1550
1552
1555
1558
1561
1564
1567
1570
1573
1576
1579
1582
1585
1588
1591
1594
1597
1600
1602
1605
1608
1611
1614
1617
1620
1623
1626
1629
1632
1635
1638
1641
1644
1647
1650
1652
1655
1658
1661
1664
1667
1670
1673
1676
1679
1682
1685
1688
1691
1694
1697
1700
1702
1705
1708
1711
1714
1717
1720
1723
1726
1729
1732
1735
1738
1741
1744
1747
1750
1752
1755
1758
1761
1764
1767
1770
1773
1776
1779
1782
1785
1788
1791
1794
1797
1800
1803
1806
1809
1812
1815
1818
1821
1824
1827
1830
1833
1836
1839
1842
1845
1848
1851
1854
1857
1860
1863
1866
1869
1872
1875
1878
1881
1884
1887
1890
1893
1896
1900
1902
1905
1908
1911
1914
1917
1920
1923
1926
1929
1932
1935
1938
1941
1944
1947
1950
1952
1955
1958
1961
1964
1967
1970
1973
1976
1979
1982
1985
1988
1991
1994
1997
2000
2001
2003
2005
2006
2008
2010
2012
2013
2015
2017
2018
2020
2022
2024
2025
2027
2029
2031
2032
2034
2036
2037
2039
2041
2043
2044
2046
2048
2050
2051
2053
2055
2056
2058
2060
2062
2063
2065
2067
2068
2070
2072
2074
2075
2077
2079
2081
2082
2084
2086
2087
2089
2091
2093
2094
2096
2098
2100
2101
2103
2105
2106
2108
2110
2112
2113
2115
2117
2118
2120
2122
2124
2125
2127
2129
2131
2132
2134
2136
2137
2139
2141
2143
2144
2146
2148
2150
2151
2153
2155
2156
2158
2160
2162
2163
2165
2167
2168
2170
2172
2174
2175
2177
2179
2181
2182
2184
2186
2187
2189
2191
2193
2194
2196
2198
2200
2201
2203
2205
2206
2208
2210
2212
2213
2215
2217
2218
2220
2222
2224
2225
2227
2229
2231
2232
2234
2236
2237
2239
2241
2243
2244
2246
2248
2250
2251
2253
2255
2256
2258
2260
2262
2263
2265
2267
2268
2270
2272
2274
2275
2277
2279
2281
2282
2284
2286
2287
2289
2291
2293
2294
2296
2298
2300
2301
2303
2305
2306
2308
2310
2312
2313
2315
2317
2318
2320
2322
2324
2325
2327
2329
2331
2332
2334
2336
2337
2339
2341
2343
2344
2346
2348
2349
2351
2353
2355
2356
2358
2360
2362
2363
2365
2367
2368
2370
2372
2374
2375
2377
2379
2381
2382
2384
2386
2387
2389
2391
2393
2394
2396
2398
2400
2401
2403
2405
2406
2408
2410
2412
2413
2415
2417
2418
2420
2422
2424
2425
2427
2429
2431
2432
2434
2436
2437
2439
2441
2443
2444
2446
2448
2450
2451
2453
2455
2456
2458
2460
2462
2463
2465
2467
2468
2470
2472
2474
2475
2477
2479
2481
2482
2484
2486
2487
2489
2491
2493
2494
2496
2498
2500
2501
2503
2505
2506
2508
2510
2512
2513
2515
2517
2518
2520
2522
2524
2525
2527
2529
2531
2532
2534
2536
2537
2539
2541
2543
2544
2546
2548
2550
2551
2553
2555
2556
2558
2560
2562
2563
2565
2567
2568
2570
2572
2574
2575
2577
2579
2581
2582
2584
2586
2587
2589
2591
2593
2594
2596
2598
2600
2601
2603
2605
2606
2608
2610
2612
2613
2615
2617
2618
2620
2622
2624
2625
2627
2629
2631
2632
2634
2636
2637
2639
2641
2643
2644
2646
2648
2650
2651
2653
2655
2656
2658
2660
2662
2663
2665
2667
2668
2670
2672
2674
2675
2677
2679
2681
2682
2684
2686
2687
2689
2691
2693
2694
2696
2698
2700
2701
2703
2705
2706
2708
2710
2712
2713
2715
2717
2718
2720
2722
2724
2725
2727
2729
2731
2732
2734
2736
2737
2739
2741
2743
2744
2746
2748
2750
2751
2753
2755
2756
2758
2760
2762
2763
2765
2767
2768
2770
2772
2774
2775
2777
2779
2781
2782
2784
2786
2787
2789
2791
2793
2794
2796
2798
2800
2801
2803
2805
2806
2808
2810
2812
2813
2815
2817
2818
2820
2822
2824
2825
2827
2829
2831
2832
2834
2836
2837
2839
2841
2843
2844
2846
2848
2849
2851
2853
2855
2856
2858
2860
2862
2863
2865
2867
2868
2870
2872
2874
2875
2877
2879
2881
2882
2884
2886
2887
2889
2891
2893
2894
2896
2898
2900
2901
2903
2905
2906
2908
2910
2912
2913
2915
2917
2918
2920
2922
2924
2925
2927
2929
2931
2932
2934
2936
2937
2939
2941
2943
2944
2946
2948
2950
2951
2953
2955
2956
2958
2960
2962
2963
2965
2967
2968
2970
2972
2974
2975
2977
2979
2981
2982
2984
2986
2987
2989
2991
2993
2994
2996
2998
3000
3002
3004
3006
3009
3011
3013
3015
3018
3020
3022
3025
3027
3029
3031
3034
3036
3038
3040
3043
3045
3047
3050
3052
3054
3056
3059
3061
3063
3065
3068
3070
3072
3075
3077
3079
3081
3084
3086
3088
3090
3093
3095
3097
3100
3102
3104
3106
3109
3111
3113
3115
3118
3120
3122
3125
3127
3129
3131
3134
3136
3138
3140
3143
3145
3147
3150
3152
3154
3156
3159
3161
3163
3165
3168
3170
3172
3175
3177
3179
3181
3184
3186
3188
3190
3193
3195
3197
3200
3202
3204
3206
3208
3211
3213
3215
3217
3220
3222
3224
3226
3228
3231
3233
3235
3237
3240
3242
3244
3246
3248
3251
3253
3255
3257
3260
3262
3264
3266
3268
3271
3273
3275
3277
3280
3282
3284
3286
3288
3291
3293
3295
3297
3300
3302
3304
3306
3309
3311
3313
3315
3318
3320
3322
3324
3327
3329
3331
3334
3336
3338
3340
3343
3345
3347
3349
3352
3354
3356
3359
3361
3363
3365
3368
3370
3372
3375
3377
3379
3381
3384
3386
3388
3390
3393
3395
3397
3400
3402
3404
3406
3409
3411
3413
3415
3418
3420
3422
3425
3427
3429
3431
3434
3436
3438
3440
3443
3445
3447
3450
3452
3454
3456
3459
3461
3463
3465
3468
3470
3472
3475
3477
3479
3481
3484
3486
3488
3490
3493
3495
3497
3500
3502
3504
3506
3508
3511
3513
3515
3517
3520
3522
3524
3526
3528
3531
3533
3535
3537
3540
3542
3544
3546
3548
3551
3553
3555
3557
3560
3562
3564
3566
3568
3571
3573
3575
3577
3580
3582
3584
3586
3588
3591
3593
3595
3597
3600
3602
3604
3606
3609
3611
3613
3615
3618
3620
3622
3625
3627
3629
3631
3634
3636
3638
3640
3643
3645
3647
3650
3652
3654
3656
3659
3661
3663
3665
3668
3670
3672
3675
3677
3679
3681
3684
3686
3688
3690
3693
3695
3697
3700
3702
3704
3706
3709
3711
3713
3715
3718
3720
3722
3725
3727
3729
3731
3734
3736
3738
3740
3743
3745
3747
3750
3752
3754
3756
3759
3761
3763
3765
3768
3770
3772
3775
3777
3779
3781
3784
3786
3788
3790
3793
3795
3797
3800
3802
3804
3806
3808
3811
3813
3815
3817
3820
3822
3824
3826
3828
3831
3833
3835
3837
3840
3842
3844
3846
3848
3851
3853
3855
3857
3860
3862
3864
3866
3868
3871
3873
3875
3877
3880
3882
3884
3886
3888
3891
3893
3895
3897
3900
3902
3904
3906
3909
3911
3913
3915
3918
3920
3922
3925
3927
3929
3931
3934
3936
3938
3940
3943
3945
3947
3950
3952
3954
3956
3959
3961
3963
3965
3968
3970
3972
3975
3977
3979
3981
3984
3986
3988
3990
3993
3995
3997
4000
4002
4004
4006
4009
4011
4013
4016
4018
4020
4023
4025
4027
4030
4032
4034
4037
4039
4041
4044
4046
4048
4051
4053
4055
4058
4060
4062
4065
4067
4069
4072
4074
4076
4079
4081
4083
4086
4088
4090
4093
4095
4097
4100
4102
4104
4106
4109
4111
4113
4116
4118
4120
4123
4125
4127
4130
4132
4134
4137
4139
4141
4144
4146
4148
4151
4153
4155
4158
4160
4162
4165
4167
4169
4172
4174
4176
4179
4181
4183
4186
4188
4190
4193
4195
4197
4200
4202
4204
4206
4209
4211
4213
4215
4218
4220
4222
4225
4227
4229
4231
4234
4236
4238
4240
4243
4245
4247
4250
4252
4254
4256
4259
4261
4263
4265
4268
4270
4272
4275
4277
4279
4281
4284
4286
4288
4290
4293
4295
4297
4300
4302
4304
4306
4309
4311
4313
4316
4318
4320
4323
4325
4327
4330
4332
4334
4337
4339
4341
4344
4346
4348
4351
4353
4355
4358
4360
4362
4365
4367
4369
4372
4374
4376
4379
4381
4383
4386
4388
4390
4393
4395
4397
4400
4402
4404
4406
4409
4411
4413
4416
4418
4420
4423
4425
4427
4430
4432
4434
4437
4439
4441
4444
4446
4448
4451
4453
4455
4458
4460
4462
4465
4467
4469
4472
4474
4476
4479
4481
4483
4486
4488
4490
4493
4495
4497
4500
4502
4504
4506
4509
4511
4513
4515
4518
4520
4522
4525
4527
4529
4531
4534
4536
4538
4540
4543
4545
4547
4550
4552
4554
4556
4559
4561
4563
4565
4568
4570
4572
4574
4577
4579
4581
4584
4586
4588
4590
4593
4595
4597
4600
4602
4604
4606
4609
4611
4613
4616
4618
4620
4623
4625
4627
4630
4632
4634
4637
4639
4641
4644
4646
4648
4651
4653
4655
4658
4660
4662
4665
4667
4669
4672
4674
4676
4679
4681
4683
4686
4688
4690
4693
4695
4697
4700
4702
4704
4706
4709
4711
4713
4716
4718
4720
4723
4725
4727
4730
4732
4734
4737
4739
4741
4744
4746
4748
4751
4753
4755
4758
4760
4762
4765
4767
4769
4772
4774
4776
4779
4781
4783
4786
4788
4790
4793
4795
4797
4800
4802
4804
4806
4809
4811
4813
4816
4818
4820
4823
4825
4827
4830
4832
4834
4837
4839
4841
4844
4846
4848
4851
4853
4855
4858
4860
4862
4865
4867
4869
4872
4874
4876
4879
4881
4883
4886
4888
4890
4893
4895
4897
4900
4902
4904
4906
4909
4911
4913
4915
4918
4920
4922
4925
4927
4929
4931
4934
4936
4938
4940
4943
4945
4947
4950
4952
4954
4956
4959
4961
4963
4965
4968
4970
4972
4975
4977
4979
4981
4984
4986
4988
4990
4993
4995
4997
5000
5002
5004
5006
5008
5011
5013
5015
5017
5020
5022
5024
5026
5028
5031
5033
5035
5037
5040
5042
5044
5046
5048
5051
5053
5055
5057
5060
5062
5064
5066
5068
5071
5073
5075
5077
5080
5082
5084
5086
5088
5091
5093
5095
5097
5100
5102
5104
5106
5108
5110
5113
5115
5117
5119
5121
5123
5126
5128
5130
5132
5134
5136
5139
5141
5143
5145
5147
5150
5152
5154
5156
5158
5160
5163
5165
5167
5169
5171
5173
5176
5178
5180
5182
5184
5186
5189
5191
5193
5195
5197
5200
5202
5204
5206
5208
5210
5213
5215
5217
5219
5221
5223
5226
5228
5230
5232
5234
5236
5239
5241
5243
5245
5247
5250
5252
5254
5256
5258
5260
5263
5265
5267
5269
5271
5273
5276
5278
5280
5282
5284
5286
5289
5291
5293
5295
5297
5300
5302
5304
5306
5308
5310
5313
5315
5317
5319
5321
5323
5326
5328
5330
5332
5334
5336
5339
5341
5343
5345
5347
5350
5352
5354
5356
5358
5360
5363
5365
5367
5369
5371
5373
5376
5378
5380
5382
5384
5386
5389
5391
5393
5395
5397
5400
5402
5404
5406
5408
5411
5413
5415
5417
5420
5422
5424
5426
5428
5431
5433
5435
5437
5440
5442
5444
5446
5448
5451
5453
5455
5457
5460
5462
5464
5466
5468
5471
5473
5475
5477
5480
5482
5484
5486
5488
5491
5493
5495
5497
5500
5502
5504
5506
5508
5510
5513
5515
5517
5519
5521
5523
5526
5528
5530
5532
5534
5536
5539
5541
5543
5545
5547
5550
5552
5554
5556
5558
5560
5563
5565
5567
5569
5571
5573
5576
5578
5580
5582
5584
5586
5589
5591
5593
5595
5597
5600
5602
5604
5606
5608
5610
5613
5615
5617
5619
5621
5623
5626
5628
5630
5632
5634
5636
5639
5641
5643
5645
5647
5650
5652
5654
5656
5658
5660
5663
5665
5667
5669
5671
5673
5676
5678
5680
5682
5684
5686
5689
5691
5693
5695
5697
5700
5702
5704
5706
5708
5710
5713
5715
5717
5719
5721
5723
5726
5728
5730
5732
5734
5736
5739
5741
5743
5745
5747
5750
5752
5754
5756
5758
5760
5763
5765
5767
5769
5771
5773
5776
5778
5780
5782
5784
5786
5789
5791
5793
5795
5797
5800
5802
5804
5806
5808
5811
5813
5815
5817
5820
5822
5824
5826
5828
5831
5833
5835
5837
5840
5842
5844
5846
5848
5851
5853
5855
5857
5860
5862
5864
5866
5868
5871
5873
5875
5877
5880
5882
5884
5886
5888
5891
5893
5895
5897
5900
5902
5904
5906
5908
5910
5913
5915
5917
5919
5921
5923
5926
5928
5930
5932
5934
5936
5939
5941
5943
5945
5947
5950
5952
5954
5956
5958
5960
5963
5965
5967
5969
5971
5973
5976
5978
5980
5982
5984
5986
5989
5991
5993
5995
5997
6000
6002
6004
6006
6008
6010
6013
6015
6017
6019
6021
6023
6026
6028
6030
6032
6034
6036
6039
6041
6043
6045
6047
6050
6052
6054
6056
6058
6060
6063
6065
6067
6069
6071
6073
6076
6078
6080
6082
6084
6086
6089
6091
6093
6095
6097
6100
6102
6104
6106
6108
6110
6113
6115
6117
6119
6121
6123
6126
6128
6130
6132
6134
6136
6139
6141
6143
6145
6147
6150
6152
6154
6156
6158
6160
6163
6165
6167
6169
6171
6173
6176
6178
6180
6182
6184
6186
6189
6191
6193
6195
6197
6200
6202
6204
6206
6208
6210
6213
6215
6217
6219
6221
6223
6226
6228
6230
6232
6234
6236
6239
6241
6243
6245
6247
6250
6252
6254
6256
6258
6260
6263
6265
6267
6269
6271
6273
6276
6278
6280
6282
6284
6286
6289
6291
6293
6295
6297
6300
6302
6304
6306
6308
6310
6313
6315
6317
6319
6321
6323
6326
6328
6330
6332
6334
6336
6339
6341
6343
6345
6347
6350
6352
6354
6356
6358
6360
6363
6365
6367
6369
6371
6373
6376
6378
6380
6382
6384
6386
6389
6391
6393
6395
6397
6400
6402
6404
6406
6408
6410
6413
6415
6417
6419
6421
6423
6426
6428
6430
6432
6434
6436
6439
6441
6443
6445
6447
6450
6452
6454
6456
6458
6460
6463
6465
6467
6469
6471
6473
6476
6478
6480
6482
6484
6486
6489
6491
6493
6495
6497
6500
6502
6504
6506
6508
6510
6513
6515
6517
6519
6521
6523
6526
6528
6530
6532
6534
6536
6539
6541
6543
6545
6547
6550
6552
6554
6556
6558
6560
6563
6565
6567
6569
6571
6573
6576
6578
6580
6582
6584
6586
6589
6591
6593
6595
6597
6600
6602
6604
6606
6608
6610
6613
6615
6617
6619
6621
6623
6626
6628
6630
6632
6634
6636
6639
6641
6643
6645
6647
6650
6652
6654
6656
6658
6660
6663
6665
6667
6669
6671
6673
6676
6678
6680
6682
6684
6686
6689
6691
6693
6695
6697
6700
6702
6704
6706
6708
6710
6713
6715
6717
6719
6721
6723
6726
6728
6730
6732
6734
6736
6739
6741
6743
6745
6747
6750
6752
6754
6756
6758
6760
6763
6765
6767
6769
6771
6773
6776
6778
6780
6782
6784
6786
6789
6791
6793
6795
6797
6800
6802
6804
6806
6808
6810
6813
6815
6817
6819
6821
6823
6826
6828
6830
6832
6834
6836
6839
6841
6843
6845
6847
6850
6852
6854
6856
6858
6860
6863
6865
6867
6869
6871
6873
6876
6878
6880
6882
6884
6886
6889
6891
6893
6895
6897
6900
6902
6904
6906
6908
6910
6913
6915
6917
6919
6921
6923
6926
6928
6930
6932
6934
6936
6939
6941
6943
6945
6947
6950
6952
6954
6956
6958
6960
6963
6965
6967
6969
6971
6973
6976
6978
6980
6982
6984
6986
6989
6991
6993
6995
6997
7000
7002
7004
7006
7008
7010
7013
7015
7017
7019
7021
7023
7026
7028
7030
7032
7034
7036
7039
7041
7043
7045
7047
7050
7052
7054
7056
7058
7060
7063
7065
7067
7069
7071
7073
7076
7078
7080
7082
7084
7086
7089
7091
7093
7095
7097
7100
7102
7104
7106
7108
7111
7113
7115
7117
7120
7122
7124
7126
7128
7131
7133
7135
7137
7140
7142
7144
7146
7148
7151
7153
7155
7157
7160
7162
7164
7166
7168
7171
7173
7175
7177
7180
7182
7184
7186
7188
7191
7193
7195
7197
7200
7202
7204
7206
7208
7210
7213
7215
7217
7219
7221
7223
7226
7228
7230
7232
7234
7236
7239
7241
7243
7245
7247
7250
7252
7254
7256
7258
7260
7263
7265
7267
7269
7271
7273
7276
7278
7280
7282
7284
7286
7289
7291
7293
7295
7297
7300
7302
7304
7306
7308
7310
7313
7315
7317
7319
7321
7323
7326
7328
7330
7332
7334
7336
7339
7341
7343
7345
7347
7350
7352
7354
7356
7358
7360
7363
7365
7367
7369
7371
7373
7376
7378
7380
7382
7384
7386
7389
7391
7393
7395
7397
7400
7402
7404
7406
7408
7410
7413
7415
7417
7419
7421
7423
7426
7428
7430
7432
7434
7436
7439
7441
7443
7445
7447
7450
7452
7454
7456
7458
7460
7463
7465
7467
7469
7471
7473
7476
7478
7480
7482
7484
7486
7489
7491
7493
7495
7497
7500
7502
7504
7506
7508
7510
7513
7515
7517
7519
7521
7523
7526
7528
7530
7532
7534
7536
7539
7541
7543
7545
7547
7550
7552
7554
7556
7558
7560
7563
7565
7567
7569
7571
7573
7576
7578
7580
7582
7584
7586
7589
7591
7593
7595
7597
7600
7602
7604
7606
7608
7610
7613
7615
7617
7619
7621
7623
7626
7628
7630
7632
7634
7636
7639
7641
7643
7645
7647
7650
7652
7654
7656
7658
7660
7663
7665
7667
7669
7671
7673
7676
7678
7680
7682
7684
7686
7689
7691
7693
7695
7697
7700
7702
7704
7706
7708
7710
7713
7715
7717
7719
7721
7723
7726
7728
7730
7732
7734
7736
7739
7741
7743
7745
7747
7750
7752
7754
7756
7758
7760
7763
7765
7767
7769
7771
7773
7776
7778
7780
7782
7784
7786
7789
7791
7793
7795
7797
7800
7802
7804
7806
7808
7810
7813
7815
7817
7819
7821
7823
7826
7828
7830
7832
7834
7836
7839
7841
7843
7845
7847
7850
7852
7854
7856
7858
7860
7863
7865
7867
7869
7871
7873
7876
7878
7880
7882
7884
7886
7889
7891
7893
7895
7897
7900
7902
7904
7906
7908
7910
7913
7915
7917
7919
7921
7923
7926
7928
7930
7932
7934
7936
7939
7941
7943
7945
7947
7950
7952
7954
7956
7958
7960
7963
7965
7967
7969
7971
7973
7976
7978
7980
7982
7984
7986
7989
7991
7993
7995
7997
8000
8002
8004
8006
8008
8010
8013
8015
8017
8019
8021
8023
8026
8028
8030
8032
8034
8036
8039
8041
8043
8045
8047
8050
8052
8054
8056
8058
8060
8063
8065
8067
8069
8071
8073
8076
8078
8080
8082
8084
8086
8089
8091
8093
8095
8097
8100
8102
8104
8106
8108
8110
8113
8115
8117
8119
8121
8123
8126
8128
8130
8132
8134
8136
8139
8141
8143
8145
8147
8149
8152
8154
8156
8158
8160
8163
8165
8167
8169
8171
8173
8176
8178
8180
8182
8184
8186
8189
8191
8193
8195
8197
8200
8202
8204
8206
8208
8210
8212
8214
8217
8219
8221
8223
8225
8227
8229
8231
8234
8236
8238
8240
8242
8244
8246
8248
8251
8253
8255
8257
8259
8261
8263
8265
8268
8270
8272
8274
8276
8278
8280
8282
8285
8287
8289
8291
8293
8295
8297
8300
8302
8304
8306
8308
8310
8313
8315
8317
8319
8321
8323
8326
8328
8330
8332
8334
8336
8339
8341
8343
8345
8347
8350
8352
8354
8356
8358
8360
8363
8365
8367
8369
8371
8373
8376
8378
8380
8382
8384
8386
8389
8391
8393
8395
8397
8400
8402
8404
8406
8408
8410
8413
8415
8417
8419
8421
8423
8426
8428
8430
8432
8434
8436
8439
8441
8443
8445
8447
8450
8452
8454
8456
8458
8460
8463
8465
8467
8469
8471
8473
8476
8478
8480
8482
8484
8486
8489
8491
8493
8495
8497
8500
8502
8504
8506
8508
8510
8513
8515
8517
8519
8521
8523
8526
8528
8530
8532
8534
8536
8539
8541
8543
8545
8547
8550
8552
8554
8556
8558
8560
8563
8565
8567
8569
8571
8573
8576
8578
8580
8582
8584
8586
8589
8591
8593
8595
8597
8600
8602
8604
8606
8608
8610
8612
8614
8617
8619
8621
8623
8625
8627
8629
8631
8634
8636
8638
8640
8642
8644
8646
8648
8651
8653
8655
8657
8659
8661
8663
8665
8668
8670
8672
8674
8676
8678
8680
8682
8685
8687
8689
8691
8693
8695
8697
8700
8702
8704
8706
8708
8710
8713
8715
8717
8719
8721
8723
8726
8728
8730
8732
8734
8736
8739
8741
8743
8745
8747
8750
8752
8754
8756
8758
8760
8763
8765
8767
8769
8771
8773
8776
8778
8780
8782
8784
8786
8789
8791
8793
8795
8797
8800
8802
8804
8806
8808
8810
8813
8815
8817
8819
8821
8823
8826
8828
8830
8832
8834
8836
8839
8841
8843
8845
8847
8850
8852
8854
8856
8858
8860
8863
8865
8867
8869
8871
8873
8876
8878
8880
8882
8884
8886
8889
8891
8893
8895
8897
8900
8902
8904
8906
8908
8910
8913
8915
8917
8919
8921
8923
8926
8928
8930
8932
8934
8936
8939
8941
8943
8945
8947
8950
8952
8954
8956
8958
8960
8963
8965
8967
8969
8971
8973
8976
8978
8980
8982
8984
8986
8989
8991
8993
8995
8997
9000
9002
9004
9006
9008
9010
9013
9015
9017
9019
9021
9023
9026
9028
9030
9032
9034
9036
9039
9041
9043
9045
9047
9050
9052
9054
9056
9058
9060
9063
9065
9067
9069
9071
9073
9076
9078
9080
9082
9084
9086
9089
9091
9093
9095
9097
9100
9102
9104
9106
9108
9110
9112
9114
9117
9119
9121
9123
9125
9127
9129
9131
9134
9136
9138
9140
9142
9144
9146
9148
9151
9153
9155
9157
9159
9161
9163
9165
9168
9170
9172
9174
9176
9178
9180
9182
9185
9187
9189
9191
9193
9195
9197
9200
9202
9204
9206
9208
9210
9213
9215
9217
9219
9221
9223
9226
9228
9230
9232
9234
9236
9239
9241
9243
9245
9247
9250
9252
9254
9256
9258
9260
9263
9265
9267
9269
9271
9273
9276
9278
9280
9282
9284
9286
9289
9291
9293
9295
9297
9300
9302
9304
9306
9308
9310
9313
9315
9317
9319
9321
9323
9326
9328
9330
9332
9334
9336
9339
9341
9343
9345
9347
9350
9352
9354
9356
9358
9360
9363
9365
9367
9369
9371
9373
9376
9378
9380
9382
9384
9386
9389
9391
9393
9395
9397
9400
9402
9404
9406
9408
9410
9413
9415
9417
9419
9421
9423
9426
9428
9430
9432
9434
9436
9439
9441
9443
9445
9447
9450
9452
9454
9456
9458
9460
9463
9465
9467
9469
9471
9473
9476
9478
9480
9482
9484
9486
9489
9491
9493
9495
9497
9500
9502
9504
9506
9508
9510
9513
9515
9517
9519
9521
9523
9526
9528
9530
9532
9534
9536
9539
9541
9543
9545
9547
9550
9552
9554
9556
9558
9560
9563
9565
9567
9569
9571
9573
9576
9578
9580
9582
9584
9586
9589
9591
9593
9595
9597
9600
9602
9604
9606
9608
9610
9612
9614
9617
9619
9621
9623
9625
9627
9629
9631
9634
9636
9638
9640
9642
9644
9646
9648
9651
9653
9655
9657
9659
9661
9663
9665
9668
9670
9672
9674
9676
9678
9680
9682
9685
9687
9689
9691
9693
9695
9697
9700
9702
9704
9706
9708
9710
9713
9715
9717
9719
9721
9723
9726
9728
9730
9732
9734
9736
9739
9741
9743
9745
9747
9750
9752
9754
9756
9758
9760
9763
9765
9767
9769
9771
9773
9776
9778
9780
9782
9784
9786
9789
9791
9793
9795
9797
9800
9802
9804
9806
9808
9810
9813
9815
9817
9819
9821
9823
9826
9828
9830
9832
9834
9836
9839
9841
9843
9845
9847
9850
9852
9854
9856
9858
9860
9863
9865
9867
9869
9871
9873
9876
9878
9880
9882
9884
9886
9889
9891
9893
9895
9897
9900
9902
9904
9906
9908
9910
9913
9915
9917
9919
9921
9923
9926
9928
9930
9932
9934
9936
9939
9941
9943
9945
9947
9950
9952
9954
9956
9958
9960
9963
9965
9967
9969
9971
9973
9976
9978
9980
9982
9984
9986
9989
9991
9993
9995
9997
10000
10002
10004
10006
10008
10010
10012
10014
10017
10019
10021
10023
10025
10027
10029
10031
10034
10036
10038
10040
10042
10044
10046
10048
10051
10053
10055
10057
10059
10061
10063
10065
10068
10070
10072
10074
10076
10078
10080
10082
10085
10087
10089
10091
10093
10095
10097
10100
10102
10104
10106
10108
10110
10112
10114
10117
10119
10121
10123
10125
10127
10129
10131
10134
10136
10138
10140
10142
10144
10146
10148
10151
10153
10155
10157
10159
10161
10163
10165
10168
10170
10172
10174
10176
10178
10180
10182
10185
10187
10189
10191
10193
10195
10197
10200
10202
10204
10206
10208
10210
10213
10215
10217
10219
10221
10223
10226
10228
10230
10232
10234
10236
10239
10241
10243
10245
10247
10250
10252
10254
10256
10258
10260
10263
10265
10267
10269
10271
10273
10276
10278
10280
10282
10284
10286
10289
10291
10293
10295
10297
10300
10302
10304
10306
10308
10310
10312
10314
10317
10319
10321
10323
10325
10327
10329
10331
10334
10336
10338
10340
10342
10344
10346
10348
10351
10353
10355
10357
10359
10361
10363
10365
10368
10370
10372
10374
10376
10378
10380
10382
10385
10387
10389
10391
10393
10395
10397
10400
10402
10404
10406
10408
10410
10412
10414
10417
10419
10421
10423
10425
10427
10429
10431
10434
10436
10438
10440
10442
10444
10446
10448
10451
10453
10455
10457
10459
10461
10463
10465
10468
10470
10472
10474
10476
10478
10480
10482
10485
10487
10489
10491
10493
10495
10497
10500
10502
10504
10506
10508
10510
10513
10515
10517
10519
10521
10523
10526
10528
10530
10532
10534
10536
10539
10541
10543
10545
10547
10550
10552
10554
10556
10558
10560
10563
10565
10567
10569
10571
10573
10576
10578
10580
10582
10584
10586
10589
10591
10593
10595
10597
10600
10602
10604
10606
10608
10610
10612
10614
10617
10619
10621
10623
10625
10627
10629
10631
10634
10636
10638
10640
10642
10644
10646
10648
10651
10653
10655
10657
10659
10661
10663
10665
10668
10670
10672
10674
10676
10678
10680
10682
10685
10687
10689
10691
10693
10695
10697
10700
10702
10704
10706
10708
10710
10712
10714
10717
10719
10721
10723
10725
10727
10729
10731
10734
10736
10738
10740
10742
10744
10746
10748
10751
10753
10755
10757
10759
10761
10763
10765
10768
10770
10772
10774
10776
10778
10780
10782
10785
10787
10789
10791
10793
10795
10797
10800
10802
10804
10806
10808
10810
10812
10814
10817
10819
10821
10823
10825
10827
10829
10831
10834
10836
10838
10840
10842
10844
10846
10848
10851
10853
10855
10857
10859
10861
10863
10865
10868
10870
10872
10874
10876
10878
10880
10882
10885
10887
10889
10891
10893
10895
10897
10900
10902
10904
10906
10908
10910
10913
10915
10917
10919
10921
10923
10926
10928
10930
10932
10934
10936
10939
10941
10943
10945
10947
10950
10952
10954
10956
10958
10960
10963
10965
10967
10969
10971
10973
10976
10978
10980
10982
10984
10986
10989
10991
10993
10995
10997
11000
11002
11004
11006
11008
11011
11013
11015
11017
11020
11022
11024
11026
11028
11031
11033
11035
11037
11040
11042
11044
11046
11048
11051
11053
11055
11057
11060
11062
11064
11066
11068
11071
11073
11075
11077
11080
11082
11084
11086
11088
11091
11093
11095
11097
11100
11102
11104
11106
11108
11111
11113
11115
11117
11120
11122
11124
11126
11128
11131
11133
11135
11137
11139
11142
11144
11146
11148
11151
11153
11155
11157
11160
11162
11164
11166
11168
11171
11173
11175
11177
11180
11182
11184
11186
11188
11191
11193
11195
11197
11200
11202
11204
11206
11209
11211
11213
11215
11218
11220
11222
11225
11227
11229
11231
11234
11236
11238
11240
11243
11245
11247
11250
11252
11254
11256
11259
11261
11263
11265
11268
11270
11272
11275
11277
11279
11281
11284
11286
11288
11290
11293
11295
11297
11300
11302
11304
11306
11308
11311
11313
11315
11317
11320
11322
11324
11326
11328
11331
11333
11335
11337
11340
11342
11344
11346
11348
11351
11353
11355
11357
11360
11362
11364
11366
11368
11371
11373
11375
11377
11380
11382
11384
11386
11388
11391
11393
11395
11397
11400
11402
11404
11406
11408
11411
11413
11415
11417
11420
11422
11424
11426
11428
11431
11433
11435
11437
11440
11442
11444
11446
11448
11451
11453
11455
11457
11460
11462
11464
11466
11468
11471
11473
11475
11477
11480
11482
11484
11486
11488
11491
11493
11495
11497
11500
11502
11504
11506
11509
11511
11513
11515
11518
11520
11522
11525
11527
11529
11531
11534
11536
11538
11540
11543
11545
11547
11550
11552
11554
11556
11559
11561
11563
11565
11568
11570
11572
11575
11577
11579
11581
11584
11586
11588
11590
11593
11595
11597
11600
11602
11604
11606
11608
11611
11613
11615
11617
11620
11622
11624
11626
11628
11631
11633
11635
11637
11639
11642
11644
11646
11648
11651
11653
11655
11657
11660
11662
11664
11666
11668
11671
11673
11675
11677
11680
11682
11684
11686
11688
11691
11693
11695
11697
11700
11702
11704
11706
11709
11711
11713
11715
11718
11720
11722
11725
11727
11729
11731
11734
11736
11738
11740
11743
11745
11747
11750
11752
11754
11756
11759
11761
11763
11765
11768
11770
11772
11775
11777
11779
11781
11784
11786
11788
11790
11793
11795
11797
11800
11802
11804
11806
11808
11811
11813
11815
11817
11820
11822
11824
11826
11828
11831
11833
11835
11837
11840
11842
11844
11846
11848
11851
11853
11855
11857
11860
11862
11864
11866
11868
11871
11873
11875
11877
11880
11882
11884
11886
11888
11891
11893
11895
11897
11900
11902
11904
11906
11908
11911
11913
11915
11917
11920
11922
11924
11926
11928
11931
11933
11935
11937
11940
11942
11944
11946
11948
11951
11953
11955
11957
11960
11962
11964
11966
11968
11971
11973
11975
11977
11980
11982
11984
11986
11988
11991
11993
11995
11997
12000
12002
12004
12006
12009
12011
12013
12015
12018
12020
12022
12025
12027
12029
12031
12034
12036
12038
12040
12043
12045
12047
12050
12052
12054
12056
12059
12061
12063
12065
12068
12070
12072
12075
12077
12079
12081
12084
12086
12088
12090
12093
12095
12097
12100
12102
12104
12106
12109
12111
12113
12116
12118
12120
12123
12125
12127
12130
12132
12134
12137
12139
12141
12144
12146
12148
12151
12153
12155
12158
12160
12162
12165
12167
12169
12172
12174
12176
12179
12181
12183
12186
12188
12190
12193
12195
12197
12200
12202
12204
12206
12209
12211
12213
12215
12218
12220
12222
12225
12227
12229
12231
12234
12236
12238
12240
12243
12245
12247
12250
12252
12254
12256
12259
12261
12263
12265
12268
12270
12272
12275
12277
12279
12281
12284
12286
12288
12290
12293
12295
12297
12300
12302
12304
12306
12309
12311
12313
12315
12318
12320
12322
12325
12327
12329
12331
12334
12336
12338
12340
12343
12345
12347
12350
12352
12354
12356
12359
12361
12363
12365
12368
12370
12372
12375
12377
12379
12381
12384
12386
12388
12390
12393
12395
12397
12400
12402
12404
12406
12409
12411
12413
12415
12418
12420
12422
12425
12427
12429
12431
12434
12436
12438
12440
12443
12445
12447
12450
12452
12454
12456
12459
12461
12463
12465
12468
12470
12472
12475
12477
12479
12481
12484
12486
12488
12490
12493
12495
12497
12500
12502
12504
12506
12509
12511
12513
12515
12518
12520
12522
12525
12527
12529
12531
12534
12536
12538
12540
12543
12545
12547
12550
12552
12554
12556
12559
12561
12563
12565
12568
12570
12572
12575
12577
12579
12581
12584
12586
12588
12590
12593
12595
12597
12600
12602
12604
12606
12609
12611
12613
12615
12618
12620
12622
12625
12627
12629
12631
12634
12636
12638
12640
12643
12645
12647
12649
12652
12654
12656
12659
12661
12663
12665
12668
12670
12672
12674
12677
12679
12681
12684
12686
12688
12690
12693
12695
12697
12700
12702
12704
12706
12709
12711
12713
12716
12718
12720
12723
12725
12727
12730
12732
12734
12737
12739
12741
12744
12746
12748
12751
12753
12755
12758
12760
12762
12765
12767
12769
12772
12774
12776
12779
12781
12783
12786
12788
12790
12793
12795
12797
12800
12802
12804
12806
12809
12811
12813
12815
12818
12820
12822
12825
12827
12829
12831
12834
12836
12838
12840
12843
12845
12847
12850
12852
12854
12856
12859
12861
12863
12865
12868
12870
12872
12875
12877
12879
12881
12884
12886
12888
12890
12893
12895
12897
12900
12902
12904
12906
12909
12911
12913
12915
12918
12920
12922
12925
12927
12929
12931
12934
12936
12938
12940
12943
12945
12947
12950
12952
12954
12956
12959
12961
12963
12965
12968
12970
12972
12975
12977
12979
12981
12984
12986
12988
12990
12993
12995
12997
13000
13002
13004
13006
13008
13010
13013
13015
13017
13019
13021
13023
13026
13028
13030
13032
13034
13036
13039
13041
13043
13045
13047
13050
13052
13054
13056
13058
13060
13063
13065
13067
13069
13071
13073
13076
13078
13080
13082
13084
13086
13089
13091
13093
13095
13097
13100
13102
13104
13106
13108
13110
13113
13115
13117
13119
13121
13123
13126
13128
13130
13132
13134
13136
13139
13141
13143
13145
13147
13149
13152
13154
13156
13158
13160
13163
13165
13167
13169
13171
13173
13176
13178
13180
13182
13184
13186
13189
13191
13193
13195
13197
13200
13202
13204
13206
13208
13210
13212
13214
13217
13219
13221
13223
13225
13227
13229
13231
13234
13236
13238
13240
13242
13244
13246
13248
13251
13253
13255
13257
13259
13261
13263
13265
13268
13270
13272
13274
13276
13278
13280
13282
13285
13287
13289
13291
13293
13295
13297
13300
13302
13304
13306
13308
13310
13313
13315
13317
13319
13321
13323
13326
13328
13330
13332
13334
13336
13339
13341
13343
13345
13347
13350
13352
13354
13356
13358
13360
13363
13365
13367
13369
13371
13373
13376
13378
13380
13382
13384
13386
13389
13391
13393
13395
13397
13400
13402
13404
13406
13408
13410
13413
13415
13417
13419
13421
13423
13426
13428
13430
13432
13434
13436
13439
13441
13443
13445
13447
13450
13452
13454
13456
13458
13460
13463
13465
13467
13469
13471
13473
13476
13478
13480
13482
13484
13486
13489
13491
13493
13495
13497
13500
13502
13504
13506
13508
13510
13513
13515
13517
13519
13521
13523
13526
13528
13530
13532
13534
13536
13539
13541
13543
13545
13547
13550
13552
13554
13556
13558
13560
13563
13565
13567
13569
13571
13573
13576
13578
13580
13582
13584
13586
13589
13591
13593
13595
13597
13600
13602
13604
13606
13608
13610
13612
13614
13617
13619
13621
13623
13625
13627
13629
13631
13634
13636
13638
13640
13642
13644
13646
13648
13651
13653
13655
13657
13659
13661
13663
13665
13668
13670
13672
13674
13676
13678
13680
13682
13685
13687
13689
13691
13693
13695
13697
13700
13702
13704
13706
13708
13710
13713
13715
13717
13719
13721
13723
13726
13728
13730
13732
13734
13736
13739
13741
13743
13745
13747
13750
13752
13754
13756
13758
13760
13763
13765
13767
13769
13771
13773
13776
13778
13780
13782
13784
13786
13789
13791
13793
13795
13797
13800
13802
13804
13806
13808
13810
13813
13815
13817
13819
13821
13823
13826
13828
13830
13832
13834
13836
13839
13841
13843
13845
13847
13850
13852
13854
13856
13858
13860
13863
13865
13867
13869
13871
13873
13876
13878
13880
13882
13884
13886
13889
13891
13893
13895
13897
13900
13902
13904
13906
13908
13910
13913
13915
13917
13919
13921
13923
13926
13928
13930
13932
13934
13936
13939
13941
13943
13945
13947
13950
13952
13954
13956
13958
13960
13963
13965
13967
13969
13971
13973
13976
13978
13980
13982
13984
13986
13989
13991
13993
13995
13997
14000
14002
14005
14008
14011
14014
14017
14020
14022
14025
14028
14031
14034
14037
14040
14042
14045
14048
14051
14054
14057
14060
14062
14065
14068
14071
14074
14077
14080
14082
14085
14088
14091
14094
14097
14100
14102
14105
14108
14111
14114
14117
14120
14122
14125
14128
14131
14134
14137
14139
14142
14145
14148
14151
14154
14157
14160
14162
14165
14168
14171
14174
14177
14180
14182
14185
14188
14191
14194
14197
14200
14202
14205
14208
14211
14214
14217
14219
14222
14225
14228
14231
14234
14237
14240
14242
14245
14248
14251
14254
14257
14260
14262
14265
14268
14271
14274
14277
14280
14282
14285
14288
14291
14294
14297
14300
14302
14305
14308
14311
14314
14317
14320
14322
14325
14328
14331
14334
14337
14340
14342
14345
14348
14351
14354
14357
14360
14362
14365
14368
14371
14374
14377
14380
14382
14385
14388
14391
14394
14397
14400
14402
14405
14408
14411
14414
14417
14420
14422
14425
14428
14431
14434
14437
14440
14442
14445
14448
14451
14454
14457
14460
14462
14465
14468
14471
14474
14477
14480
14482
14485
14488
14491
14494
14497
14500
14502
14505
14508
14511
14514
14517
14520
14523
14526
14529
14532
14535
14538
14541
14544
14547
14550
14552
14555
14558
14561
14564
14567
14570
14573
14576
14579
14582
14585
14588
14591
14594
14597
14600
14602
14605
14608
14611
14614
14617
14620
14622
14625
14628
14631
14634
14637
14639
14642
14645
14648
14651
14654
14657
14660
14662
14665
14668
14671
14674
14677
14680
14682
14685
14688
14691
14694
14697
14700
14702
14705
14708
14711
14714
14717
14719
14722
14725
14728
14731
14734
14737
14740
14742
14745
14748
14751
14754
14757
14760
14762
14765
14768
14771
14774
14777
14780
14782
14785
14788
14791
14794
14797
14800
14802
14805
14808
14811
14814
14817
14820
14822
14825
14828
14831
14834
14837
14840
14842
14845
14848
14851
14854
14857
14860
14862
14865
14868
14871
14874
14877
14880
14882
14885
14888
14891
14894
14897
14900
14902
14905
14908
14911
14914
14917
14920
14922
14925
14928
14931
14934
14937
14940
14942
14945
14948
14951
14954
14957
14960
14962
14965
14968
14971
14974
14977
14980
14982
14985
14988
14991
14994
14997
15000
15001
15003
15005
15007
15008
15010
15012
15014
15016
15017
15019
15021
15023
15025
15026
15028
15030
15032
15033
15035
15037
15039
15041
15042
15044
15046
15048
15050
15051
15053
15055
15057
15058
15060
15062
15064
15066
15067
15069
15071
15073
15075
15076
15078
15080
15082
15083
15085
15087
15089
15091
15092
15094
15096
15098
15100
15101
15103
15105
15107
15108
15110
15112
15114
15116
15117
15119
15121
15123
15125
15126
15128
15130
15132
15133
15135
15137
15139
15141
15142
15144
15146
15148
15149
15151
15153
15155
15157
15158
15160
15162
15164
15166
15167
15169
15171
15173
15174
15176
15178
15180
15182
15183
15185
15187
15189
15191
15192
15194
15196
15198
15200
15201
15203
15205
15207
15208
15210
15212
15214
15216
15217
15219
15221
15223
15225
15226
15228
15230
15232
15233
15235
15237
15239
15241
15242
15244
15246
15248
15250
15251
15253
15255
15257
15258
15260
15262
15264
15266
15267
15269
15271
15273
15275
15276
15278
15280
15282
15283
15285
15287
15289
15291
15292
15294
15296
15298
15300
15301
15303
15305
15307
15309
15310
15312
15314
15316
15318
15320
15321
15323
15325
15327
15329
15330
15332
15334
15336
15338
15340
15341
15343
15345
15347
15349
15350
15352
15354
15356
15358
15360
15361
15363
15365
15367
15369
15370
15372
15374
15376
15378
15380
15381
15383
15385
15387
15389
15390
15392
15394
15396
15398
15400
15401
15403
15405
15407
15408
15410
15412
15414
15416
15417
15419
15421
15423
15425
15426
15428
15430
15432
15433
15435
15437
15439
15441
15442
15444
15446
15448
15450
15451
15453
15455
15457
15458
15460
15462
15464
15466
15467
15469
15471
15473
15475
15476
15478
15480
15482
15483
15485
15487
15489
15491
15492
15494
15496
15498
15500
15501
15503
15505
15507
15508
15510
15512
15514
15516
15517
15519
15521
15523
15525
15526
15528
15530
15532
15533
15535
15537
15539
15541
15542
15544
15546
15548
15550
15551
15553
15555
15557
15558
15560
15562
15564
15566
15567
15569
15571
15573
15575
15576
15578
15580
15582
15583
15585
15587
15589
15591
15592
15594
15596
15598
15600
15601
15603
15605
15607
15608
15610
15612
15614
15616
15617
15619
15621
15623
15625
15626
15628
15630
15632
15633
15635
15637
15639
15641
15642
15644
15646
15648
15649
15651
15653
15655
15657
15658
15660
15662
15664
15666
15667
15669
15671
15673
15674
15676
15678
15680
15682
15683
15685
15687
15689
15691
15692
15694
15696
15698
15700
15701
15703
15705
15707
15708
15710
15712
15714
15716
15717
15719
15721
15723
15725
15726
15728
15730
15732
15733
15735
15737
15739
15741
15742
15744
15746
15748
15750
15751
15753
15755
15757
15758
15760
15762
15764
15766
15767
15769
15771
15773
15775
15776
15778
15780
15782
15783
15785
15787
15789
15791
15792
15794
15796
15798
15800
15801
15803
15805
15807
15808
15810
15812
15814
15816
15817
15819
15821
15823
15825
15826
15828
15830
15832
15833
15835
15837
15839
15841
15842
15844
15846
15848
15850
15851
15853
15855
15857
15858
15860
15862
15864
15866
15867
15869
15871
15873
15875
15876
15878
15880
15882
15883
15885
15887
15889
15891
15892
15894
15896
15898
15900
15901
15903
15905
15907
15909
15910
15912
15914
15916
15918
15920
15921
15923
15925
15927
15929
15930
15932
15934
15936
15938
15940
15941
15943
15945
15947
15949
15950
15952
15954
15956
15958
15960
15961
15963
15965
15967
15969
15970
15972
15974
15976
15978
15980
15981
15983
15985
15987
15989
15990
15992
15994
15996
15998
16000
16002
16004
16006
16009
16011
16013
16016
16018
16020
16023
16025
16027
16030
16032
16034
16037
16039
16041
16044
16046
16048
16051
16053
16055
16058
16060
16062
16065
16067
16069
16072
16074
16076
16079
16081
16083
16086
16088
16090
16093
16095
16097
16100
16102
16104
16106
16109
16111
16113
16116
16118
16120
16123
16125
16127
16130
16132
16134
16137
16139
16141
16144
16146
16148
16151
16153
16155
16158
16160
16162
16165
16167
16169
16172
16174
16176
16179
16181
16183
16186
16188
16190
16193
16195
16197
16200
16202
16204
16206
16209
16211
16213
16216
16218
16220
16223
16225
16227
16230
16232
16234
16237
16239
16241
16244
16246
16248
16251
16253
16255
16258
16260
16262
16265
16267
16269
16272
16274
16276
16279
16281
16283
16286
16288
16290
16293
16295
16297
16300
16302
16304
16307
16309
16311
16314
16316
16319
16321
16323
16326
16328
16330
16333
16335
16338
16340
16342
16345
16347
16349
16352
16354
16357
16359
16361
16364
16366
16369
16371
16373
16376
16378
16380
16383
16385
16388
16390
16392
16395
16397
16400
16402
16404
16406
16409
16411
16413
16416
16418
16420
16423
16425
16427
16430
16432
16434
16437
16439
16441
16444
16446
16448
16451
16453
16455
16458
16460
16462
16465
16467
16469
16472
16474
16476
16479
16481
16483
16486
16488
16490
16493
16495
16497
16500
16502
16504
16506
16509
16511
16513
16516
16518
16520
16523
16525
16527
16530
16532
16534
16537
16539
16541
16544
16546
16548
16551
16553
16555
16558
16560
16562
16565
16567
16569
16572
16574
16576
16579
16581
16583
16586
16588
16590
16593
16595
16597
16600
16602
16604
16606
16609
16611
16613
16616
16618
16620
16623
16625
16627
16630
16632
16634
16637
16639
16641
16644
16646
16648
16651
16653
16655
16658
16660
16662
16665
16667
16669
16672
16674
16676
16679
16681
16683
16686
16688
16690
16693
16695
16697
16700
16702
16704
16707
16709
16711
16714
16716
16719
16721
16723
16726
16728
16730
16733
16735
16738
16740
16742
16745
16747
16750
16752
16754
16757
16759
16761
16764
16766
16769
16771
16773
16776
16778
16780
16783
16785
16788
16790
16792
16795
16797
16800
16802
16804
16806
16809
16811
16813
16816
16818
16820
16823
16825
16827
16830
16832
16834
16837
16839
16841
16844
16846
16848
16851
16853
16855
16858
16860
16862
16865
16867
16869
16872
16874
16876
16879
16881
16883
16886
16888
16890
16893
16895
16897
16900
16902
16904
16906
16909
16911
16913
16916
16918
16920
16923
16925
16927
16930
16932
16934
16937
16939
16941
16944
16946
16948
16951
16953
16955
16958
16960
16962
16965
16967
16969
16972
16974
16976
16979
16981
16983
16986
16988
16990
16993
16995
16997
17000
17002
17004
17006
17008
17011
17013
17015
17017
17020
17022
17024
17026
17028
17031
17033
17035
17037
17040
17042
17044
17046
17048
17051
17053
17055
17057
17060
17062
17064
17066
17068
17071
17073
17075
17077
17080
17082
17084
17086
17088
17091
17093
17095
17097
17100
17102
17104
17106
17108
17110
17113
17115
17117
17119
17121
17123
17126
17128
17130
17132
17134
17136
17139
17141
17143
17145
17147
17150
17152
17154
17156
17158
17160
17163
17165
17167
17169
17171
17173
17176
17178
17180
17182
17184
17186
17189
17191
17193
17195
17197
17200
17202
17204
17206
17208
17211
17213
17215
17217
17220
17222
17224
17226
17228
17231
17233
17235
17237
17240
17242
17244
17246
17248
17251
17253
17255
17257
17260
17262
17264
17266
17268
17271
17273
17275
17277
17280
17282
17284
17286
17288
17291
17293
17295
17297
17300
17302
17304
17306
17308
17311
17313
17315
17317
17320
17322
17324
17326
17328
17331
17333
17335
17337
17340
17342
17344
17346
17348
17351
17353
17355
17357
17360
17362
17364
17366
17368
17371
17373
17375
17377
17380
17382
17384
17386
17388
17391
17393
17395
17397
17400
17402
17404
17406
17408
17410
17413
17415
17417
17419
17421
17423
17426
17428
17430
17432
17434
17436
17439
17441
17443
17445
17447
17450
17452
17454
17456
17458
17460
17463
17465
17467
17469
17471
17473
17476
17478
17480
17482
17484
17486
17489
17491
17493
17495
17497
17500
17502
17504
17506
17508
17511
17513
17515
17517
17520
17522
17524
17526
17528
17531
17533
17535
17537
17540
17542
17544
17546
17548
17551
17553
17555
17557
17560
17562
17564
17566
17568
17571
17573
17575
17577
17580
17582
17584
17586
17588
17591
17593
17595
17597
17600
17602
17604
17606
17608
17610
17613
17615
17617
17619
17621
17623
17626
17628
17630
17632
17634
17636
17639
17641
17643
17645
17647
17650
17652
17654
17656
17658
17660
17663
17665
17667
17669
17671
17673
17676
17678
17680
17682
17684
17686
17689
17691
17693
17695
17697
17700
17702
17704
17706
17708
17711
17713
17715
17717
17720
17722
17724
17726
17728
17731
17733
17735
17737
17740
17742
17744
17746
17748
17751
17753
17755
17757
17760
17762
17764
17766
17768
17771
17773
17775
17777
17780
17782
17784
17786
17788
17791
17793
17795
17797
17800
17802
17804
17806
17808
17811
17813
17815
17817
17820
17822
17824
17826
17828
17831
17833
17835
17837
17840
17842
17844
17846
17848
17851
17853
17855
17857
17860
17862
17864
17866
17868
17871
17873
17875
17877
17880
17882
17884
17886
17888
17891
17893
17895
17897
17900
17902
17904
17906
17908
17910
17913
17915
17917
17919
17921
17923
17926
17928
17930
17932
17934
17936
17939
17941
17943
17945
17947
17950
17952
17954
17956
17958
17960
17963
17965
17967
17969
17971
17973
17976
17978
17980
17982
17984
17986
17989
17991
17993
17995
17997
18000
18002
18004
18006
18008
18011
18013
18015
18017
18020
18022
18024
18026
18028
18031
18033
18035
18037
18040
18042
18044
18046
18048
18051
18053
18055
18057
18060
18062
18064
18066
18068
18071
18073
18075
18077
18080
18082
18084
18086
18088
18091
18093
18095
18097
18100
18102
18104
18106
18108
18111
18113
18115
18117
18120
18122
18124
18126
18128
18131
18133
18135
18137
18140
18142
18144
18146
18148
18151
18153
18155
18157
18160
18162
18164
18166
18168
18171
18173
18175
18177
18180
18182
18184
18186
18188
18191
18193
18195
18197
18200
18202
18204
18206
18208
18211
18213
18215
18217
18220
18222
18224
18226
18228
18231
18233
18235
18237
18240
18242
18244
18246
18248
18251
18253
18255
18257
18260
18262
18264
18266
18268
18271
18273
18275
18277
18280
18282
18284
18286
18288
18291
18293
18295
18297
18300
18302
18304
18306
18308
18311
18313
18315
18317
18320
18322
18324
18326
18328
18331
18333
18335
18337
18340
18342
18344
18346
18348
18351
18353
18355
18357
18360
18362
18364
18366
18368
18371
18373
18375
18377
18380
18382
18384
18386
18388
18391
18393
18395
18397
18400
18402
18404
18406
18408
18411
18413
18415
18417
18419
18422
18424
18426
18428
18431
18433
18435
18437
18439
18442
18444
18446
18448
18451
18453
18455
18457
18460
18462
18464
18466
18468
18471
18473
18475
18477
18480
18482
18484
18486
18488
18491
18493
18495
18497
18500
18502
18504
18506
18508
18511
18513
18515
18517
18520
18522
18524
18526
18528
18531
18533
18535
18537
18540
18542
18544
18546
18548
18551
18553
18555
18557
18560
18562
18564
18566
18568
18571
18573
18575
18577
18580
18582
18584
18586
18588
18591
18593
18595
18597
18600
18602
18604
18606
18608
18611
18613
18615
18617
18620
18622
18624
18626
18628
18631
18633
18635
18637
18640
18642
18644
18646
18648
18651
18653
18655
18657
18660
18662
18664
18666
18668
18671
18673
18675
18677
18680
18682
18684
18686
18688
18691
18693
18695
18697
18700
18702
18704
18706
18708
18711
18713
18715
18717
18720
18722
18724
18726
18728
18731
18733
18735
18737
18740
18742
18744
18746
18748
18751
18753
18755
18757
18760
18762
18764
18766
18768
18771
18773
18775
18777
18780
18782
18784
18786
18788
18791
18793
18795
18797
18800
18802
18804
18806
18808
18811
18813
18815
18817
18820
18822
18824
18826
18828
18831
18833
18835
18837
18840
18842
18844
18846
18848
18851
18853
18855
18857
18860
18862
18864
18866
18868
18871
18873
18875
18877
18880
18882
18884
18886
18888
18891
18893
18895
18897
18900
18902
18904
18906
18908
18911
18913
18915
18917
18919
18922
18924
18926
18928
18931
18933
18935
18937
18939
18942
18944
18946
18948
18951
18953
18955
18957
18960
18962
18964
18966
18968
18971
18973
18975
18977
18980
18982
18984
18986
18988
18991
18993
18995
18997
19000
19002
19005
19008
19011
19014
19017
19020
19022
19025
19028
19031
19034
19037
19040
19042
19045
19048
19051
19054
19057
19060
19062
19065
19068
19071
19074
19077
19080
19082
19085
19088
19091
19094
19097
19100
19102
19105
19108
19111
19114
19117
19120
19122
19125
19128
19131
19134
19137
19140
19142
19145
19148
19151
19154
19157
19160
19162
19165
19168
19171
19174
19177
19180
19182
19185
19188
19191
19194
19197
19200
19202
19205
19208
19211
19214
19217
19220
19222
19225
19228
19231
19234
19237
19240
19242
19245
19248
19251
19254
19257
19260
19262
19265
19268
19271
19274
19277
19280
19282
19285
19288
19291
19294
19297
19300
19302
19305
19308
19311
19314
19317
19320
19322
19325
19328
19331
19334
19337
19340
19342
19345
19348
19351
19354
19357
19360
19362
19365
19368
19371
19374
19377
19380
19382
19385
19388
19391
19394
19397
19400
19402
19405
19408
19411
19414
19417
19419
19422
19425
19428
19431
19434
19437
19439
19442
19445
19448
19451
19454
19457
19460
19462
19465
19468
19471
19474
19477
19480
19482
19485
19488
19491
19494
19497
19500
19502
19505
19508
19511
19514
19517
19520
19522
19525
19528
19531
19534
19537
19540
19542
19545
19548
19551
19554
19557
19560
19562
19565
19568
19571
19574
19577
19580
19582
19585
19588
19591
19594
19597
19600
19602
19605
19608
19611
19614
19617
19620
19622
19625
19628
19631
19634
19637
19640
19642
19645
19648
19651
19654
19657
19660
19662
19665
19668
19671
19674
19677
19680
19682
19685
19688
19691
19694
19697
19700
19702
19705
19708
19711
19714
19717
19720
19723
19726
19729
19732
19735
19738
19741
19744
19747
19750
19752
19755
19758
19761
19764
19767
19770
19773
19776
19779
19782
19785
19788
19791
19794
19797
19800
19802
19805
19808
19811
19814
19817
19820
19822
19825
19828
19831
19834
19837
19840
19842
19845
19848
19851
19854
19857
19860
19862
19865
19868
19871
19874
19877
19880
19882
19885
19888
19891
19894
19897
19900
19902
19905
19908
19911
19914
19917
19919
19922
19925
19928
19931
19934
19937
19939
19942
19945
19948
19951
19954
19957
19960
19962
19965
19968
19971
19974
19977
19980
19982
19985
19988
19991
19994
19997
20000
20001
20003
20005
20007
20008
20010
20012
20014
20016
20017
20019
20021
20023
20025
20026
20028
20030
20032
20033
20035
20037
20039
20041
20042
20044
20046
20048
20050
20051
20053
20055
20057
20058
20060
20062
20064
20066
20067
20069
20071
20073
20075
20076
20078
20080
20082
20083
20085
20087
20089
20091
20092
20094
20096
20098
20100
20101
20103
20105
20107
20108
20110
20112
20114
20116
20117
20119
20121
20123
20125
20126
20128
20130
20132
20133
20135
20137
20139
20141
20142
20144
20146
20148
20150
20151
20153
20155
20157
20158
20160
20162
20164
20166
20167
20169
20171
20173
20175
20176
20178
20180
20182
20183
20185
20187
20189
20191
20192
20194
20196
20198
20200
20201
20203
20205
20207
20208
20210
20212
20214
20216
20217
20219
20221
20223
20225
20226
20228
20230
20232
20233
20235
20237
20239
20241
20242
20244
20246
20248
20250
20251
20253
20255
20257
20258
20260
20262
20264
20266
20267
20269
20271
20273
20275
20276
20278
20280
20282
20283
20285
20287
20289
20291
20292
20294
20296
20298
20300
20301
20303
20305
20307
20308
20310
20312
20314
20316
20317
20319
20321
20323
20325
20326
20328
20330
20332
20333
20335
20337
20339
20341
20342
20344
20346
20348
20350
20351
20353
20355
20357
20358
20360
20362
20364
20366
20367
20369
20371
20373
20375
20376
20378
20380
20382
20383
20385
20387
20389
20391
20392
20394
20396
20398
20400
20401
20403
20405
20407
20409
20410
20412
20414
20416
20418
20419
20421
20423
20425
20427
20429
20430
20432
20434
20436
20438
20439
20441
20443
20445
20447
20449
20450
20452
20454
20456
20458
20460
20461
20463
20465
20467
20469
20470
20472
20474
20476
20478
20480
20481
20483
20485
20487
20489
20490
20492
20494
20496
20498
20500
20501
20503
20505
20507
20508
20510
20512
20514
20516
20517
20519
20521
20523
20525
20526
20528
20530
20532
20533
20535
20537
20539
20541
20542
20544
20546
20548
20550
20551
20553
20555
20557
20558
20560
20562
20564
20566
20567
20569
20571
20573
20575
20576
20578
20580
20582
20583
20585
20587
20589
20591
20592
20594
20596
20598
20600
20601
20603
20605
20607
20608
20610
20612
20614
20616
20617
20619
20621
20623
20625
20626
20628
20630
20632
20633
20635
20637
20639
20641
20642
20644
20646
20648
20650
20651
20653
20655
20657
20658
20660
20662
20664
20666
20667
20669
20671
20673
20675
20676
20678
20680
20682
20683
20685
20687
20689
20691
20692
20694
20696
20698
20700
20701
20703
20705
20707
20708
20710
20712
20714
20716
20717
20719
20721
20723
20725
20726
20728
20730
20732
20733
20735
20737
20739
20741
20742
20744
20746
20748
20750
20751
20753
20755
20757
20758
20760
20762
20764
20766
20767
20769
20771
20773
20775
20776
20778
20780
20782
20783
20785
20787
20789
20791
20792
20794
20796
20798
20800
20801
20803
20805
20807
20808
20810
20812
20814
20816
20817
20819
20821
20823
20825
20826
20828
20830
20832
20833
20835
20837
20839
20841
20842
20844
20846
20848
20850
20851
20853
20855
20857
20858
20860
20862
20864
20866
20867
20869
20871
20873
20875
20876
20878
20880
20882
20883
20885
20887
20889
20891
20892
20894
20896
20898
20900
20901
20903
20905
20907
20908
20910
20912
20914
20916
20917
20919
20921
20923
20924
20926
20928
20930
20932
20933
20935
20937
20939
20941
20942
20944
20946
20948
20950
20951
20953
20955
20957
20958
20960
20962
20964
20966
20967
20969
20971
20973
20975
20976
20978
20980
20982
20983
20985
20987
20989
20991
20992
20994
20996
20998
21000
21010
21020
21030
21040
21050
21060
21070
21080
21090
21100
21110
21120
21130
21140
21150
21160
21170
21180
21189
21200
21209
21218
21227
21236
21245
21254
21263
21272
21281
21290
21300
21310
21320
21330
21340
21350
21360
21369
21380
21390
21400
21410
21419
21430
21439
21450
21460
21470
21480
21490
21500
21510
21520
21530
21540
21550
21560
21570
21580
21590
21600
21609
21618
21627
21636
21645
21654
21663
21672
21681
21690
21700
21710
21720
21730
21740
21750
21760
21770
21780
21790
21800
21810
21820
21830
21840
21850
21860
21869
21880
21890
21900
21909
21918
21927
21936
21945
21954
21963
21972
21981
21990
22000
22002
22004
22006
22008
22010
22013
22015
22017
22019
22021
22023
22026
22028
22030
22032
22034
22036
22039
22041
22043
22045
22047
22050
22052
22054
22056
22058
22060
22063
22065
22067
22069
22071
22073
22076
22078
22080
22082
22084
22086
22089
22091
22093
22095
22097
22100
22102
22104
22106
22108
22110
22113
22115
22117
22119
22121
22123
22126
22128
22130
22132
22134
22136
22139
22141
22143
22145
22147
22150
22152
22154
22156
22158
22160
22163
22165
22167
22169
22171
22173
22176
22178
22180
22182
22184
22186
22189
22191
22193
22195
22197
22200
22202
22204
22206
22208
22210
22213
22215
22217
22219
22221
22223
22226
22228
22230
22232
22234
22236
22239
22241
22243
22245
22247
22250
22252
22254
22256
22258
22260
22263
22265
22267
22269
22271
22273
22276
22278
22280
22282
22284
22286
22289
22291
22293
22295
22297
22300
22302
22304
22306
22308
22310
22313
22315
22317
22319
22321
22323
22326
22328
22330
22332
22334
22336
22339
22341
22343
22345
22347
22350
22352
22354
22356
22358
22360
22363
22365
22367
22369
22371
22373
22376
22378
22380
22382
22384
22386
22389
22391
22393
22395
22397
22400
22402
22404
22406
22408
22410
22413
22415
22417
22419
22421
22423
22426
22428
22430
22432
22434
22436
22439
22441
22443
22445
22447
22450
22452
22454
22456
22458
22460
22463
22465
22467
22469
22471
22473
22476
22478
22480
22482
22484
22486
22489
22491
22493
22495
22497
22500
22502
22504
22506
22508
22510
22512
22514
22517
22519
22521
22523
22525
22527
22529
22531
22534
22536
22538
22540
22542
22544
22546
22548
22551
22553
22555
22557
22559
22561
22563
22565
22568
22570
22572
22574
22576
22578
22580
22582
22585
22587
22589
22591
22593
22595
22597
22600
22602
22604
22606
22608
22610
22613
22615
22617
22619
22621
22623
22626
22628
22630
22632
22634
22636
22639
22641
22643
22645
22647
22650
22652
22654
22656
22658
22660
22663
22665
22667
22669
22671
22673
22676
22678
22680
22682
22684
22686
22689
22691
22693
22695
22697
22700
22702
22704
22706
22708
22710
22713
22715
22717
22719
22721
22723
22726
22728
22730
22732
22734
22736
22739
22741
22743
22745
22747
22750
22752
22754
22756
22758
22760
22763
22765
22767
22769
22771
22773
22776
22778
22780
22782
22784
22786
22789
22791
22793
22795
22797
22800
22802
22804
22806
22808
22810
22813
22815
22817
22819
22821
22823
22826
22828
22830
22832
22834
22836
22839
22841
22843
22845
22847
22850
22852
22854
22856
22858
22860
22863
22865
22867
22869
22871
22873
22876
22878
22880
22882
22884
22886
22889
22891
22893
22895
22897
22900
22902
22904
22906
22908
22910
22913
22915
22917
22919
22921
22923
22926
22928
22930
22932
22934
22936
22939
22941
22943
22945
22947
22950
22952
22954
22956
22958
22960
22963
22965
22967
22969
22971
22973
22976
22978
22980
22982
22984
22986
22989
22991
22993
22995
22997
23000
23002
23005
23008
23011
23013
23016
23019
23022
23025
23027
23030
23033
23036
23038
23041
23044
23047
23050
23052
23055
23058
23061
23063
23066
23069
23072
23075
23077
23080
23083
23086
23088
23091
23094
23097
23100
23102
23105
23108
23110
23113
23116
23118
23121
23124
23127
23129
23132
23135
23137
23140
23143
23145
23148
23151
23154
23156
23159
23162
23164
23167
23170
23172
23175
23178
23181
23183
23186
23189
23191
23194
23197
23200
23202
23205
23208
23211
23213
23216
23219
23222
23225
23227
23230
23233
23236
23238
23241
23244
23247
23250
23252
23255
23258
23261
23263
23266
23269
23272
23275
23277
23280
23283
23286
23288
23291
23294
23297
23300
23302
23305
23308
23311
23313
23316
23319
23322
23325
23327
23330
23333
23336
23338
23341
23344
23347
23350
23352
23355
23358
23361
23363
23366
23369
23372
23375
23377
23380
23383
23386
23388
23391
23394
23397
23400
23402
23405
23408
23410
23413
23416
23418
23421
23424
23427
23429
23432
23435
23437
23440
23443
23445
23448
23451
23454
23456
23459
23462
23464
23467
23470
23472
23475
23478
23481
23483
23486
23489
23491
23494
23497
23500
23502
23505
23508
23511
23513
23516
23519
23522
23525
23527
23530
23533
23536
23538
23541
23544
23547
23550
23552
23555
23558
23561
23563
23566
23569
23572
23575
23577
23580
23583
23586
23588
23591
23594
23597
23600
23602
23605
23608
23611
23613
23616
23619
23622
23625
23627
23630
23633
23636
23638
23641
23644
23647
23650
23652
23655
23658
23661
23663
23666
23669
23672
23675
23677
23680
23683
23686
23688
23691
23694
23697
23700
23702
23705
23708
23710
23713
23716
23718
23721
23724
23727
23729
23732
23735
23737
23740
23743
23745
23748
23751
23754
23756
23759
23762
23764
23767
23770
23772
23775
23778
23781
23783
23786
23789
23791
23794
23797
23800
23802
23805
23808
23811
23813
23816
23819
23822
23825
23827
23830
23833
23836
23838
23841
23844
23847
23850
23852
23855
23858
23861
23863
23866
23869
23872
23875
23877
23880
23883
23886
23888
23891
23894
23897
23900
23902
23905
23908
23911
23913
23916
23919
23922
23924
23927
23930
23933
23936
23938
23941
23944
23947
23950
23952
23955
23958
23961
23963
23966
23969
23972
23975
23977
23980
23983
23986
23988
23991
23994
23997
24000
24002
24004
24006
24008
24010
24012
24014
24017
24019
24021
24023
24025
24027
24029
24031
24034
24036
24038
24040
24042
24044
24046
24048
24051
24053
24055
24057
24059
24061
24063
24065
24068
24070
24072
24074
24076
24078
24080
24082
24085
24087
24089
24091
24093
24095
24097
24100
24102
24104
24106
24108
24110
24112
24114
24117
24119
24121
24123
24125
24127
24129
24131
24134
24136
24138
24140
24142
24144
24146
24148
24151
24153
24155
24157
24159
24161
24163
24165
24168
24170
24172
24174
24176
24178
24180
24182
24185
24187
24189
24191
24193
24195
24197
24200
24202
24204
24206
24208
24210
24213
24215
24217
24219
24221
24223
24226
24228
24230
24232
24234
24236
24239
24241
24243
24245
24247
24250
24252
24254
24256
24258
24260
24263
24265
24267
24269
24271
24273
24276
24278
24280
24282
24284
24286
24289
24291
24293
24295
24297
24300
24302
24304
24306
24308
24310
24312
24314
24317
24319
24321
24323
24325
24327
24329
24331
24334
24336
24338
24340
24342
24344
24346
24348
24351
24353
24355
24357
24359
24361
24363
24365
24368
24370
24372
24374
24376
24378
24380
24382
24385
24387
24389
24391
24393
24395
24397
24400
24402
24404
24406
24408
24410
24413
24415
24417
24419
24421
24423
24426
24428
24430
24432
24434
24436
24439
24441
24443
24445
24447
24450
24452
24454
24456
24458
24460
24463
24465
24467
24469
24471
24473
24476
24478
24480
24482
24484
24486
24489
24491
24493
24495
24497
24500
24502
24504
24506
24508
24510
24512
24514
24517
24519
24521
24523
24525
24527
24529
24531
24534
24536
24538
24540
24542
24544
24546
24548
24551
24553
24555
24557
24559
24561
24563
24565
24568
24570
24572
24574
24576
24578
24580
24582
24585
24587
24589
24591
24593
24595
24597
24600
24602
24604
24606
24608
24610
24612
24614
24617
24619
24621
24623
24625
24627
24629
24631
24634
24636
24638
24640
24642
24644
24646
24648
24651
24653
24655
24657
24659
24661
24663
24665
24668
24670
24672
24674
24676
24678
24680
24682
24685
24687
24689
24691
24693
24695
24697
24700
24702
24704
24706
24708
24710
24713
24715
24717
24719
24721
24723
24726
24728
24730
24732
24734
24736
24739
24741
24743
24745
24747
24750
24752
24754
24756
24758
24760
24763
24765
24767
24769
24771
24773
24776
24778
24780
24782
24784
24786
24789
24791
24793
24795
24797
24800
24802
24804
24806
24808
24810
24812
24814
24817
24819
24821
24823
24825
24827
24829
24831
24834
24836
24838
24840
24842
24844
24846
24848
24851
24853
24855
24857
24859
24861
24863
24865
24868
24870
24872
24874
24876
24878
24880
24882
24885
24887
24889
24891
24893
24895
24897
24900
24902
24904
24906
24908
24910
24912
24914
24917
24919
24921
24923
24925
24927
24929
24931
24934
24936
24938
24940
24942
24944
24946
24948
24951
24953
24955
24957
24959
24961
24963
24965
24968
24970
24972
24974
24976
24978
24980
24982
24985
24987
24989
24991
24993
24995
24997
25000
25002
25004
25006
25008
25010
25013
25015
25017
25019
25021
25023
25026
25028
25030
25032
25034
25036
25039
25041
25043
25045
25047
25050
25052
25054
25056
25058
25060
25063
25065
25067
25069
25071
25073
25076
25078
25080
25082
25084
25086
25089
25091
25093
25095
25097
25100
25102
25104
25106
25108
25110
25113
25115
25117
25119
25121
25123
25126
25128
25130
25132
25134
25136
25139
25141
25143
25145
25147
25150
25152
25154
25156
25158
25160
25163
25165
25167
25169
25171
25173
25176
25178
25180
25182
25184
25186
25189
25191
25193
25195
25197
25200
25202
25204
25206
25208
25210
25212
25214
25217
25219
25221
25223
25225
25227
25229
25231
25234
25236
25238
25240
25242
25244
25246
25248
25251
25253
25255
25257
25259
25261
25263
25265
25268
25270
25272
25274
25276
25278
25280
25282
25285
25287
25289
25291
25293
25295
25297
25300
25302
25304
25306
25308
25310
25313
25315
25317
25319
25321
25323
25326
25328
25330
25332
25334
25336
25339
25341
25343
25345
25347
25350
25352
25354
25356
25358
25360
25363
25365
25367
25369
25371
25373
25376
25378
25380
25382
25384
25386
25389
25391
25393
25395
25397
25400
25402
25404
25406
25408
25410
25412
25414
25417
25419
25421
25423
25425
25427
25429
25431
25434
25436
25438
25440
25442
25444
25446
25448
25451
25453
25455
25457
25459
25461
25463
25465
25468
25470
25472
25474
25476
25478
25480
25482
25485
25487
25489
25491
25493
25495
25497
25500
25502
25504
25506
25508
25510
25513
25515
25517
25519
25521
25523
25526
25528
25530
25532
25534
25536
25539
25541
25543
25545
25547
25550
25552
25554
25556
25558
25560
25563
25565
25567
25569
25571
25573
25576
25578
25580
25582
25584
25586
25589
25591
25593
25595
25597
25600
25602
25604
25606
25608
25610
25612
25614
25617
25619
25621
25623
25625
25627
25629
25631
25634
25636
25638
25640
25642
25644
25646
25648
25651
25653
25655
25657
25659
25661
25663
25665
25668
25670
25672
25674
25676
25678
25680
25682
25685
25687
25689
25691
25693
25695
25697
25700
25702
25704
25706
25708
25710
25713
25715
25717
25719
25721
25723
25726
25728
25730
25732
25734
25736
25739
25741
25743
25745
25747
25750
25752
25754
25756
25758
25760
25763
25765
25767
25769
25771
25773
25776
25778
25780
25782
25784
25786
25789
25791
25793
25795
25797
25800
25802
25804
25806
25808
25810
25813
25815
25817
25819
25821
25823
25826
25828
25830
25832
25834
25836
25839
25841
25843
25845
25847
25850
25852
25854
25856
25858
25860
25863
25865
25867
25869
25871
25873
25876
25878
25880
25882
25884
25886
25889
25891
25893
25895
25897
25900
25902
25904
25906
25908
25910
25912
25914
25917
25919
25921
25923
25925
25927
25929
25931
25934
25936
25938
25940
25942
25944
25946
25948
25951
25953
25955
25957
25959
25961
25963
25965
25968
25970
25972
25974
25976
25978
25980
25982
25985
25987
25989
25991
25993
25995
25997
26000
26002
26004
26006
26008
26010
26012
26014
26017
26019
26021
26023
26025
26027
26029
26031
26034
26036
26038
26040
26042
26044
26046
26048
26051
26053
26055
26057
26059
26061
26063
26065
26068
26070
26072
26074
26076
26078
26080
26082
26085
26087
26089
26091
26093
26095
26097
26100
26102
26104
26106
26108
26110
26112
26114
26116
26118
26120
26122
26125
26127
26129
26131
26133
26135
26137
26139
26141
26143
26145
26147
26150
26152
26154
26156
26158
26160
26162
26164
26166
26168
26170
26172
26175
26177
26179
26181
26183
26185
26187
26189
26191
26193
26195
26197
26200
26202
26204
26206
26208
26210
26212
26214
26217
26219
26221
26223
26225
26227
26229
26231
26234
26236
26238
26240
26242
26244
26246
26248
26251
26253
26255
26257
26259
26261
26263
26265
26268
26270
26272
26274
26276
26278
26280
26282
26285
26287
26289
26291
26293
26295
26297
26300
26302
26304
26306
26308
26310
26312
26314
26316
26318
26320
26322
26325
26327
26329
26331
26333
26335
26337
26339
26341
26343
26345
26347
26350
26352
26354
26356
26358
26360
26362
26364
26366
26368
26370
26372
26375
26377
26379
26381
26383
26385
26387
26389
26391
26393
26395
26397
26400
26402
26404
26406
26408
26410
26412
26414
26417
26419
26421
26423
26425
26427
26429
26431
26434
26436
26438
26440
26442
26444
26446
26448
26451
26453
26455
26457
26459
26461
26463
26465
26468
26470
26472
26474
26476
26478
26480
26482
26485
26487
26489
26491
26493
26495
26497
26500
26502
26504
26506
26508
26510
26512
26514
26517
26519
26521
26523
26525
26527
26529
26531
26534
26536
26538
26540
26542
26544
26546
26548
26551
26553
26555
26557
26559
26561
26563
26565
26568
26570
26572
26574
26576
26578
26580
26582
26585
26587
26589
26591
26593
26595
26597
26600
26602
26604
26606
26608
26610
26612
26614
26616
26618
26620
26622
26625
26627
26629
26631
26633
26635
26637
26639
26641
26643
26645
26647
26650
26652
26654
26656
26658
26660
26662
26664
26666
26668
26670
26672
26675
26677
26679
26681
26683
26685
26687
26689
26691
26693
26695
26697
26700
26702
26704
26706
26708
26710
26712
26714
26717
26719
26721
26723
26725
26727
26729
26731
26734
26736
26738
26740
26742
26744
26746
26748
26751
26753
26755
26757
26759
26761
26763
26765
26768
26770
26772
26774
26776
26778
26780
26782
26785
26787
26789
26791
26793
26795
26797
26800
26802
26804
26806
26808
26810
26812
26814
26816
26818
26820
26822
26825
26827
26829
26831
26833
26835
26837
26839
26841
26843
26845
26847
26850
26852
26854
26856
26858
26860
26862
26864
26866
26868
26870
26872
26875
26877
26879
26881
26883
26885
26887
26889
26891
26893
26895
26897
26900
26902
26904
26906
26908
26910
26912
26914
26917
26919
26921
26923
26925
26927
26929
26931
26934
26936
26938
26940
26942
26944
26946
26948
26951
26953
26955
26957
26959
26961
26963
26965
26968
26970
26972
26974
26976
26978
26980
26982
26985
26987
26989
26991
26993
26995
26997
27000
27002
27004
27006
27008
27010
27013
27015
27017
27019
27021
27023
27026
27028
27030
27032
27034
27036
27039
27041
27043
27045
27047
27050
27052
27054
27056
27058
27060
27063
27065
27067
27069
27071
27073
27076
27078
27080
27082
27084
27086
27089
27091
27093
27095
27097
27100
27102
27104
27106
27108
27110
27112
27114
27117
27119
27121
27123
27125
27127
27129
27131
27134
27136
27138
27140
27142
27144
27146
27148
27151
27153
27155
27157
27159
27161
27163
27165
27168
27170
27172
27174
27176
27178
27180
27182
27185
27187
27189
27191
27193
27195
27197
27200
27202
27204
27206
27208
27210
27213
27215
27217
27219
27221
27223
27226
27228
27230
27232
27234
27236
27239
27241
27243
27245
27247
27250
27252
27254
27256
27258
27260
27263
27265
27267
27269
27271
27273
27276
27278
27280
27282
27284
27286
27289
27291
27293
27295
27297
27300
27302
27304
27306
27308
27310
27313
27315
27317
27319
27321
27323
27326
27328
27330
27332
27334
27336
27339
27341
27343
27345
27347
27350
27352
27354
27356
27358
27360
27363
27365
27367
27369
27371
27373
27376
27378
27380
27382
27384
27386
27389
27391
27393
27395
27397
27400
27402
27404
27406
27408
27410
27413
27415
27417
27419
27421
27423
27426
27428
27430
27432
27434
27436
27439
27441
27443
27445
27447
27450
27452
27454
27456
27458
27460
27463
27465
27467
27469
27471
27473
27476
27478
27480
27482
27484
27486
27489
27491
27493
27495
27497
27500
27502
27504
27506
27508
27510
27512
27514
27517
27519
27521
27523
27525
27527
27529
27531
27534
27536
27538
27540
27542
27544
27546
27548
27551
27553
27555
27557
27559
27561
27563
27565
27568
27570
27572
27574
27576
27578
27580
27582
27585
27587
27589
27591
27593
27595
27597
27600
27602
27604
27606
27608
27610
27613
27615
27617
27619
27621
27623
27626
27628
27630
27632
27634
27636
27639
27641
27643
27645
27647
27650
27652
27654
27656
27658
27660
27663
27665
27667
27669
27671
27673
27676
27678
27680
27682
27684
27686
27689
27691
27693
27695
27697
27700
27702
27704
27706
27708
27710
27713
27715
27717
27719
27721
27723
27726
27728
27730
27732
27734
27736
27739
27741
27743
27745
27747
27750
27752
27754
27756
27758
27760
27763
27765
27767
27769
27771
27773
27776
27778
27780
27782
27784
27786
27789
27791
27793
27795
27797
27800
27802
27804
27806
27808
27810
27813
27815
27817
27819
27821
27823
27826
27828
27830
27832
27834
27836
27839
27841
27843
27845
27847
27850
27852
27854
27856
27858
27860
27863
27865
27867
27869
27871
27873
27876
27878
27880
27882
27884
27886
27889
27891
27893
27895
27897
27900
27902
27904
27906
27908
27910
27913
27915
27917
27919
27921
27923
27926
27928
27930
27932
27934
27936
27939
27941
27943
27945
27947
27950
27952
27954
27956
27958
27960
27963
27965
27967
27969
27971
27973
27976
27978
27980
27982
27984
27986
27989
27991
27993
27995
27997
28000
28002
28004
28006
28008
28010
28012
28014
28017
28019
28021
28023
28025
28027
28029
28031
28034
28036
28038
28040
28042
28044
28046
28048
28051
28053
28055
28057
28059
28061
28063
28065
28068
28070
28072
28074
28076
28078
28080
28082
28085
28087
28089
28091
28093
28095
28097
28100
28102
28104
28106
28108
28110
28113
28115
28117
28119
28121
28123
28126
28128
28130
28132
28134
28136
28139
28141
28143
28145
28147
28150
28152
28154
28156
28158
28160
28163
28165
28167
28169
28171
28173
28176
28178
28180
28182
28184
28186
28189
28191
28193
28195
28197
28200
28202
28204
28206
28208
28210
28213
28215
28217
28219
28221
28223
28226
28228
28230
28232
28234
28236
28239
28241
28243
28245
28247
28250
28252
28254
28256
28258
28260
28263
28265
28267
28269
28271
28273
28276
28278
28280
28282
28284
28286
28289
28291
28293
28295
28297
28300
28302
28304
28306
28308
28310
28312
28314
28317
28319
28321
28323
28325
28327
28329
28331
28334
28336
28338
28340
28342
28344
28346
28348
28351
28353
28355
28357
28359
28361
28363
28365
28368
28370
28372
28374
28376
28378
28380
28382
28385
28387
28389
28391
28393
28395
28397
28400
28402
28404
28406
28408
28410
28413
28415
28417
28419
28421
28423
28426
28428
28430
28432
28434
28436
28439
28441
28443
28445
28447
28450
28452
28454
28456
28458
28460
28463
28465
28467
28469
28471
28473
28476
28478
28480
28482
28484
28486
28489
28491
28493
28495
28497
28500
28502
28504
28506
28508
28510
28512
28514
28517
28519
28521
28523
28525
28527
28529
28531
28534
28536
28538
28540
28542
28544
28546
28548
28551
28553
28555
28557
28559
28561
28563
28565
28568
28570
28572
28574
28576
28578
28580
28582
28585
28587
28589
28591
28593
28595
28597
28600
28602
28604
28606
28608
28610
28613
28615
28617
28619
28621
28623
28626
28628
28630
28632
28634
28636
28639
28641
28643
28645
28647
28650
28652
28654
28656
28658
28660
28663
28665
28667
28669
28671
28673
28676
28678
28680
28682
28684
28686
28689
28691
28693
28695
28697
28700
28702
28704
28706
28708
28710
28713
28715
28717
28719
28721
28723
28726
28728
28730
28732
28734
28736
28739
28741
28743
28745
28747
28750
28752
28754
28756
28758
28760
28763
28765
28767
28769
28771
28773
28776
28778
28780
28782
28784
28786
28789
28791
28793
28795
28797
28800
28802
28804
28806
28808
28810
28812
28814
28817
28819
28821
28823
28825
28827
28829
28831
28834
28836
28838
28840
28842
28844
28846
28848
28851
28853
28855
28857
28859
28861
28863
28865
28868
28870
28872
28874
28876
28878
28880
28882
28885
28887
28889
28891
28893
28895
28897
28900
28902
28904
28906
28908
28910
28913
28915
28917
28919
28921
28923
28926
28928
28930
28932
28934
28936
28939
28941
28943
28945
28947
28950
28952
28954
28956
28958
28960
28963
28965
28967
28969
28971
28973
28976
28978
28980
28982
28984
28986
28989
28991
28993
28995
28997
29000
29002
29004
29006
29009
29011
29013
29016
29018
29020
29023
29025
29027
29030
29032
29034
29037
29039
29041
29044
29046
29048
29051
29053
29055
29058
29060
29062
29065
29067
29069
29072
29074
29076
29079
29081
29083
29086
29088
29090
29093
29095
29097
29100
29102
29104
29106
29109
29111
29113
29115
29118
29120
29122
29125
29127
29129
29131
29134
29136
29138
29140
29143
29145
29147
29150
29152
29154
29156
29159
29161
29163
29165
29168
29170
29172
29175
29177
29179
29181
29184
29186
29188
29190
29193
29195
29197
29200
29202
29204
29206
29209
29211
29213
29216
29218
29220
29223
29225
29227
29230
29232
29234
29237
29239
29241
29244
29246
29248
29251
29253
29255
29258
29260
29262
29265
29267
29269
29272
29274
29276
29279
29281
29283
29286
29288
29290
29293
29295
29297
29300
29302
29304
29306
29309
29311
29313
29315
29318
29320
29322
29325
29327
29329
29331
29334
29336
29338
29340
29343
29345
29347
29350
29352
29354
29356
29359
29361
29363
29365
29368
29370
29372
29375
29377
29379
29381
29384
29386
29388
29390
29393
29395
29397
29400
29402
29404
29406
29409
29411
29413
29416
29418
29420
29423
29425
29427
29430
29432
29434
29437
29439
29441
29444
29446
29448
29451
29453
29455
29458
29460
29462
29465
29467
29469
29472
29474
29476
29479
29481
29483
29486
29488
29490
29493
29495
29497
29500
29502
29504
29506
29509
29511
29513
29515
29518
29520
29522
29525
29527
29529
29531
29534
29536
29538
29540
29543
29545
29547
29550
29552
29554
29556
29559
29561
29563
29565
29568
29570
29572
29575
29577
29579
29581
29584
29586
29588
29590
29593
29595
29597
29600
29602
29604
29606
29609
29611
29613
29616
29618
29620
29623
29625
29627
29630
29632
29634
29637
29639
29641
29644
29646
29648
29651
29653
29655
29658
29660
29662
29665
29667
29669
29672
29674
29676
29679
29681
29683
29686
29688
29690
29693
29695
29697
29700
29702
29704
29706
29709
29711
29713
29715
29718
29720
29722
29725
29727
29729
29731
29734
29736
29738
29740
29743
29745
29747
29750
29752
29754
29756
29759
29761
29763
29765
29768
29770
29772
29775
29777
29779
29781
29784
29786
29788
29790
29793
29795
29797
29800
29802
29804
29806
29809
29811
29813
29816
29818
29820
29823
29825
29827
29830
29832
29834
29837
29839
29841
29844
29846
29848
29851
29853
29855
29858
29860
29862
29865
29867
29869
29872
29874
29876
29879
29881
29883
29886
29888
29890
29893
29895
29897
29900
29902
29904
29906
29909
29911
29913
29915
29918
29920
29922
29924
29927
29929
29931
29934
29936
29938
29940
29943
29945
29947
29950
29952
29954
29956
29959
29961
29963
29965
29968
29970
29972
29975
29977
29979
29981
29984
29986
29988
29990
29993
29995
29997
30000
