0.10 85351.77
0.20 85351.77
0.30 85351.77
0.40 85351.77
0.50 85351.77
0.60 85351.77
0.70 85351.77
0.80 85351.77
0.90 85351.77
1.00 85351.77
1.10 69379.93
1.20 69379.93
1.30 69379.93
1.40 69379.93
1.50 69379.93
1.60 69379.93
1.70 69379.93
1.80 69379.93
1.90 69379.93
2.00 69379.93
2.10 60573.28
2.20 60573.28
2.30 60573.28
2.40 60573.28
2.50 60573.28
2.60 60573.28
2.70 60573.28
2.80 60573.28
2.90 60573.28
3.00 60573.28
3.10 47032.28
3.20 47032.28
3.30 47032.28
3.40 47032.28
3.50 47032.28
3.60 47032.28
3.70 47032.28
3.80 47032.28
3.90 47032.28
4.00 47032.28
4.10 54627.60
4.20 54627.60
4.30 54627.60
4.40 54627.60
4.50 54627.60
4.60 54627.60
4.70 54627.60
4.80 54627.60
4.90 54627.60
5.00 54627.60
5.10 80112.04
5.20 80112.04
5.30 80112.04
5.40 80112.04
5.50 80112.04
5.60 80112.04
5.70 80112.04
5.80 80112.04
5.90 80112.04
6.00 80112.04
6.10 76439.73
6.20 76439.73
6.30 76439.73
6.40 76439.73
6.50 76439.73
6.60 76439.73
6.70 76439.73
6.80 76439.73
6.90 76439.73
7.00 76439.73
7.10 69014.56
7.20 69014.56
7.30 69014.56
7.40 69014.56
7.50 69014.56
7.60 69014.56
7.70 69014.56
7.80 69014.56
7.90 69014.56
8.00 69014.56
8.10 55598.41
8.20 55598.41
8.30 55598.41
8.40 55598.41
8.50 55598.41
8.60 55598.41
8.70 55598.41
8.80 55598.41
8.90 55598.41
9.00 55598.41
9.10 50205.97
9.20 50205.97
9.30 50205.97
9.40 50205.97
9.50 50205.97
9.60 50205.97
9.70 50205.97
9.80 50205.97
9.90 50205.97
10.00 50205.97
10.10 52097.14
10.20 52097.14
10.30 52097.14
10.40 52097.14
10.50 52097.14
10.60 52097.14
10.70 52097.14
10.80 52097.14
10.90 52097.14
11.00 52097.14
11.10 69693.09
11.20 69693.09
11.30 69693.09
11.40 69693.09
11.50 69693.09
11.60 69693.09
11.70 69693.09
11.80 69693.09
11.90 69693.09
12.00 69693.09
12.10 68706.94
12.20 68706.94
12.30 68706.94
12.40 68706.94
12.50 68706.94
12.60 68706.94
12.70 68706.94
12.80 68706.94
12.90 68706.94
13.00 68706.94
13.10 69364.74
13.20 69364.74
13.30 69364.74
13.40 69364.74
13.50 69364.74
13.60 69364.74
13.70 69364.74
13.80 69364.74
13.90 69364.74
14.00 69364.74
14.10 59032.95
14.20 59032.95
14.30 59032.95
14.40 59032.95
14.50 59032.95
14.60 59032.95
14.70 59032.95
14.80 59032.95
14.90 59032.95
15.00 59032.95
15.10 81694.92
15.20 81694.92
15.30 81694.92
15.40 81694.92
15.50 81694.92
15.60 81694.92
15.70 81694.92
15.80 81694.92
15.90 81694.92
16.00 81694.92
16.10 59518.31
16.20 59518.31
16.30 59518.31
16.40 59518.31
16.50 59518.31
16.60 59518.31
16.70 59518.31
16.80 59518.31
16.90 59518.31
17.00 59518.31
17.10 65754.55
17.20 65754.55
17.30 65754.55
17.40 65754.55
17.50 65754.55
17.60 65754.55
17.70 65754.55
17.80 65754.55
17.90 65754.55
18.00 65754.55
18.10 75093.95
18.20 75093.95
18.30 75093.95
18.40 75093.95
18.50 75093.95
18.60 75093.95
18.70 75093.95
18.80 75093.95
18.90 75093.95
19.00 75093.95
19.10 66108.76
19.20 66108.76
19.30 66108.76
19.40 66108.76
19.50 66108.76
19.60 66108.76
19.70 66108.76
19.80 66108.76
19.90 66108.76
20.00 66108.76
20.10 79917.07
20.20 79917.07
20.30 79917.07
20.40 79917.07
20.50 79917.07
20.60 79917.07
20.70 79917.07
20.80 79917.07
20.90 79917.07
21.00 79917.07
21.10 59523.73
21.20 59523.73
21.30 59523.73
21.40 59523.73
21.50 59523.73
21.60 59523.73
21.70 59523.73
21.80 59523.73
21.90 59523.73
22.00 59523.73
22.10 41954.66
22.20 41954.66
22.30 41954.66
22.40 41954.66
22.50 41954.66
22.60 41954.66
22.70 41954.66
22.80 41954.66
22.90 41954.66
23.00 41954.66
23.10 50100.65
23.20 50100.65
23.30 50100.65
23.40 50100.65
23.50 50100.65
23.60 50100.65
23.70 50100.65
23.80 50100.65
23.90 50100.65
24.00 50100.65
24.10 56138.13
24.20 56138.13
24.30 56138.13
24.40 56138.13
24.50 56138.13
24.60 56138.13
24.70 56138.13
24.80 56138.13
24.90 56138.13
25.00 56138.13
25.10 59173.97
25.20 59173.97
25.30 59173.97
25.40 59173.97
25.50 59173.97
25.60 59173.97
25.70 59173.97
25.80 59173.97
25.90 59173.97
26.00 59173.97
26.10 47550.95
26.20 47550.95
26.30 47550.95
26.40 47550.95
26.50 47550.95
26.60 47550.95
26.70 47550.95
26.80 47550.95
26.90 47550.95
27.00 47550.95
27.10 47470.67
27.20 47470.67
27.30 47470.67
27.40 47470.67
27.50 47470.67
27.60 47470.67
27.70 47470.67
27.80 47470.67
27.90 47470.67
28.00 47470.67
28.10 52136.63
28.20 52136.63
28.30 52136.63
28.40 52136.63
28.50 52136.63
28.60 52136.63
28.70 52136.63
28.80 52136.63
28.90 52136.63
29.00 52136.63
29.10 68576.25
29.20 68576.25
29.30 68576.25
29.40 68576.25
29.50 68576.25
29.60 68576.25
29.70 68576.25
29.80 68576.25
29.90 68576.25
30.00 68576.25
