0.17 30536.0
0.28 37476.0
0.38 34700.0
0.49 40252.0
0.59 30536.0
0.71 47192.0
0.81 27760.0
0.92 40252.0
1.03 33312.0
1.13 22208.0
1.24 27760.0
1.34 33312.0
1.45 30536.0
1.57 26372.0
1.69 31924.0
1.80 51356.0
1.90 41640.0
2.01 34700.0
2.11 31924.0
2.22 34700.0
2.32 29148.0
2.43 27760.0
2.54 20820.0
2.64 26372.0
2.78 8328.0
2.88 40252.0
2.99 34700.0
3.09 30536.0
3.20 36088.0
3.31 22208.0
3.42 38864.0
3.54 24984.0
3.66 37476.0
3.77 34700.0
3.87 33312.0
3.98 38864.0
4.08 33312.0
4.19 40252.0
4.30 38864.0
4.40 37476.0
4.51 33312.0
4.61 30536.0
4.72 27760.0
4.82 31924.0
4.93 38864.0
5.04 15268.0
5.16 27760.0
5.27 33312.0
5.37 29148.0
5.48 31924.0
5.58 30536.0
5.70 27760.0
5.81 31924.0
5.92 31924.0
6.03 30536.0
6.14 29148.0
6.25 38864.0
6.35 31924.0
6.46 30536.0
6.57 27760.0
6.69 27760.0
6.81 36088.0
6.92 31924.0
7.03 36088.0
7.13 30536.0
7.24 27760.0
7.34 27760.0
7.45 29148.0
7.56 33312.0
7.67 33312.0
7.79 37476.0
7.89 41640.0
8.00 27760.0
8.10 19432.0
8.21 36088.0
8.31 34700.0
8.42 31924.0
8.53 29148.0
8.64 27760.0
8.75 37476.0
8.85 31924.0
8.96 31924.0
9.06 29148.0
9.17 23596.0
9.28 31924.0
9.38 36088.0
9.50 33312.0
9.60 34700.0
9.72 34700.0
9.84 23596.0
9.96 24984.0
10.06 30536.0
10.17 9716.0
10.28 34700.0
10.38 27760.0
10.49 37476.0
10.59 34700.0
10.70 37476.0
10.81 36088.0
10.92 38864.0
11.04 36088.0
11.14 16656.0
11.26 29148.0
11.37 33312.0
11.48 29148.0
11.58 33312.0
11.72 2776.0
11.82 33312.0
11.93 29148.0
12.04 31924.0
12.14 20820.0
12.25 24984.0
12.35 23596.0
12.46 29148.0
12.56 26372.0
12.67 30536.0
12.78 30536.0
12.88 31924.0
12.99 37476.0
13.09 31924.0
13.22 29148.0
13.32 31924.0
13.43 37476.0
13.58 33312.0
13.69 37476.0
13.80 37476.0
13.90 29148.0
14.01 31924.0
14.11 20820.0
14.22 29148.0
14.32 24984.0
14.43 27760.0
14.54 27760.0
14.65 12492.0
14.76 33312.0
14.87 34700.0
15.05 11104.0
15.15 37476.0
15.26 33312.0
15.36 30536.0
15.49 33312.0
15.59 36088.0
15.71 43028.0
15.82 31924.0
15.93 29148.0
16.05 41640.0
16.15 27760.0
16.26 19432.0
16.36 30536.0
16.47 36088.0
16.57 22208.0
16.68 23596.0
16.80 31924.0
16.90 27760.0
17.02 31924.0
17.12 30536.0
17.23 26372.0
17.33 27760.0
17.44 27760.0
17.55 33312.0
17.65 24984.0
17.76 29148.0
17.86 19432.0
17.97 33312.0
18.07 27760.0
18.18 30536.0
18.29 30536.0
18.39 20820.0
18.50 16656.0
18.61 15268.0
18.72 20820.0
18.82 20820.0
18.93 19432.0
19.04 16656.0
19.14 22208.0
19.25 24984.0
19.36 23596.0
19.47 38864.0
19.57 27760.0
19.69 36088.0
19.80 26372.0
19.90 20820.0
20.01 31924.0
20.14 9716.0
20.26 18044.0
20.36 22208.0
20.47 34700.0
20.57 15268.0
20.68 26372.0
20.79 29148.0
20.90 23596.0
21.01 24984.0
21.11 20820.0
21.23 19432.0
21.33 20820.0
21.44 11104.0
21.58 19432.0
21.70 22208.0
21.81 20820.0
21.92 18044.0
22.03 24984.0
22.13 22208.0
22.24 24984.0
22.35 23596.0
22.46 24984.0
22.56 20820.0
22.67 19432.0
22.78 18044.0
22.88 22208.0
22.99 22208.0
23.09 20820.0
23.20 20820.0
23.31 30536.0
23.42 30536.0
23.53 30536.0
23.63 23596.0
23.74 30536.0
23.84 26372.0
23.95 33312.0
24.06 31924.0
24.17 26372.0
24.28 26372.0
24.38 27760.0
24.49 26372.0
24.59 29148.0
24.70 29148.0
24.81 31924.0
24.92 29148.0
25.03 27760.0
25.13 26372.0
25.25 27760.0
25.35 29148.0
25.46 20820.0
25.56 22208.0
25.67 33312.0
25.78 23596.0
25.88 23596.0
25.99 27760.0
26.09 13880.0
26.20 26372.0
26.31 23596.0
26.42 15268.0
26.54 13880.0
26.64 12492.0
26.75 15268.0
26.86 22208.0
26.97 19432.0
27.07 18044.0
27.18 18044.0
27.29 19432.0
27.39 12492.0
27.50 15268.0
27.60 18044.0
27.71 11104.0
27.81 18044.0
27.92 27760.0
28.03 24984.0
28.13 19432.0
28.24 24984.0
28.34 18044.0
28.45 26372.0
28.56 20820.0
28.67 20820.0
28.78 18044.0
28.88 19432.0
29.00 15268.0
29.10 22208.0
29.21 22208.0
29.31 24984.0
29.42 20820.0
29.53 19432.0
29.63 12492.0
29.74 19432.0
29.84 24984.0
29.95 34700.0
30.07 29148.0
30.18 26372.0
30.29 37476.0
30.39 24984.0
30.50 30536.0
30.60 24984.0
30.71 29148.0
30.82 27760.0
30.93 22208.0
31.04 20820.0
31.14 18044.0
31.25 22208.0
31.35 30536.0
31.46 38864.0
31.56 24984.0
31.67 29148.0
31.78 27760.0
31.88 22208.0
31.99 27760.0
32.09 23596.0
32.20 20820.0
32.33 29148.0
32.44 37476.0
32.55 37476.0
32.65 9716.0
32.76 38864.0
32.86 31924.0
32.97 29148.0
33.08 20820.0
33.19 22208.0
33.30 22208.0
33.40 22208.0
33.52 20820.0
33.62 15268.0
33.73 22208.0
33.83 22208.0
33.94 18044.0
34.05 22208.0
34.15 24984.0
34.26 15268.0
34.36 16656.0
34.47 20820.0
34.57 19432.0
34.68 23596.0
34.79 24984.0
34.89 22208.0
35.00 30536.0
35.11 23596.0
35.22 30536.0
35.32 20820.0
35.43 26372.0
35.54 29148.0
35.64 22208.0
35.75 22208.0
35.85 27760.0
35.96 20820.0
36.09 15268.0
36.20 31924.0
36.31 24984.0
36.43 24984.0
36.55 31924.0
36.65 30536.0
36.76 27760.0
36.86 19432.0
36.97 27760.0
37.07 26372.0
37.18 27760.0
37.29 24984.0
37.39 19432.0
37.50 18044.0
37.62 30536.0
37.73 36088.0
37.83 24984.0
37.94 29148.0
38.05 24984.0
38.15 24984.0
38.27 34700.0
38.37 33312.0
38.48 30536.0
38.58 22208.0
38.69 22208.0
38.80 31924.0
38.90 15268.0
39.01 20820.0
39.11 15268.0
39.23 30536.0
39.33 26372.0
39.44 23596.0
39.55 33312.0
39.67 22208.0
39.78 33312.0
39.88 20820.0
39.99 34700.0
40.09 13880.0
40.20 18044.0
40.31 22208.0
40.42 19432.0
40.54 26372.0
40.64 27760.0
40.75 31924.0
40.85 26372.0
40.97 34700.0
41.07 31924.0
41.19 29148.0
41.30 22208.0
41.40 20820.0
41.51 23596.0
41.62 26372.0
41.73 20820.0
41.83 16656.0
41.94 30536.0
42.05 23596.0
42.15 30536.0
42.27 34700.0
42.37 16656.0
42.48 29148.0
42.58 16656.0
42.70 22208.0
42.81 11104.0
42.93 9716.0
43.04 23596.0
43.15 22208.0
43.27 36088.0
43.38 16656.0
43.51 20820.0
43.62 15268.0
43.75 11104.0
43.85 13880.0
43.96 12492.0
44.06 15268.0
44.17 13880.0
44.28 18044.0
44.38 12492.0
44.49 18044.0
44.59 11104.0
44.70 15268.0
44.81 13880.0
44.92 16656.0
45.03 24984.0
45.13 31924.0
45.26 27760.0
45.36 41640.0
45.47 34700.0
45.57 51356.0
45.69 48580.0
45.80 47192.0
45.90 44416.0
46.01 24984.0
46.11 40252.0
46.22 31924.0
46.32 62460.0
46.46 2776.0
46.56 49968.0
46.67 66624.0
46.78 56908.0
46.88 38864.0
46.99 49968.0
47.18 37476.0
47.29 58296.0
47.39 52744.0
47.50 37476.0
47.61 34700.0
47.79 38864.0
47.89 47192.0
48.02 65236.0
48.12 41640.0
48.23 38864.0
48.33 49968.0
48.45 33312.0
48.56 24984.0
48.67 27760.0
48.78 22208.0
48.89 24984.0
49.00 22208.0
49.10 29148.0
49.21 48580.0
49.32 45804.0
49.43 55520.0
49.54 41640.0
49.72 29148.0
49.82 26372.0
49.93 19432.0
50.04 31924.0
50.14 31924.0
50.25 26372.0
50.35 27760.0
50.46 34700.0
50.56 20820.0
50.67 27760.0
50.78 37476.0
50.89 45804.0
51.01 37476.0
51.11 30536.0
51.22 19432.0
51.32 31924.0
51.43 58296.0
51.54 36088.0
51.64 26372.0
51.75 30536.0
51.85 38864.0
51.96 20820.0
52.07 24984.0
52.18 24984.0
52.29 31924.0
52.39 33312.0
52.50 30536.0
52.60 30536.0
52.71 29148.0
52.81 58296.0
52.93 40252.0
53.05 51356.0
53.22 29148.0
53.32 26372.0
53.45 34700.0
53.56 29148.0
53.67 34700.0
53.78 45804.0
53.88 34700.0
54.02 62460.0
54.12 47192.0
54.24 48580.0
54.35 34700.0
54.46 49968.0
54.64 26372.0
54.76 70788.0
54.86 41640.0
55.11 59684.0
55.22 66624.0
55.32 47192.0
55.43 40252.0
55.55 45804.0
55.66 44416.0
55.77 31924.0
55.87 26372.0
55.98 16656.0
56.08 18044.0
56.19 24984.0
56.30 27760.0
56.40 27760.0
56.51 20820.0
56.61 24984.0
56.72 27760.0
56.82 23596.0
56.93 37476.0
57.05 29148.0
57.15 27760.0
57.26 33312.0
57.36 29148.0
57.47 9716.0
57.57 13880.0
57.68 24984.0
57.79 15268.0
57.89 24984.0
58.00 27760.0
58.10 24984.0
58.23 19432.0
58.34 11104.0
58.46 23596.0
58.57 27760.0
58.68 40252.0
58.79 23596.0
58.89 38864.0
59.00 41640.0
59.10 41640.0
59.21 48580.0
59.31 43028.0
59.42 56908.0
59.57 4164.0
59.68 59684.0
59.81 62460.0
59.93 59684.0
