0.16 97160.0
0.27 95772.0
0.38 81892.0
0.50 80504.0
0.61 102712.0
0.71 83280.0
0.82 90220.0
0.92 90220.0
1.03 97160.0
1.13 66624.0
1.24 99936.0
1.35 66624.0
1.45 76340.0
1.56 69400.0
1.66 63848.0
1.78 88832.0
1.88 58296.0
1.99 37476.0
2.10 41640.0
2.20 24984.0
2.31 16656.0
2.41 22208.0
2.52 16656.0
2.64 19432.0
2.75 22208.0
2.86 23596.0
2.96 20820.0
3.07 24984.0
3.17 23596.0
3.29 30536.0
3.39 27760.0
3.50 31924.0
3.63 19432.0
3.74 23596.0
3.85 19432.0
3.97 9716.0
4.08 16656.0
4.18 15268.0
4.30 18044.0
4.40 12492.0
4.53 12492.0
4.65 9716.0
4.77 12492.0
4.91 18044.0
5.04 13880.0
5.14 16656.0
5.25 13880.0
5.40 2776.0
5.53 4164.0
5.65 6940.0
5.78 6940.0
5.88 2776.0
5.99 9716.0
6.12 5552.0
6.26 4164.0
6.38 4164.0
6.49 4164.0
6.67 6940.0
6.80 6940.0
6.90 6940.0
7.02 15268.0
7.13 16656.0
7.24 15268.0
7.37 11104.0
7.47 8328.0
7.59 4164.0
7.69 4164.0
7.82 6940.0
7.94 8328.0
8.10 4164.0
8.23 5552.0
8.42 5552.0
8.58 2776.0
8.68 4164.0
8.92 5552.0
9.06 5552.0
9.19 5552.0
9.30 6940.0
9.40 5552.0
9.54 15268.0
9.68 2776.0
9.79 5552.0
9.91 8328.0
10.03 9716.0
10.16 2776.0
10.28 11104.0
10.38 6940.0
10.50 8328.0
10.62 9716.0
10.76 9716.0
10.87 15268.0
10.97 15268.0
11.09 13880.0
11.22 5552.0
11.34 11104.0
11.45 13880.0
11.56 16656.0
11.66 13880.0
11.78 13880.0
11.88 19432.0
12.00 9716.0
12.11 15268.0
12.21 20820.0
12.35 13880.0
12.46 12492.0
12.57 12492.0
12.68 11104.0
12.79 11104.0
12.90 18044.0
13.01 19432.0
13.12 15268.0
13.22 12492.0
13.33 16656.0
13.43 16656.0
13.55 19432.0
13.65 12492.0
13.80 15268.0
13.92 11104.0
14.03 16656.0
14.13 19432.0
14.24 15268.0
14.38 18044.0
14.49 13880.0
14.60 15268.0
14.70 16656.0
14.81 20820.0
14.92 16656.0
15.03 16656.0
15.13 22208.0
15.24 23596.0
15.35 18044.0
15.45 15268.0
15.56 20820.0
15.67 16656.0
15.78 16656.0
15.88 18044.0
16.00 19432.0
16.12 16656.0
16.23 6940.0
16.35 6940.0
16.45 19432.0
16.56 18044.0
16.67 12492.0
16.78 13880.0
16.88 16656.0
17.02 26372.0
17.14 34700.0
17.25 24984.0
17.36 20820.0
17.46 24984.0
17.57 26372.0
17.67 22208.0
17.78 23596.0
17.90 24984.0
18.01 26372.0
18.12 20820.0
18.22 27760.0
18.33 29148.0
18.43 18044.0
18.54 20820.0
18.64 20820.0
18.76 18044.0
18.87 23596.0
18.97 13880.0
19.08 23596.0
19.18 23596.0
19.30 30536.0
19.40 33312.0
19.51 26372.0
19.62 31924.0
19.72 26372.0
19.83 29148.0
19.93 30536.0
20.04 29148.0
20.14 24984.0
20.25 30536.0
20.36 29148.0
20.46 23596.0
20.57 26372.0
20.68 23596.0
20.79 23596.0
20.89 13880.0
21.01 23596.0
21.12 22208.0
21.23 15268.0
21.34 29148.0
21.44 23596.0
21.55 15268.0
21.65 13880.0
21.77 19432.0
21.88 13880.0
21.99 18044.0
22.10 12492.0
22.20 13880.0
22.31 23596.0
22.41 12492.0
22.52 16656.0
22.63 15268.0
22.74 13880.0
22.86 13880.0
22.96 13880.0
23.07 13880.0
23.18 12492.0
23.29 19432.0
23.41 18044.0
23.52 22208.0
23.63 23596.0
23.74 18044.0
23.85 13880.0
23.96 16656.0
24.07 19432.0
24.17 22208.0
24.28 18044.0
24.39 15268.0
24.50 22208.0
24.61 18044.0
24.73 20820.0
24.84 24984.0
24.96 18044.0
25.07 16656.0
25.17 15268.0
25.28 20820.0
25.38 11104.0
25.49 13880.0
25.60 18044.0
25.70 16656.0
25.81 26372.0
25.91 24984.0
26.02 23596.0
26.14 23596.0
26.26 15268.0
26.38 20820.0
26.49 26372.0
26.60 31924.0
26.70 22208.0
26.81 36088.0
26.91 41640.0
27.02 40252.0
27.13 27760.0
27.25 31924.0
27.36 13880.0
27.46 15268.0
27.57 24984.0
27.67 15268.0
27.80 22208.0
27.90 23596.0
28.02 19432.0
28.13 22208.0
28.24 20820.0
28.35 16656.0
28.46 12492.0
28.57 26372.0
28.68 20820.0
28.80 22208.0
28.90 9716.0
29.01 11104.0
29.12 8328.0
29.22 8328.0
29.35 9716.0
29.45 13880.0
29.58 6940.0
29.69 6940.0
29.81 16656.0
29.95 6940.0
30.08 6940.0
30.19 11104.0
30.31 5552.0
30.41 11104.0
30.52 15268.0
30.64 16656.0
30.75 23596.0
30.86 24984.0
30.96 18044.0
31.07 19432.0
31.17 20820.0
31.29 18044.0
31.39 20820.0
31.51 26372.0
31.62 26372.0
31.72 24984.0
31.84 20820.0
31.95 11104.0
32.06 30536.0
32.16 20820.0
32.27 20820.0
32.38 15268.0
32.50 22208.0
32.62 23596.0
32.73 12492.0
32.84 19432.0
32.94 6940.0
33.06 15268.0
33.17 18044.0
33.28 22208.0
33.38 15268.0
33.49 19432.0
33.60 19432.0
33.70 20820.0
33.81 19432.0
33.91 24984.0
34.02 19432.0
34.13 9716.0
34.25 16656.0
34.36 22208.0
34.46 16656.0
34.57 9716.0
34.67 19432.0
34.78 13880.0
34.88 16656.0
34.99 19432.0
35.10 15268.0
35.20 18044.0
35.31 26372.0
35.41 20820.0
35.52 22208.0
35.63 19432.0
35.74 20820.0
35.85 15268.0
35.95 20820.0
36.06 20820.0
36.16 11104.0
36.27 23596.0
36.38 27760.0
36.49 13880.0
36.60 20820.0
36.71 15268.0
36.82 22208.0
36.92 19432.0
37.03 23596.0
37.13 15268.0
37.24 29148.0
37.35 27760.0
37.45 19432.0
37.58 27760.0
37.68 27760.0
37.80 20820.0
37.90 23596.0
38.01 31924.0
38.12 23596.0
38.22 26372.0
38.33 31924.0
38.43 31924.0
38.54 30536.0
38.64 33312.0
38.75 56908.0
38.86 29148.0
38.96 22208.0
39.08 24984.0
39.19 22208.0
39.30 18044.0
39.41 11104.0
39.52 26372.0
39.63 34700.0
39.74 33312.0
39.85 18044.0
39.97 20820.0
40.08 29148.0
40.18 16656.0
40.29 23596.0
40.39 16656.0
40.50 30536.0
40.61 40252.0
40.71 33312.0
40.82 16656.0
40.92 37476.0
41.04 23596.0
41.14 30536.0
41.25 31924.0
41.36 34700.0
41.46 16656.0
41.57 36088.0
41.68 26372.0
41.82 23596.0
41.92 38864.0
42.03 38864.0
42.13 26372.0
42.24 31924.0
42.35 34700.0
42.45 22208.0
42.56 30536.0
42.66 23596.0
42.77 55520.0
42.88 29148.0
42.99 44416.0
43.10 33312.0
43.20 34700.0
43.31 36088.0
43.41 37476.0
43.52 23596.0
43.63 18044.0
43.75 22208.0
43.86 27760.0
43.96 23596.0
44.07 26372.0
44.17 33312.0
44.28 38864.0
44.38 23596.0
44.49 31924.0
44.60 30536.0
44.70 30536.0
44.82 41640.0
44.92 33312.0
45.03 36088.0
45.13 22208.0
45.24 26372.0
45.36 26372.0
45.46 27760.0
45.57 31924.0
45.67 43028.0
45.78 47192.0
45.88 36088.0
45.99 47192.0
46.10 44416.0
46.20 31924.0
46.32 26372.0
46.42 16656.0
46.54 23596.0
46.64 33312.0
46.75 51356.0
46.86 45804.0
46.96 34700.0
47.08 40252.0
47.18 26372.0
47.29 36088.0
47.39 44416.0
47.50 38864.0
47.61 33312.0
47.72 30536.0
47.83 34700.0
47.93 27760.0
48.04 31924.0
48.14 27760.0
48.25 36088.0
48.36 33312.0
48.46 31924.0
48.58 33312.0
48.68 24984.0
48.79 24984.0
48.89 20820.0
49.00 23596.0
49.11 43028.0
49.21 37476.0
49.32 45804.0
49.42 38864.0
49.54 22208.0
49.64 31924.0
49.75 38864.0
49.87 40252.0
49.98 36088.0
50.10 37476.0
50.20 33312.0
50.31 33312.0
50.41 33312.0
50.52 33312.0
50.63 37476.0
50.74 40252.0
50.85 26372.0
50.95 22208.0
51.06 22208.0
51.16 27760.0
51.27 31924.0
51.38 19432.0
51.49 20820.0
51.60 30536.0
51.70 22208.0
51.82 29148.0
51.92 30536.0
52.03 27760.0
52.13 29148.0
52.24 43028.0
52.35 45804.0
52.45 34700.0
52.57 31924.0
52.67 30536.0
52.78 40252.0
52.88 30536.0
52.99 37476.0
53.10 26372.0
53.20 20820.0
53.31 31924.0
53.41 31924.0
53.52 37476.0
53.63 31924.0
53.74 29148.0
53.85 36088.0
53.95 33312.0
54.06 40252.0
54.16 41640.0
54.27 33312.0
54.38 40252.0
54.49 37476.0
54.60 44416.0
54.70 31924.0
54.81 31924.0
54.91 44416.0
55.02 33312.0
55.13 27760.0
55.24 37476.0
55.35 47192.0
55.46 47192.0
55.57 34700.0
55.67 30536.0
55.78 44416.0
55.88 29148.0
55.99 41640.0
56.10 40252.0
56.20 77728.0
56.31 47192.0
56.41 33312.0
56.52 37476.0
56.63 30536.0
56.74 43028.0
56.86 40252.0
56.96 44416.0
57.07 48580.0
57.17 40252.0
57.28 37476.0
57.38 48580.0
57.49 33312.0
57.60 55520.0
57.70 44416.0
57.81 36088.0
57.91 33312.0
58.02 52744.0
58.13 52744.0
58.25 48580.0
58.36 47192.0
58.46 30536.0
58.57 31924.0
58.67 43028.0
58.78 36088.0
58.88 29148.0
58.99 33312.0
59.11 52744.0
59.21 37476.0
59.32 37476.0
59.42 33312.0
59.53 33312.0
59.63 47192.0
59.74 36088.0
59.85 40252.0
59.95 30536.0
