3
6
9
12
15
18
21
24
27
30
33
36
39
42
45
48
51
54
57
60
64
69
73
78
82
87
91
96
100
105
110
114
119
123
128
132
137
141
146
150
155
160
164
168
172
177
181
185
190
194
198
202
207
211
215
220
224
228
232
237
241
245
250
254
258
262
267
271
275
280
282
285
288
290
293
296
298
301
304
307
309
312
315
317
320
323
325
328
331
334
336
339
342
344
347
350
352
355
358
361
363
366
369
371
374
377
380
398
417
436
455
473
492
511
530
533
537
540
544
547
551
555
558
562
565
569
572
576
580
583
587
590
594
597
601
605
608
612
615
619
622
626
630
633
637
640
644
647
651
654
658
661
665
668
672
675
679
682
686
690
693
697
700
704
707
711
714
718
721
725
728
732
735
739
742
746
750
755
761
767
773
778
784
790
796
802
807
813
819
825
831
836
842
848
854
860
871
882
893
904
915
926
937
948
960
969
978
987
996
1005
1015
1024
1033
1042
1051
1060
1070
1085
1101
1117
1132
1148
1164
1180
1187
1194
1202
1209
1216
1224
1231
1238
1246
1253
1260
1268
1275
1282
1290
1300
1310
1320
1330
1339
1349
1359
1369
1380
1390
1402
1414
1426
1438
1451
1463
1475
1487
1500
1505
1510
1515
1520
1526
1531
1536
1541
1547
1552
1557
1562
1568
1573
1578
1583
1589
1594
1599
1604
1610
1615
1620
1625
1630
1635
1640
1645
1650
1655
1660
1665
1670
1675
1680
1685
1690
1695
1700
1705
1710
1716
1723
1730
1736
1743
1750
1756
1763
1770
1776
1783
1790
1796
1803
1810
1816
1823
1830
1836
1843
1850
1856
1863
1870
1876
1883
1890
1896
1903
1910
1916
1923
1930
1937
1945
1953
1961
1969
1977
1984
1992
2000
2008
2016
2024
2032
2040
2048
2056
2065
2073
2081
2090
2098
2106
2115
2123
2131
2140
2152
2164
2176
2188
2201
2213
2225
2237
2250
2263
2277
2291
2304
2318
2332
2346
2360
2373
2387
2401
2415
2428
2442
2456
2470
2490
2510
2530
2550
2570
2590
2603
2617
2631
2645
2658
2672
2686
2700
2711
2722
2733
2744
2755
2766
2777
2788
2799
2810
2823
2837
2851
2865
2878
2892
2906
2920
2938
2956
2974
2993
3011
3030
3042
3054
3067
3080
3092
3105
3117
3130
3148
3166
3185
3203
3221
3240
3257
3275
3292
3310
3327
3344
3362
3380
3397
3414
3431
3448
3465
3482
3500
3536
3573
3610
3621
3632
3643
3654
3665
3676
3687
3698
3710
3721
3731
3743
3754
3764
3776
3787
3798
3808
3820
3831
3842
3853
3864
3875
3886
3897
3908
3920
3948
3976
4003
4032
4059
4069
4080
4090
4100
4109
4120
4130
4140
4150
4160
4172
4184
4196
4208
4221
4233
4245
4257
4270
4283
4297
4311
4324
4338
4352
4366
4380
4391
4402
4413
4424
4435
4446
4457
4468
4479
4490
4502
4514
4526
4538
4551
4563
4575
4587
4600
4609
4618
4627
4636
4645
4654
4663
4672
4681
4690
4700
4711
4722
4733
4744
4755
4766
4777
4787
4798
4810
4819
4830
4840
4850
4859
4870
4880
4890
4900
4910
4919
4928
4937
4946
4955
4965
4974
4983
4992
5001
5010
5020
5029
5040
5050
5060
5069
5080
5090
5100
5109
5120
5130
5138
5147
5156
5164
5173
5181
5190
5199
5208
5216
5225
5234
5242
5251
5260
5268
5276
5285
5293
5302
5310
5319
5327
5336
5344
5353
5361
5370
5380
5390
5400
5410
5420
5430
5440
5450
5460
5470
5480
5489
5498
5507
5516
5526
5535
5544
5553
5563
5572
5581
5590
5600
5607
5614
5621
5628
5635
5642
5650
5657
5664
5671
5678
5685
5692
5700
5710
5720
5730
5740
5750
5760
5770
5779
5790
5800
5810
5817
5825
5833
5840
5848
5856
5863
5871
5879
5886
5894
5902
5910
5918
5926
5935
5943
5952
5960
5969
5977
5986
5994
6003
6011
6020
6034
6048
6062
6077
6091
6105
6120
6131
6142
6153
6164
6175
6186
6197
6208
6219
6230
6243
6257
6271
6285
6298
6312
6326
6340
6346
6353
6360
6366
6373
6380
6386
6393
6400
6406
6413
6420
6426
6433
6440
6451
6462
6473
6484
6495
6506
6517
6528
6539
6550
6558
6566
6575
6583
6591
6600
6608
6616
6625
6633
6641
6650
6656
6662
6669
6675
6682
6688
6695
6701
6708
6714
6721
6727
6734
6740
6747
6753
6760
6769
6778
6787
6796
6806
6815
6824
6833
6843
6852
6861
6870
6880
6889
6898
6907
6916
6925
6935
6944
6953
6962
6971
6980
6990
6995
7001
7007
7013
7018
7024
7030
7036
7042
7047
7053
7059
7065
7071
7076
7082
7088
7094
7100
7105
7111
7116
7122
7127
7133
7138
7144
7150
7155
7161
7166
7172
7177
7183
7188
7194
7200
7205
7211
7216
7222
7227
7233
7238
7244
7249
7255
7260
7266
7271
7277
7282
7287
7293
7298
7304
7310
7315
7321
7327
7333
7339
7345
7351
7357
7362
7368
7374
7380
7386
7392
7398
7404
7410
7417
7425
7433
7441
7449
7457
7465
7472
7480
7488
7496
7504
7512
7520
7526
7532
7538
7545
7551
7557
7563
7570
7576
7582
7588
7595
7601
7607
7613
7620
7625
7631
7636
7642
7647
7653
7658
7664
7669
7675
7680
7686
7691
7697
7702
7708
7713
7719
7724
7730
7735
7741
7747
7753
7758
7764
7770
7776
7782
7787
7793
7799
7805
7811
7816
7822
7828
7834
7840
7844
7848
7853
7857
7861
7866
7870
7874
7879
7883
7887
7892
7896
7900
7905
7909
7913
7918
7922
7926
7931
7935
7940
7947
7954
7962
7969
7976
7984
7991
7998
8006
8013
8020
8028
8035
8042
8050
8055
8061
8067
8073
8079
8085
8091
8097
8102
8108
8114
8120
8126
8132
8138
8144
8150
8153
8156
8159
8162
8166
8169
8172
8175
8179
8182
8185
8188
8192
8195
8198
8201
8205
8208
8211
8214
8217
8221
8224
8227
8230
8234
8237
8240
8243
8247
8250
8253
8256
8260
8263
8267
8271
8275
8279
8283
8287
8291
8295
8299
8303
8307
8311
8315
8318
8322
8326
8330
8334
8338
8342
8346
8350
8354
8358
8362
8366
8370
8373
8376
8379
8382
8386
8389
8392
8395
8399
8402
8405
8408
8412
8415
8418
8421
8425
8428
8431
8434
8437
8441
8444
8447
8450
8454
8457
8460
8463
8467
8470
8473
8476
8480
8487
8495
8503
8511
8519
8527
8535
8542
8550
8558
8566
8574
8582
8590
8597
8605
8613
8620
8628
8636
8643
8651
8659
8666
8674
8682
8690
8701
8712
8722
8734
8745
8756
8767
8778
8789
8800
8810
8820
8830
8840
8850
8860
8870
8880
8890
8900
8910
8920
8930
8940
8950
8960
8970
8980
8990
9000
9010
9023
9037
9051
9065
9078
9092
9106
9120
9129
9139
9150
9160
9170
9180
9190
9200
9210
9220
9230
9241
9252
9263
9274
9285
9296
9307
9318
9329
9340
9346
9353
9360
9366
9373
9379
9386
9393
9400
9406
9413
9420
9426
9433
9440
9446
9452
9459
9465
9472
9478
9485
9491
9498
9504
9511
9517
9524
9530
9537
9543
9550
9557
9565
9573
9580
9588
9596
9603
9611
9619
9626
9634
9642
9650
9656
9662
9669
9675
9682
9688
9695
9701
9708
9714
9721
9727
9734
9740
9747
9753
9760
9767
9774
9781
9788
9795
9802
9809
9816
9823
9830
9837
9844
9851
9858
9865
9872
9880
9887
9894
9902
9909
9916
9924
9931
9938
9946
9953
9960
9968
9975
9982
9990
9996
10002
10009
10015
10022
10028
10035
10041
10048
10054
10061
10067
10074
10080
10087
10093
10100
10105
10111
10117
10123
10129
10135
10141
10147
10152
10158
10164
10170
10176
10182
10188
10194
10200
10205
10210
10216
10222
10227
10233
10238
10244
10249
10254
10260
10266
10271
10277
10282
10288
10293
10299
10304
10310
10324
10338
10352
10367
10381
10395
10410
10422
10434
10446
10458
10471
10483
10495
10507
10520
10528
10536
10545
10553
10561
10570
10578
10586
10594
10603
10611
10620
10628
10636
10644
10652
10660
10668
10676
10684
10692
10700
10708
10716
10724
10732
10740
10748
10756
10765
10773
10782
10790
10799
10807
10816
10824
10833
10841
10850
10859
10868
10877
10886
10895
10904
10913
10922
10931
10940
10950
10955
10960
10966
10972
10977
10983
10988
10994
10999
11004
11010
11016
11021
11027
11032
11038
11043
11049
11054
11060
11066
11073
11080
11086
11093
11100
11106
11113
11120
11126
11133
11140
11146
11153
11160
11170
11181
11192
11203
11214
11225
11236
11247
11258
11269
11280
11287
11295
11303
11310
11318
11326
11333
11341
11349
11356
11364
11372
11380
11387
11395
11403
11411
11419
11427
11435
11442
11450
11458
11466
11474
11482
11490
11499
11508
11517
11526
11535
11545
11554
11563
11572
11581
11590
11600
11607
11615
11623
11630
11638
11646
11653
11661
11669
11676
11684
11692
11700
11709
11718
11727
11736
11745
11754
11764
11773
11782
11791
11800
11810
11817
11824
11831
11838
11845
11852
11860
11867
11874
11881
11888
11895
11902
11910
11920
11931
11942
11953
11964
11975
11986
11997
12008
12019
12030
12038
12046
12055
12063
12071
12080
12088
12096
12105
12113
12121
12130
12143
12157
12171
12185
12198
12212
12226
12240
12250
12261
12272
12283
12294
12305
12316
12327
12338
12349
12360
12368
12376
12385
12393
12401
12410
12418
12426
12435
12443
12451
12460
12470
12481
12492
12503
12514
12525
12536
12547
12558
12569
12580
12588
12596
12605
12613
12621
12629
12638
12646
12655
12663
12671
12680
12690
12700
12709
12719
12729
12740
12750
12760
12770
12780
12790
12799
12808
12817
12826
12835
12844
12853
12862
12871
12880
12890
12900
12910
12920
12930
12940
12950
12960
12970
12980
12990
13000
13007
13015
13022
13030
13037
13045
13052
13059
13067
13075
13082
13090
13097
13104
13112
13120
13129
13138
13147
13156
13166
13175
13184
13193
13203
13212
13221
13230
13240
13247
13255
13263
13271
13279
13287
13295
13302
13310
13318
13326
13334
13342
13350
13360
13370
13379
13389
13399
13410
13420
13430
13440
13450
13462
13474
13486
13498
13511
13523
13535
13547
13560
13570
13580
13590
13600
13610
13620
13630
13640
13650
13660
13668
13676
13685
13693
13702
13710
13719
13727
13736
13744
13753
13761
13770
13776
13783
13790
13796
13803
13809
13816
13823
13830
13836
13843
13850
13856
13863
13870
13877
13885
13893
13901
13909
13917
13924
13932
13940
13948
13956
13964
13972
13980
13988
13996
14005
14013
14022
14030
14039
14047
14056
14064
14073
14081
14090
14095
14101
14106
14112
14117
14123
14128
14134
14140
14145
14151
14156
14162
14167
14173
14178
14184
14190
14198
14206
14215
14223
14232
14240
14249
14257
14266
14274
14283
14291
14300
14308
14316
14325
14333
14341
14350
14358
14366
14375
14383
14391
14400
14407
14414
14422
14429
14436
14444
14451
14458
14466
14473
14480
14488
14495
14502
14510
14517
14524
14532
14539
14546
14554
14561
14568
14575
14583
14590
14597
14605
14612
14620
14629
14639
14650
14660
14670
14680
14690
14700
14710
14720
14730
14739
14748
14757
14766
14775
14785
14794
14803
14812
14821
14830
14840
14846
14852
14858
14865
14871
14877
14883
14890
14896
14902
14908
14915
14921
14927
14933
14940
14950
14959
14969
14980
14990
15000
15010
15020
15030
15040
15050
15060
15070
15080
15090
15100
15110
15120
15130
15140
15150
15160
15168
15176
15184
15192
15200
15208
15216
15224
15232
15240
15248
15256
15264
15272
15280
15291
15303
15315
15327
15339
15350
15362
15374
15386
15398
15410
15424
15438
15452
15466
15480
15494
15508
15522
15536
15550
15560
15571
15582
15593
15604
15615
15626
15637
15648
15659
15670
15692
15714
15735
15758
15780
15793
15807
15821
15835
15848
15862
15876
15890
15910
15930
15950
15970
15990
16010
16030
16040
16050
16060
16070
16079
16090
16100
16110
16119
16129
16145
16160
16175
16189
16204
16219
16235
16250
16259
16268
16277
16286
16295
16305
16314
16323
16332
16341
16350
16360
16367
16375
16383
16391
16399
16407
16415
16422
16430
16438
16446
16454
16462
16470
16485
16501
16517
16532
16548
16564
16580
16590
16599
16610
16619
16630
16640
16650
16660
16669
16680
16689
16698
16707
16716
16725
16735
16744
16753
16762
16771
16780
16790
16800
16810
16820
16830
16840
16850
16860
16870
16880
16890
16903
16917
16931
16945
16958
16972
16986
17000
17009
17018
17027
17036
17045
17055
17064
17073
17082
17091
17100
17110
17120
17130
17140
17150
17160
17170
17180
17190
17200
17210
17223
17236
17250
17263
17276
17290
17303
17316
17330
17342
17354
17367
17380
17392
17405
17417
17430
17443
17456
17470
17483
17496
17510
17523
17536
17550
17558
17566
17575
17583
17591
17600
17608
17616
17625
17633
17641
17650
17660
17671
17682
17693
17703
17714
17725
17736
17746
17757
17768
17779
17790
17799
17808
17817
17826
17835
17844
17853
17862
17871
17880
17890
17902
17914
17926
17938
17951
17963
17975
17987
18000
18030
18060
18090
18120
18150
18180
18210
18240
18264
18288
18311
18336
18360
18371
18382
18393
18404
18415
18426
18437
18448
18460
18470
18480
18490
18500
18510
18520
18530
18540
18550
18560
18570
18582
18595
18607
18620
18632
18645
18657
18670
18700
18730
18759
18790
18801
18811
18823
18834
18845
18855
18866
18878
18889
18900
18910
18919
18930
18940
18950
18960
18970
18980
18990
19000
19010
19017
19024
19032
19039
19046
19054
19061
19068
19076
19083
19090
19098
19105
19112
19120
19130
19141
19152
19163
19174
19185
19196
19207
19218
19229
19240
19248
19257
19265
19274
19282
19291
19299
19308
19317
19325
19334
19342
19351
19360
19366
19373
19380
19387
19394
19401
19408
19415
19421
19428
19435
19442
19449
19456
19463
19470
19476
19482
19489
19495
19502
19508
19515
19521
19528
19534
19541
19547
19554
19560
19567
19573
19580
19584
19587
19592
19596
19599
19604
19607
19612
19616
19619
19624
19628
19631
19636
19640
19644
19648
19652
19656
19660
19663
19668
19672
19676
19680
19684
19689
19694
19699
19703
19708
19713
19718
19723
19727
19732
19737
19742
19746
19751
19756
19761
19766
19770
19775
19780
19785
19790
19902
20015
20127
20240
20241
20244
20246
20247
20250
20252
20253
20256
20258
20259
20262
20264
20266
20268
20270
20272
20274
20276
20278
20280
20282
20284
20286
20288
20290
20292
20294
20296
20298
20300
20302
20304
20306
20308
20310
20312
20314
20316
20318
20320
20322
20324
20326
20328
20330
20332
20334
20336
20338
20340
20342
20344
20346
20348
20350
20355
20361
20367
20373
20379
20385
20391
20397
20402
20408
20414
20420
20426
20432
20438
20444
20450
20453
20456
20460
20463
20467
20470
20474
20477
20480
20484
20487
20491
20494
20498
20501
20505
20508
20511
20515
20518
20522
20525
20529
20532
20535
20539
20542
20546
20549
20553
20556
20560
20563
20566
20569
20572
20575
20578
20582
20585
20588
20591
20594
20597
20600
20604
20607
20610
20613
20616
20619
20622
20626
20629
20632
20635
20638
20641
20644
20648
20651
20654
20657
20660
20663
20666
20670
20674
20678
20682
20686
20691
20695
20699
20703
20708
20712
20716
20720
20725
20729
20733
20737
20741
20746
20750
20754
20758
20763
20767
20771
20775
20780
20783
20786
20790
20793
20797
20800
20804
20807
20811
20814
20817
20821
20824
20828
20831
20835
20838
20842
20845
20848
20852
20855
20859
20862
20866
20869
20873
20876
20880
20883
20886
20889
20892
20896
20899
20902
20905
20909
20912
20915
20918
20922
20925
20928
20931
20935
20938
20941
20944
20947
20951
20954
20957
20960
20964
20967
20970
20973
20977
20980
20983
20986
20990
20994
20999
21004
21009
21013
21018
21023
21028
21033
21037
21042
21047
21052
21056
21061
21066
21071
21076
21080
21085
21090
21095
21100
21109
21118
21128
21137
21146
21156
21165
21175
21184
21193
21203
21212
21221
21231
21240
21250
21253
21257
21261
21265
21269
21273
21277
21281
21285
21289
21293
21297
21301
21305
21308
21312
21316
21320
21324
21328
21332
21336
21340
21344
21348
21352
21356
21360
21366
21373
21379
21386
21392
21399
21405
21412
21418
21425
21431
21438
21445
21451
21458
21464
21471
21477
21484
21490
21497
21503
21510
21516
21523
21530
21532
21535
21537
21540
21542
21545
21547
21550
21553
21555
21558
21560
21563
21565
21568
21571
21573
21576
21578
21581
21583
21586
21588
21591
21594
21596
21599
21601
21604
21606
21609
21612
21614
21617
21619
21622
21624
21627
21630
21633
21636
21639
21642
21645
21648
21651
21654
21657
21660
21663
21666
21669
21672
21675
21678
21681
21685
21688
21691
21694
21697
21700
21703
21706
21709
21712
21715
21718
21721
21724
21727
21730
21733
21736
21740
21743
21747
21751
21755
21758
21762
21766
21770
21774
21777
21781
21785
21789
21793
21796
21800
21804
21808
21812
21815
21819
21823
21827
21831
21834
21838
21842
21846
21850
21853
21856
21860
21863
21867
21870
21874
21877
21881
21884
21887
21891
21894
21898
21901
21905
21908
21912
21915
21918
21922
21925
21929
21932
21936
21939
21943
21946
21950
21952
21955
21958
21961
21964
21967
21970
21973
21976
21979
21982
21985
21988
21991
21994
21997
22000
22003
22006
22009
22012
22015
22018
22021
22024
22027
22030
22033
22036
22039
22042
22045
22048
22051
22054
22057
22060
22064
22068
22072
22076
22080
22085
22089
22093
22097
22101
22105
22110
22114
22118
22122
22126
22130
22134
22139
22143
22147
22151
22155
22160
22164
22168
22172
22176
22181
22185
22189
22193
22198
22202
22206
22210
22215
22219
22223
22227
22231
22236
22240
22244
22248
22253
22257
22261
22265
22270
22324
22378
22432
22487
22541
22595
22650
22682
22714
22746
22778
22810
22842
22874
22906
22938
22970
22971
22973
22975
22977
22979
22981
22983
22985
22987
22989
22991
22993
22995
22997
22999
23001
23003
23005
23007
23009
23011
23013
23015
23017
23019
23021
23023
23025
23026
23028
23030
23032
23034
23036
23038
23040
23042
23044
23046
23048
23050
23052
23054
23056
23058
23060
23062
23064
23066
23068
23070
23072
23074
23076
23078
23080
23085
23090
23095
23101
23106
23111
23116
23122
23127
23132
23137
23143
23148
23153
23158
23164
23169
23174
23180
23187
23194
23202
23209
23216
23224
23231
23238
23246
23253
23260
23268
23275
23282
23290
23301
23311
23323
23334
23345
23355
23366
23378
23389
23400
23405
23410
23415
23420
23426
23431
23436
23441
23447
23452
23457
23462
23468
23473
23478
23483
23489
23494
23499
23504
23510
23512
23515
23518
23521
23524
23526
23529
23532
23535
23538
23541
23543
23546
23549
23552
23555
23557
23560
23563
23566
23569
23572
23574
23577
23580
23583
23586
23588
23591
23594
23597
23600
23603
23605
23608
23611
23614
23617
23620
23624
23628
23632
23636
23641
23645
23649
23653
23658
23662
23666
23670
23675
23679
23683
23687
23691
23696
23700
23704
23708
23713
23717
23721
23725
23730
23733
23736
23739
23742
23745
23748
23751
23754
23757
23760
23763
23766
23770
23773
23776
23779
23782
23785
23788
23791
23794
23797
23800
23803
23806
23810
23813
23816
23819
23822
23825
23828
23831
23834
23837
23840
23843
23846
23850
23853
23856
23859
23862
23865
23868
23871
23875
23878
23881
23884
23887
23890
23893
23896
23900
23903
23906
23909
23912
23915
23918
23921
23925
23928
23931
23934
23937
23940
23943
23946
23950
23953
23957
23960
23964
23967
23971
23974
23978
23981
23985
23989
23992
23996
23999
24003
24006
24010
24013
24017
24020
24024
24028
24031
24035
24038
24042
24045
24049
24052
24056
24060
24063
24066
24069
24072
24076
24079
24082
24085
24089
24092
24095
24098
24101
24105
24108
24111
24114
24118
24121
24124
24127
24130
24134
24137
24140
24143
24147
24150
24153
24156
24160
24163
24167
24170
24174
24177
24181
24184
24188
24191
24195
24199
24202
24206
24209
24213
24216
24220
24223
24227
24230
24234
24238
24241
24245
24248
24252
24255
24259
24262
24266
24270
24273
24276
24280
24283
24286
24290
24293
24296
24300
24303
24306
24310
24313
24316
24320
24323
24326
24330
24333
24336
24340
24343
24346
24350
24353
24356
24360
24363
24366
24370
24377
24385
24392
24400
24407
24415
24422
24430
24437
24445
24452
24460
24467
24474
24482
24490
24493
24497
24501
24505
24509
24513
24517
24521
24525
24529
24533
24537
24541
24545
24548
24552
24556
24560
24564
24568
24572
24576
24580
24584
24588
24592
24596
24600
24607
24615
24622
24630
24638
24645
24653
24661
24668
24676
24684
24691
24699
24707
24714
24722
24730
24734
24738
24742
24746
24750
24754
24758
24762
24766
24770
24774
24778
24782
24786
24790
24794
24798
24802
24806
24810
24814
24818
24822
24826
24830
24834
24838
24842
24846
24850
24853
24856
24860
24863
24866
24870
24873
24876
24880
24883
24886
24890
24893
24896
24900
24903
24906
24910
24913
24916
24920
24923
24926
24930
24933
24936
24939
24943
24946
24950
24954
24959
24963
24968
24972
24977
24982
24986
24991
24995
25000
25005
25009
25014
25018
25023
25027
25032
25037
25041
25046
25050
25055
25060
25064
25068
25073
25077
25081
25086
25090
25094
25099
25103
25107
25112
25116
25120
25125
25129
25133
25138
25142
25146
25151
25155
25160
25164
25169
25174
25179
25183
25188
25193
25198
25203
25207
25212
25217
25222
25226
25231
25236
25241
25246
25250
25255
25260
25265
25270
25275
25281
25287
25293
25299
25305
25311
25317
25322
25328
25334
25340
25346
25352
25358
25364
25370
25376
25382
25389
25395
25402
25408
25415
25421
25428
25434
25441
25447
25454
25460
25467
25473
25480
25486
25493
25500
25506
25513
25520
25526
25533
25540
25546
25553
25560
25566
25573
25580
25586
25593
25600
25606
25613
25620
25626
25633
25640
25646
25653
25660
25666
25673
25680
25686
25693
25700
25712
25724
25736
25748
25759
25772
25784
25796
25808
25820
25830
25840
25850
25860
25870
25880
25890
25900
25910
25920
25927
25935
25943
25951
25959
25967
25975
25982
25990
25998
26006
26014
26022
26030
26040
26050
26060
26070
26080
26090
26100
26110
26119
26130
26139
26148
26157
26167
26176
26185
26195
26204
26213
26222
26232
26241
26250
26260
26270
26280
26290
26300
26310
26320
26330
26340
26350
26360
26370
26383
26396
26410
26423
26436
26450
26463
26476
26490
26500
26509
26520
26530
26540
26550
26560
26570
26580
26590
26600
26613
26627
26641
26655
26668
26682
26696
26710
26720
26730
26740
26750
26759
26770
26780
26790
26799
26810
26820
26830
26838
26846
26854
26863
26871
26880
26888
26896
26905
26913
26921
26930
26937
26945
26953
26961
26969
26977
26985
26992
27000
27008
27016
27024
27032
27040
27046
27052
27058
27064
27071
27077
27083
27090
27096
27102
27108
27115
27121
27127
27133
27140
27150
27160
27170
27180
27190
27200
27210
27220
27230
27240
27250
27263
27277
27291
27305
27318
27332
27346
27360
27371
27382
27393
27404
27415
27426
27437
27448
27460
27466
27473
27480
27487
27494
27501
27508
27515
27521
27528
27535
27542
27549
27556
27563
27570
27578
27586
27595
27603
27611
27620
27628
27636
27645
27653
27661
27670
27676
27683
27690
27697
27704
27711
27718
27725
27731
27738
27745
27752
27759
27766
27773
27780
27786
27793
27800
27806
27813
27820
27826
27833
27840
27846
27853
27860
27866
27873
27880
27890
27900
27910
27919
27930
27940
27950
27960
27970
27980
27990
28000
28010
28021
28032
28043
28054
28065
28076
28087
28098
28109
28120
28156
28193
28230
28290
28350
28375
28400
28425
28450
28474
28498
28522
28546
28570
28602
28634
28666
28698
28730
28747
28764
28781
28798
28814
28832
28849
28866
28883
28900
28919
28939
28959
28980
29000
29020
29040
29058
29076
29095
29113
29131
29150
29166
29182
29198
29215
29231
29247
29263
29280
29300
29320
29340
29360
29380
29401
29424
29445
29468
29490
29520
29550
29580
29610
29640
29660
29680
29700
29720
29740
29760
29781
29803
29825
29846
29868
29890
