0.10 78276.42
0.20 78276.42
0.30 78276.42
0.40 78276.42
0.50 78276.42
0.60 78276.42
0.70 78276.42
0.80 78276.42
0.90 78276.42
1.00 78276.42
1.10 76864.01
1.20 76864.01
1.30 76864.01
1.40 76864.01
1.50 76864.01
1.60 76864.01
1.70 76864.01
1.80 76864.01
1.90 76864.01
2.00 76864.01
2.10 77733.70
2.20 77733.70
2.30 77733.70
2.40 77733.70
2.50 77733.70
2.60 77733.70
2.70 77733.70
2.80 77733.70
2.90 77733.70
3.00 77733.70
3.10 74973.70
3.20 74973.70
3.30 74973.70
3.40 74973.70
3.50 74973.70
3.60 74973.70
3.70 74973.70
3.80 74973.70
3.90 74973.70
4.00 74973.70
4.10 76930.84
4.20 76930.84
4.30 76930.84
4.40 76930.84
4.50 76930.84
4.60 76930.84
4.70 76930.84
4.80 76930.84
4.90 76930.84
5.00 76930.84
5.10 69505.41
5.20 69505.41
5.30 69505.41
5.40 69505.41
5.50 69505.41
5.60 69505.41
5.70 69505.41
5.80 69505.41
5.90 69505.41
6.00 69505.41
6.10 78758.16
6.20 78758.16
6.30 78758.16
6.40 78758.16
6.50 78758.16
6.60 78758.16
6.70 78758.16
6.80 78758.16
6.90 78758.16
7.00 78758.16
7.10 78290.90
7.20 78290.90
7.30 78290.90
7.40 78290.90
7.50 78290.90
7.60 78290.90
7.70 78290.90
7.80 78290.90
7.90 78290.90
8.00 78290.90
8.10 77801.31
8.20 77801.31
8.30 77801.31
8.40 77801.31
8.50 77801.31
8.60 77801.31
8.70 77801.31
8.80 77801.31
8.90 77801.31
9.00 77801.31
9.10 77612.17
9.20 77612.17
9.30 77612.17
9.40 77612.17
9.50 77612.17
9.60 77612.17
9.70 77612.17
9.80 77612.17
9.90 77612.17
10.00 77612.17
10.10 78077.45
10.20 78077.45
10.30 78077.45
10.40 78077.45
10.50 78077.45
10.60 78077.45
10.70 78077.45
10.80 78077.45
10.90 78077.45
11.00 78077.45
11.10 74527.24
11.20 74527.24
11.30 74527.24
11.40 74527.24
11.50 74527.24
11.60 74527.24
11.70 74527.24
11.80 74527.24
11.90 74527.24
12.00 74527.24
12.10 75809.92
12.20 75809.92
12.30 75809.92
12.40 75809.92
12.50 75809.92
12.60 75809.92
12.70 75809.92
12.80 75809.92
12.90 75809.92
13.00 75809.92
13.10 76830.32
13.20 76830.32
13.30 76830.32
13.40 76830.32
13.50 76830.32
13.60 76830.32
13.70 76830.32
13.80 76830.32
13.90 76830.32
14.00 76830.32
14.10 76684.34
14.20 76684.34
14.30 76684.34
14.40 76684.34
14.50 76684.34
14.60 76684.34
14.70 76684.34
14.80 76684.34
14.90 76684.34
15.00 76684.34
15.10 78097.64
15.20 78097.64
15.30 78097.64
15.40 78097.64
15.50 78097.64
15.60 78097.64
15.70 78097.64
15.80 78097.64
15.90 78097.64
16.00 78097.64
16.10 77575.40
16.20 77575.40
16.30 77575.40
16.40 77575.40
16.50 77575.40
16.60 77575.40
16.70 77575.40
16.80 77575.40
16.90 77575.40
17.00 77575.40
17.10 75026.48
17.20 75026.48
17.30 75026.48
17.40 75026.48
17.50 75026.48
17.60 75026.48
17.70 75026.48
17.80 75026.48
17.90 75026.48
18.00 75026.48
18.10 79738.02
18.20 79738.02
18.30 79738.02
18.40 79738.02
18.50 79738.02
18.60 79738.02
18.70 79738.02
18.80 79738.02
18.90 79738.02
19.00 79738.02
19.10 76108.65
19.20 76108.65
19.30 76108.65
19.40 76108.65
19.50 76108.65
19.60 76108.65
19.70 76108.65
19.80 76108.65
19.90 76108.65
20.00 76108.65
20.10 77052.30
20.20 77052.30
20.30 77052.30
20.40 77052.30
20.50 77052.30
20.60 77052.30
20.70 77052.30
20.80 77052.30
20.90 77052.30
21.00 77052.30
21.10 74884.87
21.20 74884.87
21.30 74884.87
21.40 74884.87
21.50 74884.87
21.60 74884.87
21.70 74884.87
21.80 74884.87
21.90 74884.87
22.00 74884.87
22.10 78030.78
22.20 78030.78
22.30 78030.78
22.40 78030.78
22.50 78030.78
22.60 78030.78
22.70 78030.78
22.80 78030.78
22.90 78030.78
23.00 78030.78
23.10 76584.65
23.20 76584.65
23.30 76584.65
23.40 76584.65
23.50 76584.65
23.60 76584.65
23.70 76584.65
23.80 76584.65
23.90 76584.65
24.00 76584.65
24.10 79835.33
24.20 79835.33
24.30 79835.33
24.40 79835.33
24.50 79835.33
24.60 79835.33
24.70 79835.33
24.80 79835.33
24.90 79835.33
25.00 79835.33
25.10 75169.78
25.20 75169.78
25.30 75169.78
25.40 75169.78
25.50 75169.78
25.60 75169.78
25.70 75169.78
25.80 75169.78
25.90 75169.78
26.00 75169.78
26.10 77011.47
26.20 77011.47
26.30 77011.47
26.40 77011.47
26.50 77011.47
26.60 77011.47
26.70 77011.47
26.80 77011.47
26.90 77011.47
27.00 77011.47
27.10 68600.46
27.20 68600.46
27.30 68600.46
27.40 68600.46
27.50 68600.46
27.60 68600.46
27.70 68600.46
27.80 68600.46
27.90 68600.46
28.00 68600.46
28.10 75843.87
28.20 75843.87
28.30 75843.87
28.40 75843.87
28.50 75843.87
28.60 75843.87
28.70 75843.87
28.80 75843.87
28.90 75843.87
29.00 75843.87
29.10 78821.81
29.20 78821.81
29.30 78821.81
29.40 78821.81
29.50 78821.81
29.60 78821.81
29.70 78821.81
29.80 78821.81
29.90 78821.81
30.00 78821.81
