0.10 69687.17
0.20 69687.17
0.30 69687.17
0.40 69687.17
0.50 69687.17
0.60 69687.17
0.70 69687.17
0.80 69687.17
0.90 69687.17
1.00 69687.17
1.10 74116.45
1.20 74116.45
1.30 74116.45
1.40 74116.45
1.50 74116.45
1.60 74116.45
1.70 74116.45
1.80 74116.45
1.90 74116.45
2.00 74116.45
2.10 75724.27
2.20 75724.27
2.30 75724.27
2.40 75724.27
2.50 75724.27
2.60 75724.27
2.70 75724.27
2.80 75724.27
2.90 75724.27
3.00 75724.27
3.10 74977.01
3.20 74977.01
3.30 74977.01
3.40 74977.01
3.50 74977.01
3.60 74977.01
3.70 74977.01
3.80 74977.01
3.90 74977.01
4.00 74977.01
4.10 74456.74
4.20 74456.74
4.30 74456.74
4.40 74456.74
4.50 74456.74
4.60 74456.74
4.70 74456.74
4.80 74456.74
4.90 74456.74
5.00 74456.74
5.10 75669.82
5.20 75669.82
5.30 75669.82
5.40 75669.82
5.50 75669.82
5.60 75669.82
5.70 75669.82
5.80 75669.82
5.90 75669.82
6.00 75669.82
6.10 76032.57
6.20 76032.57
6.30 76032.57
6.40 76032.57
6.50 76032.57
6.60 76032.57
6.70 76032.57
6.80 76032.57
6.90 76032.57
7.00 76032.57
7.10 75530.71
7.20 75530.71
7.30 75530.71
7.40 75530.71
7.50 75530.71
7.60 75530.71
7.70 75530.71
7.80 75530.71
7.90 75530.71
8.00 75530.71
8.10 75071.71
8.20 75071.71
8.30 75071.71
8.40 75071.71
8.50 75071.71
8.60 75071.71
8.70 75071.71
8.80 75071.71
8.90 75071.71
9.00 75071.71
9.10 74908.50
9.20 74908.50
9.30 74908.50
9.40 74908.50
9.50 74908.50
9.60 74908.50
9.70 74908.50
9.80 74908.50
9.90 74908.50
10.00 74908.50
10.10 75929.06
10.20 75929.06
10.30 75929.06
10.40 75929.06
10.50 75929.06
10.60 75929.06
10.70 75929.06
10.80 75929.06
10.90 75929.06
11.00 75929.06
11.10 76606.75
11.20 76606.75
11.30 76606.75
11.40 76606.75
11.50 76606.75
11.60 76606.75
11.70 76606.75
11.80 76606.75
11.90 76606.75
12.00 76606.75
12.10 73287.10
12.20 73287.10
12.30 73287.10
12.40 73287.10
12.50 73287.10
12.60 73287.10
12.70 73287.10
12.80 73287.10
12.90 73287.10
13.00 73287.10
13.10 72307.08
13.20 72307.08
13.30 72307.08
13.40 72307.08
13.50 72307.08
13.60 72307.08
13.70 72307.08
13.80 72307.08
13.90 72307.08
14.00 72307.08
14.10 75882.77
14.20 75882.77
14.30 75882.77
14.40 75882.77
14.50 75882.77
14.60 75882.77
14.70 75882.77
14.80 75882.77
14.90 75882.77
15.00 75882.77
15.10 74641.63
15.20 74641.63
15.30 74641.63
15.40 74641.63
15.50 74641.63
15.60 74641.63
15.70 74641.63
15.80 74641.63
15.90 74641.63
16.00 74641.63
16.10 72423.59
16.20 72423.59
16.30 72423.59
16.40 72423.59
16.50 72423.59
16.60 72423.59
16.70 72423.59
16.80 72423.59
16.90 72423.59
17.00 72423.59
17.10 74804.90
17.20 74804.90
17.30 74804.90
17.40 74804.90
17.50 74804.90
17.60 74804.90
17.70 74804.90
17.80 74804.90
17.90 74804.90
18.00 74804.90
18.10 77628.94
18.20 77628.94
18.30 77628.94
18.40 77628.94
18.50 77628.94
18.60 77628.94
18.70 77628.94
18.80 77628.94
18.90 77628.94
19.00 77628.94
19.10 74944.42
19.20 74944.42
19.30 74944.42
19.40 74944.42
19.50 74944.42
19.60 74944.42
19.70 74944.42
19.80 74944.42
19.90 74944.42
20.00 74944.42
20.10 75371.15
20.20 75371.15
20.30 75371.15
20.40 75371.15
20.50 75371.15
20.60 75371.15
20.70 75371.15
20.80 75371.15
20.90 75371.15
21.00 75371.15
21.10 74329.57
21.20 74329.57
21.30 74329.57
21.40 74329.57
21.50 74329.57
21.60 74329.57
21.70 74329.57
21.80 74329.57
21.90 74329.57
22.00 74329.57
22.10 76241.79
22.20 76241.79
22.30 76241.79
22.40 76241.79
22.50 76241.79
22.60 76241.79
22.70 76241.79
22.80 76241.79
22.90 76241.79
23.00 76241.79
23.10 68096.15
23.20 68096.15
23.30 68096.15
23.40 68096.15
23.50 68096.15
23.60 68096.15
23.70 68096.15
23.80 68096.15
23.90 68096.15
24.00 68096.15
24.10 69203.56
24.20 69203.56
24.30 69203.56
24.40 69203.56
24.50 69203.56
24.60 69203.56
24.70 69203.56
24.80 69203.56
24.90 69203.56
25.00 69203.56
25.10 73357.61
25.20 73357.61
25.30 73357.61
25.40 73357.61
25.50 73357.61
25.60 73357.61
25.70 73357.61
25.80 73357.61
25.90 73357.61
26.00 73357.61
26.10 76683.67
26.20 76683.67
26.30 76683.67
26.40 76683.67
26.50 76683.67
26.60 76683.67
26.70 76683.67
26.80 76683.67
26.90 76683.67
27.00 76683.67
27.10 75523.65
27.20 75523.65
27.30 75523.65
27.40 75523.65
27.50 75523.65
27.60 75523.65
27.70 75523.65
27.80 75523.65
27.90 75523.65
28.00 75523.65
28.10 75312.21
28.20 75312.21
28.30 75312.21
28.40 75312.21
28.50 75312.21
28.60 75312.21
28.70 75312.21
28.80 75312.21
28.90 75312.21
29.00 75312.21
29.10 73227.94
29.20 73227.94
29.30 73227.94
29.40 73227.94
29.50 73227.94
29.60 73227.94
29.70 73227.94
29.80 73227.94
29.90 73227.94
30.00 73227.94
