0.10 77266.25
0.20 77266.25
0.30 77266.25
0.40 77266.25
0.50 77266.25
0.60 77266.25
0.70 77266.25
0.80 77266.25
0.90 77266.25
1.00 77266.25
1.10 76919.64
1.20 76919.64
1.30 76919.64
1.40 76919.64
1.50 76919.64
1.60 76919.64
1.70 76919.64
1.80 76919.64
1.90 76919.64
2.00 76919.64
2.10 77283.25
2.20 77283.25
2.30 77283.25
2.40 77283.25
2.50 77283.25
2.60 77283.25
2.70 77283.25
2.80 77283.25
2.90 77283.25
3.00 77283.25
3.10 76690.95
3.20 76690.95
3.30 76690.95
3.40 76690.95
3.50 76690.95
3.60 76690.95
3.70 76690.95
3.80 76690.95
3.90 76690.95
4.00 76690.95
4.10 77753.42
4.20 77753.42
4.30 77753.42
4.40 77753.42
4.50 77753.42
4.60 77753.42
4.70 77753.42
4.80 77753.42
4.90 77753.42
5.00 77753.42
5.10 74059.78
5.20 74059.78
5.30 74059.78
5.40 74059.78
5.50 74059.78
5.60 74059.78
5.70 74059.78
5.80 74059.78
5.90 74059.78
6.00 74059.78
6.10 77907.29
6.20 77907.29
6.30 77907.29
6.40 77907.29
6.50 77907.29
6.60 77907.29
6.70 77907.29
6.80 77907.29
6.90 77907.29
7.00 77907.29
7.10 69045.66
7.20 69045.66
7.30 69045.66
7.40 69045.66
7.50 69045.66
7.60 69045.66
7.70 69045.66
7.80 69045.66
7.90 69045.66
8.00 69045.66
8.10 76917.76
8.20 76917.76
8.30 76917.76
8.40 76917.76
8.50 76917.76
8.60 76917.76
8.70 76917.76
8.80 76917.76
8.90 76917.76
9.00 76917.76
9.10 77680.84
9.20 77680.84
9.30 77680.84
9.40 77680.84
9.50 77680.84
9.60 77680.84
9.70 77680.84
9.80 77680.84
9.90 77680.84
10.00 77680.84
10.10 74104.81
10.20 74104.81
10.30 74104.81
10.40 74104.81
10.50 74104.81
10.60 74104.81
10.70 74104.81
10.80 74104.81
10.90 74104.81
11.00 74104.81
11.10 77452.96
11.20 77452.96
11.30 77452.96
11.40 77452.96
11.50 77452.96
11.60 77452.96
11.70 77452.96
11.80 77452.96
11.90 77452.96
12.00 77452.96
12.10 70657.58
12.20 70657.58
12.30 70657.58
12.40 70657.58
12.50 70657.58
12.60 70657.58
12.70 70657.58
12.80 70657.58
12.90 70657.58
13.00 70657.58
13.10 76362.81
13.20 76362.81
13.30 76362.81
13.40 76362.81
13.50 76362.81
13.60 76362.81
13.70 76362.81
13.80 76362.81
13.90 76362.81
14.00 76362.81
14.10 74519.01
14.20 74519.01
14.30 74519.01
14.40 74519.01
14.50 74519.01
14.60 74519.01
14.70 74519.01
14.80 74519.01
14.90 74519.01
15.00 74519.01
15.10 74651.03
15.20 74651.03
15.30 74651.03
15.40 74651.03
15.50 74651.03
15.60 74651.03
15.70 74651.03
15.80 74651.03
15.90 74651.03
16.00 74651.03
16.10 76599.85
16.20 76599.85
16.30 76599.85
16.40 76599.85
16.50 76599.85
16.60 76599.85
16.70 76599.85
16.80 76599.85
16.90 76599.85
17.00 76599.85
17.10 78793.34
17.20 78793.34
17.30 78793.34
17.40 78793.34
17.50 78793.34
17.60 78793.34
17.70 78793.34
17.80 78793.34
17.90 78793.34
18.00 78793.34
18.10 74561.17
18.20 74561.17
18.30 74561.17
18.40 74561.17
18.50 74561.17
18.60 74561.17
18.70 74561.17
18.80 74561.17
18.90 74561.17
19.00 74561.17
19.10 71410.74
19.20 71410.74
19.30 71410.74
19.40 71410.74
19.50 71410.74
19.60 71410.74
19.70 71410.74
19.80 71410.74
19.90 71410.74
20.00 71410.74
20.10 75391.39
20.20 75391.39
20.30 75391.39
20.40 75391.39
20.50 75391.39
20.60 75391.39
20.70 75391.39
20.80 75391.39
20.90 75391.39
21.00 75391.39
21.10 74228.09
21.20 74228.09
21.30 74228.09
21.40 74228.09
21.50 74228.09
21.60 74228.09
21.70 74228.09
21.80 74228.09
21.90 74228.09
22.00 74228.09
22.10 78651.29
22.20 78651.29
22.30 78651.29
22.40 78651.29
22.50 78651.29
22.60 78651.29
22.70 78651.29
22.80 78651.29
22.90 78651.29
23.00 78651.29
23.10 77324.17
23.20 77324.17
23.30 77324.17
23.40 77324.17
23.50 77324.17
23.60 77324.17
23.70 77324.17
23.80 77324.17
23.90 77324.17
24.00 77324.17
24.10 69256.75
24.20 69256.75
24.30 69256.75
24.40 69256.75
24.50 69256.75
24.60 69256.75
24.70 69256.75
24.80 69256.75
24.90 69256.75
25.00 69256.75
25.10 76923.22
25.20 76923.22
25.30 76923.22
25.40 76923.22
25.50 76923.22
25.60 76923.22
25.70 76923.22
25.80 76923.22
25.90 76923.22
26.00 76923.22
26.10 76054.68
26.20 76054.68
26.30 76054.68
26.40 76054.68
26.50 76054.68
26.60 76054.68
26.70 76054.68
26.80 76054.68
26.90 76054.68
27.00 76054.68
27.10 72560.29
27.20 72560.29
27.30 72560.29
27.40 72560.29
27.50 72560.29
27.60 72560.29
27.70 72560.29
27.80 72560.29
27.90 72560.29
28.00 72560.29
28.10 77041.73
28.20 77041.73
28.30 77041.73
28.40 77041.73
28.50 77041.73
28.60 77041.73
28.70 77041.73
28.80 77041.73
28.90 77041.73
29.00 77041.73
29.10 79353.92
29.20 79353.92
29.30 79353.92
29.40 79353.92
29.50 79353.92
29.60 79353.92
29.70 79353.92
29.80 79353.92
29.90 79353.92
30.00 79353.92
