0.10 106291.20
0.20 106291.20
0.30 106291.20
0.40 106291.20
0.50 106291.20
0.60 106291.20
0.70 106291.20
0.80 106291.20
0.90 106291.20
1.00 106291.20
1.10 74444.80
1.20 74444.80
1.30 74444.80
1.40 74444.80
1.50 74444.80
1.60 74444.80
1.70 74444.80
1.80 74444.80
1.90 74444.80
2.00 74444.80
2.10 75366.40
2.20 75366.40
2.30 75366.40
2.40 75366.40
2.50 75366.40
2.60 75366.40
2.70 75366.40
2.80 75366.40
2.90 75366.40
3.00 75366.40
3.10 78131.20
3.20 78131.20
3.30 78131.20
3.40 78131.20
3.50 78131.20
3.60 78131.20
3.70 78131.20
3.80 78131.20
3.90 78131.20
4.00 78131.20
4.10 69632.00
4.20 69632.00
4.30 69632.00
4.40 69632.00
4.50 69632.00
4.60 69632.00
4.70 69632.00
4.80 69632.00
4.90 69632.00
5.00 69632.00
5.10 76185.60
5.20 76185.60
5.30 76185.60
5.40 76185.60
5.50 76185.60
5.60 76185.60
5.70 76185.60
5.80 76185.60
5.90 76185.60
6.00 76185.60
6.10 79462.40
6.20 79462.40
6.30 79462.40
6.40 79462.40
6.50 79462.40
6.60 79462.40
6.70 79462.40
6.80 79462.40
6.90 79462.40
7.00 79462.40
7.10 69120.00
7.20 69120.00
7.30 69120.00
7.40 69120.00
7.50 69120.00
7.60 69120.00
7.70 69120.00
7.80 69120.00
7.90 69120.00
8.00 69120.00
8.10 71475.20
8.20 71475.20
8.30 71475.20
8.40 71475.20
8.50 71475.20
8.60 71475.20
8.70 71475.20
8.80 71475.20
8.90 71475.20
9.00 71475.20
9.10 65024.00
9.20 65024.00
9.30 65024.00
9.40 65024.00
9.50 65024.00
9.60 65024.00
9.70 65024.00
9.80 65024.00
9.90 65024.00
10.00 65024.00
10.10 61440.00
10.20 61440.00
10.30 61440.00
10.40 61440.00
10.50 61440.00
10.60 61440.00
10.70 61440.00
10.80 61440.00
10.90 61440.00
11.00 61440.00
11.10 46899.20
11.20 46899.20
11.30 46899.20
11.40 46899.20
11.50 46899.20
11.60 46899.20
11.70 46899.20
11.80 46899.20
11.90 46899.20
12.00 46899.20
12.10 90316.80
12.20 90316.80
12.30 90316.80
12.40 90316.80
12.50 90316.80
12.60 90316.80
12.70 90316.80
12.80 90316.80
12.90 90316.80
13.00 90316.80
13.10 65433.60
13.20 65433.60
13.30 65433.60
13.40 65433.60
13.50 65433.60
13.60 65433.60
13.70 65433.60
13.80 65433.60
13.90 65433.60
14.00 65433.60
14.10 54169.60
14.20 54169.60
14.30 54169.60
14.40 54169.60
14.50 54169.60
14.60 54169.60
14.70 54169.60
14.80 54169.60
14.90 54169.60
15.00 54169.60
15.10 66252.80
15.20 66252.80
15.30 66252.80
15.40 66252.80
15.50 66252.80
15.60 66252.80
15.70 66252.80
15.80 66252.80
15.90 66252.80
16.00 66252.80
16.10 67174.40
16.20 67174.40
16.30 67174.40
16.40 67174.40
16.50 67174.40
16.60 67174.40
16.70 67174.40
16.80 67174.40
16.90 67174.40
17.00 67174.40
17.10 61132.80
17.20 61132.80
17.30 61132.80
17.40 61132.80
17.50 61132.80
17.60 61132.80
17.70 61132.80
17.80 61132.80
17.90 61132.80
18.00 61132.80
18.10 48947.20
18.20 48947.20
18.30 48947.20
18.40 48947.20
18.50 48947.20
18.60 48947.20
18.70 48947.20
18.80 48947.20
18.90 48947.20
19.00 48947.20
19.10 66252.80
19.20 66252.80
19.30 66252.80
19.40 66252.80
19.50 66252.80
19.60 66252.80
19.70 66252.80
19.80 66252.80
19.90 66252.80
20.00 66252.80
20.10 73523.20
20.20 73523.20
20.30 73523.20
20.40 73523.20
20.50 73523.20
20.60 73523.20
20.70 73523.20
20.80 73523.20
20.90 73523.20
21.00 73523.20
21.10 69939.20
21.20 69939.20
21.30 69939.20
21.40 69939.20
21.50 69939.20
21.60 69939.20
21.70 69939.20
21.80 69939.20
21.90 69939.20
22.00 69939.20
22.10 75059.20
22.20 75059.20
22.30 75059.20
22.40 75059.20
22.50 75059.20
22.60 75059.20
22.70 75059.20
22.80 75059.20
22.90 75059.20
23.00 75059.20
23.10 66048.00
23.20 66048.00
23.30 66048.00
23.40 66048.00
23.50 66048.00
23.60 66048.00
23.70 66048.00
23.80 66048.00
23.90 66048.00
24.00 66048.00
24.10 74240.00
24.20 74240.00
24.30 74240.00
24.40 74240.00
24.50 74240.00
24.60 74240.00
24.70 74240.00
24.80 74240.00
24.90 74240.00
25.00 74240.00
25.10 76390.40
25.20 76390.40
25.30 76390.40
25.40 76390.40
25.50 76390.40
25.60 76390.40
25.70 76390.40
25.80 76390.40
25.90 76390.40
26.00 76390.40
26.10 23859.20
26.20 23859.20
26.30 23859.20
26.40 23859.20
26.50 23859.20
26.60 23859.20
26.70 23859.20
26.80 23859.20
26.90 23859.20
27.00 23859.20
27.10 126668.80
27.20 126668.80
27.30 126668.80
27.40 126668.80
27.50 126668.80
27.60 126668.80
27.70 126668.80
27.80 126668.80
27.90 126668.80
28.00 126668.80
28.10 70041.60
28.20 70041.60
28.30 70041.60
28.40 70041.60
28.50 70041.60
28.60 70041.60
28.70 70041.60
28.80 70041.60
28.90 70041.60
29.00 70041.60
29.10 45056.00
29.20 45056.00
29.30 45056.00
29.40 45056.00
29.50 45056.00
29.60 45056.00
29.70 45056.00
29.80 45056.00
29.90 45056.00
30.00 45056.00
