0.10 87859.20
0.20 87859.20
0.30 87859.20
0.40 87859.20
0.50 87859.20
0.60 87859.20
0.70 87859.20
0.80 87859.20
0.90 87859.20
1.00 87859.20
1.10 83353.60
1.20 83353.60
1.30 83353.60
1.40 83353.60
1.50 83353.60
1.60 83353.60
1.70 83353.60
1.80 83353.60
1.90 83353.60
2.00 83353.60
2.10 19968.00
2.20 19968.00
2.30 19968.00
2.40 19968.00
2.50 19968.00
2.60 19968.00
2.70 19968.00
2.80 19968.00
2.90 19968.00
3.00 19968.00
3.10 155648.00
3.20 155648.00
3.30 155648.00
3.40 155648.00
3.50 155648.00
3.60 155648.00
3.70 155648.00
3.80 155648.00
3.90 155648.00
4.00 155648.00
4.10 89600.00
4.20 89600.00
4.30 89600.00
4.40 89600.00
4.50 89600.00
4.60 89600.00
4.70 89600.00
4.80 89600.00
4.90 89600.00
5.00 89600.00
5.10 86425.60
5.20 86425.60
5.30 86425.60
5.40 86425.60
5.50 86425.60
5.60 86425.60
5.70 86425.60
5.80 86425.60
5.90 86425.60
6.00 86425.60
6.10 83456.00
6.20 83456.00
6.30 83456.00
6.40 83456.00
6.50 83456.00
6.60 83456.00
6.70 83456.00
6.80 83456.00
6.90 83456.00
7.00 83456.00
7.10 20787.20
7.20 20787.20
7.30 20787.20
7.40 20787.20
7.50 20787.20
7.60 20787.20
7.70 20787.20
7.80 20787.20
7.90 20787.20
8.00 20787.20
8.10 146841.60
8.20 146841.60
8.30 146841.60
8.40 146841.60
8.50 146841.60
8.60 146841.60
8.70 146841.60
8.80 146841.60
8.90 146841.60
9.00 146841.60
9.10 84582.40
9.20 84582.40
9.30 84582.40
9.40 84582.40
9.50 84582.40
9.60 84582.40
9.70 84582.40
9.80 84582.40
9.90 84582.40
10.00 84582.40
