0.10 80588.80
0.20 80588.80
0.30 80588.80
0.40 80588.80
0.50 80588.80
0.60 80588.80
0.70 80588.80
0.80 80588.80
0.90 80588.80
1.00 80588.80
1.10 78745.60
1.20 78745.60
1.30 78745.60
1.40 78745.60
1.50 78745.60
1.60 78745.60
1.70 78745.60
1.80 78745.60
1.90 78745.60
2.00 78745.60
2.10 86016.00
2.20 86016.00
2.30 86016.00
2.40 86016.00
2.50 86016.00
2.60 86016.00
2.70 86016.00
2.80 86016.00
2.90 86016.00
3.00 86016.00
3.10 80076.80
3.20 80076.80
3.30 80076.80
3.40 80076.80
3.50 80076.80
3.60 80076.80
3.70 80076.80
3.80 80076.80
3.90 80076.80
4.00 80076.80
4.10 80076.80
4.20 80076.80
4.30 80076.80
4.40 80076.80
4.50 80076.80
4.60 80076.80
4.70 80076.80
4.80 80076.80
4.90 80076.80
5.00 80076.80
5.10 84172.80
5.20 84172.80
5.30 84172.80
5.40 84172.80
5.50 84172.80
5.60 84172.80
5.70 84172.80
5.80 84172.80
5.90 84172.80
6.00 84172.80
6.10 79769.60
6.20 79769.60
6.30 79769.60
6.40 79769.60
6.50 79769.60
6.60 79769.60
6.70 79769.60
6.80 79769.60
6.90 79769.60
7.00 79769.60
7.10 83046.40
7.20 83046.40
7.30 83046.40
7.40 83046.40
7.50 83046.40
7.60 83046.40
7.70 83046.40
7.80 83046.40
7.90 83046.40
8.00 83046.40
8.10 87552.00
8.20 87552.00
8.30 87552.00
8.40 87552.00
8.50 87552.00
8.60 87552.00
8.70 87552.00
8.80 87552.00
8.90 87552.00
9.00 87552.00
9.10 79462.40
9.20 79462.40
9.30 79462.40
9.40 79462.40
9.50 79462.40
9.60 79462.40
9.70 79462.40
9.80 79462.40
9.90 79462.40
10.00 79462.40
