0.10 88268.80
0.20 88268.80
0.30 88268.80
0.40 88268.80
0.50 88268.80
0.60 88268.80
0.70 88268.80
0.80 88268.80
0.90 88268.80
1.00 88268.80
1.10 93184.00
1.20 93184.00
1.30 93184.00
1.40 93184.00
1.50 93184.00
1.60 93184.00
1.70 93184.00
1.80 93184.00
1.90 93184.00
2.00 93184.00
2.10 87244.80
2.20 87244.80
2.30 87244.80
2.40 87244.80
2.50 87244.80
2.60 87244.80
2.70 87244.80
2.80 87244.80
2.90 87244.80
3.00 87244.80
3.10 88780.80
3.20 88780.80
3.30 88780.80
3.40 88780.80
3.50 88780.80
3.60 88780.80
3.70 88780.80
3.80 88780.80
3.90 88780.80
4.00 88780.80
4.10 93491.20
4.20 93491.20
4.30 93491.20
4.40 93491.20
4.50 93491.20
4.60 93491.20
4.70 93491.20
4.80 93491.20
4.90 93491.20
5.00 93491.20
5.10 87347.20
5.20 87347.20
5.30 87347.20
5.40 87347.20
5.50 87347.20
5.60 87347.20
5.70 87347.20
5.80 87347.20
5.90 87347.20
6.00 87347.20
6.10 88780.80
6.20 88780.80
6.30 88780.80
6.40 88780.80
6.50 88780.80
6.60 88780.80
6.70 88780.80
6.80 88780.80
6.90 88780.80
7.00 88780.80
7.10 88883.20
7.20 88883.20
7.30 88883.20
7.40 88883.20
7.50 88883.20
7.60 88883.20
7.70 88883.20
7.80 88883.20
7.90 88883.20
8.00 88883.20
8.10 89088.00
8.20 89088.00
8.30 89088.00
8.40 89088.00
8.50 89088.00
8.60 89088.00
8.70 89088.00
8.80 89088.00
8.90 89088.00
9.00 89088.00
9.10 71270.40
9.20 71270.40
9.30 71270.40
9.40 71270.40
9.50 71270.40
9.60 71270.40
9.70 71270.40
9.80 71270.40
9.90 71270.40
10.00 71270.40
