0.10 95539.20
0.20 95539.20
0.30 95539.20
0.40 95539.20
0.50 95539.20
0.60 95539.20
0.70 95539.20
0.80 95539.20
0.90 95539.20
1.00 95539.20
1.10 82636.80
1.20 82636.80
1.30 82636.80
1.40 82636.80
1.50 82636.80
1.60 82636.80
1.70 82636.80
1.80 82636.80
1.90 82636.80
2.00 82636.80
2.10 67686.40
2.20 67686.40
2.30 67686.40
2.40 67686.40
2.50 67686.40
2.60 67686.40
2.70 67686.40
2.80 67686.40
2.90 67686.40
3.00 67686.40
3.10 116224.00
3.20 116224.00
3.30 116224.00
3.40 116224.00
3.50 116224.00
3.60 116224.00
3.70 116224.00
3.80 116224.00
3.90 116224.00
4.00 116224.00
4.10 93593.60
4.20 93593.60
4.30 93593.60
4.40 93593.60
4.50 93593.60
4.60 93593.60
4.70 93593.60
4.80 93593.60
4.90 93593.60
5.00 93593.60
5.10 90726.40
5.20 90726.40
5.30 90726.40
5.40 90726.40
5.50 90726.40
5.60 90726.40
5.70 90726.40
5.80 90726.40
5.90 90726.40
6.00 90726.40
6.10 86835.20
6.20 86835.20
6.30 86835.20
6.40 86835.20
6.50 86835.20
6.60 86835.20
6.70 86835.20
6.80 86835.20
6.90 86835.20
7.00 86835.20
7.10 92569.60
7.20 92569.60
7.30 92569.60
7.40 92569.60
7.50 92569.60
7.60 92569.60
7.70 92569.60
7.80 92569.60
7.90 92569.60
8.00 92569.60
8.10 85606.40
8.20 85606.40
8.30 85606.40
8.40 85606.40
8.50 85606.40
8.60 85606.40
8.70 85606.40
8.80 85606.40
8.90 85606.40
9.00 85606.40
9.10 62259.20
9.20 62259.20
9.30 62259.20
9.40 62259.20
9.50 62259.20
9.60 62259.20
9.70 62259.20
9.80 62259.20
9.90 62259.20
10.00 62259.20
