0.10 116940.80
0.20 116940.80
0.30 116940.80
0.40 116940.80
0.50 116940.80
0.60 116940.80
0.70 116940.80
0.80 116940.80
0.90 116940.80
1.00 116940.80
1.10 73523.20
1.20 73523.20
1.30 73523.20
1.40 73523.20
1.50 73523.20
1.60 73523.20
1.70 73523.20
1.80 73523.20
1.90 73523.20
2.00 73523.20
2.10 75878.40
2.20 75878.40
2.30 75878.40
2.40 75878.40
2.50 75878.40
2.60 75878.40
2.70 75878.40
2.80 75878.40
2.90 75878.40
3.00 75878.40
3.10 78131.20
3.20 78131.20
3.30 78131.20
3.40 78131.20
3.50 78131.20
3.60 78131.20
3.70 78131.20
3.80 78131.20
3.90 78131.20
4.00 78131.20
4.10 53248.00
4.20 53248.00
4.30 53248.00
4.40 53248.00
4.50 53248.00
4.60 53248.00
4.70 53248.00
4.80 53248.00
4.90 53248.00
5.00 53248.00
5.10 104345.60
5.20 104345.60
5.30 104345.60
5.40 104345.60
5.50 104345.60
5.60 104345.60
5.70 104345.60
5.80 104345.60
5.90 104345.60
6.00 104345.60
6.10 53964.80
6.20 53964.80
6.30 53964.80
6.40 53964.80
6.50 53964.80
6.60 53964.80
6.70 53964.80
6.80 53964.80
6.90 53964.80
7.00 53964.80
7.10 98918.40
7.20 98918.40
7.30 98918.40
7.40 98918.40
7.50 98918.40
7.60 98918.40
7.70 98918.40
7.80 98918.40
7.90 98918.40
8.00 98918.40
8.10 75059.20
8.20 75059.20
8.30 75059.20
8.40 75059.20
8.50 75059.20
8.60 75059.20
8.70 75059.20
8.80 75059.20
8.90 75059.20
9.00 75059.20
9.10 75161.60
9.20 75161.60
9.30 75161.60
9.40 75161.60
9.50 75161.60
9.60 75161.60
9.70 75161.60
9.80 75161.60
9.90 75161.60
10.00 75161.60
