0.10 95027.20
0.20 95027.20
0.30 95027.20
0.40 95027.20
0.50 95027.20
0.60 95027.20
0.70 95027.20
0.80 95027.20
0.90 95027.20
1.00 95027.20
1.10 50380.80
1.20 50380.80
1.30 50380.80
1.40 50380.80
1.50 50380.80
1.60 50380.80
1.70 50380.80
1.80 50380.80
1.90 50380.80
2.00 50380.80
2.10 137523.20
2.20 137523.20
2.30 137523.20
2.40 137523.20
2.50 137523.20
2.60 137523.20
2.70 137523.20
2.80 137523.20
2.90 137523.20
3.00 137523.20
3.10 88064.00
3.20 88064.00
3.30 88064.00
3.40 88064.00
3.50 88064.00
3.60 88064.00
3.70 88064.00
3.80 88064.00
3.90 88064.00
4.00 88064.00
4.10 88780.80
4.20 88780.80
4.30 88780.80
4.40 88780.80
4.50 88780.80
4.60 88780.80
4.70 88780.80
4.80 88780.80
4.90 88780.80
5.00 88780.80
5.10 91136.00
5.20 91136.00
5.30 91136.00
5.40 91136.00
5.50 91136.00
5.60 91136.00
5.70 91136.00
5.80 91136.00
5.90 91136.00
6.00 91136.00
6.10 91136.00
6.20 91136.00
6.30 91136.00
6.40 91136.00
6.50 91136.00
6.60 91136.00
6.70 91136.00
6.80 91136.00
6.90 91136.00
7.00 91136.00
7.10 92672.00
7.20 92672.00
7.30 92672.00
7.40 92672.00
7.50 92672.00
7.60 92672.00
7.70 92672.00
7.80 92672.00
7.90 92672.00
8.00 92672.00
8.10 89600.00
8.20 89600.00
8.30 89600.00
8.40 89600.00
8.50 89600.00
8.60 89600.00
8.70 89600.00
8.80 89600.00
8.90 89600.00
9.00 89600.00
9.10 85196.80
9.20 85196.80
9.30 85196.80
9.40 85196.80
9.50 85196.80
9.60 85196.80
9.70 85196.80
9.80 85196.80
9.90 85196.80
10.00 85196.80
