0.10 87552.00
0.20 87552.00
0.30 87552.00
0.40 87552.00
0.50 87552.00
0.60 87552.00
0.70 87552.00
0.80 87552.00
0.90 87552.00
1.00 87552.00
1.10 47308.80
1.20 47308.80
1.30 47308.80
1.40 47308.80
1.50 47308.80
1.60 47308.80
1.70 47308.80
1.80 47308.80
1.90 47308.80
2.00 47308.80
2.10 139161.60
2.20 139161.60
2.30 139161.60
2.40 139161.60
2.50 139161.60
2.60 139161.60
2.70 139161.60
2.80 139161.60
2.90 139161.60
3.00 139161.60
3.10 88268.80
3.20 88268.80
3.30 88268.80
3.40 88268.80
3.50 88268.80
3.60 88268.80
3.70 88268.80
3.80 88268.80
3.90 88268.80
4.00 88268.80
4.10 89088.00
4.20 89088.00
4.30 89088.00
4.40 89088.00
4.50 89088.00
4.60 89088.00
4.70 89088.00
4.80 89088.00
4.90 89088.00
5.00 89088.00
5.10 89600.00
5.20 89600.00
5.30 89600.00
5.40 89600.00
5.50 89600.00
5.60 89600.00
5.70 89600.00
5.80 89600.00
5.90 89600.00
6.00 89600.00
6.10 88473.60
6.20 88473.60
6.30 88473.60
6.40 88473.60
6.50 88473.60
6.60 88473.60
6.70 88473.60
6.80 88473.60
6.90 88473.60
7.00 88473.60
7.10 89497.60
7.20 89497.60
7.30 89497.60
7.40 89497.60
7.50 89497.60
7.60 89497.60
7.70 89497.60
7.80 89497.60
7.90 89497.60
8.00 89497.60
8.10 90828.80
8.20 90828.80
8.30 90828.80
8.40 90828.80
8.50 90828.80
8.60 90828.80
8.70 90828.80
8.80 90828.80
8.90 90828.80
9.00 90828.80
9.10 88883.20
9.20 88883.20
9.30 88883.20
9.40 88883.20
9.50 88883.20
9.60 88883.20
9.70 88883.20
9.80 88883.20
9.90 88883.20
10.00 88883.20
