0.10 78336.00
0.20 78336.00
0.30 78336.00
0.40 78336.00
0.50 78336.00
0.60 78336.00
0.70 78336.00
0.80 78336.00
0.90 78336.00
1.00 78336.00
1.10 82534.40
1.20 82534.40
1.30 82534.40
1.40 82534.40
1.50 82534.40
1.60 82534.40
1.70 82534.40
1.80 82534.40
1.90 82534.40
2.00 82534.40
2.10 82227.20
2.20 82227.20
2.30 82227.20
2.40 82227.20
2.50 82227.20
2.60 82227.20
2.70 82227.20
2.80 82227.20
2.90 82227.20
3.00 82227.20
3.10 83046.40
3.20 83046.40
3.30 83046.40
3.40 83046.40
3.50 83046.40
3.60 83046.40
3.70 83046.40
3.80 83046.40
3.90 83046.40
4.00 83046.40
4.10 86016.00
4.20 86016.00
4.30 86016.00
4.40 86016.00
4.50 86016.00
4.60 86016.00
4.70 86016.00
4.80 86016.00
4.90 86016.00
5.00 86016.00
5.10 87961.60
5.20 87961.60
5.30 87961.60
5.40 87961.60
5.50 87961.60
5.60 87961.60
5.70 87961.60
5.80 87961.60
5.90 87961.60
6.00 87961.60
6.10 78131.20
6.20 78131.20
6.30 78131.20
6.40 78131.20
6.50 78131.20
6.60 78131.20
6.70 78131.20
6.80 78131.20
6.90 78131.20
7.00 78131.20
7.10 54784.00
7.20 54784.00
7.30 54784.00
7.40 54784.00
7.50 54784.00
7.60 54784.00
7.70 54784.00
7.80 54784.00
7.90 54784.00
8.00 54784.00
8.10 97894.40
8.20 97894.40
8.30 97894.40
8.40 97894.40
8.50 97894.40
8.60 97894.40
8.70 97894.40
8.80 97894.40
8.90 97894.40
9.00 97894.40
9.10 83968.00
9.20 83968.00
9.30 83968.00
9.40 83968.00
9.50 83968.00
9.60 83968.00
9.70 83968.00
9.80 83968.00
9.90 83968.00
10.00 83968.00
