0.10 55500.80
0.20 55500.80
0.30 55500.80
0.40 55500.80
0.50 55500.80
0.60 55500.80
0.70 55500.80
0.80 55500.80
0.90 55500.80
1.00 55500.80
1.10 112742.40
1.20 112742.40
1.30 112742.40
1.40 112742.40
1.50 112742.40
1.60 112742.40
1.70 112742.40
1.80 112742.40
1.90 112742.40
2.00 112742.40
2.10 93798.40
2.20 93798.40
2.30 93798.40
2.40 93798.40
2.50 93798.40
2.60 93798.40
2.70 93798.40
2.80 93798.40
2.90 93798.40
3.00 93798.40
3.10 89600.00
3.20 89600.00
3.30 89600.00
3.40 89600.00
3.50 89600.00
3.60 89600.00
3.70 89600.00
3.80 89600.00
3.90 89600.00
4.00 89600.00
4.10 84377.60
4.20 84377.60
4.30 84377.60
4.40 84377.60
4.50 84377.60
4.60 84377.60
4.70 84377.60
4.80 84377.60
4.90 84377.60
5.00 84377.60
5.10 84787.20
5.20 84787.20
5.30 84787.20
5.40 84787.20
5.50 84787.20
5.60 84787.20
5.70 84787.20
5.80 84787.20
5.90 84787.20
6.00 84787.20
6.10 84889.60
6.20 84889.60
6.30 84889.60
6.40 84889.60
6.50 84889.60
6.60 84889.60
6.70 84889.60
6.80 84889.60
6.90 84889.60
7.00 84889.60
7.10 84582.40
7.20 84582.40
7.30 84582.40
7.40 84582.40
7.50 84582.40
7.60 84582.40
7.70 84582.40
7.80 84582.40
7.90 84582.40
8.00 84582.40
8.10 84480.00
8.20 84480.00
8.30 84480.00
8.40 84480.00
8.50 84480.00
8.60 84480.00
8.70 84480.00
8.80 84480.00
8.90 84480.00
9.00 84480.00
9.10 90828.80
9.20 90828.80
9.30 90828.80
9.40 90828.80
9.50 90828.80
9.60 90828.80
9.70 90828.80
9.80 90828.80
9.90 90828.80
10.00 90828.80
