0.10 128204.80
0.20 128204.80
0.30 128204.80
0.40 128204.80
0.50 128204.80
0.60 128204.80
0.70 128204.80
0.80 128204.80
0.90 128204.80
1.00 128204.80
1.10 76185.60
1.20 76185.60
1.30 76185.60
1.40 76185.60
1.50 76185.60
1.60 76185.60
1.70 76185.60
1.80 76185.60
1.90 76185.60
2.00 76185.60
2.10 80896.00
2.20 80896.00
2.30 80896.00
2.40 80896.00
2.50 80896.00
2.60 80896.00
2.70 80896.00
2.80 80896.00
2.90 80896.00
3.00 80896.00
3.10 37683.20
3.20 37683.20
3.30 37683.20
3.40 37683.20
3.50 37683.20
3.60 37683.20
3.70 37683.20
3.80 37683.20
3.90 37683.20
4.00 37683.20
4.10 129638.40
4.20 129638.40
4.30 129638.40
4.40 129638.40
4.50 129638.40
4.60 129638.40
4.70 129638.40
4.80 129638.40
4.90 129638.40
5.00 129638.40
5.10 71680.00
5.20 71680.00
5.30 71680.00
5.40 71680.00
5.50 71680.00
5.60 71680.00
5.70 71680.00
5.80 71680.00
5.90 71680.00
6.00 71680.00
6.10 67584.00
6.20 67584.00
6.30 67584.00
6.40 67584.00
6.50 67584.00
6.60 67584.00
6.70 67584.00
6.80 67584.00
6.90 67584.00
7.00 67584.00
7.10 63692.80
7.20 63692.80
7.30 63692.80
7.40 63692.80
7.50 63692.80
7.60 63692.80
7.70 63692.80
7.80 63692.80
7.90 63692.80
8.00 63692.80
8.10 68812.80
8.20 68812.80
8.30 68812.80
8.40 68812.80
8.50 68812.80
8.60 68812.80
8.70 68812.80
8.80 68812.80
8.90 68812.80
9.00 68812.80
9.10 75059.20
9.20 75059.20
9.30 75059.20
9.40 75059.20
9.50 75059.20
9.60 75059.20
9.70 75059.20
9.80 75059.20
9.90 75059.20
10.00 75059.20
