0.10 87654.40
0.20 87654.40
0.30 87654.40
0.40 87654.40
0.50 87654.40
0.60 87654.40
0.70 87654.40
0.80 87654.40
0.90 87654.40
1.00 87654.40
1.10 84172.80
1.20 84172.80
1.30 84172.80
1.40 84172.80
1.50 84172.80
1.60 84172.80
1.70 84172.80
1.80 84172.80
1.90 84172.80
2.00 84172.80
2.10 63795.20
2.20 63795.20
2.30 63795.20
2.40 63795.20
2.50 63795.20
2.60 63795.20
2.70 63795.20
2.80 63795.20
2.90 63795.20
3.00 63795.20
3.10 104140.80
3.20 104140.80
3.30 104140.80
3.40 104140.80
3.50 104140.80
3.60 104140.80
3.70 104140.80
3.80 104140.80
3.90 104140.80
4.00 104140.80
4.10 88064.00
4.20 88064.00
4.30 88064.00
4.40 88064.00
4.50 88064.00
4.60 88064.00
4.70 88064.00
4.80 88064.00
4.90 88064.00
5.00 88064.00
5.10 91136.00
5.20 91136.00
5.30 91136.00
5.40 91136.00
5.50 91136.00
5.60 91136.00
5.70 91136.00
5.80 91136.00
5.90 91136.00
6.00 91136.00
6.10 87654.40
6.20 87654.40
6.30 87654.40
6.40 87654.40
6.50 87654.40
6.60 87654.40
6.70 87654.40
6.80 87654.40
6.90 87654.40
7.00 87654.40
7.10 88268.80
7.20 88268.80
7.30 88268.80
7.40 88268.80
7.50 88268.80
7.60 88268.80
7.70 88268.80
7.80 88268.80
7.90 88268.80
8.00 88268.80
8.10 87961.60
8.20 87961.60
8.30 87961.60
8.40 87961.60
8.50 87961.60
8.60 87961.60
8.70 87961.60
8.80 87961.60
8.90 87961.60
9.00 87961.60
9.10 86937.60
9.20 86937.60
9.30 86937.60
9.40 86937.60
9.50 86937.60
9.60 86937.60
9.70 86937.60
9.80 86937.60
9.90 86937.60
10.00 86937.60
