0.10 87961.60
0.20 87961.60
0.30 87961.60
0.40 87961.60
0.50 87961.60
0.60 87961.60
0.70 87961.60
0.80 87961.60
0.90 87961.60
1.00 87961.60
1.10 42803.20
1.20 42803.20
1.30 42803.20
1.40 42803.20
1.50 42803.20
1.60 42803.20
1.70 42803.20
1.80 42803.20
1.90 42803.20
2.00 42803.20
2.10 135372.80
2.20 135372.80
2.30 135372.80
2.40 135372.80
2.50 135372.80
2.60 135372.80
2.70 135372.80
2.80 135372.80
2.90 135372.80
3.00 135372.80
3.10 88780.80
3.20 88780.80
3.30 88780.80
3.40 88780.80
3.50 88780.80
3.60 88780.80
3.70 88780.80
3.80 88780.80
3.90 88780.80
4.00 88780.80
4.10 88883.20
4.20 88883.20
4.30 88883.20
4.40 88883.20
4.50 88883.20
4.60 88883.20
4.70 88883.20
4.80 88883.20
4.90 88883.20
5.00 88883.20
5.10 92364.80
5.20 92364.80
5.30 92364.80
5.40 92364.80
5.50 92364.80
5.60 92364.80
5.70 92364.80
5.80 92364.80
5.90 92364.80
6.00 92364.80
6.10 87142.40
6.20 87142.40
6.30 87142.40
6.40 87142.40
6.50 87142.40
6.60 87142.40
6.70 87142.40
6.80 87142.40
6.90 87142.40
7.00 87142.40
7.10 89088.00
7.20 89088.00
7.30 89088.00
7.40 89088.00
7.50 89088.00
7.60 89088.00
7.70 89088.00
7.80 89088.00
7.90 89088.00
8.00 89088.00
8.10 85913.60
8.20 85913.60
8.30 85913.60
8.40 85913.60
8.50 85913.60
8.60 85913.60
8.70 85913.60
8.80 85913.60
8.90 85913.60
9.00 85913.60
9.10 86937.60
9.20 86937.60
9.30 86937.60
9.40 86937.60
9.50 86937.60
9.60 86937.60
9.70 86937.60
9.80 86937.60
9.90 86937.60
10.00 86937.60
