0.10 83251.20
0.20 83251.20
0.30 83251.20
0.40 83251.20
0.50 83251.20
0.60 83251.20
0.70 83251.20
0.80 83251.20
0.90 83251.20
1.00 83251.20
1.10 89600.00
1.20 89600.00
1.30 89600.00
1.40 89600.00
1.50 89600.00
1.60 89600.00
1.70 89600.00
1.80 89600.00
1.90 89600.00
2.00 89600.00
2.10 93081.60
2.20 93081.60
2.30 93081.60
2.40 93081.60
2.50 93081.60
2.60 93081.60
2.70 93081.60
2.80 93081.60
2.90 93081.60
3.00 93081.60
3.10 48128.00
3.20 48128.00
3.30 48128.00
3.40 48128.00
3.50 48128.00
3.60 48128.00
3.70 48128.00
3.80 48128.00
3.90 48128.00
4.00 48128.00
4.10 124211.20
4.20 124211.20
4.30 124211.20
4.40 124211.20
4.50 124211.20
4.60 124211.20
4.70 124211.20
4.80 124211.20
4.90 124211.20
5.00 124211.20
5.10 88371.20
5.20 88371.20
5.30 88371.20
5.40 88371.20
5.50 88371.20
5.60 88371.20
5.70 88371.20
5.80 88371.20
5.90 88371.20
6.00 88371.20
6.10 89702.40
6.20 89702.40
6.30 89702.40
6.40 89702.40
6.50 89702.40
6.60 89702.40
6.70 89702.40
6.80 89702.40
6.90 89702.40
7.00 89702.40
7.10 89292.80
7.20 89292.80
7.30 89292.80
7.40 89292.80
7.50 89292.80
7.60 89292.80
7.70 89292.80
7.80 89292.80
7.90 89292.80
8.00 89292.80
8.10 48230.40
8.20 48230.40
8.30 48230.40
8.40 48230.40
8.50 48230.40
8.60 48230.40
8.70 48230.40
8.80 48230.40
8.90 48230.40
9.00 48230.40
9.10 135884.80
9.20 135884.80
9.30 135884.80
9.40 135884.80
9.50 135884.80
9.60 135884.80
9.70 135884.80
9.80 135884.80
9.90 135884.80
10.00 135884.80
