0.10 140185.60
0.20 140185.60
0.30 140185.60
0.40 140185.60
0.50 140185.60
0.60 140185.60
0.70 140185.60
0.80 140185.60
0.90 140185.60
1.00 140185.60
1.10 82432.00
1.20 82432.00
1.30 82432.00
1.40 82432.00
1.50 82432.00
1.60 82432.00
1.70 82432.00
1.80 82432.00
1.90 82432.00
2.00 82432.00
2.10 82432.00
2.20 82432.00
2.30 82432.00
2.40 82432.00
2.50 82432.00
2.60 82432.00
2.70 82432.00
2.80 82432.00
2.90 82432.00
3.00 82432.00
3.10 77926.40
3.20 77926.40
3.30 77926.40
3.40 77926.40
3.50 77926.40
3.60 77926.40
3.70 77926.40
3.80 77926.40
3.90 77926.40
4.00 77926.40
4.10 77824.00
4.20 77824.00
4.30 77824.00
4.40 77824.00
4.50 77824.00
4.60 77824.00
4.70 77824.00
4.80 77824.00
4.90 77824.00
5.00 77824.00
5.10 33382.40
5.20 33382.40
5.30 33382.40
5.40 33382.40
5.50 33382.40
5.60 33382.40
5.70 33382.40
5.80 33382.40
5.90 33382.40
6.00 33382.40
6.10 124723.20
6.20 124723.20
6.30 124723.20
6.40 124723.20
6.50 124723.20
6.60 124723.20
6.70 124723.20
6.80 124723.20
6.90 124723.20
7.00 124723.20
7.10 80998.40
7.20 80998.40
7.30 80998.40
7.40 80998.40
7.50 80998.40
7.60 80998.40
7.70 80998.40
7.80 80998.40
7.90 80998.40
8.00 80998.40
8.10 79667.20
8.20 79667.20
8.30 79667.20
8.40 79667.20
8.50 79667.20
8.60 79667.20
8.70 79667.20
8.80 79667.20
8.90 79667.20
9.00 79667.20
9.10 82944.00
9.20 82944.00
9.30 82944.00
9.40 82944.00
9.50 82944.00
9.60 82944.00
9.70 82944.00
9.80 82944.00
9.90 82944.00
10.00 82944.00
