0.10 68681.70
0.20 68681.70
0.30 68681.70
0.40 68681.70
0.50 68681.70
0.60 88866.80
0.70 88866.80
0.80 88866.80
0.90 88866.80
1.00 88866.80
1.10 25690.10
1.20 25690.10
1.30 25690.10
1.40 25690.10
1.50 25690.10
1.60 104333.30
1.70 104333.30
1.80 104333.30
1.90 104333.30
2.00 104333.30
2.10 71303.20
2.20 71303.20
2.30 71303.20
2.40 71303.20
2.50 71303.20
2.60 59506.70
2.70 59506.70
2.80 59506.70
2.90 59506.70
3.00 59506.70
3.10 110624.80
3.20 110624.80
3.30 110624.80
3.40 110624.80
3.50 110624.80
3.60 32505.90
3.70 32505.90
3.80 32505.90
3.90 32505.90
4.00 32505.90
4.10 32505.90
4.20 32505.90
4.30 32505.90
4.40 32505.90
4.50 32505.90
4.60 66846.70
4.70 66846.70
4.80 66846.70
4.90 66846.70
5.00 66846.70
5.10 92536.80
5.20 92536.80
5.30 92536.80
5.40 92536.80
5.50 92536.80
5.60 84934.70
5.70 84934.70
5.80 84934.70
5.90 84934.70
6.00 84934.70
6.10 62914.60
6.20 62914.60
6.30 62914.60
6.40 62914.60
6.50 62914.60
6.60 70516.70
6.70 70516.70
6.80 70516.70
6.90 70516.70
7.00 70516.70
7.10 87031.80
7.20 87031.80
7.30 87031.80
7.40 87031.80
7.50 87031.80
7.60 5242.90
7.70 5242.90
7.80 5242.90
7.90 5242.90
8.00 5242.90
8.10 17301.50
8.20 17301.50
8.30 17301.50
8.40 17301.50
8.50 17301.50
8.60 5242.90
8.70 5242.90
8.80 5242.90
8.90 5242.90
9.00 5242.90
9.10 96469.00
9.20 96469.00
9.30 96469.00
9.40 96469.00
9.50 96469.00
9.60 81526.80
9.70 81526.80
9.80 81526.80
9.90 81526.80
10.00 81526.80
10.10 85983.20
10.20 85983.20
10.30 85983.20
10.40 85983.20
10.50 85983.20
10.60 94109.70
10.70 94109.70
10.80 94109.70
10.90 94109.70
11.00 94109.70
11.10 47185.90
11.20 47185.90
11.30 47185.90
11.40 47185.90
11.50 47185.90
11.60 99352.60
11.70 99352.60
11.80 99352.60
11.90 99352.60
12.00 99352.60
12.10 66584.60
12.20 66584.60
12.30 66584.60
12.40 66584.60
12.50 66584.60
12.60 104071.20
12.70 104071.20
12.80 104071.20
12.90 104071.20
13.00 104071.20
13.10 70254.60
13.20 70254.60
13.30 70254.60
13.40 70254.60
13.50 70254.60
13.60 87031.80
13.70 87031.80
13.80 87031.80
13.90 87031.80
14.00 87031.80
14.10 36438.00
14.20 36438.00
14.30 36438.00
14.40 36438.00
14.50 36438.00
14.60 30408.70
14.70 30408.70
14.80 30408.70
14.90 30408.70
15.00 30408.70
15.10 50593.80
15.20 50593.80
15.30 50593.80
15.40 50593.80
15.50 50593.80
15.60 18874.40
15.70 18874.40
15.80 18874.40
15.90 18874.40
16.00 18874.40
16.10 19136.50
16.20 19136.50
16.30 19136.50
16.40 19136.50
16.50 19136.50
16.60 24903.70
16.70 24903.70
16.80 24903.70
16.90 24903.70
17.00 24903.70
17.10 18612.20
17.20 18612.20
17.30 18612.20
17.40 18612.20
17.50 18612.20
17.60 22806.50
17.70 22806.50
17.80 22806.50
17.90 22806.50
18.00 22806.50
18.10 30933.00
18.20 30933.00
18.30 30933.00
18.40 30933.00
18.50 30933.00
18.60 38010.90
18.70 38010.90
18.80 38010.90
18.90 38010.90
19.00 38010.90
19.10 70516.70
19.20 70516.70
19.30 70516.70
19.40 70516.70
19.50 70516.70
19.60 64749.60
19.70 64749.60
19.80 64749.60
19.90 64749.60
20.00 64749.60
20.10 65798.10
20.20 65798.10
20.30 65798.10
20.40 65798.10
20.50 65798.10
20.60 37486.60
20.70 37486.60
20.80 37486.60
20.90 37486.60
21.00 37486.60
21.10 30146.60
21.20 30146.60
21.30 30146.60
21.40 30146.60
21.50 30146.60
21.60 47710.20
21.70 47710.20
21.80 47710.20
21.90 47710.20
22.00 47710.20
22.10 38535.20
22.20 38535.20
22.30 38535.20
22.40 38535.20
22.50 38535.20
22.60 16515.10
22.70 16515.10
22.80 16515.10
22.90 16515.10
23.00 16515.10
23.10 5242.90
23.20 5242.90
23.30 5242.90
23.40 5242.90
23.50 5242.90
23.60 47185.90
23.70 47185.90
23.80 47185.90
23.90 47185.90
24.00 47185.90
24.10 48234.50
24.20 48234.50
24.30 48234.50
24.40 48234.50
24.50 48234.50
24.60 34603.00
24.70 34603.00
24.80 34603.00
24.90 34603.00
25.00 34603.00
25.10 96993.30
25.20 96993.30
25.30 96993.30
25.40 96993.30
25.50 96993.30
25.60 47972.40
25.70 47972.40
25.80 47972.40
25.90 47972.40
26.00 47972.40
26.10 64749.60
26.20 64749.60
26.30 64749.60
26.40 64749.60
26.50 64749.60
26.60 23593.00
26.70 23593.00
26.80 23593.00
26.90 23593.00
27.00 23593.00
27.10 90701.80
27.20 90701.80
27.30 90701.80
27.40 90701.80
27.50 90701.80
27.60 87556.10
27.70 87556.10
27.80 87556.10
27.90 87556.10
28.00 87556.10
28.10 86245.40
28.20 86245.40
28.30 86245.40
28.40 86245.40
28.50 86245.40
28.60 5242.90
28.70 5242.90
28.80 5242.90
28.90 5242.90
29.00 5242.90
29.10 63176.70
29.20 63176.70
29.30 63176.70
29.40 63176.70
29.50 63176.70
29.60 95420.40
29.70 95420.40
29.80 95420.40
29.90 95420.40
30.00 95420.40
