0.10 103546.90
0.20 103546.90
0.30 103546.90
0.40 103546.90
0.50 103546.90
0.60 135790.60
0.70 135790.60
0.80 135790.60
0.90 135790.60
1.00 135790.60
1.10 95420.40
1.20 95420.40
1.30 95420.40
1.40 95420.40
1.50 95420.40
1.60 104857.60
1.70 104857.60
1.80 104857.60
1.90 104857.60
2.00 104857.60
2.10 87294.00
2.20 87294.00
2.30 87294.00
2.40 87294.00
2.50 87294.00
2.60 91226.10
2.70 91226.10
2.80 91226.10
2.90 91226.10
3.00 91226.10
3.10 5242.90
3.20 5242.90
3.30 5242.90
3.40 5242.90
3.50 5242.90
3.60 43253.80
3.70 43253.80
3.80 43253.80
3.90 43253.80
4.00 43253.80
4.10 57671.70
4.20 57671.70
4.30 57671.70
4.40 57671.70
4.50 57671.70
4.60 14417.90
4.70 14417.90
4.80 14417.90
4.90 14417.90
5.00 14417.90
5.10 5767.20
5.20 5767.20
5.30 5767.20
5.40 5767.20
5.50 5767.20
5.60 65536.00
5.70 65536.00
5.80 65536.00
5.90 65536.00
6.00 65536.00
6.10 89391.10
6.20 89391.10
6.30 89391.10
6.40 89391.10
6.50 89391.10
6.60 108789.80
6.70 108789.80
6.80 108789.80
6.90 108789.80
7.00 108789.80
7.10 6815.70
7.20 6815.70
7.30 6815.70
7.40 6815.70
7.50 6815.70
7.60 107479.00
7.70 107479.00
7.80 107479.00
7.90 107479.00
8.00 107479.00
8.10 110886.90
8.20 110886.90
8.30 110886.90
8.40 110886.90
8.50 110886.90
8.60 31981.60
8.70 31981.60
8.80 31981.60
8.90 31981.60
9.00 31981.60
9.10 79167.50
9.20 79167.50
9.30 79167.50
9.40 79167.50
9.50 79167.50
9.60 33292.30
9.70 33292.30
9.80 33292.30
9.90 33292.30
10.00 33292.30
10.10 90177.50
10.20 90177.50
10.30 90177.50
10.40 90177.50
10.50 90177.50
10.60 127139.80
10.70 127139.80
10.80 127139.80
10.90 127139.80
11.00 127139.80
11.10 15466.50
11.20 15466.50
11.30 15466.50
11.40 15466.50
11.50 15466.50
11.60 57147.40
11.70 57147.40
11.80 57147.40
11.90 57147.40
12.00 57147.40
12.10 152043.50
12.20 152043.50
12.30 152043.50
12.40 152043.50
12.50 152043.50
12.60 54526.00
12.70 54526.00
12.80 54526.00
12.90 54526.00
13.00 54526.00
13.10 29360.10
13.20 29360.10
13.30 29360.10
13.40 29360.10
13.50 29360.10
13.60 14155.80
13.70 14155.80
13.80 14155.80
13.90 14155.80
14.00 14155.80
14.10 28311.60
14.20 28311.60
14.30 28311.60
14.40 28311.60
14.50 28311.60
14.60 28311.60
14.70 28311.60
14.80 28311.60
14.90 28311.60
15.00 28311.60
15.10 30146.60
15.20 30146.60
15.30 30146.60
15.40 30146.60
15.50 30146.60
15.60 35389.40
15.70 35389.40
15.80 35389.40
15.90 35389.40
16.00 35389.40
16.10 26476.50
16.20 26476.50
16.30 26476.50
16.40 26476.50
16.50 26476.50
16.60 5242.90
16.70 5242.90
16.80 5242.90
16.90 5242.90
17.00 5242.90
17.10 24641.50
17.20 24641.50
17.30 24641.50
17.40 24641.50
17.50 24641.50
17.60 12058.60
17.70 12058.60
17.80 12058.60
17.90 12058.60
18.00 12058.60
18.10 30933.00
18.20 30933.00
18.30 30933.00
18.40 30933.00
18.50 30933.00
18.60 28573.70
18.70 28573.70
18.80 28573.70
18.90 28573.70
19.00 28573.70
19.10 35913.70
19.20 35913.70
19.30 35913.70
19.40 35913.70
19.50 35913.70
19.60 43253.80
19.70 43253.80
19.80 43253.80
19.90 43253.80
20.00 43253.80
20.10 27787.30
20.20 27787.30
20.30 27787.30
20.40 27787.30
20.50 27787.30
20.60 37224.40
20.70 37224.40
20.80 37224.40
20.90 37224.40
21.00 37224.40
21.10 42205.20
21.20 42205.20
21.30 42205.20
21.40 42205.20
21.50 42205.20
21.60 72613.90
21.70 72613.90
21.80 72613.90
21.90 72613.90
22.00 72613.90
22.10 12058.60
22.20 12058.60
22.30 12058.60
22.40 12058.60
22.50 12058.60
22.60 34603.00
22.70 34603.00
22.80 34603.00
22.90 34603.00
23.00 34603.00
23.10 64749.60
23.20 64749.60
23.30 64749.60
23.40 64749.60
23.50 64749.60
23.60 57409.50
23.70 57409.50
23.80 57409.50
23.90 57409.50
24.00 57409.50
24.10 88080.40
24.20 88080.40
24.30 88080.40
24.40 88080.40
24.50 88080.40
24.60 30146.60
24.70 30146.60
24.80 30146.60
24.90 30146.60
25.00 30146.60
25.10 60031.00
25.20 60031.00
25.30 60031.00
25.40 60031.00
25.50 60031.00
25.60 7340.00
25.70 7340.00
25.80 7340.00
25.90 7340.00
26.00 7340.00
26.10 61603.80
26.20 61603.80
26.30 61603.80
26.40 61603.80
26.50 61603.80
26.60 82051.10
26.70 82051.10
26.80 82051.10
26.90 82051.10
27.00 82051.10
27.10 78643.20
27.20 78643.20
27.30 78643.20
27.40 78643.20
27.50 78643.20
27.60 82313.20
27.70 82313.20
27.80 82313.20
27.90 82313.20
28.00 82313.20
28.10 99090.40
28.20 99090.40
28.30 99090.40
28.40 99090.40
28.50 99090.40
28.60 78905.30
28.70 78905.30
28.80 78905.30
28.90 78905.30
29.00 78905.30
29.10 57409.50
29.20 57409.50
29.30 57409.50
29.40 57409.50
29.50 57409.50
29.60 46923.80
29.70 46923.80
29.80 46923.80
29.90 46923.80
30.00 46923.80
