0.10 106056.12
0.20 122783.04
0.30 122783.04
0.40 122783.04
0.50 122783.04
0.60 122783.04
0.70 122783.04
0.80 122783.04
0.90 122783.04
1.00 122783.04
1.10 113671.74
1.20 113671.74
1.30 113671.74
1.40 113671.74
1.50 113671.74
1.60 113671.74
1.70 113671.74
1.80 113671.74
1.90 113671.74
2.00 113671.74
2.10 110818.92
2.20 110818.92
2.30 110818.92
2.40 110818.92
2.50 110818.92
2.60 110818.92
2.70 110818.92
2.80 110818.92
2.90 110818.92
3.00 110818.92
3.10 90390.58
3.20 90390.58
3.30 90390.58
3.40 90390.58
3.50 90390.58
3.60 90390.58
3.70 90390.58
3.80 90390.58
3.90 90390.58
4.00 90390.58
4.10 96815.26
4.20 96815.26
4.30 96815.26
4.40 96815.26
4.50 96815.26
4.60 96815.26
4.70 96815.26
4.80 96815.26
4.90 96815.26
5.00 96815.26
5.10 101635.84
5.20 101635.84
5.30 101635.84
5.40 101635.84
5.50 101635.84
5.60 101635.84
5.70 101635.84
5.80 101635.84
5.90 101635.84
6.00 101635.84
6.10 95911.50
6.20 95911.50
6.30 95911.50
6.40 95911.50
6.50 95911.50
6.60 95911.50
6.70 95911.50
6.80 95911.50
6.90 95911.50
7.00 95911.50
7.10 95022.11
7.20 95022.11
7.30 95022.11
7.40 95022.11
7.50 95022.11
7.60 95022.11
7.70 95022.11
7.80 95022.11
7.90 95022.11
8.00 95022.11
8.10 102064.74
8.20 102064.74
8.30 102064.74
8.40 102064.74
8.50 102064.74
8.60 102064.74
8.70 102064.74
8.80 102064.74
8.90 102064.74
9.00 102064.74
9.10 104861.53
9.20 104861.53
9.30 104861.53
9.40 104861.53
9.50 104861.53
9.60 104861.53
9.70 104861.53
9.80 104861.53
9.90 104861.53
10.00 104861.53
10.10 97464.03
10.20 97464.03
10.30 97464.03
10.40 97464.03
10.50 97464.03
10.60 97464.03
10.70 97464.03
10.80 97464.03
10.90 97464.03
11.00 97464.03
11.10 72560.33
11.20 72560.33
11.30 72560.33
11.40 72560.33
11.50 72560.33
11.60 72560.33
11.70 72560.33
11.80 72560.33
11.90 72560.33
12.00 72560.33
12.10 114153.10
12.20 114153.10
12.30 114153.10
12.40 114153.10
12.50 114153.10
12.60 114153.10
12.70 114153.10
12.80 114153.10
12.90 114153.10
13.00 114153.10
13.10 96384.87
13.20 96384.87
13.30 96384.87
13.40 96384.87
13.50 96384.87
13.60 96384.87
13.70 96384.87
13.80 96384.87
13.90 96384.87
14.00 96384.87
14.10 108771.84
14.20 108771.84
14.30 108771.84
14.40 108771.84
14.50 108771.84
14.60 108771.84
14.70 108771.84
14.80 108771.84
14.90 108771.84
15.00 108771.84
15.10 108425.32
15.20 108425.32
15.30 108425.32
15.40 108425.32
15.50 108425.32
15.60 108425.32
15.70 108425.32
15.80 108425.32
15.90 108425.32
16.00 108425.32
16.10 109383.43
16.20 109383.43
16.30 109383.43
16.40 109383.43
16.50 109383.43
16.60 109383.43
16.70 109383.43
16.80 109383.43
16.90 109383.43
17.00 109383.43
17.10 111157.70
17.20 111157.70
17.30 111157.70
17.40 111157.70
17.50 111157.70
17.60 111157.70
17.70 111157.70
17.80 111157.70
17.90 111157.70
18.00 111157.70
18.10 94662.78
18.20 94662.78
18.30 94662.78
18.40 94662.78
18.50 94662.78
18.60 94662.78
18.70 94662.78
18.80 94662.78
18.90 94662.78
19.00 94662.78
19.10 109751.20
19.20 109751.20
19.30 109751.20
19.40 109751.20
19.50 109751.20
19.60 109751.20
19.70 109751.20
19.80 109751.20
19.90 109751.20
20.00 109751.20
20.10 118149.55
20.20 118149.55
20.30 118149.55
20.40 118149.55
20.50 118149.55
20.60 118149.55
20.70 118149.55
20.80 118149.55
20.90 118149.55
21.00 118149.55
21.10 119502.31
21.20 119502.31
21.30 119502.31
21.40 119502.31
21.50 119502.31
21.60 119502.31
21.70 119502.31
21.80 119502.31
21.90 119502.31
22.00 119502.31
22.10 121858.38
22.20 121858.38
22.30 121858.38
22.40 121858.38
22.50 121858.38
22.60 121858.38
22.70 121858.38
22.80 121858.38
22.90 121858.38
23.00 121858.38
23.10 114863.39
23.20 114863.39
23.30 114863.39
23.40 114863.39
23.50 114863.39
23.60 114863.39
23.70 114863.39
23.80 114863.39
23.90 114863.39
24.00 114863.39
24.10 118128.65
24.20 118128.65
24.30 118128.65
24.40 118128.65
24.50 118128.65
24.60 118128.65
24.70 118128.65
24.80 118128.65
24.90 118128.65
25.00 118128.65
25.10 121233.05
25.20 121233.05
25.30 121233.05
25.40 121233.05
25.50 121233.05
25.60 121233.05
25.70 121233.05
25.80 121233.05
25.90 121233.05
26.00 121233.05
26.10 126130.76
26.20 126130.76
26.30 126130.76
26.40 126130.76
26.50 126130.76
26.60 126130.76
26.70 126130.76
26.80 126130.76
26.90 126130.76
27.00 126130.76
27.10 115281.37
27.20 115281.37
27.30 115281.37
27.40 115281.37
27.50 115281.37
27.60 115281.37
27.70 115281.37
27.80 115281.37
27.90 115281.37
28.00 115281.37
28.10 88121.13
28.20 88121.13
28.30 88121.13
28.40 88121.13
28.50 88121.13
28.60 88121.13
28.70 88121.13
28.80 88121.13
28.90 88121.13
29.00 88121.13
29.10 87827.94
29.20 87827.94
29.30 87827.94
29.40 87827.94
29.50 87827.94
29.60 87827.94
29.70 87827.94
29.80 87827.94
29.90 87827.94
30.00 87827.94
