0.05 24984.00
0.15 26372.00
0.26 24984.00
0.36 26372.00
0.47 22208.00
0.58 19432.00
0.68 20820.00
0.79 26372.00
0.90 19432.00
1.01 19432.00
1.11 26372.00
1.22 19432.00
1.33 19432.00
1.43 12492.00
1.54 27760.00
1.64 16656.00
1.75 12492.00
1.85 16656.00
1.96 16656.00
2.07 16656.00
2.18 15268.00
2.29 19432.00
2.39 20820.00
2.50 20820.00
2.60 18044.00
2.71 20820.00
2.82 15268.00
2.92 15268.00
3.03 19432.00
3.13 30536.00
3.24 31924.00
3.35 16656.00
3.46 31924.00
3.57 29148.00
3.67 20820.00
3.79 20820.00
3.90 34700.00
4.01 47192.00
4.11 18044.00
4.22 34700.00
4.33 43028.00
4.43 30536.00
4.54 22208.00
4.64 29148.00
4.75 38864.00
4.85 40252.00
4.96 40252.00
5.07 47192.00
5.17 43028.00
5.28 22208.00
5.38 19432.00
5.50 18044.00
5.60 12492.00
5.71 23596.00
5.82 18044.00
5.92 18044.00
6.04 31924.00
6.14 41640.00
6.25 34700.00
6.36 37476.00
6.47 41640.00
6.58 37476.00
6.68 30536.00
6.79 31924.00
6.89 38864.00
7.00 51356.00
7.10 26372.00
7.21 36088.00
7.32 37476.00
7.42 27760.00
7.53 44416.00
7.63 38864.00
7.74 48580.00
7.85 31924.00
7.96 44416.00
8.07 40252.00
8.17 19432.00
8.28 23596.00
8.38 41640.00
8.49 33312.00
8.60 20820.00
8.71 16656.00
8.82 16656.00
8.92 20820.00
9.03 30536.00
9.13 33312.00
9.24 23596.00
9.35 41640.00
9.47 40252.00
9.58 43028.00
9.68 34700.00
9.79 34700.00
9.89 30536.00
10.00 43028.00
10.11 24984.00
10.22 33312.00
10.33 37476.00
10.43 33312.00
10.54 34700.00
10.64 38864.00
10.75 47192.00
10.85 31924.00
10.96 41640.00
11.07 37476.00
11.17 33312.00
11.28 36088.00
11.38 37476.00
11.49 40252.00
11.60 31924.00
11.71 40252.00
11.82 34700.00
11.92 22208.00
12.03 29148.00
12.13 34700.00
12.24 51356.00
12.35 48580.00
12.46 45804.00
12.57 41640.00
12.67 27760.00
12.78 40252.00
12.88 36088.00
12.99 41640.00
13.10 43028.00
13.21 15268.00
13.34 22208.00
13.44 26372.00
13.55 36088.00
13.65 31924.00
13.76 16656.00
13.87 15268.00
13.98 22208.00
14.09 23596.00
14.19 33312.00
14.30 37476.00
14.40 27760.00
14.51 36088.00
14.61 15268.00
14.72 44416.00
14.83 41640.00
14.94 34700.00
15.05 30536.00
15.15 40252.00
15.26 37476.00
15.36 43028.00
15.47 24984.00
15.58 30536.00
15.68 22208.00
15.79 41640.00
15.89 34700.00
16.00 52744.00
16.11 44416.00
16.22 33312.00
16.35 19432.00
16.46 11104.00
16.57 20820.00
16.67 12492.00
16.78 15268.00
16.88 15268.00
16.99 16656.00
17.10 43028.00
17.21 27760.00
17.32 23596.00
17.42 29148.00
17.54 26372.00
17.65 13880.00
17.77 15268.00
17.87 12492.00
17.98 12492.00
18.09 12492.00
18.19 12492.00
18.30 16656.00
18.41 26372.00
18.52 19432.00
18.62 16656.00
18.74 22208.00
18.85 29148.00
18.96 30536.00
19.07 27760.00
19.18 16656.00
19.29 22208.00
19.39 33312.00
19.50 37476.00
19.60 22208.00
19.71 22208.00
19.82 16656.00
19.92 8328.00
20.03 11104.00
20.14 12492.00
20.27 11104.00
20.37 5552.00
20.49 8328.00
20.63 5552.00
20.75 6940.00
20.86 8328.00
20.98 12492.00
21.09 12492.00
21.19 13880.00
21.30 15268.00
21.40 11104.00
21.53 30536.00
21.63 18044.00
21.75 26372.00
21.85 18044.00
21.96 31924.00
22.07 27760.00
22.17 16656.00
22.28 23596.00
22.38 22208.00
22.49 24984.00
22.60 24984.00
22.71 30536.00
22.82 33312.00
22.92 18044.00
23.03 18044.00
23.13 13880.00
23.24 19432.00
23.35 34700.00
23.46 52744.00
23.57 45804.00
23.67 47192.00
23.78 41640.00
23.89 45804.00
24.00 59684.00
24.10 47192.00
24.21 48580.00
24.32 48580.00
24.42 43028.00
24.53 40252.00
24.63 40252.00
24.74 33312.00
24.86 40252.00
24.97 47192.00
25.08 24984.00
25.18 23596.00
25.29 40252.00
25.39 37476.00
25.50 26372.00
25.61 27760.00
25.72 24984.00
25.83 36088.00
25.93 40252.00
26.05 45804.00
26.15 19432.00
26.26 48580.00
26.36 43028.00
26.47 48580.00
26.58 43028.00
26.68 38864.00
26.79 59684.00
26.89 27760.00
27.00 18044.00
27.10 15268.00
27.21 8328.00
27.32 15268.00
27.42 16656.00
27.53 30536.00
27.63 15268.00
27.74 24984.00
27.87 18044.00
27.98 16656.00
28.09 16656.00
28.19 19432.00
28.30 16656.00
28.40 24984.00
28.51 20820.00
28.61 24984.00
28.72 22208.00
28.83 20820.00
28.93 22208.00
29.04 18044.00
29.14 15268.00
29.25 12492.00
29.35 16656.00
29.46 15268.00
29.57 13880.00
29.67 23596.00
29.78 29148.00
29.88 23596.00
29.99 24984.00
