0.10 66867.20
0.20 66867.20
0.30 66867.20
0.40 66867.20
0.50 66867.20
0.60 66867.20
0.70 66867.20
0.80 66867.20
0.90 66867.20
1.00 66867.20
1.10 68812.80
1.20 68812.80
1.30 68812.80
1.40 68812.80
1.50 68812.80
1.60 68812.80
1.70 68812.80
1.80 68812.80
1.90 68812.80
2.00 68812.80
2.10 76697.60
2.20 76697.60
2.30 76697.60
2.40 76697.60
2.50 76697.60
2.60 76697.60
2.70 76697.60
2.80 76697.60
2.90 76697.60
3.00 76697.60
3.10 83968.00
3.20 83968.00
3.30 83968.00
3.40 83968.00
3.50 83968.00
3.60 83968.00
3.70 83968.00
3.80 83968.00
3.90 83968.00
4.00 83968.00
4.10 70758.40
4.20 70758.40
4.30 70758.40
4.40 70758.40
4.50 70758.40
4.60 70758.40
4.70 70758.40
4.80 70758.40
4.90 70758.40
5.00 70758.40
5.10 48844.80
5.20 48844.80
5.30 48844.80
5.40 48844.80
5.50 48844.80
5.60 48844.80
5.70 48844.80
5.80 48844.80
5.90 48844.80
6.00 48844.80
6.10 99328.00
6.20 99328.00
6.30 99328.00
6.40 99328.00
6.50 99328.00
6.60 99328.00
6.70 99328.00
6.80 99328.00
6.90 99328.00
7.00 99328.00
7.10 60723.20
7.20 60723.20
7.30 60723.20
7.40 60723.20
7.50 60723.20
7.60 60723.20
7.70 60723.20
7.80 60723.20
7.90 60723.20
8.00 60723.20
8.10 80486.40
8.20 80486.40
8.30 80486.40
8.40 80486.40
8.50 80486.40
8.60 80486.40
8.70 80486.40
8.80 80486.40
8.90 80486.40
9.00 80486.40
9.10 77516.80
9.20 77516.80
9.30 77516.80
9.40 77516.80
9.50 77516.80
9.60 77516.80
9.70 77516.80
9.80 77516.80
9.90 77516.80
10.00 77516.80
10.10 76595.20
10.20 76595.20
10.30 76595.20
10.40 76595.20
10.50 76595.20
10.60 76595.20
10.70 76595.20
10.80 76595.20
10.90 76595.20
11.00 76595.20
11.10 74342.40
11.20 74342.40
11.30 74342.40
11.40 74342.40
11.50 74342.40
11.60 74342.40
11.70 74342.40
11.80 74342.40
11.90 74342.40
12.00 74342.40
12.10 73625.60
12.20 73625.60
12.30 73625.60
12.40 73625.60
12.50 73625.60
12.60 73625.60
12.70 73625.60
12.80 73625.60
12.90 73625.60
13.00 73625.60
13.10 77516.80
13.20 77516.80
13.30 77516.80
13.40 77516.80
13.50 77516.80
13.60 77516.80
13.70 77516.80
13.80 77516.80
13.90 77516.80
14.00 77516.80
14.10 72396.80
14.20 72396.80
14.30 72396.80
14.40 72396.80
14.50 72396.80
14.60 72396.80
14.70 72396.80
14.80 72396.80
14.90 72396.80
15.00 72396.80
15.10 75776.00
15.20 75776.00
15.30 75776.00
15.40 75776.00
15.50 75776.00
15.60 75776.00
15.70 75776.00
15.80 75776.00
15.90 75776.00
16.00 75776.00
16.10 76185.60
16.20 76185.60
16.30 76185.60
16.40 76185.60
16.50 76185.60
16.60 76185.60
16.70 76185.60
16.80 76185.60
16.90 76185.60
17.00 76185.60
17.10 80588.80
17.20 80588.80
17.30 80588.80
17.40 80588.80
17.50 80588.80
17.60 80588.80
17.70 80588.80
17.80 80588.80
17.90 80588.80
18.00 80588.80
18.10 77209.60
18.20 77209.60
18.30 77209.60
18.40 77209.60
18.50 77209.60
18.60 77209.60
18.70 77209.60
18.80 77209.60
18.90 77209.60
19.00 77209.60
19.10 82022.40
19.20 82022.40
19.30 82022.40
19.40 82022.40
19.50 82022.40
19.60 82022.40
19.70 82022.40
19.80 82022.40
19.90 82022.40
20.00 82022.40
20.10 76185.60
20.20 76185.60
20.30 76185.60
20.40 76185.60
20.50 76185.60
20.60 76185.60
20.70 76185.60
20.80 76185.60
20.90 76185.60
21.00 76185.60
21.10 81715.20
21.20 81715.20
21.30 81715.20
21.40 81715.20
21.50 81715.20
21.60 81715.20
21.70 81715.20
21.80 81715.20
21.90 81715.20
22.00 81715.20
22.10 86528.00
22.20 86528.00
22.30 86528.00
22.40 86528.00
22.50 86528.00
22.60 86528.00
22.70 86528.00
22.80 86528.00
22.90 86528.00
23.00 86528.00
23.10 23961.60
23.20 23961.60
23.30 23961.60
23.40 23961.60
23.50 23961.60
23.60 23961.60
23.70 23961.60
23.80 23961.60
23.90 23961.60
24.00 23961.60
24.10 126771.20
24.20 126771.20
24.30 126771.20
24.40 126771.20
24.50 126771.20
24.60 126771.20
24.70 126771.20
24.80 126771.20
24.90 126771.20
25.00 126771.20
25.10 70758.40
25.20 70758.40
25.30 70758.40
25.40 70758.40
25.50 70758.40
25.60 70758.40
25.70 70758.40
25.80 70758.40
25.90 70758.40
26.00 70758.40
26.10 70758.40
26.20 70758.40
26.30 70758.40
26.40 70758.40
26.50 70758.40
26.60 70758.40
26.70 70758.40
26.80 70758.40
26.90 70758.40
27.00 70758.40
27.10 76288.00
27.20 76288.00
27.30 76288.00
27.40 76288.00
27.50 76288.00
27.60 76288.00
27.70 76288.00
27.80 76288.00
27.90 76288.00
28.00 76288.00
28.10 83660.80
28.20 83660.80
28.30 83660.80
28.40 83660.80
28.50 83660.80
28.60 83660.80
28.70 83660.80
28.80 83660.80
28.90 83660.80
29.00 83660.80
29.10 68812.80
29.20 68812.80
29.30 68812.80
29.40 68812.80
29.50 68812.80
29.60 68812.80
29.70 68812.80
29.80 68812.80
29.90 68812.80
30.00 68812.80
30.10 95129.60
30.20 95129.60
30.30 95129.60
30.40 95129.60
30.50 95129.60
30.60 95129.60
30.70 95129.60
30.80 95129.60
30.90 95129.60
31.00 95129.60
31.10 81408.00
31.20 81408.00
31.30 81408.00
31.40 81408.00
31.50 81408.00
31.60 81408.00
31.70 81408.00
31.80 81408.00
31.90 81408.00
32.00 81408.00
32.10 70553.60
32.20 70553.60
32.30 70553.60
32.40 70553.60
32.50 70553.60
32.60 70553.60
32.70 70553.60
32.80 70553.60
32.90 70553.60
33.00 70553.60
33.10 82534.40
33.20 82534.40
33.30 82534.40
33.40 82534.40
33.50 82534.40
33.60 82534.40
33.70 82534.40
33.80 82534.40
33.90 82534.40
34.00 82534.40
34.10 80486.40
34.20 80486.40
34.30 80486.40
34.40 80486.40
34.50 80486.40
34.60 80486.40
34.70 80486.40
34.80 80486.40
34.90 80486.40
35.00 80486.40
35.10 90624.00
35.20 90624.00
35.30 90624.00
35.40 90624.00
35.50 90624.00
35.60 90624.00
35.70 90624.00
35.80 90624.00
35.90 90624.00
36.00 90624.00
36.10 83046.40
36.20 83046.40
36.30 83046.40
36.40 83046.40
36.50 83046.40
36.60 83046.40
36.70 83046.40
36.80 83046.40
36.90 83046.40
37.00 83046.40
37.10 78131.20
37.20 78131.20
37.30 78131.20
37.40 78131.20
37.50 78131.20
37.60 78131.20
37.70 78131.20
37.80 78131.20
37.90 78131.20
38.00 78131.20
38.10 87142.40
38.20 87142.40
38.30 87142.40
38.40 87142.40
38.50 87142.40
38.60 87142.40
38.70 87142.40
38.80 87142.40
38.90 87142.40
39.00 87142.40
39.10 80896.00
39.20 80896.00
39.30 80896.00
39.40 80896.00
39.50 80896.00
39.60 80896.00
39.70 80896.00
39.80 80896.00
39.90 80896.00
40.00 80896.00
40.10 74240.00
40.20 74240.00
40.30 74240.00
40.40 74240.00
40.50 74240.00
40.60 74240.00
40.70 74240.00
40.80 74240.00
40.90 74240.00
41.00 74240.00
41.10 82534.40
41.20 82534.40
41.30 82534.40
41.40 82534.40
41.50 82534.40
41.60 82534.40
41.70 82534.40
41.80 82534.40
41.90 82534.40
42.00 82534.40
42.10 82227.20
42.20 82227.20
42.30 82227.20
42.40 82227.20
42.50 82227.20
42.60 82227.20
42.70 82227.20
42.80 82227.20
42.90 82227.20
43.00 82227.20
43.10 82432.00
43.20 82432.00
43.30 82432.00
43.40 82432.00
43.50 82432.00
43.60 82432.00
43.70 82432.00
43.80 82432.00
43.90 82432.00
44.00 82432.00
44.10 77824.00
44.20 77824.00
44.30 77824.00
44.40 77824.00
44.50 77824.00
44.60 77824.00
44.70 77824.00
44.80 77824.00
44.90 77824.00
45.00 77824.00
45.10 77824.00
45.20 77824.00
45.30 77824.00
45.40 77824.00
45.50 77824.00
45.60 77824.00
45.70 77824.00
45.80 77824.00
45.90 77824.00
46.00 77824.00
46.10 70144.00
46.20 70144.00
46.30 70144.00
46.40 70144.00
46.50 70144.00
46.60 70144.00
46.70 70144.00
46.80 70144.00
46.90 70144.00
47.00 70144.00
47.10 71475.20
47.20 71475.20
47.30 71475.20
47.40 71475.20
47.50 71475.20
47.60 71475.20
47.70 71475.20
47.80 71475.20
47.90 71475.20
48.00 71475.20
48.10 59596.80
48.20 59596.80
48.30 59596.80
48.40 59596.80
48.50 59596.80
48.60 59596.80
48.70 59596.80
48.80 59596.80
48.90 59596.80
49.00 59596.80
49.10 58675.20
49.20 58675.20
49.30 58675.20
49.40 58675.20
49.50 58675.20
49.60 58675.20
49.70 58675.20
49.80 58675.20
49.90 58675.20
50.00 58675.20
50.10 70041.60
50.20 70041.60
50.30 70041.60
50.40 70041.60
50.50 70041.60
50.60 70041.60
50.70 70041.60
50.80 70041.60
50.90 70041.60
51.00 70041.60
51.10 65433.60
51.20 65433.60
51.30 65433.60
51.40 65433.60
51.50 65433.60
51.60 65433.60
51.70 65433.60
51.80 65433.60
51.90 65433.60
52.00 65433.60
52.10 74035.20
52.20 74035.20
52.30 74035.20
52.40 74035.20
52.50 74035.20
52.60 74035.20
52.70 74035.20
52.80 74035.20
52.90 74035.20
53.00 74035.20
53.10 79667.20
53.20 79667.20
53.30 79667.20
53.40 79667.20
53.50 79667.20
53.60 79667.20
53.70 79667.20
53.80 79667.20
53.90 79667.20
54.00 79667.20
54.10 83251.20
54.20 83251.20
54.30 83251.20
54.40 83251.20
54.50 83251.20
54.60 83251.20
54.70 83251.20
54.80 83251.20
54.90 83251.20
55.00 83251.20
55.10 48947.20
55.20 48947.20
55.30 48947.20
55.40 48947.20
55.50 48947.20
55.60 48947.20
55.70 48947.20
55.80 48947.20
55.90 48947.20
56.00 48947.20
56.10 111411.20
56.20 111411.20
56.30 111411.20
56.40 111411.20
56.50 111411.20
56.60 111411.20
56.70 111411.20
56.80 111411.20
56.90 111411.20
57.00 111411.20
57.10 77516.80
57.20 77516.80
57.30 77516.80
57.40 77516.80
57.50 77516.80
57.60 77516.80
57.70 77516.80
57.80 77516.80
57.90 77516.80
58.00 77516.80
58.10 77414.40
58.20 77414.40
58.30 77414.40
58.40 77414.40
58.50 77414.40
58.60 77414.40
58.70 77414.40
58.80 77414.40
58.90 77414.40
59.00 77414.40
59.10 79872.00
59.20 79872.00
59.30 79872.00
59.40 79872.00
59.50 79872.00
59.60 79872.00
59.70 79872.00
59.80 79872.00
59.90 79872.00
60.00 79872.00
