0.10 107415.74
0.20 107415.74
0.30 107415.74
0.40 107415.74
0.50 107415.74
0.60 107415.74
0.70 107415.74
0.80 107415.74
0.90 107415.74
1.00 107415.74
1.10 178613.18
1.20 178613.18
1.30 178613.18
1.40 178613.18
1.50 178613.18
1.60 178613.18
1.70 178613.18
1.80 178613.18
1.90 178613.18
2.00 178613.18
2.10 119443.29
2.20 119443.29
2.30 119443.29
2.40 119443.29
2.50 119443.29
2.60 119443.29
2.70 119443.29
2.80 119443.29
2.90 119443.29
3.00 119443.29
3.10 124268.14
3.20 124268.14
3.30 124268.14
3.40 124268.14
3.50 124268.14
3.60 124268.14
3.70 124268.14
3.80 124268.14
3.90 124268.14
4.00 124268.14
4.10 143142.68
4.20 143142.68
4.30 143142.68
4.40 143142.68
4.50 143142.68
4.60 143142.68
4.70 143142.68
4.80 143142.68
4.90 143142.68
5.00 143142.68
5.10 165288.71
5.20 165288.71
5.30 165288.71
5.40 165288.71
5.50 165288.71
5.60 165288.71
5.70 165288.71
5.80 165288.71
5.90 165288.71
6.00 165288.71
6.10 168317.51
6.20 168317.51
6.30 168317.51
6.40 168317.51
6.50 168317.51
6.60 168317.51
6.70 168317.51
6.80 168317.51
6.90 168317.51
7.00 168317.51
7.10 168594.44
7.20 168594.44
7.30 168594.44
7.40 168594.44
7.50 168594.44
7.60 168594.44
7.70 168594.44
7.80 168594.44
7.90 168594.44
8.00 168594.44
8.10 227552.28
8.20 227552.28
8.30 227552.28
8.40 227552.28
8.50 227552.28
8.60 227552.28
8.70 227552.28
8.80 227552.28
8.90 227552.28
9.00 227552.28
9.10 167997.46
9.20 167997.46
9.30 167997.46
9.40 167997.46
9.50 167997.46
9.60 167997.46
9.70 167997.46
9.80 167997.46
9.90 167997.46
10.00 167997.46
10.10 166942.99
10.20 166942.99
10.30 166942.99
10.40 166942.99
10.50 166942.99
10.60 166942.99
10.70 166942.99
10.80 166942.99
10.90 166942.99
11.00 166942.99
11.10 219194.56
11.20 219194.56
11.30 219194.56
11.40 219194.56
11.50 219194.56
11.60 219194.56
11.70 219194.56
11.80 219194.56
11.90 219194.56
12.00 219194.56
12.10 143829.91
12.20 143829.91
12.30 143829.91
12.40 143829.91
12.50 143829.91
12.60 143829.91
12.70 143829.91
12.80 143829.91
12.90 143829.91
13.00 143829.91
13.10 162228.09
13.20 162228.09
13.30 162228.09
13.40 162228.09
13.50 162228.09
13.60 162228.09
13.70 162228.09
13.80 162228.09
13.90 162228.09
14.00 162228.09
14.10 177308.61
14.20 177308.61
14.30 177308.61
14.40 177308.61
14.50 177308.61
14.60 177308.61
14.70 177308.61
14.80 177308.61
14.90 177308.61
15.00 177308.61
15.10 212060.65
15.20 212060.65
15.30 212060.65
15.40 212060.65
15.50 212060.65
15.60 212060.65
15.70 212060.65
15.80 212060.65
15.90 212060.65
16.00 212060.65
16.10 169831.32
16.20 169831.32
16.30 169831.32
16.40 169831.32
16.50 169831.32
16.60 169831.32
16.70 169831.32
16.80 169831.32
16.90 169831.32
17.00 169831.32
17.10 190163.50
17.20 190163.50
17.30 190163.50
17.40 190163.50
17.50 190163.50
17.60 190163.50
17.70 190163.50
17.80 190163.50
17.90 190163.50
18.00 190163.50
18.10 220342.84
18.20 220342.84
18.30 220342.84
18.40 220342.84
18.50 220342.84
18.60 220342.84
18.70 220342.84
18.80 220342.84
18.90 220342.84
19.00 220342.84
19.10 199365.28
19.20 199365.28
19.30 199365.28
19.40 199365.28
19.50 199365.28
19.60 199365.28
19.70 199365.28
19.80 199365.28
19.90 199365.28
20.00 199365.28
20.10 162752.57
20.20 162752.57
20.30 162752.57
20.40 162752.57
20.50 162752.57
20.60 162752.57
20.70 162752.57
20.80 162752.57
20.90 162752.57
21.00 162752.57
21.10 146590.61
21.20 146590.61
21.30 146590.61
21.40 146590.61
21.50 146590.61
21.60 146590.61
21.70 146590.61
21.80 146590.61
21.90 146590.61
22.00 146590.61
22.10 174646.60
22.20 174646.60
22.30 174646.60
22.40 174646.60
22.50 174646.60
22.60 174646.60
22.70 174646.60
22.80 174646.60
22.90 174646.60
23.00 174646.60
23.10 146815.73
23.20 146815.73
23.30 146815.73
23.40 146815.73
23.50 146815.73
23.60 146815.73
23.70 146815.73
23.80 146815.73
23.90 146815.73
24.00 146815.73
24.10 242858.98
24.20 242858.98
24.30 242858.98
24.40 242858.98
24.50 242858.98
24.60 242858.98
24.70 242858.98
24.80 242858.98
24.90 242858.98
25.00 242858.98
25.10 232275.05
25.20 232275.05
25.30 232275.05
25.40 232275.05
25.50 232275.05
25.60 232275.05
25.70 232275.05
25.80 232275.05
25.90 232275.05
26.00 232275.05
26.10 215100.75
26.20 215100.75
26.30 215100.75
26.40 215100.75
26.50 215100.75
26.60 215100.75
26.70 215100.75
26.80 215100.75
26.90 215100.75
27.00 215100.75
27.10 234399.15
27.20 234399.15
27.30 234399.15
27.40 234399.15
27.50 234399.15
27.60 234399.15
27.70 234399.15
27.80 234399.15
27.90 234399.15
28.00 234399.15
28.10 250525.52
28.20 250525.52
28.30 250525.52
28.40 250525.52
28.50 250525.52
28.60 250525.52
28.70 250525.52
28.80 250525.52
28.90 250525.52
29.00 250525.52
29.10 195764.54
29.20 195764.54
29.30 195764.54
29.40 195764.54
29.50 195764.54
29.60 195764.54
29.70 195764.54
29.80 195764.54
29.90 195764.54
30.00 195764.54
