0.08 22024.80
0.18 22024.80
0.28 22024.80
0.38 22024.80
0.48 22024.80
0.58 22024.80
0.68 22024.80
0.78 22024.80
0.88 22831.00
0.99 22831.00
1.09 22831.00
1.19 22831.00
1.29 22831.00
1.39 22831.00
1.50 22831.00
1.60 22831.00
1.70 22831.00
1.80 22831.00
1.90 16863.20
2.00 16863.20
2.10 16863.20
2.21 16863.20
2.31 16863.20
2.41 16863.20
2.51 16863.20
2.61 16863.20
2.71 16863.20
2.81 16863.20
2.91 8344.80
3.01 8344.80
3.11 8344.80
3.21 8344.80
3.32 8344.80
3.42 8344.80
3.52 8344.80
3.62 8344.80
3.72 8344.80
3.82 8344.80
3.92 10944.00
4.02 10944.00
4.12 10944.00
4.22 10944.00
4.33 10944.00
4.43 10944.00
4.53 10944.00
4.63 10944.00
4.73 10944.00
4.83 10944.00
4.93 12996.00
5.03 12996.00
5.13 12996.00
5.23 12996.00
5.34 12996.00
5.44 12996.00
5.54 12996.00
5.64 12996.00
5.74 12996.00
5.84 12996.00
5.94 11223.00
6.04 11223.00
6.14 11223.00
6.24 11223.00
6.34 11223.00
6.44 11223.00
6.54 11223.00
6.64 11223.00
6.74 11223.00
6.84 11223.00
6.94 17373.60
7.04 17373.60
7.14 17373.60
7.25 17373.60
7.35 17373.60
7.45 17373.60
7.55 17373.60
7.65 17373.60
7.75 17373.60
7.85 17373.60
7.95 17199.80
8.05 17199.80
8.15 17199.80
8.25 17199.80
8.35 17199.80
8.45 17199.80
8.55 17199.80
8.65 17199.80
8.75 17199.80
8.85 17199.80
8.95 17179.90
9.05 17179.90
9.15 17179.90
9.26 17179.90
9.36 17179.90
9.46 17179.90
9.56 17179.90
9.66 17179.90
9.76 17179.90
9.86 17179.90
9.96 23119.20
10.07 23119.20
10.17 23119.20
10.27 23119.20
10.37 23119.20
10.47 23119.20
10.57 23119.20
10.68 23119.20
10.78 23119.20
10.88 23119.20
10.98 18663.90
11.08 18663.90
11.18 18663.90
11.28 18663.90
11.38 18663.90
11.48 18663.90
11.58 18663.90
11.68 18663.90
11.78 18663.90
11.88 18663.90
11.98 15321.60
12.09 15321.60
12.19 15321.60
12.29 15321.60
12.40 15321.60
12.50 15321.60
12.60 15321.60
12.71 15321.60
12.81 15321.60
12.91 15321.60
13.01 13132.80
13.11 13132.80
13.21 13132.80
13.31 13132.80
13.41 13132.80
13.51 13132.80
13.61 13132.80
13.71 13132.80
13.81 13132.80
13.91 13132.80
14.01 11727.90
14.11 11727.90
14.22 11727.90
14.32 11727.90
14.42 11727.90
14.52 11727.90
14.62 11727.90
14.72 11727.90
14.82 11727.90
14.92 11727.90
15.02 15868.80
15.12 15868.80
15.22 15868.80
15.32 15868.80
15.42 15868.80
15.52 15868.80
15.62 15868.80
15.72 15868.80
15.82 15868.80
15.92 15868.80
16.03 13406.40
16.13 13406.40
16.23 13406.40
16.33 13406.40
16.43 13406.40
16.53 13406.40
16.63 13406.40
16.73 13406.40
16.83 13406.40
16.93 13406.40
17.03 24064.90
17.13 24064.90
17.23 24064.90
17.33 24064.90
17.43 24064.90
17.53 24064.90
17.63 24064.90
17.73 24064.90
17.83 24064.90
17.93 24064.90
18.03 40356.00
18.13 40356.00
18.23 40356.00
18.33 40356.00
18.43 40356.00
18.53 40356.00
18.63 40356.00
18.73 40356.00
18.83 40356.00
18.93 40356.00
19.03 29600.50
19.13 29600.50
19.23 29600.50
19.34 29600.50
19.44 29600.50
19.54 29600.50
19.64 29600.50
19.74 29600.50
19.84 29600.50
19.94 29600.50
20.04 37769.20
20.14 37769.20
20.24 37769.20
20.34 37769.20
20.44 37769.20
20.54 37769.20
20.64 37769.20
20.74 37769.20
20.84 37769.20
20.94 37769.20
21.04 23053.50
21.14 23053.50
21.24 23053.50
21.35 23053.50
21.45 23053.50
21.55 23053.50
21.65 23053.50
21.75 23053.50
21.85 23053.50
21.95 23053.50
22.05 20973.10
22.15 20973.10
22.25 20973.10
22.35 20973.10
22.45 20973.10
22.55 20973.10
22.65 20973.10
22.75 20973.10
22.85 20973.10
22.95 20973.10
23.05 20419.60
23.15 20419.60
23.25 20419.60
23.35 20419.60
23.45 20419.60
23.55 20419.60
23.65 20419.60
23.75 20419.60
23.85 20419.60
23.95 20419.60
24.05 9163.80
24.16 9163.80
24.26 9163.80
24.36 9163.80
24.46 9163.80
24.56 9163.80
24.66 9163.80
24.76 9163.80
24.86 9163.80
24.96 9163.80
25.06 10533.60
25.16 10533.60
25.26 10533.60
25.37 10533.60
25.47 10533.60
25.57 10533.60
25.67 10533.60
25.77 10533.60
25.87 10533.60
25.97 10533.60
26.08 11772.00
26.20 11772.00
26.31 11772.00
26.42 11772.00
26.53 11772.00
26.64 11772.00
26.76 11772.00
26.87 11772.00
26.98 11772.00
27.09 11772.00
27.19 14364.00
27.29 14364.00
27.39 14364.00
27.50 14364.00
27.60 14364.00
27.70 14364.00
27.80 14364.00
27.90 14364.00
28.00 14364.00
28.10 14364.00
28.20 11472.90
28.31 11472.90
28.41 11472.90
28.51 11472.90
28.61 11472.90
28.71 11472.90
28.82 11472.90
28.92 11472.90
29.02 11472.90
29.12 11472.90
29.22 16279.20
29.32 16279.20
29.42 16279.20
29.53 16279.20
29.63 16279.20
29.73 16279.20
29.83 16279.20
29.93 16279.20
