0.05 68012.00
0.19 54132.00
0.29 52744.00
0.40 58296.00
0.51 43028.00
0.68 19432.00
0.78 56908.00
0.91 52744.00
1.02 56908.00
1.27 45804.00
1.38 61072.00
1.63 49968.00
1.74 69400.00
1.87 47192.00
1.98 70788.00
2.11 51356.00
2.22 62460.00
2.32 44416.00
2.43 40252.00
2.60 29148.00
2.71 79116.00
2.81 49968.00
2.92 37476.00
3.02 52744.00
3.13 49968.00
3.24 52744.00
3.34 41640.00
3.45 59684.00
3.55 40252.00
3.69 8328.00
3.79 55520.00
3.93 24984.00
4.03 66624.00
4.17 54132.00
4.27 59684.00
4.38 54132.00
4.49 49968.00
4.59 49968.00
4.70 38864.00
4.80 54132.00
5.01 31924.00
5.11 47192.00
5.25 61072.00
5.35 69400.00
5.49 6940.00
5.59 68012.00
5.70 52744.00
5.80 49968.00
5.97 5552.00
6.08 61072.00
6.21 59684.00
6.31 44416.00
6.45 63848.00
6.55 59684.00
6.69 8328.00
6.79 58296.00
6.93 65236.00
7.03 62460.00
7.14 31924.00
7.25 59684.00
7.35 33312.00
7.55 47192.00
7.66 59684.00
7.77 59684.00
7.88 41640.00
7.99 59684.00
8.09 36088.00
8.29 51356.00
8.40 55520.00
8.53 56908.00
8.66 66624.00
8.77 51356.00
8.89 54132.00
9.00 51356.00
9.10 41640.00
9.25 16656.00
9.35 52744.00
9.46 55520.00
9.56 38864.00
9.67 38864.00
9.86 38864.00
9.97 51356.00
10.21 49968.00
10.31 58296.00
10.45 58296.00
10.55 48580.00
10.69 55520.00
10.80 69400.00
10.93 52744.00
11.03 58296.00
11.18 9716.00
11.28 69400.00
11.43 52744.00
11.53 45804.00
11.67 61072.00
11.77 54132.00
11.91 56908.00
12.02 52744.00
12.15 16656.00
12.26 52744.00
12.36 52744.00
12.47 51356.00
12.65 23596.00
12.76 66624.00
12.89 45804.00
13.00 52744.00
13.26 56908.00
13.36 66624.00
13.61 54132.00
13.72 59684.00
13.85 58296.00
13.96 69400.00
14.09 47192.00
14.20 59684.00
14.33 55520.00
14.44 51356.00
14.57 19432.00
14.68 45804.00
14.78 43028.00
14.89 69400.00
15.00 33312.00
15.10 58296.00
15.21 40252.00
15.31 61072.00
15.43 38864.00
15.53 51356.00
15.69 16656.00
15.79 47192.00
15.93 62460.00
16.03 51356.00
16.14 43028.00
16.25 37476.00
16.42 30536.00
16.52 38864.00
16.63 56908.00
16.74 34700.00
16.84 59684.00
16.95 36088.00
17.05 58296.00
17.16 31924.00
17.27 56908.00
17.62 37476.00
17.74 47192.00
17.84 61072.00
17.95 49968.00
18.05 38864.00
18.16 40252.00
18.37 51356.00
18.48 56908.00
18.58 48580.00
18.69 36088.00
18.85 31924.00
18.96 44416.00
19.06 55520.00
19.17 41640.00
19.27 63848.00
19.38 19432.00
19.49 59684.00
19.70 24984.00
19.80 51356.00
19.94 56908.00
20.04 52744.00
20.17 55520.00
20.27 23596.00
20.38 65236.00
20.49 43028.00
20.67 31924.00
20.77 44416.00
20.88 54132.00
20.99 45804.00
21.16 13880.00
21.27 56908.00
21.39 49968.00
21.50 27760.00
21.60 49968.00
21.71 51356.00
21.81 40252.00
21.92 44416.00
22.02 31924.00
22.13 34700.00
22.25 19432.00
22.35 63848.00
22.47 51356.00
22.57 43028.00
22.68 56908.00
22.78 29148.00
22.89 58296.00
23.08 20820.00
23.19 58296.00
23.29 45804.00
23.43 2776.00
23.54 45804.00
23.68 34700.00
23.78 58296.00
23.89 54132.00
24.03 52744.00
24.14 48580.00
24.27 59684.00
24.38 54132.00
24.49 52744.00
24.63 4164.00
24.74 56908.00
24.84 44416.00
24.95 47192.00
25.05 49968.00
25.16 40252.00
25.27 45804.00
25.38 44416.00
25.61 51356.00
25.73 48580.00
25.83 47192.00
25.97 63848.00
26.07 33312.00
26.18 49968.00
26.28 34700.00
26.39 44416.00
26.50 38864.00
26.60 37476.00
26.82 4164.00
26.93 49968.00
27.03 59684.00
27.14 30536.00
27.25 41640.00
27.35 47192.00
27.46 51356.00
27.70 44416.00
27.81 52744.00
27.92 49968.00
28.02 54132.00
28.13 47192.00
28.30 9716.00
28.41 40252.00
28.52 43028.00
28.63 31924.00
28.74 38864.00
28.84 33312.00
28.95 30536.00
29.05 23596.00
29.16 61072.00
29.28 36088.00
29.39 55520.00
29.50 5552.00
29.60 48580.00
29.71 65236.00
29.81 37476.00
29.92 48580.00
