0.10 0.00
0.20 0.00
0.30 0.00
0.40 0.00
0.50 0.00
0.60 0.00
0.70 0.00
0.80 0.00
0.90 0.00
1.00 0.00
1.10 0.00
1.20 0.00
1.30 0.00
1.40 0.00
1.50 0.00
1.60 0.00
1.70 0.00
1.80 0.00
1.90 0.00
2.00 0.00
2.10 0.00
2.20 0.00
2.30 0.00
2.40 0.00
2.50 0.00
2.60 0.00
2.70 0.00
2.80 0.00
2.90 0.00
3.00 0.00
3.10 0.00
3.20 0.00
3.30 0.00
3.40 0.00
3.50 0.00
3.60 0.00
3.70 0.00
3.80 0.00
3.90 0.00
4.00 0.00
4.10 0.00
4.20 0.00
4.30 0.00
4.40 0.00
4.50 0.00
4.60 0.00
4.70 0.00
4.80 0.00
4.90 0.00
5.00 0.00
5.10 0.00
5.20 0.00
5.30 0.00
5.40 0.00
5.50 0.00
5.60 0.00
5.70 0.00
5.80 0.00
5.90 0.00
6.00 0.00
6.10 0.00
6.20 0.00
6.30 0.00
6.40 0.00
6.50 0.00
6.60 0.00
6.70 0.00
6.80 0.00
6.90 0.00
7.00 0.00
7.10 0.00
7.20 0.00
7.30 0.00
7.40 0.00
7.50 0.00
7.60 0.00
7.70 0.00
7.80 0.00
7.90 0.00
8.00 0.00
8.10 0.00
8.20 0.00
8.30 0.00
8.40 0.00
8.50 0.00
8.60 0.00
8.70 0.00
8.80 0.00
8.90 0.00
9.00 0.00
9.10 0.00
9.20 0.00
9.30 0.00
9.40 0.00
9.50 0.00
9.60 0.00
9.70 0.00
9.80 0.00
9.90 0.00
10.00 0.00
10.10 0.00
10.20 0.00
10.30 0.00
10.40 0.00
10.50 0.00
10.60 0.00
10.70 0.00
10.80 0.00
10.90 0.00
11.00 0.00
11.10 289075.20
11.20 289075.20
11.30 289075.20
11.40 289075.20
11.50 289075.20
11.60 289075.20
11.70 289075.20
11.80 289075.20
11.90 289075.20
12.00 289075.20
12.10 1433.60
12.20 1433.60
12.30 1433.60
12.40 1433.60
12.50 1433.60
12.60 1433.60
12.70 1433.60
12.80 1433.60
12.90 1433.60
13.00 1433.60
13.10 1331.20
13.20 1331.20
13.30 1331.20
13.40 1331.20
13.50 1331.20
13.60 1331.20
13.70 1331.20
13.80 1331.20
13.90 1331.20
14.00 1331.20
14.10 1433.60
14.20 1433.60
14.30 1433.60
14.40 1433.60
14.50 1433.60
14.60 1433.60
14.70 1433.60
14.80 1433.60
14.90 1433.60
15.00 1433.60
15.10 1433.60
15.20 1433.60
15.30 1433.60
15.40 1433.60
15.50 1433.60
15.60 1433.60
15.70 1433.60
15.80 1433.60
15.90 1433.60
16.00 1433.60
16.10 1331.20
16.20 1331.20
16.30 1331.20
16.40 1331.20
16.50 1331.20
16.60 1331.20
16.70 1331.20
16.80 1331.20
16.90 1331.20
17.00 1331.20
17.10 1331.20
17.20 1331.20
17.30 1331.20
17.40 1331.20
17.50 1331.20
17.60 1331.20
17.70 1331.20
17.80 1331.20
17.90 1331.20
18.00 1331.20
18.10 1433.60
18.20 1433.60
18.30 1433.60
18.40 1433.60
18.50 1433.60
18.60 1433.60
18.70 1433.60
18.80 1433.60
18.90 1433.60
19.00 1433.60
19.10 1433.60
19.20 1433.60
19.30 1433.60
19.40 1433.60
19.50 1433.60
19.60 1433.60
19.70 1433.60
19.80 1433.60
19.90 1433.60
20.00 1433.60
20.10 1331.20
20.20 1331.20
20.30 1331.20
20.40 1331.20
20.50 1331.20
20.60 1331.20
20.70 1331.20
20.80 1331.20
20.90 1331.20
21.00 1331.20
21.10 1331.20
21.20 1331.20
21.30 1331.20
21.40 1331.20
21.50 1331.20
21.60 1331.20
21.70 1331.20
21.80 1331.20
21.90 1331.20
22.00 1331.20
22.10 1433.60
22.20 1433.60
22.30 1433.60
22.40 1433.60
22.50 1433.60
22.60 1433.60
22.70 1433.60
22.80 1433.60
22.90 1433.60
23.00 1433.60
23.10 1433.60
23.20 1433.60
23.30 1433.60
23.40 1433.60
23.50 1433.60
23.60 1433.60
23.70 1433.60
23.80 1433.60
23.90 1433.60
24.00 1433.60
24.10 1331.20
24.20 1331.20
24.30 1331.20
24.40 1331.20
24.50 1331.20
24.60 1331.20
24.70 1331.20
24.80 1331.20
24.90 1331.20
25.00 1331.20
25.10 1433.60
25.20 1433.60
25.30 1433.60
25.40 1433.60
25.50 1433.60
25.60 1433.60
25.70 1433.60
25.80 1433.60
25.90 1433.60
26.00 1433.60
26.10 921.60
26.20 921.60
26.30 921.60
26.40 921.60
26.50 921.60
26.60 921.60
26.70 921.60
26.80 921.60
26.90 921.60
27.00 921.60
27.10 0.00
27.20 0.00
27.30 0.00
27.40 0.00
27.50 0.00
27.60 0.00
27.70 0.00
27.80 0.00
27.90 0.00
28.00 0.00
28.10 0.00
28.20 0.00
28.30 0.00
28.40 0.00
28.50 0.00
28.60 0.00
28.70 0.00
28.80 0.00
28.90 0.00
29.00 0.00
29.10 0.00
29.20 0.00
29.30 0.00
29.40 0.00
29.50 0.00
29.60 0.00
29.70 0.00
29.80 0.00
29.90 0.00
30.00 0.00
