0.79 1500.0
0.90 21000.0
1.03 9000.0
1.13 13500.0
1.24 4500.0
1.35 21000.0
1.46 6000.0
1.57 18000.0
1.69 12000.0
1.79 7500.0
1.89 9000.0
2.03 6000.0
2.15 24000.0
2.26 21000.0
2.36 19500.0
2.50 18000.0
2.63 19500.0
2.76 21000.0
2.86 9000.0
2.96 22500.0
3.07 9000.0
3.18 12000.0
3.28 28500.0
3.39 24000.0
3.49 4500.0
3.60 24000.0
3.70 22500.0
3.81 7500.0
3.96 10500.0
4.07 19500.0
4.23 12000.0
4.37 15000.0
4.49 7500.0
4.60 4500.0
4.71 9000.0
4.81 10500.0
4.94 7500.0
5.05 18000.0
5.18 9000.0
5.32 1500.0
5.43 10500.0
5.53 13500.0
5.64 12000.0
5.78 6000.0
6.03 9000.0
6.28 3000.0
6.67 10500.0
6.83 6000.0
7.03 7500.0
7.19 7500.0
7.36 4500.0
7.52 3000.0
7.64 4500.0
7.77 4500.0
7.88 4500.0
7.99 7500.0
8.12 16500.0
8.30 3000.0
8.40 4500.0
8.56 6000.0
8.67 6000.0
8.78 9000.0
8.91 10500.0
9.07 4500.0
9.18 3000.0
9.29 15000.0
9.42 9000.0
9.55 1500.0
9.66 10500.0
9.76 6000.0
9.88 7500.0
10.04 3000.0
10.14 6000.0
10.26 6000.0
10.46 1500.0
10.56 6000.0
10.69 7500.0
10.81 4500.0
10.92 12000.0
11.02 18000.0
11.13 16500.0
11.24 9000.0
11.34 12000.0
11.51 7500.0
11.63 4500.0
11.75 7500.0
11.89 15000.0
12.00 9000.0
12.11 6000.0
12.22 4500.0
12.33 6000.0
12.43 3000.0
12.55 3000.0
12.85 6000.0
12.96 3000.0
13.07 6000.0
13.20 6000.0
13.34 7500.0
13.45 3000.0
13.60 12000.0
13.76 4500.0
13.87 4500.0
14.00 6000.0
14.12 6000.0
14.22 3000.0
14.32 7500.0
14.53 6000.0
14.66 7500.0
14.77 4500.0
15.00 4500.0
15.22 4500.0
15.32 3000.0
15.91 3000.0
16.01 3000.0
16.13 4500.0
16.27 3000.0
16.38 6000.0
16.51 3000.0
16.63 7500.0
16.77 4500.0
16.92 3000.0
17.10 6000.0
17.21 3000.0
17.37 4500.0
17.52 3000.0
17.73 1500.0
17.83 4500.0
18.01 6000.0
20.07 1500.0
20.19 6000.0
20.39 7500.0
20.79 10500.0
20.92 13500.0
21.03 4500.0
21.14 10500.0
21.24 4500.0
21.35 12000.0
21.48 9000.0
21.58 18000.0
21.69 9000.0
21.81 9000.0
21.92 7500.0
22.06 10500.0
22.16 6000.0
22.29 9000.0
22.40 12000.0
22.54 7500.0
22.66 10500.0
22.84 7500.0
22.97 10500.0
23.16 6000.0
23.28 4500.0
23.45 6000.0
23.61 6000.0
23.72 6000.0
23.83 4500.0
23.93 6000.0
24.06 4500.0
24.23 7500.0
24.34 4500.0
24.47 10500.0
24.59 6000.0
24.86 9000.0
24.97 4500.0
25.08 3000.0
25.19 7500.0
25.30 7500.0
25.45 1500.0
26.30 1500.0
26.42 3000.0
26.52 12000.0
26.65 6000.0
26.79 4500.0
26.89 4500.0
27.05 3000.0
27.25 3000.0
27.38 3000.0
27.50 9000.0
27.63 4500.0
27.75 9000.0
27.87 4500.0
27.97 1500.0
28.11 4500.0
28.27 3000.0
28.37 3000.0
28.52 4500.0
28.65 4500.0
28.75 4500.0
28.88 9000.0
29.01 6000.0
29.23 3000.0
29.43 3000.0
29.54 4500.0
29.64 1500.0
29.75 9000.0
29.87 9000.0
29.98 9000.0
