4
9
14
19
23
28
33
38
42
47
52
57
61
66
71
76
80
85
90
95
100
104
109
114
119
123
128
133
138
142
147
152
157
161
166
171
176
180
185
190
195
200
204
209
213
218
222
227
231
236
240
245
250
254
259
263
268
272
277
281
286
290
295
300
304
309
314
319
323
328
333
338
342
347
352
357
361
366
371
376
380
385
390
395
400
404
409
413
418
422
427
431
436
440
445
450
454
459
463
468
472
477
481
486
490
495
500
503
506
510
513
517
520
524
527
531
534
537
541
544
548
551
555
558
562
565
568
572
575
579
582
586
589
593
596
600
603
607
610
614
617
621
625
628
632
635
639
642
646
649
653
657
660
664
667
671
674
678
682
685
689
692
696
700
703
706
710
713
717
720
724
727
731
734
737
741
744
748
751
755
758
762
765
768
772
775
779
782
786
789
793
796
800
803
806
810
813
817
820
824
827
831
834
837
841
844
848
851
855
858
862
865
868
872
875
879
882
886
889
893
896
900
903
907
910
914
917
921
925
928
932
935
939
942
946
950
953
957
960
964
967
971
975
978
982
985
989
992
996
1000
1004
1008
1012
1016
1020
1025
1029
1033
1037
1041
1045
1050
1054
1058
1062
1066
1070
1075
1079
1083
1087
1091
1095
1100
1104
1108
1113
1117
1121
1126
1130
1134
1139
1143
1147
1152
1156
1160
1165
1169
1173
1178
1182
1186
1191
1195
1200
1204
1208
1212
1216
1220
1225
1229
1233
1237
1241
1245
1250
1254
1258
1262
1266
1270
1275
1279
1283
1287
1291
1295
1300
1304
1308
1312
1316
1320
1325
1329
1333
1337
1341
1345
1350
1354
1358
1362
1366
1370
1375
1379
1383
1387
1391
1395
1400
1404
1408
1413
1417
1421
1426
1430
1434
1439
1443
1447
1452
1456
1460
1465
1469
1473
1478
1482
1486
1491
1495
1500
1504
1509
1514
1519
1523
1528
1533
1538
1542
1547
1552
1557
1561
1566
1571
1576
1580
1585
1590
1595
1600
1604
1609
1613
1618
1622
1627
1631
1636
1640
1645
1650
1654
1659
1663
1668
1672
1677
1681
1686
1690
1695
1700
1704
1709
1714
1719
1723
1728
1733
1738
1742
1747
1752
1757
1761
1766
1771
1776
1780
1785
1790
1795
1800
1804
1809
1814
1819
1823
1828
1833
1838
1842
1847
1852
1857
1861
1866
1871
1876
1880
1885
1890
1895
1900
1904
1909
1914
1919
1923
1928
1933
1938
1942
1947
1952
1957
1961
1966
1971
1976
1980
1985
1990
1995
2000
2004
2009
2013
2018
2022
2027
2031
2036
2040
2045
2050
2054
2059
2063
2068
2072
2077
2081
2086
2090
2095
2100
2104
2109
2113
2118
2122
2127
2131
2136
2140
2145
2150
2154
2159
2163
2168
2172
2177
2181
2186
2190
2195
2200
2204
2209
2213
2218
2222
2227
2231
2236
2240
2245
2250
2254
2259
2263
2268
2272
2277
2281
2286
2290
2295
2300
2304
2309
2313
2318
2322
2327
2331
2336
2340
2345
2349
2354
2359
2363
2368
2372
2377
2381
2386
2390
2395
2400
2404
2409
2413
2418
2422
2427
2431
2436
2440
2445
2450
2454
2459
2463
2468
2472
2477
2481
2486
2490
2495
2500
2503
2506
2509
2512
2515
2518
2521
2525
2528
2531
2534
2537
2540
2543
2546
2550
2553
2556
2559
2562
2565
2568
2571
2575
2578
2581
2584
2587
2590
2593
2596
2600
2603
2606
2609
2612
2615
2618
2621
2625
2628
2631
2634
2637
2640
2643
2646
2650
2653
2656
2659
2662
2665
2668
2671
2675
2678
2681
2684
2687
2690
2693
2696
2700
2703
2706
2709
2712
2715
2718
2721
2725
2728
2731
2734
2737
2740
2743
2746
2750
2753
2756
2759
2762
2765
2768
2771
2775
2778
2781
2784
2787
2790
2793
2796
2800
2803
2806
2809
2812
2816
2819
2822
2825
2829
2832
2835
2838
2841
2845
2848
2851
2854
2858
2861
2864
2867
2870
2874
2877
2880
2883
2887
2890
2893
2896
2900
2903
2906
2909
2912
2915
2918
2921
2925
2928
2931
2934
2937
2940
2943
2946
2950
2953
2956
2959
2962
2965
2968
2971
2975
2978
2981
2984
2987
2990
2993
2996
3000
3002
3005
3007
3010
3012
3015
3017
3020
3023
3025
3028
3030
3033
3035
3038
3041
3043
3046
3048
3051
3053
3056
3058
3061
3064
3066
3069
3071
3074
3076
3079
3082
3084
3087
3089
3092
3094
3097
3100
3102
3105
3107
3110
3112
3115
3117
3120
3123
3125
3128
3130
3133
3135
3138
3141
3143
3146
3148
3151
3153
3156
3158
3161
3164
3166
3169
3171
3174
3176
3179
3182
3184
3187
3189
3192
3194
3197
3200
3202
3205
3207
3210
3212
3215
3217
3220
3222
3225
3227
3230
3232
3235
3237
3240
3242
3245
3247
3250
3252
3255
3257
3260
3262
3265
3267
3270
3272
3275
3277
3280
3282
3284
3287
3290
3292
3295
3297
3300
3302
3305
3307
3310
3312
3315
3317
3320
3323
3325
3328
3330
3333
3335
3338
3341
3343
3346
3348
3351
3353
3356
3358
3361
3364
3366
3369
3371
3374
3376
3379
3382
3384
3387
3389
3392
3394
3397
3400
3402
3405
3407
3410
3412
3415
3417
3420
3423
3425
3428
3430
3433
3435
3438
3441
3443
3446
3448
3451
3453
3456
3458
3461
3464
3466
3469
3471
3474
3476
3479
3482
3484
3487
3489
3492
3494
3497
3500
3501
3502
3503
3504
3506
3507
3508
3509
3511
3512
3513
3514
3516
3517
3518
3519
3520
3522
3523
3524
3525
3527
3528
3529
3530
3532
3533
3534
3535
3537
3538
3539
3540
3541
3543
3544
3545
3546
3548
3549
3550
3551
3553
3554
3555
3556
3558
3559
3560
3561
3562
3564
3565
3566
3567
3569
3570
3571
3572
3574
3575
3576
3577
3579
3580
3581
3582
3583
3585
3586
3587
3588
3590
3591
3592
3593
3595
3596
3597
3598
3600
3601
3602
3603
3604
3606
3607
3608
3609
3611
3612
3613
3614
3616
3617
3618
3619
3620
3622
3623
3624
3625
3627
3628
3629
3630
3632
3633
3634
3635
3637
3638
3639
3640
3641
3643
3644
3645
3646
3648
3649
3650
3651
3653
3654
3655
3656
3658
3659
3660
3661
3662
3664
3665
3666
3667
3669
3670
3671
3672
3674
3675
3676
3677
3679
3680
3681
3682
3683
3685
3686
3687
3688
3690
3691
3692
3693
3695
3696
3697
3698
3700
3701
3702
3703
3704
3706
3707
3708
3709
3710
3712
3713
3714
3715
3717
3718
3719
3720
3721
3723
3724
3725
3726
3728
3729
3730
3731
3732
3734
3735
3736
3737
3739
3740
3741
3742
3743
3745
3746
3747
3748
3750
3751
3752
3753
3754
3756
3757
3758
3759
3760
3762
3763
3764
3765
3767
3768
3769
3770
3771
3773
3774
3775
3776
3778
3779
3780
3781
3782
3784
3785
3786
3787
3789
3790
3791
3792
3793
3795
3796
3797
3798
3800
3801
3802
3803
3804
3806
3807
3808
3809
3811
3812
3813
3814
3816
3817
3818
3819
3820
3822
3823
3824
3825
3827
3828
3829
3830
3832
3833
3834
3835
3837
3838
3839
3840
3841
3843
3844
3845
3846
3848
3849
3850
3851
3853
3854
3855
3856
3858
3859
3860
3861
3862
3864
3865
3866
3867
3869
3870
3871
3872
3874
3875
3876
3877
3879
3880
3881
3882
3883
3885
3886
3887
3888
3890
3891
3892
3893
3895
3896
3897
3898
3900
3901
3902
3903
3904
3906
3907
3908
3909
3911
3912
3913
3914
3916
3917
3918
3919
3920
3922
3923
3924
3925
3927
3928
3929
3930
3932
3933
3934
3935
3937
3938
3939
3940
3941
3943
3944
3945
3946
3948
3949
3950
3951
3953
3954
3955
3956
3958
3959
3960
3961
3962
3964
3965
3966
3967
3969
3970
3971
3972
3974
3975
3976
3977
3979
3980
3981
3982
3983
3985
3986
3987
3988
3990
3991
3992
3993
3995
3996
3997
3998
4000
4002
4004
4006
4008
4010
4012
4014
4016
4018
4020
4022
4025
4027
4029
4031
4033
4035
4037
4039
4041
4043
4045
4047
4050
4052
4054
4056
4058
4060
4062
4064
4066
4068
4070
4072
4074
4077
4079
4081
4083
4085
4087
4089
4091
4093
4095
4097
4100
4102
4104
4106
4108
4110
4112
4114
4116
4118
4120
4122
4125
4127
4129
4131
4133
4135
4137
4139
4141
4143
4145
4147
4150
4152
4154
4156
4158
4160
4162
4164
4166
4168
4170
4172
4175
4177
4179
4181
4183
4185
4187
4189
4191
4193
4195
4197
4200
4202
4204
4206
4208
4210
4212
4214
4216
4218
4220
4222
4225
4227
4229
4231
4233
4235
4237
4239
4241
4243
4245
4247
4250
4252
4254
4256
4258
4260
4262
4264
4266
4268
4270
4272
4275
4277
4279
4281
4283
4285
4287
4289
4291
4293
4295
4297
4300
4302
4304
4306
4308
4310
4312
4314
4316
4318
4320
4322
4325
4327
4329
4331
4333
4335
4337
4339
4341
4343
4345
4347
4350
4352
4354
4356
4358
4360
4362
4364
4366
4368
4370
4372
4375
4377
4379
4381
4383
4385
4387
4389
4391
4393
4395
4397
4400
4402
4404
4406
4408
4410
4412
4414
4416
4418
4420
4422
4425
4427
4429
4431
4433
4435
4437
4439
4441
4443
4445
4447
4450
4452
4454
4456
4458
4460
4462
4464
4466
4468
4470
4472
4475
4477
4479
4481
4483
4485
4487
4489
4491
4493
4495
4497
4500
4501
4503
4505
4506
4508
4510
4511
4513
4515
4516
4518
4520
4522
4523
4525
4527
4528
4530
4532
4533
4535
4537
4538
4540
4542
4544
4545
4547
4549
4550
4552
4554
4555
4557
4559
4561
4562
4564
4566
4567
4569
4571
4572
4574
4576
4577
4579
4581
4583
4584
4586
4588
4589
4591
4593
4594
4596
4598
4600
4601
4603
4604
4606
4608
4609
4611
4613
4614
4616
4618
4620
4621
4623
4625
4626
4628
4630
4631
4633
4635
4636
4638
4640
4641
4643
4645
4646
4648
4650
4651
4653
4655
4656
4658
4660
4661
4663
4665
4666
4668
4670
4671
4673
4675
4676
4678
4680
4681
4683
4685
4686
4688
4690
4691
4693
4695
4696
4698
4700
4701
4703
4705
4706
4708
4710
4711
4713
4715
4716
4718
4720
4722
4723
4725
4727
4728
4730
4732
4733
4735
4737
4738
4740
4742
4744
4745
4747
4749
4750
4752
4754
4755
4757
4759
4761
4762
4764
4766
4767
4769
4771
4772
4774
4776
4777
4779
4781
4783
4784
4786
4788
4789
4791
4793
4794
4796
4798
4800
4801
4803
4805
4806
4808
4810
4811
4813
4814
4816
4818
4820
4821
4823
4825
4826
4828
4830
4831
4833
4835
4836
4838
4840
4841
4843
4845
4846
4848
4850
4851
4853
4855
4856
4858
4860
4861
4863
4865
4866
4868
4870
4871
4873
4875
4876
4878
4880
4881
4883
4885
4886
4888
4890
4891
4893
4895
4896
4898
4900
4901
4903
4905
4906
4908
4910
4911
4913
4915
4916
4918
4920
4921
4923
4925
4926
4928
4930
4931
4933
4935
4936
4938
4940
4941
4943
4945
4946
4948
4950
4951
4953
4955
4956
4958
4960
4961
4963
4965
4966
4968
4970
4971
4973
4975
4976
4978
4980
4981
4983
4985
4986
4988
4990
4991
4993
4995
4996
4998
5000
5004
5008
5012
5016
5020
5024
5028
5032
5036
5040
5044
5048
5052
5056
5060
5064
5068
5072
5076
5080
5084
5088
5092
5096
5100
5103
5107
5111
5115
5119
5123
5126
5130
5134
5138
5142
5146
5150
5153
5157
5161
5165
5169
5173
5176
5180
5184
5188
5192
5196
5200
5203
5207
5211
5215
5219
5223
5226
5230
5234
5238
5242
5246
5250
5253
5257
5261
5265
5269
5273
5276
5280
5284
5288
5292
5296
5300
5303
5307
5311
5315
5319
5323
5326
5330
5334
5338
5342
5346
5350
5353
5357
5361
5365
5369
5373
5376
5380
5384
5388
5392
5396
5400
5403
5407
5411
5415
5419
5423
5426
5430
5434
5438
5442
5446
5450
5453
5457
5461
5465
5469
5473
5476
5480
5484
5488
5492
5496
5500
5502
5504
5506
5508
5510
5513
5515
5517
5519
5521
5523
5526
5528
5530
5532
5534
5536
5539
5541
5543
5545
5547
5550
5552
5554
5556
5558
5560
5563
5565
5567
5569
5571
5573
5576
5578
5580
5582
5584
5586
5589
5591
5593
5595
5597
5600
5602
5604
5606
5608
5610
5612
5614
5617
5619
5621
5623
5625
5627
5629
5631
5634
5636
5638
5640
5642
5644
5646
5648
5651
5653
5655
5657
5659
5661
5663
5665
5668
5670
5672
5674
5676
5678
5680
5682
5685
5687
5689
5691
5693
5695
5697
5700
5702
5704
5706
5708
5710
5713
5715
5717
5719
5721
5723
5726
5728
5730
5732
5734
5736
5739
5741
5743
5745
5747
5750
5752
5754
5756
5758
5760
5763
5765
5767
5769
5771
5773
5776
5778
5780
5782
5784
5786
5789
5791
5793
5795
5797
5800
5802
5804
5806
5808
5810
5812
5814
5817
5819
5821
5823
5825
5827
5829
5831
5834
5836
5838
5840
5842
5844
5846
5848
5851
5853
5855
5857
5859
5861
5863
5865
5868
5870
5872
5874
5876
5878
5880
5882
5885
5887
5889
5891
5893
5895
5897
5900
5902
5904
5906
5908
5910
5913
5915
5917
5919
5921
5923
5926
5928
5930
5932
5934
5936
5939
5941
5943
5945
5947
5950
5952
5954
5956
5958
5960
5963
5965
5967
5969
5971
5973
5976
5978
5980
5982
5984
5986
5989
5991
5993
5995
5997
6000
6004
6008
6013
6017
6021
6026
6030
6034
6039
6043
6047
6052
6056
6060
6065
6069
6073
6078
6082
6086
6091
6095
6100
6104
6108
6113
6117
6121
6126
6130
6134
6139
6143
6147
6152
6156
6160
6165
6169
6173
6178
6182
6186
6191
6195
6200
6204
6209
6213
6218
6222
6227
6231
6236
6240
6245
6250
6254
6259
6263
6268
6272
6277
6281
6286
6290
6295
6300
6304
6308
6313
6317
6321
6326
6330
6334
6339
6343
6347
6352
6356
6360
6365
6369
6373
6378
6382
6386
6391
6395
6400
6404
6408
6413
6417
6421
6426
6430
6434
6439
6443
6447
6452
6456
6460
6465
6469
6473
6478
6482
6486
6491
6495
6500
6502
6504
6507
6509
6512
6514
6517
6519
6521
6524
6526
6529
6531
6534
6536
6539
6541
6543
6546
6548
6551
6553
6556
6558
6560
6563
6565
6568
6570
6573
6575
6578
6580
6582
6585
6587
6590
6592
6595
6597
6600
6602
6604
6607
6609
6612
6614
6617
6619
6621
6624
6626
6629
6631
6634
6636
6639
6641
6643
6646
6648
6651
6653
6656
6658
6660
6663
6665
6668
6670
6673
6675
6678
6680
6682
6685
6687
6690
6692
6695
6697
6700
6702
6704
6707
6709
6712
6714
6717
6719
6721
6724
6726
6729
6731
6734
6736
6739
6741
6743
6746
6748
6751
6753
6756
6758
6760
6763
6765
6768
6770
6773
6775
6778
6780
6782
6785
6787
6790
6792
6795
6797
6800
6802
6805
6807
6810
6812
6814
6817
6820
6822
6825
6827
6830
6832
6835
6837
6840
6842
6845
6847
6850
6852
6855
6857
6860
6862
6865
6867
6870
6872
6875
6877
6880
6882
6885
6887
6890
6892
6895
6897
6900
6902
6904
6907
6909
6912
6914
6917
6919
6921
6924
6926
6929
6931
6934
6936
6939
6941
6943
6946
6948
6951
6953
6956
6958
6960
6963
6965
6968
6970
6973
6975
6978
6980
6982
6985
6987
6990
6992
6995
6997
7000
7005
7010
7015
7020
7025
7030
7035
7040
7045
7050
7055
7060
7064
7069
7074
7080
7085
7090
7095
7100
7105
7110
7115
7121
7126
7131
7136
7142
7147
7152
7157
7163
7168
7173
7178
7184
7189
7194
7200
7205
7210
7215
7221
7226
7231
7236
7242
7247
7252
7257
7263
7268
7273
7278
7284
7289
7294
7300
7305
7310
7315
7321
7326
7331
7336
7342
7347
7352
7357
7363
7368
7373
7378
7384
7389
7394
7400
7405
7410
7415
7420
7425
7430
7435
7440
7445
7450
7455
7460
7465
7470
7475
7480
7485
7490
7495
7500
7505
7510
7515
7521
7526
7531
7536
7542
7547
7552
7557
7563
7568
7573
7578
7584
7589
7594
7600
7605
7610
7615
7621
7626
7631
7636
7642
7647
7652
7657
7663
7668
7673
7678
7684
7689
7694
7700
7705
7710
7715
7720
7725
7730
7735
7740
7745
7750
7755
7760
7765
7770
7775
7780
7785
7790
7795
7800
7805
7810
7815
7821
7826
7831
7836
7842
7847
7852
7857
7863
7868
7873
7878
7884
7889
7894
7900
7905
7910
7915
7920
7925
7930
7935
7940
7945
7950
7955
7960
7965
7970
7975
7980
7985
7990
7995
8000
8005
8011
8016
8022
8027
8033
8038
8044
8050
8055
8061
8066
8072
8077
8083
8088
8094
8100
8105
8110
8115
8121
8126
8131
8136
8142
8147
8152
8157
8163
8168
8173
8178
8184
8189
8194
8200
8205
8211
8216
8222
8227
8233
8238
8244
8250
8255
8261
8266
8272
8277
8283
8288
8294
8300
8305
8310
8315
8321
8326
8331
8336
8342
8347
8352
8357
8363
8368
8373
8378
8384
8389
8394
8400
8405
8411
8416
8422
8427
8433
8438
8444
8450
8455
8461
8466
8472
8477
8483
8488
8494
8500
8501
8503
8504
8506
8508
8509
8511
8512
8514
8516
8517
8519
8520
8522
8524
8525
8527
8529
8530
8532
8533
8535
8537
8538
8540
8541
8543
8545
8546
8548
8550
8551
8553
8554
8556
8558
8559
8561
8562
8564
8566
8567
8569
8570
8572
8574
8575
8577
8579
8580
8582
8583
8585
8587
8588
8590
8591
8593
8595
8596
8598
8600
8601
8603
8604
8606
8608
8609
8611
8612
8614
8616
8617
8619
8620
8622
8624
8625
8627
8629
8630
8632
8633
8635
8637
8638
8640
8641
8643
8645
8646
8648
8649
8651
8653
8654
8656
8658
8659
8661
8662
8664
8666
8667
8669
8670
8672
8674
8675
8677
8679
8680
8682
8683
8685
8687
8688
8690
8691
8693
8695
8696
8698
8700
8701
8703
8704
8706
8708
8709
8711
8713
8714
8716
8718
8719
8721
8722
8724
8726
8727
8729
8731
8732
8734
8736
8737
8739
8740
8742
8744
8745
8747
8749
8750
8752
8754
8755
8757
8759
8760
8762
8763
8765
8767
8768
8770
8772
8773
8775
8777
8778
8780
8781
8783
8785
8786
8788
8790
8791
8793
8795
8796
8798
8800
8801
8803
8804
8806
8808
8809
8811
8812
8814
8816
8817
8819
8820
8822
8824
8825
8827
8829
8830
8832
8833
8835
8837
8838
8840
8841
8843
8845
8846
8848
8850
8851
8853
8854
8856
8858
8859
8861
8862
8864
8866
8867
8869
8870
8872
8874
8875
8877
8879
8880
8882
8883
8885
8887
8888
8890
8891
8893
8895
8896
8898
8900
8901
8903
8904
8906
8908
8909
8911
8912
8914
8916
8917
8919
8920
8922
8924
8925
8927
8929
8930
8932
8933
8935
8937
8938
8940
8941
8943
8945
8946
8948
8950
8951
8953
8954
8956
8958
8959
8961
8962
8964
8966
8967
8969
8970
8972
8974
8975
8977
8979
8980
8982
8983
8985
8987
8988
8990
8991
8993
8995
8996
8998
9000
9003
9006
9010
9013
9016
9020
9023
9026
9030
9033
9036
9040
9043
9046
9050
9053
9056
9060
9063
9066
9070
9073
9076
9080
9083
9086
9090
9093
9096
9100
9103
9106
9109
9112
9116
9119
9122
9125
9129
9132
9135
9138
9141
9145
9148
9151
9154
9158
9161
9164
9167
9170
9174
9177
9180
9183
9187
9190
9193
9196
9200
9203
9206
9209
9213
9216
9219
9223
9226
9230
9233
9236
9240
9243
9246
9250
9253
9256
9260
9263
9266
9270
9273
9276
9280
9283
9286
9290
9293
9296
9300
9303
9306
9309
9312
9316
9319
9322
9325
9329
9332
9335
9338
9341
9345
9348
9351
9354
9358
9361
9364
9367
9370
9374
9377
9380
9383
9387
9390
9393
9396
9400
9403
9406
9409
9412
9416
9419
9422
9425
9429
9432
9435
9438
9441
9445
9448
9451
9454
9458
9461
9464
9467
9470
9474
9477
9480
9483
9487
9490
9493
9496
9500
9502
9504
9506
9508
9510
9512
9514
9517
9519
9521
9523
9525
9527
9529
9531
9534
9536
9538
9540
9542
9544
9546
9548
9551
9553
9555
9557
9559
9561
9563
9565
9568
9570
9572
9574
9576
9578
9580
9582
9585
9587
9589
9591
9593
9595
9597
9600
9602
9604
9606
9608
9610
9612
9614
9617
9619
9621
9623
9625
9627
9629
9631
9634
9636
9638
9640
9642
9644
9646
9648
9651
9653
9655
9657
9659
9661
9663
9665
9668
9670
9672
9674
9676
9678
9680
9682
9685
9687
9689
9691
9693
9695
9697
9700
9702
9704
9706
9708
9710
9712
9714
9717
9719
9721
9723
9725
9727
9729
9731
9734
9736
9738
9740
9742
9744
9746
9748
9751
9753
9755
9757
9759
9761
9763
9765
9768
9770
9772
9774
9776
9778
9780
9782
9785
9787
9789
9791
9793
9795
9797
9800
9802
9804
9806
9808
9810
9812
9814
9817
9819
9821
9823
9825
9827
9829
9831
9834
9836
9838
9840
9842
9844
9846
9848
9851
9853
9855
9857
9859
9861
9863
9865
9868
9870
9872
9874
9876
9878
9880
9882
9885
9887
9889
9891
9893
9895
9897
9900
9902
9904
9906
9908
9910
9912
9914
9917
9919
9921
9923
9925
9927
9929
9931
9934
9936
9938
9940
9942
9944
9946
9948
9951
9953
9955
9957
9959
9961
9963
9965
9968
9970
9972
9974
9976
9978
9980
9982
9985
9987
9989
9991
9993
9995
9997
10000
10001
10002
10003
10004
10006
10007
10008
10009
10010
10012
10013
10014
10015
10017
10018
10019
10020
10021
10023
10024
10025
10026
10028
10029
10030
10031
10032
10034
10035
10036
10037
10039
10040
10041
10042
10043
10045
10046
10047
10048
10050
10051
10052
10053
10054
10056
10057
10058
10059
10060
10062
10063
10064
10065
10067
10068
10069
10070
10071
10073
10074
10075
10076
10078
10079
10080
10081
10082
10084
10085
10086
10087
10089
10090
10091
10092
10093
10095
10096
10097
10098
10100
10101
10102
10103
10104
10106
10107
10108
10109
10111
10112
10113
10114
10116
10117
10118
10119
10120
10122
10123
10124
10125
10127
10128
10129
10130
10132
10133
10134
10135
10137
10138
10139
10140
10141
10143
10144
10145
10146
10148
10149
10150
10151
10153
10154
10155
10156
10158
10159
10160
10161
10162
10164
10165
10166
10167
10169
10170
10171
10172
10174
10175
10176
10177
10179
10180
10181
10182
10183
10185
10186
10187
10188
10190
10191
10192
10193
10195
10196
10197
10198
10200
10201
10202
10203
10204
10206
10207
10208
10209
10210
10212
10213
10214
10215
10217
10218
10219
10220
10221
10223
10224
10225
10226
10228
10229
10230
10231
10232
10234
10235
10236
10237
10239
10240
10241
10242
10243
10245
10246
10247
10248
10250
10251
10252
10253
10254
10256
10257
10258
10259
10260
10262
10263
10264
10265
10267
10268
10269
10270
10271
10273
10274
10275
10276
10278
10279
10280
10281
10282
10284
10285
10286
10287
10289
10290
10291
10292
10293
10295
10296
10297
10298
10300
10301
10302
10303
10304
10306
10307
10308
10309
10310
10312
10313
10314
10315
10317
10318
10319
10320
10321
10323
10324
10325
10326
10328
10329
10330
10331
10332
10334
10335
10336
10337
10339
10340
10341
10342
10343
10345
10346
10347
10348
10350
10351
10352
10353
10354
10356
10357
10358
10359
10360
10362
10363
10364
10365
10367
10368
10369
10370
10371
10373
10374
10375
10376
10378
10379
10380
10381
10382
10384
10385
10386
10387
10389
10390
10391
10392
10393
10395
10396
10397
10398
10400
10401
10402
10403
10404
10406
10407
10408
10409
10410
10412
10413
10414
10415
10417
10418
10419
10420
10421
10423
10424
10425
10426
10428
10429
10430
10431
10432
10434
10435
10436
10437
10439
10440
10441
10442
10443
10445
10446
10447
10448
10450
10451
10452
10453
10454
10456
10457
10458
10459
10460
10462
10463
10464
10465
10467
10468
10469
10470
10471
10473
10474
10475
10476
10478
10479
10480
10481
10482
10484
10485
10486
10487
10489
10490
10491
10492
10493
10495
10496
10497
10498
10500
10501
10502
10504
10505
10507
10508
10510
10511
10513
10514
10516
10517
10519
10520
10522
10523
10525
10526
10527
10529
10530
10532
10533
10535
10536
10538
10539
10541
10542
10544
10545
10547
10548
10550
10551
10552
10554
10555
10557
10558
10560
10561
10563
10564
10566
10567
10569
10570
10572
10573
10575
10576
10577
10579
10580
10582
10583
10585
10586
10588
10589
10591
10592
10594
10595
10597
10598
10600
10601
10602
10604
10605
10607
10608
10610
10611
10613
10614
10616
10617
10619
10620
10622
10623
10625
10626
10627
10629
10630
10632
10633
10635
10636
10638
10639
10641
10642
10644
10645
10647
10648
10649
10651
10652
10654
10655
10657
10658
10660
10661
10663
10664
10666
10667
10669
10670
10672
10673
10674
10676
10677
10679
10680
10682
10683
10685
10686
10688
10689
10691
10692
10694
10695
10697
10698
10700
10701
10702
10704
10705
10707
10708
10710
10711
10713
10714
10716
10717
10719
10720
10722
10723
10725
10726
10728
10729
10731
10732
10734
10735
10737
10738
10740
10741
10743
10744
10746
10747
10749
10750
10752
10753
10755
10756
10758
10759
10761
10762
10764
10765
10767
10768
10770
10771
10773
10774
10776
10777
10779
10780
10782
10783
10785
10786
10788
10789
10791
10792
10794
10795
10797
10798
10800
10801
10802
10804
10805
10807
10808
10810
10811
10813
10814
10816
10817
10819
10820
10822
10823
10825
10826
10827
10829
10830
10832
10833
10835
10836
10838
10839
10841
10842
10844
10845
10847
10848
10850
10851
10852
10854
10855
10857
10858
10860
10861
10863
10864
10866
10867
10869
10870
10872
10873
10875
10876
10877
10879
10880
10882
10883
10885
10886
10888
10889
10891
10892
10894
10895
10897
10898
10900
10901
10902
10904
10905
10907
10908
10910
10911
10913
10914
10916
10917
10919
10920
10922
10923
10925
10926
10927
10929
10930
10932
10933
10935
10936
10938
10939
10941
10942
10944
10945
10947
10948
10950
10951
10952
10954
10955
10957
10958
10960
10961
10963
10964
10966
10967
10969
10970
10972
10973
10975
10976
10977
10979
10980
10982
10983
10985
10986
10988
10989
10991
10992
10994
10995
10997
10998
11000
11008
11016
11025
11033
11041
11050
11058
11066
11075
11083
11091
11100
11108
11116
11125
11133
11141
11149
11158
11166
11174
11183
11191
11200
11208
11216
11225
11233
11241
11250
11258
11266
11275
11283
11291
11300
11308
11316
11325
11333
11341
11350
11358
11366
11375
11383
11391
11400
11408
11416
11425
11433
11441
11450
11458
11466
11475
11483
11491
11500
11501
11503
11505
11507
11509
11511
11513
11515
11517
11519
11521
11523
11525
11527
11529
11531
11533
11535
11537
11539
11541
11543
11545
11547
11549
11550
11552
11554
11556
11558
11560
11562
11564
11566
11568
11570
11572
11574
11576
11578
11580
11582
11584
11586
11588
11590
11592
11594
11596
11598
11600
11601
11603
11605
11607
11609
11611
11613
11615
11617
11619
11621
11623
11625
11626
11628
11630
11632
11634
11636
11638
11640
11642
11644
11646
11648
11649
11651
11653
11655
11657
11659
11661
11663
11665
11667
11669
11671
11673
11674
11676
11678
11680
11682
11684
11686
11688
11690
11692
11694
11696
11698
11700
11701
11703
11705
11707
11709
11711
11713
11715
11717
11719
11721
11723
11725
11727
11729
11731
11733
11735
11737
11739
11741
11743
11745
11747
11749
11750
11752
11754
11756
11758
11760
11762
11764
11766
11768
11770
11772
11774
11776
11778
11780
11782
11784
11786
11788
11790
11792
11794
11796
11798
11800
11801
11803
11805
11807
11809
11811
11813
11815
11817
11819
11821
11823
11825
11827
11829
11831
11833
11835
11837
11839
11841
11843
11845
11847
11849
11850
11852
11854
11856
11858
11860
11862
11864
11866
11868
11870
11872
11874
11876
11878
11880
11882
11884
11886
11888
11890
11892
11894
11896
11898
11900
11901
11903
11905
11907
11909
11911
11913
11915
11917
11919
11921
11923
11925
11926
11928
11930
11932
11934
11936
11938
11940
11942
11944
11946
11948
11950
11951
11953
11955
11957
11959
11961
11963
11965
11967
11969
11971
11973
11975
11976
11978
11980
11982
11984
11986
11988
11990
11992
11994
11996
11998
12000
12002
12004
12006
12008
12010
12012
12014
12016
12018
12020
12022
12025
12027
12029
12031
12033
12035
12037
12039
12041
12043
12045
12047
12050
12052
12054
12056
12058
12060
12062
12064
12066
12068
12070
12072
12075
12077
12079
12081
12083
12085
12087
12089
12091
12093
12095
12097
12100
12102
12104
12106
12108
12110
12112
12114
12116
12118
12120
12122
12125
12127
12129
12131
12133
12135
12137
12139
12141
12143
12145
12147
12149
12152
12154
12156
12158
12160
12162
12164
12166
12168
12170
12172
12174
12177
12179
12181
12183
12185
12187
12189
12191
12193
12195
12197
12200
12202
12204
12206
12208
12210
12212
12214
12216
12218
12220
12222
12225
12227
12229
12231
12233
12235
12237
12239
12241
12243
12245
12247
12250
12252
12254
12256
12258
12260
12262
12264
12266
12268
12270
12272
12275
12277
12279
12281
12283
12285
12287
12289
12291
12293
12295
12297
12300
12302
12304
12306
12308
12310
12312
12314
12316
12318
12320
12322
12324
12326
12328
12330
12332
12334
12336
12338
12340
12342
12344
12346
12348
12351
12353
12355
12357
12359
12361
12363
12365
12367
12369
12371
12373
12375
12377
12379
12381
12383
12385
12387
12389
12391
12393
12395
12397
12400
12402
12404
12406
12408
12410
12412
12414
12416
12418
12420
12422
12425
12427
12429
12431
12433
12435
12437
12439
12441
12443
12445
12447
12450
12452
12454
12456
12458
12460
12462
12464
12466
12468
12470
12472
12475
12477
12479
12481
12483
12485
12487
12489
12491
12493
12495
12497
12500
12501
12502
12504
12505
12507
12508
12510
12511
12513
12514
12515
12517
12518
12520
12521
12523
12524
12526
12527
12528
12530
12531
12533
12534
12536
12537
12539
12540
12542
12543
12544
12546
12547
12549
12550
12552
12553
12555
12556
12557
12559
12560
12562
12563
12565
12566
12568
12569
12571
12572
12573
12575
12576
12578
12579
12581
12582
12584
12585
12586
12588
12589
12591
12592
12594
12595
12597
12598
12600
12601
12602
12604
12605
12607
12608
12610
12611
12612
12614
12615
12617
12618
12620
12621
12622
12624
12625
12627
12628
12629
12631
12632
12634
12635
12637
12638
12639
12641
12642
12644
12645
12647
12648
12649
12651
12652
12654
12655
12657
12658
12660
12661
12662
12664
12665
12667
12668
12670
12671
12672
12674
12675
12677
12678
12680
12681
12682
12684
12685
12687
12688
12690
12691
12692
12694
12695
12697
12698
12700
12701
12702
12704
12705
12707
12708
12709
12711
12712
12714
12715
12717
12718
12719
12721
12722
12724
12725
12727
12728
12730
12731
12732
12734
12735
12737
12738
12740
12741
12742
12744
12745
12747
12748
12750
12751
12752
12754
12755
12757
12758
12760
12761
12762
12764
12765
12767
12768
12770
12771
12772
12774
12775
12777
12778
12780
12781
12782
12784
12785
12787
12788
12790
12791
12792
12794
12795
12797
12798
12800
12801
12802
12804
12805
12807
12808
12810
12811
12813
12814
12815
12817
12818
12820
12821
12823
12824
12826
12827
12828
12830
12831
12833
12834
12836
12837
12839
12840
12842
12843
12844
12846
12847
12849
12850
12852
12853
12855
12856
12857
12859
12860
12862
12863
12865
12866
12868
12869
12871
12872
12873
12875
12876
12878
12879
12881
12882
12884
12885
12886
12888
12889
12891
12892
12894
12895
12897
12898
12900
12901
12902
12904
12905
12907
12908
12910
12911
12912
12914
12915
12917
12918
12920
12921
12922
12924
12925
12927
12928
12930
12931
12932
12934
12935
12937
12938
12940
12941
12942
12944
12945
12947
12948
12950
12951
12952
12954
12955
12957
12958
12960
12961
12962
12964
12965
12967
12968
12970
12971
12972
12974
12975
12977
12978
12980
12981
12982
12984
12985
12987
12988
12990
12991
12992
12994
12995
12997
12998
13000
13003
13006
13009
13012
13016
13019
13022
13025
13029
13032
13035
13038
13041
13045
13048
13051
13054
13058
13061
13064
13067
13070
13074
13077
13080
13083
13087
13090
13093
13096
13100
13103
13106
13109
13112
13115
13118
13121
13125
13128
13131
13134
13137
13140
13143
13146
13149
13153
13156
13159
13162
13165
13168
13171
13174
13178
13181
13184
13187
13190
13193
13196
13200
13203
13206
13209
13212
13215
13218
13221
13225
13228
13231
13234
13237
13240
13243
13246
13250
13253
13256
13259
13262
13265
13268
13271
13275
13278
13281
13284
13287
13290
13293
13296
13300
13303
13306
13309
13312
13316
13319
13322
13325
13329
13332
13335
13338
13341
13345
13348
13351
13354
13358
13361
13364
13367
13370
13374
13377
13380
13383
13387
13390
13393
13396
13400
13403
13406
13409
13412
13415
13418
13421
13425
13428
13431
13434
13437
13440
13443
13446
13450
13453
13456
13459
13462
13465
13468
13471
13475
13478
13481
13484
13487
13490
13493
13496
13500
13501
13503
13505
13507
13508
13510
13512
13514
13515
13517
13519
13521
13522
13524
13526
13528
13529
13531
13533
13535
13536
13538
13540
13542
13543
13545
13547
13549
13550
13552
13554
13556
13557
13559
13561
13563
13564
13566
13568
13570
13571
13573
13575
13577
13578
13580
13582
13584
13585
13587
13589
13591
13592
13594
13596
13598
13600
13601
13603
13605
13607
13608
13610
13612
13614
13615
13617
13619
13621
13622
13624
13626
13628
13629
13631
13633
13635
13636
13638
13640
13642
13643
13645
13647
13649
13650
13652
13654
13656
13657
13659
13661
13663
13664
13666
13668
13670
13671
13673
13675
13677
13678
13680
13682
13684
13685
13687
13689
13691
13692
13694
13696
13698
13700
13701
13703
13705
13707
13708
13710
13712
13714
13715
13717
13719
13721
13722
13724
13726
13728
13729
13731
13733
13735
13736
13738
13740
13742
13743
13745
13747
13749
13750
13752
13754
13756
13757
13759
13761
13763
13764
13766
13768
13770
13771
13773
13775
13777
13778
13780
13782
13784
13785
13787
13789
13791
13792
13794
13796
13798
13800
13801
13803
13805
13807
13808
13810
13812
13814
13815
13817
13819
13821
13822
13824
13826
13828
13829
13831
13833
13835
13836
13838
13840
13842
13843
13845
13847
13849
13850
13852
13854
13856
13857
13859
13861
13863
13864
13866
13868
13870
13871
13873
13875
13877
13878
13880
13882
13884
13885
13887
13889
13891
13892
13894
13896
13898
13900
13901
13903
13905
13906
13908
13910
13912
13913
13915
13917
13918
13920
13922
13924
13925
13927
13929
13931
13932
13934
13936
13937
13939
13941
13943
13944
13946
13948
13950
13951
13953
13955
13956
13958
13960
13962
13963
13965
13967
13968
13970
13972
13974
13975
13977
13979
13981
13982
13984
13986
13987
13989
13991
13993
13994
13996
13998
14000
14002
14004
14006
14008
14010
14012
14014
14016
14018
14020
14022
14025
14027
14029
14031
14033
14035
14037
14039
14041
14043
14045
14047
14050
14052
14054
14056
14058
14060
14062
14064
14066
14068
14070
14072
14075
14077
14079
14081
14083
14085
14087
14089
14091
14093
14095
14097
14100
14102
14104
14106
14108
14110
14112
14114
14116
14118
14120
14122
14125
14127
14129
14131
14133
14135
14137
14139
14141
14143
14145
14147
14149
14152
14154
14156
14158
14160
14162
14164
14166
14168
14170
14172
14174
14177
14179
14181
14183
14185
14187
14189
14191
14193
14195
14197
14200
14202
14204
14206
14208
14210
14212
14214
14216
14218
14220
14222
14225
14227
14229
14231
14233
14235
14237
14239
14241
14243
14245
14247
14250
14252
14254
14256
14258
14260
14262
14264
14266
14268
14270
14272
14275
14277
14279
14281
14283
14285
14287
14289
14291
14293
14295
14297
14300
14302
14304
14306
14308
14310
14312
14314
14316
14318
14320
14322
14325
14327
14329
14331
14333
14335
14337
14339
14341
14343
14345
14347
14350
14352
14354
14356
14358
14360
14362
14364
14366
14368
14370
14372
14375
14377
14379
14381
14383
14385
14387
14389
14391
14393
14395
14397
14400
14402
14404
14406
14408
14410
14412
14414
14416
14418
14420
14422
14425
14427
14429
14431
14433
14435
14437
14439
14441
14443
14445
14447
14450
14452
14454
14456
14458
14460
14462
14464
14466
14468
14470
14472
14475
14477
14479
14481
14483
14485
14487
14489
14491
14493
14495
14497
14500
14506
14513
14520
14526
14533
14540
14546
14553
14560
14566
14573
14580
14586
14593
14600
14606
14612
14618
14625
14631
14637
14643
14649
14656
14662
14668
14674
14681
14687
14693
14700
14706
14712
14718
14725
14731
14737
14743
14750
14756
14762
14768
14775
14781
14787
14793
14800
14806
14813
14820
14826
14833
14840
14846
14853
14860
14866
14873
14880
14886
14893
14900
14906
14912
14918
14925
14931
14937
14943
14950
14956
14962
14968
14975
14981
14987
14993
15000
15004
15008
15013
15017
15021
15026
15030
15034
15039
15043
15047
15052
15056
15060
15065
15069
15073
15078
15082
15086
15091
15095
15100
15104
15109
15113
15118
15122
15127
15131
15136
15140
15145
15149
15154
15159
15163
15168
15172
15177
15181
15186
15190
15195
15200
15204
15208
15213
15217
15221
15226
15230
15234
15239
15243
15247
15252
15256
15260
15265
15269
15273
15278
15282
15286
15291
15295
15300
15304
15308
15313
15317
15321
15326
15330
15334
15339
15343
15347
15352
15356
15360
15365
15369
15373
15378
15382
15386
15391
15395
15400
15404
15408
15413
15417
15421
15426
15430
15434
15439
15443
15447
15452
15456
15460
15465
15469
15473
15478
15482
15486
15491
15495
15500
15504
15508
15512
15516
15520
15524
15528
15532
15536
15540
15544
15548
15552
15556
15560
15564
15568
15572
15576
15580
15584
15588
15592
15596
15600
15604
15607
15612
15616
15620
15623
15628
15632
15636
15639
15644
15648
15652
15655
15660
15664
15668
15671
15676
15680
15684
15687
15692
15696
15700
15703
15708
15712
15716
15719
15724
15728
15732
15736
15740
15744
15748
15752
15756
15760
15764
15768
15772
15776
15780
15784
15788
15792
15796
15800
15804
15808
15812
15816
15820
15824
15828
15832
15836
15840
15844
15848
15852
15856
15860
15864
15868
15872
15876
15880
15884
15888
15892
15896
15900
15904
15908
15912
15916
15920
15924
15928
15932
15936
15940
15944
15948
15952
15956
15960
15964
15968
15972
15976
15980
15984
15988
15992
15996
16000
16001
16002
16003
16004
16005
16006
16008
16009
16010
16011
16012
16013
16015
16016
16017
16018
16019
16020
16022
16023
16024
16025
16026
16027
16029
16030
16031
16032
16033
16034
16036
16037
16038
16039
16040
16041
16043
16044
16045
16046
16047
16048
16050
16051
16052
16053
16054
16055
16056
16058
16059
16060
16061
16062
16063
16065
16066
16067
16068
16069
16070
16072
16073
16074
16075
16076
16077
16079
16080
16081
16082
16083
16084
16086
16087
16088
16089
16090
16091
16093
16094
16095
16096
16097
16098
16100
16101
16102
16103
16104
16105
16106
16108
16109
16110
16111
16112
16113
16115
16116
16117
16118
16119
16120
16122
16123
16124
16125
16126
16127
16129
16130
16131
16132
16133
16134
16136
16137
16138
16139
16140
16141
16143
16144
16145
16146
16147
16148
16149
16151
16152
16153
16154
16155
16156
16158
16159
16160
16161
16162
16163
16165
16166
16167
16168
16169
16170
16172
16173
16174
16175
16176
16177
16179
16180
16181
16182
16183
16184
16186
16187
16188
16189
16190
16191
16193
16194
16195
16196
16197
16198
16200
16201
16202
16203
16204
16205
16206
16208
16209
16210
16211
16212
16213
16214
16216
16217
16218
16219
16220
16221
16222
16224
16225
16226
16227
16228
16229
16231
16232
16233
16234
16235
16236
16237
16239
16240
16241
16242
16243
16244
16245
16247
16248
16249
16250
16251
16252
16254
16255
16256
16257
16258
16259
16260
16262
16263
16264
16265
16266
16267
16268
16270
16271
16272
16273
16274
16275
16277
16278
16279
16280
16281
16282
16283
16285
16286
16287
16288
16289
16290
16291
16293
16294
16295
16296
16297
16298
16300
16301
16302
16303
16304
16305
16306
16308
16309
16310
16311
16312
16313
16315
16316
16317
16318
16319
16320
16322
16323
16324
16325
16326
16327
16329
16330
16331
16332
16333
16334
16336
16337
16338
16339
16340
16341
16343
16344
16345
16346
16347
16348
16350
16351
16352
16353
16354
16355
16356
16358
16359
16360
16361
16362
16363
16365
16366
16367
16368
16369
16370
16372
16373
16374
16375
16376
16377
16379
16380
16381
16382
16383
16384
16386
16387
16388
16389
16390
16391
16393
16394
16395
16396
16397
16398
16400
16401
16402
16403
16404
16405
16406
16408
16409
16410
16411
16412
16413
16415
16416
16417
16418
16419
16420
16422
16423
16424
16425
16426
16427
16429
16430
16431
16432
16433
16434
16436
16437
16438
16439
16440
16441
16443
16444
16445
16446
16447
16448
16450
16451
16452
16453
16454
16455
16456
16458
16459
16460
16461
16462
16463
16465
16466
16467
16468
16469
16470
16472
16473
16474
16475
16476
16477
16479
16480
16481
16482
16483
16484
16486
16487
16488
16489
16490
16491
16493
16494
16495
16496
16497
16498
16500
16503
16506
16509
16512
16515
16518
16521
16525
16528
16531
16534
16537
16540
16543
16546
16550
16553
16556
16559
16562
16565
16568
16571
16575
16578
16581
16584
16587
16590
16593
16596
16600
16603
16606
16609
16612
16615
16618
16621
16624
16627
16630
16633
16636
16639
16642
16645
16648
16651
16654
16657
16660
16663
16666
16669
16672
16675
16678
16681
16684
16687
16690
16693
16696
16700
16703
16706
16709
16712
16715
16718
16721
16725
16728
16731
16734
16737
16740
16743
16746
16750
16753
16756
16759
16762
16765
16768
16771
16775
16778
16781
16784
16787
16790
16793
16796
16800
16803
16806
16809
16812
16815
16818
16821
16825
16828
16831
16834
16837
16840
16843
16846
16850
16853
16856
16859
16862
16865
16868
16871
16875
16878
16881
16884
16887
16890
16893
16896
16900
16903
16906
16909
16912
16915
16918
16921
16924
16927
16930
16933
16936
16939
16942
16945
16948
16951
16954
16957
16960
16963
16966
16969
16972
16975
16978
16981
16984
16987
16990
16993
16996
17000
17001
17003
17004
17006
17008
17009
17011
17013
17014
17016
17018
17019
17021
17022
17024
17026
17027
17029
17031
17032
17034
17036
17037
17039
17040
17042
17044
17045
17047
17049
17050
17052
17054
17055
17057
17059
17060
17062
17063
17065
17067
17068
17070
17072
17073
17075
17077
17078
17080
17081
17083
17085
17086
17088
17090
17091
17093
17095
17096
17098
17100
17101
17103
17104
17106
17108
17109
17111
17113
17114
17116
17118
17119
17121
17122
17124
17126
17127
17129
17131
17132
17134
17136
17137
17139
17140
17142
17144
17145
17147
17149
17150
17152
17154
17155
17157
17159
17160
17162
17163
17165
17167
17168
17170
17172
17173
17175
17177
17178
17180
17181
17183
17185
17186
17188
17190
17191
17193
17195
17196
17198
17200
17201
17203
17204
17206
17208
17209
17211
17213
17214
17216
17218
17219
17221
17222
17224
17226
17227
17229
17231
17232
17234
17236
17237
17239
17240
17242
17244
17245
17247
17249
17250
17252
17254
17255
17257
17259
17260
17262
17263
17265
17267
17268
17270
17272
17273
17275
17277
17278
17280
17281
17283
17285
17286
17288
17290
17291
17293
17295
17296
17298
17300
17301
17303
17305
17306
17308
17310
17311
17313
17315
17316
17318
17320
17321
17323
17325
17326
17328
17330
17331
17333
17335
17336
17338
17340
17341
17343
17345
17346
17348
17350
17351
17353
17355
17356
17358
17360
17361
17363
17365
17366
17368
17369
17371
17373
17375
17376
17378
17380
17381
17383
17384
17386
17388
17390
17391
17393
17395
17396
17398
17400
17401
17403
17404
17406
17408
17409
17411
17413
17414
17416
17418
17419
17421
17422
17424
17426
17427
17429
17431
17432
17434
17436
17437
17439
17440
17442
17444
17445
17447
17449
17450
17452
17454
17455
17457
17459
17460
17462
17463
17465
17467
17468
17470
17472
17473
17475
17477
17478
17480
17481
17483
17485
17486
17488
17490
17491
17493
17495
17496
17498
17500
17501
17503
17505
17506
17508
17510
17511
17513
17515
17516
17518
17520
17522
17523
17525
17527
17528
17530
17532
17533
17535
17537
17538
17540
17542
17544
17545
17547
17549
17550
17552
17554
17555
17557
17559
17561
17562
17564
17566
17567
17569
17571
17572
17574
17576
17577
17579
17581
17583
17584
17586
17588
17589
17591
17593
17594
17596
17598
17600
17601
17603
17605
17606
17608
17610
17611
17613
17615
17616
17618
17620
17622
17623
17625
17627
17628
17630
17632
17633
17635
17637
17638
17640
17642
17644
17645
17647
17649
17650
17652
17654
17655
17657
17659
17661
17662
17664
17666
17667
17669
17671
17672
17674
17676
17677
17679
17681
17683
17684
17686
17688
17689
17691
17693
17694
17696
17698
17700
17701
17703
17705
17706
17708
17710
17711
17713
17715
17716
17718
17720
17722
17723
17725
17727
17728
17730
17732
17733
17735
17737
17738
17740
17742
17744
17745
17747
17749
17750
17752
17754
17755
17757
17759
17761
17762
17764
17766
17767
17769
17771
17772
17774
17776
17777
17779
17781
17783
17784
17786
17788
17789
17791
17793
17794
17796
17798
17800
17801
17803
17805
17806
17808
17810
17811
17813
17815
17816
17818
17820
17822
17823
17825
17827
17828
17830
17832
17833
17835
17837
17838
17840
17842
17844
17845
17847
17849
17850
17852
17854
17855
17857
17859
17861
17862
17864
17866
17867
17869
17871
17872
17874
17876
17877
17879
17881
17883
17884
17886
17888
17889
17891
17893
17894
17896
17898
17900
17901
17903
17905
17906
17908
17910
17911
17913
17915
17916
17918
17920
17922
17923
17925
17927
17928
17930
17932
17933
17935
17937
17938
17940
17942
17944
17945
17947
17949
17950
17952
17954
17955
17957
17959
17961
17962
17964
17966
17967
17969
17971
17972
17974
17976
17977
17979
17981
17983
17984
17986
17988
17989
17991
17993
17994
17996
17998
18000
18010
18020
18030
18040
18050
18060
18070
18080
18090
18100
18110
18120
18130
18140
18150
18160
18170
18180
18189
18200
18210
18220
18230
18240
18250
18260
18270
18280
18290
18300
18309
18318
18327
18336
18345
18354
18363
18372
18381
18390
18400
18410
18419
18430
18439
18450
18460
18470
18480
18490
18500
18504
18508
18512
18516
18520
18524
18528
18532
18536
18540
18544
18548
18552
18556
18560
18564
18568
18572
18576
18580
18584
18588
18592
18596
18600
18604
18608
18612
18616
18620
18624
18628
18632
18636
18640
18644
18648
18652
18656
18660
18664
18668
18672
18676
18680
18684
18688
18692
18695
18700
18704
18708
18712
18716
18720
18724
18727
18732
18736
18740
18744
18748
18752
18756
18760
18764
18768
18772
18776
18780
18784
18788
18792
18796
18800
18804
18808
18812
18816
18820
18824
18828
18832
18836
18840
18844
18848
18852
18855
18860
18864
18868
18872
18875
18880
18884
18887
18892
18895
18900
18904
18907
18912
18916
18919
18924
18927
18932
18936
18939
18944
18948
18952
18956
18960
18964
18968
18972
18976
18980
18984
18988
18992
18996
19000
19002
19004
19006
19008
19010
19012
19014
19017
19019
19021
19023
19025
19027
19029
19031
19034
19036
19038
19040
19042
19044
19046
19048
19051
19053
19055
19057
19059
19061
19063
19065
19068
19070
19072
19074
19076
19078
19080
19082
19085
19087
19089
19091
19093
19095
19097
19100
19102
19104
19106
19108
19110
19112
19114
19117
19119
19121
19123
19125
19127
19129
19131
19134
19136
19138
19140
19142
19144
19146
19148
19151
19153
19155
19157
19159
19161
19163
19165
19168
19170
19172
19174
19176
19178
19180
19182
19185
19187
19189
19191
19193
19195
19197
19200
19202
19204
19206
19208
19210
19212
19214
19217
19219
19221
19223
19225
19227
19229
19231
19234
19236
19238
19240
19242
19244
19246
19248
19251
19253
19255
19257
19259
19261
19263
19265
19268
19270
19272
19274
19276
19278
19280
19282
19285
19287
19289
19291
19293
19295
19297
19300
19302
19304
19306
19308
19310
19312
19314
19317
19319
19321
19323
19325
19327
19329
19331
19334
19336
19338
19340
19342
19344
19346
19348
19351
19353
19355
19357
19359
19361
19363
19365
19368
19370
19372
19374
19376
19378
19380
19382
19385
19387
19389
19391
19393
19395
19397
19400
19402
19404
19406
19408
19410
19412
19414
19417
19419
19421
19423
19425
19427
19429
19431
19434
19436
19438
19440
19442
19444
19446
19448
19451
19453
19455
19457
19459
19461
19463
19465
19468
19470
19472
19474
19476
19478
19480
19482
19485
19487
19489
19491
19493
19495
19497
19500
19503
19507
19511
19515
19519
19523
19526
19530
19534
19538
19542
19546
19550
19553
19557
19561
19565
19569
19573
19576
19580
19584
19588
19592
19596
19600
19603
19607
19611
19615
19619
19623
19626
19630
19634
19638
19642
19646
19650
19653
19657
19661
19665
19669
19673
19676
19680
19684
19688
19692
19696
19700
19703
19707
19711
19714
19718
19722
19725
19729
19733
19737
19740
19744
19748
19751
19755
19759
19762
19766
19770
19774
19777
19781
19785
19788
19792
19796
19800
19803
19807
19811
19815
19819
19823
19826
19830
19834
19838
19842
19846
19850
19853
19857
19861
19865
19869
19873
19876
19880
19884
19888
19892
19896
19900
19903
19907
19911
19914
19918
19922
19925
19929
19933
19937
19940
19944
19948
19951
19955
19959
19962
19966
19970
19974
19977
19981
19985
19988
19992
19996
20000
20002
20005
20008
20011
20013
20016
20019
20022
20025
20027
20030
20033
20036
20038
20041
20044
20047
20050
20052
20055
20058
20061
20063
20066
20069
20072
20075
20077
20080
20083
20086
20088
20091
20094
20097
20100
20102
20105
20108
20110
20113
20116
20118
20121
20124
20127
20129
20132
20135
20137
20140
20143
20145
20148
20151
20154
20156
20159
20162
20164
20167
20170
20172
20175
20178
20181
20183
20186
20189
20191
20194
20197
20200
20202
20205
20208
20211
20213
20216
20219
20222
20225
20227
20230
20233
20236
20238
20241
20244
20247
20250
20252
20255
20258
20261
20263
20266
20269
20272
20275
20277
20280
20283
20286
20288
20291
20294
20297
20300
20302
20305
20308
20310
20313
20316
20318
20321
20324
20327
20329
20332
20335
20337
20340
20343
20345
20348
20351
20354
20356
20359
20362
20364
20367
20370
20372
20375
20378
20381
20383
20386
20389
20391
20394
20397
20400
20402
20405
20408
20411
20413
20416
20419
20422
20424
20427
20430
20433
20436
20438
20441
20444
20447
20450
20452
20455
20458
20461
20463
20466
20469
20472
20475
20477
20480
20483
20486
20488
20491
20494
20497
20500
20501
20503
20505
20506
20508
20510
20511
20513
20515
20516
20518
20520
20522
20523
20525
20527
20528
20530
20532
20533
20535
20537
20538
20540
20542
20544
20545
20547
20549
20550
20552
20554
20555
20557
20559
20561
20562
20564
20566
20567
20569
20571
20572
20574
20576
20577
20579
20581
20583
20584
20586
20588
20589
20591
20593
20594
20596
20598
20600
20601
20603
20605
20606
20608
20610
20612
20613
20615
20617
20618
20620
20622
20624
20625
20627
20629
20631
20632
20634
20636
20637
20639
20641
20643
20644
20646
20648
20650
20651
20653
20655
20656
20658
20660
20662
20663
20665
20667
20668
20670
20672
20674
20675
20677
20679
20681
20682
20684
20686
20687
20689
20691
20693
20694
20696
20698
20700
20701
20703
20705
20706
20708
20710
20711
20713
20715
20716
20718
20720
20722
20723
20725
20727
20728
20730
20732
20733
20735
20737
20738
20740
20742
20744
20745
20747
20749
20750
20752
20754
20755
20757
20759
20761
20762
20764
20766
20767
20769
20771
20772
20774
20776
20777
20779
20781
20783
20784
20786
20788
20789
20791
20793
20794
20796
20798
20800
20801
20803
20805
20806
20808
20810
20812
20813
20815
20817
20818
20820
20822
20824
20825
20827
20829
20831
20832
20834
20836
20837
20839
20841
20843
20844
20846
20848
20850
20851
20853
20855
20856
20858
20860
20862
20863
20865
20867
20868
20870
20872
20874
20875
20877
20879
20881
20882
20884
20886
20887
20889
20891
20893
20894
20896
20898
20900
20901
20903
20905
20906
20908
20910
20911
20913
20915
20916
20918
20920
20922
20923
20925
20927
20928
20930
20932
20933
20935
20937
20938
20940
20942
20944
20945
20947
20949
20950
20952
20954
20955
20957
20959
20961
20962
20964
20966
20967
20969
20971
20972
20974
20976
20977
20979
20981
20983
20984
20986
20988
20989
20991
20993
20994
20996
20998
21000
21003
21007
21011
21014
21018
21022
21025
21029
21033
21037
21040
21044
21048
21051
21055
21059
21062
21066
21070
21074
21077
21081
21085
21088
21092
21096
21100
21103
21107
21111
21115
21119
21123
21126
21130
21134
21138
21142
21146
21150
21153
21157
21161
21165
21169
21173
21176
21180
21184
21188
21192
21196
21200
21203
21207
21211
21214
21218
21222
21225
21229
21233
21237
21240
21244
21248
21251
21255
21259
21262
21266
21270
21274
21277
21281
21285
21288
21292
21296
21300
21303
21307
21311
21314
21318
21322
21325
21329
21333
21337
21340
21344
21348
21351
21355
21359
21362
21366
21370
21374
21377
21381
21385
21388
21392
21396
21400
21403
21407
21411
21414
21418
21422
21425
21429
21433
21437
21440
21444
21448
21451
21455
21459
21462
21466
21470
21474
21477
21481
21485
21488
21492
21496
21500
21505
21510
21515
21520
21525
21530
21535
21540
21545
21550
21555
21560
21565
21570
21575
21580
21585
21590
21595
21600
21605
21610
21615
21620
21625
21630
21635
21640
21645
21650
21655
21660
21665
21670
21675
21680
21685
21689
21695
21700
21705
21710
21715
21720
21725
21730
21735
21740
21745
21750
21755
21760
21765
21770
21775
21780
21785
21790
21795
21800
21804
21809
21814
21819
21823
21828
21833
21838
21842
21847
21852
21857
21861
21866
21871
21876
21880
21885
21890
21895
21900
21904
21910
21915
21919
21924
21930
21935
21939
21945
21950
21955
21960
21965
21970
21975
21980
21985
21990
21995
22000
22002
22004
22007
22009
22011
22014
22016
22019
22021
22023
22026
22028
22030
22033
22035
22038
22040
22042
22045
22047
22050
22052
22054
22057
22059
22061
22064
22066
22069
22071
22073
22076
22078
22080
22083
22085
22088
22090
22092
22095
22097
22100
22102
22104
22107
22109
22111
22114
22116
22119
22121
22123
22126
22128
22130
22133
22135
22138
22140
22142
22145
22147
22150
22152
22154
22157
22159
22161
22164
22166
22169
22171
22173
22176
22178
22180
22183
22185
22188
22190
22192
22195
22197
22200
22202
22204
22207
22209
22211
22214
22216
22219
22221
22223
22226
22228
22230
22233
22235
22238
22240
22242
22245
22247
22250
22252
22254
22257
22259
22261
22264
22266
22269
22271
22273
22276
22278
22280
22283
22285
22288
22290
22292
22295
22297
22300
22302
22304
22307
22309
22311
22314
22316
22319
22321
22323
22326
22328
22330
22333
22335
22338
22340
22342
22345
22347
22349
22352
22354
22357
22359
22361
22364
22366
22369
22371
22373
22376
22378
22380
22383
22385
22388
22390
22392
22395
22397
22400
22402
22404
22407
22409
22411
22414
22416
22419
22421
22423
22426
22428
22430
22433
22435
22438
22440
22442
22445
22447
22450
22452
22454
22457
22459
22461
22464
22466
22469
22471
22473
22476
22478
22480
22483
22485
22488
22490
22492
22495
22497
22500
22502
22504
22506
22509
22511
22513
22516
22518
22520
22523
22525
22527
22530
22532
22534
22537
22539
22541
22544
22546
22548
22551
22553
22555
22558
22560
22562
22565
22567
22569
22572
22574
22576
22579
22581
22583
22586
22588
22590
22593
22595
22597
22600
22602
22604
22606
22609
22611
22613
22616
22618
22620
22623
22625
22627
22630
22632
22634
22637
22639
22641
22644
22646
22648
22651
22653
22655
22658
22660
22662
22665
22667
22669
22672
22674
22676
22679
22681
22683
22686
22688
22690
22693
22695
22697
22700
22702
22704
22706
22709
22711
22713
22715
22718
22720
22722
22725
22727
22729
22731
22734
22736
22738
22740
22743
22745
22747
22750
22752
22754
22756
22759
22761
22763
22765
22768
22770
22772
22775
22777
22779
22781
22784
22786
22788
22790
22793
22795
22797
22800
22802
22804
22806
22809
22811
22813
22816
22818
22820
22823
22825
22827
22830
22832
22834
22837
22839
22841
22844
22846
22848
22851
22853
22855
22858
22860
22862
22865
22867
22869
22872
22874
22876
22879
22881
22883
22886
22888
22890
22893
22895
22897
22900
22902
22904
22906
22909
22911
22913
22916
22918
22920
22923
22925
22927
22930
22932
22934
22937
22939
22941
22944
22946
22948
22951
22953
22955
22958
22960
22962
22965
22967
22969
22972
22974
22976
22979
22981
22983
22986
22988
22990
22993
22995
22997
23000
23003
23007
23011
23014
23018
23022
23025
23029
23033
23037
23040
23044
23048
23051
23055
23059
23062
23066
23070
23074
23077
23081
23085
23088
23092
23096
23100
23103
23107
23111
23115
23119
23123
23126
23130
23134
23138
23142
23146
23150
23153
23157
23161
23165
23169
23173
23176
23180
23184
23188
23192
23196
23200
23203
23207
23211
23214
23218
23222
23225
23229
23233
23237
23240
23244
23248
23251
23255
23259
23262
23266
23270
23274
23277
23281
23285
23288
23292
23296
23300
23303
23307
23311
23315
23319
23323
23326
23330
23334
23338
23342
23346
23350
23353
23357
23361
23365
23369
23373
23376
23380
23384
23388
23392
23396
23400
23403
23407
23411
23415
23419
23423
23426
23430
23434
23438
23442
23446
23450
23453
23457
23461
23465
23469
23473
23476
23480
23484
23488
23492
23496
23500
23503
23506
23510
23513
23517
23520
23524
23527
23531
23534
23537
23541
23544
23548
23551
23555
23558
23562
23565
23568
23572
23575
23579
23582
23586
23589
23593
23596
23600
23603
23607
23610
23614
23617
23621
23625
23628
23632
23635
23639
23642
23646
23650
23653
23657
23660
23664
23667
23671
23675
23678
23682
23685
23689
23692
23696
23700
23703
23706
23710
23713
23717
23720
23724
23727
23731
23734
23737
23741
23744
23748
23751
23755
23758
23762
23765
23768
23772
23775
23779
23782
23786
23789
23793
23796
23800
23803
23807
23810
23814
23817
23821
23825
23828
23832
23835
23839
23842
23846
23850
23853
23857
23860
23864
23867
23871
23875
23878
23882
23885
23889
23892
23896
23900
23903
23906
23910
23913
23917
23920
23924
23927
23931
23934
23937
23941
23944
23948
23951
23955
23958
23962
23965
23968
23972
23975
23979
23982
23986
23989
23993
23996
24000
24003
24006
24010
24013
24016
24020
24023
24026
24030
24033
24036
24040
24043
24046
24050
24053
24056
24060
24063
24066
24070
24073
24076
24080
24083
24086
24090
24093
24096
24100
24103
24106
24110
24113
24117
24120
24124
24127
24131
24134
24137
24141
24144
24148
24151
24155
24158
24162
24165
24168
24172
24175
24179
24182
24186
24189
24193
24196
24200
24203
24206
24210
24213
24216
24220
24223
24226
24230
24233
24236
24240
24243
24246
24250
24253
24256
24260
24263
24266
24270
24273
24276
24280
24283
24286
24290
24293
24296
24300
24303
24306
24310
24313
24316
24320
24323
24326
24330
24333
24336
24340
24343
24346
24350
24353
24356
24360
24363
24366
24369
24373
24376
24380
24383
24386
24390
24393
24396
24400
24403
24406
24410
24413
24417
24420
24424
24427
24431
24434
24437
24441
24444
24448
24451
24455
24458
24462
24465
24468
24472
24475
24479
24482
24486
24489
24493
24496
24500
24503
24506
24509
24512
24516
24519
24522
24525
24529
24532
24535
24538
24541
24545
24548
24551
24554
24558
24561
24564
24567
24570
24574
24577
24580
24583
24587
24590
24593
24596
24600
24603
24606
24609
24612
24616
24619
24622
24625
24629
24632
24635
24638
24641
24645
24648
24651
24654
24658
24661
24664
24667
24670
24674
24677
24680
24683
24687
24690
24693
24696
24700
24703
24706
24709
24712
24716
24719
24722
24725
24729
24732
24735
24738
24741
24745
24748
24751
24754
24758
24761
24764
24767
24770
24774
24777
24780
24783
24787
24790
24793
24796
24800
24803
24806
24810
24813
24816
24820
24823
24826
24830
24833
24836
24840
24843
24846
24850
24853
24856
24860
24863
24866
24869
24873
24876
24880
24883
24886
24890
24893
24896
24900
24903
24906
24909
24912
24916
24919
24922
24925
24929
24932
24935
24938
24941
24945
24948
24951
24954
24958
24961
24964
24967
24970
24974
24977
24980
24983
24987
24990
24993
24996
25000
25002
25005
25008
25010
25013
25016
25018
25021
25024
25027
25029
25032
25035
25037
25040
25043
25045
25048
25051
25054
25056
25059
25062
25064
25067
25070
25072
25075
25078
25081
25083
25086
25089
25091
25094
25097
25100
25102
25105
25108
25110
25113
25116
25118
25121
25124
25127
25129
25132
25135
25137
25140
25143
25145
25148
25151
25154
25156
25159
25162
25164
25167
25170
25172
25175
25178
25181
25183
25186
25189
25191
25194
25197
25200
25202
25205
25208
25211
25213
25216
25219
25222
25225
25227
25230
25233
25236
25238
25241
25244
25247
25250
25252
25255
25258
25261
25263
25266
25269
25272
25275
25277
25280
25283
25286
25288
25291
25294
25297
25300
25302
25305
25308
25310
25313
25316
25318
25321
25324
25327
25329
25332
25335
25337
25340
25343
25345
25348
25351
25354
25356
25359
25362
25364
25367
25370
25372
25375
25378
25381
25383
25386
25389
25391
25394
25397
25400
25402
25405
25408
25410
25413
25416
25418
25421
25424
25427
25429
25432
25435
25437
25440
25443
25445
25448
25451
25454
25456
25459
25462
25464
25467
25470
25472
25475
25478
25481
25483
25486
25489
25491
25494
25497
25500
25502
25505
25508
25511
25513
25516
25519
25522
25525
25527
25530
25533
25536
25538
25541
25544
25547
25550
25552
25555
25558
25561
25563
25566
25569
25572
25575
25577
25580
25583
25586
25588
25591
25594
25597
25600
25602
25605
25608
25611
25613
25616
25619
25622
25625
25627
25630
25633
25636
25638
25641
25644
25647
25650
25652
25655
25658
25661
25663
25666
25669
25672
25675
25677
25680
25683
25686
25688
25691
25694
25697
25700
25702
25705
25708
25711
25713
25716
25719
25722
25725
25727
25730
25733
25736
25738
25741
25744
25747
25750
25752
25755
25758
25761
25763
25766
25769
25772
25775
25777
25780
25783
25786
25788
25791
25794
25797
25800
25802
25805
25808
25811
25813
25816
25819
25822
25825
25827
25830
25833
25836
25838
25841
25844
25847
25850
25852
25855
25858
25861
25863
25866
25869
25872
25875
25877
25880
25883
25886
25888
25891
25894
25897
25900
25902
25905
25908
25911
25913
25916
25919
25922
25924
25927
25930
25933
25936
25938
25941
25944
25947
25950
25952
25955
25958
25961
25963
25966
25969
25972
25975
25977
25980
25983
25986
25988
25991
25994
25997
26000
26002
26005
26008
26011
26013
26016
26019
26022
26025
26027
26030
26033
26036
26038
26041
26044
26047
26050
26052
26055
26058
26061
26063
26066
26069
26072
26075
26077
26080
26083
26086
26088
26091
26094
26097
26100
26102
26105
26108
26110
26113
26116
26118
26121
26124
26127
26129
26132
26135
26137
26140
26143
26145
26148
26151
26154
26156
26159
26162
26164
26167
26170
26172
26175
26178
26181
26183
26186
26189
26191
26194
26197
26200
26202
26205
26208
26210
26213
26216
26218
26221
26224
26227
26229
26232
26235
26237
26240
26243
26245
26248
26251
26254
26256
26259
26262
26264
26267
26270
26272
26275
26278
26281
26283
26286
26289
26291
26294
26297
26300
26302
26305
26308
26311
26313
26316
26319
26322
26325
26327
26330
26333
26336
26338
26341
26344
26347
26350
26352
26355
26358
26361
26363
26366
26369
26372
26375
26377
26380
26383
26386
26388
26391
26394
26397
26400
26402
26405
26408
26410
26413
26416
26418
26421
26424
26427
26429
26432
26435
26437
26440
26443
26445
26448
26451
26454
26456
26459
26462
26464
26467
26470
26472
26475
26478
26481
26483
26486
26489
26491
26494
26497
26500
26503
26506
26509
26512
26515
26518
26521
26525
26528
26531
26534
26537
26540
26543
26546
26550
26553
26556
26559
26562
26565
26568
26571
26575
26578
26581
26584
26587
26590
26593
26596
26600
26603
26606
26609
26612
26616
26619
26622
26625
26629
26632
26635
26638
26641
26645
26648
26651
26654
26658
26661
26664
26667
26670
26674
26677
26680
26683
26687
26690
26693
26696
26700
26703
26706
26709
26712
26715
26718
26721
26725
26728
26731
26734
26737
26740
26743
26746
26750
26753
26756
26759
26762
26765
26768
26771
26775
26778
26781
26784
26787
26790
26793
26796
26800
26803
26806
26809
26812
26816
26819
26822
26825
26829
26832
26835
26838
26841
26845
26848
26851
26854
26858
26861
26864
26867
26870
26874
26877
26880
26883
26887
26890
26893
26896
26900
26903
26906
26909
26912
26916
26919
26922
26925
26929
26932
26935
26938
26941
26945
26948
26951
26954
26958
26961
26964
26967
26970
26974
26977
26980
26983
26987
26990
26993
26996
27000
27004
27008
27013
27017
27021
27026
27030
27034
27039
27043
27047
27052
27056
27060
27065
27069
27073
27078
27082
27086
27091
27095
27100
27104
27108
27113
27117
27121
27126
27130
27134
27139
27143
27147
27152
27156
27160
27165
27169
27173
27178
27182
27186
27191
27195
27200
27204
27208
27213
27217
27221
27226
27230
27234
27239
27243
27247
27252
27256
27260
27265
27269
27273
27278
27282
27286
27291
27295
27300
27304
27309
27313
27318
27322
27327
27331
27336
27340
27345
27350
27354
27359
27363
27368
27372
27377
27381
27386
27390
27395
27400
27404
27408
27413
27417
27421
27426
27430
27434
27439
27443
27447
27452
27456
27460
27465
27469
27473
27478
27482
27486
27491
27495
27500
27501
27502
27504
27505
27507
27508
27510
27511
27513
27514
27516
27517
27519
27520
27522
27523
27525
27526
27527
27529
27530
27532
27533
27535
27536
27538
27539
27541
27542
27544
27545
27547
27548
27550
27551
27552
27554
27555
27557
27558
27560
27561
27563
27564
27566
27567
27569
27570
27572
27573
27575
27576
27577
27579
27580
27582
27583
27585
27586
27588
27589
27591
27592
27594
27595
27597
27598
27600
27601
27602
27604
27605
27607
27608
27610
27611
27613
27614
27616
27617
27619
27620
27622
27623
27625
27626
27627
27629
27630
27632
27633
27635
27636
27638
27639
27641
27642
27644
27645
27647
27648
27650
27651
27652
27654
27655
27657
27658
27660
27661
27663
27664
27666
27667
27669
27670
27672
27673
27675
27676
27677
27679
27680
27682
27683
27685
27686
27688
27689
27691
27692
27694
27695
27697
27698
27700
27701
27702
27704
27705
27707
27708
27710
27711
27713
27714
27716
27717
27719
27720
27722
27723
27725
27726
27727
27729
27730
27732
27733
27735
27736
27738
27739
27741
27742
27744
27745
27747
27748
27750
27751
27752
27754
27755
27757
27758
27760
27761
27763
27764
27766
27767
27769
27770
27772
27773
27775
27776
27777
27779
27780
27782
27783
27785
27786
27788
27789
27791
27792
27794
27795
27797
27798
27800
27801
27802
27804
27805
27807
27808
27810
27811
27813
27814
27816
27817
27819
27820
27822
27823
27825
27826
27827
27829
27830
27832
27833
27835
27836
27838
27839
27841
27842
27844
27845
27847
27848
27850
27851
27852
27854
27855
27857
27858
27860
27861
27863
27864
27866
27867
27869
27870
27872
27873
27875
27876
27877
27879
27880
27882
27883
27885
27886
27888
27889
27891
27892
27894
27895
27897
27898
27900
27901
27902
27904
27905
27907
27908
27910
27911
27913
27914
27916
27917
27919
27920
27922
27923
27924
27926
27927
27929
27930
27932
27933
27935
27936
27938
27939
27941
27942
27944
27945
27947
27948
27950
27951
27952
27954
27955
27957
27958
27960
27961
27963
27964
27966
27967
27969
27970
27972
27973
27975
27976
27977
27979
27980
27982
27983
27985
27986
27988
27989
27991
27992
27994
27995
27997
27998
28000
28004
28008
28012
28016
28020
28025
28029
28033
28037
28041
28045
28050
28054
28058
28062
28066
28070
28075
28079
28083
28087
28091
28095
28100
28104
28108
28112
28116
28120
28125
28129
28133
28137
28141
28145
28150
28154
28158
28162
28166
28170
28175
28179
28183
28187
28191
28195
28200
28204
28208
28212
28216
28220
28225
28229
28233
28237
28241
28245
28250
28254
28258
28262
28266
28270
28275
28279
28283
28287
28291
28295
28300
28304
28308
28312
28316
28320
28325
28329
28333
28337
28341
28345
28350
28354
28358
28362
28366
28370
28375
28379
28383
28387
28391
28395
28400
28404
28408
28412
28416
28420
28424
28429
28433
28437
28441
28445
28450
28454
28458
28462
28466
28470
28475
28479
28483
28487
28491
28495
28500
28504
28509
28513
28518
28522
28527
28531
28536
28540
28545
28550
28554
28559
28563
28568
28572
28577
28581
28586
28590
28595
28600
28604
28609
28613
28618
28622
28627
28631
28636
28640
28645
28650
28654
28659
28663
28668
28672
28677
28681
28686
28690
28695
28700
28704
28708
28713
28717
28721
28726
28730
28734
28739
28743
28747
28752
28756
28760
28765
28769
28773
28778
28782
28786
28791
28795
28800
28804
28809
28813
28818
28822
28827
28831
28836
28840
28845
28850
28854
28859
28863
28868
28872
28877
28881
28886
28890
28895
28900
28904
28908
28913
28917
28921
28926
28930
28934
28939
28943
28947
28952
28956
28960
28965
28969
28973
28978
28982
28986
28991
28995
29000
29003
29006
29010
29013
29016
29020
29023
29026
29030
29033
29036
29040
29043
29046
29050
29053
29056
29060
29063
29066
29070
29073
29076
29080
29083
29086
29090
29093
29096
29100
29103
29106
29110
29113
29116
29120
29123
29126
29130
29133
29136
29140
29143
29146
29150
29153
29156
29160
29163
29166
29170
29173
29176
29180
29183
29186
29189
29193
29196
29200
29203
29206
29210
29213
29216
29220
29223
29226
29230
29233
29236
29240
29243
29246
29250
29253
29256
29260
29263
29266
29270
29273
29276
29280
29283
29286
29290
29293
29296
29300
29303
29306
29310
29313
29316
29320
29323
29326
29330
29333
29336
29340
29343
29346
29350
29353
29356
29360
29363
29366
29369
29373
29376
29380
29383
29386
29390
29393
29396
29400
29403
29406
29409
29412
29416
29419
29422
29425
29429
29432
29435
29438
29441
29445
29448
29451
29454
29458
29461
29464
29467
29470
29474
29477
29480
29483
29487
29490
29493
29496
29500
29506
29513
29520
29526
29533
29540
29546
29553
29560
29566
29573
29580
29586
29593
29600
29606
29612
29618
29625
29631
29637
29643
29650
29656
29662
29668
29675
29681
29687
29693
29700
29706
29712
29718
29725
29731
29737
29743
29750
29756
29762
29768
29775
29781
29787
29793
29800
29806
29812
29818
29825
29831
29837
29843
29850
29856
29862
29868
29875
29881
29887
29893
29900
29906
29913
29919
29926
29933
29939
29946
29953
29960
29966
29973
29980
29986
29993
30000
