5
10
15
21
26
31
36
42
47
52
57
63
68
73
78
84
89
94
99
105
110
115
121
126
131
136
142
147
152
157
163
168
173
178
184
189
194
200
205
210
215
220
225
230
235
240
245
250
255
260
265
270
275
280
285
290
295
300
305
310
315
321
326
331
336
342
347
352
357
363
368
373
378
384
389
394
400
405
410
415
421
426
431
436
442
447
452
457
463
468
473
478
484
489
494
500
501
503
504
506
507
509
510
512
514
515
517
518
520
521
523
525
526
528
529
531
532
534
535
537
539
540
542
543
545
546
548
550
551
553
554
556
557
559
560
562
564
565
567
568
570
571
573
575
576
578
579
581
582
584
585
587
589
590
592
593
595
596
598
600
601
603
604
606
607
609
610
612
614
615
617
618
620
621
623
625
626
628
629
631
632
634
635
637
639
640
642
643
645
646
648
649
651
653
654
656
657
659
660
662
664
665
667
668
670
671
673
674
676
678
679
681
682
684
685
687
689
690
692
693
695
696
698
700
701
703
704
706
707
709
710
712
714
715
717
718
720
721
723
725
726
728
729
731
732
734
735
737
739
740
742
743
745
746
748
750
751
753
754
756
757
759
760
762
764
765
767
768
770
771
773
775
776
778
779
781
782
784
785
787
789
790
792
793
795
796
798
800
801
803
804
806
807
809
810
812
814
815
817
818
820
821
823
825
826
828
829
831
832
834
835
837
839
840
842
843
845
846
848
850
851
853
854
856
857
859
860
862
864
865
867
868
870
871
873
875
876
878
879
881
882
884
885
887
889
890
892
893
895
896
898
900
901
903
904
906
907
909
910
912
914
915
917
918
920
921
923
925
926
928
929
931
932
934
935
937
939
940
942
943
945
946
948
950
951
953
954
956
957
959
960
962
964
965
967
968
970
971
973
975
976
978
979
981
982
984
985
987
989
990
992
993
995
996
998
1000
1003
1006
1009
1012
1015
1018
1021
1025
1028
1031
1034
1037
1040
1043
1046
1050
1053
1056
1059
1062
1065
1068
1071
1075
1078
1081
1084
1087
1090
1093
1096
1100
1103
1106
1109
1112
1115
1118
1121
1125
1128
1131
1134
1137
1140
1143
1146
1150
1153
1156
1159
1162
1165
1168
1171
1175
1178
1181
1184
1187
1190
1193
1196
1200
1203
1206
1209
1212
1216
1219
1222
1225
1229
1232
1235
1238
1241
1245
1248
1251
1254
1258
1261
1264
1267
1270
1274
1277
1280
1283
1287
1290
1293
1296
1300
1303
1306
1309
1312
1315
1318
1321
1325
1328
1331
1334
1337
1340
1343
1346
1350
1353
1356
1359
1362
1365
1368
1371
1375
1378
1381
1384
1387
1390
1393
1396
1400
1403
1406
1409
1412
1416
1419
1422
1425
1429
1432
1435
1438
1441
1445
1448
1451
1454
1458
1461
1464
1467
1470
1474
1477
1480
1483
1487
1490
1493
1496
1500
1501
1503
1505
1506
1508
1510
1512
1513
1515
1517
1518
1520
1522
1524
1525
1527
1529
1531
1532
1534
1536
1537
1539
1541
1543
1544
1546
1548
1550
1551
1553
1555
1556
1558
1560
1562
1563
1565
1567
1568
1570
1572
1574
1575
1577
1579
1581
1582
1584
1586
1587
1589
1591
1593
1594
1596
1598
1600
1601
1603
1605
1607
1608
1610
1612
1614
1615
1617
1619
1621
1622
1624
1626
1628
1629
1631
1633
1635
1636
1638
1640
1642
1643
1645
1647
1649
1650
1652
1654
1656
1657
1659
1661
1663
1664
1666
1668
1670
1671
1673
1675
1677
1678
1680
1682
1684
1685
1687
1689
1691
1692
1694
1696
1698
1700
1701
1703
1705
1707
1708
1710
1712
1714
1715
1717
1719
1721
1722
1724
1726
1728
1729
1731
1733
1735
1736
1738
1740
1742
1743
1745
1747
1749
1750
1752
1754
1756
1757
1759
1761
1763
1764
1766
1768
1770
1771
1773
1775
1777
1778
1780
1782
1784
1785
1787
1789
1791
1792
1794
1796
1798
1800
1801
1803
1805
1807
1808
1810
1812
1814
1815
1817
1819
1821
1822
1824
1826
1828
1829
1831
1833
1835
1836
1838
1840
1842
1843
1845
1847
1849
1850
1852
1854
1856
1857
1859
1861
1863
1864
1866
1868
1870
1871
1873
1875
1877
1878
1880
1882
1884
1885
1887
1889
1891
1892
1894
1896
1898
1900
1901
1903
1905
1907
1908
1910
1912
1914
1915
1917
1919
1921
1922
1924
1926
1928
1929
1931
1933
1935
1936
1938
1940
1942
1943
1945
1947
1949
1950
1952
1954
1956
1957
1959
1961
1963
1964
1966
1968
1970
1971
1973
1975
1977
1978
1980
1982
1984
1985
1987
1989
1991
1992
1994
1996
1998
2000
2002
2005
2008
2011
2014
2017
2020
2023
2026
2029
2032
2035
2038
2041
2044
2047
2050
2052
2055
2058
2061
2064
2067
2070
2073
2076
2079
2082
2085
2088
2091
2094
2097
2100
2102
2105
2108
2111
2114
2117
2120
2123
2126
2129
2132
2135
2138
2141
2144
2147
2150
2152
2155
2158
2161
2164
2167
2170
2173
2176
2179
2182
2185
2188
2191
2194
2197
2200
2202
2205
2208
2211
2214
2217
2220
2223
2226
2229
2232
2235
2238
2241
2244
2247
2250
2252
2255
2258
2261
2264
2267
2270
2273
2276
2279
2282
2285
2288
2291
2294
2297
2300
2302
2305
2308
2311
2314
2317
2320
2322
2325
2328
2331
2334
2337
2340
2342
2345
2348
2351
2354
2357
2360
2362
2365
2368
2371
2374
2377
2380
2382
2385
2388
2391
2394
2397
2400
2402
2405
2408
2411
2414
2417
2420
2423
2426
2429
2432
2435
2438
2441
2444
2447
2450
2452
2455
2458
2461
2464
2467
2470
2473
2476
2479
2482
2485
2488
2491
2494
2497
2500
2504
2508
2512
2516
2520
2524
2528
2532
2536
2540
2544
2548
2552
2556
2560
2564
2568
2572
2576
2580
2584
2588
2592
2596
2600
2603
2607
2611
2615
2619
2623
2626
2630
2634
2638
2642
2646
2650
2653
2657
2661
2665
2669
2673
2676
2680
2684
2688
2692
2696
2700
2703
2707
2711
2715
2719
2723
2726
2730
2734
2738
2742
2746
2750
2753
2757
2761
2765
2769
2773
2776
2780
2784
2788
2792
2796
2800
2803
2807
2811
2815
2819
2823
2826
2830
2834
2838
2842
2846
2849
2853
2857
2861
2865
2869
2873
2876
2880
2884
2888
2892
2896
2900
2903
2907
2911
2915
2919
2923
2926
2930
2934
2938
2942
2946
2950
2953
2957
2961
2965
2969
2973
2976
2980
2984
2988
2992
2996
3000
3003
3006
3009
3012
3015
3018
3021
3024
3027
3030
3033
3036
3039
3042
3045
3048
3051
3054
3057
3060
3063
3066
3069
3072
3075
3078
3081
3084
3087
3090
3093
3096
3100
3102
3105
3108
3111
3114
3117
3120
3123
3126
3129
3132
3135
3138
3141
3144
3147
3150
3152
3155
3158
3161
3164
3167
3170
3173
3176
3179
3182
3185
3188
3191
3194
3197
3200
3202
3205
3208
3211
3214
3217
3220
3223
3226
3229
3232
3235
3238
3241
3244
3247
3250
3252
3255
3258
3261
3264
3267
3270
3273
3276
3279
3282
3285
3288
3291
3294
3297
3300
3303
3306
3309
3312
3315
3318
3321
3324
3327
3330
3333
3336
3339
3342
3345
3348
3351
3354
3357
3360
3363
3366
3369
3372
3375
3378
3381
3384
3387
3390
3393
3396
3400
3402
3405
3408
3411
3414
3417
3420
3423
3426
3429
3432
3435
3438
3441
3444
3447
3450
3452
3455
3458
3461
3464
3467
3470
3473
3476
3479
3482
3485
3488
3491
3494
3497
3500
3502
3504
3507
3509
3512
3514
3517
3519
3521
3524
3526
3529
3531
3534
3536
3539
3541
3543
3546
3548
3551
3553
3556
3558
3560
3563
3565
3568
3570
3573
3575
3578
3580
3582
3585
3587
3590
3592
3595
3597
3600
3602
3604
3607
3609
3612
3614
3617
3619
3621
3624
3626
3629
3631
3634
3636
3639
3641
3643
3646
3648
3651
3653
3656
3658
3660
3663
3665
3668
3670
3673
3675
3678
3680
3682
3685
3687
3690
3692
3695
3697
3700
3702
3704
3707
3709
3712
3714
3717
3719
3721
3724
3726
3729
3731
3734
3736
3739
3741
3743
3746
3748
3751
3753
3756
3758
3760
3763
3765
3768
3770
3773
3775
3778
3780
3782
3785
3787
3790
3792
3795
3797
3800
3802
3804
3807
3809
3812
3814
3817
3819
3821
3824
3826
3829
3831
3834
3836
3839
3841
3843
3846
3848
3851
3853
3856
3858
3860
3863
3865
3868
3870
3873
3875
3878
3880
3882
3885
3887
3890
3892
3895
3897
3900
3902
3904
3907
3909
3912
3914
3917
3919
3921
3924
3926
3929
3931
3934
3936
3939
3941
3943
3946
3948
3951
3953
3956
3958
3960
3963
3965
3968
3970
3973
3975
3978
3980
3982
3985
3987
3990
3992
3995
3997
4000
4001
4003
4005
4007
4008
4010
4012
4014
4016
4017
4019
4021
4023
4025
4026
4028
4030
4032
4033
4035
4037
4039
4041
4042
4044
4046
4048
4050
4051
4053
4055
4057
4058
4060
4062
4064
4066
4067
4069
4071
4073
4074
4076
4078
4080
4082
4083
4085
4087
4089
4091
4092
4094
4096
4098
4100
4101
4103
4105
4107
4108
4110
4112
4114
4116
4117
4119
4121
4123
4125
4126
4128
4130
4132
4133
4135
4137
4139
4141
4142
4144
4146
4148
4150
4151
4153
4155
4157
4158
4160
4162
4164
4166
4167
4169
4171
4173
4175
4176
4178
4180
4182
4183
4185
4187
4189
4191
4192
4194
4196
4198
4200
4201
4203
4205
4207
4208
4210
4212
4214
4216
4217
4219
4221
4223
4225
4226
4228
4230
4232
4233
4235
4237
4239
4241
4242
4244
4246
4248
4250
4251
4253
4255
4257
4258
4260
4262
4264
4266
4267
4269
4271
4273
4275
4276
4278
4280
4282
4283
4285
4287
4289
4291
4292
4294
4296
4298
4300
4301
4303
4305
4307
4308
4310
4312
4314
4316
4317
4319
4321
4323
4325
4326
4328
4330
4332
4333
4335
4337
4339
4341
4342
4344
4346
4348
4350
4351
4353
4355
4357
4358
4360
4362
4364
4366
4367
4369
4371
4373
4375
4376
4378
4380
4382
4383
4385
4387
4389
4391
4392
4394
4396
4398
4400
4401
4403
4405
4407
4408
4410
4412
4414
4416
4417
4419
4421
4423
4425
4426
4428
4430
4432
4433
4435
4437
4439
4441
4442
4444
4446
4448
4450
4451
4453
4455
4457
4458
4460
4462
4464
4466
4467
4469
4471
4473
4475
4476
4478
4480
4482
4483
4485
4487
4489
4491
4492
4494
4496
4498
4500
4505
4511
4516
4522
4527
4533
4538
4544
4550
4555
4561
4566
4572
4577
4583
4588
4594
4600
4605
4611
4616
4622
4627
4633
4638
4644
4650
4655
4661
4666
4672
4677
4683
4688
4694
4700
4705
4710
4715
4721
4726
4731
4736
4742
4747
4752
4757
4763
4768
4773
4778
4784
4789
4794
4800
4805
4811
4816
4822
4827
4833
4838
4844
4850
4855
4861
4866
4872
4877
4883
4888
4894
4900
4905
4911
4916
4922
4927
4933
4938
4944
4950
4955
4961
4966
4972
4977
4983
4988
4994
5000
5003
5006
5010
5013
5017
5020
5024
5027
5031
5034
5037
5041
5044
5048
5051
5055
5058
5062
5065
5068
5072
5075
5079
5082
5086
5089
5093
5096
5100
5103
5107
5110
5114
5117
5121
5125
5128
5132
5135
5139
5142
5146
5150
5153
5157
5160
5164
5167
5171
5175
5178
5182
5185
5189
5192
5196
5200
5203
5206
5210
5213
5217
5220
5224
5227
5231
5234
5237
5241
5244
5248
5251
5255
5258
5262
5265
5268
5272
5275
5279
5282
5286
5289
5293
5296
5300
5303
5307
5310
5314
5317
5321
5325
5328
5332
5335
5339
5342
5346
5350
5353
5357
5360
5364
5367
5371
5375
5378
5382
5385
5389
5392
5396
5400
5403
5406
5410
5413
5417
5420
5424
5427
5431
5434
5437
5441
5444
5448
5451
5455
5458
5462
5465
5468
5472
5475
5479
5482
5486
5489
5493
5496
5500
5503
5507
5511
5514
5518
5522
5525
5529
5533
5537
5540
5544
5548
5551
5555
5559
5562
5566
5570
5574
5577
5581
5585
5588
5592
5596
5600
5603
5607
5610
5614
5617
5621
5625
5628
5632
5635
5639
5642
5646
5650
5653
5657
5660
5664
5667
5671
5675
5678
5682
5685
5689
5692
5696
5700
5703
5707
5710
5714
5717
5721
5725
5728
5732
5735
5739
5742
5746
5750
5753
5757
5760
5764
5767
5771
5775
5778
5782
5785
5789
5792
5796
5800
5803
5807
5811
5814
5818
5822
5825
5829
5833
5837
5840
5844
5848
5851
5855
5859
5862
5866
5870
5874
5877
5881
5885
5888
5892
5896
5900
5903
5907
5910
5914
5917
5921
5925
5928
5932
5935
5939
5942
5946
5950
5953
5957
5960
5964
5967
5971
5975
5978
5982
5985
5989
5992
5996
6000
6002
6005
6007
6010
6012
6015
6017
6020
6022
6025
6027
6030
6032
6035
6037
6040
6042
6045
6047
6050
6052
6055
6057
6060
6062
6064
6067
6069
6072
6074
6077
6080
6082
6085
6087
6090
6092
6095
6097
6100
6102
6104
6107
6109
6112
6114
6117
6120
6122
6125
6127
6130
6132
6135
6137
6140
6142
6145
6147
6150
6152
6155
6157
6160
6162
6165
6167
6170
6172
6175
6177
6180
6182
6185
6187
6190
6192
6195
6197
6200
6202
6205
6207
6210
6212
6215
6217
6220
6223
6225
6228
6230
6233
6235
6238
6241
6243
6246
6248
6251
6253
6256
6258
6261
6264
6266
6269
6271
6274
6276
6279
6282
6284
6287
6289
6292
6294
6297
6300
6302
6305
6307
6310
6312
6314
6317
6320
6322
6325
6327
6330
6332
6335
6337
6340
6342
6345
6347
6350
6352
6355
6357
6360
6362
6365
6367
6370
6372
6375
6377
6380
6382
6385
6387
6390
6392
6395
6397
6400
6402
6405
6407
6410
6412
6415
6417
6420
6422
6425
6427
6430
6432
6435
6437
6440
6442
6445
6447
6450
6452
6455
6457
6460
6462
6465
6467
6470
6472
6475
6477
6480
6482
6485
6487
6490
6492
6495
6497
6500
6502
6505
6508
6511
6514
6517
6520
6522
6525
6528
6531
6534
6537
6540
6542
6545
6548
6551
6554
6557
6560
6562
6565
6568
6571
6574
6577
6580
6582
6585
6588
6591
6594
6597
6600
6602
6605
6608
6611
6614
6617
6620
6623
6626
6629
6632
6635
6638
6641
6644
6647
6650
6652
6655
6658
6661
6664
6667
6670
6673
6676
6679
6682
6685
6688
6691
6694
6697
6700
6702
6705
6708
6711
6714
6717
6720
6723
6726
6729
6732
6735
6738
6741
6744
6747
6750
6752
6755
6758
6761
6764
6767
6770
6773
6776
6779
6782
6785
6788
6791
6794
6797
6800
6802
6805
6808
6811
6814
6817
6820
6822
6825
6828
6831
6834
6837
6840
6842
6845
6848
6851
6854
6857
6860
6862
6865
6868
6871
6874
6877
6880
6882
6885
6888
6891
6894
6897
6900
6902
6905
6908
6911
6914
6917
6920
6923
6926
6929
6932
6935
6938
6941
6944
6947
6950
6952
6955
6958
6961
6964
6967
6970
6973
6976
6979
6982
6985
6988
6991
6994
6997
7000
7002
7004
7006
7008
7010
7012
7014
7017
7019
7021
7023
7025
7027
7029
7031
7034
7036
7038
7040
7042
7044
7046
7048
7051
7053
7055
7057
7059
7061
7063
7065
7068
7070
7072
7074
7076
7078
7080
7082
7085
7087
7089
7091
7093
7095
7097
7100
7102
7104
7106
7108
7110
7112
7114
7116
7118
7120
7122
7125
7127
7129
7131
7133
7135
7137
7139
7141
7143
7145
7147
7150
7152
7154
7156
7158
7160
7162
7164
7166
7168
7170
7172
7175
7177
7179
7181
7183
7185
7187
7189
7191
7193
7195
7197
7200
7202
7204
7206
7208
7210
7212
7214
7217
7219
7221
7223
7225
7227
7229
7231
7234
7236
7238
7240
7242
7244
7246
7248
7251
7253
7255
7257
7259
7261
7263
7265
7268
7270
7272
7274
7276
7278
7280
7282
7285
7287
7289
7291
7293
7295
7297
7300
7302
7304
7306
7308
7310
7312
7314
7317
7319
7321
7323
7325
7327
7329
7331
7334
7336
7338
7340
7342
7344
7346
7348
7351
7353
7355
7357
7359
7361
7363
7365
7368
7370
7372
7374
7376
7378
7380
7382
7385
7387
7389
7391
7393
7395
7397
7400
7402
7404
7406
7408
7410
7412
7414
7417
7419
7421
7423
7425
7427
7429
7431
7434
7436
7438
7440
7442
7444
7446
7448
7451
7453
7455
7457
7459
7461
7463
7465
7468
7470
7472
7474
7476
7478
7480
7482
7485
7487
7489
7491
7493
7495
7497
7500
7503
7506
7510
7513
7516
7520
7523
7526
7530
7533
7536
7540
7543
7546
7550
7553
7556
7560
7563
7566
7569
7573
7576
7580
7583
7586
7590
7593
7596
7600
7603
7606
7609
7613
7616
7620
7623
7626
7630
7633
7636
7640
7643
7646
7650
7653
7656
7660
7663
7666
7670
7673
7676
7680
7683
7686
7690
7693
7696
7700
7703
7706
7710
7713
7716
7720
7723
7726
7730
7733
7736
7740
7743
7746
7750
7753
7756
7760
7763
7766
7770
7773
7776
7780
7783
7786
7790
7793
7796
7800
7803
7806
7810
7813
7816
7820
7823
7826
7830
7833
7836
7840
7843
7846
7850
7853
7856
7860
7863
7866
7870
7873
7876
7880
7883
7886
7890
7893
7896
7900
7903
7906
7909
7912
7916
7919
7922
7925
7929
7932
7935
7938
7941
7945
7948
7951
7954
7958
7961
7964
7967
7970
7974
7977
7980
7983
7987
7990
7993
7996
8000
8002
8004
8006
8008
8010
8012
8014
8017
8019
8021
8023
8025
8027
8029
8031
8034
8036
8038
8040
8042
8044
8046
8048
8051
8053
8055
8057
8059
8061
8063
8065
8068
8070
8072
8074
8076
8078
8080
8082
8085
8087
8089
8091
8093
8095
8097
8100
8102
8104
8106
8108
8110
8112
8114
8117
8119
8121
8123
8125
8127
8129
8131
8134
8136
8138
8140
8142
8144
8146
8148
8151
8153
8155
8157
8159
8161
8163
8165
8168
8170
8172
8174
8176
8178
8180
8182
8185
8187
8189
8191
8193
8195
8197
8200
8202
8204
8206
8208
8210
8212
8214
8217
8219
8221
8223
8225
8227
8229
8231
8234
8236
8238
8240
8242
8244
8246
8248
8251
8253
8255
8257
8259
8261
8263
8265
8268
8270
8272
8274
8276
8278
8280
8282
8285
8287
8289
8291
8293
8295
8297
8300
8302
8304
8306
8308
8310
8312
8314
8317
8319
8321
8323
8325
8327
8329
8331
8334
8336
8338
8340
8342
8344
8346
8348
8351
8353
8355
8357
8359
8361
8363
8365
8368
8370
8372
8374
8376
8378
8380
8382
8385
8387
8389
8391
8393
8395
8397
8400
8402
8404
8406
8408
8410
8412
8414
8417
8419
8421
8423
8425
8427
8429
8431
8434
8436
8438
8440
8442
8444
8446
8448
8451
8453
8455
8457
8459
8461
8463
8465
8468
8470
8472
8474
8476
8478
8480
8482
8485
8487
8489
8491
8493
8495
8497
8500
8502
8505
8508
8511
8513
8516
8519
8522
8525
8527
8530
8533
8536
8538
8541
8544
8547
8550
8552
8555
8558
8561
8563
8566
8569
8572
8575
8577
8580
8583
8586
8588
8591
8594
8597
8600
8602
8605
8608
8610
8613
8616
8618
8621
8624
8627
8629
8632
8635
8637
8640
8643
8645
8648
8651
8654
8656
8659
8662
8664
8667
8670
8672
8675
8678
8681
8683
8686
8689
8691
8694
8697
8700
8702
8705
8708
8711
8713
8716
8719
8722
8725
8727
8730
8733
8736
8738
8741
8744
8747
8750
8752
8755
8758
8761
8763
8766
8769
8772
8775
8777
8780
8783
8786
8788
8791
8794
8797
8800
8802
8805
8808
8810
8813
8816
8818
8821
8824
8827
8829
8832
8835
8837
8840
8843
8845
8848
8851
8854
8856
8859
8862
8864
8867
8870
8872
8875
8878
8881
8883
8886
8889
8891
8894
8897
8900
8902
8905
8908
8911
8913
8916
8919
8922
8925
8927
8930
8933
8936
8938
8941
8944
8947
8950
8952
8955
8958
8961
8963
8966
8969
8972
8975
8977
8980
8983
8986
8988
8991
8994
8997
9000
9005
9010
9015
9020
9025
9030
9035
9040
9045
9050
9055
9060
9065
9070
9075
9080
9084
9090
9094
9100
9105
9110
9115
9121
9126
9131
9136
9142
9147
9152
9157
9163
9168
9173
9178
9184
9189
9194
9200
9205
9210
9215
9221
9226
9231
9236
9242
9247
9252
9257
9263
9268
9273
9278
9284
9289
9294
9300
9305
9310
9315
9320
9325
9330
9335
9340
9345
9350
9355
9360
9365
9370
9375
9380
9385
9390
9395
9400
9405
9410
9415
9421
9426
9431
9436
9442
9447
9452
9457
9463
9468
9473
9478
9484
9489
9494
9500
9502
9504
9506
9508
9510
9512
9514
9516
9518
9520
9522
9524
9526
9528
9530
9532
9534
9536
9538
9540
9542
9544
9546
9548
9550
9552
9554
9556
9558
9560
9562
9564
9565
9568
9570
9572
9574
9576
9578
9580
9581
9584
9586
9588
9590
9592
9594
9596
9597
9600
9602
9604
9606
9607
9610
9612
9613
9616
9618
9620
9622
9623
9626
9628
9629
9632
9634
9636
9638
9639
9642
9644
9645
9648
9650
9652
9654
9655
9658
9660
9661
9664
9665
9668
9670
9671
9674
9676
9677
9680
9681
9684
9686
9687
9690
9692
9693
9696
9697
9700
9702
9703
9706
9708
9709
9712
9713
9716
9718
9719
9722
9724
9726
9728
9730
9732
9734
9736
9738
9740
9742
9744
9746
9748
9750
9752
9754
9756
9758
9760
9762
9764
9766
9768
9770
9772
9774
9776
9778
9780
9782
9784
9786
9788
9790
9792
9794
9796
9798
9800
9802
9804
9806
9808
9810
9812
9814
9816
9818
9820
9822
9824
9826
9828
9830
9832
9834
9836
9838
9840
9842
9844
9846
9848
9850
9852
9854
9856
9858
9860
9862
9864
9866
9868
9870
9872
9874
9876
9878
9880
9882
9884
9886
9888
9890
9892
9894
9896
9898
9900
9902
9904
9906
9908
9910
9912
9914
9916
9918
9920
9922
9924
9926
9928
9930
9932
9934
9936
9938
9940
9942
9944
9946
9948
9950
9952
9954
9956
9958
9960
9962
9964
9966
9968
9970
9972
9974
9976
9978
9980
9982
9984
9986
9988
9990
9992
9994
9996
9998
10000
10004
10008
10012
10016
10020
10025
10029
10033
10037
10041
10045
10050
10054
10058
10062
10066
10070
10075
10079
10083
10087
10091
10095
10100
10104
10108
10112
10116
10120
10125
10129
10133
10137
10141
10145
10149
10154
10158
10162
10166
10170
10174
10179
10183
10187
10191
10195
10200
10204
10208
10212
10216
10220
10225
10229
10233
10237
10241
10245
10250
10254
10258
10262
10266
10270
10275
10279
10283
10287
10291
10295
10300
10304
10308
10312
10316
10320
10324
10328
10332
10336
10340
10344
10348
10352
10356
10360
10364
10368
10372
10376
10380
10384
10388
10392
10396
10400
10404
10408
10412
10416
10420
10425
10429
10433
10437
10441
10445
10450
10454
10458
10462
10466
10470
10475
10479
10483
10487
10491
10495
10500
10502
10504
10506
10508
10511
10513
10515
10517
10520
10522
10524
10526
10528
10531
10533
10535
10537
10540
10542
10544
10546
10548
10551
10553
10555
10557
10560
10562
10564
10566
10568
10571
10573
10575
10577
10580
10582
10584
10586
10588
10591
10593
10595
10597
10600
10602
10604
10606
10608
10610
10613
10615
10617
10619
10621
10623
10626
10628
10630
10632
10634
10636
10639
10641
10643
10645
10647
10649
10652
10654
10656
10658
10660
10663
10665
10667
10669
10671
10673
10676
10678
10680
10682
10684
10686
10689
10691
10693
10695
10697
10700
10702
10704
10706
10708
10710
10713
10715
10717
10719
10721
10723
10726
10728
10730
10732
10734
10736
10739
10741
10743
10745
10747
10750
10752
10754
10756
10758
10760
10763
10765
10767
10769
10771
10773
10776
10778
10780
10782
10784
10786
10789
10791
10793
10795
10797
10800
10802
10804
10806
10808
10810
10813
10815
10817
10819
10821
10823
10826
10828
10830
10832
10834
10836
10839
10841
10843
10845
10847
10850
10852
10854
10856
10858
10860
10863
10865
10867
10869
10871
10873
10876
10878
10880
10882
10884
10886
10889
10891
10893
10895
10897
10900
10902
10904
10906
10908
10910
10913
10915
10917
10919
10921
10923
10926
10928
10930
10932
10934
10936
10939
10941
10943
10945
10947
10950
10952
10954
10956
10958
10960
10963
10965
10967
10969
10971
10973
10976
10978
10980
10982
10984
10986
10989
10991
10993
10995
10997
11000
11002
11004
11006
11008
11010
11012
11014
11016
11018
11020
11022
11024
11026
11028
11030
11032
11034
11036
11038
11040
11042
11044
11046
11048
11051
11053
11055
11057
11059
11061
11063
11065
11067
11069
11071
11073
11075
11077
11079
11081
11083
11085
11087
11089
11091
11093
11095
11097
11100
11102
11104
11106
11108
11110
11112
11114
11116
11118
11120
11122
11124
11126
11128
11130
11132
11134
11136
11138
11140
11142
11144
11146
11148
11151
11153
11155
11157
11159
11161
11163
11165
11167
11169
11171
11173
11175
11177
11179
11181
11183
11185
11187
11189
11191
11193
11195
11197
11200
11202
11204
11206
11208
11210
11212
11214
11216
11218
11220
11222
11224
11226
11228
11230
11232
11234
11236
11238
11240
11242
11244
11246
11248
11251
11253
11255
11257
11259
11261
11263
11265
11267
11269
11271
11273
11275
11277
11279
11281
11283
11285
11287
11289
11291
11293
11295
11297
11300
11302
11304
11306
11308
11310
11312
11314
11316
11318
11320
11322
11324
11326
11328
11330
11332
11334
11336
11338
11340
11342
11344
11346
11348
11350
11352
11354
11356
11358
11360
11362
11364
11366
11368
11370
11372
11374
11376
11378
11380
11382
11384
11386
11388
11390
11392
11394
11396
11398
11400
11402
11404
11406
11408
11410
11412
11414
11416
11418
11420
11422
11424
11426
11428
11430
11432
11434
11436
11438
11440
11442
11444
11446
11448
11451
11453
11455
11457
11459
11461
11463
11465
11467
11469
11471
11473
11475
11477
11479
11481
11483
11485
11487
11489
11491
11493
11495
11497
11500
11503
11506
11509
11512
11516
11519
11522
11525
11529
11532
11535
11538
11541
11545
11548
11551
11554
11558
11561
11564
11567
11570
11574
11577
11580
11583
11587
11590
11593
11596
11600
11603
11606
11609
11612
11616
11619
11622
11625
11629
11632
11635
11638
11641
11645
11648
11651
11654
11658
11661
11664
11667
11670
11674
11677
11680
11683
11687
11690
11693
11696
11700
11703
11706
11709
11713
11716
11719
11723
11726
11730
11733
11736
11740
11743
11746
11750
11753
11756
11760
11763
11766
11770
11773
11776
11780
11783
11786
11790
11793
11796
11800
11803
11806
11809
11812
11816
11819
11822
11825
11829
11832
11835
11838
11841
11845
11848
11851
11854
11858
11861
11864
11867
11870
11874
11877
11880
11883
11887
11890
11893
11896
11900
11903
11906
11909
11912
11916
11919
11922
11925
11929
11932
11935
11938
11941
11945
11948
11951
11954
11958
11961
11964
11967
11970
11974
11977
11980
11983
11987
11990
11993
11996
12000
12004
12009
12014
12019
12023
12028
12033
12038
12042
12047
12052
12057
12061
12066
12071
12076
12080
12085
12090
12095
12100
12105
12110
12115
12120
12125
12129
12135
12139
12145
12149
12155
12160
12165
12170
12174
12180
12184
12190
12194
12200
12204
12209
12214
12219
12223
12228
12233
12238
12242
12247
12252
12257
12261
12266
12271
12276
12280
12285
12290
12295
12300
12304
12309
12314
12319
12323
12328
12333
12338
12342
12347
12352
12357
12361
12366
12371
12376
12380
12385
12390
12395
12400
12404
12409
12414
12419
12423
12428
12433
12438
12442
12447
12452
12457
12461
12466
12471
12476
12480
12485
12490
12495
12500
12504
12509
12513
12518
12522
12527
12531
12536
12540
12545
12550
12554
12559
12563
12568
12572
12577
12581
12586
12590
12595
12600
12604
12608
12613
12617
12621
12626
12630
12634
12639
12643
12647
12652
12656
12660
12665
12669
12673
12678
12682
12686
12691
12695
12700
12704
12709
12713
12718
12722
12727
12731
12736
12740
12745
12750
12754
12759
12763
12768
12772
12777
12781
12786
12790
12795
12800
12804
12809
12813
12818
12822
12827
12831
12836
12840
12845
12850
12854
12859
12863
12868
12872
12877
12881
12886
12890
12895
12900
12904
12908
12913
12917
12921
12926
12930
12934
12939
12943
12947
12952
12956
12960
12965
12969
12973
12978
12982
12986
12991
12995
13000
13001
13002
13003
13004
13005
13006
13008
13009
13010
13011
13012
13013
13014
13016
13017
13018
13019
13020
13021
13022
13024
13025
13026
13027
13028
13029
13031
13032
13033
13034
13035
13036
13037
13039
13040
13041
13042
13043
13044
13045
13047
13048
13049
13050
13051
13052
13054
13055
13056
13057
13058
13059
13060
13062
13063
13064
13065
13066
13067
13068
13070
13071
13072
13073
13074
13075
13077
13078
13079
13080
13081
13082
13083
13085
13086
13087
13088
13089
13090
13091
13093
13094
13095
13096
13097
13098
13100
13101
13102
13103
13104
13105
13106
13108
13109
13110
13111
13112
13113
13114
13116
13117
13118
13119
13120
13121
13122
13124
13125
13126
13127
13128
13129
13131
13132
13133
13134
13135
13136
13137
13139
13140
13141
13142
13143
13144
13145
13147
13148
13149
13150
13151
13152
13154
13155
13156
13157
13158
13159
13160
13162
13163
13164
13165
13166
13167
13168
13170
13171
13172
13173
13174
13175
13177
13178
13179
13180
13181
13182
13183
13185
13186
13187
13188
13189
13190
13191
13193
13194
13195
13196
13197
13198
13200
13201
13202
13203
13204
13205
13206
13208
13209
13210
13211
13212
13213
13214
13216
13217
13218
13219
13220
13221
13222
13224
13225
13226
13227
13228
13229
13231
13232
13233
13234
13235
13236
13237
13239
13240
13241
13242
13243
13244
13245
13247
13248
13249
13250
13251
13252
13254
13255
13256
13257
13258
13259
13260
13262
13263
13264
13265
13266
13267
13268
13270
13271
13272
13273
13274
13275
13277
13278
13279
13280
13281
13282
13283
13285
13286
13287
13288
13289
13290
13291
13293
13294
13295
13296
13297
13298
13300
13301
13302
13303
13304
13305
13306
13308
13309
13310
13311
13312
13313
13314
13316
13317
13318
13319
13320
13321
13322
13324
13325
13326
13327
13328
13329
13331
13332
13333
13334
13335
13336
13337
13339
13340
13341
13342
13343
13344
13345
13347
13348
13349
13350
13351
13352
13354
13355
13356
13357
13358
13359
13360
13362
13363
13364
13365
13366
13367
13368
13370
13371
13372
13373
13374
13375
13377
13378
13379
13380
13381
13382
13383
13385
13386
13387
13388
13389
13390
13391
13393
13394
13395
13396
13397
13398
13400
13401
13402
13403
13404
13405
13406
13408
13409
13410
13411
13412
13413
13414
13416
13417
13418
13419
13420
13421
13422
13424
13425
13426
13427
13428
13429
13431
13432
13433
13434
13435
13436
13437
13439
13440
13441
13442
13443
13444
13445
13447
13448
13449
13450
13451
13452
13454
13455
13456
13457
13458
13459
13460
13462
13463
13464
13465
13466
13467
13468
13470
13471
13472
13473
13474
13475
13477
13478
13479
13480
13481
13482
13483
13485
13486
13487
13488
13489
13490
13491
13493
13494
13495
13496
13497
13498
13500
13501
13503
13505
13507
13508
13510
13512
13514
13516
13517
13519
13521
13523
13525
13526
13528
13530
13532
13533
13535
13537
13539
13541
13542
13544
13546
13548
13550
13551
13553
13555
13557
13558
13560
13562
13564
13566
13567
13569
13571
13573
13575
13576
13578
13580
13582
13583
13585
13587
13589
13591
13592
13594
13596
13598
13600
13601
13603
13605
13607
13609
13610
13612
13614
13616
13618
13620
13621
13623
13625
13627
13629
13630
13632
13634
13636
13638
13639
13641
13643
13645
13647
13649
13650
13652
13654
13656
13658
13660
13661
13663
13665
13667
13669
13670
13672
13674
13676
13678
13680
13681
13683
13685
13687
13689
13690
13692
13694
13696
13698
13700
13701
13703
13705
13707
13708
13710
13712
13714
13716
13717
13719
13721
13723
13725
13726
13728
13730
13732
13733
13735
13737
13739
13741
13742
13744
13746
13748
13750
13751
13753
13755
13757
13758
13760
13762
13764
13766
13767
13769
13771
13773
13775
13776
13778
13780
13782
13783
13785
13787
13789
13791
13792
13794
13796
13798
13800
13801
13803
13805
13807
13808
13810
13812
13814
13816
13817
13819
13821
13823
13825
13826
13828
13830
13832
13833
13835
13837
13839
13841
13842
13844
13846
13848
13850
13851
13853
13855
13857
13858
13860
13862
13864
13866
13867
13869
13871
13873
13875
13876
13878
13880
13882
13883
13885
13887
13889
13891
13892
13894
13896
13898
13900
13901
13903
13905
13907
13908
13910
13912
13914
13916
13917
13919
13921
13923
13925
13926
13928
13930
13932
13933
13935
13937
13939
13941
13942
13944
13946
13948
13950
13951
13953
13955
13957
13958
13960
13962
13964
13966
13967
13969
13971
13973
13975
13976
13978
13980
13982
13983
13985
13987
13989
13991
13992
13994
13996
13998
14000
14002
14005
14008
14011
14014
14017
14020
14022
14025
14028
14031
14034
14037
14040
14042
14045
14048
14051
14054
14057
14060
14062
14065
14068
14071
14074
14077
14080
14082
14085
14088
14091
14094
14097
14100
14102
14105
14108
14111
14114
14117
14120
14123
14126
14129
14132
14135
14138
14141
14144
14147
14149
14152
14155
14158
14161
14164
14167
14170
14173
14176
14179
14182
14185
14188
14191
14194
14197
14200
14202
14205
14208
14211
14214
14217
14219
14222
14225
14228
14231
14234
14237
14240
14242
14245
14248
14251
14254
14257
14260
14262
14265
14268
14271
14274
14277
14280
14282
14285
14288
14291
14294
14297
14300
14302
14305
14308
14311
14314
14317
14320
14322
14325
14328
14331
14334
14337
14340
14342
14345
14348
14351
14354
14357
14360
14362
14365
14368
14371
14374
14377
14380
14382
14385
14388
14391
14394
14397
14400
14402
14405
14408
14411
14414
14417
14420
14422
14425
14428
14431
14434
14437
14440
14442
14445
14448
14451
14454
14457
14460
14462
14465
14468
14471
14474
14477
14480
14482
14485
14488
14491
14494
14497
14500
14501
14503
14504
14506
14507
14509
14510
14512
14514
14515
14517
14518
14520
14521
14523
14525
14526
14528
14529
14531
14532
14534
14535
14537
14539
14540
14542
14543
14545
14546
14548
14550
14551
14553
14554
14556
14557
14559
14560
14562
14564
14565
14567
14568
14570
14571
14573
14575
14576
14578
14579
14581
14582
14584
14585
14587
14589
14590
14592
14593
14595
14596
14598
14600
14601
14603
14604
14606
14607
14609
14610
14612
14613
14615
14616
14618
14620
14621
14623
14624
14626
14627
14629
14630
14632
14633
14635
14636
14638
14639
14641
14643
14644
14646
14647
14649
14650
14652
14653
14655
14656
14658
14660
14661
14663
14664
14666
14667
14669
14670
14672
14673
14675
14676
14678
14680
14681
14683
14684
14686
14687
14689
14690
14692
14693
14695
14696
14698
14700
14701
14703
14704
14706
14707
14709
14710
14712
14714
14715
14717
14718
14720
14721
14723
14725
14726
14728
14729
14731
14732
14734
14735
14737
14739
14740
14742
14743
14745
14746
14748
14750
14751
14753
14754
14756
14757
14759
14760
14762
14764
14765
14767
14768
14770
14771
14773
14775
14776
14778
14779
14781
14782
14784
14785
14787
14789
14790
14792
14793
14795
14796
14798
14800
14801
14803
14804
14806
14807
14809
14810
14812
14814
14815
14817
14818
14820
14821
14823
14825
14826
14828
14829
14831
14832
14834
14835
14837
14839
14840
14842
14843
14845
14846
14848
14850
14851
14853
14854
14856
14857
14859
14860
14862
14864
14865
14867
14868
14870
14871
14873
14875
14876
14878
14879
14881
14882
14884
14885
14887
14889
14890
14892
14893
14895
14896
14898
14900
14901
14903
14904
14906
14907
14909
14910
14912
14914
14915
14917
14918
14920
14921
14923
14925
14926
14928
14929
14931
14932
14934
14935
14937
14939
14940
14942
14943
14945
14946
14948
14950
14951
14953
14954
14956
14957
14959
14960
14962
14964
14965
14967
14968
14970
14971
14973
14975
14976
14978
14979
14981
14982
14984
14985
14987
14989
14990
14992
14993
14995
14996
14998
15000
15002
15005
15008
15011
15014
15017
15020
15022
15025
15028
15031
15034
15037
15040
15042
15045
15048
15051
15054
15057
15060
15062
15065
15068
15071
15074
15077
15080
15082
15085
15088
15091
15094
15097
15100
15102
15105
15108
15111
15114
15117
15120
15123
15126
15129
15132
15135
15138
15141
15144
15147
15149
15152
15155
15158
15161
15164
15167
15170
15173
15176
15179
15182
15185
15188
15191
15194
15197
15200
15202
15205
15208
15211
15214
15217
15219
15222
15225
15228
15231
15234
15237
15240
15242
15245
15248
15251
15254
15257
15260
15262
15265
15268
15271
15274
15277
15280
15282
15285
15288
15291
15294
15297
15300
15302
15305
15308
15311
15314
15317
15320
15323
15326
15329
15332
15335
15338
15341
15344
15347
15350
15352
15355
15358
15361
15364
15367
15370
15373
15376
15379
15382
15385
15388
15391
15394
15397
15400
15402
15405
15408
15411
15414
15417
15420
15422
15425
15428
15431
15434
15437
15440
15442
15445
15448
15451
15454
15457
15460
15462
15465
15468
15471
15474
15477
15480
15482
15485
15488
15491
15494
15497
15500
15503
15506
15510
15513
15517
15520
15524
15527
15531
15534
15537
15541
15544
15548
15551
15555
15558
15562
15565
15568
15572
15575
15579
15582
15586
15589
15593
15596
15600
15603
15606
15610
15613
15617
15620
15624
15627
15631
15634
15637
15641
15644
15648
15651
15655
15658
15662
15665
15668
15672
15675
15679
15682
15686
15689
15693
15696
15700
15703
15706
15710
15713
15717
15720
15724
15727
15731
15734
15737
15741
15744
15748
15751
15755
15758
15762
15765
15768
15772
15775
15779
15782
15786
15789
15793
15796
15800
15803
15806
15810
15813
15817
15820
15824
15827
15831
15834
15837
15841
15844
15848
15851
15855
15858
15862
15865
15868
15872
15875
15879
15882
15886
15889
15893
15896
15900
15903
15906
15910
15913
15917
15920
15924
15927
15931
15934
15937
15941
15944
15948
15951
15955
15958
15962
15965
15968
15972
15975
15979
15982
15986
15989
15993
15996
16000
16002
16004
16007
16010
16012
16015
16017
16020
16022
16024
16027
16030
16032
16035
16037
16040
16042
16045
16047
16050
16052
16055
16057
16060
16062
16065
16067
16070
16072
16075
16077
16080
16082
16085
16087
16090
16092
16095
16097
16100
16102
16104
16107
16109
16112
16114
16117
16119
16121
16124
16126
16129
16131
16134
16136
16139
16141
16143
16146
16148
16151
16153
16156
16158
16160
16163
16165
16168
16170
16173
16175
16178
16180
16182
16185
16187
16190
16192
16195
16197
16200
16202
16204
16207
16210
16212
16215
16217
16219
16222
16225
16227
16230
16232
16235
16237
16239
16242
16245
16247
16250
16252
16254
16257
16260
16262
16265
16267
16270
16272
16274
16277
16280
16282
16285
16287
16290
16292
16295
16297
16300
16302
16304
16307
16309
16312
16314
16317
16319
16321
16324
16326
16329
16331
16334
16336
16339
16341
16343
16346
16348
16351
16353
16356
16358
16360
16363
16365
16368
16370
16373
16375
16378
16380
16382
16385
16387
16390
16392
16395
16397
16400
16402
16404
16407
16410
16412
16415
16417
16419
16422
16424
16427
16430
16432
16435
16437
16439
16442
16445
16447
16450
16452
16455
16457
16460
16462
16465
16467
16470
16472
16475
16477
16480
16482
16485
16487
16490
16492
16495
16497
16500
16503
16506
16509
16512
16515
16518
16521
16524
16527
16530
16533
16536
16539
16542
16545
16548
16551
16554
16557
16560
16563
16566
16569
16572
16575
16578
16581
16584
16587
16590
16593
16596
16600
16603
16606
16609
16612
16615
16618
16621
16624
16627
16630
16633
16636
16639
16642
16645
16648
16651
16654
16657
16660
16663
16666
16669
16672
16675
16678
16681
16684
16687
16690
16693
16696
16700
16702
16705
16708
16711
16714
16717
16720
16723
16726
16729
16732
16735
16738
16741
16744
16747
16750
16752
16755
16758
16761
16764
16767
16770
16773
16776
16779
16782
16785
16788
16791
16794
16797
16800
16803
16806
16809
16812
16815
16818
16821
16824
16827
16830
16833
16836
16839
16842
16845
16848
16851
16854
16857
16860
16863
16866
16869
16872
16875
16878
16881
16884
16887
16890
16893
16896
16900
16903
16906
16909
16912
16915
16918
16921
16924
16927
16930
16933
16936
16939
16942
16945
16948
16951
16954
16957
16960
16963
16966
16969
16972
16975
16978
16981
16984
16987
16990
16993
16996
17000
17007
17014
17021
17028
17035
17042
17050
17057
17064
17071
17078
17085
17092
17100
17106
17113
17120
17126
17133
17140
17146
17153
17160
17166
17173
17180
17186
17193
17200
17207
17214
17221
17228
17235
17242
17250
17257
17264
17271
17278
17285
17292
17300
17307
17314
17321
17328
17335
17342
17350
17357
17364
17371
17378
17385
17392
17400
17406
17413
17419
17426
17433
17439
17446
17453
17460
17466
17473
17480
17486
17493
17500
17502
17505
17508
17511
17514
17517
17520
17523
17526
17529
17532
17535
17538
17541
17544
17547
17550
17552
17555
17558
17561
17564
17567
17570
17573
17576
17579
17582
17585
17588
17591
17594
17597
17600
17603
17606
17609
17612
17615
17618
17621
17624
17627
17630
17633
17636
17639
17642
17645
17648
17651
17654
17657
17660
17663
17666
17669
17672
17675
17678
17681
17684
17687
17690
17693
17696
17700
17702
17705
17708
17711
17714
17717
17720
17723
17726
17729
17732
17735
17738
17741
17744
17747
17750
17752
17755
17758
17761
17764
17767
17770
17773
17776
17779
17782
17785
17788
17791
17794
17797
17800
17802
17805
17808
17811
17814
17817
17820
17823
17826
17829
17832
17835
17838
17841
17844
17847
17850
17852
17855
17858
17861
17864
17867
17870
17873
17876
17879
17882
17885
17888
17891
17894
17897
17900
17902
17905
17908
17911
17914
17917
17920
17923
17926
17929
17932
17935
17938
17941
17944
17947
17950
17952
17955
17958
17961
17964
17967
17970
17973
17976
17979
17982
17985
17988
17991
17994
17997
18000
18002
18004
18007
18009
18011
18014
18016
18019
18021
18023
18026
18028
18030
18033
18035
18038
18040
18042
18045
18047
18050
18052
18054
18057
18059
18061
18064
18066
18069
18071
18073
18076
18078
18080
18083
18085
18088
18090
18092
18095
18097
18100
18102
18104
18107
18109
18111
18114
18116
18119
18121
18123
18126
18128
18130
18133
18135
18138
18140
18142
18145
18147
18150
18152
18154
18157
18159
18161
18164
18166
18169
18171
18173
18176
18178
18180
18183
18185
18188
18190
18192
18195
18197
18200
18202
18204
18207
18209
18211
18214
18216
18219
18221
18223
18226
18228
18230
18233
18235
18238
18240
18242
18245
18247
18250
18252
18254
18257
18259
18261
18264
18266
18269
18271
18273
18276
18278
18280
18283
18285
18288
18290
18292
18295
18297
18300
18302
18304
18307
18309
18311
18314
18316
18319
18321
18323
18326
18328
18330
18333
18335
18338
18340
18342
18345
18347
18349
18352
18354
18357
18359
18361
18364
18366
18369
18371
18373
18376
18378
18380
18383
18385
18388
18390
18392
18395
18397
18400
18402
18404
18407
18409
18411
18414
18416
18419
18421
18423
18426
18428
18430
18433
18435
18438
18440
18442
18445
18447
18450
18452
18454
18457
18459
18461
18464
18466
18469
18471
18473
18476
18478
18480
18483
18485
18488
18490
18492
18495
18497
18500
18502
18504
18506
18508
18510
18512
18514
18516
18518
18520
18522
18524
18526
18528
18530
18532
18534
18536
18538
18540
18542
18544
18546
18548
18550
18552
18554
18556
18558
18560
18562
18564
18566
18568
18570
18572
18574
18576
18578
18580
18582
18584
18586
18588
18590
18592
18594
18596
18598
18600
18601
18603
18605
18607
18609
18611
18613
18615
18617
18619
18621
18623
18625
18627
18629
18631
18633
18635
18637
18639
18641
18643
18645
18647
18649
18650
18652
18654
18656
18658
18660
18662
18664
18666
18668
18670
18672
18674
18676
18678
18680
18682
18684
18686
18688
18690
18692
18694
18696
18698
18700
18702
18704
18706
18708
18710
18712
18714
18716
18718
18720
18722
18724
18726
18727
18730
18732
18734
18736
18738
18740
18742
18744
18746
18748
18750
18752
18754
18756
18758
18760
18762
18764
18766
18768
18770
18772
18774
18776
18778
18780
18782
18784
18786
18788
18790
18792
18794
18796
18798
18800
18802
18804
18806
18808
18810
18812
18814
18816
18818
18820
18822
18824
18826
18828
18830
18832
18834
18836
18838
18840
18842
18844
18846
18848
18850
18852
18854
18855
18858
18860
18862
18864
18866
18868
18869
18872
18874
18875
18878
18880
18881
18884
18886
18887
18890
18892
18894
18895
18898
18900
18901
18903
18905
18907
18909
18911
18913
18915
18917
18919
18921
18923
18925
18927
18929
18931
18933
18935
18937
18939
18941
18943
18945
18947
18949
18950
18952
18954
18956
18958
18960
18962
18964
18966
18968
18970
18972
18974
18976
18978
18980
18982
18984
18986
18988
18990
18992
18994
18996
18998
19000
19001
19003
19005
19006
19008
19010
19012
19013
19015
19017
19018
19020
19022
19024
19025
19027
19029
19031
19032
19034
19036
19037
19039
19041
19043
19044
19046
19048
19050
19051
19053
19055
19056
19058
19060
19062
19063
19065
19067
19068
19070
19072
19074
19075
19077
19079
19081
19082
19084
19086
19087
19089
19091
19093
19094
19096
19098
19100
19101
19103
19105
19106
19108
19110
19112
19113
19115
19117
19118
19120
19122
19124
19125
19127
19129
19131
19132
19134
19136
19137
19139
19141
19143
19144
19146
19148
19150
19151
19153
19155
19156
19158
19160
19162
19163
19165
19167
19168
19170
19172
19174
19175
19177
19179
19181
19182
19184
19186
19187
19189
19191
19193
19194
19196
19198
19200
19201
19203
19205
19206
19208
19210
19211
19213
19215
19216
19218
19220
19222
19223
19225
19227
19228
19230
19232
19233
19235
19237
19238
19240
19242
19244
19245
19247
19249
19250
19252
19254
19255
19257
19259
19261
19262
19264
19266
19267
19269
19271
19272
19274
19276
19277
19279
19281
19283
19284
19286
19288
19289
19291
19293
19294
19296
19298
19300
19301
19303
19305
19306
19308
19310
19312
19313
19315
19317
19318
19320
19322
19324
19325
19327
19329
19331
19332
19334
19336
19337
19339
19341
19343
19344
19346
19348
19350
19351
19353
19355
19356
19358
19360
19362
19363
19365
19367
19368
19370
19372
19374
19375
19377
19379
19381
19382
19384
19386
19387
19389
19391
19393
19394
19396
19398
19400
19401
19403
19405
19406
19408
19410
19412
19413
19415
19417
19418
19420
19422
19424
19425
19427
19429
19431
19432
19434
19436
19437
19439
19441
19443
19444
19446
19448
19450
19451
19453
19455
19456
19458
19460
19462
19463
19465
19467
19468
19470
19472
19474
19475
19477
19479
19481
19482
19484
19486
19487
19489
19491
19493
19494
19496
19498
19500
19501
19503
19505
19507
19509
19511
19513
19515
19516
19518
19520
19522
19524
19526
19528
19530
19532
19533
19535
19537
19539
19541
19543
19545
19547
19549
19550
19552
19554
19556
19558
19560
19562
19564
19566
19567
19569
19571
19573
19575
19577
19579
19581
19583
19584
19586
19588
19590
19592
19594
19596
19598
19600
19601
19603
19605
19607
19609
19611
19613
19615
19617
19619
19621
19623
19625
19626
19628
19630
19632
19634
19636
19638
19640
19642
19644
19646
19648
19650
19651
19653
19655
19657
19659
19661
19663
19665
19667
19669
19671
19673
19675
19676
19678
19680
19682
19684
19686
19688
19690
19692
19694
19696
19698
19700
19701
19703
19705
19707
19709
19711
19713
19715
19717
19719
19721
19723
19725
19726
19728
19730
19732
19734
19736
19738
19740
19742
19744
19746
19748
19750
19751
19753
19755
19757
19759
19761
19763
19765
19767
19769
19771
19773
19775
19776
19778
19780
19782
19784
19786
19788
19790
19792
19794
19796
19798
19800
19801
19803
19805
19807
19809
19811
19813
19815
19817
19819
19821
19823
19825
19826
19828
19830
19832
19834
19836
19838
19840
19842
19844
19846
19848
19850
19851
19853
19855
19857
19859
19861
19863
19865
19867
19869
19871
19873
19875
19876
19878
19880
19882
19884
19886
19888
19890
19892
19894
19896
19898
19900
19901
19903
19905
19907
19909
19911
19913
19915
19916
19918
19920
19922
19924
19926
19928
19930
19932
19933
19935
19937
19939
19941
19943
19945
19947
19949
19950
19952
19954
19956
19958
19960
19962
19964
19966
19967
19969
19971
19973
19975
19977
19979
19981
19983
19984
19986
19988
19990
19992
19994
19996
19998
20000
20002
20005
20007
20010
20012
20015
20017
20020
20022
20025
20027
20030
20032
20035
20037
20040
20042
20045
20047
20050
20052
20055
20057
20060
20062
20065
20067
20070
20072
20075
20077
20080
20082
20085
20087
20090
20092
20095
20097
20100
20102
20105
20107
20110
20112
20115
20117
20120
20122
20125
20127
20130
20132
20135
20137
20140
20142
20145
20147
20150
20152
20155
20157
20160
20162
20165
20167
20170
20172
20175
20177
20180
20182
20185
20187
20189
20192
20195
20197
20200
20202
20205
20207
20210
20212
20215
20217
20220
20222
20225
20227
20230
20232
20235
20237
20240
20242
20245
20247
20250
20252
20255
20257
20260
20262
20265
20267
20270
20272
20275
20277
20280
20282
20285
20287
20290
20292
20295
20297
20300
20302
20305
20307
20310
20312
20315
20317
20320
20322
20325
20327
20330
20332
20335
20337
20340
20342
20345
20347
20350
20352
20355
20357
20360
20362
20365
20367
20369
20372
20375
20377
20380
20382
20384
20387
20390
20392
20395
20397
20400
20402
20404
20407
20409
20412
20414
20417
20419
20421
20424
20426
20429
20431
20434
20436
20439
20441
20443
20446
20448
20451
20453
20456
20458
20460
20463
20465
20468
20470
20473
20475
20478
20480
20482
20485
20487
20490
20492
20495
20497
20500
20501
20502
20504
20505
20507
20508
20510
20511
20512
20514
20515
20517
20518
20520
20521
20522
20524
20525
20527
20528
20530
20531
20532
20534
20535
20537
20538
20540
20541
20542
20544
20545
20547
20548
20550
20551
20552
20554
20555
20557
20558
20560
20561
20562
20564
20565
20567
20568
20570
20571
20572
20574
20575
20577
20578
20580
20581
20582
20584
20585
20587
20588
20590
20591
20592
20594
20595
20597
20598
20600
20601
20602
20604
20605
20607
20608
20610
20611
20612
20614
20615
20617
20618
20620
20621
20622
20624
20625
20627
20628
20630
20631
20632
20634
20635
20637
20638
20640
20641
20642
20644
20645
20647
20648
20650
20651
20652
20654
20655
20657
20658
20660
20661
20662
20664
20665
20667
20668
20670
20671
20672
20674
20675
20677
20678
20680
20681
20682
20684
20685
20687
20688
20689
20691
20692
20694
20695
20697
20698
20700
20701
20702
20704
20705
20707
20708
20709
20711
20712
20714
20715
20716
20718
20719
20721
20722
20723
20725
20726
20728
20729
20730
20732
20733
20735
20736
20738
20739
20740
20742
20743
20745
20746
20747
20749
20750
20752
20753
20754
20756
20757
20759
20760
20761
20763
20764
20766
20767
20769
20770
20771
20773
20774
20776
20777
20778
20780
20781
20783
20784
20785
20787
20788
20790
20791
20792
20794
20795
20797
20798
20800
20801
20802
20804
20805
20807
20808
20810
20811
20812
20814
20815
20817
20818
20820
20821
20822
20824
20825
20827
20828
20830
20831
20832
20834
20835
20837
20838
20840
20841
20842
20844
20845
20847
20848
20850
20851
20852
20854
20855
20857
20858
20860
20861
20862
20864
20865
20867
20868
20869
20871
20872
20874
20875
20877
20878
20880
20881
20882
20884
20885
20887
20888
20890
20891
20892
20894
20895
20897
20898
20900
20901
20902
20904
20905
20907
20908
20909
20911
20912
20914
20915
20916
20918
20919
20921
20922
20923
20925
20926
20928
20929
20930
20932
20933
20935
20936
20938
20939
20940
20942
20943
20945
20946
20947
20949
20950
20952
20953
20954
20956
20957
20959
20960
20961
20963
20964
20966
20967
20969
20970
20971
20973
20974
20976
20977
20978
20980
20981
20983
20984
20985
20987
20988
20990
20991
20992
20994
20995
20997
20998
21000
21004
21009
21014
21019
21023
21028
21033
21038
21042
21047
21052
21057
21061
21066
21071
21076
21080
21085
21090
21095
21100
21104
21109
21113
21118
21122
21127
21131
21136
21140
21145
21150
21154
21159
21163
21168
21172
21177
21181
21186
21190
21195
21200
21204
21209
21214
21219
21223
21228
21233
21238
21242
21247
21252
21257
21261
21266
21271
21276
21280
21285
21290
21295
21300
21304
21309
21313
21318
21322
21327
21331
21336
21340
21345
21350
21354
21359
21363
21368
21372
21377
21381
21386
21390
21395
21400
21404
21409
21414
21419
21423
21428
21433
21438
21442
21447
21452
21457
21461
21466
21471
21476
21480
21485
21490
21495
21500
21516
21533
21550
21566
21583
21600
21616
21633
21650
21666
21683
21700
21716
21733
21750
21766
21783
21800
21816
21833
21850
21866
21883
21900
21916
21933
21950
21966
21983
22000
22005
22010
22015
22021
22026
22031
22036
22042
22047
22052
22057
22063
22068
22073
22078
22084
22089
22094
22100
22105
22110
22115
22120
22125
22130
22135
22140
22145
22150
22155
22160
22165
22170
22175
22180
22185
22189
22195
22200
22205
22210
22215
22221
22226
22231
22236
22242
22247
22252
22257
22263
22268
22273
22278
22284
22289
22294
22300
22305
22310
22315
22320
22325
22330
22335
22340
22345
22350
22355
22360
22365
22369
22375
22380
22384
22390
22395
22400
22405
22410
22415
22421
22426
22431
22436
22442
22447
22452
22457
22463
22468
22473
22478
22484
22489
22494
22500
22501
22502
22503
22504
22506
22507
22508
22509
22510
22512
22513
22514
22515
22516
22518
22519
22520
22521
22522
22524
22525
22526
22527
22528
22530
22531
22532
22533
22534
22536
22537
22538
22539
22540
22542
22543
22544
22545
22546
22548
22549
22550
22551
22553
22554
22555
22556
22557
22559
22560
22561
22562
22563
22565
22566
22567
22568
22569
22571
22572
22573
22574
22575
22577
22578
22579
22580
22581
22583
22584
22585
22586
22587
22589
22590
22591
22592
22593
22595
22596
22597
22598
22600
22601
22602
22603
22604
22606
22607
22608
22609
22610
22612
22613
22614
22615
22616
22618
22619
22620
22621
22622
22624
22625
22626
22627
22628
22630
22631
22632
22633
22634
22636
22637
22638
22639
22640
22642
22643
22644
22645
22646
22648
22649
22650
22651
22653
22654
22655
22656
22657
22659
22660
22661
22662
22663
22665
22666
22667
22668
22669
22671
22672
22673
22674
22675
22677
22678
22679
22680
22681
22683
22684
22685
22686
22687
22689
22690
22691
22692
22693
22695
22696
22697
22698
22700
22701
22702
22703
22704
22706
22707
22708
22709
22710
22712
22713
22714
22715
22716
22718
22719
22720
22721
22722
22724
22725
22726
22727
22728
22730
22731
22732
22733
22734
22736
22737
22738
22739
22740
22742
22743
22744
22745
22746
22748
22749
22750
22751
22753
22754
22755
22756
22757
22759
22760
22761
22762
22763
22765
22766
22767
22768
22769
22771
22772
22773
22774
22775
22777
22778
22779
22780
22781
22783
22784
22785
22786
22787
22789
22790
22791
22792
22793
22795
22796
22797
22798
22800
22801
22802
22803
22804
22805
22807
22808
22809
22810
22811
22813
22814
22815
22816
22817
22819
22820
22821
22822
22823
22825
22826
22827
22828
22829
22830
22832
22833
22834
22835
22836
22838
22839
22840
22841
22842
22844
22845
22846
22847
22848
22849
22851
22852
22853
22854
22855
22857
22858
22859
22860
22861
22863
22864
22865
22866
22867
22869
22870
22871
22872
22873
22875
22876
22877
22878
22879
22880
22882
22883
22884
22885
22886
22888
22889
22890
22891
22892
22894
22895
22896
22897
22898
22900
22901
22902
22903
22904
22906
22907
22908
22909
22910
22912
22913
22914
22915
22916
22918
22919
22920
22921
22922
22924
22925
22926
22927
22928
22930
22931
22932
22933
22934
22936
22937
22938
22939
22940
22942
22943
22944
22945
22946
22948
22949
22950
22951
22953
22954
22955
22956
22957
22959
22960
22961
22962
22963
22965
22966
22967
22968
22969
22971
22972
22973
22974
22975
22977
22978
22979
22980
22981
22983
22984
22985
22986
22987
22989
22990
22991
22992
22993
22995
22996
22997
22998
23000
23002
23004
23007
23009
23011
23014
23016
23019
23021
23023
23026
23028
23030
23033
23035
23038
23040
23042
23045
23047
23050
23052
23054
23057
23059
23061
23064
23066
23069
23071
23073
23076
23078
23080
23083
23085
23088
23090
23092
23095
23097
23100
23102
23104
23107
23109
23112
23114
23117
23119
23121
23124
23126
23129
23131
23134
23136
23139
23141
23143
23146
23148
23151
23153
23156
23158
23160
23163
23165
23168
23170
23173
23175
23178
23180
23182
23185
23187
23190
23192
23195
23197
23200
23202
23204
23207
23209
23211
23214
23216
23219
23221
23223
23226
23228
23230
23233
23235
23238
23240
23242
23245
23247
23250
23252
23254
23257
23259
23261
23264
23266
23269
23271
23273
23276
23278
23280
23283
23285
23288
23290
23292
23295
23297
23300
23302
23304
23307
23309
23311
23314
23316
23319
23321
23323
23326
23328
23330
23333
23335
23338
23340
23342
23345
23347
23349
23352
23354
23357
23359
23361
23364
23366
23369
23371
23373
23376
23378
23380
23383
23385
23388
23390
23392
23395
23397
23400
23402
23404
23407
23409
23411
23414
23416
23419
23421
23423
23426
23428
23430
23433
23435
23438
23440
23442
23445
23447
23450
23452
23454
23457
23459
23461
23464
23466
23469
23471
23473
23476
23478
23480
23483
23485
23488
23490
23492
23495
23497
23500
23502
23505
23508
23510
23513
23516
23518
23521
23524
23527
23529
23532
23535
23537
23540
23543
23545
23548
23551
23554
23556
23559
23562
23564
23567
23570
23572
23575
23578
23581
23583
23586
23589
23591
23594
23597
23600
23602
23605
23607
23610
23613
23615
23618
23621
23623
23626
23628
23631
23634
23636
23639
23642
23644
23647
23650
23652
23655
23657
23660
23663
23665
23668
23671
23673
23676
23678
23681
23684
23686
23689
23692
23694
23697
23700
23702
23705
23707
23710
23713
23715
23718
23721
23723
23726
23728
23731
23734
23736
23739
23742
23744
23747
23750
23752
23755
23757
23760
23763
23765
23768
23771
23773
23776
23778
23781
23784
23786
23789
23792
23794
23797
23800
23802
23805
23807
23810
23813
23815
23818
23821
23823
23826
23828
23831
23834
23836
23839
23842
23844
23847
23850
23852
23855
23857
23860
23863
23865
23868
23871
23873
23876
23878
23881
23884
23886
23889
23892
23894
23897
23900
23902
23905
23908
23910
23913
23916
23918
23921
23924
23927
23929
23932
23935
23937
23940
23943
23945
23948
23951
23954
23956
23959
23962
23964
23967
23970
23972
23975
23978
23981
23983
23986
23989
23991
23994
23997
24000
24004
24008
24013
24017
24021
24026
24030
24034
24039
24043
24047
24052
24056
24060
24065
24069
24073
24078
24082
24086
24091
24095
24100
24104
24109
24113
24118
24122
24127
24131
24136
24140
24145
24150
24154
24159
24163
24168
24172
24177
24181
24186
24190
24195
24200
24204
24209
24213
24218
24222
24227
24231
24236
24240
24245
24250
24254
24259
24263
24268
24272
24277
24281
24286
24290
24295
24300
24304
24309
24313
24318
24322
24327
24331
24336
24340
24345
24350
24354
24359
24363
24368
24372
24377
24381
24386
24390
24395
24400
24404
24409
24413
24418
24422
24427
24431
24436
24440
24445
24450
24454
24459
24463
24468
24472
24477
24481
24486
24490
24495
24500
24503
24506
24509
24512
24515
24518
24521
24525
24528
24531
24534
24537
24540
24543
24546
24550
24553
24556
24559
24562
24565
24568
24571
24575
24578
24581
24584
24587
24590
24593
24596
24600
24603
24606
24609
24612
24615
24618
24621
24625
24628
24631
24634
24637
24640
24643
24646
24650
24653
24656
24659
24662
24665
24668
24671
24675
24678
24681
24684
24687
24690
24693
24696
24700
24703
24706
24709
24712
24715
24718
24721
24725
24728
24731
24734
24737
24740
24743
24746
24750
24753
24756
24759
24762
24765
24768
24771
24775
24778
24781
24784
24787
24790
24793
24796
24800
24803
24806
24809
24812
24815
24818
24821
24825
24828
24831
24834
24837
24840
24843
24846
24850
24853
24856
24859
24862
24865
24868
24871
24875
24878
24881
24884
24887
24890
24893
24896
24900
24903
24906
24909
24912
24915
24918
24921
24924
24928
24931
24934
24937
24940
24943
24946
24950
24953
24956
24959
24962
24965
24968
24971
24975
24978
24981
24984
24987
24990
24993
24996
25000
25002
25005
25007
25010
25012
25015
25017
25020
25022
25025
25027
25030
25032
25035
25037
25040
25042
25045
25047
25050
25052
25055
25057
25060
25062
25065
25067
25070
25072
25075
25077
25080
25082
25085
25087
25090
25092
25095
25097
25100
25102
25105
25107
25110
25112
25115
25117
25120
25122
25125
25127
25130
25132
25135
25137
25140
25142
25145
25147
25150
25152
25155
25157
25160
25162
25165
25167
25170
25172
25175
25177
25180
25182
25185
25187
25189
25192
25195
25197
25200
25202
25205
25207
25210
25212
25215
25217
25220
25223
25225
25228
25230
25233
25235
25238
25241
25243
25246
25248
25251
25253
25256
25258
25261
25264
25266
25269
25271
25274
25276
25279
25282
25284
25287
25289
25292
25294
25297
25300
25302
25305
25307
25310
25312
25315
25317
25320
25322
25325
25327
25330
25332
25335
25337
25340
25342
25345
25347
25350
25352
25355
25357
25360
25362
25365
25367
25369
25372
25375
25377
25380
25382
25384
25387
25390
25392
25395
25397
25400
25402
25404
25407
25410
25412
25415
25417
25419
25422
25424
25427
25430
25432
25435
25437
25439
25442
25445
25447
25450
25452
25455
25457
25460
25462
25465
25467
25470
25472
25475
25477
25480
25482
25485
25487
25490
25492
25495
25497
25500
25501
25503
25505
25506
25508
25510
25512
25513
25515
25517
25518
25520
25522
25524
25525
25527
25529
25531
25532
25534
25536
25537
25539
25541
25543
25544
25546
25548
25550
25551
25553
25555
25556
25558
25560
25562
25563
25565
25567
25568
25570
25572
25574
25575
25577
25579
25581
25582
25584
25586
25587
25589
25591
25593
25594
25596
25598
25600
25601
25603
25605
25607
25608
25610
25612
25614
25615
25617
25619
25621
25622
25624
25626
25628
25629
25631
25633
25635
25636
25638
25640
25642
25643
25645
25647
25649
25650
25652
25654
25656
25657
25659
25661
25663
25664
25666
25668
25670
25671
25673
25675
25677
25678
25680
25682
25684
25685
25687
25689
25691
25692
25694
25696
25698
25700
25701
25703
25705
25706
25708
25710
25712
25713
25715
25717
25718
25720
25722
25724
25725
25727
25729
25731
25732
25734
25736
25737
25739
25741
25743
25744
25746
25748
25750
25751
25753
25755
25756
25758
25760
25762
25763
25765
25767
25768
25770
25772
25774
25775
25777
25779
25781
25782
25784
25786
25787
25789
25791
25793
25794
25796
25798
25800
25801
25803
25805
25806
25808
25810
25812
25813
25815
25817
25818
25820
25822
25824
25825
25827
25829
25831
25832
25834
25836
25837
25839
25841
25843
25844
25846
25848
25850
25851
25853
25855
25856
25858
25860
25862
25863
25865
25867
25868
25870
25872
25874
25875
25877
25879
25881
25882
25884
25886
25887
25889
25891
25893
25894
25896
25898
25900
25901
25903
25905
25906
25908
25910
25912
25913
25915
25917
25918
25920
25922
25924
25925
25927
25929
25931
25932
25934
25936
25937
25939
25941
25943
25944
25946
25948
25950
25951
25953
25955
25956
25958
25960
25962
25963
25965
25967
25968
25970
25972
25974
25975
25977
25979
25981
25982
25984
25986
25987
25989
25991
25993
25994
25996
25998
26000
26002
26004
26006
26008
26010
26012
26014
26016
26018
26020
26022
26025
26027
26029
26031
26033
26035
26037
26039
26041
26043
26045
26047
26050
26052
26054
26056
26058
26060
26062
26064
26066
26068
26070
26072
26075
26077
26079
26081
26083
26085
26087
26089
26091
26093
26095
26097
26100
26102
26104
26106
26108
26110
26112
26114
26116
26118
26120
26122
26125
26127
26129
26131
26133
26135
26137
26139
26141
26143
26145
26147
26150
26152
26154
26156
26158
26160
26162
26164
26166
26168
26170
26172
26175
26177
26179
26181
26183
26185
26187
26189
26191
26193
26195
26197
26200
26202
26204
26206
26208
26210
26212
26214
26216
26218
26220
26222
26225
26227
26229
26231
26233
26235
26237
26239
26241
26243
26245
26247
26250
26252
26254
26256
26258
26260
26262
26264
26266
26268
26270
26272
26275
26277
26279
26281
26283
26285
26287
26289
26291
26293
26295
26297
26300
26302
26304
26306
26308
26310
26312
26314
26317
26319
26321
26323
26325
26327
26329
26331
26334
26336
26338
26340
26342
26344
26346
26348
26351
26353
26355
26357
26359
26361
26363
26365
26368
26370
26372
26374
26376
26378
26380
26382
26385
26387
26389
26391
26393
26395
26397
26400
26402
26404
26406
26408
26410
26412
26414
26416
26418
26420
26422
26424
26427
26429
26431
26433
26435
26437
26439
26441
26443
26445
26447
26450
26452
26454
26456
26458
26460
26462
26464
26466
26468
26470
26472
26475
26477
26479
26481
26483
26485
26487
26489
26491
26493
26495
26497
26500
26525
26550
26575
26600
26633
26666
26700
26725
26750
26775
26800
26833
26866
26900
26924
26950
26975
27000
27008
27016
27025
27033
27041
27050
27058
27066
27075
27083
27091
27100
27108
27116
27125
27133
27141
27150
27158
27166
27175
27183
27191
27200
27207
27215
27223
27230
27238
27246
27253
27261
27269
27276
27284
27292
27300
27308
27316
27325
27333
27341
27350
27358
27366
27375
27383
27391
27400
27408
27416
27424
27433
27441
27450
27458
27466
27475
27483
27491
27500
27501
27502
27504
27505
27507
27508
27509
27511
27512
27514
27515
27516
27518
27519
27521
27522
27523
27525
27526
27528
27529
27530
27532
27533
27535
27536
27538
27539
27540
27542
27543
27545
27546
27547
27549
27550
27552
27553
27554
27556
27557
27559
27560
27561
27563
27564
27566
27567
27569
27570
27571
27573
27574
27576
27577
27578
27580
27581
27583
27584
27585
27587
27588
27590
27591
27592
27594
27595
27597
27598
27600
27601
27602
27604
27605
27607
27608
27609
27611
27612
27614
27615
27616
27618
27619
27621
27622
27623
27625
27626
27628
27629
27630
27632
27633
27635
27636
27638
27639
27640
27642
27643
27645
27646
27647
27649
27650
27652
27653
27654
27656
27657
27659
27660
27661
27663
27664
27666
27667
27669
27670
27671
27673
27674
27676
27677
27678
27680
27681
27683
27684
27685
27687
27688
27690
27691
27692
27694
27695
27697
27698
27700
27701
27702
27704
27705
27707
27708
27709
27711
27712
27714
27715
27716
27718
27719
27721
27722
27723
27725
27726
27728
27729
27730
27732
27733
27735
27736
27738
27739
27740
27742
27743
27745
27746
27747
27749
27750
27752
27753
27754
27756
27757
27759
27760
27761
27763
27764
27766
27767
27769
27770
27771
27773
27774
27776
27777
27778
27780
27781
27783
27784
27785
27787
27788
27790
27791
27792
27794
27795
27797
27798
27800
27801
27802
27804
27805
27807
27808
27809
27811
27812
27814
27815
27816
27818
27819
27821
27822
27823
27825
27826
27828
27829
27830
27832
27833
27835
27836
27838
27839
27840
27842
27843
27845
27846
27847
27849
27850
27852
27853
27854
27856
27857
27859
27860
27861
27863
27864
27866
27867
27869
27870
27871
27873
27874
27876
27877
27878
27880
27881
27883
27884
27885
27887
27888
27890
27891
27892
27894
27895
27897
27898
27900
27901
27902
27904
27905
27907
27908
27909
27911
27912
27914
27915
27916
27918
27919
27921
27922
27923
27925
27926
27928
27929
27930
27932
27933
27935
27936
27938
27939
27940
27942
27943
27945
27946
27947
27949
27950
27952
27953
27954
27956
27957
27959
27960
27961
27963
27964
27966
27967
27969
27970
27971
27973
27974
27976
27977
27978
27980
27981
27983
27984
27985
27987
27988
27990
27991
27992
27994
27995
27997
27998
28000
28002
28005
28007
28010
28012
28015
28017
28020
28023
28025
28028
28030
28033
28035
28038
28041
28043
28046
28048
28051
28053
28056
28058
28061
28064
28066
28069
28071
28074
28076
28079
28082
28084
28087
28089
28092
28094
28097
28100
28102
28105
28107
28110
28112
28115
28117
28120
28122
28125
28127
28130
28132
28135
28137
28140
28142
28145
28147
28150
28152
28155
28157
28160
28162
28165
28167
28170
28172
28175
28177
28180
28182
28185
28187
28189
28192
28195
28197
28200
28202
28205
28207
28210
28212
28215
28217
28220
28223
28225
28228
28230
28233
28235
28238
28241
28243
28246
28248
28251
28253
28256
28258
28261
28264
28266
28269
28271
28274
28276
28279
28282
28284
28287
28289
28292
28294
28297
28300
28302
28305
28307
28310
28312
28315
28317
28320
28322
28325
28327
28330
28332
28335
28337
28340
28342
28345
28347
28350
28352
28355
28357
28360
28362
28365
28367
28369
28372
28375
28377
28380
28382
28384
28387
28390
28392
28395
28397
28400
28402
28405
28407
28410
28412
28415
28417
28420
28423
28425
28428
28430
28433
28435
28438
28441
28443
28446
28448
28451
28453
28456
28458
28461
28464
28466
28469
28471
28474
28476
28479
28482
28484
28487
28489
28492
28494
28497
28500
28503
28507
28510
28514
28517
28521
28525
28528
28532
28535
28539
28542
28546
28550
28553
28557
28560
28564
28567
28571
28575
28578
28582
28585
28589
28592
28596
28600
28603
28607
28611
28614
28618
28622
28625
28629
28633
28637
28640
28644
28648
28651
28655
28659
28662
28666
28670
28674
28677
28681
28685
28688
28692
28696
28700
28703
28707
28710
28714
28717
28721
28725
28728
28732
28735
28739
28742
28746
28750
28753
28757
28760
28764
28767
28771
28775
28778
28782
28785
28789
28792
28796
28800
28803
28807
28811
28814
28818
28822
28825
28829
28833
28837
28840
28844
28848
28851
28855
28859
28862
28866
28870
28874
28877
28881
28885
28888
28892
28896
28900
28903
28907
28911
28914
28918
28922
28925
28929
28933
28937
28940
28944
28948
28951
28955
28959
28962
28966
28970
28974
28977
28981
28985
28988
28992
28996
29000
29001
29003
29005
29007
29008
29010
29012
29014
29015
29017
29019
29021
29022
29024
29026
29028
29029
29031
29033
29035
29036
29038
29040
29042
29043
29045
29047
29049
29050
29052
29054
29056
29057
29059
29061
29063
29064
29066
29068
29070
29071
29073
29075
29077
29078
29080
29082
29084
29085
29087
29089
29091
29092
29094
29096
29098
29100
29101
29103
29105
29107
29108
29110
29112
29114
29115
29117
29119
29121
29122
29124
29126
29128
29129
29131
29133
29135
29136
29138
29140
29142
29143
29145
29147
29149
29150
29152
29154
29156
29157
29159
29161
29163
29164
29166
29168
29170
29171
29173
29175
29177
29178
29180
29182
29184
29185
29187
29189
29191
29192
29194
29196
29198
29200
29201
29203
29205
29207
29208
29210
29212
29214
29215
29217
29219
29221
29222
29224
29226
29228
29229
29231
29233
29235
29236
29238
29240
29242
29243
29245
29247
29249
29250
29252
29254
29256
29257
29259
29261
29263
29264
29266
29268
29270
29271
29273
29275
29277
29278
29280
29282
29284
29285
29287
29289
29291
29292
29294
29296
29298
29300
29301
29303
29305
29307
29308
29310
29312
29314
29315
29317
29319
29321
29322
29324
29326
29328
29329
29331
29333
29335
29336
29338
29340
29342
29343
29345
29347
29349
29350
29352
29354
29356
29357
29359
29361
29363
29364
29366
29368
29370
29371
29373
29375
29377
29378
29380
29382
29384
29385
29387
29389
29391
29392
29394
29396
29398
29400
29401
29403
29405
29407
29408
29410
29412
29414
29416
29417
29419
29421
29423
29424
29426
29428
29430
29432
29433
29435
29437
29439
29441
29442
29444
29446
29448
29450
29451
29453
29455
29457
29458
29460
29462
29464
29466
29467
29469
29471
29473
29475
29476
29478
29480
29482
29483
29485
29487
29489
29491
29492
29494
29496
29498
29500
29502
29504
29506
29508
29510
29512
29514
29516
29518
29520
29522
29524
29526
29528
29530
29532
29534
29536
29538
29540
29542
29544
29546
29548
29551
29553
29555
29557
29559
29561
29563
29565
29567
29569
29571
29573
29575
29577
29579
29581
29583
29585
29587
29589
29591
29593
29595
29597
29600
29602
29604
29606
29608
29610
29612
29614
29616
29618
29620
29622
29624
29626
29628
29630
29632
29634
29636
29638
29640
29642
29644
29646
29648
29651
29653
29655
29657
29659
29661
29663
29665
29667
29669
29671
29673
29675
29677
29679
29681
29683
29685
29687
29689
29691
29693
29695
29697
29700
29702
29704
29706
29708
29710
29712
29714
29716
29718
29720
29722
29724
29726
29728
29730
29732
29734
29736
29738
29740
29742
29744
29746
29748
29751
29753
29755
29757
29759
29761
29763
29765
29767
29769
29771
29773
29775
29777
29779
29781
29783
29785
29787
29789
29791
29793
29795
29797
29800
29802
29804
29806
29808
29810
29812
29814
29816
29818
29820
29822
29825
29827
29829
29831
29833
29835
29837
29839
29841
29843
29845
29847
29850
29852
29854
29856
29858
29860
29862
29864
29866
29868
29870
29872
29875
29877
29879
29881
29883
29885
29887
29889
29891
29893
29895
29897
29900
29902
29904
29906
29908
29910
29912
29914
29916
29918
29920
29922
29924
29926
29928
29930
29932
29934
29936
29938
29940
29942
29944
29946
29948
29951
29953
29955
29957
29959
29961
29963
29965
29967
29969
29971
29973
29975
29977
29979
29981
29983
29985
29987
29989
29991
29993
29995
29997
30000
