0.07 16776.00
0.17 16776.00
0.27 16776.00
0.38 16776.00
0.48 16776.00
0.58 16776.00
0.68 16776.00
0.78 16776.00
0.88 16776.00
0.98 16776.00
1.08 13271.40
1.18 13271.40
1.28 13271.40
1.39 13271.40
1.49 13271.40
1.59 13271.40
1.69 13271.40
1.79 13271.40
1.89 13271.40
1.99 13271.40
2.10 13402.30
2.20 13402.30
2.31 13402.30
2.42 13402.30
2.52 13402.30
2.63 13402.30
2.73 13402.30
2.84 13402.30
2.95 13402.30
3.05 13402.30
3.15 14766.30
3.25 14766.30
3.35 14766.30
3.45 14766.30
3.55 14766.30
3.65 14766.30
3.75 14766.30
3.85 14766.30
3.95 14766.30
4.05 14766.30
4.16 12515.80
4.26 12515.80
4.36 12515.80
4.47 12515.80
4.57 12515.80
4.68 12515.80
4.78 12515.80
4.88 12515.80
4.99 12515.80
5.09 12515.80
5.19 15677.90
5.29 15677.90
5.39 15677.90
5.50 15677.90
5.60 15677.90
5.70 15677.90
5.80 15677.90
5.90 15677.90
6.00 15677.90
6.10 15677.90
6.20 12928.30
6.31 12928.30
6.41 12928.30
6.51 12928.30
6.61 12928.30
6.71 12928.30
6.82 12928.30
6.92 12928.30
7.02 12928.30
7.12 12928.30
7.22 14595.80
7.32 14595.80
7.42 14595.80
7.52 14595.80
7.62 14595.80
7.72 14595.80
7.82 14595.80
7.92 14595.80
8.02 14595.80
8.12 14595.80
8.22 14677.20
8.32 14677.20
8.43 14677.20
8.53 14677.20
8.63 14677.20
8.73 14677.20
8.83 14677.20
8.93 14677.20
9.03 14677.20
9.13 14677.20
9.23 8668.90
9.34 8668.90
9.44 8668.90
9.54 8668.90
9.64 8668.90
9.74 8668.90
9.85 8668.90
9.95 8668.90
10.05 8668.90
10.15 8668.90
10.27 12561.60
10.38 12561.60
10.50 12561.60
10.61 12561.60
10.73 12561.60
10.84 12561.60
10.96 12561.60
11.07 12561.60
11.19 12561.60
11.30 12561.60
11.40 13348.30
11.50 13348.30
11.60 13348.30
11.71 13348.30
11.81 13348.30
11.91 13348.30
12.01 13348.30
12.11 13348.30
12.21 13348.30
12.31 13348.30
12.43 8467.40
12.55 8467.40
12.67 8467.40
12.79 8467.40
12.91 8467.40
13.03 8467.40
13.15 8467.40
13.27 8467.40
13.39 8467.40
13.51 8467.40
13.61 9731.40
13.72 9731.40
13.82 9731.40
13.92 9731.40
14.02 9731.40
14.12 9731.40
14.23 9731.40
14.33 9731.40
14.43 9731.40
14.53 9731.40
14.64 9178.00
14.74 9178.00
14.84 9178.00
14.95 9178.00
15.05 9178.00
15.16 9178.00
15.26 9178.00
15.36 9178.00
15.47 9178.00
15.57 9178.00
15.67 8174.20
15.78 8174.20
15.88 8174.20
15.98 8174.20
16.08 8174.20
16.18 8174.20
16.29 8174.20
16.39 8174.20
16.49 8174.20
16.59 8174.20
16.71 9383.30
16.83 9383.30
16.95 9383.30
17.06 9383.30
17.18 9383.30
17.30 9383.30
17.42 9383.30
17.54 9383.30
17.65 9383.30
17.77 9383.30
17.88 14174.40
18.00 14174.40
18.11 14174.40
18.22 14174.40
18.34 14174.40
18.45 14174.40
18.56 14174.40
18.68 14174.40
18.79 14174.40
18.90 14174.40
19.00 9973.50
19.10 9973.50
19.20 9973.50
19.30 9973.50
19.40 9973.50
19.50 9973.50
19.60 9973.50
19.70 9973.50
19.80 9973.50
19.90 9973.50
20.00 13731.70
20.10 13731.70
20.21 13731.70
20.31 13731.70
20.41 13731.70
20.51 13731.70
20.61 13731.70
20.71 13731.70
20.81 13731.70
20.91 13731.70
21.02 10404.00
21.12 10404.00
21.22 10404.00
21.33 10404.00
21.43 10404.00
21.54 10404.00
21.64 10404.00
21.74 10404.00
21.85 10404.00
21.95 10404.00
22.06 12059.00
22.16 12059.00
22.27 12059.00
22.38 12059.00
22.48 12059.00
22.59 12059.00
22.69 12059.00
22.80 12059.00
22.91 12059.00
23.01 12059.00
23.13 12342.60
23.25 12342.60
23.37 12342.60
23.48 12342.60
23.60 12342.60
23.72 12342.60
23.84 12342.60
23.96 12342.60
24.07 12342.60
24.19 12342.60
24.30 13413.80
24.42 13413.80
24.53 13413.80
24.64 13413.80
24.75 13413.80
24.86 13413.80
24.98 13413.80
25.09 13413.80
25.20 13413.80
25.31 13413.80
25.41 13723.70
25.51 13723.70
25.61 13723.70
25.72 13723.70
25.82 13723.70
25.92 13723.70
26.02 13723.70
26.12 13723.70
26.22 13723.70
26.32 13723.70
26.43 13550.50
26.54 13550.50
26.65 13550.50
26.75 13550.50
26.86 13550.50
26.97 13550.50
27.08 13550.50
27.19 13550.50
27.29 13550.50
27.40 13550.50
27.52 14375.20
27.64 14375.20
27.76 14375.20
27.88 14375.20
28.00 14375.20
28.12 14375.20
28.23 14375.20
28.35 14375.20
28.47 14375.20
28.59 14375.20
28.69 12969.30
28.79 12969.30
28.89 12969.30
28.99 12969.30
29.09 12969.30
29.19 12969.30
29.29 12969.30
29.39 12969.30
29.49 12969.30
29.59 12969.30
29.69 11017.20
29.80 11017.20
29.90 11017.20
30.00 11017.20
