0.10 90009.60
0.20 90009.60
0.30 90009.60
0.40 90009.60
0.50 90009.60
0.60 90009.60
0.70 90009.60
0.80 90009.60
0.90 90009.60
1.00 90009.60
1.10 89190.40
1.20 89190.40
1.30 89190.40
1.40 89190.40
1.50 89190.40
1.60 89190.40
1.70 89190.40
1.80 89190.40
1.90 89190.40
2.00 89190.40
2.10 90726.40
2.20 90726.40
2.30 90726.40
2.40 90726.40
2.50 90726.40
2.60 90726.40
2.70 90726.40
2.80 90726.40
2.90 90726.40
3.00 90726.40
3.10 91033.60
3.20 91033.60
3.30 91033.60
3.40 91033.60
3.50 91033.60
3.60 91033.60
3.70 91033.60
3.80 91033.60
3.90 91033.60
4.00 91033.60
4.10 89702.40
4.20 89702.40
4.30 89702.40
4.40 89702.40
4.50 89702.40
4.60 89702.40
4.70 89702.40
4.80 89702.40
4.90 89702.40
5.00 89702.40
5.10 90009.60
5.20 90009.60
5.30 90009.60
5.40 90009.60
5.50 90009.60
5.60 90009.60
5.70 90009.60
5.80 90009.60
5.90 90009.60
6.00 90009.60
6.10 52940.80
6.20 52940.80
6.30 52940.80
6.40 52940.80
6.50 52940.80
6.60 52940.80
6.70 52940.80
6.80 52940.80
6.90 52940.80
7.00 52940.80
7.10 125440.00
7.20 125440.00
7.30 125440.00
7.40 125440.00
7.50 125440.00
7.60 125440.00
7.70 125440.00
7.80 125440.00
7.90 125440.00
8.00 125440.00
8.10 93593.60
8.20 93593.60
8.30 93593.60
8.40 93593.60
8.50 93593.60
8.60 93593.60
8.70 93593.60
8.80 93593.60
8.90 93593.60
9.00 93593.60
9.10 88064.00
9.20 88064.00
9.30 88064.00
9.40 88064.00
9.50 88064.00
9.60 88064.00
9.70 88064.00
9.80 88064.00
9.90 88064.00
10.00 88064.00
10.10 89497.60
10.20 89497.60
10.30 89497.60
10.40 89497.60
10.50 89497.60
10.60 89497.60
10.70 89497.60
10.80 89497.60
10.90 89497.60
11.00 89497.60
11.10 90624.00
11.20 90624.00
11.30 90624.00
11.40 90624.00
11.50 90624.00
11.60 90624.00
11.70 90624.00
11.80 90624.00
11.90 90624.00
12.00 90624.00
12.10 88473.60
12.20 88473.60
12.30 88473.60
12.40 88473.60
12.50 88473.60
12.60 88473.60
12.70 88473.60
12.80 88473.60
12.90 88473.60
13.00 88473.60
13.10 90009.60
13.20 90009.60
13.30 90009.60
13.40 90009.60
13.50 90009.60
13.60 90009.60
13.70 90009.60
13.80 90009.60
13.90 90009.60
14.00 90009.60
14.10 86425.60
14.20 86425.60
14.30 86425.60
14.40 86425.60
14.50 86425.60
14.60 86425.60
14.70 86425.60
14.80 86425.60
14.90 86425.60
15.00 86425.60
15.10 91955.20
15.20 91955.20
15.30 91955.20
15.40 91955.20
15.50 91955.20
15.60 91955.20
15.70 91955.20
15.80 91955.20
15.90 91955.20
16.00 91955.20
16.10 88371.20
16.20 88371.20
16.30 88371.20
16.40 88371.20
16.50 88371.20
16.60 88371.20
16.70 88371.20
16.80 88371.20
16.90 88371.20
17.00 88371.20
17.10 84582.40
17.20 84582.40
17.30 84582.40
17.40 84582.40
17.50 84582.40
17.60 84582.40
17.70 84582.40
17.80 84582.40
17.90 84582.40
18.00 84582.40
18.10 54476.80
18.20 54476.80
18.30 54476.80
18.40 54476.80
18.50 54476.80
18.60 54476.80
18.70 54476.80
18.80 54476.80
18.90 54476.80
19.00 54476.80
19.10 84787.20
19.20 84787.20
19.30 84787.20
19.40 84787.20
19.50 84787.20
19.60 84787.20
19.70 84787.20
19.80 84787.20
19.90 84787.20
20.00 84787.20
20.10 134348.80
20.20 134348.80
20.30 134348.80
20.40 134348.80
20.50 134348.80
20.60 134348.80
20.70 134348.80
20.80 134348.80
20.90 134348.80
21.00 134348.80
21.10 91443.20
21.20 91443.20
21.30 91443.20
21.40 91443.20
21.50 91443.20
21.60 91443.20
21.70 91443.20
21.80 91443.20
21.90 91443.20
22.00 91443.20
22.10 91033.60
22.20 91033.60
22.30 91033.60
22.40 91033.60
22.50 91033.60
22.60 91033.60
22.70 91033.60
22.80 91033.60
22.90 91033.60
23.00 91033.60
23.10 88678.40
23.20 88678.40
23.30 88678.40
23.40 88678.40
23.50 88678.40
23.60 88678.40
23.70 88678.40
23.80 88678.40
23.90 88678.40
24.00 88678.40
24.10 90009.60
24.20 90009.60
24.30 90009.60
24.40 90009.60
24.50 90009.60
24.60 90009.60
24.70 90009.60
24.80 90009.60
24.90 90009.60
25.00 90009.60
25.10 91648.00
25.20 91648.00
25.30 91648.00
25.40 91648.00
25.50 91648.00
25.60 91648.00
25.70 91648.00
25.80 91648.00
25.90 91648.00
26.00 91648.00
26.10 86835.20
26.20 86835.20
26.30 86835.20
26.40 86835.20
26.50 86835.20
26.60 86835.20
26.70 86835.20
26.80 86835.20
26.90 86835.20
27.00 86835.20
27.10 89497.60
27.20 89497.60
27.30 89497.60
27.40 89497.60
27.50 89497.60
27.60 89497.60
27.70 89497.60
27.80 89497.60
27.90 89497.60
28.00 89497.60
28.10 88678.40
28.20 88678.40
28.30 88678.40
28.40 88678.40
28.50 88678.40
28.60 88678.40
28.70 88678.40
28.80 88678.40
28.90 88678.40
29.00 88678.40
29.10 91136.00
29.20 91136.00
29.30 91136.00
29.40 91136.00
29.50 91136.00
29.60 91136.00
29.70 91136.00
29.80 91136.00
29.90 91136.00
30.00 91136.00
