0.10 23330.80
0.20 23330.80
0.30 23330.80
0.40 23330.80
0.50 23330.80
0.60 17301.50
0.70 17301.50
0.80 17301.50
0.90 17301.50
1.00 17301.50
1.10 23593.00
1.20 23593.00
1.30 23593.00
1.40 23593.00
1.50 23593.00
1.60 14417.90
1.70 14417.90
1.80 14417.90
1.90 14417.90
2.00 14417.90
2.10 46137.30
2.20 46137.30
2.30 46137.30
2.40 46137.30
2.50 46137.30
2.60 24903.70
2.70 24903.70
2.80 24903.70
2.90 24903.70
3.00 24903.70
3.10 33030.10
3.20 33030.10
3.30 33030.10
3.40 33030.10
3.50 33030.10
3.60 34078.70
3.70 34078.70
3.80 34078.70
3.90 34078.70
4.00 34078.70
4.10 17825.80
4.20 17825.80
4.30 17825.80
4.40 17825.80
4.50 17825.80
4.60 49020.90
4.70 49020.90
4.80 49020.90
4.90 49020.90
5.00 49020.90
5.10 44826.60
5.20 44826.60
5.30 44826.60
5.40 44826.60
5.50 44826.60
5.60 32768.00
5.70 32768.00
5.80 32768.00
5.90 32768.00
6.00 32768.00
6.10 21495.80
6.20 21495.80
6.30 21495.80
6.40 21495.80
6.50 21495.80
6.60 20185.10
6.70 20185.10
6.80 20185.10
6.90 20185.10
7.00 20185.10
7.10 24379.40
7.20 24379.40
7.30 24379.40
7.40 24379.40
7.50 24379.40
7.60 22282.20
7.70 22282.20
7.80 22282.20
7.90 22282.20
8.00 22282.20
8.10 19660.80
8.20 19660.80
8.30 19660.80
8.40 19660.80
8.50 19660.80
8.60 22282.20
8.70 22282.20
8.80 22282.20
8.90 22282.20
9.00 22282.20
9.10 24379.40
9.20 24379.40
9.30 24379.40
9.40 24379.40
9.50 24379.40
9.60 24641.50
9.70 24641.50
9.80 24641.50
9.90 24641.50
10.00 24641.50
10.10 13893.60
10.20 13893.60
10.30 13893.60
10.40 13893.60
10.50 13893.60
10.60 27525.10
10.70 27525.10
10.80 27525.10
10.90 27525.10
11.00 27525.10
11.10 14155.80
11.20 14155.80
11.30 14155.80
11.40 14155.80
11.50 14155.80
11.60 20447.20
11.70 20447.20
11.80 20447.20
11.90 20447.20
12.00 20447.20
12.10 17301.50
12.20 17301.50
12.30 17301.50
12.40 17301.50
12.50 17301.50
12.60 27787.30
12.70 27787.30
12.80 27787.30
12.90 27787.30
13.00 27787.30
13.10 11272.20
13.20 11272.20
13.30 11272.20
13.40 11272.20
13.50 11272.20
13.60 14155.80
13.70 14155.80
13.80 14155.80
13.90 14155.80
14.00 14155.80
14.10 5767.20
14.20 5767.20
14.30 5767.20
14.40 5767.20
14.50 5767.20
14.60 25428.00
14.70 25428.00
14.80 25428.00
14.90 25428.00
15.00 25428.00
15.10 15990.80
15.20 15990.80
15.30 15990.80
15.40 15990.80
15.50 15990.80
15.60 20185.10
15.70 20185.10
15.80 20185.10
15.90 20185.10
16.00 20185.10
16.10 14417.90
16.20 14417.90
16.30 14417.90
16.40 14417.90
16.50 14417.90
16.60 22806.50
16.70 22806.50
16.80 22806.50
16.90 22806.50
17.00 22806.50
17.10 22544.40
17.20 22544.40
17.30 22544.40
17.40 22544.40
17.50 22544.40
17.60 20447.20
17.70 20447.20
17.80 20447.20
17.90 20447.20
18.00 20447.20
18.10 20971.50
18.20 20971.50
18.30 20971.50
18.40 20971.50
18.50 20971.50
18.60 19136.50
18.70 19136.50
18.80 19136.50
18.90 19136.50
19.00 19136.50
19.10 22544.40
19.20 22544.40
19.30 22544.40
19.40 22544.40
19.50 22544.40
19.60 19922.90
19.70 19922.90
19.80 19922.90
19.90 19922.90
20.00 19922.90
20.10 17301.50
20.20 17301.50
20.30 17301.50
20.40 17301.50
20.50 17301.50
20.60 26214.40
20.70 26214.40
20.80 26214.40
20.90 26214.40
21.00 26214.40
21.10 19660.80
21.20 19660.80
21.30 19660.80
21.40 19660.80
21.50 19660.80
21.60 24117.20
21.70 24117.20
21.80 24117.20
21.90 24117.20
22.00 24117.20
22.10 21495.80
22.20 21495.80
22.30 21495.80
22.40 21495.80
22.50 21495.80
22.60 17825.80
22.70 17825.80
22.80 17825.80
22.90 17825.80
23.00 17825.80
23.10 31195.10
23.20 31195.10
23.30 31195.10
23.40 31195.10
23.50 31195.10
23.60 14417.90
23.70 14417.90
23.80 14417.90
23.90 14417.90
24.00 14417.90
24.10 17563.60
24.20 17563.60
24.30 17563.60
24.40 17563.60
24.50 17563.60
24.60 17563.60
24.70 17563.60
24.80 17563.60
24.90 17563.60
25.00 17563.60
25.10 21758.00
25.20 21758.00
25.30 21758.00
25.40 21758.00
25.50 21758.00
25.60 23855.10
25.70 23855.10
25.80 23855.10
25.90 23855.10
26.00 23855.10
26.10 29360.10
26.20 29360.10
26.30 29360.10
26.40 29360.10
26.50 29360.10
26.60 17563.60
26.70 17563.60
26.80 17563.60
26.90 17563.60
27.00 17563.60
27.10 19398.70
27.20 19398.70
27.30 19398.70
27.40 19398.70
27.50 19398.70
27.60 20709.40
27.70 20709.40
27.80 20709.40
27.90 20709.40
28.00 20709.40
28.10 23593.00
28.20 23593.00
28.30 23593.00
28.40 23593.00
28.50 23593.00
28.60 18874.40
28.70 18874.40
28.80 18874.40
28.90 18874.40
29.00 18874.40
29.10 14942.20
29.20 14942.20
29.30 14942.20
29.40 14942.20
29.50 14942.20
29.60 15466.50
29.70 15466.50
29.80 15466.50
29.90 15466.50
30.00 15466.50
