0.10 155189.20
0.20 155189.20
0.30 155189.20
0.40 155189.20
0.50 155189.20
0.60 54526.00
0.70 54526.00
0.80 54526.00
0.90 54526.00
1.00 54526.00
1.10 106692.60
1.20 106692.60
1.30 106692.60
1.40 106692.60
1.50 106692.60
1.60 113246.20
1.70 113246.20
1.80 113246.20
1.90 113246.20
2.00 113246.20
2.10 77594.60
2.20 77594.60
2.30 77594.60
2.40 77594.60
2.50 77594.60
2.60 75235.30
2.70 75235.30
2.80 75235.30
2.90 75235.30
3.00 75235.30
3.10 49545.20
3.20 49545.20
3.30 49545.20
3.40 49545.20
3.50 49545.20
3.60 64487.40
3.70 64487.40
3.80 64487.40
3.90 64487.40
4.00 64487.40
4.10 5242.90
4.20 5242.90
4.30 5242.90
4.40 5242.90
4.50 5242.90
4.60 52953.10
4.70 52953.10
4.80 52953.10
4.90 52953.10
5.00 52953.10
5.10 52690.90
5.20 52690.90
5.30 52690.90
5.40 52690.90
5.50 52690.90
5.60 73662.50
5.70 73662.50
5.80 73662.50
5.90 73662.50
6.00 73662.50
6.10 62914.60
6.20 62914.60
6.30 62914.60
6.40 62914.60
6.50 62914.60
6.60 38273.00
6.70 38273.00
6.80 38273.00
6.90 38273.00
7.00 38273.00
7.10 23593.00
7.20 23593.00
7.30 23593.00
7.40 23593.00
7.50 23593.00
7.60 39583.70
7.70 39583.70
7.80 39583.70
7.90 39583.70
8.00 39583.70
8.10 46661.60
8.20 46661.60
8.30 46661.60
8.40 46661.60
8.50 46661.60
8.60 35389.40
8.70 35389.40
8.80 35389.40
8.90 35389.40
9.00 35389.40
9.10 44040.20
9.20 44040.20
9.30 44040.20
9.40 44040.20
9.50 44040.20
9.60 30146.60
9.70 30146.60
9.80 30146.60
9.90 30146.60
10.00 30146.60
10.10 24903.70
10.20 24903.70
10.30 24903.70
10.40 24903.70
10.50 24903.70
10.60 11534.30
10.70 11534.30
10.80 11534.30
10.90 11534.30
11.00 11534.30
11.10 33292.30
11.20 33292.30
11.30 33292.30
11.40 33292.30
11.50 33292.30
11.60 33292.30
11.70 33292.30
11.80 33292.30
11.90 33292.30
12.00 33292.30
12.10 27000.80
12.20 27000.80
12.30 27000.80
12.40 27000.80
12.50 27000.80
12.60 45350.90
12.70 45350.90
12.80 45350.90
12.90 45350.90
13.00 45350.90
13.10 27525.10
13.20 27525.10
13.30 27525.10
13.40 27525.10
13.50 27525.10
13.60 33292.30
13.70 33292.30
13.80 33292.30
13.90 33292.30
14.00 33292.30
14.10 29622.30
14.20 29622.30
14.30 29622.30
14.40 29622.30
14.50 29622.30
14.60 27787.30
14.70 27787.30
14.80 27787.30
14.90 27787.30
15.00 27787.30
15.10 22544.40
15.20 22544.40
15.30 22544.40
15.40 22544.40
15.50 22544.40
15.60 17301.50
15.70 17301.50
15.80 17301.50
15.90 17301.50
16.00 17301.50
16.10 82313.20
16.20 82313.20
16.30 82313.20
16.40 82313.20
16.50 82313.20
16.60 66584.60
16.70 66584.60
16.80 66584.60
16.90 66584.60
17.00 66584.60
17.10 96206.80
17.20 96206.80
17.30 96206.80
17.40 96206.80
17.50 96206.80
17.60 26738.70
17.70 26738.70
17.80 26738.70
17.90 26738.70
18.00 26738.70
18.10 43253.80
18.20 43253.80
18.30 43253.80
18.40 43253.80
18.50 43253.80
18.60 42991.60
18.70 42991.60
18.80 42991.60
18.90 42991.60
19.00 42991.60
19.10 56623.10
19.20 56623.10
19.30 56623.10
19.40 56623.10
19.50 56623.10
19.60 34865.20
19.70 34865.20
19.80 34865.20
19.90 34865.20
20.00 34865.20
20.10 40894.50
20.20 40894.50
20.30 40894.50
20.40 40894.50
20.50 40894.50
20.60 49020.90
20.70 49020.90
20.80 49020.90
20.90 49020.90
21.00 49020.90
21.10 40894.50
21.20 40894.50
21.30 40894.50
21.40 40894.50
21.50 40894.50
21.60 40370.20
21.70 40370.20
21.80 40370.20
21.90 40370.20
22.00 40370.20
22.10 33292.30
22.20 33292.30
22.30 33292.30
22.40 33292.30
22.50 33292.30
22.60 41418.80
22.70 41418.80
22.80 41418.80
22.90 41418.80
23.00 41418.80
23.10 49283.10
23.20 49283.10
23.30 49283.10
23.40 49283.10
23.50 49283.10
23.60 46661.60
23.70 46661.60
23.80 46661.60
23.90 46661.60
24.00 46661.60
24.10 17825.80
24.20 17825.80
24.30 17825.80
24.40 17825.80
24.50 17825.80
24.60 56623.10
24.70 56623.10
24.80 56623.10
24.90 56623.10
25.00 56623.10
25.10 64749.60
25.20 64749.60
25.30 64749.60
25.40 64749.60
25.50 64749.60
25.60 49283.10
25.70 49283.10
25.80 49283.10
25.90 49283.10
26.00 49283.10
26.10 48234.50
26.20 48234.50
26.30 48234.50
26.40 48234.50
26.50 48234.50
26.60 31457.30
26.70 31457.30
26.80 31457.30
26.90 31457.30
27.00 31457.30
27.10 30146.60
27.20 30146.60
27.30 30146.60
27.40 30146.60
27.50 30146.60
27.60 60031.00
27.70 60031.00
27.80 60031.00
27.90 60031.00
28.00 60031.00
28.10 37224.40
28.20 37224.40
28.30 37224.40
28.40 37224.40
28.50 37224.40
28.60 37224.40
28.70 37224.40
28.80 37224.40
28.90 37224.40
29.00 37224.40
29.10 71303.20
29.20 71303.20
29.30 71303.20
29.40 71303.20
29.50 71303.20
29.60 49283.10
29.70 49283.10
29.80 49283.10
29.90 49283.10
30.00 49283.10
