0.10 52690.90
0.20 52690.90
0.30 52690.90
0.40 52690.90
0.50 52690.90
0.60 43778.00
0.70 43778.00
0.80 43778.00
0.90 43778.00
1.00 43778.00
1.10 44302.30
1.20 44302.30
1.30 44302.30
1.40 44302.30
1.50 44302.30
1.60 56361.00
1.70 56361.00
1.80 56361.00
1.90 56361.00
2.00 56361.00
2.10 71827.50
2.20 71827.50
2.30 71827.50
2.40 71827.50
2.50 71827.50
2.60 39059.50
2.70 39059.50
2.80 39059.50
2.90 39059.50
3.00 39059.50
3.10 37224.40
3.20 37224.40
3.30 37224.40
3.40 37224.40
3.50 37224.40
3.60 46137.30
3.70 46137.30
3.80 46137.30
3.90 46137.30
4.00 46137.30
4.10 33554.40
4.20 33554.40
4.30 33554.40
4.40 33554.40
4.50 33554.40
4.60 15728.60
4.70 15728.60
4.80 15728.60
4.90 15728.60
5.00 15728.60
5.10 22806.50
5.20 22806.50
5.30 22806.50
5.40 22806.50
5.50 22806.50
5.60 34078.70
5.70 34078.70
5.80 34078.70
5.90 34078.70
6.00 34078.70
6.10 13631.50
6.20 13631.50
6.30 13631.50
6.40 13631.50
6.50 13631.50
6.60 35127.30
6.70 35127.30
6.80 35127.30
6.90 35127.30
7.00 35127.30
7.10 72876.00
7.20 72876.00
7.30 72876.00
7.40 72876.00
7.50 72876.00
7.60 55836.70
7.70 55836.70
7.80 55836.70
7.90 55836.70
8.00 55836.70
8.10 35389.40
8.20 35389.40
8.30 35389.40
8.40 35389.40
8.50 35389.40
8.60 75759.60
8.70 75759.60
8.80 75759.60
8.90 75759.60
9.00 75759.60
9.10 30933.00
9.20 30933.00
9.30 30933.00
9.40 30933.00
9.50 30933.00
9.60 66060.30
9.70 66060.30
9.80 66060.30
9.90 66060.30
10.00 66060.30
10.10 44826.60
10.20 44826.60
10.30 44826.60
10.40 44826.60
10.50 44826.60
10.60 37486.60
10.70 37486.60
10.80 37486.60
10.90 37486.60
11.00 37486.60
11.10 49020.90
11.20 49020.90
11.30 49020.90
11.40 49020.90
11.50 49020.90
11.60 79167.50
11.70 79167.50
11.80 79167.50
11.90 79167.50
12.00 79167.50
12.10 97517.60
12.20 97517.60
12.30 97517.60
12.40 97517.60
12.50 97517.60
12.60 5242.90
12.70 5242.90
12.80 5242.90
12.90 5242.90
13.00 5242.90
13.10 74448.90
13.20 74448.90
13.30 74448.90
13.40 74448.90
13.50 74448.90
13.60 82837.50
13.70 82837.50
13.80 82837.50
13.90 82837.50
14.00 82837.50
14.10 8388.60
14.20 8388.60
14.30 8388.60
14.40 8388.60
14.50 8388.60
14.60 60817.40
14.70 60817.40
14.80 60817.40
14.90 60817.40
15.00 60817.40
15.10 60555.30
15.20 60555.30
15.30 60555.30
15.40 60555.30
15.50 60555.30
15.60 50331.60
15.70 50331.60
15.80 50331.60
15.90 50331.60
16.00 50331.60
16.10 36962.30
16.20 36962.30
16.30 36962.30
16.40 36962.30
16.50 36962.30
16.60 45613.10
16.70 45613.10
16.80 45613.10
16.90 45613.10
17.00 45613.10
17.10 127139.80
17.20 127139.80
17.30 127139.80
17.40 127139.80
17.50 127139.80
17.60 95420.40
17.70 95420.40
17.80 95420.40
17.90 95420.40
18.00 95420.40
18.10 93847.60
18.20 93847.60
18.30 93847.60
18.40 93847.60
18.50 93847.60
18.60 28311.60
18.70 28311.60
18.80 28311.60
18.90 28311.60
19.00 28311.60
19.10 34865.20
19.20 34865.20
19.30 34865.20
19.40 34865.20
19.50 34865.20
19.60 83361.80
19.70 83361.80
19.80 83361.80
19.90 83361.80
20.00 83361.80
20.10 26476.50
20.20 26476.50
20.30 26476.50
20.40 26476.50
20.50 26476.50
20.60 44826.60
20.70 44826.60
20.80 44826.60
20.90 44826.60
21.00 44826.60
21.10 117702.70
21.20 117702.70
21.30 117702.70
21.40 117702.70
21.50 117702.70
21.60 49283.10
21.70 49283.10
21.80 49283.10
21.90 49283.10
22.00 49283.10
22.10 99876.90
22.20 99876.90
22.30 99876.90
22.40 99876.90
22.50 99876.90
22.60 106430.50
22.70 106430.50
22.80 106430.50
22.90 106430.50
23.00 106430.50
23.10 25428.00
23.20 25428.00
23.30 25428.00
23.40 25428.00
23.50 25428.00
23.60 57933.80
23.70 57933.80
23.80 57933.80
23.90 57933.80
24.00 57933.80
24.10 24641.50
24.20 24641.50
24.30 24641.50
24.40 24641.50
24.50 24641.50
24.60 8126.50
24.70 8126.50
24.80 8126.50
24.90 8126.50
25.00 8126.50
25.10 5242.90
25.20 5242.90
25.30 5242.90
25.40 5242.90
25.50 5242.90
25.60 44040.20
25.70 44040.20
25.80 44040.20
25.90 44040.20
26.00 44040.20
26.10 87294.00
26.20 87294.00
26.30 87294.00
26.40 87294.00
26.50 87294.00
26.60 16252.90
26.70 16252.90
26.80 16252.90
26.90 16252.90
27.00 16252.90
27.10 44040.20
27.20 44040.20
27.30 44040.20
27.40 44040.20
27.50 44040.20
27.60 78381.10
27.70 78381.10
27.80 78381.10
27.90 78381.10
28.00 78381.10
28.10 5242.90
28.20 5242.90
28.30 5242.90
28.40 5242.90
28.50 5242.90
28.60 41156.60
28.70 41156.60
28.80 41156.60
28.90 41156.60
29.00 41156.60
29.10 38273.00
29.20 38273.00
29.30 38273.00
29.40 38273.00
29.50 38273.00
29.60 49283.10
29.70 49283.10
29.80 49283.10
29.90 49283.10
30.00 49283.10
