0.10 85606.40
0.20 85606.40
0.30 85606.40
0.40 85606.40
0.50 85606.40
0.60 85606.40
0.70 85606.40
0.80 85606.40
0.90 85606.40
1.00 85606.40
1.10 84480.00
1.20 84480.00
1.30 84480.00
1.40 84480.00
1.50 84480.00
1.60 84480.00
1.70 84480.00
1.80 84480.00
1.90 84480.00
2.00 84480.00
2.10 81715.20
2.20 81715.20
2.30 81715.20
2.40 81715.20
2.50 81715.20
2.60 81715.20
2.70 81715.20
2.80 81715.20
2.90 81715.20
3.00 81715.20
3.10 84992.00
3.20 84992.00
3.30 84992.00
3.40 84992.00
3.50 84992.00
3.60 84992.00
3.70 84992.00
3.80 84992.00
3.90 84992.00
4.00 84992.00
4.10 84172.80
4.20 84172.80
4.30 84172.80
4.40 84172.80
4.50 84172.80
4.60 84172.80
4.70 84172.80
4.80 84172.80
4.90 84172.80
5.00 84172.80
5.10 74240.00
5.20 74240.00
5.30 74240.00
5.40 74240.00
5.50 74240.00
5.60 74240.00
5.70 74240.00
5.80 74240.00
5.90 74240.00
6.00 74240.00
6.10 24268.80
6.20 24268.80
6.30 24268.80
6.40 24268.80
6.50 24268.80
6.60 24268.80
6.70 24268.80
6.80 24268.80
6.90 24268.80
7.00 24268.80
7.10 113868.80
7.20 113868.80
7.30 113868.80
7.40 113868.80
7.50 113868.80
7.60 113868.80
7.70 113868.80
7.80 113868.80
7.90 113868.80
8.00 113868.80
8.10 59494.40
8.20 59494.40
8.30 59494.40
8.40 59494.40
8.50 59494.40
8.60 59494.40
8.70 59494.40
8.80 59494.40
8.90 59494.40
9.00 59494.40
9.10 111308.80
9.20 111308.80
9.30 111308.80
9.40 111308.80
9.50 111308.80
9.60 111308.80
9.70 111308.80
9.80 111308.80
9.90 111308.80
10.00 111308.80
10.10 56422.40
10.20 56422.40
10.30 56422.40
10.40 56422.40
10.50 56422.40
10.60 56422.40
10.70 56422.40
10.80 56422.40
10.90 56422.40
11.00 56422.40
11.10 77107.20
11.20 77107.20
11.30 77107.20
11.40 77107.20
11.50 77107.20
11.60 77107.20
11.70 77107.20
11.80 77107.20
11.90 77107.20
12.00 77107.20
12.10 80486.40
12.20 80486.40
12.30 80486.40
12.40 80486.40
12.50 80486.40
12.60 80486.40
12.70 80486.40
12.80 80486.40
12.90 80486.40
13.00 80486.40
13.10 81612.80
13.20 81612.80
13.30 81612.80
13.40 81612.80
13.50 81612.80
13.60 81612.80
13.70 81612.80
13.80 81612.80
13.90 81612.80
14.00 81612.80
14.10 76185.60
14.20 76185.60
14.30 76185.60
14.40 76185.60
14.50 76185.60
14.60 76185.60
14.70 76185.60
14.80 76185.60
14.90 76185.60
15.00 76185.60
15.10 66560.00
15.20 66560.00
15.30 66560.00
15.40 66560.00
15.50 66560.00
15.60 66560.00
15.70 66560.00
15.80 66560.00
15.90 66560.00
16.00 66560.00
16.10 67379.20
16.20 67379.20
16.30 67379.20
16.40 67379.20
16.50 67379.20
16.60 67379.20
16.70 67379.20
16.80 67379.20
16.90 67379.20
17.00 67379.20
17.10 80281.60
17.20 80281.60
17.30 80281.60
17.40 80281.60
17.50 80281.60
17.60 80281.60
17.70 80281.60
17.80 80281.60
17.90 80281.60
18.00 80281.60
18.10 57856.00
18.20 57856.00
18.30 57856.00
18.40 57856.00
18.50 57856.00
18.60 57856.00
18.70 57856.00
18.80 57856.00
18.90 57856.00
19.00 57856.00
19.10 103628.80
19.20 103628.80
19.30 103628.80
19.40 103628.80
19.50 103628.80
19.60 103628.80
19.70 103628.80
19.80 103628.80
19.90 103628.80
20.00 103628.80
20.10 81305.60
20.20 81305.60
20.30 81305.60
20.40 81305.60
20.50 81305.60
20.60 81305.60
20.70 81305.60
20.80 81305.60
20.90 81305.60
21.00 81305.60
21.10 80179.20
21.20 80179.20
21.30 80179.20
21.40 80179.20
21.50 80179.20
21.60 80179.20
21.70 80179.20
21.80 80179.20
21.90 80179.20
22.00 80179.20
22.10 78950.40
22.20 78950.40
22.30 78950.40
22.40 78950.40
22.50 78950.40
22.60 78950.40
22.70 78950.40
22.80 78950.40
22.90 78950.40
23.00 78950.40
23.10 69529.60
23.20 69529.60
23.30 69529.60
23.40 69529.60
23.50 69529.60
23.60 69529.60
23.70 69529.60
23.80 69529.60
23.90 69529.60
24.00 69529.60
24.10 77414.40
24.20 77414.40
24.30 77414.40
24.40 77414.40
24.50 77414.40
24.60 77414.40
24.70 77414.40
24.80 77414.40
24.90 77414.40
25.00 77414.40
25.10 85299.20
25.20 85299.20
25.30 85299.20
25.40 85299.20
25.50 85299.20
25.60 85299.20
25.70 85299.20
25.80 85299.20
25.90 85299.20
26.00 85299.20
26.10 81305.60
26.20 81305.60
26.30 81305.60
26.40 81305.60
26.50 81305.60
26.60 81305.60
26.70 81305.60
26.80 81305.60
26.90 81305.60
27.00 81305.60
27.10 79052.80
27.20 79052.80
27.30 79052.80
27.40 79052.80
27.50 79052.80
27.60 79052.80
27.70 79052.80
27.80 79052.80
27.90 79052.80
28.00 79052.80
28.10 73830.40
28.20 73830.40
28.30 73830.40
28.40 73830.40
28.50 73830.40
28.60 73830.40
28.70 73830.40
28.80 73830.40
28.90 73830.40
29.00 73830.40
29.10 73113.60
29.20 73113.60
29.30 73113.60
29.40 73113.60
29.50 73113.60
29.60 73113.60
29.70 73113.60
29.80 73113.60
29.90 73113.60
30.00 73113.60
30.10 68403.20
30.20 68403.20
30.30 68403.20
30.40 68403.20
30.50 68403.20
30.60 68403.20
30.70 68403.20
30.80 68403.20
30.90 68403.20
31.00 68403.20
31.10 66252.80
31.20 66252.80
31.30 66252.80
31.40 66252.80
31.50 66252.80
31.60 66252.80
31.70 66252.80
31.80 66252.80
31.90 66252.80
32.00 66252.80
32.10 43417.60
32.20 43417.60
32.30 43417.60
32.40 43417.60
32.50 43417.60
32.60 43417.60
32.70 43417.60
32.80 43417.60
32.90 43417.60
33.00 43417.60
33.10 104345.60
33.20 104345.60
33.30 104345.60
33.40 104345.60
33.50 104345.60
33.60 104345.60
33.70 104345.60
33.80 104345.60
33.90 104345.60
34.00 104345.60
34.10 69324.80
34.20 69324.80
34.30 69324.80
34.40 69324.80
34.50 69324.80
34.60 69324.80
34.70 69324.80
34.80 69324.80
34.90 69324.80
35.00 69324.80
35.10 32870.40
35.20 32870.40
35.30 32870.40
35.40 32870.40
35.50 32870.40
35.60 32870.40
35.70 32870.40
35.80 32870.40
35.90 32870.40
36.00 32870.40
36.10 49356.80
36.20 49356.80
36.30 49356.80
36.40 49356.80
36.50 49356.80
36.60 49356.80
36.70 49356.80
36.80 49356.80
36.90 49356.80
37.00 49356.80
37.10 75980.80
37.20 75980.80
37.30 75980.80
37.40 75980.80
37.50 75980.80
37.60 75980.80
37.70 75980.80
37.80 75980.80
37.90 75980.80
38.00 75980.80
38.10 68915.20
38.20 68915.20
38.30 68915.20
38.40 68915.20
38.50 68915.20
38.60 68915.20
38.70 68915.20
38.80 68915.20
38.90 68915.20
39.00 68915.20
39.10 70758.40
39.20 70758.40
39.30 70758.40
39.40 70758.40
39.50 70758.40
39.60 70758.40
39.70 70758.40
39.80 70758.40
39.90 70758.40
40.00 70758.40
40.10 73932.80
40.20 73932.80
40.30 73932.80
40.40 73932.80
40.50 73932.80
40.60 73932.80
40.70 73932.80
40.80 73932.80
40.90 73932.80
41.00 73932.80
41.10 74342.40
41.20 74342.40
41.30 74342.40
41.40 74342.40
41.50 74342.40
41.60 74342.40
41.70 74342.40
41.80 74342.40
41.90 74342.40
42.00 74342.40
42.10 24473.60
42.20 24473.60
42.30 24473.60
42.40 24473.60
42.50 24473.60
42.60 24473.60
42.70 24473.60
42.80 24473.60
42.90 24473.60
43.00 24473.60
43.10 129843.20
43.20 129843.20
43.30 129843.20
43.40 129843.20
43.50 129843.20
43.60 129843.20
43.70 129843.20
43.80 129843.20
43.90 129843.20
44.00 129843.20
44.10 76800.00
44.20 76800.00
44.30 76800.00
44.40 76800.00
44.50 76800.00
44.60 76800.00
44.70 76800.00
44.80 76800.00
44.90 76800.00
45.00 76800.00
45.10 67174.40
45.20 67174.40
45.30 67174.40
45.40 67174.40
45.50 67174.40
45.60 67174.40
45.70 67174.40
45.80 67174.40
45.90 67174.40
46.00 67174.40
46.10 67174.40
46.20 67174.40
46.30 67174.40
46.40 67174.40
46.50 67174.40
46.60 67174.40
46.70 67174.40
46.80 67174.40
46.90 67174.40
47.00 67174.40
47.10 76185.60
47.20 76185.60
47.30 76185.60
47.40 76185.60
47.50 76185.60
47.60 76185.60
47.70 76185.60
47.80 76185.60
47.90 76185.60
48.00 76185.60
48.10 75366.40
48.20 75366.40
48.30 75366.40
48.40 75366.40
48.50 75366.40
48.60 75366.40
48.70 75366.40
48.80 75366.40
48.90 75366.40
49.00 75366.40
49.10 72908.80
49.20 72908.80
49.30 72908.80
49.40 72908.80
49.50 72908.80
49.60 72908.80
49.70 72908.80
49.80 72908.80
49.90 72908.80
50.00 72908.80
50.10 73830.40
50.20 73830.40
50.30 73830.40
50.40 73830.40
50.50 73830.40
50.60 73830.40
50.70 73830.40
50.80 73830.40
50.90 73830.40
51.00 73830.40
51.10 66252.80
51.20 66252.80
51.30 66252.80
51.40 66252.80
51.50 66252.80
51.60 66252.80
51.70 66252.80
51.80 66252.80
51.90 66252.80
52.00 66252.80
52.10 10956.80
52.20 10956.80
52.30 10956.80
52.40 10956.80
52.50 10956.80
52.60 10956.80
52.70 10956.80
52.80 10956.80
52.90 10956.80
53.00 10956.80
53.10 95027.20
53.20 95027.20
53.30 95027.20
53.40 95027.20
53.50 95027.20
53.60 95027.20
53.70 95027.20
53.80 95027.20
53.90 95027.20
54.00 95027.20
54.10 59801.60
54.20 59801.60
54.30 59801.60
54.40 59801.60
54.50 59801.60
54.60 59801.60
54.70 59801.60
54.80 59801.60
54.90 59801.60
55.00 59801.60
55.10 53760.00
55.20 53760.00
55.30 53760.00
55.40 53760.00
55.50 53760.00
55.60 53760.00
55.70 53760.00
55.80 53760.00
55.90 53760.00
56.00 53760.00
56.10 60928.00
56.20 60928.00
56.30 60928.00
56.40 60928.00
56.50 60928.00
56.60 60928.00
56.70 60928.00
56.80 60928.00
56.90 60928.00
57.00 60928.00
57.10 81817.60
57.20 81817.60
57.30 81817.60
57.40 81817.60
57.50 81817.60
57.60 81817.60
57.70 81817.60
57.80 81817.60
57.90 81817.60
58.00 81817.60
58.10 74649.60
58.20 74649.60
58.30 74649.60
58.40 74649.60
58.50 74649.60
58.60 74649.60
58.70 74649.60
58.80 74649.60
58.90 74649.60
59.00 74649.60
59.10 66252.80
59.20 66252.80
59.30 66252.80
59.40 66252.80
59.50 66252.80
59.60 66252.80
59.70 66252.80
59.80 66252.80
59.90 66252.80
60.00 66252.80
60.10 66560.00
60.20 66560.00
60.30 66560.00
60.40 66560.00
60.50 66560.00
60.60 66560.00
60.70 66560.00
60.80 66560.00
60.90 66560.00
61.00 66560.00
61.10 70553.60
61.20 70553.60
61.30 70553.60
61.40 70553.60
61.50 70553.60
61.60 70553.60
61.70 70553.60
61.80 70553.60
61.90 70553.60
62.00 70553.60
62.10 53248.00
62.20 53248.00
62.30 53248.00
62.40 53248.00
62.50 53248.00
62.60 53248.00
62.70 53248.00
62.80 53248.00
62.90 53248.00
63.00 53248.00
63.10 75366.40
63.20 75366.40
63.30 75366.40
63.40 75366.40
63.50 75366.40
63.60 75366.40
63.70 75366.40
63.80 75366.40
63.90 75366.40
64.00 75366.40
64.10 74444.80
64.20 74444.80
64.30 74444.80
64.40 74444.80
64.50 74444.80
64.60 74444.80
64.70 74444.80
64.80 74444.80
64.90 74444.80
65.00 74444.80
65.10 74240.00
65.20 74240.00
65.30 74240.00
65.40 74240.00
65.50 74240.00
65.60 74240.00
65.70 74240.00
65.80 74240.00
65.90 74240.00
66.00 74240.00
66.10 77721.60
66.20 77721.60
66.30 77721.60
66.40 77721.60
66.50 77721.60
66.60 77721.60
66.70 77721.60
66.80 77721.60
66.90 77721.60
67.00 77721.60
67.10 51302.40
67.20 51302.40
67.30 51302.40
67.40 51302.40
67.50 51302.40
67.60 51302.40
67.70 51302.40
67.80 51302.40
67.90 51302.40
68.00 51302.40
68.10 37171.20
68.20 37171.20
68.30 37171.20
68.40 37171.20
68.50 37171.20
68.60 37171.20
68.70 37171.20
68.80 37171.20
68.90 37171.20
69.00 37171.20
69.10 55500.80
69.20 55500.80
69.30 55500.80
69.40 55500.80
69.50 55500.80
69.60 55500.80
69.70 55500.80
69.80 55500.80
69.90 55500.80
70.00 55500.80
70.10 45363.20
70.20 45363.20
70.30 45363.20
70.40 45363.20
70.50 45363.20
70.60 45363.20
70.70 45363.20
70.80 45363.20
70.90 45363.20
71.00 45363.20
71.10 37888.00
71.20 37888.00
71.30 37888.00
71.40 37888.00
71.50 37888.00
71.60 37888.00
71.70 37888.00
71.80 37888.00
71.90 37888.00
72.00 37888.00
72.10 32972.80
72.20 32972.80
72.30 32972.80
72.40 32972.80
72.50 32972.80
72.60 32972.80
72.70 32972.80
72.80 32972.80
72.90 32972.80
73.00 32972.80
73.10 0.00
73.20 0.00
73.30 0.00
73.40 0.00
73.50 0.00
73.60 0.00
73.70 0.00
73.80 0.00
73.90 0.00
74.00 0.00
74.10 76595.20
74.20 76595.20
74.30 76595.20
74.40 76595.20
74.50 76595.20
74.60 76595.20
74.70 76595.20
74.80 76595.20
74.90 76595.20
75.00 76595.20
75.10 38297.60
75.20 38297.60
75.30 38297.60
75.40 38297.60
75.50 38297.60
75.60 38297.60
75.70 38297.60
75.80 38297.60
75.90 38297.60
76.00 38297.60
76.10 38809.60
76.20 38809.60
76.30 38809.60
76.40 38809.60
76.50 38809.60
76.60 38809.60
76.70 38809.60
76.80 38809.60
76.90 38809.60
77.00 38809.60
77.10 38400.00
77.20 38400.00
77.30 38400.00
77.40 38400.00
77.50 38400.00
77.60 38400.00
77.70 38400.00
77.80 38400.00
77.90 38400.00
78.00 38400.00
78.10 37683.20
78.20 37683.20
78.30 37683.20
78.40 37683.20
78.50 37683.20
78.60 37683.20
78.70 37683.20
78.80 37683.20
78.90 37683.20
79.00 37683.20
79.10 14848.00
79.20 14848.00
79.30 14848.00
79.40 14848.00
79.50 14848.00
79.60 14848.00
79.70 14848.00
79.80 14848.00
79.90 14848.00
80.00 14848.00
80.10 80281.60
80.20 80281.60
80.30 80281.60
80.40 80281.60
80.50 80281.60
80.60 80281.60
80.70 80281.60
80.80 80281.60
80.90 80281.60
81.00 80281.60
81.10 21606.40
81.20 21606.40
81.30 21606.40
81.40 21606.40
81.50 21606.40
81.60 21606.40
81.70 21606.40
81.80 21606.40
81.90 21606.40
82.00 21606.40
82.10 22323.20
82.20 22323.20
82.30 22323.20
82.40 22323.20
82.50 22323.20
82.60 22323.20
82.70 22323.20
82.80 22323.20
82.90 22323.20
83.00 22323.20
83.10 41164.80
83.20 41164.80
83.30 41164.80
83.40 41164.80
83.50 41164.80
83.60 41164.80
83.70 41164.80
83.80 41164.80
83.90 41164.80
84.00 41164.80
84.10 73523.20
84.20 73523.20
84.30 73523.20
84.40 73523.20
84.50 73523.20
84.60 73523.20
84.70 73523.20
84.80 73523.20
84.90 73523.20
85.00 73523.20
85.10 77824.00
85.20 77824.00
85.30 77824.00
85.40 77824.00
85.50 77824.00
85.60 77824.00
85.70 77824.00
85.80 77824.00
85.90 77824.00
86.00 77824.00
86.10 70860.80
86.20 70860.80
86.30 70860.80
86.40 70860.80
86.50 70860.80
86.60 70860.80
86.70 70860.80
86.80 70860.80
86.90 70860.80
87.00 70860.80
87.10 77107.20
87.20 77107.20
87.30 77107.20
87.40 77107.20
87.50 77107.20
87.60 77107.20
87.70 77107.20
87.80 77107.20
87.90 77107.20
88.00 77107.20
88.10 70451.20
88.20 70451.20
88.30 70451.20
88.40 70451.20
88.50 70451.20
88.60 70451.20
88.70 70451.20
88.80 70451.20
88.90 70451.20
89.00 70451.20
89.10 70451.20
89.20 70451.20
89.30 70451.20
89.40 70451.20
89.50 70451.20
89.60 70451.20
89.70 70451.20
89.80 70451.20
89.90 70451.20
90.00 70451.20
90.10 61337.60
90.20 61337.60
90.30 61337.60
90.40 61337.60
90.50 61337.60
90.60 61337.60
90.70 61337.60
90.80 61337.60
90.90 61337.60
91.00 61337.60
91.10 53964.80
91.20 53964.80
91.30 53964.80
91.40 53964.80
91.50 53964.80
91.60 53964.80
91.70 53964.80
91.80 53964.80
91.90 53964.80
92.00 53964.80
92.10 79155.20
92.20 79155.20
92.30 79155.20
92.40 79155.20
92.50 79155.20
92.60 79155.20
92.70 79155.20
92.80 79155.20
92.90 79155.20
93.00 79155.20
93.10 55603.20
93.20 55603.20
93.30 55603.20
93.40 55603.20
93.50 55603.20
93.60 55603.20
93.70 55603.20
93.80 55603.20
93.90 55603.20
94.00 55603.20
94.10 105984.00
94.20 105984.00
94.30 105984.00
94.40 105984.00
94.50 105984.00
94.60 105984.00
94.70 105984.00
94.80 105984.00
94.90 105984.00
95.00 105984.00
95.10 73625.60
95.20 73625.60
95.30 73625.60
95.40 73625.60
95.50 73625.60
95.60 73625.60
95.70 73625.60
95.80 73625.60
95.90 73625.60
96.00 73625.60
96.10 81817.60
96.20 81817.60
96.30 81817.60
96.40 81817.60
96.50 81817.60
96.60 81817.60
96.70 81817.60
96.80 81817.60
96.90 81817.60
97.00 81817.60
97.10 35942.40
97.20 35942.40
97.30 35942.40
97.40 35942.40
97.50 35942.40
97.60 35942.40
97.70 35942.40
97.80 35942.40
97.90 35942.40
98.00 35942.40
98.10 120832.00
98.20 120832.00
98.30 120832.00
98.40 120832.00
98.50 120832.00
98.60 120832.00
98.70 120832.00
98.80 120832.00
98.90 120832.00
99.00 120832.00
99.10 79769.60
99.20 79769.60
99.30 79769.60
99.40 79769.60
99.50 79769.60
99.60 79769.60
99.70 79769.60
99.80 79769.60
99.90 79769.60
100.00 79769.60
100.10 78745.60
100.20 78745.60
100.30 78745.60
100.40 78745.60
100.50 78745.60
100.60 78745.60
100.70 78745.60
100.80 78745.60
100.90 78745.60
101.00 78745.60
101.10 73932.80
101.20 73932.80
101.30 73932.80
101.40 73932.80
101.50 73932.80
101.60 73932.80
101.70 73932.80
101.80 73932.80
101.90 73932.80
102.00 73932.80
102.10 75980.80
102.20 75980.80
102.30 75980.80
102.40 75980.80
102.50 75980.80
102.60 75980.80
102.70 75980.80
102.80 75980.80
102.90 75980.80
103.00 75980.80
103.10 80588.80
103.20 80588.80
103.30 80588.80
103.40 80588.80
103.50 80588.80
103.60 80588.80
103.70 80588.80
103.80 80588.80
103.90 80588.80
104.00 80588.80
104.10 82227.20
104.20 82227.20
104.30 82227.20
104.40 82227.20
104.50 82227.20
104.60 82227.20
104.70 82227.20
104.80 82227.20
104.90 82227.20
105.00 82227.20
105.10 82944.00
105.20 82944.00
105.30 82944.00
105.40 82944.00
105.50 82944.00
105.60 82944.00
105.70 82944.00
105.80 82944.00
105.90 82944.00
106.00 82944.00
106.10 59494.40
106.20 59494.40
106.30 59494.40
106.40 59494.40
106.50 59494.40
106.60 59494.40
106.70 59494.40
106.80 59494.40
106.90 59494.40
107.00 59494.40
107.10 105984.00
107.20 105984.00
107.30 105984.00
107.40 105984.00
107.50 105984.00
107.60 105984.00
107.70 105984.00
107.80 105984.00
107.90 105984.00
108.00 105984.00
108.10 73216.00
108.20 73216.00
108.30 73216.00
108.40 73216.00
108.50 73216.00
108.60 73216.00
108.70 73216.00
108.80 73216.00
108.90 73216.00
109.00 73216.00
109.10 62976.00
109.20 62976.00
109.30 62976.00
109.40 62976.00
109.50 62976.00
109.60 62976.00
109.70 62976.00
109.80 62976.00
109.90 62976.00
110.00 62976.00
110.10 68608.00
110.20 68608.00
110.30 68608.00
110.40 68608.00
110.50 68608.00
110.60 68608.00
110.70 68608.00
110.80 68608.00
110.90 68608.00
111.00 68608.00
111.10 70041.60
111.20 70041.60
111.30 70041.60
111.40 70041.60
111.50 70041.60
111.60 70041.60
111.70 70041.60
111.80 70041.60
111.90 70041.60
112.00 70041.60
112.10 68505.60
112.20 68505.60
112.30 68505.60
112.40 68505.60
112.50 68505.60
112.60 68505.60
112.70 68505.60
112.80 68505.60
112.90 68505.60
113.00 68505.60
113.10 28672.00
113.20 28672.00
113.30 28672.00
113.40 28672.00
113.50 28672.00
113.60 28672.00
113.70 28672.00
113.80 28672.00
113.90 28672.00
114.00 28672.00
114.10 65024.00
114.20 65024.00
114.30 65024.00
114.40 65024.00
114.50 65024.00
114.60 65024.00
114.70 65024.00
114.80 65024.00
114.90 65024.00
115.00 65024.00
115.10 44134.40
115.20 44134.40
115.30 44134.40
115.40 44134.40
115.50 44134.40
115.60 44134.40
115.70 44134.40
115.80 44134.40
115.90 44134.40
116.00 44134.40
116.10 40755.20
116.20 40755.20
116.30 40755.20
116.40 40755.20
116.50 40755.20
116.60 40755.20
116.70 40755.20
116.80 40755.20
116.90 40755.20
117.00 40755.20
117.10 46182.40
117.20 46182.40
117.30 46182.40
117.40 46182.40
117.50 46182.40
117.60 46182.40
117.70 46182.40
117.80 46182.40
117.90 46182.40
118.00 46182.40
118.10 71270.40
118.20 71270.40
118.30 71270.40
118.40 71270.40
118.50 71270.40
118.60 71270.40
118.70 71270.40
118.80 71270.40
118.90 71270.40
119.00 71270.40
119.10 59392.00
119.20 59392.00
119.30 59392.00
119.40 59392.00
119.50 59392.00
119.60 59392.00
119.70 59392.00
119.80 59392.00
119.90 59392.00
120.00 59392.00
