0.10 37683.20
0.20 37683.20
0.30 37683.20
0.40 37683.20
0.50 37683.20
0.60 37683.20
0.70 37683.20
0.80 37683.20
0.90 37683.20
1.00 37683.20
1.10 124620.80
1.20 124620.80
1.30 124620.80
1.40 124620.80
1.50 124620.80
1.60 124620.80
1.70 124620.80
1.80 124620.80
1.90 124620.80
2.00 124620.80
2.10 91136.00
2.20 91136.00
2.30 91136.00
2.40 91136.00
2.50 91136.00
2.60 91136.00
2.70 91136.00
2.80 91136.00
2.90 91136.00
3.00 91136.00
3.10 83456.00
3.20 83456.00
3.30 83456.00
3.40 83456.00
3.50 83456.00
3.60 83456.00
3.70 83456.00
3.80 83456.00
3.90 83456.00
4.00 83456.00
4.10 86835.20
4.20 86835.20
4.30 86835.20
4.40 86835.20
4.50 86835.20
4.60 86835.20
4.70 86835.20
4.80 86835.20
4.90 86835.20
5.00 86835.20
5.10 85196.80
5.20 85196.80
5.30 85196.80
5.40 85196.80
5.50 85196.80
5.60 85196.80
5.70 85196.80
5.80 85196.80
5.90 85196.80
6.00 85196.80
6.10 88064.00
6.20 88064.00
6.30 88064.00
6.40 88064.00
6.50 88064.00
6.60 88064.00
6.70 88064.00
6.80 88064.00
6.90 88064.00
7.00 88064.00
7.10 85299.20
7.20 85299.20
7.30 85299.20
7.40 85299.20
7.50 85299.20
7.60 85299.20
7.70 85299.20
7.80 85299.20
7.90 85299.20
8.00 85299.20
8.10 86323.20
8.20 86323.20
8.30 86323.20
8.40 86323.20
8.50 86323.20
8.60 86323.20
8.70 86323.20
8.80 86323.20
8.90 86323.20
9.00 86323.20
9.10 80486.40
9.20 80486.40
9.30 80486.40
9.40 80486.40
9.50 80486.40
9.60 80486.40
9.70 80486.40
9.80 80486.40
9.90 80486.40
10.00 80486.40
10.10 84480.00
10.20 84480.00
10.30 84480.00
10.40 84480.00
10.50 84480.00
10.60 84480.00
10.70 84480.00
10.80 84480.00
10.90 84480.00
11.00 84480.00
11.10 27443.20
11.20 27443.20
11.30 27443.20
11.40 27443.20
11.50 27443.20
11.60 27443.20
11.70 27443.20
11.80 27443.20
11.90 27443.20
12.00 27443.20
12.10 73830.40
12.20 73830.40
12.30 73830.40
12.40 73830.40
12.50 73830.40
12.60 73830.40
12.70 73830.40
12.80 73830.40
12.90 73830.40
13.00 73830.40
13.10 37273.60
13.20 37273.60
13.30 37273.60
13.40 37273.60
13.50 37273.60
13.60 37273.60
13.70 37273.60
13.80 37273.60
13.90 37273.60
14.00 37273.60
14.10 87654.40
14.20 87654.40
14.30 87654.40
14.40 87654.40
14.50 87654.40
14.60 87654.40
14.70 87654.40
14.80 87654.40
14.90 87654.40
15.00 87654.40
15.10 97792.00
15.20 97792.00
15.30 97792.00
15.40 97792.00
15.50 97792.00
15.60 97792.00
15.70 97792.00
15.80 97792.00
15.90 97792.00
16.00 97792.00
16.10 92979.20
16.20 92979.20
16.30 92979.20
16.40 92979.20
16.50 92979.20
16.60 92979.20
16.70 92979.20
16.80 92979.20
16.90 92979.20
17.00 92979.20
17.10 94515.20
17.20 94515.20
17.30 94515.20
17.40 94515.20
17.50 94515.20
17.60 94515.20
17.70 94515.20
17.80 94515.20
17.90 94515.20
18.00 94515.20
18.10 68608.00
18.20 68608.00
18.30 68608.00
18.40 68608.00
18.50 68608.00
18.60 68608.00
18.70 68608.00
18.80 68608.00
18.90 68608.00
19.00 68608.00
19.10 23244.80
19.20 23244.80
19.30 23244.80
19.40 23244.80
19.50 23244.80
19.60 23244.80
19.70 23244.80
19.80 23244.80
19.90 23244.80
20.00 23244.80
20.10 98406.40
20.20 98406.40
20.30 98406.40
20.40 98406.40
20.50 98406.40
20.60 98406.40
20.70 98406.40
20.80 98406.40
20.90 98406.40
21.00 98406.40
21.10 86425.60
21.20 86425.60
21.30 86425.60
21.40 86425.60
21.50 86425.60
21.60 86425.60
21.70 86425.60
21.80 86425.60
21.90 86425.60
22.00 86425.60
22.10 96563.20
22.20 96563.20
22.30 96563.20
22.40 96563.20
22.50 96563.20
22.60 96563.20
22.70 96563.20
22.80 96563.20
22.90 96563.20
23.00 96563.20
23.10 76288.00
23.20 76288.00
23.30 76288.00
23.40 76288.00
23.50 76288.00
23.60 76288.00
23.70 76288.00
23.80 76288.00
23.90 76288.00
24.00 76288.00
24.10 113868.80
24.20 113868.80
24.30 113868.80
24.40 113868.80
24.50 113868.80
24.60 113868.80
24.70 113868.80
24.80 113868.80
24.90 113868.80
25.00 113868.80
25.10 97894.40
25.20 97894.40
25.30 97894.40
25.40 97894.40
25.50 97894.40
25.60 97894.40
25.70 97894.40
25.80 97894.40
25.90 97894.40
26.00 97894.40
26.10 95027.20
26.20 95027.20
26.30 95027.20
26.40 95027.20
26.50 95027.20
26.60 95027.20
26.70 95027.20
26.80 95027.20
26.90 95027.20
27.00 95027.20
27.10 86528.00
27.20 86528.00
27.30 86528.00
27.40 86528.00
27.50 86528.00
27.60 86528.00
27.70 86528.00
27.80 86528.00
27.90 86528.00
28.00 86528.00
28.10 91955.20
28.20 91955.20
28.30 91955.20
28.40 91955.20
28.50 91955.20
28.60 91955.20
28.70 91955.20
28.80 91955.20
28.90 91955.20
29.00 91955.20
29.10 88371.20
29.20 88371.20
29.30 88371.20
29.40 88371.20
29.50 88371.20
29.60 88371.20
29.70 88371.20
29.80 88371.20
29.90 88371.20
30.00 88371.20
30.10 80896.00
30.20 80896.00
30.30 80896.00
30.40 80896.00
30.50 80896.00
30.60 80896.00
30.70 80896.00
30.80 80896.00
30.90 80896.00
31.00 80896.00
31.10 79667.20
31.20 79667.20
31.30 79667.20
31.40 79667.20
31.50 79667.20
31.60 79667.20
31.70 79667.20
31.80 79667.20
31.90 79667.20
32.00 79667.20
32.10 41267.20
32.20 41267.20
32.30 41267.20
32.40 41267.20
32.50 41267.20
32.60 41267.20
32.70 41267.20
32.80 41267.20
32.90 41267.20
33.00 41267.20
33.10 21606.40
33.20 21606.40
33.30 21606.40
33.40 21606.40
33.50 21606.40
33.60 21606.40
33.70 21606.40
33.80 21606.40
33.90 21606.40
34.00 21606.40
34.10 19148.80
34.20 19148.80
34.30 19148.80
34.40 19148.80
34.50 19148.80
34.60 19148.80
34.70 19148.80
34.80 19148.80
34.90 19148.80
35.00 19148.80
35.10 85913.60
35.20 85913.60
35.30 85913.60
35.40 85913.60
35.50 85913.60
35.60 85913.60
35.70 85913.60
35.80 85913.60
35.90 85913.60
36.00 85913.60
36.10 82124.80
36.20 82124.80
36.30 82124.80
36.40 82124.80
36.50 82124.80
36.60 82124.80
36.70 82124.80
36.80 82124.80
36.90 82124.80
37.00 82124.80
37.10 85401.60
37.20 85401.60
37.30 85401.60
37.40 85401.60
37.50 85401.60
37.60 85401.60
37.70 85401.60
37.80 85401.60
37.90 85401.60
38.00 85401.60
38.10 82841.60
38.20 82841.60
38.30 82841.60
38.40 82841.60
38.50 82841.60
38.60 82841.60
38.70 82841.60
38.80 82841.60
38.90 82841.60
39.00 82841.60
39.10 90009.60
39.20 90009.60
39.30 90009.60
39.40 90009.60
39.50 90009.60
39.60 90009.60
39.70 90009.60
39.80 90009.60
39.90 90009.60
40.00 90009.60
40.10 54476.80
40.20 54476.80
40.30 54476.80
40.40 54476.80
40.50 54476.80
40.60 54476.80
40.70 54476.80
40.80 54476.80
40.90 54476.80
41.00 54476.80
41.10 52838.40
41.20 52838.40
41.30 52838.40
41.40 52838.40
41.50 52838.40
41.60 52838.40
41.70 52838.40
41.80 52838.40
41.90 52838.40
42.00 52838.40
42.10 73830.40
42.20 73830.40
42.30 73830.40
42.40 73830.40
42.50 73830.40
42.60 73830.40
42.70 73830.40
42.80 73830.40
42.90 73830.40
43.00 73830.40
43.10 86118.40
43.20 86118.40
43.30 86118.40
43.40 86118.40
43.50 86118.40
43.60 86118.40
43.70 86118.40
43.80 86118.40
43.90 86118.40
44.00 86118.40
44.10 89088.00
44.20 89088.00
44.30 89088.00
44.40 89088.00
44.50 89088.00
44.60 89088.00
44.70 89088.00
44.80 89088.00
44.90 89088.00
45.00 89088.00
45.10 84070.40
45.20 84070.40
45.30 84070.40
45.40 84070.40
45.50 84070.40
45.60 84070.40
45.70 84070.40
45.80 84070.40
45.90 84070.40
46.00 84070.40
46.10 52121.60
46.20 52121.60
46.30 52121.60
46.40 52121.60
46.50 52121.60
46.60 52121.60
46.70 52121.60
46.80 52121.60
46.90 52121.60
47.00 52121.60
47.10 79667.20
47.20 79667.20
47.30 79667.20
47.40 79667.20
47.50 79667.20
47.60 79667.20
47.70 79667.20
47.80 79667.20
47.90 79667.20
48.00 79667.20
48.10 20889.60
48.20 20889.60
48.30 20889.60
48.40 20889.60
48.50 20889.60
48.60 20889.60
48.70 20889.60
48.80 20889.60
48.90 20889.60
49.00 20889.60
49.10 16179.20
49.20 16179.20
49.30 16179.20
49.40 16179.20
49.50 16179.20
49.60 16179.20
49.70 16179.20
49.80 16179.20
49.90 16179.20
50.00 16179.20
50.10 30720.00
50.20 30720.00
50.30 30720.00
50.40 30720.00
50.50 30720.00
50.60 30720.00
50.70 30720.00
50.80 30720.00
50.90 30720.00
51.00 30720.00
51.10 83660.80
51.20 83660.80
51.30 83660.80
51.40 83660.80
51.50 83660.80
51.60 83660.80
51.70 83660.80
51.80 83660.80
51.90 83660.80
52.00 83660.80
52.10 54784.00
52.20 54784.00
52.30 54784.00
52.40 54784.00
52.50 54784.00
52.60 54784.00
52.70 54784.00
52.80 54784.00
52.90 54784.00
53.00 54784.00
53.10 111923.20
53.20 111923.20
53.30 111923.20
53.40 111923.20
53.50 111923.20
53.60 111923.20
53.70 111923.20
53.80 111923.20
53.90 111923.20
54.00 111923.20
54.10 82841.60
54.20 82841.60
54.30 82841.60
54.40 82841.60
54.50 82841.60
54.60 82841.60
54.70 82841.60
54.80 82841.60
54.90 82841.60
55.00 82841.60
55.10 93900.80
55.20 93900.80
55.30 93900.80
55.40 93900.80
55.50 93900.80
55.60 93900.80
55.70 93900.80
55.80 93900.80
55.90 93900.80
56.00 93900.80
56.10 97792.00
56.20 97792.00
56.30 97792.00
56.40 97792.00
56.50 97792.00
56.60 97792.00
56.70 97792.00
56.80 97792.00
56.90 97792.00
57.00 97792.00
57.10 94208.00
57.20 94208.00
57.30 94208.00
57.40 94208.00
57.50 94208.00
57.60 94208.00
57.70 94208.00
57.80 94208.00
57.90 94208.00
58.00 94208.00
58.10 95436.80
58.20 95436.80
58.30 95436.80
58.40 95436.80
58.50 95436.80
58.60 95436.80
58.70 95436.80
58.80 95436.80
58.90 95436.80
59.00 95436.80
59.10 96665.60
59.20 96665.60
59.30 96665.60
59.40 96665.60
59.50 96665.60
59.60 96665.60
59.70 96665.60
59.80 96665.60
59.90 96665.60
60.00 96665.60
60.10 100556.80
60.20 100556.80
60.30 100556.80
60.40 100556.80
60.50 100556.80
60.60 100556.80
60.70 100556.80
60.80 100556.80
60.90 100556.80
61.00 100556.80
61.10 101273.60
61.20 101273.60
61.30 101273.60
61.40 101273.60
61.50 101273.60
61.60 101273.60
61.70 101273.60
61.80 101273.60
61.90 101273.60
62.00 101273.60
62.10 97894.40
62.20 97894.40
62.30 97894.40
62.40 97894.40
62.50 97894.40
62.60 97894.40
62.70 97894.40
62.80 97894.40
62.90 97894.40
63.00 97894.40
63.10 99635.20
63.20 99635.20
63.30 99635.20
63.40 99635.20
63.50 99635.20
63.60 99635.20
63.70 99635.20
63.80 99635.20
63.90 99635.20
64.00 99635.20
64.10 95129.60
64.20 95129.60
64.30 95129.60
64.40 95129.60
64.50 95129.60
64.60 95129.60
64.70 95129.60
64.80 95129.60
64.90 95129.60
65.00 95129.60
65.10 95129.60
65.20 95129.60
65.30 95129.60
65.40 95129.60
65.50 95129.60
65.60 95129.60
65.70 95129.60
65.80 95129.60
65.90 95129.60
66.00 95129.60
66.10 96870.40
66.20 96870.40
66.30 96870.40
66.40 96870.40
66.50 96870.40
66.60 96870.40
66.70 96870.40
66.80 96870.40
66.90 96870.40
67.00 96870.40
67.10 94515.20
67.20 94515.20
67.30 94515.20
67.40 94515.20
67.50 94515.20
67.60 94515.20
67.70 94515.20
67.80 94515.20
67.90 94515.20
68.00 94515.20
68.10 98918.40
68.20 98918.40
68.30 98918.40
68.40 98918.40
68.50 98918.40
68.60 98918.40
68.70 98918.40
68.80 98918.40
68.90 98918.40
69.00 98918.40
69.10 99020.80
69.20 99020.80
69.30 99020.80
69.40 99020.80
69.50 99020.80
69.60 99020.80
69.70 99020.80
69.80 99020.80
69.90 99020.80
70.00 99020.80
70.10 100147.20
70.20 100147.20
70.30 100147.20
70.40 100147.20
70.50 100147.20
70.60 100147.20
70.70 100147.20
70.80 100147.20
70.90 100147.20
71.00 100147.20
71.10 63385.60
71.20 63385.60
71.30 63385.60
71.40 63385.60
71.50 63385.60
71.60 63385.60
71.70 63385.60
71.80 63385.60
71.90 63385.60
72.00 63385.60
72.10 137216.00
72.20 137216.00
72.30 137216.00
72.40 137216.00
72.50 137216.00
72.60 137216.00
72.70 137216.00
72.80 137216.00
72.90 137216.00
73.00 137216.00
73.10 101171.20
73.20 101171.20
73.30 101171.20
73.40 101171.20
73.50 101171.20
73.60 101171.20
73.70 101171.20
73.80 101171.20
73.90 101171.20
74.00 101171.20
74.10 95436.80
74.20 95436.80
74.30 95436.80
74.40 95436.80
74.50 95436.80
74.60 95436.80
74.70 95436.80
74.80 95436.80
74.90 95436.80
75.00 95436.80
75.10 104140.80
75.20 104140.80
75.30 104140.80
75.40 104140.80
75.50 104140.80
75.60 104140.80
75.70 104140.80
75.80 104140.80
75.90 104140.80
76.00 104140.80
76.10 100761.60
76.20 100761.60
76.30 100761.60
76.40 100761.60
76.50 100761.60
76.60 100761.60
76.70 100761.60
76.80 100761.60
76.90 100761.60
77.00 100761.60
77.10 101273.60
77.20 101273.60
77.30 101273.60
77.40 101273.60
77.50 101273.60
77.60 101273.60
77.70 101273.60
77.80 101273.60
77.90 101273.60
78.00 101273.60
78.10 101580.80
78.20 101580.80
78.30 101580.80
78.40 101580.80
78.50 101580.80
78.60 101580.80
78.70 101580.80
78.80 101580.80
78.90 101580.80
79.00 101580.80
79.10 102809.60
79.20 102809.60
79.30 102809.60
79.40 102809.60
79.50 102809.60
79.60 102809.60
79.70 102809.60
79.80 102809.60
79.90 102809.60
80.00 102809.60
80.10 100761.60
80.20 100761.60
80.30 100761.60
80.40 100761.60
80.50 100761.60
80.60 100761.60
80.70 100761.60
80.80 100761.60
80.90 100761.60
81.00 100761.60
81.10 103628.80
81.20 103628.80
81.30 103628.80
81.40 103628.80
81.50 103628.80
81.60 103628.80
81.70 103628.80
81.80 103628.80
81.90 103628.80
82.00 103628.80
82.10 99737.60
82.20 99737.60
82.30 99737.60
82.40 99737.60
82.50 99737.60
82.60 99737.60
82.70 99737.60
82.80 99737.60
82.90 99737.60
83.00 99737.60
83.10 102502.40
83.20 102502.40
83.30 102502.40
83.40 102502.40
83.50 102502.40
83.60 102502.40
83.70 102502.40
83.80 102502.40
83.90 102502.40
84.00 102502.40
84.10 103116.80
84.20 103116.80
84.30 103116.80
84.40 103116.80
84.50 103116.80
84.60 103116.80
84.70 103116.80
84.80 103116.80
84.90 103116.80
85.00 103116.80
85.10 107110.40
85.20 107110.40
85.30 107110.40
85.40 107110.40
85.50 107110.40
85.60 107110.40
85.70 107110.40
85.80 107110.40
85.90 107110.40
86.00 107110.40
86.10 101990.40
86.20 101990.40
86.30 101990.40
86.40 101990.40
86.50 101990.40
86.60 101990.40
86.70 101990.40
86.80 101990.40
86.90 101990.40
87.00 101990.40
87.10 68505.60
87.20 68505.60
87.30 68505.60
87.40 68505.60
87.50 68505.60
87.60 68505.60
87.70 68505.60
87.80 68505.60
87.90 68505.60
88.00 68505.60
88.10 130048.00
88.20 130048.00
88.30 130048.00
88.40 130048.00
88.50 130048.00
88.60 130048.00
88.70 130048.00
88.80 130048.00
88.90 130048.00
89.00 130048.00
89.10 98611.20
89.20 98611.20
89.30 98611.20
89.40 98611.20
89.50 98611.20
89.60 98611.20
89.70 98611.20
89.80 98611.20
89.90 98611.20
90.00 98611.20
90.10 101171.20
90.20 101171.20
90.30 101171.20
90.40 101171.20
90.50 101171.20
90.60 101171.20
90.70 101171.20
90.80 101171.20
90.90 101171.20
91.00 101171.20
91.10 100044.80
91.20 100044.80
91.30 100044.80
91.40 100044.80
91.50 100044.80
91.60 100044.80
91.70 100044.80
91.80 100044.80
91.90 100044.80
92.00 100044.80
92.10 102195.20
92.20 102195.20
92.30 102195.20
92.40 102195.20
92.50 102195.20
92.60 102195.20
92.70 102195.20
92.80 102195.20
92.90 102195.20
93.00 102195.20
93.10 83660.80
93.20 83660.80
93.30 83660.80
93.40 83660.80
93.50 83660.80
93.60 83660.80
93.70 83660.80
93.80 83660.80
93.90 83660.80
94.00 83660.80
94.10 112947.20
94.20 112947.20
94.30 112947.20
94.40 112947.20
94.50 112947.20
94.60 112947.20
94.70 112947.20
94.80 112947.20
94.90 112947.20
95.00 112947.20
95.10 101990.40
95.20 101990.40
95.30 101990.40
95.40 101990.40
95.50 101990.40
95.60 101990.40
95.70 101990.40
95.80 101990.40
95.90 101990.40
96.00 101990.40
96.10 95539.20
96.20 95539.20
96.30 95539.20
96.40 95539.20
96.50 95539.20
96.60 95539.20
96.70 95539.20
96.80 95539.20
96.90 95539.20
97.00 95539.20
97.10 100454.40
97.20 100454.40
97.30 100454.40
97.40 100454.40
97.50 100454.40
97.60 100454.40
97.70 100454.40
97.80 100454.40
97.90 100454.40
98.00 100454.40
98.10 101273.60
98.20 101273.60
98.30 101273.60
98.40 101273.60
98.50 101273.60
98.60 101273.60
98.70 101273.60
98.80 101273.60
98.90 101273.60
99.00 101273.60
99.10 102809.60
99.20 102809.60
99.30 102809.60
99.40 102809.60
99.50 102809.60
99.60 102809.60
99.70 102809.60
99.80 102809.60
99.90 102809.60
100.00 102809.60
100.10 95539.20
100.20 95539.20
100.30 95539.20
100.40 95539.20
100.50 95539.20
100.60 95539.20
100.70 95539.20
100.80 95539.20
100.90 95539.20
101.00 95539.20
101.10 94515.20
101.20 94515.20
101.30 94515.20
101.40 94515.20
101.50 94515.20
101.60 94515.20
101.70 94515.20
101.80 94515.20
101.90 94515.20
102.00 94515.20
102.10 99020.80
102.20 99020.80
102.30 99020.80
102.40 99020.80
102.50 99020.80
102.60 99020.80
102.70 99020.80
102.80 99020.80
102.90 99020.80
103.00 99020.80
103.10 101785.60
103.20 101785.60
103.30 101785.60
103.40 101785.60
103.50 101785.60
103.60 101785.60
103.70 101785.60
103.80 101785.60
103.90 101785.60
104.00 101785.60
104.10 103731.20
104.20 103731.20
104.30 103731.20
104.40 103731.20
104.50 103731.20
104.60 103731.20
104.70 103731.20
104.80 103731.20
104.90 103731.20
105.00 103731.20
105.10 100044.80
105.20 100044.80
105.30 100044.80
105.40 100044.80
105.50 100044.80
105.60 100044.80
105.70 100044.80
105.80 100044.80
105.90 100044.80
106.00 100044.80
106.10 86937.60
106.20 86937.60
106.30 86937.60
106.40 86937.60
106.50 86937.60
106.60 86937.60
106.70 86937.60
106.80 86937.60
106.90 86937.60
107.00 86937.60
107.10 110592.00
107.20 110592.00
107.30 110592.00
107.40 110592.00
107.50 110592.00
107.60 110592.00
107.70 110592.00
107.80 110592.00
107.90 110592.00
108.00 110592.00
108.10 99430.40
108.20 99430.40
108.30 99430.40
108.40 99430.40
108.50 99430.40
108.60 99430.40
108.70 99430.40
108.80 99430.40
108.90 99430.40
109.00 99430.40
109.10 94105.60
109.20 94105.60
109.30 94105.60
109.40 94105.60
109.50 94105.60
109.60 94105.60
109.70 94105.60
109.80 94105.60
109.90 94105.60
110.00 94105.60
110.10 98099.20
110.20 98099.20
110.30 98099.20
110.40 98099.20
110.50 98099.20
110.60 98099.20
110.70 98099.20
110.80 98099.20
110.90 98099.20
111.00 98099.20
111.10 96870.40
111.20 96870.40
111.30 96870.40
111.40 96870.40
111.50 96870.40
111.60 96870.40
111.70 96870.40
111.80 96870.40
111.90 96870.40
112.00 96870.40
112.10 38502.40
112.20 38502.40
112.30 38502.40
112.40 38502.40
112.50 38502.40
112.60 38502.40
112.70 38502.40
112.80 38502.40
112.90 38502.40
113.00 38502.40
113.10 158720.00
113.20 158720.00
113.30 158720.00
113.40 158720.00
113.50 158720.00
113.60 158720.00
113.70 158720.00
113.80 158720.00
113.90 158720.00
114.00 158720.00
114.10 102809.60
114.20 102809.60
114.30 102809.60
114.40 102809.60
114.50 102809.60
114.60 102809.60
114.70 102809.60
114.80 102809.60
114.90 102809.60
115.00 102809.60
115.10 95744.00
115.20 95744.00
115.30 95744.00
115.40 95744.00
115.50 95744.00
115.60 95744.00
115.70 95744.00
115.80 95744.00
115.90 95744.00
116.00 95744.00
116.10 99635.20
116.20 99635.20
116.30 99635.20
116.40 99635.20
116.50 99635.20
116.60 99635.20
116.70 99635.20
116.80 99635.20
116.90 99635.20
117.00 99635.20
117.10 96153.60
117.20 96153.60
117.30 96153.60
117.40 96153.60
117.50 96153.60
117.60 96153.60
117.70 96153.60
117.80 96153.60
117.90 96153.60
118.00 96153.60
118.10 100147.20
118.20 100147.20
118.30 100147.20
118.40 100147.20
118.50 100147.20
118.60 100147.20
118.70 100147.20
118.80 100147.20
118.90 100147.20
119.00 100147.20
119.10 68915.20
119.20 68915.20
119.30 68915.20
119.40 68915.20
119.50 68915.20
119.60 68915.20
119.70 68915.20
119.80 68915.20
119.90 68915.20
120.00 68915.20
