0.10 42188.80
0.20 42188.80
0.30 42188.80
0.40 42188.80
0.50 42188.80
0.60 42188.80
0.70 42188.80
0.80 42188.80
0.90 42188.80
1.00 42188.80
1.10 60416.00
1.20 60416.00
1.30 60416.00
1.40 60416.00
1.50 60416.00
1.60 60416.00
1.70 60416.00
1.80 60416.00
1.90 60416.00
2.00 60416.00
2.10 35942.40
2.20 35942.40
2.30 35942.40
2.40 35942.40
2.50 35942.40
2.60 35942.40
2.70 35942.40
2.80 35942.40
2.90 35942.40
3.00 35942.40
3.10 35225.60
3.20 35225.60
3.30 35225.60
3.40 35225.60
3.50 35225.60
3.60 35225.60
3.70 35225.60
3.80 35225.60
3.90 35225.60
4.00 35225.60
4.10 47513.60
4.20 47513.60
4.30 47513.60
4.40 47513.60
4.50 47513.60
4.60 47513.60
4.70 47513.60
4.80 47513.60
4.90 47513.60
5.00 47513.60
5.10 35737.60
5.20 35737.60
5.30 35737.60
5.40 35737.60
5.50 35737.60
5.60 35737.60
5.70 35737.60
5.80 35737.60
5.90 35737.60
6.00 35737.60
6.10 14848.00
6.20 14848.00
6.30 14848.00
6.40 14848.00
6.50 14848.00
6.60 14848.00
6.70 14848.00
6.80 14848.00
6.90 14848.00
7.00 14848.00
7.10 0.00
7.20 0.00
7.30 0.00
7.40 0.00
7.50 0.00
7.60 0.00
7.70 0.00
7.80 0.00
7.90 0.00
8.00 0.00
8.10 2048.00
8.20 2048.00
8.30 2048.00
8.40 2048.00
8.50 2048.00
8.60 2048.00
8.70 2048.00
8.80 2048.00
8.90 2048.00
9.00 2048.00
9.10 42291.20
9.20 42291.20
9.30 42291.20
9.40 42291.20
9.50 42291.20
9.60 42291.20
9.70 42291.20
9.80 42291.20
9.90 42291.20
10.00 42291.20
