0.10 267667.91
0.20 267667.91
0.30 267667.91
0.40 267667.91
0.50 267667.91
0.60 267667.91
0.70 267667.91
0.80 267667.91
0.90 267667.91
1.00 267667.91
1.10 310188.33
1.20 310188.33
1.30 310188.33
1.40 310188.33
1.50 310188.33
1.60 310188.33
1.70 310188.33
1.80 310188.33
1.90 310188.33
2.00 310188.33
2.10 301707.96
2.20 301707.96
2.30 301707.96
2.40 301707.96
2.50 301707.96
2.60 301707.96
2.70 301707.96
2.80 301707.96
2.90 301707.96
3.00 301707.96
3.10 256990.47
3.20 256990.47
3.30 256990.47
3.40 256990.47
3.50 256990.47
3.60 256990.47
3.70 256990.47
3.80 256990.47
3.90 256990.47
4.00 256990.47
4.10 277419.63
4.20 277419.63
4.30 277419.63
4.40 277419.63
4.50 277419.63
4.60 277419.63
4.70 277419.63
4.80 277419.63
4.90 277419.63
5.00 277419.63
5.10 257738.02
5.20 257738.02
5.30 257738.02
5.40 257738.02
5.50 257738.02
5.60 257738.02
5.70 257738.02
5.80 257738.02
5.90 257738.02
6.00 257738.02
6.10 278070.20
6.20 278070.20
6.30 278070.20
6.40 278070.20
6.50 278070.20
6.60 278070.20
6.70 278070.20
6.80 278070.20
6.90 278070.20
7.00 278070.20
7.10 276494.77
7.20 276494.77
7.30 276494.77
7.40 276494.77
7.50 276494.77
7.60 276494.77
7.70 276494.77
7.80 276494.77
7.90 276494.77
8.00 276494.77
8.10 270136.88
8.20 270136.88
8.30 270136.88
8.40 270136.88
8.50 270136.88
8.60 270136.88
8.70 270136.88
8.80 270136.88
8.90 270136.88
9.00 270136.88
9.10 292547.55
9.20 292547.55
9.30 292547.55
9.40 292547.55
9.50 292547.55
9.60 292547.55
9.70 292547.55
9.80 292547.55
9.90 292547.55
10.00 292547.55
10.10 292952.62
10.20 292952.62
10.30 292952.62
10.40 292952.62
10.50 292952.62
10.60 292952.62
10.70 292952.62
10.80 292952.62
10.90 292952.62
11.00 292952.62
11.10 280166.03
11.20 280166.03
11.30 280166.03
11.40 280166.03
11.50 280166.03
11.60 280166.03
11.70 280166.03
11.80 280166.03
11.90 280166.03
12.00 280166.03
12.10 242792.60
12.20 242792.60
12.30 242792.60
12.40 242792.60
12.50 242792.60
12.60 242792.60
12.70 242792.60
12.80 242792.60
12.90 242792.60
13.00 242792.60
13.10 317110.67
13.20 317110.67
13.30 317110.67
13.40 317110.67
13.50 317110.67
13.60 317110.67
13.70 317110.67
13.80 317110.67
13.90 317110.67
14.00 317110.67
14.10 273488.88
14.20 273488.88
14.30 273488.88
14.40 273488.88
14.50 273488.88
14.60 273488.88
14.70 273488.88
14.80 273488.88
14.90 273488.88
15.00 273488.88
15.10 289705.90
15.20 289705.90
15.30 289705.90
15.40 289705.90
15.50 289705.90
15.60 289705.90
15.70 289705.90
15.80 289705.90
15.90 289705.90
16.00 289705.90
16.10 304117.34
16.20 304117.34
16.30 304117.34
16.40 304117.34
16.50 304117.34
16.60 304117.34
16.70 304117.34
16.80 304117.34
16.90 304117.34
17.00 304117.34
17.10 63559.62
17.20 63559.62
17.30 63559.62
17.40 63559.62
17.50 63559.62
17.60 63559.62
17.70 63559.62
17.80 63559.62
17.90 63559.62
18.00 63559.62
18.10 518820.61
18.20 518820.61
18.30 518820.61
18.40 518820.61
18.50 518820.61
18.60 518820.61
18.70 518820.61
18.80 518820.61
18.90 518820.61
19.00 518820.61
19.10 320634.12
19.20 320634.12
19.30 320634.12
19.40 320634.12
19.50 320634.12
19.60 320634.12
19.70 320634.12
19.80 320634.12
19.90 320634.12
20.00 320634.12
20.10 305573.18
20.20 305573.18
20.30 305573.18
20.40 305573.18
20.50 305573.18
20.60 305573.18
20.70 305573.18
20.80 305573.18
20.90 305573.18
21.00 305573.18
21.10 292946.12
21.20 292946.12
21.30 292946.12
21.40 292946.12
21.50 292946.12
21.60 292946.12
21.70 292946.12
21.80 292946.12
21.90 292946.12
22.00 292946.12
22.10 260372.98
22.20 260372.98
22.30 260372.98
22.40 260372.98
22.50 260372.98
22.60 260372.98
22.70 260372.98
22.80 260372.98
22.90 260372.98
23.00 260372.98
23.10 281878.91
23.20 281878.91
23.30 281878.91
23.40 281878.91
23.50 281878.91
23.60 281878.91
23.70 281878.91
23.80 281878.91
23.90 281878.91
24.00 281878.91
24.10 306982.87
24.20 306982.87
24.30 306982.87
24.40 306982.87
24.50 306982.87
24.60 306982.87
24.70 306982.87
24.80 306982.87
24.90 306982.87
25.00 306982.87
25.10 283106.02
25.20 283106.02
25.30 283106.02
25.40 283106.02
25.50 283106.02
25.60 283106.02
25.70 283106.02
25.80 283106.02
25.90 283106.02
26.00 283106.02
26.10 321234.75
26.20 321234.75
26.30 321234.75
26.40 321234.75
26.50 321234.75
26.60 321234.75
26.70 321234.75
26.80 321234.75
26.90 321234.75
27.00 321234.75
27.10 308413.65
27.20 308413.65
27.30 308413.65
27.40 308413.65
27.50 308413.65
27.60 308413.65
27.70 308413.65
27.80 308413.65
27.90 308413.65
28.00 308413.65
28.10 294098.88
28.20 294098.88
28.30 294098.88
28.40 294098.88
28.50 294098.88
28.60 294098.88
28.70 294098.88
28.80 294098.88
28.90 294098.88
29.00 294098.88
29.10 317336.15
29.20 317336.15
29.30 317336.15
29.40 317336.15
29.50 317336.15
29.60 317336.15
29.70 317336.15
29.80 317336.15
29.90 317336.15
30.00 317336.15
