0.10 56729.60
0.20 56729.60
0.30 56729.60
0.40 56729.60
0.50 56729.60
0.60 56729.60
0.70 56729.60
0.80 56729.60
0.90 56729.60
1.00 56729.60
1.10 71987.20
1.20 71987.20
1.30 71987.20
1.40 71987.20
1.50 71987.20
1.60 71987.20
1.70 71987.20
1.80 71987.20
1.90 71987.20
2.00 71987.20
2.10 73932.80
2.20 73932.80
2.30 73932.80
2.40 73932.80
2.50 73932.80
2.60 73932.80
2.70 73932.80
2.80 73932.80
2.90 73932.80
3.00 73932.80
3.10 65331.20
3.20 65331.20
3.30 65331.20
3.40 65331.20
3.50 65331.20
3.60 65331.20
3.70 65331.20
3.80 65331.20
3.90 65331.20
4.00 65331.20
4.10 66252.80
4.20 66252.80
4.30 66252.80
4.40 66252.80
4.50 66252.80
4.60 66252.80
4.70 66252.80
4.80 66252.80
4.90 66252.80
5.00 66252.80
5.10 66048.00
5.20 66048.00
5.30 66048.00
5.40 66048.00
5.50 66048.00
5.60 66048.00
5.70 66048.00
5.80 66048.00
5.90 66048.00
6.00 66048.00
6.10 66662.40
6.20 66662.40
6.30 66662.40
6.40 66662.40
6.50 66662.40
6.60 66662.40
6.70 66662.40
6.80 66662.40
6.90 66662.40
7.00 66662.40
7.10 64512.00
7.20 64512.00
7.30 64512.00
7.40 64512.00
7.50 64512.00
7.60 64512.00
7.70 64512.00
7.80 64512.00
7.90 64512.00
8.00 64512.00
8.10 68403.20
8.20 68403.20
8.30 68403.20
8.40 68403.20
8.50 68403.20
8.60 68403.20
8.70 68403.20
8.80 68403.20
8.90 68403.20
9.00 68403.20
9.10 69939.20
9.20 69939.20
9.30 69939.20
9.40 69939.20
9.50 69939.20
9.60 69939.20
9.70 69939.20
9.80 69939.20
9.90 69939.20
10.00 69939.20
10.10 57651.20
10.20 57651.20
10.30 57651.20
10.40 57651.20
10.50 57651.20
10.60 57651.20
10.70 57651.20
10.80 57651.20
10.90 57651.20
11.00 57651.20
11.10 35942.40
11.20 35942.40
11.30 35942.40
11.40 35942.40
11.50 35942.40
11.60 35942.40
11.70 35942.40
11.80 35942.40
11.90 35942.40
12.00 35942.40
12.10 0.00
12.20 0.00
12.30 0.00
12.40 0.00
12.50 0.00
12.60 0.00
12.70 0.00
12.80 0.00
12.90 0.00
13.00 0.00
13.10 89190.40
13.20 89190.40
13.30 89190.40
13.40 89190.40
13.50 89190.40
13.60 89190.40
13.70 89190.40
13.80 89190.40
13.90 89190.40
14.00 89190.40
14.10 14643.20
14.20 14643.20
14.30 14643.20
14.40 14643.20
14.50 14643.20
14.60 14643.20
14.70 14643.20
14.80 14643.20
14.90 14643.20
15.00 14643.20
15.10 52838.40
15.20 52838.40
15.30 52838.40
15.40 52838.40
15.50 52838.40
15.60 52838.40
15.70 52838.40
15.80 52838.40
15.90 52838.40
16.00 52838.40
16.10 42700.80
16.20 42700.80
16.30 42700.80
16.40 42700.80
16.50 42700.80
16.60 42700.80
16.70 42700.80
16.80 42700.80
16.90 42700.80
17.00 42700.80
17.10 37580.80
17.20 37580.80
17.30 37580.80
17.40 37580.80
17.50 37580.80
17.60 37580.80
17.70 37580.80
17.80 37580.80
17.90 37580.80
18.00 37580.80
18.10 29081.60
18.20 29081.60
18.30 29081.60
18.40 29081.60
18.50 29081.60
18.60 29081.60
18.70 29081.60
18.80 29081.60
18.90 29081.60
19.00 29081.60
19.10 30924.80
19.20 30924.80
19.30 30924.80
19.40 30924.80
19.50 30924.80
19.60 30924.80
19.70 30924.80
19.80 30924.80
19.90 30924.80
20.00 30924.80
20.10 56320.00
20.20 56320.00
20.30 56320.00
20.40 56320.00
20.50 56320.00
20.60 56320.00
20.70 56320.00
20.80 56320.00
20.90 56320.00
21.00 56320.00
21.10 73523.20
21.20 73523.20
21.30 73523.20
21.40 73523.20
21.50 73523.20
21.60 73523.20
21.70 73523.20
21.80 73523.20
21.90 73523.20
22.00 73523.20
22.10 60620.80
22.20 60620.80
22.30 60620.80
22.40 60620.80
22.50 60620.80
22.60 60620.80
22.70 60620.80
22.80 60620.80
22.90 60620.80
23.00 60620.80
23.10 81612.80
23.20 81612.80
23.30 81612.80
23.40 81612.80
23.50 81612.80
23.60 81612.80
23.70 81612.80
23.80 81612.80
23.90 81612.80
24.00 81612.80
24.10 65638.40
24.20 65638.40
24.30 65638.40
24.40 65638.40
24.50 65638.40
24.60 65638.40
24.70 65638.40
24.80 65638.40
24.90 65638.40
25.00 65638.40
25.10 56320.00
25.20 56320.00
25.30 56320.00
25.40 56320.00
25.50 56320.00
25.60 56320.00
25.70 56320.00
25.80 56320.00
25.90 56320.00
26.00 56320.00
26.10 32665.60
26.20 32665.60
26.30 32665.60
26.40 32665.60
26.50 32665.60
26.60 32665.60
26.70 32665.60
26.80 32665.60
26.90 32665.60
27.00 32665.60
27.10 4096.00
27.20 4096.00
27.30 4096.00
27.40 4096.00
27.50 4096.00
27.60 4096.00
27.70 4096.00
27.80 4096.00
27.90 4096.00
28.00 4096.00
28.10 0.00
28.20 0.00
28.30 0.00
28.40 0.00
28.50 0.00
28.60 0.00
28.70 0.00
28.80 0.00
28.90 0.00
29.00 0.00
29.10 55091.20
29.20 55091.20
29.30 55091.20
29.40 55091.20
29.50 55091.20
29.60 55091.20
29.70 55091.20
29.80 55091.20
29.90 55091.20
30.00 55091.20
