0.10 50176.00
0.20 50176.00
0.30 50176.00
0.40 50176.00
0.50 50176.00
0.60 50176.00
0.70 50176.00
0.80 50176.00
0.90 50176.00
1.00 50176.00
1.10 56627.20
1.20 56627.20
1.30 56627.20
1.40 56627.20
1.50 56627.20
1.60 56627.20
1.70 56627.20
1.80 56627.20
1.90 56627.20
2.00 56627.20
2.10 57139.20
2.20 57139.20
2.30 57139.20
2.40 57139.20
2.50 57139.20
2.60 57139.20
2.70 57139.20
2.80 57139.20
2.90 57139.20
3.00 57139.20
3.10 55910.40
3.20 55910.40
3.30 55910.40
3.40 55910.40
3.50 55910.40
3.60 55910.40
3.70 55910.40
3.80 55910.40
3.90 55910.40
4.00 55910.40
4.10 51302.40
4.20 51302.40
4.30 51302.40
4.40 51302.40
4.50 51302.40
4.60 51302.40
4.70 51302.40
4.80 51302.40
4.90 51302.40
5.00 51302.40
5.10 54886.40
5.20 54886.40
5.30 54886.40
5.40 54886.40
5.50 54886.40
5.60 54886.40
5.70 54886.40
5.80 54886.40
5.90 54886.40
6.00 54886.40
6.10 54784.00
6.20 54784.00
6.30 54784.00
6.40 54784.00
6.50 54784.00
6.60 54784.00
6.70 54784.00
6.80 54784.00
6.90 54784.00
7.00 54784.00
7.10 58675.20
7.20 58675.20
7.30 58675.20
7.40 58675.20
7.50 58675.20
7.60 58675.20
7.70 58675.20
7.80 58675.20
7.90 58675.20
8.00 58675.20
8.10 53350.40
8.20 53350.40
8.30 53350.40
8.40 53350.40
8.50 53350.40
8.60 53350.40
8.70 53350.40
8.80 53350.40
8.90 53350.40
9.00 53350.40
9.10 44748.80
9.20 44748.80
9.30 44748.80
9.40 44748.80
9.50 44748.80
9.60 44748.80
9.70 44748.80
9.80 44748.80
9.90 44748.80
10.00 44748.80
10.10 51404.80
10.20 51404.80
10.30 51404.80
10.40 51404.80
10.50 51404.80
10.60 51404.80
10.70 51404.80
10.80 51404.80
10.90 51404.80
11.00 51404.80
11.10 35328.00
11.20 35328.00
11.30 35328.00
11.40 35328.00
11.50 35328.00
11.60 35328.00
11.70 35328.00
11.80 35328.00
11.90 35328.00
12.00 35328.00
12.10 68198.40
12.20 68198.40
12.30 68198.40
12.40 68198.40
12.50 68198.40
12.60 68198.40
12.70 68198.40
12.80 68198.40
12.90 68198.40
13.00 68198.40
13.10 31436.80
13.20 31436.80
13.30 31436.80
13.40 31436.80
13.50 31436.80
13.60 31436.80
13.70 31436.80
13.80 31436.80
13.90 31436.80
14.00 31436.80
14.10 18227.20
14.20 18227.20
14.30 18227.20
14.40 18227.20
14.50 18227.20
14.60 18227.20
14.70 18227.20
14.80 18227.20
14.90 18227.20
15.00 18227.20
15.10 46182.40
15.20 46182.40
15.30 46182.40
15.40 46182.40
15.50 46182.40
15.60 46182.40
15.70 46182.40
15.80 46182.40
15.90 46182.40
16.00 46182.40
16.10 50176.00
16.20 50176.00
16.30 50176.00
16.40 50176.00
16.50 50176.00
16.60 50176.00
16.70 50176.00
16.80 50176.00
16.90 50176.00
17.00 50176.00
17.10 47001.60
17.20 47001.60
17.30 47001.60
17.40 47001.60
17.50 47001.60
17.60 47001.60
17.70 47001.60
17.80 47001.60
17.90 47001.60
18.00 47001.60
18.10 49049.60
18.20 49049.60
18.30 49049.60
18.40 49049.60
18.50 49049.60
18.60 49049.60
18.70 49049.60
18.80 49049.60
18.90 49049.60
19.00 49049.60
19.10 51712.00
19.20 51712.00
19.30 51712.00
19.40 51712.00
19.50 51712.00
19.60 51712.00
19.70 51712.00
19.80 51712.00
19.90 51712.00
20.00 51712.00
20.10 44953.60
20.20 44953.60
20.30 44953.60
20.40 44953.60
20.50 44953.60
20.60 44953.60
20.70 44953.60
20.80 44953.60
20.90 44953.60
21.00 44953.60
21.10 10649.60
21.20 10649.60
21.30 10649.60
21.40 10649.60
21.50 10649.60
21.60 10649.60
21.70 10649.60
21.80 10649.60
21.90 10649.60
22.00 10649.60
22.10 87142.40
22.20 87142.40
22.30 87142.40
22.40 87142.40
22.50 87142.40
22.60 87142.40
22.70 87142.40
22.80 87142.40
22.90 87142.40
23.00 87142.40
23.10 53248.00
23.20 53248.00
23.30 53248.00
23.40 53248.00
23.50 53248.00
23.60 53248.00
23.70 53248.00
23.80 53248.00
23.90 53248.00
24.00 53248.00
24.10 51609.60
24.20 51609.60
24.30 51609.60
24.40 51609.60
24.50 51609.60
24.60 51609.60
24.70 51609.60
24.80 51609.60
24.90 51609.60
25.00 51609.60
25.10 44339.20
25.20 44339.20
25.30 44339.20
25.40 44339.20
25.50 44339.20
25.60 44339.20
25.70 44339.20
25.80 44339.20
25.90 44339.20
26.00 44339.20
26.10 35635.20
26.20 35635.20
26.30 35635.20
26.40 35635.20
26.50 35635.20
26.60 35635.20
26.70 35635.20
26.80 35635.20
26.90 35635.20
27.00 35635.20
27.10 1024.00
27.20 1024.00
27.30 1024.00
27.40 1024.00
27.50 1024.00
27.60 1024.00
27.70 1024.00
27.80 1024.00
27.90 1024.00
28.00 1024.00
28.10 97382.40
28.20 97382.40
28.30 97382.40
28.40 97382.40
28.50 97382.40
28.60 97382.40
28.70 97382.40
28.80 97382.40
28.90 97382.40
29.00 97382.40
29.10 53760.00
29.20 53760.00
29.30 53760.00
29.40 53760.00
29.50 53760.00
29.60 53760.00
29.70 53760.00
29.80 53760.00
29.90 53760.00
30.00 53760.00
