0.15 7115.00
0.27 7115.00
0.38 7115.00
0.49 7115.00
0.61 7115.00
0.71 7108.40
0.81 7108.40
0.91 7108.40
1.01 7108.40
1.11 7108.40
1.21 7108.40
1.31 7108.40
1.42 7108.40
1.52 7108.40
1.62 7108.40
1.73 8202.70
1.84 8202.70
1.95 8202.70
2.06 8202.70
2.17 8202.70
2.28 8202.70
2.39 8202.70
2.50 8202.70
2.61 8202.70
2.72 8202.70
2.82 11038.20
2.92 11038.20
3.02 11038.20
3.12 11038.20
3.22 11038.20
3.32 11038.20
3.42 11038.20
3.53 11038.20
3.63 11038.20
3.73 11038.20
3.83 7864.50
3.93 7864.50
4.03 7864.50
4.13 7864.50
4.23 7864.50
4.33 7864.50
4.43 7864.50
4.53 7864.50
4.63 7864.50
4.73 7864.50
4.84 11696.60
4.96 11696.60
5.07 11696.60
5.19 11696.60
5.30 11696.60
5.42 11696.60
5.53 11696.60
5.65 11696.60
5.76 11696.60
5.88 11696.60
6.00 11917.60
6.12 11917.60
6.23 11917.60
6.35 11917.60
6.47 11917.60
6.59 11917.60
6.71 11917.60
6.83 11917.60
6.95 11917.60
7.07 11917.60
7.18 11686.10
7.30 11686.10
7.41 11686.10
7.52 11686.10
7.64 11686.10
7.75 11686.10
7.87 11686.10
7.98 11686.10
8.09 11686.10
8.21 11686.10
8.31 10615.80
8.41 10615.80
8.51 10615.80
8.61 10615.80
8.71 10615.80
8.81 10615.80
8.91 10615.80
9.02 10615.80
9.12 10615.80
9.22 10615.80
9.32 5835.10
9.43 5835.10
9.53 5835.10
9.64 5835.10
9.74 5835.10
9.85 5835.10
9.95 5835.10
10.06 5835.10
10.16 5835.10
10.27 5835.10
10.37 12088.00
10.47 12088.00
10.57 12088.00
10.67 12088.00
10.77 12088.00
10.87 12088.00
10.97 12088.00
11.07 12088.00
11.17 12088.00
11.27 12088.00
11.37 8314.20
11.47 8314.20
11.57 8314.20
11.67 8314.20
11.77 8314.20
11.87 8314.20
11.97 8314.20
12.08 8314.20
12.18 8314.20
12.28 8314.20
12.38 12344.40
12.48 12344.40
12.58 12344.40
12.68 12344.40
12.78 12344.40
12.88 12344.40
12.98 12344.40
13.08 12344.40
13.19 12344.40
13.29 12344.40
13.39 8793.70
13.49 8793.70
13.59 8793.70
13.69 8793.70
13.79 8793.70
13.89 8793.70
13.99 8793.70
14.09 8793.70
14.20 8793.70
14.30 8793.70
14.40 13781.30
14.50 13781.30
14.60 13781.30
14.70 13781.30
14.80 13781.30
14.90 13781.30
15.00 13781.30
15.10 13781.30
15.21 13781.30
15.31 13781.30
15.41 10102.20
15.51 10102.20
15.61 10102.20
15.71 10102.20
15.81 10102.20
15.91 10102.20
16.01 10102.20
16.11 10102.20
16.22 10102.20
16.32 10102.20
16.42 12580.60
16.52 12580.60
16.62 12580.60
16.72 12580.60
16.83 12580.60
16.93 12580.60
17.03 12580.60
17.13 12580.60
17.23 12580.60
17.34 12580.60
17.45 13672.30
17.56 13672.30
17.68 13672.30
17.79 13672.30
17.90 13672.30
18.01 13672.30
18.13 13672.30
18.24 13672.30
18.35 13672.30
18.47 13672.30
18.57 14682.00
18.67 14682.00
18.77 14682.00
18.87 14682.00
18.97 14682.00
19.07 14682.00
19.17 14682.00
19.27 14682.00
19.37 14682.00
19.47 14682.00
19.59 12516.50
19.71 12516.50
19.83 12516.50
19.95 12516.50
20.07 12516.50
20.19 12516.50
20.31 12516.50
20.43 12516.50
20.55 12516.50
20.67 12516.50
20.77 11413.30
20.87 11413.30
20.97 11413.30
21.07 11413.30
21.18 11413.30
21.28 11413.30
21.38 11413.30
21.48 11413.30
21.58 11413.30
21.69 11413.30
21.80 13125.20
21.91 13125.20
22.03 13125.20
22.14 13125.20
22.25 13125.20
22.36 13125.20
22.48 13125.20
22.59 13125.20
22.70 13125.20
22.82 13125.20
22.93 13046.20
23.05 13046.20
23.16 13046.20
23.28 13046.20
23.39 13046.20
23.51 13046.20
23.62 13046.20
23.74 13046.20
23.85 13046.20
23.97 13046.20
24.09 13258.30
24.21 13258.30
24.34 13258.30
24.46 13258.30
24.58 13258.30
24.70 13258.30
24.83 13258.30
24.95 13258.30
25.07 13258.30
25.20 13258.30
25.31 11323.80
25.42 11323.80
25.53 11323.80
25.64 11323.80
25.76 11323.80
25.87 11323.80
25.98 11323.80
26.09 11323.80
26.20 11323.80
26.32 11323.80
26.42 12822.10
26.52 12822.10
26.62 12822.10
26.72 12822.10
26.82 12822.10
26.92 12822.10
27.02 12822.10
27.12 12822.10
27.23 12822.10
27.33 12822.10
27.43 9238.80
27.53 9238.80
27.63 9238.80
27.73 9238.80
27.83 9238.80
27.93 9238.80
28.03 9238.80
28.13 9238.80
28.24 9238.80
28.34 9238.80
28.48 8876.40
28.62 8876.40
28.77 8876.40
28.91 8876.40
29.06 8876.40
29.20 8876.40
29.34 8876.40
29.49 8876.40
29.63 8876.40
29.78 8876.40
29.88 7365.80
29.98 7365.80
