0.13 15191.70
0.23 15191.70
0.33 15191.70
0.43 15191.70
0.53 15191.70
0.63 15191.70
0.73 15191.70
0.83 18112.30
0.93 18112.30
1.03 18112.30
1.13 18112.30
1.23 18112.30
1.34 18112.30
1.44 18112.30
1.54 18112.30
1.64 18112.30
1.74 18112.30
1.84 15115.00
1.94 15115.00
2.04 15115.00
2.14 15115.00
2.24 15115.00
2.34 15115.00
2.44 15115.00
2.54 15115.00
2.65 15115.00
2.75 15115.00
2.85 12159.30
2.95 12159.30
3.05 12159.30
3.15 12159.30
3.25 12159.30
3.35 12159.30
3.45 12159.30
3.55 12159.30
3.65 12159.30
3.76 12159.30
3.88 12447.80
4.00 12447.80
4.12 12447.80
4.24 12447.80
4.36 12447.80
4.48 12447.80
4.60 12447.80
4.72 12447.80
4.84 12447.80
4.96 12447.80
5.06 12014.10
5.16 12014.10
5.26 12014.10
5.36 12014.10
5.46 12014.10
5.56 12014.10
5.66 12014.10
5.76 12014.10
5.86 12014.10
5.97 12014.10
6.08 8880.30
6.19 8880.30
6.31 8880.30
6.42 8880.30
6.54 8880.30
6.65 8880.30
6.76 8880.30
6.88 8880.30
6.99 8880.30
7.11 8880.30
7.21 8662.00
7.31 8662.00
7.42 8662.00
7.52 8662.00
7.63 8662.00
7.73 8662.00
7.83 8662.00
7.94 8662.00
8.04 8662.00
8.14 8662.00
8.27 4268.20
8.39 4268.20
8.51 4268.20
8.63 4268.20
8.76 4268.20
8.88 4268.20
9.00 4268.20
9.12 4268.20
9.24 4268.20
9.37 4268.20
9.50 3693.60
9.63 3693.60
9.76 3693.60
9.89 3693.60
10.03 3693.60
10.16 3693.60
10.29 3693.60
10.42 3693.60
10.55 3693.60
10.69 3693.60
10.79 4748.70
10.89 4748.70
10.99 4748.70
11.10 4748.70
11.20 4748.70
11.30 4748.70
11.41 4748.70
11.51 4748.70
11.61 4748.70
11.72 4748.70
11.82 6147.00
11.92 6147.00
12.02 6147.00
12.12 6147.00
12.23 6147.00
12.33 6147.00
12.43 6147.00
12.53 6147.00
12.63 6147.00
12.74 6147.00
12.84 6052.20
12.95 6052.20
13.05 6052.20
13.16 6052.20
13.27 6052.20
13.37 6052.20
13.48 6052.20
13.58 6052.20
13.69 6052.20
13.80 6052.20
13.90 6019.20
14.00 6019.20
14.10 6019.20
14.20 6019.20
14.30 6019.20
14.40 6019.20
14.51 6019.20
14.61 6019.20
14.71 6019.20
14.81 6019.20
14.91 5376.00
15.01 5376.00
15.11 5376.00
15.21 5376.00
15.31 5376.00
15.41 5376.00
15.51 5376.00
15.61 5376.00
15.71 5376.00
15.81 5376.00
15.92 5671.10
16.02 5671.10
16.12 5671.10
16.22 5671.10
16.32 5671.10
16.42 5671.10
16.52 5671.10
16.62 5671.10
16.72 5671.10
16.82 5671.10
16.93 5248.60
17.03 5248.60
17.13 5248.60
17.23 5248.60
17.33 5248.60
17.43 5248.60
17.53 5248.60
17.63 5248.60
17.73 5248.60
17.83 5248.60
17.94 4240.80
18.04 4240.80
18.14 4240.80
18.24 4240.80
18.35 4240.80
18.45 4240.80
18.55 4240.80
18.65 4240.80
18.76 4240.80
18.86 4240.80
18.98 3308.80
19.10 3308.80
19.23 3308.80
19.35 3308.80
19.47 3308.80
19.59 3308.80
19.72 3308.80
19.84 3308.80
19.96 3308.80
20.08 3308.80
20.18 15194.10
20.28 15194.10
20.38 15194.10
20.48 15194.10
20.58 15194.10
20.69 15194.10
20.79 15194.10
20.89 15194.10
20.99 15194.10
21.09 15194.10
21.19 17489.40
21.29 17489.40
21.39 17489.40
21.49 17489.40
21.59 17489.40
21.69 17489.40
21.79 17489.40
21.89 17489.40
21.99 17489.40
22.09 17489.40
22.19 15090.20
22.29 15090.20
22.39 15090.20
22.49 15090.20
22.59 15090.20
22.69 15090.20
22.79 15090.20
22.89 15090.20
22.99 15090.20
23.09 15090.20
23.21 14768.20
23.33 14768.20
23.45 14768.20
23.57 14768.20
23.69 14768.20
23.81 14768.20
23.93 14768.20
24.05 14768.20
24.17 14768.20
24.29 14768.20
24.39 18268.20
24.49 18268.20
24.59 18268.20
24.69 18268.20
24.79 18268.20
24.89 18268.20
24.99 18268.20
25.09 18268.20
25.19 18268.20
25.29 18268.20
25.45 9815.90
25.61 9815.90
25.77 9815.90
25.93 9815.90
26.08 9815.90
26.24 9815.90
26.40 9815.90
26.56 9815.90
26.72 9815.90
26.87 9815.90
26.98 5646.20
27.08 5646.20
27.18 5646.20
27.28 5646.20
27.38 5646.20
27.48 5646.20
27.58 5646.20
27.68 5646.20
27.78 5646.20
27.88 5646.20
27.98 4377.60
28.09 4377.60
28.19 4377.60
28.29 4377.60
28.39 4377.60
28.49 4377.60
28.60 4377.60
28.70 4377.60
28.80 4377.60
28.90 4377.60
29.00 3501.10
29.11 3501.10
29.21 3501.10
29.31 3501.10
29.41 3501.10
29.51 3501.10
29.61 3501.10
29.71 3501.10
29.81 3501.10
29.91 3501.10
