0.11 3877.60
0.21 3877.60
0.32 3877.60
0.42 3877.60
0.52 6717.50
0.63 6717.50
0.73 6717.50
0.84 6717.50
0.94 6717.50
1.05 6717.50
1.16 6717.50
1.26 6717.50
1.37 6717.50
1.47 6717.50
1.57 11116.50
1.67 11116.50
1.77 11116.50
1.88 11116.50
1.98 11116.50
2.08 11116.50
2.18 11116.50
2.28 11116.50
2.38 11116.50
2.48 11116.50
2.58 8356.90
2.68 8356.90
2.78 8356.90
2.88 8356.90
2.98 8356.90
3.09 8356.90
3.19 8356.90
3.29 8356.90
3.39 8356.90
3.49 8356.90
3.59 7617.80
3.69 7617.80
3.80 7617.80
3.90 7617.80
4.00 7617.80
4.10 7617.80
4.20 7617.80
4.31 7617.80
4.41 7617.80
4.51 7617.80
4.61 8283.20
4.71 8283.20
4.81 8283.20
4.91 8283.20
5.01 8283.20
5.11 8283.20
5.21 8283.20
5.31 8283.20
5.41 8283.20
5.51 8283.20
5.61 9061.50
5.72 9061.50
5.82 9061.50
5.92 9061.50
6.02 9061.50
6.13 9061.50
6.23 9061.50
6.33 9061.50
6.43 9061.50
6.54 9061.50
6.64 7622.80
6.75 7622.80
6.85 7622.80
6.96 7622.80
7.07 7622.80
7.17 7622.80
7.28 7622.80
7.39 7622.80
7.49 7622.80
7.60 7622.80
7.70 11830.90
7.80 11830.90
7.90 11830.90
8.00 11830.90
8.10 11830.90
8.21 11830.90
8.31 11830.90
8.41 11830.90
8.51 11830.90
8.61 11830.90
8.71 13574.90
8.81 13574.90
8.91 13574.90
9.01 13574.90
9.11 13574.90
9.22 13574.90
9.32 13574.90
9.42 13574.90
9.52 13574.90
9.62 13574.90
9.72 13141.90
9.82 13141.90
9.92 13141.90
10.02 13141.90
10.12 13141.90
10.22 13141.90
10.32 13141.90
10.42 13141.90
10.52 13141.90
10.62 13141.90
10.74 17069.10
10.85 17069.10
10.97 17069.10
11.08 17069.10
11.20 17069.10
11.32 17069.10
11.43 17069.10
11.55 17069.10
11.66 17069.10
11.78 17069.10
11.88 10946.20
11.98 10946.20
12.08 10946.20
12.18 10946.20
12.28 10946.20
12.39 10946.20
12.49 10946.20
12.59 10946.20
12.69 10946.20
12.79 10946.20
12.89 12171.50
12.99 12171.50
13.09 12171.50
13.19 12171.50
13.29 12171.50
13.40 12171.50
13.50 12171.50
13.60 12171.50
13.70 12171.50
13.80 12171.50
13.90 13147.20
14.00 13147.20
14.10 13147.20
14.20 13147.20
14.30 13147.20
14.41 13147.20
14.51 13147.20
14.61 13147.20
14.71 13147.20
14.81 13147.20
14.92 13792.50
15.03 13792.50
15.14 13792.50
15.25 13792.50
15.35 13792.50
15.46 13792.50
15.57 13792.50
15.68 13792.50
15.79 13792.50
15.90 13792.50
16.00 16249.60
16.10 16249.60
16.20 16249.60
16.30 16249.60
16.40 16249.60
16.50 16249.60
16.60 16249.60
16.70 16249.60
16.80 16249.60
16.90 16249.60
17.00 13714.50
17.10 13714.50
17.21 13714.50
17.31 13714.50
17.41 13714.50
17.51 13714.50
17.61 13714.50
17.72 13714.50
17.82 13714.50
17.92 13714.50
18.02 24815.50
18.12 24815.50
18.22 24815.50
18.32 24815.50
18.42 24815.50
18.52 24815.50
18.62 24815.50
18.72 24815.50
18.82 24815.50
18.92 24815.50
19.06 18472.40
19.19 18472.40
19.32 18472.40
19.46 18472.40
19.59 18472.40
19.72 18472.40
19.86 18472.40
19.99 18472.40
20.13 18472.40
20.26 18472.40
20.36 15847.40
20.47 15847.40
20.57 15847.40
20.67 15847.40
20.78 15847.40
20.88 15847.40
20.99 15847.40
21.09 15847.40
21.19 15847.40
21.30 15847.40
21.40 15949.70
21.50 15949.70
21.60 15949.70
21.70 15949.70
21.80 15949.70
21.90 15949.70
22.00 15949.70
22.10 15949.70
22.20 15949.70
22.30 15949.70
22.40 18415.20
22.50 18415.20
22.60 18415.20
22.70 18415.20
22.80 18415.20
22.90 18415.20
23.00 18415.20
23.10 18415.20
23.20 18415.20
23.30 18415.20
23.42 19662.20
23.53 19662.20
23.65 19662.20
23.76 19662.20
23.88 19662.20
24.00 19662.20
24.11 19662.20
24.23 19662.20
24.34 19662.20
24.46 19662.20
24.56 18777.20
24.66 18777.20
24.76 18777.20
24.86 18777.20
24.96 18777.20
25.07 18777.20
25.17 18777.20
25.27 18777.20
25.37 18777.20
25.47 18777.20
25.57 13368.20
25.68 13368.20
25.78 13368.20
25.89 13368.20
25.99 13368.20
26.10 13368.20
26.20 13368.20
26.31 13368.20
26.41 13368.20
26.52 13368.20
26.62 15055.40
26.72 15055.40
26.82 15055.40
26.92 15055.40
27.02 15055.40
27.12 15055.40
27.23 15055.40
27.33 15055.40
27.43 15055.40
27.53 15055.40
27.65 18399.50
27.76 18399.50
27.88 18399.50
28.00 18399.50
28.12 18399.50
28.24 18399.50
28.35 18399.50
28.47 18399.50
28.59 18399.50
28.71 18399.50
28.81 18099.80
28.91 18099.80
29.01 18099.80
29.11 18099.80
29.21 18099.80
29.31 18099.80
29.42 18099.80
29.52 18099.80
29.62 18099.80
29.72 18099.80
29.82 15657.00
29.92 15657.00
