0.10 19398.70
0.20 19398.70
0.30 19398.70
0.40 19398.70
0.50 19398.70
0.60 15728.60
0.70 15728.60
0.80 15728.60
0.90 15728.60
1.00 15728.60
1.10 22282.20
1.20 22282.20
1.30 22282.20
1.40 22282.20
1.50 22282.20
1.60 28049.40
1.70 28049.40
1.80 28049.40
1.90 28049.40
2.00 28049.40
2.10 21233.70
2.20 21233.70
2.30 21233.70
2.40 21233.70
2.50 21233.70
2.60 23068.70
2.70 23068.70
2.80 23068.70
2.90 23068.70
3.00 23068.70
3.10 18087.90
3.20 18087.90
3.30 18087.90
3.40 18087.90
3.50 18087.90
3.60 30933.00
3.70 30933.00
3.80 30933.00
3.90 30933.00
4.00 30933.00
4.10 24641.50
4.20 24641.50
4.30 24641.50
4.40 24641.50
4.50 24641.50
4.60 25428.00
4.70 25428.00
4.80 25428.00
4.90 25428.00
5.00 25428.00
5.10 20971.50
5.20 20971.50
5.30 20971.50
5.40 20971.50
5.50 20971.50
5.60 21233.70
5.70 21233.70
5.80 21233.70
5.90 21233.70
6.00 21233.70
6.10 17563.60
6.20 17563.60
6.30 17563.60
6.40 17563.60
6.50 17563.60
6.60 22806.50
6.70 22806.50
6.80 22806.50
6.90 22806.50
7.00 22806.50
7.10 20447.20
7.20 20447.20
7.30 20447.20
7.40 20447.20
7.50 20447.20
7.60 14942.20
7.70 14942.20
7.80 14942.20
7.90 14942.20
8.00 14942.20
8.10 26214.40
8.20 26214.40
8.30 26214.40
8.40 26214.40
8.50 26214.40
8.60 18087.90
8.70 18087.90
8.80 18087.90
8.90 18087.90
9.00 18087.90
9.10 32243.70
9.20 32243.70
9.30 32243.70
9.40 32243.70
9.50 32243.70
9.60 26738.70
9.70 26738.70
9.80 26738.70
9.90 26738.70
10.00 26738.70
10.10 22806.50
10.20 22806.50
10.30 22806.50
10.40 22806.50
10.50 22806.50
10.60 27787.30
10.70 27787.30
10.80 27787.30
10.90 27787.30
11.00 27787.30
11.10 20971.50
11.20 20971.50
11.30 20971.50
11.40 20971.50
11.50 20971.50
11.60 23068.70
11.70 23068.70
11.80 23068.70
11.90 23068.70
12.00 23068.70
12.10 18350.10
12.20 18350.10
12.30 18350.10
12.40 18350.10
12.50 18350.10
12.60 28049.40
12.70 28049.40
12.80 28049.40
12.90 28049.40
13.00 28049.40
13.10 20447.20
13.20 20447.20
13.30 20447.20
13.40 20447.20
13.50 20447.20
13.60 25690.10
13.70 25690.10
13.80 25690.10
13.90 25690.10
14.00 25690.10
14.10 36175.90
14.20 36175.90
14.30 36175.90
14.40 36175.90
14.50 36175.90
14.60 18874.40
14.70 18874.40
14.80 18874.40
14.90 18874.40
15.00 18874.40
15.10 33554.40
15.20 33554.40
15.30 33554.40
15.40 33554.40
15.50 33554.40
15.60 11010.00
15.70 11010.00
15.80 11010.00
15.90 11010.00
16.00 11010.00
16.10 38797.30
16.20 38797.30
16.30 38797.30
16.40 38797.30
16.50 38797.30
16.60 29884.40
16.70 29884.40
16.80 29884.40
16.90 29884.40
17.00 29884.40
17.10 41943.00
17.20 41943.00
17.30 41943.00
17.40 41943.00
17.50 41943.00
17.60 40108.00
17.70 40108.00
17.80 40108.00
17.90 40108.00
18.00 40108.00
18.10 41680.90
18.20 41680.90
18.30 41680.90
18.40 41680.90
18.50 41680.90
18.60 30933.00
18.70 30933.00
18.80 30933.00
18.90 30933.00
19.00 30933.00
19.10 32505.90
19.20 32505.90
19.30 32505.90
19.40 32505.90
19.50 32505.90
19.60 13893.60
19.70 13893.60
19.80 13893.60
19.90 13893.60
20.00 13893.60
20.10 11010.00
20.20 11010.00
20.30 11010.00
20.40 11010.00
20.50 11010.00
20.60 38797.30
20.70 38797.30
20.80 38797.30
20.90 38797.30
21.00 38797.30
21.10 51904.50
21.20 51904.50
21.30 51904.50
21.40 51904.50
21.50 51904.50
21.60 28311.60
21.70 28311.60
21.80 28311.60
21.90 28311.60
22.00 28311.60
22.10 25165.80
22.20 25165.80
22.30 25165.80
22.40 25165.80
22.50 25165.80
22.60 18350.10
22.70 18350.10
22.80 18350.10
22.90 18350.10
23.00 18350.10
23.10 29360.10
23.20 29360.10
23.30 29360.10
23.40 29360.10
23.50 29360.10
23.60 34340.90
23.70 34340.90
23.80 34340.90
23.90 34340.90
24.00 34340.90
24.10 25428.00
24.20 25428.00
24.30 25428.00
24.40 25428.00
24.50 25428.00
24.60 16777.20
24.70 16777.20
24.80 16777.20
24.90 16777.20
25.00 16777.20
25.10 22544.40
25.20 22544.40
25.30 22544.40
25.40 22544.40
25.50 22544.40
25.60 25428.00
25.70 25428.00
25.80 25428.00
25.90 25428.00
26.00 25428.00
26.10 27525.10
26.20 27525.10
26.30 27525.10
26.40 27525.10
26.50 27525.10
26.60 20709.40
26.70 20709.40
26.80 20709.40
26.90 20709.40
27.00 20709.40
27.10 23330.80
27.20 23330.80
27.30 23330.80
27.40 23330.80
27.50 23330.80
27.60 28049.40
27.70 28049.40
27.80 28049.40
27.90 28049.40
28.00 28049.40
28.10 50855.90
28.20 50855.90
28.30 50855.90
28.40 50855.90
28.50 50855.90
28.60 12845.10
28.70 12845.10
28.80 12845.10
28.90 12845.10
29.00 12845.10
29.10 28835.80
29.20 28835.80
29.30 28835.80
29.40 28835.80
29.50 28835.80
29.60 12845.10
29.70 12845.10
29.80 12845.10
29.90 12845.10
30.00 12845.10
