0.10 53350.40
0.20 53350.40
0.30 53350.40
0.40 53350.40
0.50 53350.40
0.60 53350.40
0.70 53350.40
0.80 53350.40
0.90 53350.40
1.00 53350.40
1.10 55500.80
1.20 55500.80
1.30 55500.80
1.40 55500.80
1.50 55500.80
1.60 55500.80
1.70 55500.80
1.80 55500.80
1.90 55500.80
2.00 55500.80
2.10 60620.80
2.20 60620.80
2.30 60620.80
2.40 60620.80
2.50 60620.80
2.60 60620.80
2.70 60620.80
2.80 60620.80
2.90 60620.80
3.00 60620.80
3.10 67788.80
3.20 67788.80
3.30 67788.80
3.40 67788.80
3.50 67788.80
3.60 67788.80
3.70 67788.80
3.80 67788.80
3.90 67788.80
4.00 67788.80
4.10 31129.60
4.20 31129.60
4.30 31129.60
4.40 31129.60
4.50 31129.60
4.60 31129.60
4.70 31129.60
4.80 31129.60
4.90 31129.60
5.00 31129.60
5.10 921.60
5.20 921.60
5.30 921.60
5.40 921.60
5.50 921.60
5.60 921.60
5.70 921.60
5.80 921.60
5.90 921.60
6.00 921.60
6.10 98918.40
6.20 98918.40
6.30 98918.40
6.40 98918.40
6.50 98918.40
6.60 98918.40
6.70 98918.40
6.80 98918.40
6.90 98918.40
7.00 98918.40
7.10 66048.00
7.20 66048.00
7.30 66048.00
7.40 66048.00
7.50 66048.00
7.60 66048.00
7.70 66048.00
7.80 66048.00
7.90 66048.00
8.00 66048.00
8.10 64819.20
8.20 64819.20
8.30 64819.20
8.40 64819.20
8.50 64819.20
8.60 64819.20
8.70 64819.20
8.80 64819.20
8.90 64819.20
9.00 64819.20
9.10 65228.80
9.20 65228.80
9.30 65228.80
9.40 65228.80
9.50 65228.80
9.60 65228.80
9.70 65228.80
9.80 65228.80
9.90 65228.80
10.00 65228.80
10.10 1024.00
10.20 1024.00
10.30 1024.00
10.40 1024.00
10.50 1024.00
10.60 1024.00
10.70 1024.00
10.80 1024.00
10.90 1024.00
11.00 1024.00
11.10 122368.00
11.20 122368.00
11.30 122368.00
11.40 122368.00
11.50 122368.00
11.60 122368.00
11.70 122368.00
11.80 122368.00
11.90 122368.00
12.00 122368.00
12.10 58572.80
12.20 58572.80
12.30 58572.80
12.40 58572.80
12.50 58572.80
12.60 58572.80
12.70 58572.80
12.80 58572.80
12.90 58572.80
13.00 58572.80
13.10 67788.80
13.20 67788.80
13.30 67788.80
13.40 67788.80
13.50 67788.80
13.60 67788.80
13.70 67788.80
13.80 67788.80
13.90 67788.80
14.00 67788.80
14.10 52531.20
14.20 52531.20
14.30 52531.20
14.40 52531.20
14.50 52531.20
14.60 52531.20
14.70 52531.20
14.80 52531.20
14.90 52531.20
15.00 52531.20
15.10 59494.40
15.20 59494.40
15.30 59494.40
15.40 59494.40
15.50 59494.40
15.60 59494.40
15.70 59494.40
15.80 59494.40
15.90 59494.40
16.00 59494.40
16.10 64819.20
16.20 64819.20
16.30 64819.20
16.40 64819.20
16.50 64819.20
16.60 64819.20
16.70 64819.20
16.80 64819.20
16.90 64819.20
17.00 64819.20
17.10 61747.20
17.20 61747.20
17.30 61747.20
17.40 61747.20
17.50 61747.20
17.60 61747.20
17.70 61747.20
17.80 61747.20
17.90 61747.20
18.00 61747.20
18.10 57446.40
18.20 57446.40
18.30 57446.40
18.40 57446.40
18.50 57446.40
18.60 57446.40
18.70 57446.40
18.80 57446.40
18.90 57446.40
19.00 57446.40
19.10 64102.40
19.20 64102.40
19.30 64102.40
19.40 64102.40
19.50 64102.40
19.60 64102.40
19.70 64102.40
19.80 64102.40
19.90 64102.40
20.00 64102.40
20.10 57548.80
20.20 57548.80
20.30 57548.80
20.40 57548.80
20.50 57548.80
20.60 57548.80
20.70 57548.80
20.80 57548.80
20.90 57548.80
21.00 57548.80
21.10 67276.80
21.20 67276.80
21.30 67276.80
21.40 67276.80
21.50 67276.80
21.60 67276.80
21.70 67276.80
21.80 67276.80
21.90 67276.80
22.00 67276.80
22.10 43417.60
22.20 43417.60
22.30 43417.60
22.40 43417.60
22.50 43417.60
22.60 43417.60
22.70 43417.60
22.80 43417.60
22.90 43417.60
23.00 43417.60
23.10 82022.40
23.20 82022.40
23.30 82022.40
23.40 82022.40
23.50 82022.40
23.60 82022.40
23.70 82022.40
23.80 82022.40
23.90 82022.40
24.00 82022.40
24.10 66969.60
24.20 66969.60
24.30 66969.60
24.40 66969.60
24.50 66969.60
24.60 66969.60
24.70 66969.60
24.80 66969.60
24.90 66969.60
25.00 66969.60
25.10 59596.80
25.20 59596.80
25.30 59596.80
25.40 59596.80
25.50 59596.80
25.60 59596.80
25.70 59596.80
25.80 59596.80
25.90 59596.80
26.00 59596.80
26.10 64819.20
26.20 64819.20
26.30 64819.20
26.40 64819.20
26.50 64819.20
26.60 64819.20
26.70 64819.20
26.80 64819.20
26.90 64819.20
27.00 64819.20
27.10 39526.40
27.20 39526.40
27.30 39526.40
27.40 39526.40
27.50 39526.40
27.60 39526.40
27.70 39526.40
27.80 39526.40
27.90 39526.40
28.00 39526.40
28.10 89497.60
28.20 89497.60
28.30 89497.60
28.40 89497.60
28.50 89497.60
28.60 89497.60
28.70 89497.60
28.80 89497.60
28.90 89497.60
29.00 89497.60
29.10 70860.80
29.20 70860.80
29.30 70860.80
29.40 70860.80
29.50 70860.80
29.60 70860.80
29.70 70860.80
29.80 70860.80
29.90 70860.80
30.00 70860.80
