0.10 93081.60
0.20 93081.60
0.30 93081.60
0.40 93081.60
0.50 93081.60
0.60 93081.60
0.70 93081.60
0.80 93081.60
0.90 93081.60
1.00 93081.60
1.10 71987.20
1.20 71987.20
1.30 71987.20
1.40 71987.20
1.50 71987.20
1.60 71987.20
1.70 71987.20
1.80 71987.20
1.90 71987.20
2.00 71987.20
2.10 106700.80
2.20 106700.80
2.30 106700.80
2.40 106700.80
2.50 106700.80
2.60 106700.80
2.70 106700.80
2.80 106700.80
2.90 106700.80
3.00 106700.80
3.10 84172.80
3.20 84172.80
3.30 84172.80
3.40 84172.80
3.50 84172.80
3.60 84172.80
3.70 84172.80
3.80 84172.80
3.90 84172.80
4.00 84172.80
4.10 91955.20
4.20 91955.20
4.30 91955.20
4.40 91955.20
4.50 91955.20
4.60 91955.20
4.70 91955.20
4.80 91955.20
4.90 91955.20
5.00 91955.20
5.10 90726.40
5.20 90726.40
5.30 90726.40
5.40 90726.40
5.50 90726.40
5.60 90726.40
5.70 90726.40
5.80 90726.40
5.90 90726.40
6.00 90726.40
6.10 66048.00
6.20 66048.00
6.30 66048.00
6.40 66048.00
6.50 66048.00
6.60 66048.00
6.70 66048.00
6.80 66048.00
6.90 66048.00
7.00 66048.00
7.10 75161.60
7.20 75161.60
7.30 75161.60
7.40 75161.60
7.50 75161.60
7.60 75161.60
7.70 75161.60
7.80 75161.60
7.90 75161.60
8.00 75161.60
8.10 72089.60
8.20 72089.60
8.30 72089.60
8.40 72089.60
8.50 72089.60
8.60 72089.60
8.70 72089.60
8.80 72089.60
8.90 72089.60
9.00 72089.60
9.10 71884.80
9.20 71884.80
9.30 71884.80
9.40 71884.80
9.50 71884.80
9.60 71884.80
9.70 71884.80
9.80 71884.80
9.90 71884.80
10.00 71884.80
10.10 73523.20
10.20 73523.20
10.30 73523.20
10.40 73523.20
10.50 73523.20
10.60 73523.20
10.70 73523.20
10.80 73523.20
10.90 73523.20
11.00 73523.20
11.10 83456.00
11.20 83456.00
11.30 83456.00
11.40 83456.00
11.50 83456.00
11.60 83456.00
11.70 83456.00
11.80 83456.00
11.90 83456.00
12.00 83456.00
12.10 93593.60
12.20 93593.60
12.30 93593.60
12.40 93593.60
12.50 93593.60
12.60 93593.60
12.70 93593.60
12.80 93593.60
12.90 93593.60
13.00 93593.60
13.10 70860.80
13.20 70860.80
13.30 70860.80
13.40 70860.80
13.50 70860.80
13.60 70860.80
13.70 70860.80
13.80 70860.80
13.90 70860.80
14.00 70860.80
14.10 36147.20
14.20 36147.20
14.30 36147.20
14.40 36147.20
14.50 36147.20
14.60 36147.20
14.70 36147.20
14.80 36147.20
14.90 36147.20
15.00 36147.20
15.10 52736.00
15.20 52736.00
15.30 52736.00
15.40 52736.00
15.50 52736.00
15.60 52736.00
15.70 52736.00
15.80 52736.00
15.90 52736.00
16.00 52736.00
16.10 93184.00
16.20 93184.00
16.30 93184.00
16.40 93184.00
16.50 93184.00
16.60 93184.00
16.70 93184.00
16.80 93184.00
16.90 93184.00
17.00 93184.00
17.10 97280.00
17.20 97280.00
17.30 97280.00
17.40 97280.00
17.50 97280.00
17.60 97280.00
17.70 97280.00
17.80 97280.00
17.90 97280.00
18.00 97280.00
18.10 98508.80
18.20 98508.80
18.30 98508.80
18.40 98508.80
18.50 98508.80
18.60 98508.80
18.70 98508.80
18.80 98508.80
18.90 98508.80
19.00 98508.80
19.10 98611.20
19.20 98611.20
19.30 98611.20
19.40 98611.20
19.50 98611.20
19.60 98611.20
19.70 98611.20
19.80 98611.20
19.90 98611.20
20.00 98611.20
20.10 97689.60
20.20 97689.60
20.30 97689.60
20.40 97689.60
20.50 97689.60
20.60 97689.60
20.70 97689.60
20.80 97689.60
20.90 97689.60
21.00 97689.60
21.10 98201.60
21.20 98201.60
21.30 98201.60
21.40 98201.60
21.50 98201.60
21.60 98201.60
21.70 98201.60
21.80 98201.60
21.90 98201.60
22.00 98201.60
22.10 93184.00
22.20 93184.00
22.30 93184.00
22.40 93184.00
22.50 93184.00
22.60 93184.00
22.70 93184.00
22.80 93184.00
22.90 93184.00
23.00 93184.00
23.10 93081.60
23.20 93081.60
23.30 93081.60
23.40 93081.60
23.50 93081.60
23.60 93081.60
23.70 93081.60
23.80 93081.60
23.90 93081.60
24.00 93081.60
24.10 92160.00
24.20 92160.00
24.30 92160.00
24.40 92160.00
24.50 92160.00
24.60 92160.00
24.70 92160.00
24.80 92160.00
24.90 92160.00
25.00 92160.00
25.10 63488.00
25.20 63488.00
25.30 63488.00
25.40 63488.00
25.50 63488.00
25.60 63488.00
25.70 63488.00
25.80 63488.00
25.90 63488.00
26.00 63488.00
26.10 80179.20
26.20 80179.20
26.30 80179.20
26.40 80179.20
26.50 80179.20
26.60 80179.20
26.70 80179.20
26.80 80179.20
26.90 80179.20
27.00 80179.20
27.10 66252.80
27.20 66252.80
27.30 66252.80
27.40 66252.80
27.50 66252.80
27.60 66252.80
27.70 66252.80
27.80 66252.80
27.90 66252.80
28.00 66252.80
28.10 76697.60
28.20 76697.60
28.30 76697.60
28.40 76697.60
28.50 76697.60
28.60 76697.60
28.70 76697.60
28.80 76697.60
28.90 76697.60
29.00 76697.60
29.10 88371.20
29.20 88371.20
29.30 88371.20
29.40 88371.20
29.50 88371.20
29.60 88371.20
29.70 88371.20
29.80 88371.20
29.90 88371.20
30.00 88371.20
