0.10 43110.40
0.20 43110.40
0.30 43110.40
0.40 43110.40
0.50 43110.40
0.60 43110.40
0.70 43110.40
0.80 43110.40
0.90 43110.40
1.00 43110.40
1.10 45875.20
1.20 45875.20
1.30 45875.20
1.40 45875.20
1.50 45875.20
1.60 45875.20
1.70 45875.20
1.80 45875.20
1.90 45875.20
2.00 45875.20
2.10 5632.00
2.20 5632.00
2.30 5632.00
2.40 5632.00
2.50 5632.00
2.60 5632.00
2.70 5632.00
2.80 5632.00
2.90 5632.00
3.00 5632.00
3.10 57446.40
3.20 57446.40
3.30 57446.40
3.40 57446.40
3.50 57446.40
3.60 57446.40
3.70 57446.40
3.80 57446.40
3.90 57446.40
4.00 57446.40
4.10 66150.40
4.20 66150.40
4.30 66150.40
4.40 66150.40
4.50 66150.40
4.60 66150.40
4.70 66150.40
4.80 66150.40
4.90 66150.40
5.00 66150.40
5.10 60211.20
5.20 60211.20
5.30 60211.20
5.40 60211.20
5.50 60211.20
5.60 60211.20
5.70 60211.20
5.80 60211.20
5.90 60211.20
6.00 60211.20
6.10 57036.80
6.20 57036.80
6.30 57036.80
6.40 57036.80
6.50 57036.80
6.60 57036.80
6.70 57036.80
6.80 57036.80
6.90 57036.80
7.00 57036.80
7.10 49049.60
7.20 49049.60
7.30 49049.60
7.40 49049.60
7.50 49049.60
7.60 49049.60
7.70 49049.60
7.80 49049.60
7.90 49049.60
8.00 49049.60
8.10 61542.40
8.20 61542.40
8.30 61542.40
8.40 61542.40
8.50 61542.40
8.60 61542.40
8.70 61542.40
8.80 61542.40
8.90 61542.40
9.00 61542.40
9.10 64204.80
9.20 64204.80
9.30 64204.80
9.40 64204.80
9.50 64204.80
9.60 64204.80
9.70 64204.80
9.80 64204.80
9.90 64204.80
10.00 64204.80
10.10 63897.60
10.20 63897.60
10.30 63897.60
10.40 63897.60
10.50 63897.60
10.60 63897.60
10.70 63897.60
10.80 63897.60
10.90 63897.60
11.00 63897.60
11.10 67276.80
11.20 67276.80
11.30 67276.80
11.40 67276.80
11.50 67276.80
11.60 67276.80
11.70 67276.80
11.80 67276.80
11.90 67276.80
12.00 67276.80
12.10 69529.60
12.20 69529.60
12.30 69529.60
12.40 69529.60
12.50 69529.60
12.60 69529.60
12.70 69529.60
12.80 69529.60
12.90 69529.60
13.00 69529.60
13.10 69529.60
13.20 69529.60
13.30 69529.60
13.40 69529.60
13.50 69529.60
13.60 69529.60
13.70 69529.60
13.80 69529.60
13.90 69529.60
14.00 69529.60
14.10 65638.40
14.20 65638.40
14.30 65638.40
14.40 65638.40
14.50 65638.40
14.60 65638.40
14.70 65638.40
14.80 65638.40
14.90 65638.40
15.00 65638.40
15.10 70758.40
15.20 70758.40
15.30 70758.40
15.40 70758.40
15.50 70758.40
15.60 70758.40
15.70 70758.40
15.80 70758.40
15.90 70758.40
16.00 70758.40
16.10 66867.20
16.20 66867.20
16.30 66867.20
16.40 66867.20
16.50 66867.20
16.60 66867.20
16.70 66867.20
16.80 66867.20
16.90 66867.20
17.00 66867.20
17.10 67686.40
17.20 67686.40
17.30 67686.40
17.40 67686.40
17.50 67686.40
17.60 67686.40
17.70 67686.40
17.80 67686.40
17.90 67686.40
18.00 67686.40
18.10 66048.00
18.20 66048.00
18.30 66048.00
18.40 66048.00
18.50 66048.00
18.60 66048.00
18.70 66048.00
18.80 66048.00
18.90 66048.00
19.00 66048.00
19.10 61440.00
19.20 61440.00
19.30 61440.00
19.40 61440.00
19.50 61440.00
19.60 61440.00
19.70 61440.00
19.80 61440.00
19.90 61440.00
20.00 61440.00
20.10 63692.80
20.20 63692.80
20.30 63692.80
20.40 63692.80
20.50 63692.80
20.60 63692.80
20.70 63692.80
20.80 63692.80
20.90 63692.80
21.00 63692.80
21.10 55091.20
21.20 55091.20
21.30 55091.20
21.40 55091.20
21.50 55091.20
21.60 55091.20
21.70 55091.20
21.80 55091.20
21.90 55091.20
22.00 55091.20
22.10 57036.80
22.20 57036.80
22.30 57036.80
22.40 57036.80
22.50 57036.80
22.60 57036.80
22.70 57036.80
22.80 57036.80
22.90 57036.80
23.00 57036.80
23.10 57651.20
23.20 57651.20
23.30 57651.20
23.40 57651.20
23.50 57651.20
23.60 57651.20
23.70 57651.20
23.80 57651.20
23.90 57651.20
24.00 57651.20
24.10 61747.20
24.20 61747.20
24.30 61747.20
24.40 61747.20
24.50 61747.20
24.60 61747.20
24.70 61747.20
24.80 61747.20
24.90 61747.20
25.00 61747.20
25.10 58060.80
25.20 58060.80
25.30 58060.80
25.40 58060.80
25.50 58060.80
25.60 58060.80
25.70 58060.80
25.80 58060.80
25.90 58060.80
26.00 58060.80
26.10 61440.00
26.20 61440.00
26.30 61440.00
26.40 61440.00
26.50 61440.00
26.60 61440.00
26.70 61440.00
26.80 61440.00
26.90 61440.00
27.00 61440.00
27.10 54886.40
27.20 54886.40
27.30 54886.40
27.40 54886.40
27.50 54886.40
27.60 54886.40
27.70 54886.40
27.80 54886.40
27.90 54886.40
28.00 54886.40
28.10 6348.80
28.20 6348.80
28.30 6348.80
28.40 6348.80
28.50 6348.80
28.60 6348.80
28.70 6348.80
28.80 6348.80
28.90 6348.80
29.00 6348.80
29.10 84480.00
29.20 84480.00
29.30 84480.00
29.40 84480.00
29.50 84480.00
29.60 84480.00
29.70 84480.00
29.80 84480.00
29.90 84480.00
30.00 84480.00
