0.10 139673.60
0.20 139673.60
0.30 139673.60
0.40 139673.60
0.50 139673.60
0.60 139673.60
0.70 139673.60
0.80 139673.60
0.90 139673.60
1.00 139673.60
1.10 73830.40
1.20 73830.40
1.30 73830.40
1.40 73830.40
1.50 73830.40
1.60 73830.40
1.70 73830.40
1.80 73830.40
1.90 73830.40
2.00 73830.40
2.10 74035.20
2.20 74035.20
2.30 74035.20
2.40 74035.20
2.50 74035.20
2.60 74035.20
2.70 74035.20
2.80 74035.20
2.90 74035.20
3.00 74035.20
3.10 41472.00
3.20 41472.00
3.30 41472.00
3.40 41472.00
3.50 41472.00
3.60 41472.00
3.70 41472.00
3.80 41472.00
3.90 41472.00
4.00 41472.00
4.10 106598.40
4.20 106598.40
4.30 106598.40
4.40 106598.40
4.50 106598.40
4.60 106598.40
4.70 106598.40
4.80 106598.40
4.90 106598.40
5.00 106598.40
5.10 73625.60
5.20 73625.60
5.30 73625.60
5.40 73625.60
5.50 73625.60
5.60 73625.60
5.70 73625.60
5.80 73625.60
5.90 73625.60
6.00 73625.60
6.10 74649.60
6.20 74649.60
6.30 74649.60
6.40 74649.60
6.50 74649.60
6.60 74649.60
6.70 74649.60
6.80 74649.60
6.90 74649.60
7.00 74649.60
7.10 72294.40
7.20 72294.40
7.30 72294.40
7.40 72294.40
7.50 72294.40
7.60 72294.40
7.70 72294.40
7.80 72294.40
7.90 72294.40
8.00 72294.40
8.10 71065.60
8.20 71065.60
8.30 71065.60
8.40 71065.60
8.50 71065.60
8.60 71065.60
8.70 71065.60
8.80 71065.60
8.90 71065.60
9.00 71065.60
9.10 75059.20
9.20 75059.20
9.30 75059.20
9.40 75059.20
9.50 75059.20
9.60 75059.20
9.70 75059.20
9.80 75059.20
9.90 75059.20
10.00 75059.20
10.10 76185.60
10.20 76185.60
10.30 76185.60
10.40 76185.60
10.50 76185.60
10.60 76185.60
10.70 76185.60
10.80 76185.60
10.90 76185.60
11.00 76185.60
11.10 73830.40
11.20 73830.40
11.30 73830.40
11.40 73830.40
11.50 73830.40
11.60 73830.40
11.70 73830.40
11.80 73830.40
11.90 73830.40
12.00 73830.40
12.10 72908.80
12.20 72908.80
12.30 72908.80
12.40 72908.80
12.50 72908.80
12.60 72908.80
12.70 72908.80
12.80 72908.80
12.90 72908.80
13.00 72908.80
13.10 72908.80
13.20 72908.80
13.30 72908.80
13.40 72908.80
13.50 72908.80
13.60 72908.80
13.70 72908.80
13.80 72908.80
13.90 72908.80
14.00 72908.80
14.10 72499.20
14.20 72499.20
14.30 72499.20
14.40 72499.20
14.50 72499.20
14.60 72499.20
14.70 72499.20
14.80 72499.20
14.90 72499.20
15.00 72499.20
15.10 36454.40
15.20 36454.40
15.30 36454.40
15.40 36454.40
15.50 36454.40
15.60 36454.40
15.70 36454.40
15.80 36454.40
15.90 36454.40
16.00 36454.40
16.10 114073.60
16.20 114073.60
16.30 114073.60
16.40 114073.60
16.50 114073.60
16.60 114073.60
16.70 114073.60
16.80 114073.60
16.90 114073.60
17.00 114073.60
17.10 75776.00
17.20 75776.00
17.30 75776.00
17.40 75776.00
17.50 75776.00
17.60 75776.00
17.70 75776.00
17.80 75776.00
17.90 75776.00
18.00 75776.00
18.10 76800.00
18.20 76800.00
18.30 76800.00
18.40 76800.00
18.50 76800.00
18.60 76800.00
18.70 76800.00
18.80 76800.00
18.90 76800.00
19.00 76800.00
19.10 71270.40
19.20 71270.40
19.30 71270.40
19.40 71270.40
19.50 71270.40
19.60 71270.40
19.70 71270.40
19.80 71270.40
19.90 71270.40
20.00 71270.40
20.10 76185.60
20.20 76185.60
20.30 76185.60
20.40 76185.60
20.50 76185.60
20.60 76185.60
20.70 76185.60
20.80 76185.60
20.90 76185.60
21.00 76185.60
21.10 76800.00
21.20 76800.00
21.30 76800.00
21.40 76800.00
21.50 76800.00
21.60 76800.00
21.70 76800.00
21.80 76800.00
21.90 76800.00
22.00 76800.00
22.10 70553.60
22.20 70553.60
22.30 70553.60
22.40 70553.60
22.50 70553.60
22.60 70553.60
22.70 70553.60
22.80 70553.60
22.90 70553.60
23.00 70553.60
23.10 69222.40
23.20 69222.40
23.30 69222.40
23.40 69222.40
23.50 69222.40
23.60 69222.40
23.70 69222.40
23.80 69222.40
23.90 69222.40
24.00 69222.40
24.10 69120.00
24.20 69120.00
24.30 69120.00
24.40 69120.00
24.50 69120.00
24.60 69120.00
24.70 69120.00
24.80 69120.00
24.90 69120.00
25.00 69120.00
25.10 71680.00
25.20 71680.00
25.30 71680.00
25.40 71680.00
25.50 71680.00
25.60 71680.00
25.70 71680.00
25.80 71680.00
25.90 71680.00
26.00 71680.00
26.10 71987.20
26.20 71987.20
26.30 71987.20
26.40 71987.20
26.50 71987.20
26.60 71987.20
26.70 71987.20
26.80 71987.20
26.90 71987.20
27.00 71987.20
27.10 66662.40
27.20 66662.40
27.30 66662.40
27.40 66662.40
27.50 66662.40
27.60 66662.40
27.70 66662.40
27.80 66662.40
27.90 66662.40
28.00 66662.40
28.10 77107.20
28.20 77107.20
28.30 77107.20
28.40 77107.20
28.50 77107.20
28.60 77107.20
28.70 77107.20
28.80 77107.20
28.90 77107.20
29.00 77107.20
29.10 73420.80
29.20 73420.80
29.30 73420.80
29.40 73420.80
29.50 73420.80
29.60 73420.80
29.70 73420.80
29.80 73420.80
29.90 73420.80
30.00 73420.80
