0.10 132096.00
0.20 132096.00
0.30 132096.00
0.40 132096.00
0.50 132096.00
0.60 132096.00
0.70 132096.00
0.80 132096.00
0.90 132096.00
1.00 132096.00
1.10 64819.20
1.20 64819.20
1.30 64819.20
1.40 64819.20
1.50 64819.20
1.60 64819.20
1.70 64819.20
1.80 64819.20
1.90 64819.20
2.00 64819.20
2.10 63078.40
2.20 63078.40
2.30 63078.40
2.40 63078.40
2.50 63078.40
2.60 63078.40
2.70 63078.40
2.80 63078.40
2.90 63078.40
3.00 63078.40
3.10 29798.40
3.20 29798.40
3.30 29798.40
3.40 29798.40
3.50 29798.40
3.60 29798.40
3.70 29798.40
3.80 29798.40
3.90 29798.40
4.00 29798.40
4.10 73420.80
4.20 73420.80
4.30 73420.80
4.40 73420.80
4.50 73420.80
4.60 73420.80
4.70 73420.80
4.80 73420.80
4.90 73420.80
5.00 73420.80
5.10 31641.60
5.20 31641.60
5.30 31641.60
5.40 31641.60
5.50 31641.60
5.60 31641.60
5.70 31641.60
5.80 31641.60
5.90 31641.60
6.00 31641.60
6.10 8601.60
6.20 8601.60
6.30 8601.60
6.40 8601.60
6.50 8601.60
6.60 8601.60
6.70 8601.60
6.80 8601.60
6.90 8601.60
7.00 8601.60
7.10 59494.40
7.20 59494.40
7.30 59494.40
7.40 59494.40
7.50 59494.40
7.60 59494.40
7.70 59494.40
7.80 59494.40
7.90 59494.40
8.00 59494.40
8.10 41984.00
8.20 41984.00
8.30 41984.00
8.40 41984.00
8.50 41984.00
8.60 41984.00
8.70 41984.00
8.80 41984.00
8.90 41984.00
9.00 41984.00
9.10 44748.80
9.20 44748.80
9.30 44748.80
9.40 44748.80
9.50 44748.80
9.60 44748.80
9.70 44748.80
9.80 44748.80
9.90 44748.80
10.00 44748.80
10.10 56729.60
10.20 56729.60
10.30 56729.60
10.40 56729.60
10.50 56729.60
10.60 56729.60
10.70 56729.60
10.80 56729.60
10.90 56729.60
11.00 56729.60
11.10 46489.60
11.20 46489.60
11.30 46489.60
11.40 46489.60
11.50 46489.60
11.60 46489.60
11.70 46489.60
11.80 46489.60
11.90 46489.60
12.00 46489.60
12.10 17305.60
12.20 17305.60
12.30 17305.60
12.40 17305.60
12.50 17305.60
12.60 17305.60
12.70 17305.60
12.80 17305.60
12.90 17305.60
13.00 17305.60
13.10 86732.80
13.20 86732.80
13.30 86732.80
13.40 86732.80
13.50 86732.80
13.60 86732.80
13.70 86732.80
13.80 86732.80
13.90 86732.80
14.00 86732.80
14.10 48640.00
14.20 48640.00
14.30 48640.00
14.40 48640.00
14.50 48640.00
14.60 48640.00
14.70 48640.00
14.80 48640.00
14.90 48640.00
15.00 48640.00
15.10 47923.20
15.20 47923.20
15.30 47923.20
15.40 47923.20
15.50 47923.20
15.60 47923.20
15.70 47923.20
15.80 47923.20
15.90 47923.20
16.00 47923.20
16.10 27340.80
16.20 27340.80
16.30 27340.80
16.40 27340.80
16.50 27340.80
16.60 27340.80
16.70 27340.80
16.80 27340.80
16.90 27340.80
17.00 27340.80
17.10 0.00
17.20 0.00
17.30 0.00
17.40 0.00
17.50 0.00
17.60 0.00
17.70 0.00
17.80 0.00
17.90 0.00
18.00 0.00
18.10 93798.40
18.20 93798.40
18.30 93798.40
18.40 93798.40
18.50 93798.40
18.60 93798.40
18.70 93798.40
18.80 93798.40
18.90 93798.40
19.00 93798.40
19.10 35737.60
19.20 35737.60
19.30 35737.60
19.40 35737.60
19.50 35737.60
19.60 35737.60
19.70 35737.60
19.80 35737.60
19.90 35737.60
20.00 35737.60
20.10 30720.00
20.20 30720.00
20.30 30720.00
20.40 30720.00
20.50 30720.00
20.60 30720.00
20.70 30720.00
20.80 30720.00
20.90 30720.00
21.00 30720.00
21.10 22016.00
21.20 22016.00
21.30 22016.00
21.40 22016.00
21.50 22016.00
21.60 22016.00
21.70 22016.00
21.80 22016.00
21.90 22016.00
22.00 22016.00
22.10 18944.00
22.20 18944.00
22.30 18944.00
22.40 18944.00
22.50 18944.00
22.60 18944.00
22.70 18944.00
22.80 18944.00
22.90 18944.00
23.00 18944.00
23.10 50073.60
23.20 50073.60
23.30 50073.60
23.40 50073.60
23.50 50073.60
23.60 50073.60
23.70 50073.60
23.80 50073.60
23.90 50073.60
24.00 50073.60
24.10 64204.80
24.20 64204.80
24.30 64204.80
24.40 64204.80
24.50 64204.80
24.60 64204.80
24.70 64204.80
24.80 64204.80
24.90 64204.80
25.00 64204.80
25.10 58982.40
25.20 58982.40
25.30 58982.40
25.40 58982.40
25.50 58982.40
25.60 58982.40
25.70 58982.40
25.80 58982.40
25.90 58982.40
26.00 58982.40
26.10 62976.00
26.20 62976.00
26.30 62976.00
26.40 62976.00
26.50 62976.00
26.60 62976.00
26.70 62976.00
26.80 62976.00
26.90 62976.00
27.00 62976.00
27.10 41164.80
27.20 41164.80
27.30 41164.80
27.40 41164.80
27.50 41164.80
27.60 41164.80
27.70 41164.80
27.80 41164.80
27.90 41164.80
28.00 41164.80
28.10 40038.40
28.20 40038.40
28.30 40038.40
28.40 40038.40
28.50 40038.40
28.60 40038.40
28.70 40038.40
28.80 40038.40
28.90 40038.40
29.00 40038.40
29.10 26009.60
29.20 26009.60
29.30 26009.60
29.40 26009.60
29.50 26009.60
29.60 26009.60
29.70 26009.60
29.80 26009.60
29.90 26009.60
30.00 26009.60
