0.10 99020.80
0.20 99020.80
0.30 99020.80
0.40 99020.80
0.50 99020.80
0.60 99020.80
0.70 99020.80
0.80 99020.80
0.90 99020.80
1.00 99020.80
1.10 102707.20
1.20 102707.20
1.30 102707.20
1.40 102707.20
1.50 102707.20
1.60 102707.20
1.70 102707.20
1.80 102707.20
1.90 102707.20
2.00 102707.20
2.10 99737.60
2.20 99737.60
2.30 99737.60
2.40 99737.60
2.50 99737.60
2.60 99737.60
2.70 99737.60
2.80 99737.60
2.90 99737.60
3.00 99737.60
3.10 97280.00
3.20 97280.00
3.30 97280.00
3.40 97280.00
3.50 97280.00
3.60 97280.00
3.70 97280.00
3.80 97280.00
3.90 97280.00
4.00 97280.00
4.10 98918.40
4.20 98918.40
4.30 98918.40
4.40 98918.40
4.50 98918.40
4.60 98918.40
4.70 98918.40
4.80 98918.40
4.90 98918.40
5.00 98918.40
5.10 99737.60
5.20 99737.60
5.30 99737.60
5.40 99737.60
5.50 99737.60
5.60 99737.60
5.70 99737.60
5.80 99737.60
5.90 99737.60
6.00 99737.60
6.10 102195.20
6.20 102195.20
6.30 102195.20
6.40 102195.20
6.50 102195.20
6.60 102195.20
6.70 102195.20
6.80 102195.20
6.90 102195.20
7.00 102195.20
7.10 101990.40
7.20 101990.40
7.30 101990.40
7.40 101990.40
7.50 101990.40
7.60 101990.40
7.70 101990.40
7.80 101990.40
7.90 101990.40
8.00 101990.40
8.10 98816.00
8.20 98816.00
8.30 98816.00
8.40 98816.00
8.50 98816.00
8.60 98816.00
8.70 98816.00
8.80 98816.00
8.90 98816.00
9.00 98816.00
9.10 36966.40
9.20 36966.40
9.30 36966.40
9.40 36966.40
9.50 36966.40
9.60 36966.40
9.70 36966.40
9.80 36966.40
9.90 36966.40
10.00 36966.40
10.10 168038.40
10.20 168038.40
10.30 168038.40
10.40 168038.40
10.50 168038.40
10.60 168038.40
10.70 168038.40
10.80 168038.40
10.90 168038.40
11.00 168038.40
11.10 99225.60
11.20 99225.60
11.30 99225.60
11.40 99225.60
11.50 99225.60
11.60 99225.60
11.70 99225.60
11.80 99225.60
11.90 99225.60
12.00 99225.60
12.10 101683.20
12.20 101683.20
12.30 101683.20
12.40 101683.20
12.50 101683.20
12.60 101683.20
12.70 101683.20
12.80 101683.20
12.90 101683.20
13.00 101683.20
13.10 100352.00
13.20 100352.00
13.30 100352.00
13.40 100352.00
13.50 100352.00
13.60 100352.00
13.70 100352.00
13.80 100352.00
13.90 100352.00
14.00 100352.00
14.10 101376.00
14.20 101376.00
14.30 101376.00
14.40 101376.00
14.50 101376.00
14.60 101376.00
14.70 101376.00
14.80 101376.00
14.90 101376.00
15.00 101376.00
15.10 102400.00
15.20 102400.00
15.30 102400.00
15.40 102400.00
15.50 102400.00
15.60 102400.00
15.70 102400.00
15.80 102400.00
15.90 102400.00
16.00 102400.00
16.10 100454.40
16.20 100454.40
16.30 100454.40
16.40 100454.40
16.50 100454.40
16.60 100454.40
16.70 100454.40
16.80 100454.40
16.90 100454.40
17.00 100454.40
17.10 103321.60
17.20 103321.60
17.30 103321.60
17.40 103321.60
17.50 103321.60
17.60 103321.60
17.70 103321.60
17.80 103321.60
17.90 103321.60
18.00 103321.60
18.10 100761.60
18.20 100761.60
18.30 100761.60
18.40 100761.60
18.50 100761.60
18.60 100761.60
18.70 100761.60
18.80 100761.60
18.90 100761.60
19.00 100761.60
19.10 102707.20
19.20 102707.20
19.30 102707.20
19.40 102707.20
19.50 102707.20
19.60 102707.20
19.70 102707.20
19.80 102707.20
19.90 102707.20
20.00 102707.20
20.10 100864.00
20.20 100864.00
20.30 100864.00
20.40 100864.00
20.50 100864.00
20.60 100864.00
20.70 100864.00
20.80 100864.00
20.90 100864.00
21.00 100864.00
21.10 100966.40
21.20 100966.40
21.30 100966.40
21.40 100966.40
21.50 100966.40
21.60 100966.40
21.70 100966.40
21.80 100966.40
21.90 100966.40
22.00 100966.40
22.10 100352.00
22.20 100352.00
22.30 100352.00
22.40 100352.00
22.50 100352.00
22.60 100352.00
22.70 100352.00
22.80 100352.00
22.90 100352.00
23.00 100352.00
23.10 102092.80
23.20 102092.80
23.30 102092.80
23.40 102092.80
23.50 102092.80
23.60 102092.80
23.70 102092.80
23.80 102092.80
23.90 102092.80
24.00 102092.80
24.10 101580.80
24.20 101580.80
24.30 101580.80
24.40 101580.80
24.50 101580.80
24.60 101580.80
24.70 101580.80
24.80 101580.80
24.90 101580.80
25.00 101580.80
25.10 105267.20
25.20 105267.20
25.30 105267.20
25.40 105267.20
25.50 105267.20
25.60 105267.20
25.70 105267.20
25.80 105267.20
25.90 105267.20
26.00 105267.20
26.10 105472.00
26.20 105472.00
26.30 105472.00
26.40 105472.00
26.50 105472.00
26.60 105472.00
26.70 105472.00
26.80 105472.00
26.90 105472.00
27.00 105472.00
27.10 100147.20
27.20 100147.20
27.30 100147.20
27.40 100147.20
27.50 100147.20
27.60 100147.20
27.70 100147.20
27.80 100147.20
27.90 100147.20
28.00 100147.20
28.10 100352.00
28.20 100352.00
28.30 100352.00
28.40 100352.00
28.50 100352.00
28.60 100352.00
28.70 100352.00
28.80 100352.00
28.90 100352.00
29.00 100352.00
29.10 102092.80
29.20 102092.80
29.30 102092.80
29.40 102092.80
29.50 102092.80
29.60 102092.80
29.70 102092.80
29.80 102092.80
29.90 102092.80
30.00 102092.80
