0.10 41472.00
0.20 41472.00
0.30 41472.00
0.40 41472.00
0.50 41472.00
0.60 41472.00
0.70 41472.00
0.80 41472.00
0.90 41472.00
1.00 41472.00
1.10 54067.20
1.20 54067.20
1.30 54067.20
1.40 54067.20
1.50 54067.20
1.60 54067.20
1.70 54067.20
1.80 54067.20
1.90 54067.20
2.00 54067.20
2.10 62156.80
2.20 62156.80
2.30 62156.80
2.40 62156.80
2.50 62156.80
2.60 62156.80
2.70 62156.80
2.80 62156.80
2.90 62156.80
3.00 62156.80
3.10 63692.80
3.20 63692.80
3.30 63692.80
3.40 63692.80
3.50 63692.80
3.60 63692.80
3.70 63692.80
3.80 63692.80
3.90 63692.80
4.00 63692.80
4.10 60211.20
4.20 60211.20
4.30 60211.20
4.40 60211.20
4.50 60211.20
4.60 60211.20
4.70 60211.20
4.80 60211.20
4.90 60211.20
5.00 60211.20
5.10 63078.40
5.20 63078.40
5.30 63078.40
5.40 63078.40
5.50 63078.40
5.60 63078.40
5.70 63078.40
5.80 63078.40
5.90 63078.40
6.00 63078.40
6.10 64102.40
6.20 64102.40
6.30 64102.40
6.40 64102.40
6.50 64102.40
6.60 64102.40
6.70 64102.40
6.80 64102.40
6.90 64102.40
7.00 64102.40
7.10 41676.80
7.20 41676.80
7.30 41676.80
7.40 41676.80
7.50 41676.80
7.60 41676.80
7.70 41676.80
7.80 41676.80
7.90 41676.80
8.00 41676.80
8.10 68812.80
8.20 68812.80
8.30 68812.80
8.40 68812.80
8.50 68812.80
8.60 68812.80
8.70 68812.80
8.80 68812.80
8.90 68812.80
9.00 68812.80
9.10 65843.20
9.20 65843.20
9.30 65843.20
9.40 65843.20
9.50 65843.20
9.60 65843.20
9.70 65843.20
9.80 65843.20
9.90 65843.20
10.00 65843.20
10.10 62668.80
10.20 62668.80
10.30 62668.80
10.40 62668.80
10.50 62668.80
10.60 62668.80
10.70 62668.80
10.80 62668.80
10.90 62668.80
11.00 62668.80
11.10 51814.40
11.20 51814.40
11.30 51814.40
11.40 51814.40
11.50 51814.40
11.60 51814.40
11.70 51814.40
11.80 51814.40
11.90 51814.40
12.00 51814.40
12.10 75468.80
12.20 75468.80
12.30 75468.80
12.40 75468.80
12.50 75468.80
12.60 75468.80
12.70 75468.80
12.80 75468.80
12.90 75468.80
13.00 75468.80
13.10 65024.00
13.20 65024.00
13.30 65024.00
13.40 65024.00
13.50 65024.00
13.60 65024.00
13.70 65024.00
13.80 65024.00
13.90 65024.00
14.00 65024.00
14.10 65433.60
14.20 65433.60
14.30 65433.60
14.40 65433.60
14.50 65433.60
14.60 65433.60
14.70 65433.60
14.80 65433.60
14.90 65433.60
15.00 65433.60
15.10 64921.60
15.20 64921.60
15.30 64921.60
15.40 64921.60
15.50 64921.60
15.60 64921.60
15.70 64921.60
15.80 64921.60
15.90 64921.60
16.00 64921.60
16.10 64512.00
16.20 64512.00
16.30 64512.00
16.40 64512.00
16.50 64512.00
16.60 64512.00
16.70 64512.00
16.80 64512.00
16.90 64512.00
17.00 64512.00
17.10 61542.40
17.20 61542.40
17.30 61542.40
17.40 61542.40
17.50 61542.40
17.60 61542.40
17.70 61542.40
17.80 61542.40
17.90 61542.40
18.00 61542.40
18.10 57856.00
18.20 57856.00
18.30 57856.00
18.40 57856.00
18.50 57856.00
18.60 57856.00
18.70 57856.00
18.80 57856.00
18.90 57856.00
19.00 57856.00
19.10 57856.00
19.20 57856.00
19.30 57856.00
19.40 57856.00
19.50 57856.00
19.60 57856.00
19.70 57856.00
19.80 57856.00
19.90 57856.00
20.00 57856.00
20.10 58675.20
20.20 58675.20
20.30 58675.20
20.40 58675.20
20.50 58675.20
20.60 58675.20
20.70 58675.20
20.80 58675.20
20.90 58675.20
21.00 58675.20
21.10 61542.40
21.20 61542.40
21.30 61542.40
21.40 61542.40
21.50 61542.40
21.60 61542.40
21.70 61542.40
21.80 61542.40
21.90 61542.40
22.00 61542.40
22.10 61132.80
22.20 61132.80
22.30 61132.80
22.40 61132.80
22.50 61132.80
22.60 61132.80
22.70 61132.80
22.80 61132.80
22.90 61132.80
23.00 61132.80
23.10 63692.80
23.20 63692.80
23.30 63692.80
23.40 63692.80
23.50 63692.80
23.60 63692.80
23.70 63692.80
23.80 63692.80
23.90 63692.80
24.00 63692.80
24.10 59392.00
24.20 59392.00
24.30 59392.00
24.40 59392.00
24.50 59392.00
24.60 59392.00
24.70 59392.00
24.80 59392.00
24.90 59392.00
25.00 59392.00
25.10 17305.60
25.20 17305.60
25.30 17305.60
25.40 17305.60
25.50 17305.60
25.60 17305.60
25.70 17305.60
25.80 17305.60
25.90 17305.60
26.00 17305.60
26.10 82944.00
26.20 82944.00
26.30 82944.00
26.40 82944.00
26.50 82944.00
26.60 82944.00
26.70 82944.00
26.80 82944.00
26.90 82944.00
27.00 82944.00
27.10 30924.80
27.20 30924.80
27.30 30924.80
27.40 30924.80
27.50 30924.80
27.60 30924.80
27.70 30924.80
27.80 30924.80
27.90 30924.80
28.00 30924.80
28.10 10956.80
28.20 10956.80
28.30 10956.80
28.40 10956.80
28.50 10956.80
28.60 10956.80
28.70 10956.80
28.80 10956.80
28.90 10956.80
29.00 10956.80
29.10 95948.80
29.20 95948.80
29.30 95948.80
29.40 95948.80
29.50 95948.80
29.60 95948.80
29.70 95948.80
29.80 95948.80
29.90 95948.80
30.00 95948.80
