0.10 402613.58
0.20 249453.90
0.30 249453.90
0.40 249453.90
0.50 249453.90
0.60 249453.90
0.70 249453.90
0.80 249453.90
0.90 249453.90
1.00 249453.90
1.10 85993.20
1.20 85993.20
1.30 85993.20
1.40 85993.20
1.50 85993.20
1.60 85993.20
1.70 85993.20
1.80 85993.20
1.90 85993.20
2.00 85993.20
2.10 439366.12
2.20 439366.12
2.30 439366.12
2.40 439366.12
2.50 439366.12
2.60 439366.12
2.70 439366.12
2.80 439366.12
2.90 439366.12
3.00 439366.12
3.10 332579.08
3.20 332579.08
3.30 332579.08
3.40 332579.08
3.50 332579.08
3.60 332579.08
3.70 332579.08
3.80 332579.08
3.90 332579.08
4.00 332579.08
4.10 241610.05
4.20 241610.05
4.30 241610.05
4.40 241610.05
4.50 241610.05
4.60 241610.05
4.70 241610.05
4.80 241610.05
4.90 241610.05
5.00 241610.05
5.10 212198.34
5.20 212198.34
5.30 212198.34
5.40 212198.34
5.50 212198.34
5.60 212198.34
5.70 212198.34
5.80 212198.34
5.90 212198.34
6.00 212198.34
6.10 281386.60
6.20 281386.60
6.30 281386.60
6.40 281386.60
6.50 281386.60
6.60 281386.60
6.70 281386.60
6.80 281386.60
6.90 281386.60
7.00 281386.60
7.10 364186.29
7.20 364186.29
7.30 364186.29
7.40 364186.29
7.50 364186.29
7.60 364186.29
7.70 364186.29
7.80 364186.29
7.90 364186.29
8.00 364186.29
8.10 348841.40
8.20 348841.40
8.30 348841.40
8.40 348841.40
8.50 348841.40
8.60 348841.40
8.70 348841.40
8.80 348841.40
8.90 348841.40
9.00 348841.40
9.10 201561.50
9.20 201561.50
9.30 201561.50
9.40 201561.50
9.50 201561.50
9.60 201561.50
9.70 201561.50
9.80 201561.50
9.90 201561.50
10.00 201561.50
10.10 31025.53
10.20 31025.53
10.30 31025.53
10.40 31025.53
10.50 31025.53
10.60 31025.53
10.70 31025.53
10.80 31025.53
10.90 31025.53
11.00 31025.53
11.10 206081.28
11.20 206081.28
11.30 206081.28
11.40 206081.28
11.50 206081.28
11.60 206081.28
11.70 206081.28
11.80 206081.28
11.90 206081.28
12.00 206081.28
12.10 304007.49
12.20 304007.49
12.30 304007.49
12.40 304007.49
12.50 304007.49
12.60 304007.49
12.70 304007.49
12.80 304007.49
12.90 304007.49
13.00 304007.49
13.10 387597.59
13.20 387597.59
13.30 387597.59
13.40 387597.59
13.50 387597.59
13.60 387597.59
13.70 387597.59
13.80 387597.59
13.90 387597.59
14.00 387597.59
14.10 115536.86
14.20 115536.86
14.30 115536.86
14.40 115536.86
14.50 115536.86
14.60 115536.86
14.70 115536.86
14.80 115536.86
14.90 115536.86
15.00 115536.86
15.10 68996.30
15.20 68996.30
15.30 68996.30
15.40 68996.30
15.50 68996.30
15.60 68996.30
15.70 68996.30
15.80 68996.30
15.90 68996.30
16.00 68996.30
16.10 72003.51
16.20 72003.51
16.30 72003.51
16.40 72003.51
16.50 72003.51
16.60 72003.51
16.70 72003.51
16.80 72003.51
16.90 72003.51
17.00 72003.51
17.10 59172.52
17.20 59172.52
17.30 59172.52
17.40 59172.52
17.50 59172.52
17.60 59172.52
17.70 59172.52
17.80 59172.52
17.90 59172.52
18.00 59172.52
18.10 384064.52
18.20 384064.52
18.30 384064.52
18.40 384064.52
18.50 384064.52
18.60 384064.52
18.70 384064.52
18.80 384064.52
18.90 384064.52
19.00 384064.52
19.10 357746.38
19.20 357746.38
19.30 357746.38
19.40 357746.38
19.50 357746.38
19.60 357746.38
19.70 357746.38
19.80 357746.38
19.90 357746.38
20.00 357746.38
20.10 422516.30
20.20 422516.30
20.30 422516.30
20.40 422516.30
20.50 422516.30
20.60 422516.30
20.70 422516.30
20.80 422516.30
20.90 422516.30
21.00 422516.30
21.10 191088.24
21.20 191088.24
21.30 191088.24
21.40 191088.24
21.50 191088.24
21.60 191088.24
21.70 191088.24
21.80 191088.24
21.90 191088.24
22.00 191088.24
22.10 89090.42
22.20 89090.42
22.30 89090.42
22.40 89090.42
22.50 89090.42
22.60 89090.42
22.70 89090.42
22.80 89090.42
22.90 89090.42
23.00 89090.42
23.10 175538.58
23.20 175538.58
23.30 175538.58
23.40 175538.58
23.50 175538.58
23.60 175538.58
23.70 175538.58
23.80 175538.58
23.90 175538.58
24.00 175538.58
24.10 207207.04
24.20 207207.04
24.30 207207.04
24.40 207207.04
24.50 207207.04
24.60 207207.04
24.70 207207.04
24.80 207207.04
24.90 207207.04
25.00 207207.04
25.10 118355.48
25.20 118355.48
25.30 118355.48
25.40 118355.48
25.50 118355.48
25.60 118355.48
25.70 118355.48
25.80 118355.48
25.90 118355.48
26.00 118355.48
26.10 287480.31
26.20 287480.31
26.30 287480.31
26.40 287480.31
26.50 287480.31
26.60 287480.31
26.70 287480.31
26.80 287480.31
26.90 287480.31
27.00 287480.31
27.10 293867.29
27.20 293867.29
27.30 293867.29
27.40 293867.29
27.50 293867.29
27.60 293867.29
27.70 293867.29
27.80 293867.29
27.90 293867.29
28.00 293867.29
28.10 203780.43
28.20 203780.43
28.30 203780.43
28.40 203780.43
28.50 203780.43
28.60 203780.43
28.70 203780.43
28.80 203780.43
28.90 203780.43
29.00 203780.43
29.10 151201.55
29.20 151201.55
29.30 151201.55
29.40 151201.55
29.50 151201.55
29.60 151201.55
29.70 151201.55
29.80 151201.55
29.90 151201.55
30.00 151201.55
