0.10 61731.59
0.20 61731.59
0.30 61731.59
0.40 61731.59
0.50 61731.59
0.60 61731.59
0.70 61731.59
0.80 61731.59
0.90 61731.59
1.00 61731.59
1.10 57496.41
1.20 57496.41
1.30 57496.41
1.40 57496.41
1.50 57496.41
1.60 57496.41
1.70 57496.41
1.80 57496.41
1.90 57496.41
2.00 57496.41
2.10 47300.01
2.20 47300.01
2.30 47300.01
2.40 47300.01
2.50 47300.01
2.60 47300.01
2.70 47300.01
2.80 47300.01
2.90 47300.01
3.00 47300.01
3.10 51044.56
3.20 51044.56
3.30 51044.56
3.40 51044.56
3.50 51044.56
3.60 51044.56
3.70 51044.56
3.80 51044.56
3.90 51044.56
4.00 51044.56
4.10 56660.07
4.20 56660.07
4.30 56660.07
4.40 56660.07
4.50 56660.07
4.60 56660.07
4.70 56660.07
4.80 56660.07
4.90 56660.07
5.00 56660.07
5.10 47405.55
5.20 47405.55
5.30 47405.55
5.40 47405.55
5.50 47405.55
5.60 47405.55
5.70 47405.55
5.80 47405.55
5.90 47405.55
6.00 47405.55
6.10 57451.46
6.20 57451.46
6.30 57451.46
6.40 57451.46
6.50 57451.46
6.60 57451.46
6.70 57451.46
6.80 57451.46
6.90 57451.46
7.00 57451.46
7.10 45591.07
7.20 45591.07
7.30 45591.07
7.40 45591.07
7.50 45591.07
7.60 45591.07
7.70 45591.07
7.80 45591.07
7.90 45591.07
8.00 45591.07
8.10 57769.99
8.20 57769.99
8.30 57769.99
8.40 57769.99
8.50 57769.99
8.60 57769.99
8.70 57769.99
8.80 57769.99
8.90 57769.99
9.00 57769.99
9.10 50700.82
9.20 50700.82
9.30 50700.82
9.40 50700.82
9.50 50700.82
9.60 50700.82
9.70 50700.82
9.80 50700.82
9.90 50700.82
10.00 50700.82
10.10 61449.08
10.20 61449.08
10.30 61449.08
10.40 61449.08
10.50 61449.08
10.60 61449.08
10.70 61449.08
10.80 61449.08
10.90 61449.08
11.00 61449.08
11.10 47346.31
11.20 47346.31
11.30 47346.31
11.40 47346.31
11.50 47346.31
11.60 47346.31
11.70 47346.31
11.80 47346.31
11.90 47346.31
12.00 47346.31
12.10 53082.74
12.20 53082.74
12.30 53082.74
12.40 53082.74
12.50 53082.74
12.60 53082.74
12.70 53082.74
12.80 53082.74
12.90 53082.74
13.00 53082.74
13.10 78178.51
13.20 78178.51
13.30 78178.51
13.40 78178.51
13.50 78178.51
13.60 78178.51
13.70 78178.51
13.80 78178.51
13.90 78178.51
14.00 78178.51
14.10 68798.37
14.20 68798.37
14.30 68798.37
14.40 68798.37
14.50 68798.37
14.60 68798.37
14.70 68798.37
14.80 68798.37
14.90 68798.37
15.00 68798.37
15.10 68817.29
15.20 68817.29
15.30 68817.29
15.40 68817.29
15.50 68817.29
15.60 68817.29
15.70 68817.29
15.80 68817.29
15.90 68817.29
16.00 68817.29
16.10 56243.94
16.20 56243.94
16.30 56243.94
16.40 56243.94
16.50 56243.94
16.60 56243.94
16.70 56243.94
16.80 56243.94
16.90 56243.94
17.00 56243.94
17.10 58532.69
17.20 58532.69
17.30 58532.69
17.40 58532.69
17.50 58532.69
17.60 58532.69
17.70 58532.69
17.80 58532.69
17.90 58532.69
18.00 58532.69
18.10 45869.87
18.20 45869.87
18.30 45869.87
18.40 45869.87
18.50 45869.87
18.60 45869.87
18.70 45869.87
18.80 45869.87
18.90 45869.87
19.00 45869.87
19.10 50305.23
19.20 50305.23
19.30 50305.23
19.40 50305.23
19.50 50305.23
19.60 50305.23
19.70 50305.23
19.80 50305.23
19.90 50305.23
20.00 50305.23
20.10 80380.86
20.20 80380.86
20.30 80380.86
20.40 80380.86
20.50 80380.86
20.60 80380.86
20.70 80380.86
20.80 80380.86
20.90 80380.86
21.00 80380.86
21.10 69038.86
21.20 69038.86
21.30 69038.86
21.40 69038.86
21.50 69038.86
21.60 69038.86
21.70 69038.86
21.80 69038.86
21.90 69038.86
22.00 69038.86
22.10 65134.22
22.20 65134.22
22.30 65134.22
22.40 65134.22
22.50 65134.22
22.60 65134.22
22.70 65134.22
22.80 65134.22
22.90 65134.22
23.00 65134.22
23.10 47005.24
23.20 47005.24
23.30 47005.24
23.40 47005.24
23.50 47005.24
23.60 47005.24
23.70 47005.24
23.80 47005.24
23.90 47005.24
24.00 47005.24
24.10 49701.41
24.20 49701.41
24.30 49701.41
24.40 49701.41
24.50 49701.41
24.60 49701.41
24.70 49701.41
24.80 49701.41
24.90 49701.41
25.00 49701.41
25.10 58161.39
25.20 58161.39
25.30 58161.39
25.40 58161.39
25.50 58161.39
25.60 58161.39
25.70 58161.39
25.80 58161.39
25.90 58161.39
26.00 58161.39
26.10 68742.62
26.20 68742.62
26.30 68742.62
26.40 68742.62
26.50 68742.62
26.60 68742.62
26.70 68742.62
26.80 68742.62
26.90 68742.62
27.00 68742.62
27.10 68683.49
27.20 68683.49
27.30 68683.49
27.40 68683.49
27.50 68683.49
27.60 68683.49
27.70 68683.49
27.80 68683.49
27.90 68683.49
28.00 68683.49
28.10 78372.57
28.20 78372.57
28.30 78372.57
28.40 78372.57
28.50 78372.57
28.60 78372.57
28.70 78372.57
28.80 78372.57
28.90 78372.57
29.00 78372.57
29.10 74764.06
29.20 74764.06
29.30 74764.06
29.40 74764.06
29.50 74764.06
29.60 74764.06
29.70 74764.06
29.80 74764.06
29.90 74764.06
30.00 74764.06
