0.10 75571.20
0.20 75571.20
0.30 75571.20
0.40 75571.20
0.50 75571.20
0.60 75571.20
0.70 75571.20
0.80 75571.20
0.90 75571.20
1.00 75571.20
1.10 76697.60
1.20 76697.60
1.30 76697.60
1.40 76697.60
1.50 76697.60
1.60 76697.60
1.70 76697.60
1.80 76697.60
1.90 76697.60
2.00 76697.60
2.10 74035.20
2.20 74035.20
2.30 74035.20
2.40 74035.20
2.50 74035.20
2.60 74035.20
2.70 74035.20
2.80 74035.20
2.90 74035.20
3.00 74035.20
3.10 77721.60
3.20 77721.60
3.30 77721.60
3.40 77721.60
3.50 77721.60
3.60 77721.60
3.70 77721.60
3.80 77721.60
3.90 77721.60
4.00 77721.60
4.10 75059.20
4.20 75059.20
4.30 75059.20
4.40 75059.20
4.50 75059.20
4.60 75059.20
4.70 75059.20
4.80 75059.20
4.90 75059.20
5.00 75059.20
5.10 78233.60
5.20 78233.60
5.30 78233.60
5.40 78233.60
5.50 78233.60
5.60 78233.60
5.70 78233.60
5.80 78233.60
5.90 78233.60
6.00 78233.60
6.10 78540.80
6.20 78540.80
6.30 78540.80
6.40 78540.80
6.50 78540.80
6.60 78540.80
6.70 78540.80
6.80 78540.80
6.90 78540.80
7.00 78540.80
7.10 79360.00
7.20 79360.00
7.30 79360.00
7.40 79360.00
7.50 79360.00
7.60 79360.00
7.70 79360.00
7.80 79360.00
7.90 79360.00
8.00 79360.00
8.10 77209.60
8.20 77209.60
8.30 77209.60
8.40 77209.60
8.50 77209.60
8.60 77209.60
8.70 77209.60
8.80 77209.60
8.90 77209.60
9.00 77209.60
9.10 79155.20
9.20 79155.20
9.30 79155.20
9.40 79155.20
9.50 79155.20
9.60 79155.20
9.70 79155.20
9.80 79155.20
9.90 79155.20
10.00 79155.20
10.10 75878.40
10.20 75878.40
10.30 75878.40
10.40 75878.40
10.50 75878.40
10.60 75878.40
10.70 75878.40
10.80 75878.40
10.90 75878.40
11.00 75878.40
11.10 19148.80
11.20 19148.80
11.30 19148.80
11.40 19148.80
11.50 19148.80
11.60 19148.80
11.70 19148.80
11.80 19148.80
11.90 19148.80
12.00 19148.80
12.10 141209.60
12.20 141209.60
12.30 141209.60
12.40 141209.60
12.50 141209.60
12.60 141209.60
12.70 141209.60
12.80 141209.60
12.90 141209.60
13.00 141209.60
13.10 73216.00
13.20 73216.00
13.30 73216.00
13.40 73216.00
13.50 73216.00
13.60 73216.00
13.70 73216.00
13.80 73216.00
13.90 73216.00
14.00 73216.00
14.10 23040.00
14.20 23040.00
14.30 23040.00
14.40 23040.00
14.50 23040.00
14.60 23040.00
14.70 23040.00
14.80 23040.00
14.90 23040.00
15.00 23040.00
15.10 127078.40
15.20 127078.40
15.30 127078.40
15.40 127078.40
15.50 127078.40
15.60 127078.40
15.70 127078.40
15.80 127078.40
15.90 127078.40
16.00 127078.40
16.10 75161.60
16.20 75161.60
16.30 75161.60
16.40 75161.60
16.50 75161.60
16.60 75161.60
16.70 75161.60
16.80 75161.60
16.90 75161.60
17.00 75161.60
17.10 77721.60
17.20 77721.60
17.30 77721.60
17.40 77721.60
17.50 77721.60
17.60 77721.60
17.70 77721.60
17.80 77721.60
17.90 77721.60
18.00 77721.60
18.10 77721.60
18.20 77721.60
18.30 77721.60
18.40 77721.60
18.50 77721.60
18.60 77721.60
18.70 77721.60
18.80 77721.60
18.90 77721.60
19.00 77721.60
19.10 75571.20
19.20 75571.20
19.30 75571.20
19.40 75571.20
19.50 75571.20
19.60 75571.20
19.70 75571.20
19.80 75571.20
19.90 75571.20
20.00 75571.20
20.10 77107.20
20.20 77107.20
20.30 77107.20
20.40 77107.20
20.50 77107.20
20.60 77107.20
20.70 77107.20
20.80 77107.20
20.90 77107.20
21.00 77107.20
21.10 77516.80
21.20 77516.80
21.30 77516.80
21.40 77516.80
21.50 77516.80
21.60 77516.80
21.70 77516.80
21.80 77516.80
21.90 77516.80
22.00 77516.80
22.10 77209.60
22.20 77209.60
22.30 77209.60
22.40 77209.60
22.50 77209.60
22.60 77209.60
22.70 77209.60
22.80 77209.60
22.90 77209.60
23.00 77209.60
23.10 77004.80
23.20 77004.80
23.30 77004.80
23.40 77004.80
23.50 77004.80
23.60 77004.80
23.70 77004.80
23.80 77004.80
23.90 77004.80
24.00 77004.80
24.10 77516.80
24.20 77516.80
24.30 77516.80
24.40 77516.80
24.50 77516.80
24.60 77516.80
24.70 77516.80
24.80 77516.80
24.90 77516.80
25.00 77516.80
25.10 79052.80
25.20 79052.80
25.30 79052.80
25.40 79052.80
25.50 79052.80
25.60 79052.80
25.70 79052.80
25.80 79052.80
25.90 79052.80
26.00 79052.80
26.10 78950.40
26.20 78950.40
26.30 78950.40
26.40 78950.40
26.50 78950.40
26.60 78950.40
26.70 78950.40
26.80 78950.40
26.90 78950.40
27.00 78950.40
27.10 61542.40
27.20 61542.40
27.30 61542.40
27.40 61542.40
27.50 61542.40
27.60 61542.40
27.70 61542.40
27.80 61542.40
27.90 61542.40
28.00 61542.40
28.10 89190.40
28.20 89190.40
28.30 89190.40
28.40 89190.40
28.50 89190.40
28.60 89190.40
28.70 89190.40
28.80 89190.40
28.90 89190.40
29.00 89190.40
29.10 72499.20
29.20 72499.20
29.30 72499.20
29.40 72499.20
29.50 72499.20
29.60 72499.20
29.70 72499.20
29.80 72499.20
29.90 72499.20
30.00 72499.20
