0.10 47513.60
0.20 47513.60
0.30 47513.60
0.40 47513.60
0.50 47513.60
0.60 47513.60
0.70 47513.60
0.80 47513.60
0.90 47513.60
1.00 47513.60
1.10 101990.40
1.20 101990.40
1.30 101990.40
1.40 101990.40
1.50 101990.40
1.60 101990.40
1.70 101990.40
1.80 101990.40
1.90 101990.40
2.00 101990.40
2.10 73932.80
2.20 73932.80
2.30 73932.80
2.40 73932.80
2.50 73932.80
2.60 73932.80
2.70 73932.80
2.80 73932.80
2.90 73932.80
3.00 73932.80
3.10 80179.20
3.20 80179.20
3.30 80179.20
3.40 80179.20
3.50 80179.20
3.60 80179.20
3.70 80179.20
3.80 80179.20
3.90 80179.20
4.00 80179.20
4.10 75161.60
4.20 75161.60
4.30 75161.60
4.40 75161.60
4.50 75161.60
4.60 75161.60
4.70 75161.60
4.80 75161.60
4.90 75161.60
5.00 75161.60
5.10 64512.00
5.20 64512.00
5.30 64512.00
5.40 64512.00
5.50 64512.00
5.60 64512.00
5.70 64512.00
5.80 64512.00
5.90 64512.00
6.00 64512.00
6.10 86528.00
6.20 86528.00
6.30 86528.00
6.40 86528.00
6.50 86528.00
6.60 86528.00
6.70 86528.00
6.80 86528.00
6.90 86528.00
7.00 86528.00
7.10 74752.00
7.20 74752.00
7.30 74752.00
7.40 74752.00
7.50 74752.00
7.60 74752.00
7.70 74752.00
7.80 74752.00
7.90 74752.00
8.00 74752.00
8.10 47411.20
8.20 47411.20
8.30 47411.20
8.40 47411.20
8.50 47411.20
8.60 47411.20
8.70 47411.20
8.80 47411.20
8.90 47411.20
9.00 47411.20
9.10 101273.60
9.20 101273.60
9.30 101273.60
9.40 101273.60
9.50 101273.60
9.60 101273.60
9.70 101273.60
9.80 101273.60
9.90 101273.60
10.00 101273.60
10.10 44748.80
10.20 44748.80
10.30 44748.80
10.40 44748.80
10.50 44748.80
10.60 44748.80
10.70 44748.80
10.80 44748.80
10.90 44748.80
11.00 44748.80
11.10 104140.80
11.20 104140.80
11.30 104140.80
11.40 104140.80
11.50 104140.80
11.60 104140.80
11.70 104140.80
11.80 104140.80
11.90 104140.80
12.00 104140.80
12.10 75059.20
12.20 75059.20
12.30 75059.20
12.40 75059.20
12.50 75059.20
12.60 75059.20
12.70 75059.20
12.80 75059.20
12.90 75059.20
13.00 75059.20
13.10 73625.60
13.20 73625.60
13.30 73625.60
13.40 73625.60
13.50 73625.60
13.60 73625.60
13.70 73625.60
13.80 73625.60
13.90 73625.60
14.00 73625.60
14.10 74444.80
14.20 74444.80
14.30 74444.80
14.40 74444.80
14.50 74444.80
14.60 74444.80
14.70 74444.80
14.80 74444.80
14.90 74444.80
15.00 74444.80
15.10 75571.20
15.20 75571.20
15.30 75571.20
15.40 75571.20
15.50 75571.20
15.60 75571.20
15.70 75571.20
15.80 75571.20
15.90 75571.20
16.00 75571.20
16.10 46899.20
16.20 46899.20
16.30 46899.20
16.40 46899.20
16.50 46899.20
16.60 46899.20
16.70 46899.20
16.80 46899.20
16.90 46899.20
17.00 46899.20
17.10 105676.80
17.20 105676.80
17.30 105676.80
17.40 105676.80
17.50 105676.80
17.60 105676.80
17.70 105676.80
17.80 105676.80
17.90 105676.80
18.00 105676.80
18.10 75878.40
18.20 75878.40
18.30 75878.40
18.40 75878.40
18.50 75878.40
18.60 75878.40
18.70 75878.40
18.80 75878.40
18.90 75878.40
19.00 75878.40
19.10 73830.40
19.20 73830.40
19.30 73830.40
19.40 73830.40
19.50 73830.40
19.60 73830.40
19.70 73830.40
19.80 73830.40
19.90 73830.40
20.00 73830.40
20.10 73523.20
20.20 73523.20
20.30 73523.20
20.40 73523.20
20.50 73523.20
20.60 73523.20
20.70 73523.20
20.80 73523.20
20.90 73523.20
21.00 73523.20
21.10 73523.20
21.20 73523.20
21.30 73523.20
21.40 73523.20
21.50 73523.20
21.60 73523.20
21.70 73523.20
21.80 73523.20
21.90 73523.20
22.00 73523.20
22.10 75468.80
22.20 75468.80
22.30 75468.80
22.40 75468.80
22.50 75468.80
22.60 75468.80
22.70 75468.80
22.80 75468.80
22.90 75468.80
23.00 75468.80
23.10 74854.40
23.20 74854.40
23.30 74854.40
23.40 74854.40
23.50 74854.40
23.60 74854.40
23.70 74854.40
23.80 74854.40
23.90 74854.40
24.00 74854.40
24.10 74035.20
24.20 74035.20
24.30 74035.20
24.40 74035.20
24.50 74035.20
24.60 74035.20
24.70 74035.20
24.80 74035.20
24.90 74035.20
25.00 74035.20
25.10 77824.00
25.20 77824.00
25.30 77824.00
25.40 77824.00
25.50 77824.00
25.60 77824.00
25.70 77824.00
25.80 77824.00
25.90 77824.00
26.00 77824.00
26.10 76185.60
26.20 76185.60
26.30 76185.60
26.40 76185.60
26.50 76185.60
26.60 76185.60
26.70 76185.60
26.80 76185.60
26.90 76185.60
27.00 76185.60
27.10 76185.60
27.20 76185.60
27.30 76185.60
27.40 76185.60
27.50 76185.60
27.60 76185.60
27.70 76185.60
27.80 76185.60
27.90 76185.60
28.00 76185.60
28.10 77004.80
28.20 77004.80
28.30 77004.80
28.40 77004.80
28.50 77004.80
28.60 77004.80
28.70 77004.80
28.80 77004.80
28.90 77004.80
29.00 77004.80
29.10 78950.40
29.20 78950.40
29.30 78950.40
29.40 78950.40
29.50 78950.40
29.60 78950.40
29.70 78950.40
29.80 78950.40
29.90 78950.40
30.00 78950.40
