0.10 48537.60
0.20 48537.60
0.30 48537.60
0.40 48537.60
0.50 48537.60
0.60 48537.60
0.70 48537.60
0.80 48537.60
0.90 48537.60
1.00 48537.60
1.10 46592.00
1.20 46592.00
1.30 46592.00
1.40 46592.00
1.50 46592.00
1.60 46592.00
1.70 46592.00
1.80 46592.00
1.90 46592.00
2.00 46592.00
2.10 44339.20
2.20 44339.20
2.30 44339.20
2.40 44339.20
2.50 44339.20
2.60 44339.20
2.70 44339.20
2.80 44339.20
2.90 44339.20
3.00 44339.20
3.10 44544.00
3.20 44544.00
3.30 44544.00
3.40 44544.00
3.50 44544.00
3.60 44544.00
3.70 44544.00
3.80 44544.00
3.90 44544.00
4.00 44544.00
4.10 42291.20
4.20 42291.20
4.30 42291.20
4.40 42291.20
4.50 42291.20
4.60 42291.20
4.70 42291.20
4.80 42291.20
4.90 42291.20
5.00 42291.20
5.10 46284.80
5.20 46284.80
5.30 46284.80
5.40 46284.80
5.50 46284.80
5.60 46284.80
5.70 46284.80
5.80 46284.80
5.90 46284.80
6.00 46284.80
6.10 47001.60
6.20 47001.60
6.30 47001.60
6.40 47001.60
6.50 47001.60
6.60 47001.60
6.70 47001.60
6.80 47001.60
6.90 47001.60
7.00 47001.60
7.10 36556.80
7.20 36556.80
7.30 36556.80
7.40 36556.80
7.50 36556.80
7.60 36556.80
7.70 36556.80
7.80 36556.80
7.90 36556.80
8.00 36556.80
8.10 0.00
8.20 0.00
8.30 0.00
8.40 0.00
8.50 0.00
8.60 0.00
8.70 0.00
8.80 0.00
8.90 0.00
9.00 0.00
9.10 98508.80
9.20 98508.80
9.30 98508.80
9.40 98508.80
9.50 98508.80
9.60 98508.80
9.70 98508.80
9.80 98508.80
9.90 98508.80
10.00 98508.80
10.10 56627.20
10.20 56627.20
10.30 56627.20
10.40 56627.20
10.50 56627.20
10.60 56627.20
10.70 56627.20
10.80 56627.20
10.90 56627.20
11.00 56627.20
11.10 77004.80
11.20 77004.80
11.30 77004.80
11.40 77004.80
11.50 77004.80
11.60 77004.80
11.70 77004.80
11.80 77004.80
11.90 77004.80
12.00 77004.80
12.10 86425.60
12.20 86425.60
12.30 86425.60
12.40 86425.60
12.50 86425.60
12.60 86425.60
12.70 86425.60
12.80 86425.60
12.90 86425.60
13.00 86425.60
13.10 94208.00
13.20 94208.00
13.30 94208.00
13.40 94208.00
13.50 94208.00
13.60 94208.00
13.70 94208.00
13.80 94208.00
13.90 94208.00
14.00 94208.00
14.10 92364.80
14.20 92364.80
14.30 92364.80
14.40 92364.80
14.50 92364.80
14.60 92364.80
14.70 92364.80
14.80 92364.80
14.90 92364.80
15.00 92364.80
15.10 88268.80
15.20 88268.80
15.30 88268.80
15.40 88268.80
15.50 88268.80
15.60 88268.80
15.70 88268.80
15.80 88268.80
15.90 88268.80
16.00 88268.80
16.10 89497.60
16.20 89497.60
16.30 89497.60
16.40 89497.60
16.50 89497.60
16.60 89497.60
16.70 89497.60
16.80 89497.60
16.90 89497.60
17.00 89497.60
17.10 91545.60
17.20 91545.60
17.30 91545.60
17.40 91545.60
17.50 91545.60
17.60 91545.60
17.70 91545.60
17.80 91545.60
17.90 91545.60
18.00 91545.60
18.10 89702.40
18.20 89702.40
18.30 89702.40
18.40 89702.40
18.50 89702.40
18.60 89702.40
18.70 89702.40
18.80 89702.40
18.90 89702.40
19.00 89702.40
19.10 85708.80
19.20 85708.80
19.30 85708.80
19.40 85708.80
19.50 85708.80
19.60 85708.80
19.70 85708.80
19.80 85708.80
19.90 85708.80
20.00 85708.80
20.10 91033.60
20.20 91033.60
20.30 91033.60
20.40 91033.60
20.50 91033.60
20.60 91033.60
20.70 91033.60
20.80 91033.60
20.90 91033.60
21.00 91033.60
21.10 92569.60
21.20 92569.60
21.30 92569.60
21.40 92569.60
21.50 92569.60
21.60 92569.60
21.70 92569.60
21.80 92569.60
21.90 92569.60
22.00 92569.60
22.10 86835.20
22.20 86835.20
22.30 86835.20
22.40 86835.20
22.50 86835.20
22.60 86835.20
22.70 86835.20
22.80 86835.20
22.90 86835.20
23.00 86835.20
23.10 76595.20
23.20 76595.20
23.30 76595.20
23.40 76595.20
23.50 76595.20
23.60 76595.20
23.70 76595.20
23.80 76595.20
23.90 76595.20
24.00 76595.20
24.10 82022.40
24.20 82022.40
24.30 82022.40
24.40 82022.40
24.50 82022.40
24.60 82022.40
24.70 82022.40
24.80 82022.40
24.90 82022.40
25.00 82022.40
25.10 91136.00
25.20 91136.00
25.30 91136.00
25.40 91136.00
25.50 91136.00
25.60 91136.00
25.70 91136.00
25.80 91136.00
25.90 91136.00
26.00 91136.00
26.10 91443.20
26.20 91443.20
26.30 91443.20
26.40 91443.20
26.50 91443.20
26.60 91443.20
26.70 91443.20
26.80 91443.20
26.90 91443.20
27.00 91443.20
27.10 87552.00
27.20 87552.00
27.30 87552.00
27.40 87552.00
27.50 87552.00
27.60 87552.00
27.70 87552.00
27.80 87552.00
27.90 87552.00
28.00 87552.00
28.10 89292.80
28.20 89292.80
28.30 89292.80
28.40 89292.80
28.50 89292.80
28.60 89292.80
28.70 89292.80
28.80 89292.80
28.90 89292.80
29.00 89292.80
29.10 97075.20
29.20 97075.20
29.30 97075.20
29.40 97075.20
29.50 97075.20
29.60 97075.20
29.70 97075.20
29.80 97075.20
29.90 97075.20
30.00 97075.20
