0.10 112947.20
0.20 112947.20
0.30 112947.20
0.40 112947.20
0.50 112947.20
0.60 112947.20
0.70 112947.20
0.80 112947.20
0.90 112947.20
1.00 112947.20
1.10 78233.60
1.20 78233.60
1.30 78233.60
1.40 78233.60
1.50 78233.60
1.60 78233.60
1.70 78233.60
1.80 78233.60
1.90 78233.60
2.00 78233.60
2.10 70144.00
2.20 70144.00
2.30 70144.00
2.40 70144.00
2.50 70144.00
2.60 70144.00
2.70 70144.00
2.80 70144.00
2.90 70144.00
3.00 70144.00
3.10 71065.60
3.20 71065.60
3.30 71065.60
3.40 71065.60
3.50 71065.60
3.60 71065.60
3.70 71065.60
3.80 71065.60
3.90 71065.60
4.00 71065.60
4.10 56320.00
4.20 56320.00
4.30 56320.00
4.40 56320.00
4.50 56320.00
4.60 56320.00
4.70 56320.00
4.80 56320.00
4.90 56320.00
5.00 56320.00
5.10 81408.00
5.20 81408.00
5.30 81408.00
5.40 81408.00
5.50 81408.00
5.60 81408.00
5.70 81408.00
5.80 81408.00
5.90 81408.00
6.00 81408.00
6.10 69734.40
6.20 69734.40
6.30 69734.40
6.40 69734.40
6.50 69734.40
6.60 69734.40
6.70 69734.40
6.80 69734.40
6.90 69734.40
7.00 69734.40
7.10 68505.60
7.20 68505.60
7.30 68505.60
7.40 68505.60
7.50 68505.60
7.60 68505.60
7.70 68505.60
7.80 68505.60
7.90 68505.60
8.00 68505.60
8.10 70553.60
8.20 70553.60
8.30 70553.60
8.40 70553.60
8.50 70553.60
8.60 70553.60
8.70 70553.60
8.80 70553.60
8.90 70553.60
9.00 70553.60
9.10 70758.40
9.20 70758.40
9.30 70758.40
9.40 70758.40
9.50 70758.40
9.60 70758.40
9.70 70758.40
9.80 70758.40
9.90 70758.40
10.00 70758.40
10.10 48844.80
10.20 48844.80
10.30 48844.80
10.40 48844.80
10.50 48844.80
10.60 48844.80
10.70 48844.80
10.80 48844.80
10.90 48844.80
11.00 48844.80
11.10 80486.40
11.20 80486.40
11.30 80486.40
11.40 80486.40
11.50 80486.40
11.60 80486.40
11.70 80486.40
11.80 80486.40
11.90 80486.40
12.00 80486.40
12.10 65331.20
12.20 65331.20
12.30 65331.20
12.40 65331.20
12.50 65331.20
12.60 65331.20
12.70 65331.20
12.80 65331.20
12.90 65331.20
13.00 65331.20
13.10 69632.00
13.20 69632.00
13.30 69632.00
13.40 69632.00
13.50 69632.00
13.60 69632.00
13.70 69632.00
13.80 69632.00
13.90 69632.00
14.00 69632.00
14.10 70348.80
14.20 70348.80
14.30 70348.80
14.40 70348.80
14.50 70348.80
14.60 70348.80
14.70 70348.80
14.80 70348.80
14.90 70348.80
15.00 70348.80
15.10 71475.20
15.20 71475.20
15.30 71475.20
15.40 71475.20
15.50 71475.20
15.60 71475.20
15.70 71475.20
15.80 71475.20
15.90 71475.20
16.00 71475.20
16.10 69529.60
16.20 69529.60
16.30 69529.60
16.40 69529.60
16.50 69529.60
16.60 69529.60
16.70 69529.60
16.80 69529.60
16.90 69529.60
17.00 69529.60
17.10 70348.80
17.20 70348.80
17.30 70348.80
17.40 70348.80
17.50 70348.80
17.60 70348.80
17.70 70348.80
17.80 70348.80
17.90 70348.80
18.00 70348.80
18.10 69529.60
18.20 69529.60
18.30 69529.60
18.40 69529.60
18.50 69529.60
18.60 69529.60
18.70 69529.60
18.80 69529.60
18.90 69529.60
19.00 69529.60
19.10 70144.00
19.20 70144.00
19.30 70144.00
19.40 70144.00
19.50 70144.00
19.60 70144.00
19.70 70144.00
19.80 70144.00
19.90 70144.00
20.00 70144.00
20.10 70144.00
20.20 70144.00
20.30 70144.00
20.40 70144.00
20.50 70144.00
20.60 70144.00
20.70 70144.00
20.80 70144.00
20.90 70144.00
21.00 70144.00
21.10 68812.80
21.20 68812.80
21.30 68812.80
21.40 68812.80
21.50 68812.80
21.60 68812.80
21.70 68812.80
21.80 68812.80
21.90 68812.80
22.00 68812.80
22.10 69939.20
22.20 69939.20
22.30 69939.20
22.40 69939.20
22.50 69939.20
22.60 69939.20
22.70 69939.20
22.80 69939.20
22.90 69939.20
23.00 69939.20
23.10 77824.00
23.20 77824.00
23.30 77824.00
23.40 77824.00
23.50 77824.00
23.60 77824.00
23.70 77824.00
23.80 77824.00
23.90 77824.00
24.00 77824.00
24.10 31641.60
24.20 31641.60
24.30 31641.60
24.40 31641.60
24.50 31641.60
24.60 31641.60
24.70 31641.60
24.80 31641.60
24.90 31641.60
25.00 31641.60
25.10 105267.20
25.20 105267.20
25.30 105267.20
25.40 105267.20
25.50 105267.20
25.60 105267.20
25.70 105267.20
25.80 105267.20
25.90 105267.20
26.00 105267.20
26.10 46592.00
26.20 46592.00
26.30 46592.00
26.40 46592.00
26.50 46592.00
26.60 46592.00
26.70 46592.00
26.80 46592.00
26.90 46592.00
27.00 46592.00
27.10 87859.20
27.20 87859.20
27.30 87859.20
27.40 87859.20
27.50 87859.20
27.60 87859.20
27.70 87859.20
27.80 87859.20
27.90 87859.20
28.00 87859.20
28.10 47411.20
28.20 47411.20
28.30 47411.20
28.40 47411.20
28.50 47411.20
28.60 47411.20
28.70 47411.20
28.80 47411.20
28.90 47411.20
29.00 47411.20
29.10 83353.60
29.20 83353.60
29.30 83353.60
29.40 83353.60
29.50 83353.60
29.60 83353.60
29.70 83353.60
29.80 83353.60
29.90 83353.60
30.00 83353.60
