0.10 71168.00
0.20 71168.00
0.30 71168.00
0.40 71168.00
0.50 71168.00
0.60 71168.00
0.70 71168.00
0.80 71168.00
0.90 71168.00
1.00 71168.00
1.10 75878.40
1.20 75878.40
1.30 75878.40
1.40 75878.40
1.50 75878.40
1.60 75878.40
1.70 75878.40
1.80 75878.40
1.90 75878.40
2.00 75878.40
2.10 75366.40
2.20 75366.40
2.30 75366.40
2.40 75366.40
2.50 75366.40
2.60 75366.40
2.70 75366.40
2.80 75366.40
2.90 75366.40
3.00 75366.40
3.10 72396.80
3.20 72396.80
3.30 72396.80
3.40 72396.80
3.50 72396.80
3.60 72396.80
3.70 72396.80
3.80 72396.80
3.90 72396.80
4.00 72396.80
4.10 70860.80
4.20 70860.80
4.30 70860.80
4.40 70860.80
4.50 70860.80
4.60 70860.80
4.70 70860.80
4.80 70860.80
4.90 70860.80
5.00 70860.80
5.10 76800.00
5.20 76800.00
5.30 76800.00
5.40 76800.00
5.50 76800.00
5.60 76800.00
5.70 76800.00
5.80 76800.00
5.90 76800.00
6.00 76800.00
6.10 75878.40
6.20 75878.40
6.30 75878.40
6.40 75878.40
6.50 75878.40
6.60 75878.40
6.70 75878.40
6.80 75878.40
6.90 75878.40
7.00 75878.40
7.10 77414.40
7.20 77414.40
7.30 77414.40
7.40 77414.40
7.50 77414.40
7.60 77414.40
7.70 77414.40
7.80 77414.40
7.90 77414.40
8.00 77414.40
8.10 72499.20
8.20 72499.20
8.30 72499.20
8.40 72499.20
8.50 72499.20
8.60 72499.20
8.70 72499.20
8.80 72499.20
8.90 72499.20
9.00 72499.20
9.10 28262.40
9.20 28262.40
9.30 28262.40
9.40 28262.40
9.50 28262.40
9.60 28262.40
9.70 28262.40
9.80 28262.40
9.90 28262.40
10.00 28262.40
10.10 125132.80
10.20 125132.80
10.30 125132.80
10.40 125132.80
10.50 125132.80
10.60 125132.80
10.70 125132.80
10.80 125132.80
10.90 125132.80
11.00 125132.80
11.10 77209.60
11.20 77209.60
11.30 77209.60
11.40 77209.60
11.50 77209.60
11.60 77209.60
11.70 77209.60
11.80 77209.60
11.90 77209.60
12.00 77209.60
12.10 76288.00
12.20 76288.00
12.30 76288.00
12.40 76288.00
12.50 76288.00
12.60 76288.00
12.70 76288.00
12.80 76288.00
12.90 76288.00
13.00 76288.00
13.10 75878.40
13.20 75878.40
13.30 75878.40
13.40 75878.40
13.50 75878.40
13.60 75878.40
13.70 75878.40
13.80 75878.40
13.90 75878.40
14.00 75878.40
14.10 67174.40
14.20 67174.40
14.30 67174.40
14.40 67174.40
14.50 67174.40
14.60 67174.40
14.70 67174.40
14.80 67174.40
14.90 67174.40
15.00 67174.40
15.10 74240.00
15.20 74240.00
15.30 74240.00
15.40 74240.00
15.50 74240.00
15.60 74240.00
15.70 74240.00
15.80 74240.00
15.90 74240.00
16.00 74240.00
16.10 74444.80
16.20 74444.80
16.30 74444.80
16.40 74444.80
16.50 74444.80
16.60 74444.80
16.70 74444.80
16.80 74444.80
16.90 74444.80
17.00 74444.80
17.10 76390.40
17.20 76390.40
17.30 76390.40
17.40 76390.40
17.50 76390.40
17.60 76390.40
17.70 76390.40
17.80 76390.40
17.90 76390.40
18.00 76390.40
18.10 75366.40
18.20 75366.40
18.30 75366.40
18.40 75366.40
18.50 75366.40
18.60 75366.40
18.70 75366.40
18.80 75366.40
18.90 75366.40
19.00 75366.40
19.10 79872.00
19.20 79872.00
19.30 79872.00
19.40 79872.00
19.50 79872.00
19.60 79872.00
19.70 79872.00
19.80 79872.00
19.90 79872.00
20.00 79872.00
20.10 79462.40
20.20 79462.40
20.30 79462.40
20.40 79462.40
20.50 79462.40
20.60 79462.40
20.70 79462.40
20.80 79462.40
20.90 79462.40
21.00 79462.40
21.10 75366.40
21.20 75366.40
21.30 75366.40
21.40 75366.40
21.50 75366.40
21.60 75366.40
21.70 75366.40
21.80 75366.40
21.90 75366.40
22.00 75366.40
22.10 74854.40
22.20 74854.40
22.30 74854.40
22.40 74854.40
22.50 74854.40
22.60 74854.40
22.70 74854.40
22.80 74854.40
22.90 74854.40
23.00 74854.40
23.10 73830.40
23.20 73830.40
23.30 73830.40
23.40 73830.40
23.50 73830.40
23.60 73830.40
23.70 73830.40
23.80 73830.40
23.90 73830.40
24.00 73830.40
24.10 63078.40
24.20 63078.40
24.30 63078.40
24.40 63078.40
24.50 63078.40
24.60 63078.40
24.70 63078.40
24.80 63078.40
24.90 63078.40
25.00 63078.40
25.10 72396.80
25.20 72396.80
25.30 72396.80
25.40 72396.80
25.50 72396.80
25.60 72396.80
25.70 72396.80
25.80 72396.80
25.90 72396.80
26.00 72396.80
26.10 73113.60
26.20 73113.60
26.30 73113.60
26.40 73113.60
26.50 73113.60
26.60 73113.60
26.70 73113.60
26.80 73113.60
26.90 73113.60
27.00 73113.60
27.10 72294.40
27.20 72294.40
27.30 72294.40
27.40 72294.40
27.50 72294.40
27.60 72294.40
27.70 72294.40
27.80 72294.40
27.90 72294.40
28.00 72294.40
28.10 25804.80
28.20 25804.80
28.30 25804.80
28.40 25804.80
28.50 25804.80
28.60 25804.80
28.70 25804.80
28.80 25804.80
28.90 25804.80
29.00 25804.80
29.10 123187.20
29.20 123187.20
29.30 123187.20
29.40 123187.20
29.50 123187.20
29.60 123187.20
29.70 123187.20
29.80 123187.20
29.90 123187.20
30.00 123187.20
