0.10 96156.02
0.20 116475.70
0.30 116475.70
0.40 116475.70
0.50 116475.70
0.60 116475.70
0.70 116475.70
0.80 116475.70
0.90 116475.70
1.00 116475.70
1.10 165406.19
1.20 165406.19
1.30 165406.19
1.40 165406.19
1.50 165406.19
1.60 165406.19
1.70 165406.19
1.80 165406.19
1.90 165406.19
2.00 165406.19
2.10 163848.35
2.20 163848.35
2.30 163848.35
2.40 163848.35
2.50 163848.35
2.60 163848.35
2.70 163848.35
2.80 163848.35
2.90 163848.35
3.00 163848.35
3.10 66852.57
3.20 66852.57
3.30 66852.57
3.40 66852.57
3.50 66852.57
3.60 66852.57
3.70 66852.57
3.80 66852.57
3.90 66852.57
4.00 66852.57
4.10 115766.68
4.20 115766.68
4.30 115766.68
4.40 115766.68
4.50 115766.68
4.60 115766.68
4.70 115766.68
4.80 115766.68
4.90 115766.68
5.00 115766.68
5.10 172516.89
5.20 172516.89
5.30 172516.89
5.40 172516.89
5.50 172516.89
5.60 172516.89
5.70 172516.89
5.80 172516.89
5.90 172516.89
6.00 172516.89
6.10 232686.93
6.20 232686.93
6.30 232686.93
6.40 232686.93
6.50 232686.93
6.60 232686.93
6.70 232686.93
6.80 232686.93
6.90 232686.93
7.00 232686.93
7.10 190112.31
7.20 190112.31
7.30 190112.31
7.40 190112.31
7.50 190112.31
7.60 190112.31
7.70 190112.31
7.80 190112.31
7.90 190112.31
8.00 190112.31
8.10 197707.90
8.20 197707.90
8.30 197707.90
8.40 197707.90
8.50 197707.90
8.60 197707.90
8.70 197707.90
8.80 197707.90
8.90 197707.90
9.00 197707.90
9.10 199339.96
9.20 199339.96
9.30 199339.96
9.40 199339.96
9.50 199339.96
9.60 199339.96
9.70 199339.96
9.80 199339.96
9.90 199339.96
10.00 199339.96
10.10 154337.67
10.20 154337.67
10.30 154337.67
10.40 154337.67
10.50 154337.67
10.60 154337.67
10.70 154337.67
10.80 154337.67
10.90 154337.67
11.00 154337.67
11.10 167777.98
11.20 167777.98
11.30 167777.98
11.40 167777.98
11.50 167777.98
11.60 167777.98
11.70 167777.98
11.80 167777.98
11.90 167777.98
12.00 167777.98
12.10 231677.13
12.20 231677.13
12.30 231677.13
12.40 231677.13
12.50 231677.13
12.60 231677.13
12.70 231677.13
12.80 231677.13
12.90 231677.13
13.00 231677.13
13.10 191319.06
13.20 191319.06
13.30 191319.06
13.40 191319.06
13.50 191319.06
13.60 191319.06
13.70 191319.06
13.80 191319.06
13.90 191319.06
14.00 191319.06
14.10 210579.60
14.20 210579.60
14.30 210579.60
14.40 210579.60
14.50 210579.60
14.60 210579.60
14.70 210579.60
14.80 210579.60
14.90 210579.60
15.00 210579.60
15.10 206810.87
15.20 206810.87
15.30 206810.87
15.40 206810.87
15.50 206810.87
15.60 206810.87
15.70 206810.87
15.80 206810.87
15.90 206810.87
16.00 206810.87
16.10 150108.58
16.20 150108.58
16.30 150108.58
16.40 150108.58
16.50 150108.58
16.60 150108.58
16.70 150108.58
16.80 150108.58
16.90 150108.58
17.00 150108.58
17.10 72579.35
17.20 72579.35
17.30 72579.35
17.40 72579.35
17.50 72579.35
17.60 72579.35
17.70 72579.35
17.80 72579.35
17.90 72579.35
18.00 72579.35
18.10 63862.06
18.20 63862.06
18.30 63862.06
18.40 63862.06
18.50 63862.06
18.60 63862.06
18.70 63862.06
18.80 63862.06
18.90 63862.06
19.00 63862.06
19.10 160740.98
19.20 160740.98
19.30 160740.98
19.40 160740.98
19.50 160740.98
19.60 160740.98
19.70 160740.98
19.80 160740.98
19.90 160740.98
20.00 160740.98
20.10 93575.61
20.20 93575.61
20.30 93575.61
20.40 93575.61
20.50 93575.61
20.60 93575.61
20.70 93575.61
20.80 93575.61
20.90 93575.61
21.00 93575.61
21.10 194073.25
21.20 194073.25
21.30 194073.25
21.40 194073.25
21.50 194073.25
21.60 194073.25
21.70 194073.25
21.80 194073.25
21.90 194073.25
22.00 194073.25
22.10 223701.19
22.20 223701.19
22.30 223701.19
22.40 223701.19
22.50 223701.19
22.60 223701.19
22.70 223701.19
22.80 223701.19
22.90 223701.19
23.00 223701.19
23.10 162747.12
23.20 162747.12
23.30 162747.12
23.40 162747.12
23.50 162747.12
23.60 162747.12
23.70 162747.12
23.80 162747.12
23.90 162747.12
24.00 162747.12
24.10 205244.84
24.20 205244.84
24.30 205244.84
24.40 205244.84
24.50 205244.84
24.60 205244.84
24.70 205244.84
24.80 205244.84
24.90 205244.84
25.00 205244.84
25.10 249608.76
25.20 249608.76
25.30 249608.76
25.40 249608.76
25.50 249608.76
25.60 249608.76
25.70 249608.76
25.80 249608.76
25.90 249608.76
26.00 249608.76
26.10 59618.70
26.20 59618.70
26.30 59618.70
26.40 59618.70
26.50 59618.70
26.60 59618.70
26.70 59618.70
26.80 59618.70
26.90 59618.70
27.00 59618.70
27.10 100295.86
27.20 100295.86
27.30 100295.86
27.40 100295.86
27.50 100295.86
27.60 100295.86
27.70 100295.86
27.80 100295.86
27.90 100295.86
28.00 100295.86
28.10 78591.21
28.20 78591.21
28.30 78591.21
28.40 78591.21
28.50 78591.21
28.60 78591.21
28.70 78591.21
28.80 78591.21
28.90 78591.21
29.00 78591.21
29.10 138360.25
29.20 138360.25
29.30 138360.25
29.40 138360.25
29.50 138360.25
29.60 138360.25
29.70 138360.25
29.80 138360.25
29.90 138360.25
30.00 138360.25
