0.10 104123.37
0.20 100141.49
0.30 100141.49
0.40 100141.49
0.50 100141.49
0.60 100141.49
0.70 100141.49
0.80 100141.49
0.90 100141.49
1.00 100141.49
1.10 102507.24
1.20 102507.24
1.30 102507.24
1.40 102507.24
1.50 102507.24
1.60 102507.24
1.70 102507.24
1.80 102507.24
1.90 102507.24
2.00 102507.24
2.10 130480.61
2.20 130480.61
2.30 130480.61
2.40 130480.61
2.50 130480.61
2.60 130480.61
2.70 130480.61
2.80 130480.61
2.90 130480.61
3.00 130480.61
3.10 102495.92
3.20 102495.92
3.30 102495.92
3.40 102495.92
3.50 102495.92
3.60 102495.92
3.70 102495.92
3.80 102495.92
3.90 102495.92
4.00 102495.92
4.10 91648.51
4.20 91648.51
4.30 91648.51
4.40 91648.51
4.50 91648.51
4.60 91648.51
4.70 91648.51
4.80 91648.51
4.90 91648.51
5.00 91648.51
5.10 107473.03
5.20 107473.03
5.30 107473.03
5.40 107473.03
5.50 107473.03
5.60 107473.03
5.70 107473.03
5.80 107473.03
5.90 107473.03
6.00 107473.03
6.10 51850.38
6.20 51850.38
6.30 51850.38
6.40 51850.38
6.50 51850.38
6.60 51850.38
6.70 51850.38
6.80 51850.38
6.90 51850.38
7.00 51850.38
7.10 84469.58
7.20 84469.58
7.30 84469.58
7.40 84469.58
7.50 84469.58
7.60 84469.58
7.70 84469.58
7.80 84469.58
7.90 84469.58
8.00 84469.58
8.10 83504.65
8.20 83504.65
8.30 83504.65
8.40 83504.65
8.50 83504.65
8.60 83504.65
8.70 83504.65
8.80 83504.65
8.90 83504.65
9.00 83504.65
9.10 73143.56
9.20 73143.56
9.30 73143.56
9.40 73143.56
9.50 73143.56
9.60 73143.56
9.70 73143.56
9.80 73143.56
9.90 73143.56
10.00 73143.56
10.10 129050.35
10.20 129050.35
10.30 129050.35
10.40 129050.35
10.50 129050.35
10.60 129050.35
10.70 129050.35
10.80 129050.35
10.90 129050.35
11.00 129050.35
11.10 119110.78
11.20 119110.78
11.30 119110.78
11.40 119110.78
11.50 119110.78
11.60 119110.78
11.70 119110.78
11.80 119110.78
11.90 119110.78
12.00 119110.78
12.10 120603.08
12.20 120603.08
12.30 120603.08
12.40 120603.08
12.50 120603.08
12.60 120603.08
12.70 120603.08
12.80 120603.08
12.90 120603.08
13.00 120603.08
13.10 95720.56
13.20 95720.56
13.30 95720.56
13.40 95720.56
13.50 95720.56
13.60 95720.56
13.70 95720.56
13.80 95720.56
13.90 95720.56
14.00 95720.56
14.10 108620.00
14.20 108620.00
14.30 108620.00
14.40 108620.00
14.50 108620.00
14.60 108620.00
14.70 108620.00
14.80 108620.00
14.90 108620.00
15.00 108620.00
15.10 109139.74
15.20 109139.74
15.30 109139.74
15.40 109139.74
15.50 109139.74
15.60 109139.74
15.70 109139.74
15.80 109139.74
15.90 109139.74
16.00 109139.74
16.10 132197.75
16.20 132197.75
16.30 132197.75
16.40 132197.75
16.50 132197.75
16.60 132197.75
16.70 132197.75
16.80 132197.75
16.90 132197.75
17.00 132197.75
17.10 112452.79
17.20 112452.79
17.30 112452.79
17.40 112452.79
17.50 112452.79
17.60 112452.79
17.70 112452.79
17.80 112452.79
17.90 112452.79
18.00 112452.79
18.10 134029.61
18.20 134029.61
18.30 134029.61
18.40 134029.61
18.50 134029.61
18.60 134029.61
18.70 134029.61
18.80 134029.61
18.90 134029.61
19.00 134029.61
19.10 148961.86
19.20 148961.86
19.30 148961.86
19.40 148961.86
19.50 148961.86
19.60 148961.86
19.70 148961.86
19.80 148961.86
19.90 148961.86
20.00 148961.86
20.10 93196.09
20.20 93196.09
20.30 93196.09
20.40 93196.09
20.50 93196.09
20.60 93196.09
20.70 93196.09
20.80 93196.09
20.90 93196.09
21.00 93196.09
21.10 101988.47
21.20 101988.47
21.30 101988.47
21.40 101988.47
21.50 101988.47
21.60 101988.47
21.70 101988.47
21.80 101988.47
21.90 101988.47
22.00 101988.47
22.10 93116.28
22.20 93116.28
22.30 93116.28
22.40 93116.28
22.50 93116.28
22.60 93116.28
22.70 93116.28
22.80 93116.28
22.90 93116.28
23.00 93116.28
23.10 73028.66
23.20 73028.66
23.30 73028.66
23.40 73028.66
23.50 73028.66
23.60 73028.66
23.70 73028.66
23.80 73028.66
23.90 73028.66
24.00 73028.66
24.10 66192.31
24.20 66192.31
24.30 66192.31
24.40 66192.31
24.50 66192.31
24.60 66192.31
24.70 66192.31
24.80 66192.31
24.90 66192.31
25.00 66192.31
25.10 96108.08
25.20 96108.08
25.30 96108.08
25.40 96108.08
25.50 96108.08
25.60 96108.08
25.70 96108.08
25.80 96108.08
25.90 96108.08
26.00 96108.08
26.10 82676.40
26.20 82676.40
26.30 82676.40
26.40 82676.40
26.50 82676.40
26.60 82676.40
26.70 82676.40
26.80 82676.40
26.90 82676.40
27.00 82676.40
27.10 85709.21
27.20 85709.21
27.30 85709.21
27.40 85709.21
27.50 85709.21
27.60 85709.21
27.70 85709.21
27.80 85709.21
27.90 85709.21
28.00 85709.21
28.10 75368.20
28.20 75368.20
28.30 75368.20
28.40 75368.20
28.50 75368.20
28.60 75368.20
28.70 75368.20
28.80 75368.20
28.90 75368.20
29.00 75368.20
29.10 41890.17
29.20 41890.17
29.30 41890.17
29.40 41890.17
29.50 41890.17
29.60 41890.17
29.70 41890.17
29.80 41890.17
29.90 41890.17
30.00 41890.17
