14
28
42
57
71
85
100
112
125
137
150
162
175
187
200
212
225
237
250
262
275
287
300
312
325
337
350
362
375
387
400
412
425
437
450
462
475
487
500
512
525
537
550
562
575
587
600
612
625
637
649
662
674
687
700
712
725
737
750
762
775
787
800
812
825
837
850
862
875
887
900
912
925
937
950
962
975
987
1000
1016
1033
1050
1066
1083
1100
1114
1128
1142
1157
1171
1185
1200
1216
1233
1250
1266
1283
1300
1314
1328
1342
1357
1371
1385
1400
1416
1433
1450
1466
1483
1500
1514
1528
1542
1557
1571
1585
1600
1614
1628
1642
1657
1671
1685
1700
1716
1733
1750
1766
1783
1800
1814
1828
1842
1857
1871
1885
1900
1916
1933
1950
1966
1983
2000
2014
2028
2042
2057
2071
2085
2100
2114
2128
2142
2157
2171
2185
2200
2214
2228
2242
2257
2271
2285
2300
2314
2328
2342
2357
2371
2385
2400
2414
2428
2442
2457
2471
2485
2500
2514
2528
2542
2557
2571
2585
2600
2614
2628
2642
2657
2671
2685
2700
2714
2728
2742
2757
2771
2785
2800
2812
2824
2837
2849
2862
2875
2887
2900
2914
2928
2942
2957
2971
2985
3000
3012
3025
3037
3050
3062
3075
3087
3100
3112
3125
3137
3150
3162
3175
3187
3200
3212
3225
3237
3250
3262
3275
3287
3300
3314
3328
3342
3357
3371
3385
3400
3412
3425
3437
3450
3462
3475
3487
3500
3512
3525
3537
3550
3562
3575
3587
3600
3612
3625
3637
3650
3662
3675
3687
3700
3712
3725
3737
3750
3762
3775
3787
3800
3812
3824
3837
3849
3862
3875
3887
3900
3912
3925
3937
3950
3962
3975
3987
4000
4014
4028
4042
4057
4071
4085
4100
4114
4128
4142
4157
4171
4185
4200
4214
4228
4242
4257
4271
4285
4300
4314
4328
4342
4357
4371
4385
4400
4414
4428
4442
4457
4471
4485
4500
4514
4528
4542
4557
4571
4585
4600
4614
4628
4642
4657
4671
4685
4700
4714
4728
4742
4757
4771
4785
4800
4814
4828
4842
4857
4871
4885
4900
4914
4928
4942
4957
4971
4985
5000
5011
5022
5033
5044
5055
5066
5077
5088
5100
5112
5125
5137
5150
5162
5175
5187
5200
5211
5222
5233
5244
5255
5266
5277
5288
5300
5311
5322
5333
5344
5355
5366
5377
5388
5400
5412
5425
5437
5450
5462
5475
5487
5500
5511
5522
5533
5544
5555
5566
5577
5588
5600
5611
5622
5633
5644
5655
5666
5677
5688
5700
5712
5725
5737
5750
5762
5775
5787
5800
5811
5822
5833
5844
5855
5866
5877
5888
5900
5911
5922
5933
5944
5955
5966
5977
5988
6000
6010
6020
6030
6040
6050
6060
6069
6080
6090
6100
6109
6118
6127
6136
6145
6154
6163
6172
6181
6190
6200
6210
6220
6230
6240
6250
6260
6270
6280
6290
6300
6309
6318
6327
6336
6345
6354
6363
6372
6381
6390
6400
6410
6420
6430
6440
6450
6460
6470
6480
6490
6500
6510
6520
6530
6540
6550
6560
6569
6580
6590
6600
6609
6618
6627
6636
6645
6654
6663
6672
6681
6690
6700
6710
6720
6730
6740
6750
6760
6770
6780
6790
6800
6809
6818
6827
6836
6845
6854
6863
6872
6881
6890
6900
6910
6920
6930
6940
6950
6960
6970
6980
6990
7000
7007
7015
7023
7030
7038
7046
7053
7061
7069
7076
7084
7092
7100
7107
7115
7123
7130
7138
7146
7153
7161
7169
7176
7184
7192
7200
7207
7215
7223
7230
7238
7246
7253
7261
7269
7276
7284
7292
7300
7307
7315
7323
7330
7338
7346
7353
7361
7369
7376
7384
7392
7400
7408
7416
7425
7433
7441
7450
7458
7466
7475
7483
7491
7500
7507
7515
7523
7530
7538
7546
7553
7561
7569
7576
7584
7592
7600
7607
7615
7623
7630
7638
7646
7653
7661
7669
7676
7684
7692
7700
7707
7715
7723
7730
7738
7746
7753
7761
7769
7776
7784
7792
7800
7807
7815
7823
7830
7838
7846
7853
7861
7869
7876
7884
7892
7900
7907
7915
7923
7930
7938
7946
7953
7961
7969
7976
7984
7992
8000
8007
8014
8021
8028
8035
8042
8050
8057
8064
8071
8078
8085
8092
8100
8107
8114
8121
8128
8135
8142
8149
8157
8164
8171
8178
8185
8192
8200
8207
8214
8221
8228
8235
8242
8250
8257
8264
8271
8278
8285
8292
8300
8307
8314
8321
8328
8335
8342
8350
8357
8364
8371
8378
8385
8392
8400
8406
8413
8420
8426
8433
8440
8446
8453
8460
8466
8473
8480
8486
8493
8500
8507
8514
8521
8528
8535
8542
8550
8557
8564
8571
8578
8585
8592
8600
8607
8614
8621
8628
8635
8642
8649
8657
8664
8671
8678
8685
8692
8700
8707
8714
8721
8728
8735
8742
8750
8757
8764
8771
8778
8785
8792
8800
8807
8814
8821
8828
8835
8842
8850
8857
8864
8871
8878
8885
8892
8900
8906
8913
8920
8926
8933
8940
8946
8953
8960
8966
8973
8980
8986
8993
9000
9011
9022
9033
9044
9055
9066
9077
9088
9100
9111
9122
9133
9144
9155
9166
9177
9188
9200
9209
9219
9230
9240
9250
9260
9270
9280
9290
9300
9311
9322
9333
9344
9355
9366
9377
9388
9400
9411
9422
9433
9444
9455
9466
9477
9488
9500
9510
9520
9530
9540
9550
9560
9570
9580
9590
9600
9611
9622
9633
9644
9655
9666
9677
9688
9700
9711
9722
9733
9744
9755
9766
9777
9788
9800
9810
9820
9830
9840
9850
9860
9870
9880
9890
9900
9911
9922
9933
9944
9955
9966
9977
9988
10000
10011
10022
10033
10044
10055
10066
10077
10088
10100
10112
10125
10137
10149
10162
10174
10187
10200
10212
10225
10237
10250
10262
10275
10287
10300
10311
10322
10333
10344
10355
10366
10377
10388
10400
10412
10425
10437
10450
10462
10475
10487
10500
10511
10522
10533
10544
10555
10566
10577
10588
10600
10612
10625
10637
10649
10662
10674
10687
10700
10711
10722
10733
10744
10755
10766
10777
10788
10800
10812
10825
10837
10850
10862
10875
10887
10900
10911
10922
10933
10944
10955
10966
10977
10988
11000
11012
11025
11037
11050
11062
11075
11087
11100
11112
11125
11137
11149
11162
11174
11187
11200
11212
11225
11237
11250
11262
11275
11287
11300
11312
11325
11337
11350
11362
11375
11387
11400
11411
11422
11433
11444
11455
11466
11477
11488
11500
11512
11525
11537
11550
11562
11575
11587
11600
11612
11625
11637
11649
11662
11674
11687
11700
11712
11725
11737
11750
11762
11775
11787
11800
11812
11825
11837
11850
11862
11875
11887
11900
11911
11922
11933
11944
11955
11966
11977
11988
12000
12012
12025
12037
12050
12062
12075
12087
12100
12111
12122
12133
12144
12155
12166
12177
12188
12200
12211
12222
12233
12244
12255
12266
12277
12288
12300
12311
12322
12333
12344
12355
12366
12377
12388
12400
12411
12422
12433
12444
12455
12466
12477
12488
12500
12511
12522
12533
12544
12555
12566
12577
12588
12600
12611
12622
12633
12644
12655
12666
12677
12688
12700
12711
12722
12733
12744
12755
12766
12777
12788
12800
12812
12825
12837
12850
12862
12875
12887
12900
12911
12922
12933
12944
12955
12966
12977
12988
13000
13011
13022
13033
13044
13055
13066
13077
13088
13100
13111
13122
13133
13144
13155
13166
13177
13188
13200
13211
13222
13233
13244
13255
13266
13277
13288
13300
13312
13325
13337
13350
13362
13375
13387
13400
13411
13422
13433
13444
13455
13466
13477
13488
13500
13511
13522
13533
13544
13555
13566
13577
13588
13600
13611
13622
13633
13644
13655
13666
13677
13688
13700
13712
13725
13737
13750
13762
13775
13787
13800
13811
13822
13833
13844
13855
13866
13877
13888
13900
13911
13922
13933
13944
13955
13966
13977
13988
14000
14012
14025
14037
14050
14062
14075
14087
14100
14111
14122
14133
14144
14155
14166
14177
14188
14200
14212
14225
14237
14250
14262
14275
14287
14300
14312
14325
14337
14350
14362
14375
14387
14400
14411
14422
14433
14444
14455
14466
14477
14488
14500
14512
14525
14537
14550
14562
14575
14587
14600
14611
14622
14633
14644
14655
14666
14677
14688
14700
14712
14725
14737
14750
14762
14775
14787
14800
14812
14825
14837
14850
14862
14875
14887
14900
14911
14922
14933
14944
14955
14966
14977
14988
15000
15008
15016
15025
15033
15041
15050
15058
15066
15075
15083
15091
15100
15109
15118
15127
15136
15145
15154
15163
15172
15181
15190
15200
15208
15216
15225
15233
15241
15250
15258
15266
15275
15283
15291
15300
15308
15316
15325
15333
15341
15350
15358
15366
15375
15383
15391
15400
15408
15416
15425
15433
15441
15450
15458
15466
15475
15483
15491
15500
15508
15516
15525
15533
15541
15550
15558
15566
15575
15583
15591
15600
15609
15618
15627
15636
15645
15654
15663
15672
15681
15690
15700
15708
15716
15725
15733
15741
15750
15758
15766
15775
15783
15791
15800
15808
15816
15825
15833
15841
15850
15858
15866
15875
15883
15891
15900
15908
15916
15925
15933
15941
15950
15958
15966
15975
15983
15991
16000
16008
16016
16024
16033
16041
16050
16058
16066
16075
16083
16091
16100
16108
16116
16125
16133
16141
16149
16158
16166
16175
16183
16191
16200
16208
16216
16225
16233
16241
16250
16258
16266
16274
16283
16291
16300
16308
16316
16325
16333
16341
16350
16358
16366
16375
16383
16391
16400
16408
16416
16424
16433
16441
16450
16458
16466
16475
16483
16491
16500
16508
16516
16525
16533
16541
16550
16558
16566
16575
16583
16591
16600
16608
16616
16625
16633
16641
16650
16658
16666
16675
16683
16691
16700
16708
16716
16725
16733
16741
16750
16758
16766
16775
16783
16791
16800
16807
16815
16823
16830
16838
16846
16853
16861
16869
16876
16884
16892
16900
16908
16916
16924
16933
16941
16950
16958
16966
16975
16983
16991
17000
17010
17020
17030
17040
17050
17060
17070
17080
17090
17100
17109
17118
17127
17136
17145
17154
17163
17172
17181
17190
17200
17209
17218
17227
17236
17245
17254
17263
17272
17281
17290
17300
17309
17318
17327
17336
17345
17354
17363
17372
17381
17390
17400
17409
17418
17427
17436
17445
17454
17463
17472
17481
17490
17500
17510
17520
17530
17540
17550
17560
17570
17580
17590
17600
17609
17618
17627
17636
17645
17654
17663
17672
17681
17690
17700
17709
17718
17727
17736
17745
17754
17763
17772
17781
17790
17800
17809
17818
17827
17836
17845
17854
17863
17872
17881
17890
17900
17909
17918
17927
17936
17945
17954
17963
17972
17981
17990
18000
18007
18014
18021
18028
18035
18042
18050
18057
18064
18071
18078
18085
18092
18100
18107
18114
18121
18128
18135
18142
18150
18157
18164
18171
18178
18185
18192
18200
18206
18213
18220
18226
18233
18240
18246
18253
18260
18266
18273
18280
18286
18293
18300
18307
18314
18321
18328
18335
18342
18350
18357
18364
18371
18378
18385
18392
18400
18406
18413
18419
18426
18433
18439
18446
18453
18460
18466
18473
18480
18486
18493
18500
18507
18514
18521
18528
18535
18542
18550
18557
18564
18571
18578
18585
18592
18600
18606
18613
18620
18626
18633
18640
18646
18653
18660
18666
18673
18680
18686
18693
18700
18707
18714
18721
18728
18735
18742
18750
18757
18764
18771
18778
18785
18792
18800
18806
18813
18820
18826
18833
18840
18846
18853
18860
18866
18873
18880
18886
18893
18900
18907
18914
18921
18928
18935
18942
18950
18957
18964
18971
18978
18985
18992
19000
19007
19015
19023
19030
19038
19046
19053
19061
19069
19076
19084
19092
19100
19107
19115
19123
19130
19138
19146
19153
19161
19169
19176
19184
19192
19200
19207
19215
19223
19230
19238
19246
19253
19261
19269
19276
19284
19292
19300
19308
19316
19325
19333
19341
19350
19358
19366
19375
19383
19391
19400
19407
19415
19423
19430
19438
19446
19453
19461
19469
19476
19484
19492
19500
19507
19515
19523
19530
19538
19546
19553
19561
19569
19576
19584
19592
19600
19607
19615
19623
19630
19638
19646
19653
19661
19669
19676
19684
19692
19700
19708
19716
19725
19733
19741
19750
19758
19766
19775
19783
19791
19800
19807
19815
19823
19830
19838
19846
19853
19861
19869
19876
19884
19892
19900
19907
19915
19923
19930
19938
19946
19953
19961
19969
19976
19984
19992
20000
20010
20020
20030
20040
20050
20060
20070
20080
20090
20100
20110
20120
20130
20140
20150
20160
20170
20180
20189
20200
20210
20220
20230
20240
20250
20260
20270
20280
20290
20300
20310
20320
20330
20340
20350
20360
20369
20380
20390
20400
20410
20419
20430
20439
20450
20460
20470
20480
20490
20500
20510
20520
20530
20540
20550
20560
20570
20580
20590
20600
20610
20620
20630
20640
20650
20660
20670
20680
20689
20700
20710
20720
20730
20740
20750
20760
20770
20780
20790
20800
20810
20820
20830
20840
20850
20860
20869
20880
20890
20900
20910
20919
20930
20939
20950
20960
20970
20980
20990
21000
21014
21028
21042
21057
21071
21085
21100
21114
21128
21142
21157
21171
21185
21200
21214
21228
21242
21257
21271
21285
21300
21312
21325
21337
21350
21362
21375
21387
21400
21414
21428
21442
21457
21471
21485
21500
21514
21528
21542
21557
21571
21585
21600
21614
21628
21642
21657
21671
21685
21700
21714
21728
21742
21757
21771
21785
21800
21812
21825
21837
21850
21862
21875
21887
21900
21914
21928
21942
21957
21971
21985
22000
22012
22025
22037
22050
22062
22075
22087
22100
22114
22128
22142
22157
22171
22185
22200
22212
22225
22237
22250
22262
22275
22287
22300
22312
22325
22337
22350
22362
22375
22387
22400
22412
22424
22437
22450
22462
22475
22487
22500
22512
22525
22537
22550
22562
22575
22587
22600
22614
22628
22642
22657
22671
22685
22700
22712
22725
22737
22750
22762
22775
22787
22800
22812
22825
22837
22850
22862
22875
22887
22900
22912
22924
22937
22950
22962
22975
22987
23000
23025
23050
23075
23100
23125
23150
23175
23200
23225
23250
23275
23300
23325
23350
23375
23400
23424
23450
23475
23500
23525
23550
23575
23600
23625
23650
23675
23700
23720
23740
23760
23780
23800
23825
23850
23875
23900
23924
23950
23975
24000
24014
24028
24042
24057
24071
24085
24100
24114
24128
24142
24157
24171
24185
24200
24214
24228
24242
24257
24271
24285
24300
24314
24328
24342
24357
24371
24385
24400
24414
24428
24442
24457
24471
24485
24500
24516
24533
24550
24566
24583
24600
24614
24628
24642
24657
24671
24685
24700
24714
24728
24742
24757
24771
24785
24800
24814
24828
24842
24857
24871
24885
24900
24914
24928
24942
24957
24971
24985
25000
25014
25028
25042
25057
25071
25085
25100
25114
25128
25142
25157
25171
25185
25200
25216
25233
25250
25266
25283
25300
25314
25328
25342
25357
25371
25385
25400
25414
25428
25442
25457
25471
25485
25500
25516
25533
25550
25566
25583
25600
25614
25628
25642
25657
25671
25685
25700
25714
25728
25742
25757
25771
25785
25800
25814
25828
25842
25857
25871
25885
25900
25916
25933
25950
25966
25983
26000
26009
26018
26027
26036
26045
26054
26063
26072
26081
26090
26100
26109
26118
26127
26136
26145
26154
26163
26172
26181
26190
26200
26209
26218
26227
26236
26245
26254
26263
26272
26281
26290
26300
26309
26318
26327
26336
26345
26354
26363
26372
26381
26390
26400
26409
26418
26427
26436
26445
26454
26463
26472
26481
26490
26500
26509
26518
26527
26536
26545
26554
26563
26572
26581
26590
26600
26609
26618
26627
26636
26645
26654
26663
26672
26681
26690
26700
26709
26718
26727
26736
26745
26754
26763
26772
26781
26790
26800
26809
26818
26827
26836
26845
26854
26863
26872
26881
26890
26900
26910
26919
26930
26939
26950
26960
26970
26980
26990
27000
27005
27011
27016
27022
27027
27033
27038
27044
27050
27055
27061
27066
27072
27077
27083
27088
27094
27100
27105
27111
27117
27123
27129
27135
27141
27147
27152
27158
27164
27170
27176
27182
27188
27194
27200
27205
27211
27217
27223
27229
27235
27241
27247
27252
27258
27264
27270
27276
27282
27288
27294
27300
27305
27311
27316
27322
27327
27333
27338
27344
27350
27355
27361
27366
27372
27377
27383
27388
27394
27400
27405
27411
27417
27423
27429
27435
27441
27447
27452
27458
27464
27470
27476
27482
27488
27494
27500
27505
27511
27516
27522
27527
27533
27538
27544
27550
27555
27561
27566
27572
27577
27583
27588
27594
27600
27605
27611
27617
27623
27629
27635
27641
27647
27652
27658
27664
27670
27676
27682
27688
27694
27700
27705
27711
27717
27723
27729
27735
27741
27747
27752
27758
27764
27770
27776
27782
27788
27794
27800
27805
27811
27816
27822
27827
27833
27838
27844
27850
27855
27861
27866
27872
27877
27883
27888
27894
27900
27905
27911
27917
27923
27929
27935
27941
27947
27952
27958
27964
27970
27976
27982
27988
27994
28000
28004
28009
28013
28018
28022
28027
28031
28036
28040
28045
28050
28054
28059
28063
28068
28072
28077
28081
28086
28090
28095
28100
28104
28109
28114
28119
28123
28128
28133
28138
28142
28147
28152
28157
28161
28166
28171
28176
28180
28185
28190
28195
28200
28204
28209
28213
28218
28222
28227
28231
28236
28240
28245
28250
28254
28259
28263
28268
28272
28277
28281
28286
28290
28295
28300
28304
28309
28313
28318
28322
28327
28331
28336
28340
28345
28350
28354
28359
28363
28368
28372
28377
28381
28386
28390
28395
28400
28404
28409
28413
28418
28422
28427
28431
28436
28440
28445
28450
28454
28459
28463
28468
28472
28477
28481
28486
28490
28495
28500
28504
28509
28513
28518
28522
28527
28531
28536
28540
28545
28550
28554
28559
28563
28568
28572
28577
28581
28586
28590
28595
28600
28604
28609
28614
28619
28623
28628
28633
28638
28642
28647
28652
28657
28661
28666
28671
28676
28680
28685
28690
28695
28700
28704
28709
28713
28718
28722
28727
28731
28736
28740
28745
28750
28754
28759
28763
28768
28772
28777
28781
28786
28790
28795
28800
28804
28809
28813
28818
28822
28827
28831
28836
28840
28845
28850
28854
28859
28863
28868
28872
28877
28881
28886
28890
28895
28900
28904
28909
28913
28918
28922
28927
28931
28936
28940
28945
28950
28954
28959
28963
28968
28972
28977
28981
28986
28990
28995
29000
29004
29009
29013
29018
29022
29027
29031
29036
29040
29045
29050
29054
29059
29063
29068
29072
29077
29081
29086
29090
29095
29100
29104
29109
29113
29118
29122
29127
29131
29136
29140
29145
29150
29154
29159
29163
29168
29172
29177
29181
29186
29190
29195
29200
29204
29209
29213
29218
29222
29227
29231
29236
29240
29245
29250
29254
29259
29263
29268
29272
29277
29281
29286
29290
29295
29300
29304
29309
29313
29318
29322
29327
29331
29336
29340
29345
29350
29354
29359
29363
29368
29372
29377
29381
29386
29390
29395
29400
29404
29409
29413
29418
29422
29427
29431
29436
29440
29445
29450
29454
29459
29463
29468
29472
29477
29481
29486
29490
29495
29500
29504
29509
29513
29518
29522
29527
29531
29536
29540
29545
29550
29554
29559
29563
29568
29572
29577
29581
29586
29590
29595
29600
29604
29609
29613
29618
29622
29627
29631
29636
29640
29645
29650
29654
29659
29663
29668
29672
29677
29681
29686
29690
29695
29700
29704
29708
29713
29717
29721
29726
29730
29734
29739
29743
29747
29752
29756
29760
29765
29769
29773
29778
29782
29786
29791
29795
29800
29804
29809
29813
29818
29822
29827
29831
29836
29840
29845
29850
29854
29859
29863
29868
29872
29877
29881
29886
29890
29895
29900
29904
29909
29913
29918
29922
29927
29931
29936
29940
29945
29950
29954
29959
29963
29968
29972
29977
29981
29986
29990
29995
30000
