0.10 15728.60
0.20 15728.60
0.30 15728.60
0.40 15728.60
0.50 15728.60
0.60 41156.60
0.70 41156.60
0.80 41156.60
0.90 41156.60
1.00 41156.60
1.10 24903.70
1.20 24903.70
1.30 24903.70
1.40 24903.70
1.50 24903.70
1.60 27000.80
1.70 27000.80
1.80 27000.80
1.90 27000.80
2.00 27000.80
2.10 27525.10
2.20 27525.10
2.30 27525.10
2.40 27525.10
2.50 27525.10
2.60 28311.60
2.70 28311.60
2.80 28311.60
2.90 28311.60
3.00 28311.60
3.10 19660.80
3.20 19660.80
3.30 19660.80
3.40 19660.80
3.50 19660.80
3.60 15990.80
3.70 15990.80
3.80 15990.80
3.90 15990.80
4.00 15990.80
4.10 23330.80
4.20 23330.80
4.30 23330.80
4.40 23330.80
4.50 23330.80
4.60 29884.40
4.70 29884.40
4.80 29884.40
4.90 29884.40
5.00 29884.40
5.10 60817.40
5.20 60817.40
5.30 60817.40
5.40 60817.40
5.50 60817.40
5.60 5242.90
5.70 5242.90
5.80 5242.90
5.90 5242.90
6.00 5242.90
6.10 46399.50
6.20 46399.50
6.30 46399.50
6.40 46399.50
6.50 46399.50
6.60 28311.60
6.70 28311.60
6.80 28311.60
6.90 28311.60
7.00 28311.60
7.10 18874.40
7.20 18874.40
7.30 18874.40
7.40 18874.40
7.50 18874.40
7.60 28835.80
7.70 28835.80
7.80 28835.80
7.90 28835.80
8.00 28835.80
8.10 21233.70
8.20 21233.70
8.30 21233.70
8.40 21233.70
8.50 21233.70
8.60 14155.80
8.70 14155.80
8.80 14155.80
8.90 14155.80
9.00 14155.80
9.10 19398.70
9.20 19398.70
9.30 19398.70
9.40 19398.70
9.50 19398.70
9.60 20447.20
9.70 20447.20
9.80 20447.20
9.90 20447.20
10.00 20447.20
10.10 27000.80
10.20 27000.80
10.30 27000.80
10.40 27000.80
10.50 27000.80
10.60 26738.70
10.70 26738.70
10.80 26738.70
10.90 26738.70
11.00 26738.70
11.10 25428.00
11.20 25428.00
11.30 25428.00
11.40 25428.00
11.50 25428.00
11.60 23068.70
11.70 23068.70
11.80 23068.70
11.90 23068.70
12.00 23068.70
12.10 20709.40
12.20 20709.40
12.30 20709.40
12.40 20709.40
12.50 20709.40
12.60 126091.30
12.70 126091.30
12.80 126091.30
12.90 126091.30
13.00 126091.30
13.10 65011.70
13.20 65011.70
13.30 65011.70
13.40 65011.70
13.50 65011.70
13.60 72351.70
13.70 72351.70
13.80 72351.70
13.90 72351.70
14.00 72351.70
14.10 5242.90
14.20 5242.90
14.30 5242.90
14.40 5242.90
14.50 5242.90
14.60 41943.00
14.70 41943.00
14.80 41943.00
14.90 41943.00
15.00 41943.00
15.10 10747.90
15.20 10747.90
15.30 10747.90
15.40 10747.90
15.50 10747.90
15.60 107216.90
15.70 107216.90
15.80 107216.90
15.90 107216.90
16.00 107216.90
16.10 55836.70
16.20 55836.70
16.30 55836.70
16.40 55836.70
16.50 55836.70
16.60 39059.50
16.70 39059.50
16.80 39059.50
16.90 39059.50
17.00 39059.50
17.10 105119.70
17.20 105119.70
17.30 105119.70
17.40 105119.70
17.50 105119.70
17.60 19136.50
17.70 19136.50
17.80 19136.50
17.90 19136.50
18.00 19136.50
18.10 105119.70
18.20 105119.70
18.30 105119.70
18.40 105119.70
18.50 105119.70
18.60 85458.90
18.70 85458.90
18.80 85458.90
18.90 85458.90
19.00 85458.90
19.10 61079.60
19.20 61079.60
19.30 61079.60
19.40 61079.60
19.50 61079.60
19.60 27263.00
19.70 27263.00
19.80 27263.00
19.90 27263.00
20.00 27263.00
20.10 99352.60
20.20 99352.60
20.30 99352.60
20.40 99352.60
20.50 99352.60
20.60 103284.70
20.70 103284.70
20.80 103284.70
20.90 103284.70
21.00 103284.70
21.10 78118.90
21.20 78118.90
21.30 78118.90
21.40 78118.90
21.50 78118.90
21.60 69730.30
21.70 69730.30
21.80 69730.30
21.90 69730.30
22.00 69730.30
22.10 45875.20
22.20 45875.20
22.30 45875.20
22.40 45875.20
22.50 45875.20
22.60 60555.30
22.70 60555.30
22.80 60555.30
22.90 60555.30
23.00 60555.30
23.10 80216.10
23.20 80216.10
23.30 80216.10
23.40 80216.10
23.50 80216.10
23.60 112459.80
23.70 112459.80
23.80 112459.80
23.90 112459.80
24.00 112459.80
24.10 38535.20
24.20 38535.20
24.30 38535.20
24.40 38535.20
24.50 38535.20
24.60 83623.90
24.70 83623.90
24.80 83623.90
24.90 83623.90
25.00 83623.90
25.10 71303.20
25.20 71303.20
25.30 71303.20
25.40 71303.20
25.50 71303.20
25.60 104071.20
25.70 104071.20
25.80 104071.20
25.90 104071.20
26.00 104071.20
26.10 68419.60
26.20 68419.60
26.30 68419.60
26.40 68419.60
26.50 68419.60
26.60 45350.90
26.70 45350.90
26.80 45350.90
26.90 45350.90
27.00 45350.90
27.10 40370.20
27.20 40370.20
27.30 40370.20
27.40 40370.20
27.50 40370.20
27.60 80478.20
27.70 80478.20
27.80 80478.20
27.90 80478.20
28.00 80478.20
28.10 89915.40
28.20 89915.40
28.30 89915.40
28.40 89915.40
28.50 89915.40
28.60 66060.30
28.70 66060.30
28.80 66060.30
28.90 66060.30
29.00 66060.30
29.10 31981.60
29.20 31981.60
29.30 31981.60
29.40 31981.60
29.50 31981.60
29.60 67633.20
29.70 67633.20
29.80 67633.20
29.90 67633.20
30.00 67633.20
