0.10 66969.60
0.20 66969.60
0.30 66969.60
0.40 66969.60
0.50 66969.60
0.60 66969.60
0.70 66969.60
0.80 66969.60
0.90 66969.60
1.00 66969.60
1.10 67276.80
1.20 67276.80
1.30 67276.80
1.40 67276.80
1.50 67276.80
1.60 67276.80
1.70 67276.80
1.80 67276.80
1.90 67276.80
2.00 67276.80
2.10 61849.60
2.20 61849.60
2.30 61849.60
2.40 61849.60
2.50 61849.60
2.60 61849.60
2.70 61849.60
2.80 61849.60
2.90 61849.60
3.00 61849.60
3.10 16588.80
3.20 16588.80
3.30 16588.80
3.40 16588.80
3.50 16588.80
3.60 16588.80
3.70 16588.80
3.80 16588.80
3.90 16588.80
4.00 16588.80
4.10 83353.60
4.20 83353.60
4.30 83353.60
4.40 83353.60
4.50 83353.60
4.60 83353.60
4.70 83353.60
4.80 83353.60
4.90 83353.60
5.00 83353.60
5.10 49254.40
5.20 49254.40
5.30 49254.40
5.40 49254.40
5.50 49254.40
5.60 49254.40
5.70 49254.40
5.80 49254.40
5.90 49254.40
6.00 49254.40
6.10 63283.20
6.20 63283.20
6.30 63283.20
6.40 63283.20
6.50 63283.20
6.60 63283.20
6.70 63283.20
6.80 63283.20
6.90 63283.20
7.00 63283.20
7.10 63897.60
7.20 63897.60
7.30 63897.60
7.40 63897.60
7.50 63897.60
7.60 63897.60
7.70 63897.60
7.80 63897.60
7.90 63897.60
8.00 63897.60
8.10 69324.80
8.20 69324.80
8.30 69324.80
8.40 69324.80
8.50 69324.80
8.60 69324.80
8.70 69324.80
8.80 69324.80
8.90 69324.80
9.00 69324.80
9.10 70758.40
9.20 70758.40
9.30 70758.40
9.40 70758.40
9.50 70758.40
9.60 70758.40
9.70 70758.40
9.80 70758.40
9.90 70758.40
10.00 70758.40
