0.10 64921.60
0.20 64921.60
0.30 64921.60
0.40 64921.60
0.50 64921.60
0.60 64921.60
0.70 64921.60
0.80 64921.60
0.90 64921.60
1.00 64921.60
1.10 62668.80
1.20 62668.80
1.30 62668.80
1.40 62668.80
1.50 62668.80
1.60 62668.80
1.70 62668.80
1.80 62668.80
1.90 62668.80
2.00 62668.80
2.10 61952.00
2.20 61952.00
2.30 61952.00
2.40 61952.00
2.50 61952.00
2.60 61952.00
2.70 61952.00
2.80 61952.00
2.90 61952.00
3.00 61952.00
3.10 63078.40
3.20 63078.40
3.30 63078.40
3.40 63078.40
3.50 63078.40
3.60 63078.40
3.70 63078.40
3.80 63078.40
3.90 63078.40
4.00 63078.40
4.10 64512.00
4.20 64512.00
4.30 64512.00
4.40 64512.00
4.50 64512.00
4.60 64512.00
4.70 64512.00
4.80 64512.00
4.90 64512.00
5.00 64512.00
5.10 62976.00
5.20 62976.00
5.30 62976.00
5.40 62976.00
5.50 62976.00
5.60 62976.00
5.70 62976.00
5.80 62976.00
5.90 62976.00
6.00 62976.00
6.10 56320.00
6.20 56320.00
6.30 56320.00
6.40 56320.00
6.50 56320.00
6.60 56320.00
6.70 56320.00
6.80 56320.00
6.90 56320.00
7.00 56320.00
7.10 70348.80
7.20 70348.80
7.30 70348.80
7.40 70348.80
7.50 70348.80
7.60 70348.80
7.70 70348.80
7.80 70348.80
7.90 70348.80
8.00 70348.80
8.10 66252.80
8.20 66252.80
8.30 66252.80
8.40 66252.80
8.50 66252.80
8.60 66252.80
8.70 66252.80
8.80 66252.80
8.90 66252.80
9.00 66252.80
9.10 67993.60
9.20 67993.60
9.30 67993.60
9.40 67993.60
9.50 67993.60
9.60 67993.60
9.70 67993.60
9.80 67993.60
9.90 67993.60
10.00 67993.60
