0.10 68812.80
0.20 68812.80
0.30 68812.80
0.40 68812.80
0.50 68812.80
0.60 68812.80
0.70 68812.80
0.80 68812.80
0.90 68812.80
1.00 68812.80
1.10 74444.80
1.20 74444.80
1.30 74444.80
1.40 74444.80
1.50 74444.80
1.60 74444.80
1.70 74444.80
1.80 74444.80
1.90 74444.80
2.00 74444.80
2.10 78336.00
2.20 78336.00
2.30 78336.00
2.40 78336.00
2.50 78336.00
2.60 78336.00
2.70 78336.00
2.80 78336.00
2.90 78336.00
3.00 78336.00
3.10 73420.80
3.20 73420.80
3.30 73420.80
3.40 73420.80
3.50 73420.80
3.60 73420.80
3.70 73420.80
3.80 73420.80
3.90 73420.80
4.00 73420.80
4.10 73625.60
4.20 73625.60
4.30 73625.60
4.40 73625.60
4.50 73625.60
4.60 73625.60
4.70 73625.60
4.80 73625.60
4.90 73625.60
5.00 73625.60
5.10 68608.00
5.20 68608.00
5.30 68608.00
5.40 68608.00
5.50 68608.00
5.60 68608.00
5.70 68608.00
5.80 68608.00
5.90 68608.00
6.00 68608.00
6.10 32665.60
6.20 32665.60
6.30 32665.60
6.40 32665.60
6.50 32665.60
6.60 32665.60
6.70 32665.60
6.80 32665.60
6.90 32665.60
7.00 32665.60
7.10 105472.00
7.20 105472.00
7.30 105472.00
7.40 105472.00
7.50 105472.00
7.60 105472.00
7.70 105472.00
7.80 105472.00
7.90 105472.00
8.00 105472.00
8.10 75161.60
8.20 75161.60
8.30 75161.60
8.40 75161.60
8.50 75161.60
8.60 75161.60
8.70 75161.60
8.80 75161.60
8.90 75161.60
9.00 75161.60
9.10 71884.80
9.20 71884.80
9.30 71884.80
9.40 71884.80
9.50 71884.80
9.60 71884.80
9.70 71884.80
9.80 71884.80
9.90 71884.80
10.00 71884.80
