0.10 43417.60
0.20 43417.60
0.30 43417.60
0.40 43417.60
0.50 43417.60
0.60 43417.60
0.70 43417.60
0.80 43417.60
0.90 43417.60
1.00 43417.60
1.10 36454.40
1.20 36454.40
1.30 36454.40
1.40 36454.40
1.50 36454.40
1.60 36454.40
1.70 36454.40
1.80 36454.40
1.90 36454.40
2.00 36454.40
2.10 36044.80
2.20 36044.80
2.30 36044.80
2.40 36044.80
2.50 36044.80
2.60 36044.80
2.70 36044.80
2.80 36044.80
2.90 36044.80
3.00 36044.80
3.10 33075.20
3.20 33075.20
3.30 33075.20
3.40 33075.20
3.50 33075.20
3.60 33075.20
3.70 33075.20
3.80 33075.20
3.90 33075.20
4.00 33075.20
4.10 38809.60
4.20 38809.60
4.30 38809.60
4.40 38809.60
4.50 38809.60
4.60 38809.60
4.70 38809.60
4.80 38809.60
4.90 38809.60
5.00 38809.60
5.10 55500.80
5.20 55500.80
5.30 55500.80
5.40 55500.80
5.50 55500.80
5.60 55500.80
5.70 55500.80
5.80 55500.80
5.90 55500.80
6.00 55500.80
6.10 49356.80
6.20 49356.80
6.30 49356.80
6.40 49356.80
6.50 49356.80
6.60 49356.80
6.70 49356.80
6.80 49356.80
6.90 49356.80
7.00 49356.80
7.10 6656.00
7.20 6656.00
7.30 6656.00
7.40 6656.00
7.50 6656.00
7.60 6656.00
7.70 6656.00
7.80 6656.00
7.90 6656.00
8.00 6656.00
8.10 69324.80
8.20 69324.80
8.30 69324.80
8.40 69324.80
8.50 69324.80
8.60 69324.80
8.70 69324.80
8.80 69324.80
8.90 69324.80
9.00 69324.80
9.10 25395.20
9.20 25395.20
9.30 25395.20
9.40 25395.20
9.50 25395.20
9.60 25395.20
9.70 25395.20
9.80 25395.20
9.90 25395.20
10.00 25395.20
