0.10 43212.80
0.20 43212.80
0.30 43212.80
0.40 43212.80
0.50 43212.80
0.60 43212.80
0.70 43212.80
0.80 43212.80
0.90 43212.80
1.00 43212.80
1.10 101785.60
1.20 101785.60
1.30 101785.60
1.40 101785.60
1.50 101785.60
1.60 101785.60
1.70 101785.60
1.80 101785.60
1.90 101785.60
2.00 101785.60
2.10 79360.00
2.20 79360.00
2.30 79360.00
2.40 79360.00
2.50 79360.00
2.60 79360.00
2.70 79360.00
2.80 79360.00
2.90 79360.00
3.00 79360.00
3.10 68505.60
3.20 68505.60
3.30 68505.60
3.40 68505.60
3.50 68505.60
3.60 68505.60
3.70 68505.60
3.80 68505.60
3.90 68505.60
4.00 68505.60
4.10 53657.60
4.20 53657.60
4.30 53657.60
4.40 53657.60
4.50 53657.60
4.60 53657.60
4.70 53657.60
4.80 53657.60
4.90 53657.60
5.00 53657.60
5.10 62668.80
5.20 62668.80
5.30 62668.80
5.40 62668.80
5.50 62668.80
5.60 62668.80
5.70 62668.80
5.80 62668.80
5.90 62668.80
6.00 62668.80
6.10 68403.20
6.20 68403.20
6.30 68403.20
6.40 68403.20
6.50 68403.20
6.60 68403.20
6.70 68403.20
6.80 68403.20
6.90 68403.20
7.00 68403.20
7.10 69222.40
7.20 69222.40
7.30 69222.40
7.40 69222.40
7.50 69222.40
7.60 69222.40
7.70 69222.40
7.80 69222.40
7.90 69222.40
8.00 69222.40
8.10 67686.40
8.20 67686.40
8.30 67686.40
8.40 67686.40
8.50 67686.40
8.60 67686.40
8.70 67686.40
8.80 67686.40
8.90 67686.40
9.00 67686.40
9.10 71065.60
9.20 71065.60
9.30 71065.60
9.40 71065.60
9.50 71065.60
9.60 71065.60
9.70 71065.60
9.80 71065.60
9.90 71065.60
10.00 71065.60
