0.10 58368.00
0.20 58368.00
0.30 58368.00
0.40 58368.00
0.50 58368.00
0.60 58368.00
0.70 58368.00
0.80 58368.00
0.90 58368.00
1.00 58368.00
1.10 59494.40
1.20 59494.40
1.30 59494.40
1.40 59494.40
1.50 59494.40
1.60 59494.40
1.70 59494.40
1.80 59494.40
1.90 59494.40
2.00 59494.40
2.10 56115.20
2.20 56115.20
2.30 56115.20
2.40 56115.20
2.50 56115.20
2.60 56115.20
2.70 56115.20
2.80 56115.20
2.90 56115.20
3.00 56115.20
3.10 42188.80
3.20 42188.80
3.30 42188.80
3.40 42188.80
3.50 42188.80
3.60 42188.80
3.70 42188.80
3.80 42188.80
3.90 42188.80
4.00 42188.80
4.10 55193.60
4.20 55193.60
4.30 55193.60
4.40 55193.60
4.50 55193.60
4.60 55193.60
4.70 55193.60
4.80 55193.60
4.90 55193.60
5.00 55193.60
5.10 59596.80
5.20 59596.80
5.30 59596.80
5.40 59596.80
5.50 59596.80
5.60 59596.80
5.70 59596.80
5.80 59596.80
5.90 59596.80
6.00 59596.80
6.10 47308.80
6.20 47308.80
6.30 47308.80
6.40 47308.80
6.50 47308.80
6.60 47308.80
6.70 47308.80
6.80 47308.80
6.90 47308.80
7.00 47308.80
7.10 82944.00
7.20 82944.00
7.30 82944.00
7.40 82944.00
7.50 82944.00
7.60 82944.00
7.70 82944.00
7.80 82944.00
7.90 82944.00
8.00 82944.00
8.10 40448.00
8.20 40448.00
8.30 40448.00
8.40 40448.00
8.50 40448.00
8.60 40448.00
8.70 40448.00
8.80 40448.00
8.90 40448.00
9.00 40448.00
9.10 91136.00
9.20 91136.00
9.30 91136.00
9.40 91136.00
9.50 91136.00
9.60 91136.00
9.70 91136.00
9.80 91136.00
9.90 91136.00
10.00 91136.00
