0.10 60928.00
0.20 60928.00
0.30 60928.00
0.40 60928.00
0.50 60928.00
0.60 60928.00
0.70 60928.00
0.80 60928.00
0.90 60928.00
1.00 60928.00
1.10 64921.60
1.20 64921.60
1.30 64921.60
1.40 64921.60
1.50 64921.60
1.60 64921.60
1.70 64921.60
1.80 64921.60
1.90 64921.60
2.00 64921.60
2.10 60928.00
2.20 60928.00
2.30 60928.00
2.40 60928.00
2.50 60928.00
2.60 60928.00
2.70 60928.00
2.80 60928.00
2.90 60928.00
3.00 60928.00
3.10 53350.40
3.20 53350.40
3.30 53350.40
3.40 53350.40
3.50 53350.40
3.60 53350.40
3.70 53350.40
3.80 53350.40
3.90 53350.40
4.00 53350.40
4.10 53657.60
4.20 53657.60
4.30 53657.60
4.40 53657.60
4.50 53657.60
4.60 53657.60
4.70 53657.60
4.80 53657.60
4.90 53657.60
5.00 53657.60
5.10 64102.40
5.20 64102.40
5.30 64102.40
5.40 64102.40
5.50 64102.40
5.60 64102.40
5.70 64102.40
5.80 64102.40
5.90 64102.40
6.00 64102.40
6.10 61440.00
6.20 61440.00
6.30 61440.00
6.40 61440.00
6.50 61440.00
6.60 61440.00
6.70 61440.00
6.80 61440.00
6.90 61440.00
7.00 61440.00
7.10 57958.40
7.20 57958.40
7.30 57958.40
7.40 57958.40
7.50 57958.40
7.60 57958.40
7.70 57958.40
7.80 57958.40
7.90 57958.40
8.00 57958.40
8.10 59392.00
8.20 59392.00
8.30 59392.00
8.40 59392.00
8.50 59392.00
8.60 59392.00
8.70 59392.00
8.80 59392.00
8.90 59392.00
9.00 59392.00
9.10 61849.60
9.20 61849.60
9.30 61849.60
9.40 61849.60
9.50 61849.60
9.60 61849.60
9.70 61849.60
9.80 61849.60
9.90 61849.60
10.00 61849.60
