0.10 31641.60
0.20 31641.60
0.30 31641.60
0.40 31641.60
0.50 31641.60
0.60 31641.60
0.70 31641.60
0.80 31641.60
0.90 31641.60
1.00 31641.60
1.10 68403.20
1.20 68403.20
1.30 68403.20
1.40 68403.20
1.50 68403.20
1.60 68403.20
1.70 68403.20
1.80 68403.20
1.90 68403.20
2.00 68403.20
2.10 63897.60
2.20 63897.60
2.30 63897.60
2.40 63897.60
2.50 63897.60
2.60 63897.60
2.70 63897.60
2.80 63897.60
2.90 63897.60
3.00 63897.60
3.10 62668.80
3.20 62668.80
3.30 62668.80
3.40 62668.80
3.50 62668.80
3.60 62668.80
3.70 62668.80
3.80 62668.80
3.90 62668.80
4.00 62668.80
4.10 61337.60
4.20 61337.60
4.30 61337.60
4.40 61337.60
4.50 61337.60
4.60 61337.60
4.70 61337.60
4.80 61337.60
4.90 61337.60
5.00 61337.60
5.10 60928.00
5.20 60928.00
5.30 60928.00
5.40 60928.00
5.50 60928.00
5.60 60928.00
5.70 60928.00
5.80 60928.00
5.90 60928.00
6.00 60928.00
6.10 24473.60
6.20 24473.60
6.30 24473.60
6.40 24473.60
6.50 24473.60
6.60 24473.60
6.70 24473.60
6.80 24473.60
6.90 24473.60
7.00 24473.60
7.10 73625.60
7.20 73625.60
7.30 73625.60
7.40 73625.60
7.50 73625.60
7.60 73625.60
7.70 73625.60
7.80 73625.60
7.90 73625.60
8.00 73625.60
8.10 48128.00
8.20 48128.00
8.30 48128.00
8.40 48128.00
8.50 48128.00
8.60 48128.00
8.70 48128.00
8.80 48128.00
8.90 48128.00
9.00 48128.00
9.10 39628.80
9.20 39628.80
9.30 39628.80
9.40 39628.80
9.50 39628.80
9.60 39628.80
9.70 39628.80
9.80 39628.80
9.90 39628.80
10.00 39628.80
