0.10 69324.80
0.20 69324.80
0.30 69324.80
0.40 69324.80
0.50 69324.80
0.60 69324.80
0.70 69324.80
0.80 69324.80
0.90 69324.80
1.00 69324.80
1.10 66969.60
1.20 66969.60
1.30 66969.60
1.40 66969.60
1.50 66969.60
1.60 66969.60
1.70 66969.60
1.80 66969.60
1.90 66969.60
2.00 66969.60
2.10 66457.60
2.20 66457.60
2.30 66457.60
2.40 66457.60
2.50 66457.60
2.60 66457.60
2.70 66457.60
2.80 66457.60
2.90 66457.60
3.00 66457.60
3.10 65331.20
3.20 65331.20
3.30 65331.20
3.40 65331.20
3.50 65331.20
3.60 65331.20
3.70 65331.20
3.80 65331.20
3.90 65331.20
4.00 65331.20
4.10 68403.20
4.20 68403.20
4.30 68403.20
4.40 68403.20
4.50 68403.20
4.60 68403.20
4.70 68403.20
4.80 68403.20
4.90 68403.20
5.00 68403.20
5.10 67174.40
5.20 67174.40
5.30 67174.40
5.40 67174.40
5.50 67174.40
5.60 67174.40
5.70 67174.40
5.80 67174.40
5.90 67174.40
6.00 67174.40
6.10 67788.80
6.20 67788.80
6.30 67788.80
6.40 67788.80
6.50 67788.80
6.60 67788.80
6.70 67788.80
6.80 67788.80
6.90 67788.80
7.00 67788.80
7.10 66252.80
7.20 66252.80
7.30 66252.80
7.40 66252.80
7.50 66252.80
7.60 66252.80
7.70 66252.80
7.80 66252.80
7.90 66252.80
8.00 66252.80
8.10 68608.00
8.20 68608.00
8.30 68608.00
8.40 68608.00
8.50 68608.00
8.60 68608.00
8.70 68608.00
8.80 68608.00
8.90 68608.00
9.00 68608.00
9.10 36147.20
9.20 36147.20
9.30 36147.20
9.40 36147.20
9.50 36147.20
9.60 36147.20
9.70 36147.20
9.80 36147.20
9.90 36147.20
10.00 36147.20
