0.10 71065.60
0.20 71065.60
0.30 71065.60
0.40 71065.60
0.50 71065.60
0.60 71065.60
0.70 71065.60
0.80 71065.60
0.90 71065.60
1.00 71065.60
1.10 72704.00
1.20 72704.00
1.30 72704.00
1.40 72704.00
1.50 72704.00
1.60 72704.00
1.70 72704.00
1.80 72704.00
1.90 72704.00
2.00 72704.00
2.10 69939.20
2.20 69939.20
2.30 69939.20
2.40 69939.20
2.50 69939.20
2.60 69939.20
2.70 69939.20
2.80 69939.20
2.90 69939.20
3.00 69939.20
3.10 73830.40
3.20 73830.40
3.30 73830.40
3.40 73830.40
3.50 73830.40
3.60 73830.40
3.70 73830.40
3.80 73830.40
3.90 73830.40
4.00 73830.40
4.10 67584.00
4.20 67584.00
4.30 67584.00
4.40 67584.00
4.50 67584.00
4.60 67584.00
4.70 67584.00
4.80 67584.00
4.90 67584.00
5.00 67584.00
5.10 64921.60
5.20 64921.60
5.30 64921.60
5.40 64921.60
5.50 64921.60
5.60 64921.60
5.70 64921.60
5.80 64921.60
5.90 64921.60
6.00 64921.60
6.10 48844.80
6.20 48844.80
6.30 48844.80
6.40 48844.80
6.50 48844.80
6.60 48844.80
6.70 48844.80
6.80 48844.80
6.90 48844.80
7.00 48844.80
7.10 87859.20
7.20 87859.20
7.30 87859.20
7.40 87859.20
7.50 87859.20
7.60 87859.20
7.70 87859.20
7.80 87859.20
7.90 87859.20
8.00 87859.20
8.10 71065.60
8.20 71065.60
8.30 71065.60
8.40 71065.60
8.50 71065.60
8.60 71065.60
8.70 71065.60
8.80 71065.60
8.90 71065.60
9.00 71065.60
9.10 70041.60
9.20 70041.60
9.30 70041.60
9.40 70041.60
9.50 70041.60
9.60 70041.60
9.70 70041.60
9.80 70041.60
9.90 70041.60
10.00 70041.60
