0.10 53145.60
0.20 53145.60
0.30 53145.60
0.40 53145.60
0.50 53145.60
0.60 53145.60
0.70 53145.60
0.80 53145.60
0.90 53145.60
1.00 53145.60
1.10 63385.60
1.20 63385.60
1.30 63385.60
1.40 63385.60
1.50 63385.60
1.60 63385.60
1.70 63385.60
1.80 63385.60
1.90 63385.60
2.00 63385.60
2.10 66969.60
2.20 66969.60
2.30 66969.60
2.40 66969.60
2.50 66969.60
2.60 66969.60
2.70 66969.60
2.80 66969.60
2.90 66969.60
3.00 66969.60
3.10 39321.60
3.20 39321.60
3.30 39321.60
3.40 39321.60
3.50 39321.60
3.60 39321.60
3.70 39321.60
3.80 39321.60
3.90 39321.60
4.00 39321.60
4.10 98611.20
4.20 98611.20
4.30 98611.20
4.40 98611.20
4.50 98611.20
4.60 98611.20
4.70 98611.20
4.80 98611.20
4.90 98611.20
5.00 98611.20
5.10 75059.20
5.20 75059.20
5.30 75059.20
5.40 75059.20
5.50 75059.20
5.60 75059.20
5.70 75059.20
5.80 75059.20
5.90 75059.20
6.00 75059.20
6.10 71680.00
6.20 71680.00
6.30 71680.00
6.40 71680.00
6.50 71680.00
6.60 71680.00
6.70 71680.00
6.80 71680.00
6.90 71680.00
7.00 71680.00
7.10 63488.00
7.20 63488.00
7.30 63488.00
7.40 63488.00
7.50 63488.00
7.60 63488.00
7.70 63488.00
7.80 63488.00
7.90 63488.00
8.00 63488.00
8.10 2355.20
8.20 2355.20
8.30 2355.20
8.40 2355.20
8.50 2355.20
8.60 2355.20
8.70 2355.20
8.80 2355.20
8.90 2355.20
9.00 2355.20
9.10 100352.00
9.20 100352.00
9.30 100352.00
9.40 100352.00
9.50 100352.00
9.60 100352.00
9.70 100352.00
9.80 100352.00
9.90 100352.00
10.00 100352.00
