0.10 69529.60
0.20 69529.60
0.30 69529.60
0.40 69529.60
0.50 69529.60
0.60 69529.60
0.70 69529.60
0.80 69529.60
0.90 69529.60
1.00 69529.60
1.10 70860.80
1.20 70860.80
1.30 70860.80
1.40 70860.80
1.50 70860.80
1.60 70860.80
1.70 70860.80
1.80 70860.80
1.90 70860.80
2.00 70860.80
2.10 31027.20
2.20 31027.20
2.30 31027.20
2.40 31027.20
2.50 31027.20
2.60 31027.20
2.70 31027.20
2.80 31027.20
2.90 31027.20
3.00 31027.20
3.10 107929.60
3.20 107929.60
3.30 107929.60
3.40 107929.60
3.50 107929.60
3.60 107929.60
3.70 107929.60
3.80 107929.60
3.90 107929.60
4.00 107929.60
4.10 66150.40
4.20 66150.40
4.30 66150.40
4.40 66150.40
4.50 66150.40
4.60 66150.40
4.70 66150.40
4.80 66150.40
4.90 66150.40
5.00 66150.40
5.10 63078.40
5.20 63078.40
5.30 63078.40
5.40 63078.40
5.50 63078.40
5.60 63078.40
5.70 63078.40
5.80 63078.40
5.90 63078.40
6.00 63078.40
6.10 63385.60
6.20 63385.60
6.30 63385.60
6.40 63385.60
6.50 63385.60
6.60 63385.60
6.70 63385.60
6.80 63385.60
6.90 63385.60
7.00 63385.60
7.10 31436.80
7.20 31436.80
7.30 31436.80
7.40 31436.80
7.50 31436.80
7.60 31436.80
7.70 31436.80
7.80 31436.80
7.90 31436.80
8.00 31436.80
8.10 96460.80
8.20 96460.80
8.30 96460.80
8.40 96460.80
8.50 96460.80
8.60 96460.80
8.70 96460.80
8.80 96460.80
8.90 96460.80
9.00 96460.80
9.10 66252.80
9.20 66252.80
9.30 66252.80
9.40 66252.80
9.50 66252.80
9.60 66252.80
9.70 66252.80
9.80 66252.80
9.90 66252.80
10.00 66252.80
