0.10 64921.60
0.20 64921.60
0.30 64921.60
0.40 64921.60
0.50 64921.60
0.60 64921.60
0.70 64921.60
0.80 64921.60
0.90 64921.60
1.00 64921.60
1.10 69324.80
1.20 69324.80
1.30 69324.80
1.40 69324.80
1.50 69324.80
1.60 69324.80
1.70 69324.80
1.80 69324.80
1.90 69324.80
2.00 69324.80
2.10 67276.80
2.20 67276.80
2.30 67276.80
2.40 67276.80
2.50 67276.80
2.60 67276.80
2.70 67276.80
2.80 67276.80
2.90 67276.80
3.00 67276.80
3.10 66969.60
3.20 66969.60
3.30 66969.60
3.40 66969.60
3.50 66969.60
3.60 66969.60
3.70 66969.60
3.80 66969.60
3.90 66969.60
4.00 66969.60
4.10 67686.40
4.20 67686.40
4.30 67686.40
4.40 67686.40
4.50 67686.40
4.60 67686.40
4.70 67686.40
4.80 67686.40
4.90 67686.40
5.00 67686.40
5.10 27443.20
5.20 27443.20
5.30 27443.20
5.40 27443.20
5.50 27443.20
5.60 27443.20
5.70 27443.20
5.80 27443.20
5.90 27443.20
6.00 27443.20
6.10 118579.20
6.20 118579.20
6.30 118579.20
6.40 118579.20
6.50 118579.20
6.60 118579.20
6.70 118579.20
6.80 118579.20
6.90 118579.20
7.00 118579.20
7.10 71475.20
7.20 71475.20
7.30 71475.20
7.40 71475.20
7.50 71475.20
7.60 71475.20
7.70 71475.20
7.80 71475.20
7.90 71475.20
8.00 71475.20
8.10 67276.80
8.20 67276.80
8.30 67276.80
8.40 67276.80
8.50 67276.80
8.60 67276.80
8.70 67276.80
8.80 67276.80
8.90 67276.80
9.00 67276.80
9.10 41472.00
9.20 41472.00
9.30 41472.00
9.40 41472.00
9.50 41472.00
9.60 41472.00
9.70 41472.00
9.80 41472.00
9.90 41472.00
10.00 41472.00
