0.10 65433.60
0.20 65433.60
0.30 65433.60
0.40 65433.60
0.50 65433.60
0.60 65433.60
0.70 65433.60
0.80 65433.60
0.90 65433.60
1.00 65433.60
1.10 65024.00
1.20 65024.00
1.30 65024.00
1.40 65024.00
1.50 65024.00
1.60 65024.00
1.70 65024.00
1.80 65024.00
1.90 65024.00
2.00 65024.00
2.10 62566.40
2.20 62566.40
2.30 62566.40
2.40 62566.40
2.50 62566.40
2.60 62566.40
2.70 62566.40
2.80 62566.40
2.90 62566.40
3.00 62566.40
3.10 62976.00
3.20 62976.00
3.30 62976.00
3.40 62976.00
3.50 62976.00
3.60 62976.00
3.70 62976.00
3.80 62976.00
3.90 62976.00
4.00 62976.00
4.10 61849.60
4.20 61849.60
4.30 61849.60
4.40 61849.60
4.50 61849.60
4.60 61849.60
4.70 61849.60
4.80 61849.60
4.90 61849.60
5.00 61849.60
5.10 62361.60
5.20 62361.60
5.30 62361.60
5.40 62361.60
5.50 62361.60
5.60 62361.60
5.70 62361.60
5.80 62361.60
5.90 62361.60
6.00 62361.60
6.10 68198.40
6.20 68198.40
6.30 68198.40
6.40 68198.40
6.50 68198.40
6.60 68198.40
6.70 68198.40
6.80 68198.40
6.90 68198.40
7.00 68198.40
7.10 50176.00
7.20 50176.00
7.30 50176.00
7.40 50176.00
7.50 50176.00
7.60 50176.00
7.70 50176.00
7.80 50176.00
7.90 50176.00
8.00 50176.00
8.10 79155.20
8.20 79155.20
8.30 79155.20
8.40 79155.20
8.50 79155.20
8.60 79155.20
8.70 79155.20
8.80 79155.20
8.90 79155.20
9.00 79155.20
9.10 64512.00
9.20 64512.00
9.30 64512.00
9.40 64512.00
9.50 64512.00
9.60 64512.00
9.70 64512.00
9.80 64512.00
9.90 64512.00
10.00 64512.00
