7
15
23
31
38
46
54
62
70
81
92
103
114
125
136
147
158
170
182
195
207
220
232
245
257
270
281
292
303
314
325
336
347
358
370
382
394
406
418
431
443
455
467
480
491
502
513
524
535
546
557
568
580
591
602
613
624
635
646
657
668
680
691
702
713
724
735
746
757
768
780
791
802
813
824
835
846
857
868
880
892
904
916
928
941
953
965
977
990
1001
1012
1023
1034
1045
1056
1067
1078
1090
1101
1112
1123
1134
1145
1156
1167
1178
1190
1201
1212
1223
1234
1245
1256
1267
1278
1290
1300
1310
1320
1330
1339
1349
1359
1369
1380
1390
1401
1412
1423
1434
1445
1456
1467
1478
1490
1500
1510
1520
1530
1540
1550
1560
1570
1580
1590
1601
1612
1623
1634
1645
1656
1667
1678
1690
1700
1710
1720
1730
1740
1750
1760
1770
1780
1790
1802
1814
1826
1838
1851
1863
1875
1887
1900
1910
1920
1930
1940
1950
1960
1970
1980
1990
2000
2011
2022
2033
2044
2055
2066
2077
2088
2100
2112
2125
2137
2150
2162
2175
2187
2200
2211
2222
2233
2244
2255
2266
2277
2288
2300
2312
2324
2337
2349
2362
2375
2387
2400
2411
2422
2433
2444
2455
2466
2477
2488
2500
2512
2525
2537
2550
2562
2575
2587
2600
2611
2622
2633
2644
2655
2666
2677
2688
2700
2712
2725
2737
2750
2762
2775
2787
2800
2812
2824
2836
2848
2861
2873
2885
2897
2910
2922
2935
2947
2960
2972
2985
2997
3010
3021
3032
3043
3054
3065
3076
3087
3098
3110
3121
3132
3143
3154
3165
3176
3187
3198
3210
3219
3230
3240
3250
3260
3270
3280
3290
3300
3310
3322
3334
3346
3358
3371
3383
3395
3407
3420
3429
3440
3450
3460
3469
3480
3490
3500
3510
3520
3531
3542
3553
3564
3575
3586
3597
3608
3620
3631
3642
3653
3664
3675
3686
3697
3708
3719
3730
3741
3752
3763
3774
3785
3796
3807
3818
3830
3840
3850
3860
3870
3880
3890
3900
3910
3920
3930
3941
3952
3963
3974
3985
3996
4007
4018
4030
4041
4052
4062
4074
4085
4096
4107
4117
4129
4140
4151
4162
4173
4184
4195
4206
4217
4228
4240
4251
4262
4273
4284
4295
4306
4317
4328
4340
4352
4365
4377
4390
4402
4415
4427
4440
4451
4462
4473
4484
4495
4506
4517
4528
4540
4551
4562
4573
4584
4595
4606
4617
4628
4640
4651
4662
4673
4684
4695
4706
4717
4728
4740
4751
4762
4773
4784
4795
4806
4817
4828
4840
4851
4862
4873
4884
4895
4906
4917
4928
4940
4952
4965
4977
4990
5002
5015
5027
5040
5051
5062
5073
5084
5095
5106
5117
5128
5140
5151
5162
5173
5184
5195
5206
5217
5228
5240
5252
5265
5277
5290
5302
5314
5327
5340
5351
5362
5373
5384
5395
5406
5417
5428
5440
5451
5462
5473
5484
5495
5506
5517
5528
5540
5552
5564
5577
5590
5602
5615
5627
5640
5651
5662
5673
5684
5695
5706
5717
5728
5740
5753
5767
5781
5795
5808
5822
5836
5850
5861
5872
5883
5894
5905
5916
5927
5938
5950
5961
5972
5983
5994
6005
6016
6027
6038
6050
6062
6075
6087
6100
6112
6125
6137
6150
6162
6174
6186
6198
6210
6221
6234
6246
6258
6270
6279
6290
6300
6310
6319
6330
6340
6350
6359
6370
6380
6391
6404
6416
6428
6439
6452
6464
6476
6488
6500
6512
6524
6536
6548
6560
6572
6584
6596
6608
6620
6632
6644
6656
6668
6680
6692
6704
6716
6728
6740
6750
6761
6772
6783
6794
6805
6816
6827
6838
6849
6860
6871
6882
6893
6904
6915
6926
6937
6947
6959
6970
6981
6994
7006
7018
7029
7042
7054
7066
7077
7090
7102
7114
7125
7138
7150
7162
7173
7186
7198
7210
7220
7231
7242
7253
7264
7275
7286
7297
7308
7319
7330
7342
7354
7366
7378
7390
7402
7414
7426
7438
7450
7460
7471
7482
7493
7504
7515
7526
7537
7548
7559
7570
7580
7591
7602
7613
7624
7635
7646
7657
7668
7679
7690
7702
7714
7726
7738
7750
7762
7774
7786
7798
7810
7820
7831
7842
7853
7864
7875
7886
7897
7908
7919
7930
7940
7951
7962
7973
7984
7995
8006
8017
8028
8039
8050
8060
8071
8082
8093
8104
8115
8126
8137
8148
8159
8170
8182
8193
8206
8218
8230
8242
8254
8266
8277
8290
8300
8311
8322
8333
8344
8355
8366
8377
8388
8399
8410
8420
8431
8442
8453
8464
8475
8486
8497
8508
8519
8530
8544
8558
8572
8587
8601
8615
8630
8646
8663
8680
8696
8713
8730
8745
8761
8777
8792
8808
8824
8840
8854
8868
8882
8897
8911
8925
8940
8954
8968
8982
8997
9011
9025
9040
9055
9071
9087
9102
9118
9134
9150
9164
9178
9192
9207
9221
9235
9250
9266
9283
9300
9316
9333
9350
9364
9378
9392
9407
9421
9435
9450
9465
9481
9497
9512
9528
9544
9560
10340
11120
11900
12290
12680
13470
14250
15030
15810
16590
17370
17407
17445
17482
17520
17570
17620
17670
17716
17763
17810
17847
17884
17922
17960
18006
18053
18100
18137
18175
18212
18250
18296
18343
18390
18427
18465
18502
18540
18586
18633
18680
18717
18755
18792
18830
18863
18896
18930
18966
19003
19040
19064
19090
19115
19140
19176
19213
19250
19283
19316
19350
19383
19416
19450
19477
19505
19532
19560
19593
19626
19660
19696
19733
19770
19795
19820
19845
19870
20520
21170
21810
22250
22470
22690
22910
23130
23350
23570
23790
24010
24230
24255
24280
24305
24330
24363
24396
24430
24455
24480
24505
24530
24563
24596
24630
24655
24680
24705
24730
24763
24796
24830
24863
24896
24930
24955
24980
25005
25030
25063
25096
25130
25155
25180
25205
25230
25290
25350
25410
25470
25525
25580
25640
25700
25810
25869
25930
25985
26040
26100
26160
26215
26270
26330
26390
26510
26630
26740
26860
26980
27100
27220
27330
27450
27570
27603
27636
27670
27703
27736
27770
27795
27820
27845
27870
27903
27936
27970
28003
28036
28070
28103
28136
28170
28206
28243
28280
28313
28346
28380
28405
28430
28455
28480
28513
28546
28580
28599
28619
28640
28660
28680
28700
28720
28740
28760
28780
28805
28830
28855
28880
28900
28919
28940
28960
28980
29000
29020
29040
29060
29080
29102
29124
29146
29168
29190
29210
29230
29250
29270
29290
29310
29330
29350
29370
29390
29415
29439
29465
29490
29509
29529
29550
29570
29590
29623
29656
29690
29715
29740
29765
29790
29823
29856
29890
29923
29956
29990
