11
22
33
44
55
66
77
88
100
110
120
130
140
150
160
170
180
190
200
211
222
233
244
255
266
277
288
299
310
320
330
339
350
360
370
380
390
399
410
420
430
440
450
459
470
480
490
500
510
520
530
540
550
560
570
580
590
600
610
619
628
637
646
655
664
673
682
691
700
710
719
728
737
746
755
764
773
782
791
800
810
819
828
837
846
855
864
873
882
891
900
910
919
928
937
946
955
964
973
982
991
1000
1010
1019
1028
1037
1046
1055
1064
1073
1082
1091
1100
1110
1120
1130
1140
1150
1160
1170
1180
1190
1200
1210
1219
1228
1237
1246
1255
1264
1273
1282
1291
1300
1310
1319
1328
1337
1346
1355
1364
1373
1382
1391
1400
1410
1419
1428
1437
1446
1455
1464
1473
1482
1491
1500
1510
1519
1528
1537
1546
1555
1564
1573
1582
1591
1600
1610
1619
1628
1637
1646
1655
1664
1673
1682
1691
1700
1710
1720
1730
1740
1750
1760
1770
1780
1790
1800
1810
1820
1830
1840
1850
1860
1869
1880
1890
1900
1910
1920
1929
1938
1947
1956
1965
1974
1983
1992
2001
2010
2020
2029
2038
2047
2056
2065
2074
2083
2092
2101
2110
2120
2129
2138
2147
2156
2165
2174
2183
2192
2201
2210
2220
2230
2240
2250
2260
2270
2280
2290
2300
2310
2320
2329
2338
2347
2356
2365
2374
2383
2392
2401
2410
2420
2429
2438
2447
2456
2465
2474
2483
2492
2501
2510
2520
2529
2538
2547
2556
2565
2574
2583
2592
2601
2610
2620
2629
2638
2647
2656
2665
2674
2683
2692
2701
2710
2720
2728
2736
2745
2753
2761
2770
2778
2786
2795
2803
2811
2820
2828
2836
2844
2853
2861
2870
2878
2886
2895
2903
2911
2920
2928
2936
2945
2953
2961
2969
2978
2986
2995
3003
3011
3020
3028
3036
3045
3053
3061
3070
3078
3086
3095
3103
3111
3120
3129
3138
3147
3156
3165
3174
3183
3192
3201
3210
3220
3228
3236
3245
3253
3261
3270
3278
3286
3295
3303
3311
3320
3328
3336
3344
3353
3361
3370
3378
3386
3395
3403
3411
3420
3428
3436
3445
3453
3461
3469
3478
3486
3495
3503
3511
3520
3528
3536
3545
3553
3561
3570
3578
3586
3595
3603
3611
3620
3630
3640
3650
3660
3670
3680
3690
3700
3710
3720
3730
3740
3750
3760
3770
3780
3790
3800
3810
3820
3831
3842
3852
3864
3875
3886
3897
3908
3919
3930
3940
3950
3960
3970
3980
3990
4000
4010
4020
4030
4040
4050
4060
4070
4080
4090
4100
4110
4120
4130
4140
4150
4160
4170
4180
4190
4200
4210
4220
4230
4240
4250
4260
4270
4280
4290
4300
4310
4320
4330
4340
4350
4360
4370
4380
4390
4399
4410
4420
4430
4439
4450
4460
4470
4480
4490
4500
4510
4520
4530
4540
4550
4560
4570
4580
4590
4600
4610
4620
4630
4639
4648
4657
4666
4675
4684
4693
4702
4711
4720
4730
4741
4752
4763
4774
4785
4796
4807
4818
4829
4840
4849
4858
4867
4876
4885
4894
4903
4912
4921
4930
4940
4949
4958
4967
4976
4985
4994
5003
5012
5021
5030
5040
5049
5058
5067
5076
5085
5094
5103
5112
5121
5130
5140
5149
5160
5170
5180
5189
5200
5210
5220
5230
5240
5250
5260
5270
5280
5290
5300
5310
5319
5330
5340
5350
5359
5368
5377
5386
5395
5404
5413
5422
5431
5440
5450
5459
5468
5477
5486
5495
5504
5513
5522
5531
5540
5550
5560
5570
5580
5590
5600
5610
5620
5630
5640
5650
5662
5674
5686
5698
5710
5721
5734
5746
5758
5770
5782
5794
5806
5818
5831
5843
5855
5867
5880
5893
5906
5920
5933
5946
5960
5973
5986
6000
6013
6026
6040
6053
6066
6080
6093
6106
6120
6131
6142
6153
6164
6175
6186
6197
6208
6219
6230
6243
6256
6270
6283
6296
6310
6323
6336
6350
6362
6374
6386
6398
6411
6423
6435
6447
6460
6473
6486
6500
6513
6526
6540
6553
6566
6580
6592
6604
6616
6628
6640
6652
6664
6676
6688
6700
6712
6724
6736
6748
6761
6773
6785
6797
6810
6817
6824
6831
6838
6845
6852
6859
6867
6874
6881
6888
6895
6902
6910
6917
6924
6931
6938
6945
6952
6960
6967
6974
6981
6988
6995
7002
7010
7017
7024
7031
7038
7045
7052
7060
7067
7074
7081
7088
7095
7102
7110
7117
7124
7131
7138
7145
7152
7160
7167
7174
7181
7188
7195
7202
7210
7217
7224
7231
7238
7245
7252
7260
7267
7274
7281
7288
7295
7302
7310
7317
7324
7331
7338
7345
7352
7359
7367
7374
7381
7388
7395
7402
7410
7417
7424
7431
7438
7445
7452
7460
7467
7474
7481
7488
7495
7502
7510
7517
7524
7531
7538
7545
7552
7560
7567
7574
7581
7588
7595
7602
7610
7617
7624
7631
7638
7645
7652
7660
7667
7674
7681
7688
7695
7702
7710
7717
7724
7731
7738
7745
7752
7760
7767
7774
7781
7788
7795
7802
7810
7822
7835
7847
7859
7872
7885
7897
7910
7922
7935
7947
7960
7972
7984
7997
8010
8023
8037
8051
8064
8078
8092
8106
8119
8134
8148
8162
8177
8191
8205
8220
8232
8245
8257
8270
8282
8295
8307
8320
8332
8345
8357
8370
8382
8395
8407
8420
8434
8448
8462
8477
8491
8505
8520
8532
8545
8557
8570
8582
8594
8607
8620
8632
8645
8657
8670
8682
8695
8707
8720
8734
8748
8762
8777
8791
8805
8820
8828
8836
8845
8853
8861
8870
8878
8886
8895
8903
8911
8920
8929
8938
8947
8956
8965
8974
8983
8992
9001
9010
9020
9029
9038
9047
9056
9065
9075
9084
9093
9102
9111
9120
9130
9139
9148
9157
9166
9175
9184
9193
9202
9211
9220
9230
9238
9246
9255
9263
9271
9280
9288
9296
9305
9313
9321
9330
9338
9346
9355
9363
9371
9379
9388
9396
9405
9413
9421
9430
9439
9448
9457
9466
9475
9484
9493
9502
9511
9520
9530
9538
9546
9555
9563
9571
9580
9588
9596
9605
9613
9621
9630
9639
9648
9657
9666
9675
9684
9693
9702
9711
9720
9730
9738
9746
9755
9763
9771
9780
9788
9796
9805
9813
9821
9830
9840
9850
9860
9870
9879
9890
9900
9910
9920
9930
9942
9954
9966
9978
9991
10003
10015
10027
10040
10049
10059
10070
10080
10090
10100
10110
10120
10130
10140
10150
10160
10170
10180
10190
10200
10210
10220
10230
10240
10250
10260
10270
10280
10290
10300
10310
10320
10330
10340
10350
10360
10370
10379
10390
10400
10410
10420
10430
10440
10451
10462
10472
10484
10495
10506
10517
10528
10539
10550
10561
10572
10583
10594
10605
10616
10627
10638
10650
10660
10670
10680
10690
10700
10710
10720
10730
10740
10750
10760
10770
10780
10790
10800
10810
10820
10830
10840
10850
10862
10875
10887
10899
10912
10924
10937
10950
10962
10975
10987
11000
11012
11025
11037
11050
11062
11075
11087
11100
11112
11125
11137
11150
11162
11175
11187
11200
11212
11225
11237
11250
11262
11275
11287
11300
11312
11325
11337
11350
11362
11375
11387
11399
11412
11424
11437
11450
11462
11475
11487
11500
11512
11525
11537
11550
11562
11575
11587
11600
11612
11625
11637
11650
11662
11675
11687
11700
11712
11725
11737
11750
11764
11778
11792
11807
11821
11835
11850
11860
11870
11879
11889
11899
11910
11920
11930
11940
11950
11961
11972
11983
11994
12005
12016
12027
12038
12050
12061
12072
12083
12094
12105
12116
12127
12138
12150
12162
12174
12186
12198
12211
12223
12235
12247
12260
12271
12282
12293
12304
12315
12326
12337
12348
12360
12371
12382
12393
12404
12415
12426
12437
12448
12460
12471
12482
12493
12504
12515
12526
12537
12548
12560
12571
12582
12593
12604
12615
12626
12637
12648
12660
12671
12682
12693
12704
12715
12726
12737
12748
12760
12771
12782
12793
12804
12815
12826
12837
12848
12860
12893
12926
12960
13010
13060
13093
13126
13160
13193
13226
13260
13293
13326
13360
13396
13433
13470
13503
13536
13570
13620
13670
13703
13736
13770
13803
13836
13870
13920
13970
14080
14129
14180
14235
14290
14390
14445
14500
14550
14600
14710
14760
14810
14865
14920
15020
15070
15120
15220
15270
15320
15420
15520
15570
15620
15720
15770
15820
15920
15969
16020
16129
16230
16285
16340
16440
16550
16600
16650
16760
16810
16860
16970
17070
17170
17220
17270
17380
17480
17580
17680
17780
17835
17890
17990
18040
18090
18200
18255
18310
18360
18410
18520
18570
18620
18675
18730
18785
18840
18940
18995
19050
19100
19150
19200
19250
19305
19360
19410
19460
19509
19560
19615
19670
19720
19770
19820
19870
19925
19980
20030
20080
20220
20370
20510
20660
20800
20950
21090
21240
21380
21530
21544
21558
21572
21587
21601
21615
21630
21642
21655
21667
21680
21692
21705
21717
21730
21744
21758
21772
21787
21801
21815
21830
21844
21858
21872
21887
21901
21915
21930
21944
21958
21972
21987
22001
22015
22030
22044
22058
22072
22087
22101
22115
22130
22144
22158
22172
22187
22201
22215
22230
22245
22261
22277
22292
22308
22324
22340
22352
22365
22377
22390
22402
22415
22427
22440
22454
22468
22482
22497
22511
22525
22540
22590
22640
22673
22706
22740
22795
22850
22883
22916
22950
23000
23050
23105
23160
23193
23226
23260
23310
23360
23393
23426
23460
23515
23570
23620
23670
23720
23770
23870
23925
23980
24030
24080
24180
24230
24280
24380
24435
24490
24540
24590
24690
24745
24800
24850
24900
24950
25000
25110
25160
25210
25265
25320
25370
25420
25520
25575
25630
25760
25890
26020
26160
26290
26420
26550
26690
26820
26950
27150
27350
27550
27750
27850
27950
28160
28360
28560
28760
28960
28967
28974
28981
28988
28995
29002
29009
29017
29024
29031
29038
29045
29052
29060
29067
29074
29081
29088
29095
29102
29110
29117
29124
29131
29138
29145
29152
29160
29167
29174
29181
29188
29195
29202
29210
29217
29224
29231
29238
29245
29252
29260
29267
29275
29283
29290
29298
29306
29313
29321
29329
29336
29344
29352
29360
29367
29374
29381
29388
29395
29402
29410
29417
29424
29431
29438
29445
29452
29460
29467
29474
29481
29488
29495
29502
29509
29517
29524
29531
29538
29545
29552
29560
29567
29574
29581
29588
29595
29602
29610
29617
29624
29631
29638
29645
29652
29660
29667
29675
29683
29691
29699
29707
29715
29722
29730
29738
29746
29754
29762
29770
29777
29784
29791
29798
29805
29812
29820
29827
29834
29841
29848
29855
29862
29870
29877
29885
29893
29900
29908
29916
29923
29931
29939
29946
29954
29962
29970
