8
17
26
35
44
53
62
71
80
92
104
116
128
140
152
164
176
188
200
211
222
233
244
255
266
277
288
299
310
322
334
346
358
370
382
394
406
418
430
442
454
466
478
490
502
514
526
538
550
561
572
583
594
605
616
627
638
649
660
672
684
696
708
720
732
744
756
768
780
791
802
813
824
835
846
857
868
879
890
902
914
926
938
950
962
974
986
998
1010
1020
1032
1043
1054
1065
1076
1087
1098
1109
1120
1142
1164
1186
1208
1230
1246
1263
1280
1296
1313
1330
1350
1370
1390
1410
1430
1446
1463
1480
1496
1513
1530
1550
1570
1589
1609
1630
1646
1663
1680
1696
1713
1730
1750
1770
1790
1810
1830
1850
1870
1890
1910
1930
1946
1963
1980
1996
2013
2029
2050
2070
2090
2110
2130
2142
2154
2166
2178
2190
2202
2214
2226
2238
2250
2261
2272
2283
2294
2304
2316
2327
2338
2348
2360
2372
2384
2396
2408
2420
2432
2444
2456
2468
2480
2491
2502
2513
2524
2535
2546
2557
2568
2578
2590
2601
2612
2623
2634
2645
2656
2667
2678
2689
2700
2712
2724
2736
2748
2760
2772
2784
2796
2808
2820
2831
2842
2852
2864
2875
2886
2897
2908
2919
2930
2942
2954
2966
2978
2990
3002
3014
3026
3038
3050
3061
3072
3082
3094
3105
3116
3127
3138
3149
3160
3171
3182
3193
3204
3215
3226
3237
3248
3259
3270
3281
3292
3303
3314
3325
3336
3347
3358
3370
3381
3392
3403
3414
3425
3436
3447
3458
3469
3480
3490
3500
3510
3520
3530
3540
3550
3560
3570
3580
3590
3600
3610
3620
3630
3640
3650
3660
3670
3680
3691
3702
3713
3724
3735
3746
3757
3768
3780
3790
3800
3809
3820
3830
3840
3849
3860
3870
3880
3889
3900
3910
3920
3929
3940
3950
3960
3969
3980
3991
4002
4013
4024
4035
4046
4057
4068
4080
4090
4100
4110
4120
4130
4140
4149
4160
4170
4180
4189
4200
4210
4220
4230
4240
4250
4260
4270
4280
4300
4320
4340
4360
4380
4400
4415
4431
4447
4462
4478
4494
4510
4529
4550
4570
4590
4609
4630
4648
4666
4685
4703
4721
4740
4757
4774
4791
4808
4825
4842
4860
4878
4896
4915
4933
4951
4970
4990
5010
5029
5050
5070
5090
5105
5121
5137
5152
5168
5184
5200
5220
5240
5260
5280
5300
5320
5338
5356
5375
5393
5411
5430
5442
5455
5467
5480
5492
5505
5517
5530
5543
5557
5571
5585
5598
5612
5626
5640
5654
5668
5682
5697
5711
5725
5740
5752
5765
5777
5790
5802
5814
5827
5840
5852
5865
5877
5890
5902
5915
5927
5940
5952
5965
5977
5990
6002
6015
6027
6040
6054
6068
6082
6097
6111
6125
6140
6152
6165
6177
6189
6202
6215
6227
6240
6252
6265
6277
6290
6302
6314
6327
6340
6354
6368
6382
6397
6411
6425
6440
6452
6464
6476
6488
6501
6513
6525
6537
6550
6564
6580
6595
6609
6625
6640
6655
6670
6683
6697
6711
6725
6738
6752
6766
6780
6792
6804
6816
6828
6841
6853
6865
6877
6890
6903
6917
6931
6945
6958
6972
6986
7000
7013
7027
7041
7055
7068
7082
7096
7110
7122
7134
7146
7158
7171
7183
7195
7207
7220
7233
7247
7261
7275
7288
7302
7316
7330
7342
7354
7366
7378
7391
7403
7415
7427
7440
7453
7467
7481
7495
7508
7522
7536
7550
7560
7570
7580
7590
7600
7610
7620
7630
7640
7650
7662
7674
7686
7698
7711
7723
7735
7747
7760
7770
7780
7790
7800
7810
7820
7830
7840
7850
7860
7871
7882
7893
7904
7915
7926
7937
7948
7960
7970
7980
7990
8000
8010
8020
8030
8040
8050
8060
8070
8080
8090
8100
8109
8120
8130
8140
8150
8160
8171
8182
8193
8204
8215
8226
8237
8248
8260
8270
8280
8290
8299
8309
8320
8330
8340
8350
8360
8370
8379
8390
8400
8410
8420
8430
8440
8450
8460
8471
8482
8493
8504
8515
8526
8537
8548
8560
8574
8588
8602
8617
8631
8645
8660
8676
8693
8710
8726
8743
8760
8776
8793
8809
8826
8843
8860
8876
8893
8910
8926
8943
8960
8976
8993
9010
9026
9043
9060
9076
9093
9110
9126
9143
9160
9174
9188
9202
9217
9231
9245
9260
9276
9293
9309
9326
9343
9360
9376
9393
9410
9426
9443
9460
9476
9493
9510
9526
9543
9560
9578
9596
9615
9633
9651
9670
9686
9703
9719
9736
9753
9770
9785
9801
9817
9832
9848
9864
9880
9898
9916
9935
9953
9971
9990
10006
10023
10040
10056
10073
10090
10108
10126
10145
10163
10181
10200
10216
10233
10250
10266
10283
10300
10318
10336
10355
10373
10391
10410
10428
10446
10465
10483
10501
10520
10536
10553
10570
10586
10603
10620
10632
10644
10656
10668
10681
10693
10705
10717
10730
10743
10756
10770
10783
10796
10810
10823
10836
10850
10863
10877
10891
10905
10918
10932
10946
10960
10972
10984
10996
11008
11021
11033
11045
11057
11070
11082
11094
11106
11118
11131
11143
11155
11167
11180
11193
11207
11221
11235
11248
11262
11276
11290
11303
11316
11330
11343
11356
11370
11383
11396
11410
11422
11434
11446
11458
11471
11483
11495
11507
11520
11533
11547
11561
11575
11588
11602
11616
11630
11642
11654
11666
11678
11691
11703
11715
11727
11740
11751
11762
11773
11784
11795
11806
11817
11828
11840
11851
11862
11873
11884
11895
11906
11917
11928
11940
11952
11964
11976
11988
12001
12013
12025
12037
12050
12061
12072
12083
12094
12105
12116
12127
12138
12150
12162
12175
12187
12200
12212
12225
12237
12250
12261
12272
12283
12294
12305
12316
12327
12338
12350
12361
12372
12383
12394
12405
12416
12427
12438
12450
12461
12472
12483
12494
12505
12516
12527
12538
12550
12561
12572
12583
12594
12605
12616
12627
12638
12650
12661
12672
12683
12694
12705
12716
12727
12738
12750
12765
12781
12797
12812
12828
12844
12860
12874
12888
12902
12917
12931
12945
12960
12972
12985
12997
13010
13022
13035
13047
13060
13075
13091
13107
13122
13138
13154
13170
13184
13198
13212
13227
13241
13255
13270
13285
13301
13317
13332
13348
13364
13380
13392
13405
13417
13430
13442
13455
13467
13480
13494
13508
13522
13537
13551
13565
13580
13595
13611
13627
13642
13658
13674
13690
13704
13718
13732
13747
13761
13775
13790
13802
13815
13827
13840
13852
13865
13877
13890
13902
13915
13927
13940
13952
13965
13977
13990
14004
14018
14032
14047
14061
14075
14090
14103
14117
14131
14145
14158
14172
14186
14200
14212
14225
14237
14250
14262
14275
14287
14300
14312
14325
14337
14350
14362
14375
14387
14400
14414
14428
14442
14457
14471
14485
14500
14512
14525
14537
14550
14562
14575
14587
14600
14612
14625
14637
14649
14662
14674
14687
14700
14714
14728
14742
14757
14771
14785
14800
14814
14828
14842
14857
14871
14885
14900
14916
14933
14950
14966
14983
15000
15014
15028
15042
15057
15071
15085
15100
15116
15133
15149
15166
15183
15200
15214
15228
15242
15257
15271
15285
15300
15316
15333
15350
15366
15383
15400
15414
15428
15442
15457
15471
15485
15500
15516
15533
15550
15566
15583
15600
15614
15628
15642
15657
15671
15685
15700
15716
15733
15750
15766
15783
15800
15820
15840
15860
15880
15900
15927
15955
15982
16010
16030
16050
16070
16090
16110
16134
16160
16185
16210
16230
16250
16270
16290
16309
16329
16349
16370
16390
16410
16437
16465
16492
16520
16540
16560
16580
16600
16620
16645
16670
16695
16720
16740
16759
16780
16800
16820
16870
16920
16970
17020
17070
17120
17175
17230
17280
17330
17380
17430
17480
17530
17630
17680
17730
17780
17830
17854
17878
17901
17926
17950
17974
17998
18022
18046
18070
18096
18122
18148
18174
18200
18224
18248
18272
18296
18320
18344
18368
18392
18416
18440
18464
18488
18512
18535
18560
18584
18608
18631
18656
18680
18704
18728
18752
18776
18800
18824
18848
18872
18896
18920
18944
18968
18992
19016
19040
19052
19064
19077
19090
19102
19115
19127
19140
19155
19171
19187
19202
19218
19234
19250
19264
19278
19292
19307
19321
19335
19350
19362
19375
19387
19400
19412
19425
19437
19450
19464
19478
19492
19507
19521
19535
19550
19562
19575
19587
19600
19612
19625
19637
19650
19664
19678
19692
19707
19721
19735
19750
19765
19781
19797
19812
19828
19844
19860
19872
19884
19897
19910
19922
19935
19947
19960
19974
19988
20002
20017
20031
20045
20060
20076
20093
20110
20126
20143
20160
20176
20193
20210
20226
20243
20260
20274
20288
20302
20317
20331
20345
20360
20376
20393
20410
20426
20443
20460
20476
20493
20509
20526
20543
20560
20578
20596
20615
20633
20651
20670
20686
20703
20720
20736
20753
20770
20786
20803
20820
20836
20853
20870
20886
20903
20920
20936
20953
20970
20984
20998
21012
21027
21041
21055
21070
21086
21103
21120
21136
21153
21170
21186
21203
21220
21236
21253
21270
21286
21303
21320
21336
21353
21370
21386
21403
21420
21436
21453
21470
21486
21503
21520
21536
21553
21570
21584
21598
21612
21627
21641
21655
21670
21686
21703
21720
21736
21753
21770
21786
21803
21820
21836
21853
21870
21886
21903
21920
21936
21953
21970
21986
22003
22020
22036
22053
22070
22090
22110
22130
22150
22170
22190
22210
22230
22250
22270
22295
22320
22345
22370
22390
22410
22430
22450
22470
22490
22509
22530
22550
22570
22597
22625
22652
22680
22700
22720
22740
22760
22780
22805
22830
22855
22880
22900
22919
22940
22960
22980
23000
23020
23040
23060
23080
23099
23119
23140
23160
23180
23200
23220
23240
23260
23280
23300
23320
23340
23360
23380
23400
23419
23440
23460
23480
23500
23520
23540
23560
23580
23599
23619
23640
23660
23680
23700
23720
23740
23760
23780
23800
23820
23840
23860
23880
23900
23919
23940
23960
23980
24000
24020
24040
24060
24080
24099
24119
24140
24160
24180
24200
24220
24240
24260
24280
24298
24316
24335
24353
24371
24390
24410
24430
24450
24470
24490
24509
24529
24550
24570
24590
24610
24630
24650
24670
24690
24706
24723
24740
24756
24773
24790
24810
24830
24850
24870
24890
24912
24934
24956
24978
25000
25020
25040
25060
25080
25100
25120
25140
25160
25180
25200
25216
25233
25250
25266
25283
25300
25320
25340
25360
25380
25400
25419
25439
25460
25480
25500
25520
25540
25560
25580
25600
25620
25640
25660
25680
25700
25716
25733
25750
25766
25783
25800
25820
25840
25860
25880
25900
25919
25939
25960
25980
26000
26020
26040
26060
26080
26100
26120
26140
26160
26180
26200
26225
26250
26275
26300
26325
26350
26375
26400
26424
26450
26475
26500
26520
26540
26560
26580
26600
26625
26650
26675
26700
26727
26755
26782
26810
26830
26849
26870
26890
26910
26935
26960
26985
27010
27035
27060
27085
27110
27143
27176
27210
27235
27259
27285
27310
27343
27376
27410
27443
27476
27510
27543
27576
27610
27643
27676
27710
27737
27765
27792
27820
27853
27886
27920
27953
27986
28020
28053
28086
28120
28156
28193
28230
28280
28330
28384
28440
28495
28550
28600
28650
28705
28760
28796
28833
28870
28920
28970
29025
29080
29134
29190
29223
29256
29290
29323
29356
29390
29423
29456
29490
29526
29563
29600
29633
29666
29700
29733
29766
29800
29850
29900
29933
29966
30000
