0.10 184275.77
0.20 184275.77
0.30 184275.77
0.40 184275.77
0.50 184275.77
0.60 184275.77
0.70 184275.77
0.80 184275.77
0.90 184275.77
1.00 184275.77
1.10 178902.04
1.20 178902.04
1.30 178902.04
1.40 178902.04
1.50 178902.04
1.60 178902.04
1.70 178902.04
1.80 178902.04
1.90 178902.04
2.00 178902.04
2.10 186204.76
2.20 186204.76
2.30 186204.76
2.40 186204.76
2.50 186204.76
2.60 186204.76
2.70 186204.76
2.80 186204.76
2.90 186204.76
3.00 186204.76
3.10 243592.45
3.20 243592.45
3.30 243592.45
3.40 243592.45
3.50 243592.45
3.60 243592.45
3.70 243592.45
3.80 243592.45
3.90 243592.45
4.00 243592.45
4.10 199636.95
4.20 199636.95
4.30 199636.95
4.40 199636.95
4.50 199636.95
4.60 199636.95
4.70 199636.95
4.80 199636.95
4.90 199636.95
5.00 199636.95
5.10 55532.03
5.20 55532.03
5.30 55532.03
5.40 55532.03
5.50 55532.03
5.60 55532.03
5.70 55532.03
5.80 55532.03
5.90 55532.03
6.00 55532.03
6.10 97764.16
6.20 97764.16
6.30 97764.16
6.40 97764.16
6.50 97764.16
6.60 97764.16
6.70 97764.16
6.80 97764.16
6.90 97764.16
7.00 97764.16
7.10 156096.80
7.20 156096.80
7.30 156096.80
7.40 156096.80
7.50 156096.80
7.60 156096.80
7.70 156096.80
7.80 156096.80
7.90 156096.80
8.00 156096.80
8.10 113329.59
8.20 113329.59
8.30 113329.59
8.40 113329.59
8.50 113329.59
8.60 113329.59
8.70 113329.59
8.80 113329.59
8.90 113329.59
9.00 113329.59
9.10 126353.52
9.20 126353.52
9.30 126353.52
9.40 126353.52
9.50 126353.52
9.60 126353.52
9.70 126353.52
9.80 126353.52
9.90 126353.52
10.00 126353.52
10.10 94943.61
10.20 94943.61
10.30 94943.61
10.40 94943.61
10.50 94943.61
10.60 94943.61
10.70 94943.61
10.80 94943.61
10.90 94943.61
11.00 94943.61
11.10 45215.35
11.20 45215.35
11.30 45215.35
11.40 45215.35
11.50 45215.35
11.60 45215.35
11.70 45215.35
11.80 45215.35
11.90 45215.35
12.00 45215.35
12.10 53672.26
12.20 53672.26
12.30 53672.26
12.40 53672.26
12.50 53672.26
12.60 53672.26
12.70 53672.26
12.80 53672.26
12.90 53672.26
13.00 53672.26
13.10 79035.31
13.20 79035.31
13.30 79035.31
13.40 79035.31
13.50 79035.31
13.60 79035.31
13.70 79035.31
13.80 79035.31
13.90 79035.31
14.00 79035.31
14.10 78435.78
14.20 78435.78
14.30 78435.78
14.40 78435.78
14.50 78435.78
14.60 78435.78
14.70 78435.78
14.80 78435.78
14.90 78435.78
15.00 78435.78
15.10 77528.60
15.20 77528.60
15.30 77528.60
15.40 77528.60
15.50 77528.60
15.60 77528.60
15.70 77528.60
15.80 77528.60
15.90 77528.60
16.00 77528.60
16.10 57680.04
16.20 57680.04
16.30 57680.04
16.40 57680.04
16.50 57680.04
16.60 57680.04
16.70 57680.04
16.80 57680.04
16.90 57680.04
17.00 57680.04
17.10 66589.28
17.20 66589.28
17.30 66589.28
17.40 66589.28
17.50 66589.28
17.60 66589.28
17.70 66589.28
17.80 66589.28
17.90 66589.28
18.00 66589.28
18.10 102391.99
18.20 102391.99
18.30 102391.99
18.40 102391.99
18.50 102391.99
18.60 102391.99
18.70 102391.99
18.80 102391.99
18.90 102391.99
19.00 102391.99
19.10 107180.98
19.20 107180.98
19.30 107180.98
19.40 107180.98
19.50 107180.98
19.60 107180.98
19.70 107180.98
19.80 107180.98
19.90 107180.98
20.00 107180.98
20.10 144320.00
20.20 144320.00
20.30 144320.00
20.40 144320.00
20.50 144320.00
20.60 144320.00
20.70 144320.00
20.80 144320.00
20.90 144320.00
21.00 144320.00
21.10 172512.94
21.20 172512.94
21.30 172512.94
21.40 172512.94
21.50 172512.94
21.60 172512.94
21.70 172512.94
21.80 172512.94
21.90 172512.94
22.00 172512.94
22.10 111603.47
22.20 111603.47
22.30 111603.47
22.40 111603.47
22.50 111603.47
22.60 111603.47
22.70 111603.47
22.80 111603.47
22.90 111603.47
23.00 111603.47
23.10 97769.04
23.20 97769.04
23.30 97769.04
23.40 97769.04
23.50 97769.04
23.60 97769.04
23.70 97769.04
23.80 97769.04
23.90 97769.04
24.00 97769.04
24.10 56906.76
24.20 56906.76
24.30 56906.76
24.40 56906.76
24.50 56906.76
24.60 56906.76
24.70 56906.76
24.80 56906.76
24.90 56906.76
25.00 56906.76
25.10 55606.90
25.20 55606.90
25.30 55606.90
25.40 55606.90
25.50 55606.90
25.60 55606.90
25.70 55606.90
25.80 55606.90
25.90 55606.90
26.00 55606.90
26.10 61873.80
26.20 61873.80
26.30 61873.80
26.40 61873.80
26.50 61873.80
26.60 61873.80
26.70 61873.80
26.80 61873.80
26.90 61873.80
27.00 61873.80
27.10 112825.26
27.20 112825.26
27.30 112825.26
27.40 112825.26
27.50 112825.26
27.60 112825.26
27.70 112825.26
27.80 112825.26
27.90 112825.26
28.00 112825.26
28.10 118825.28
28.20 118825.28
28.30 118825.28
28.40 118825.28
28.50 118825.28
28.60 118825.28
28.70 118825.28
28.80 118825.28
28.90 118825.28
29.00 118825.28
29.10 112929.68
29.20 112929.68
29.30 112929.68
29.40 112929.68
29.50 112929.68
29.60 112929.68
29.70 112929.68
29.80 112929.68
29.90 112929.68
30.00 112929.68
