0.11 113816.0
0.21 104100.0
0.32 124920.0
0.42 92996.0
0.53 113816.0
0.63 81892.0
0.74 115204.0
0.85 126308.0
0.95 108264.0
1.06 120756.0
1.16 111040.0
1.27 123532.0
1.37 90220.0
1.48 108264.0
1.59 101324.0
1.69 119368.0
1.80 102712.0
1.90 84668.0
2.01 116592.0
2.12 104100.0
2.23 97160.0
2.34 99936.0
2.44 94384.0
2.55 108264.0
2.66 92996.0
2.77 101324.0
2.87 94384.0
2.98 109652.0
3.09 97160.0
3.20 101324.0
3.31 108264.0
3.41 94384.0
3.52 116592.0
3.62 98548.0
3.73 111040.0
3.84 119368.0
3.94 108264.0
4.05 95772.0
4.15 98548.0
4.26 105488.0
4.37 97160.0
4.48 87444.0
4.59 119368.0
4.69 102712.0
4.80 123532.0
4.90 108264.0
5.01 88832.0
5.12 106876.0
5.23 106876.0
5.34 104100.0
5.44 111040.0
5.55 106876.0
5.65 84668.0
5.76 115204.0
5.87 109652.0
5.98 92996.0
6.09 104100.0
6.19 113816.0
6.31 127696.0
6.41 120756.0
6.52 98548.0
6.63 108264.0
6.74 122144.0
6.85 111040.0
6.96 86056.0
7.07 102712.0
7.17 73564.0
7.28 117980.0
7.39 97160.0
7.50 116592.0
7.61 91608.0
7.71 106876.0
7.82 109652.0
7.92 87444.0
8.03 94384.0
8.13 97160.0
8.24 91608.0
8.35 120756.0
8.45 99936.0
8.56 124920.0
8.66 101324.0
8.77 106876.0
8.87 104100.0
8.98 117980.0
9.09 95772.0
9.19 98548.0
9.30 87444.0
9.40 94384.0
9.51 102712.0
9.62 117980.0
9.73 111040.0
9.84 104100.0
9.94 102712.0
10.05 94384.0
10.15 80504.0
10.26 105488.0
10.37 102712.0
10.48 101324.0
10.59 98548.0
10.69 95772.0
10.80 102712.0
10.90 91608.0
11.01 84668.0
11.12 116592.0
11.23 104100.0
11.34 95772.0
11.44 101324.0
11.56 104100.0
11.66 105488.0
11.77 112428.0
11.87 90220.0
11.98 105488.0
12.09 124920.0
12.20 92996.0
12.31 123532.0
12.41 101324.0
12.52 106876.0
12.62 98548.0
12.73 126308.0
12.84 111040.0
12.94 92996.0
13.05 102712.0
13.15 106876.0
13.27 108264.0
13.37 91608.0
13.48 112428.0
13.59 94384.0
13.70 95772.0
13.81 119368.0
13.91 94384.0
14.02 106876.0
14.12 98548.0
14.23 109652.0
14.34 101324.0
14.44 91608.0
14.55 123532.0
14.66 102712.0
14.77 117980.0
14.87 84668.0
14.98 117980.0
15.09 102712.0
15.19 86056.0
15.30 105488.0
15.40 99936.0
15.51 102712.0
15.62 92996.0
15.73 108264.0
15.84 117980.0
15.94 91608.0
16.06 112428.0
16.16 101324.0
16.27 98548.0
16.37 105488.0
16.48 116592.0
16.59 117980.0
16.69 81892.0
16.80 112428.0
16.90 95772.0
17.01 106876.0
17.12 112428.0
17.23 95772.0
17.34 122144.0
17.44 101324.0
17.55 111040.0
17.65 108264.0
17.76 111040.0
17.87 101324.0
17.98 97160.0
18.09 112428.0
18.19 106876.0
18.30 97160.0
18.40 95772.0
18.51 102712.0
18.62 112428.0
18.73 90220.0
18.84 99936.0
18.94 86056.0
19.05 91608.0
19.15 97160.0
19.26 108264.0
19.37 108264.0
19.48 95772.0
19.59 109652.0
19.69 109652.0
19.80 116592.0
19.90 113816.0
20.01 109652.0
20.12 120756.0
20.23 104100.0
20.34 115204.0
20.44 88832.0
20.55 95772.0
20.65 86056.0
20.76 91608.0
20.88 109652.0
20.99 111040.0
21.10 115204.0
21.20 97160.0
21.31 111040.0
21.41 77728.0
21.52 108264.0
21.62 111040.0
21.73 86056.0
21.84 123532.0
21.94 99936.0
22.05 111040.0
22.15 102712.0
22.26 101324.0
22.37 109652.0
22.48 109652.0
22.59 109652.0
22.69 83280.0
22.80 111040.0
22.90 87444.0
23.01 108264.0
23.12 97160.0
23.23 104100.0
23.34 108264.0
23.44 92996.0
23.55 97160.0
23.65 76340.0
23.76 111040.0
23.87 95772.0
23.98 95772.0
24.09 105488.0
24.19 94384.0
24.30 106876.0
24.40 91608.0
24.51 90220.0
24.62 113816.0
24.73 104100.0
24.84 104100.0
24.94 90220.0
25.05 106876.0
25.15 88832.0
25.26 87444.0
25.37 117980.0
25.48 87444.0
25.59 101324.0
25.69 102712.0
25.80 101324.0
25.90 95772.0
26.01 99936.0
26.12 105488.0
26.23 92996.0
26.34 98548.0
26.44 63848.0
26.55 115204.0
26.65 105488.0
26.76 99936.0
26.87 102712.0
26.98 104100.0
27.09 98548.0
27.19 106876.0
27.30 87444.0
27.40 92996.0
27.51 94384.0
27.62 105488.0
27.73 97160.0
27.84 126308.0
27.94 102712.0
28.05 105488.0
28.15 106876.0
28.26 115204.0
28.37 99936.0
28.48 109652.0
28.59 105488.0
28.69 101324.0
28.80 97160.0
28.90 76340.0
29.02 111040.0
29.12 81892.0
29.24 105488.0
29.35 97160.0
29.45 94384.0
29.56 102712.0
29.67 86056.0
29.78 101324.0
29.88 95772.0
29.99 95772.0
30.10 94384.0
30.20 94384.0
30.31 99936.0
30.41 80504.0
30.52 104100.0
30.62 79116.0
30.73 101324.0
30.84 104100.0
30.95 92996.0
31.06 95772.0
31.16 91608.0
31.27 98548.0
31.37 98548.0
31.48 92996.0
31.59 101324.0
31.69 95772.0
31.80 90220.0
31.90 95772.0
32.01 98548.0
32.12 111040.0
32.23 104100.0
32.34 108264.0
32.44 91608.0
32.55 108264.0
32.65 98548.0
32.76 111040.0
32.87 95772.0
32.98 112428.0
33.09 112428.0
33.19 95772.0
33.30 94384.0
33.40 105488.0
33.51 101324.0
33.62 115204.0
33.73 97160.0
33.84 88832.0
33.94 101324.0
34.05 104100.0
34.15 111040.0
34.27 95772.0
34.37 91608.0
34.48 97160.0
34.60 102712.0
34.70 91608.0
34.81 105488.0
34.91 92996.0
35.02 113816.0
35.12 94384.0
35.23 98548.0
35.34 112428.0
35.44 86056.0
35.55 105488.0
35.66 99936.0
35.77 108264.0
35.87 73564.0
35.98 101324.0
36.09 104100.0
36.19 90220.0
36.31 102712.0
36.42 112428.0
36.53 77728.0
36.63 88832.0
36.74 101324.0
36.86 104100.0
36.96 95772.0
37.07 95772.0
37.17 92996.0
37.28 104100.0
37.38 97160.0
37.49 101324.0
37.60 88832.0
37.70 77728.0
37.81 92996.0
37.91 74952.0
38.02 90220.0
38.12 92996.0
38.23 95772.0
38.34 99936.0
38.44 73564.0
38.55 105488.0
38.65 91608.0
38.76 81892.0
38.87 98548.0
38.98 112428.0
39.09 98548.0
39.19 91608.0
39.31 109652.0
39.41 92996.0
39.52 102712.0
39.62 90220.0
39.73 97160.0
39.84 94384.0
39.94 83280.0
40.05 94384.0
40.15 86056.0
40.26 113816.0
40.37 88832.0
40.48 109652.0
40.59 87444.0
40.69 79116.0
40.80 102712.0
40.90 84668.0
41.02 97160.0
41.12 74952.0
41.23 106876.0
41.34 105488.0
41.44 79116.0
41.55 97160.0
41.65 106876.0
41.76 98548.0
41.87 108264.0
41.98 94384.0
42.09 92996.0
42.19 108264.0
42.30 92996.0
42.40 91608.0
42.51 104100.0
42.62 117980.0
42.73 105488.0
42.84 102712.0
42.94 94384.0
43.05 102712.0
43.15 76340.0
43.26 102712.0
43.37 104100.0
43.48 97160.0
43.59 111040.0
43.69 98548.0
43.80 115204.0
43.90 86056.0
44.01 106876.0
44.12 120756.0
44.23 102712.0
44.34 99936.0
44.44 80504.0
44.55 117980.0
44.65 83280.0
44.76 108264.0
44.87 87444.0
44.98 111040.0
45.09 104100.0
45.19 88832.0
45.30 108264.0
45.41 101324.0
45.52 113816.0
45.62 80504.0
45.73 108264.0
45.84 109652.0
45.95 84668.0
46.06 109652.0
46.16 98548.0
46.27 94384.0
46.37 104100.0
46.48 112428.0
46.59 94384.0
46.69 92996.0
46.80 95772.0
46.90 95772.0
47.01 98548.0
47.12 91608.0
47.23 72176.0
47.34 106876.0
47.44 95772.0
47.55 101324.0
47.65 87444.0
47.76 106876.0
47.87 115204.0
47.98 87444.0
48.09 116592.0
48.19 87444.0
48.30 104100.0
48.40 90220.0
48.51 98548.0
48.62 98548.0
48.73 98548.0
48.84 95772.0
48.94 92996.0
49.05 97160.0
49.15 79116.0
49.26 90220.0
49.37 95772.0
49.48 91608.0
49.59 108264.0
49.69 80504.0
49.80 104100.0
49.90 84668.0
50.01 97160.0
50.12 112428.0
50.23 99936.0
50.34 109652.0
50.44 99936.0
50.55 117980.0
50.65 77728.0
50.76 119368.0
50.87 102712.0
50.98 106876.0
51.09 108264.0
51.19 83280.0
51.30 94384.0
51.40 87444.0
51.51 98548.0
51.62 102712.0
51.73 106876.0
51.84 88832.0
51.94 95772.0
52.05 113816.0
52.15 99936.0
52.26 117980.0
52.37 120756.0
52.48 106876.0
52.59 99936.0
52.69 108264.0
52.80 102712.0
52.90 109652.0
53.01 95772.0
53.12 99936.0
53.23 101324.0
53.35 99936.0
53.45 88832.0
53.56 80504.0
53.66 97160.0
53.77 91608.0
53.87 92996.0
53.98 95772.0
54.09 94384.0
54.19 99936.0
54.30 92996.0
54.40 94384.0
54.51 111040.0
54.62 97160.0
54.73 122144.0
54.84 99936.0
54.94 87444.0
55.05 109652.0
55.15 109652.0
55.26 101324.0
55.37 101324.0
55.48 91608.0
55.59 91608.0
55.69 94384.0
55.80 111040.0
55.90 90220.0
56.01 101324.0
56.12 111040.0
56.23 98548.0
56.34 116592.0
56.45 102712.0
56.56 109652.0
56.66 87444.0
56.77 101324.0
56.87 91608.0
56.99 86056.0
57.10 84668.0
57.20 83280.0
57.31 92996.0
57.41 81892.0
57.52 90220.0
57.62 86056.0
57.74 99936.0
57.85 102712.0
57.95 83280.0
58.06 88832.0
58.16 94384.0
58.27 104100.0
58.37 98548.0
58.48 106876.0
58.59 91608.0
58.69 81892.0
58.80 98548.0
58.90 98548.0
59.01 86056.0
59.12 91608.0
59.23 101324.0
59.34 94384.0
59.44 77728.0
59.55 95772.0
59.65 101324.0
59.76 104100.0
59.87 105488.0
59.98 92996.0
