0.10 280282.66
0.20 280282.66
0.30 280282.66
0.40 280282.66
0.50 280282.66
0.60 280282.66
0.70 280282.66
0.80 280282.66
0.90 280282.66
1.00 280282.66
1.10 216759.17
1.20 216759.17
1.30 216759.17
1.40 216759.17
1.50 216759.17
1.60 216759.17
1.70 216759.17
1.80 216759.17
1.90 216759.17
2.00 216759.17
2.10 220440.75
2.20 220440.75
2.30 220440.75
2.40 220440.75
2.50 220440.75
2.60 220440.75
2.70 220440.75
2.80 220440.75
2.90 220440.75
3.00 220440.75
3.10 139577.56
3.20 139577.56
3.30 139577.56
3.40 139577.56
3.50 139577.56
3.60 139577.56
3.70 139577.56
3.80 139577.56
3.90 139577.56
4.00 139577.56
4.10 150822.97
4.20 150822.97
4.30 150822.97
4.40 150822.97
4.50 150822.97
4.60 150822.97
4.70 150822.97
4.80 150822.97
4.90 150822.97
5.00 150822.97
5.10 176316.47
5.20 176316.47
5.30 176316.47
5.40 176316.47
5.50 176316.47
5.60 176316.47
5.70 176316.47
5.80 176316.47
5.90 176316.47
6.00 176316.47
6.10 134448.60
6.20 134448.60
6.30 134448.60
6.40 134448.60
6.50 134448.60
6.60 134448.60
6.70 134448.60
6.80 134448.60
6.90 134448.60
7.00 134448.60
7.10 162115.13
7.20 162115.13
7.30 162115.13
7.40 162115.13
7.50 162115.13
7.60 162115.13
7.70 162115.13
7.80 162115.13
7.90 162115.13
8.00 162115.13
8.10 159365.30
8.20 159365.30
8.30 159365.30
8.40 159365.30
8.50 159365.30
8.60 159365.30
8.70 159365.30
8.80 159365.30
8.90 159365.30
9.00 159365.30
9.10 134130.45
9.20 134130.45
9.30 134130.45
9.40 134130.45
9.50 134130.45
9.60 134130.45
9.70 134130.45
9.80 134130.45
9.90 134130.45
10.00 134130.45
10.10 168258.07
10.20 168258.07
10.30 168258.07
10.40 168258.07
10.50 168258.07
10.60 168258.07
10.70 168258.07
10.80 168258.07
10.90 168258.07
11.00 168258.07
11.10 162513.94
11.20 162513.94
11.30 162513.94
11.40 162513.94
11.50 162513.94
11.60 162513.94
11.70 162513.94
11.80 162513.94
11.90 162513.94
12.00 162513.94
12.10 184836.23
12.20 184836.23
12.30 184836.23
12.40 184836.23
12.50 184836.23
12.60 184836.23
12.70 184836.23
12.80 184836.23
12.90 184836.23
13.00 184836.23
13.10 177706.71
13.20 177706.71
13.30 177706.71
13.40 177706.71
13.50 177706.71
13.60 177706.71
13.70 177706.71
13.80 177706.71
13.90 177706.71
14.00 177706.71
14.10 184927.66
14.20 184927.66
14.30 184927.66
14.40 184927.66
14.50 184927.66
14.60 184927.66
14.70 184927.66
14.80 184927.66
14.90 184927.66
15.00 184927.66
15.10 209372.42
15.20 209372.42
15.30 209372.42
15.40 209372.42
15.50 209372.42
15.60 209372.42
15.70 209372.42
15.80 209372.42
15.90 209372.42
16.00 209372.42
16.10 255796.26
16.20 255796.26
16.30 255796.26
16.40 255796.26
16.50 255796.26
16.60 255796.26
16.70 255796.26
16.80 255796.26
16.90 255796.26
17.00 255796.26
17.10 271717.38
17.20 271717.38
17.30 271717.38
17.40 271717.38
17.50 271717.38
17.60 271717.38
17.70 271717.38
17.80 271717.38
17.90 271717.38
18.00 271717.38
18.10 195888.45
18.20 195888.45
18.30 195888.45
18.40 195888.45
18.50 195888.45
18.60 195888.45
18.70 195888.45
18.80 195888.45
18.90 195888.45
19.00 195888.45
19.10 266271.35
19.20 266271.35
19.30 266271.35
19.40 266271.35
19.50 266271.35
19.60 266271.35
19.70 266271.35
19.80 266271.35
19.90 266271.35
20.00 266271.35
20.10 162566.29
20.20 162566.29
20.30 162566.29
20.40 162566.29
20.50 162566.29
20.60 162566.29
20.70 162566.29
20.80 162566.29
20.90 162566.29
21.00 162566.29
21.10 254343.27
21.20 254343.27
21.30 254343.27
21.40 254343.27
21.50 254343.27
21.60 254343.27
21.70 254343.27
21.80 254343.27
21.90 254343.27
22.00 254343.27
22.10 303492.65
22.20 303492.65
22.30 303492.65
22.40 303492.65
22.50 303492.65
22.60 303492.65
22.70 303492.65
22.80 303492.65
22.90 303492.65
23.00 303492.65
23.10 200594.61
23.20 200594.61
23.30 200594.61
23.40 200594.61
23.50 200594.61
23.60 200594.61
23.70 200594.61
23.80 200594.61
23.90 200594.61
24.00 200594.61
24.10 317964.53
24.20 317964.53
24.30 317964.53
24.40 317964.53
24.50 317964.53
24.60 317964.53
24.70 317964.53
24.80 317964.53
24.90 317964.53
25.00 317964.53
25.10 278992.02
25.20 278992.02
25.30 278992.02
25.40 278992.02
25.50 278992.02
25.60 278992.02
25.70 278992.02
25.80 278992.02
25.90 278992.02
26.00 278992.02
26.10 233495.19
26.20 233495.19
26.30 233495.19
26.40 233495.19
26.50 233495.19
26.60 233495.19
26.70 233495.19
26.80 233495.19
26.90 233495.19
27.00 233495.19
27.10 255983.37
27.20 255983.37
27.30 255983.37
27.40 255983.37
27.50 255983.37
27.60 255983.37
27.70 255983.37
27.80 255983.37
27.90 255983.37
28.00 255983.37
28.10 294983.97
28.20 294983.97
28.30 294983.97
28.40 294983.97
28.50 294983.97
28.60 294983.97
28.70 294983.97
28.80 294983.97
28.90 294983.97
29.00 294983.97
29.10 285104.23
29.20 285104.23
29.30 285104.23
29.40 285104.23
29.50 285104.23
29.60 285104.23
29.70 285104.23
29.80 285104.23
29.90 285104.23
30.00 285104.23
