0.10 175675.75
0.20 175675.75
0.30 175675.75
0.40 175675.75
0.50 175675.75
0.60 175675.75
0.70 175675.75
0.80 175675.75
0.90 175675.75
1.00 175675.75
1.10 98087.07
1.20 98087.07
1.30 98087.07
1.40 98087.07
1.50 98087.07
1.60 98087.07
1.70 98087.07
1.80 98087.07
1.90 98087.07
2.00 98087.07
2.10 104953.13
2.20 104953.13
2.30 104953.13
2.40 104953.13
2.50 104953.13
2.60 104953.13
2.70 104953.13
2.80 104953.13
2.90 104953.13
3.00 104953.13
3.10 90113.06
3.20 90113.06
3.30 90113.06
3.40 90113.06
3.50 90113.06
3.60 90113.06
3.70 90113.06
3.80 90113.06
3.90 90113.06
4.00 90113.06
4.10 104518.57
4.20 104518.57
4.30 104518.57
4.40 104518.57
4.50 104518.57
4.60 104518.57
4.70 104518.57
4.80 104518.57
4.90 104518.57
5.00 104518.57
5.10 110587.18
5.20 110587.18
5.30 110587.18
5.40 110587.18
5.50 110587.18
5.60 110587.18
5.70 110587.18
5.80 110587.18
5.90 110587.18
6.00 110587.18
6.10 130201.72
6.20 130201.72
6.30 130201.72
6.40 130201.72
6.50 130201.72
6.60 130201.72
6.70 130201.72
6.80 130201.72
6.90 130201.72
7.00 130201.72
7.10 115173.24
7.20 115173.24
7.30 115173.24
7.40 115173.24
7.50 115173.24
7.60 115173.24
7.70 115173.24
7.80 115173.24
7.90 115173.24
8.00 115173.24
8.10 104104.41
8.20 104104.41
8.30 104104.41
8.40 104104.41
8.50 104104.41
8.60 104104.41
8.70 104104.41
8.80 104104.41
8.90 104104.41
9.00 104104.41
9.10 114640.44
9.20 114640.44
9.30 114640.44
9.40 114640.44
9.50 114640.44
9.60 114640.44
9.70 114640.44
9.80 114640.44
9.90 114640.44
10.00 114640.44
10.10 119505.82
10.20 119505.82
10.30 119505.82
10.40 119505.82
10.50 119505.82
10.60 119505.82
10.70 119505.82
10.80 119505.82
10.90 119505.82
11.00 119505.82
11.10 92738.76
11.20 92738.76
11.30 92738.76
11.40 92738.76
11.50 92738.76
11.60 92738.76
11.70 92738.76
11.80 92738.76
11.90 92738.76
12.00 92738.76
12.10 108175.86
12.20 108175.86
12.30 108175.86
12.40 108175.86
12.50 108175.86
12.60 108175.86
12.70 108175.86
12.80 108175.86
12.90 108175.86
13.00 108175.86
13.10 110094.52
13.20 110094.52
13.30 110094.52
13.40 110094.52
13.50 110094.52
13.60 110094.52
13.70 110094.52
13.80 110094.52
13.90 110094.52
14.00 110094.52
14.10 103196.89
14.20 103196.89
14.30 103196.89
14.40 103196.89
14.50 103196.89
14.60 103196.89
14.70 103196.89
14.80 103196.89
14.90 103196.89
15.00 103196.89
15.10 89376.71
15.20 89376.71
15.30 89376.71
15.40 89376.71
15.50 89376.71
15.60 89376.71
15.70 89376.71
15.80 89376.71
15.90 89376.71
16.00 89376.71
16.10 89991.24
16.20 89991.24
16.30 89991.24
16.40 89991.24
16.50 89991.24
16.60 89991.24
16.70 89991.24
16.80 89991.24
16.90 89991.24
17.00 89991.24
17.10 78955.08
17.20 78955.08
17.30 78955.08
17.40 78955.08
17.50 78955.08
17.60 78955.08
17.70 78955.08
17.80 78955.08
17.90 78955.08
18.00 78955.08
18.10 82839.04
18.20 82839.04
18.30 82839.04
18.40 82839.04
18.50 82839.04
18.60 82839.04
18.70 82839.04
18.80 82839.04
18.90 82839.04
19.00 82839.04
19.10 92453.78
19.20 92453.78
19.30 92453.78
19.40 92453.78
19.50 92453.78
19.60 92453.78
19.70 92453.78
19.80 92453.78
19.90 92453.78
20.00 92453.78
20.10 103173.16
20.20 103173.16
20.30 103173.16
20.40 103173.16
20.50 103173.16
20.60 103173.16
20.70 103173.16
20.80 103173.16
20.90 103173.16
21.00 103173.16
21.10 95050.95
21.20 95050.95
21.30 95050.95
21.40 95050.95
21.50 95050.95
21.60 95050.95
21.70 95050.95
21.80 95050.95
21.90 95050.95
22.00 95050.95
22.10 137547.40
22.20 137547.40
22.30 137547.40
22.40 137547.40
22.50 137547.40
22.60 137547.40
22.70 137547.40
22.80 137547.40
22.90 137547.40
23.00 137547.40
23.10 177573.45
23.20 177573.45
23.30 177573.45
23.40 177573.45
23.50 177573.45
23.60 177573.45
23.70 177573.45
23.80 177573.45
23.90 177573.45
24.00 177573.45
24.10 84257.02
24.20 84257.02
24.30 84257.02
24.40 84257.02
24.50 84257.02
24.60 84257.02
24.70 84257.02
24.80 84257.02
24.90 84257.02
25.00 84257.02
25.10 143404.52
25.20 143404.52
25.30 143404.52
25.40 143404.52
25.50 143404.52
25.60 143404.52
25.70 143404.52
25.80 143404.52
25.90 143404.52
26.00 143404.52
26.10 111206.53
26.20 111206.53
26.30 111206.53
26.40 111206.53
26.50 111206.53
26.60 111206.53
26.70 111206.53
26.80 111206.53
26.90 111206.53
27.00 111206.53
27.10 133791.31
27.20 133791.31
27.30 133791.31
27.40 133791.31
27.50 133791.31
27.60 133791.31
27.70 133791.31
27.80 133791.31
27.90 133791.31
28.00 133791.31
28.10 175853.53
28.20 175853.53
28.30 175853.53
28.40 175853.53
28.50 175853.53
28.60 175853.53
28.70 175853.53
28.80 175853.53
28.90 175853.53
29.00 175853.53
29.10 126594.05
29.20 126594.05
29.30 126594.05
29.40 126594.05
29.50 126594.05
29.60 126594.05
29.70 126594.05
29.80 126594.05
29.90 126594.05
30.00 126594.05
