0.10 314831.75
0.20 314831.75
0.30 314831.75
0.40 314831.75
0.50 314831.75
0.60 314831.75
0.70 314831.75
0.80 314831.75
0.90 314831.75
1.00 314831.75
1.10 247409.31
1.20 247409.31
1.30 247409.31
1.40 247409.31
1.50 247409.31
1.60 247409.31
1.70 247409.31
1.80 247409.31
1.90 247409.31
2.00 247409.31
2.10 442407.43
2.20 442407.43
2.30 442407.43
2.40 442407.43
2.50 442407.43
2.60 442407.43
2.70 442407.43
2.80 442407.43
2.90 442407.43
3.00 442407.43
3.10 312114.66
3.20 312114.66
3.30 312114.66
3.40 312114.66
3.50 312114.66
3.60 312114.66
3.70 312114.66
3.80 312114.66
3.90 312114.66
4.00 312114.66
4.10 349130.17
4.20 349130.17
4.30 349130.17
4.40 349130.17
4.50 349130.17
4.60 349130.17
4.70 349130.17
4.80 349130.17
4.90 349130.17
5.00 349130.17
5.10 308498.72
5.20 308498.72
5.30 308498.72
5.40 308498.72
5.50 308498.72
5.60 308498.72
5.70 308498.72
5.80 308498.72
5.90 308498.72
6.00 308498.72
6.10 341138.55
6.20 341138.55
6.30 341138.55
6.40 341138.55
6.50 341138.55
6.60 341138.55
6.70 341138.55
6.80 341138.55
6.90 341138.55
7.00 341138.55
7.10 314276.45
7.20 314276.45
7.30 314276.45
7.40 314276.45
7.50 314276.45
7.60 314276.45
7.70 314276.45
7.80 314276.45
7.90 314276.45
8.00 314276.45
8.10 345514.99
8.20 345514.99
8.30 345514.99
8.40 345514.99
8.50 345514.99
8.60 345514.99
8.70 345514.99
8.80 345514.99
8.90 345514.99
9.00 345514.99
9.10 315913.21
9.20 315913.21
9.30 315913.21
9.40 315913.21
9.50 315913.21
9.60 315913.21
9.70 315913.21
9.80 315913.21
9.90 315913.21
10.00 315913.21
10.10 356120.67
10.20 356120.67
10.30 356120.67
10.40 356120.67
10.50 356120.67
10.60 356120.67
10.70 356120.67
10.80 356120.67
10.90 356120.67
11.00 356120.67
11.10 287642.52
11.20 287642.52
11.30 287642.52
11.40 287642.52
11.50 287642.52
11.60 287642.52
11.70 287642.52
11.80 287642.52
11.90 287642.52
12.00 287642.52
12.10 356443.90
12.20 356443.90
12.30 356443.90
12.40 356443.90
12.50 356443.90
12.60 356443.90
12.70 356443.90
12.80 356443.90
12.90 356443.90
13.00 356443.90
13.10 297129.93
13.20 297129.93
13.30 297129.93
13.40 297129.93
13.50 297129.93
13.60 297129.93
13.70 297129.93
13.80 297129.93
13.90 297129.93
14.00 297129.93
14.10 355700.70
14.20 355700.70
14.30 355700.70
14.40 355700.70
14.50 355700.70
14.60 355700.70
14.70 355700.70
14.80 355700.70
14.90 355700.70
15.00 355700.70
15.10 321445.12
15.20 321445.12
15.30 321445.12
15.40 321445.12
15.50 321445.12
15.60 321445.12
15.70 321445.12
15.80 321445.12
15.90 321445.12
16.00 321445.12
16.10 360000.02
16.20 360000.02
16.30 360000.02
16.40 360000.02
16.50 360000.02
16.60 360000.02
16.70 360000.02
16.80 360000.02
16.90 360000.02
17.00 360000.02
17.10 341984.59
17.20 341984.59
17.30 341984.59
17.40 341984.59
17.50 341984.59
17.60 341984.59
17.70 341984.59
17.80 341984.59
17.90 341984.59
18.00 341984.59
18.10 307700.54
18.20 307700.54
18.30 307700.54
18.40 307700.54
18.50 307700.54
18.60 307700.54
18.70 307700.54
18.80 307700.54
18.90 307700.54
19.00 307700.54
19.10 312423.65
19.20 312423.65
19.30 312423.65
19.40 312423.65
19.50 312423.65
19.60 312423.65
19.70 312423.65
19.80 312423.65
19.90 312423.65
20.00 312423.65
20.10 347987.26
20.20 347987.26
20.30 347987.26
20.40 347987.26
20.50 347987.26
20.60 347987.26
20.70 347987.26
20.80 347987.26
20.90 347987.26
21.00 347987.26
21.10 296617.50
21.20 296617.50
21.30 296617.50
21.40 296617.50
21.50 296617.50
21.60 296617.50
21.70 296617.50
21.80 296617.50
21.90 296617.50
22.00 296617.50
22.10 350714.11
22.20 350714.11
22.30 350714.11
22.40 350714.11
22.50 350714.11
22.60 350714.11
22.70 350714.11
22.80 350714.11
22.90 350714.11
23.00 350714.11
23.10 309732.45
23.20 309732.45
23.30 309732.45
23.40 309732.45
23.50 309732.45
23.60 309732.45
23.70 309732.45
23.80 309732.45
23.90 309732.45
24.00 309732.45
24.10 341750.65
24.20 341750.65
24.30 341750.65
24.40 341750.65
24.50 341750.65
24.60 341750.65
24.70 341750.65
24.80 341750.65
24.90 341750.65
25.00 341750.65
25.10 299648.17
25.20 299648.17
25.30 299648.17
25.40 299648.17
25.50 299648.17
25.60 299648.17
25.70 299648.17
25.80 299648.17
25.90 299648.17
26.00 299648.17
26.10 334705.09
26.20 334705.09
26.30 334705.09
26.40 334705.09
26.50 334705.09
26.60 334705.09
26.70 334705.09
26.80 334705.09
26.90 334705.09
27.00 334705.09
27.10 253753.10
27.20 253753.10
27.30 253753.10
27.40 253753.10
27.50 253753.10
27.60 253753.10
27.70 253753.10
27.80 253753.10
27.90 253753.10
28.00 253753.10
28.10 343689.55
28.20 343689.55
28.30 343689.55
28.40 343689.55
28.50 343689.55
28.60 343689.55
28.70 343689.55
28.80 343689.55
28.90 343689.55
29.00 343689.55
29.10 316249.99
29.20 316249.99
29.30 316249.99
29.40 316249.99
29.50 316249.99
29.60 316249.99
29.70 316249.99
29.80 316249.99
29.90 316249.99
30.00 316249.99
