0.10 257072.21
0.20 257072.21
0.30 257072.21
0.40 257072.21
0.50 257072.21
0.60 257072.21
0.70 257072.21
0.80 257072.21
0.90 257072.21
1.00 257072.21
1.10 258269.95
1.20 258269.95
1.30 258269.95
1.40 258269.95
1.50 258269.95
1.60 258269.95
1.70 258269.95
1.80 258269.95
1.90 258269.95
2.00 258269.95
2.10 253470.93
2.20 253470.93
2.30 253470.93
2.40 253470.93
2.50 253470.93
2.60 253470.93
2.70 253470.93
2.80 253470.93
2.90 253470.93
3.00 253470.93
3.10 249458.10
3.20 249458.10
3.30 249458.10
3.40 249458.10
3.50 249458.10
3.60 249458.10
3.70 249458.10
3.80 249458.10
3.90 249458.10
4.00 249458.10
4.10 299218.98
4.20 299218.98
4.30 299218.98
4.40 299218.98
4.50 299218.98
4.60 299218.98
4.70 299218.98
4.80 299218.98
4.90 299218.98
5.00 299218.98
5.10 280452.49
5.20 280452.49
5.30 280452.49
5.40 280452.49
5.50 280452.49
5.60 280452.49
5.70 280452.49
5.80 280452.49
5.90 280452.49
6.00 280452.49
6.10 288873.53
6.20 288873.53
6.30 288873.53
6.40 288873.53
6.50 288873.53
6.60 288873.53
6.70 288873.53
6.80 288873.53
6.90 288873.53
7.00 288873.53
7.10 327027.47
7.20 327027.47
7.30 327027.47
7.40 327027.47
7.50 327027.47
7.60 327027.47
7.70 327027.47
7.80 327027.47
7.90 327027.47
8.00 327027.47
8.10 291419.18
8.20 291419.18
8.30 291419.18
8.40 291419.18
8.50 291419.18
8.60 291419.18
8.70 291419.18
8.80 291419.18
8.90 291419.18
9.00 291419.18
9.10 308895.84
9.20 308895.84
9.30 308895.84
9.40 308895.84
9.50 308895.84
9.60 308895.84
9.70 308895.84
9.80 308895.84
9.90 308895.84
10.00 308895.84
10.10 258403.70
10.20 258403.70
10.30 258403.70
10.40 258403.70
10.50 258403.70
10.60 258403.70
10.70 258403.70
10.80 258403.70
10.90 258403.70
11.00 258403.70
11.10 342588.50
11.20 342588.50
11.30 342588.50
11.40 342588.50
11.50 342588.50
11.60 342588.50
11.70 342588.50
11.80 342588.50
11.90 342588.50
12.00 342588.50
12.10 320394.07
12.20 320394.07
12.30 320394.07
12.40 320394.07
12.50 320394.07
12.60 320394.07
12.70 320394.07
12.80 320394.07
12.90 320394.07
13.00 320394.07
13.10 289660.64
13.20 289660.64
13.30 289660.64
13.40 289660.64
13.50 289660.64
13.60 289660.64
13.70 289660.64
13.80 289660.64
13.90 289660.64
14.00 289660.64
14.10 321921.88
14.20 321921.88
14.30 321921.88
14.40 321921.88
14.50 321921.88
14.60 321921.88
14.70 321921.88
14.80 321921.88
14.90 321921.88
15.00 321921.88
15.10 296647.31
15.20 296647.31
15.30 296647.31
15.40 296647.31
15.50 296647.31
15.60 296647.31
15.70 296647.31
15.80 296647.31
15.90 296647.31
16.00 296647.31
16.10 301482.19
16.20 301482.19
16.30 301482.19
16.40 301482.19
16.50 301482.19
16.60 301482.19
16.70 301482.19
16.80 301482.19
16.90 301482.19
17.00 301482.19
17.10 311035.96
17.20 311035.96
17.30 311035.96
17.40 311035.96
17.50 311035.96
17.60 311035.96
17.70 311035.96
17.80 311035.96
17.90 311035.96
18.00 311035.96
18.10 294060.15
18.20 294060.15
18.30 294060.15
18.40 294060.15
18.50 294060.15
18.60 294060.15
18.70 294060.15
18.80 294060.15
18.90 294060.15
19.00 294060.15
19.10 320298.37
19.20 320298.37
19.30 320298.37
19.40 320298.37
19.50 320298.37
19.60 320298.37
19.70 320298.37
19.80 320298.37
19.90 320298.37
20.00 320298.37
20.10 290774.18
20.20 290774.18
20.30 290774.18
20.40 290774.18
20.50 290774.18
20.60 290774.18
20.70 290774.18
20.80 290774.18
20.90 290774.18
21.00 290774.18
21.10 306197.27
21.20 306197.27
21.30 306197.27
21.40 306197.27
21.50 306197.27
21.60 306197.27
21.70 306197.27
21.80 306197.27
21.90 306197.27
22.00 306197.27
22.10 294758.27
22.20 294758.27
22.30 294758.27
22.40 294758.27
22.50 294758.27
22.60 294758.27
22.70 294758.27
22.80 294758.27
22.90 294758.27
23.00 294758.27
23.10 349321.67
23.20 349321.67
23.30 349321.67
23.40 349321.67
23.50 349321.67
23.60 349321.67
23.70 349321.67
23.80 349321.67
23.90 349321.67
24.00 349321.67
24.10 286443.09
24.20 286443.09
24.30 286443.09
24.40 286443.09
24.50 286443.09
24.60 286443.09
24.70 286443.09
24.80 286443.09
24.90 286443.09
25.00 286443.09
25.10 296168.44
25.20 296168.44
25.30 296168.44
25.40 296168.44
25.50 296168.44
25.60 296168.44
25.70 296168.44
25.80 296168.44
25.90 296168.44
26.00 296168.44
26.10 224590.28
26.20 224590.28
26.30 224590.28
26.40 224590.28
26.50 224590.28
26.60 224590.28
26.70 224590.28
26.80 224590.28
26.90 224590.28
27.00 224590.28
27.10 372806.77
27.20 372806.77
27.30 372806.77
27.40 372806.77
27.50 372806.77
27.60 372806.77
27.70 372806.77
27.80 372806.77
27.90 372806.77
28.00 372806.77
28.10 302652.24
28.20 302652.24
28.30 302652.24
28.40 302652.24
28.50 302652.24
28.60 302652.24
28.70 302652.24
28.80 302652.24
28.90 302652.24
29.00 302652.24
29.10 291687.38
29.20 291687.38
29.30 291687.38
29.40 291687.38
29.50 291687.38
29.60 291687.38
29.70 291687.38
29.80 291687.38
29.90 291687.38
30.00 291687.38
