0.05 6940.00
0.16 6940.00
0.27 5552.00
0.39 4164.00
0.54 4164.00
0.66 5552.00
0.77 4164.00
0.87 5552.00
0.98 6940.00
1.09 5552.00
1.24 11104.00
1.35 9716.00
1.46 6940.00
1.60 4164.00
1.71 2776.00
1.84 4164.00
1.97 5552.00
2.09 4164.00
2.20 4164.00
2.33 4164.00
2.46 4164.00
2.58 2776.00
2.70 2776.00
2.81 4164.00
2.97 2776.00
3.17 4164.00
3.30 1388.00
3.42 1388.00
3.53 1388.00
3.71 2776.00
3.95 2776.00
4.11 2776.00
4.27 2776.00
4.38 1388.00
4.57 2776.00
4.73 2776.00
4.85 4164.00
5.10 2776.00
5.21 2776.00
5.37 2776.00
5.49 1388.00
5.64 2776.00
5.82 4164.00
5.94 2776.00
6.09 4164.00
6.30 2776.00
6.40 1388.00
6.51 1388.00
6.65 2776.00
6.76 2776.00
6.93 4164.00
7.05 2776.00
7.20 4164.00
7.32 4164.00
7.47 2776.00
7.59 2776.00
7.79 2776.00
8.02 2776.00
8.22 2776.00
8.33 1388.00
8.50 2776.00
8.64 2776.00
8.84 4164.00
9.03 2776.00
9.13 2776.00
9.28 2776.00
9.42 5552.00
9.55 2776.00
9.66 2776.00
9.79 2776.00
9.91 4164.00
10.05 4164.00
10.21 4164.00
10.36 4164.00
10.47 4164.00
10.60 4164.00
10.71 4164.00
10.85 5552.00
10.95 5552.00
11.07 5552.00
11.17 6940.00
11.30 5552.00
11.43 6940.00
11.54 4164.00
11.66 5552.00
11.80 5552.00
11.90 5552.00
12.01 5552.00
12.12 6940.00
12.25 9716.00
12.37 9716.00
12.49 6940.00
12.60 6940.00
12.71 8328.00
12.84 5552.00
12.94 4164.00
13.07 5552.00
13.19 5552.00
13.30 5552.00
13.42 4164.00
13.54 6940.00
13.65 5552.00
13.78 5552.00
13.89 5552.00
14.01 8328.00
14.12 4164.00
14.23 5552.00
14.34 5552.00
14.45 4164.00
14.56 8328.00
14.66 5552.00
14.77 4164.00
14.88 6940.00
15.00 6940.00
15.12 6940.00
15.26 6940.00
15.38 6940.00
15.49 6940.00
15.61 6940.00
15.72 5552.00
15.83 8328.00
15.95 6940.00
16.06 6940.00
16.16 8328.00
16.29 8328.00
16.46 6940.00
16.58 5552.00
16.68 6940.00
16.80 6940.00
16.91 6940.00
17.03 6940.00
17.13 5552.00
17.26 5552.00
17.38 8328.00
17.49 6940.00
17.60 11104.00
17.71 5552.00
17.90 4164.00
18.02 6940.00
18.12 4164.00
18.23 6940.00
18.35 5552.00
18.45 5552.00
18.57 6940.00
18.67 5552.00
18.78 5552.00
18.89 5552.00
19.01 15268.00
19.15 6940.00
19.26 9716.00
19.38 6940.00
19.49 9716.00
19.61 6940.00
19.72 5552.00
19.86 8328.00
19.96 6940.00
20.07 8328.00
20.17 8328.00
20.28 6940.00
20.38 8328.00
20.49 16656.00
20.60 12492.00
20.73 4164.00
20.86 12492.00
20.96 8328.00
21.07 8328.00
21.18 4164.00
21.49 2776.00
21.60 1388.00
21.71 2776.00
21.83 6940.00
21.95 5552.00
22.09 1388.00
22.26 4164.00
22.37 4164.00
22.49 5552.00
22.60 4164.00
22.70 5552.00
22.81 16656.00
22.92 12492.00
23.03 12492.00
23.13 18044.00
23.24 22208.00
23.36 18044.00
23.46 9716.00
23.57 18044.00
23.67 22208.00
23.78 12492.00
23.88 23596.00
24.00 9716.00
24.11 26372.00
24.22 15268.00
24.33 16656.00
24.44 24984.00
24.55 19432.00
24.65 24984.00
24.76 19432.00
24.87 24984.00
25.01 33312.00
25.13 8328.00
25.24 38864.00
25.35 22208.00
25.45 4164.00
25.60 5552.00
25.70 1388.00
25.84 5552.00
26.00 2776.00
26.13 1388.00
26.24 5552.00
26.42 4164.00
26.57 4164.00
26.67 4164.00
26.85 6940.00
26.96 2776.00
27.07 5552.00
27.18 5552.00
27.29 11104.00
27.39 13880.00
27.51 12492.00
27.62 24984.00
27.73 26372.00
27.85 20820.00
28.25 4164.00
28.36 65236.00
28.47 15268.00
28.59 15268.00
28.69 16656.00
28.81 5552.00
28.91 8328.00
29.02 23596.00
29.12 12492.00
29.23 9716.00
29.35 16656.00
29.45 18044.00
29.58 12492.00
29.68 23596.00
29.79 30536.00
29.89 20820.00
30.00 20820.00
