0.10 314781.82
0.20 314781.82
0.30 314781.82
0.40 314781.82
0.50 314781.82
0.60 314781.82
0.70 314781.82
0.80 314781.82
0.90 314781.82
1.00 314781.82
1.10 348138.46
1.20 348138.46
1.30 348138.46
1.40 348138.46
1.50 348138.46
1.60 348138.46
1.70 348138.46
1.80 348138.46
1.90 348138.46
2.00 348138.46
2.10 281485.16
2.20 281485.16
2.30 281485.16
2.40 281485.16
2.50 281485.16
2.60 281485.16
2.70 281485.16
2.80 281485.16
2.90 281485.16
3.00 281485.16
3.10 388132.04
3.20 388132.04
3.30 388132.04
3.40 388132.04
3.50 388132.04
3.60 388132.04
3.70 388132.04
3.80 388132.04
3.90 388132.04
4.00 388132.04
4.10 305149.82
4.20 305149.82
4.30 305149.82
4.40 305149.82
4.50 305149.82
4.60 305149.82
4.70 305149.82
4.80 305149.82
4.90 305149.82
5.00 305149.82
5.10 350561.72
5.20 350561.72
5.30 350561.72
5.40 350561.72
5.50 350561.72
5.60 350561.72
5.70 350561.72
5.80 350561.72
5.90 350561.72
6.00 350561.72
6.10 317225.49
6.20 317225.49
6.30 317225.49
6.40 317225.49
6.50 317225.49
6.60 317225.49
6.70 317225.49
6.80 317225.49
6.90 317225.49
7.00 317225.49
7.10 318587.17
7.20 318587.17
7.30 318587.17
7.40 318587.17
7.50 318587.17
7.60 318587.17
7.70 318587.17
7.80 318587.17
7.90 318587.17
8.00 318587.17
8.10 320920.22
8.20 320920.22
8.30 320920.22
8.40 320920.22
8.50 320920.22
8.60 320920.22
8.70 320920.22
8.80 320920.22
8.90 320920.22
9.00 320920.22
9.10 349316.92
9.20 349316.92
9.30 349316.92
9.40 349316.92
9.50 349316.92
9.60 349316.92
9.70 349316.92
9.80 349316.92
9.90 349316.92
10.00 349316.92
10.10 328399.76
10.20 328399.76
10.30 328399.76
10.40 328399.76
10.50 328399.76
10.60 328399.76
10.70 328399.76
10.80 328399.76
10.90 328399.76
11.00 328399.76
11.10 355234.23
11.20 355234.23
11.30 355234.23
11.40 355234.23
11.50 355234.23
11.60 355234.23
11.70 355234.23
11.80 355234.23
11.90 355234.23
12.00 355234.23
12.10 288736.06
12.20 288736.06
12.30 288736.06
12.40 288736.06
12.50 288736.06
12.60 288736.06
12.70 288736.06
12.80 288736.06
12.90 288736.06
13.00 288736.06
13.10 332455.49
13.20 332455.49
13.30 332455.49
13.40 332455.49
13.50 332455.49
13.60 332455.49
13.70 332455.49
13.80 332455.49
13.90 332455.49
14.00 332455.49
14.10 323543.21
14.20 323543.21
14.30 323543.21
14.40 323543.21
14.50 323543.21
14.60 323543.21
14.70 323543.21
14.80 323543.21
14.90 323543.21
15.00 323543.21
15.10 349482.72
15.20 349482.72
15.30 349482.72
15.40 349482.72
15.50 349482.72
15.60 349482.72
15.70 349482.72
15.80 349482.72
15.90 349482.72
16.00 349482.72
16.10 316431.03
16.20 316431.03
16.30 316431.03
16.40 316431.03
16.50 316431.03
16.60 316431.03
16.70 316431.03
16.80 316431.03
16.90 316431.03
17.00 316431.03
17.10 353834.11
17.20 353834.11
17.30 353834.11
17.40 353834.11
17.50 353834.11
17.60 353834.11
17.70 353834.11
17.80 353834.11
17.90 353834.11
18.00 353834.11
18.10 302013.24
18.20 302013.24
18.30 302013.24
18.40 302013.24
18.50 302013.24
18.60 302013.24
18.70 302013.24
18.80 302013.24
18.90 302013.24
19.00 302013.24
19.10 345138.43
19.20 345138.43
19.30 345138.43
19.40 345138.43
19.50 345138.43
19.60 345138.43
19.70 345138.43
19.80 345138.43
19.90 345138.43
20.00 345138.43
20.10 351178.09
20.20 351178.09
20.30 351178.09
20.40 351178.09
20.50 351178.09
20.60 351178.09
20.70 351178.09
20.80 351178.09
20.90 351178.09
21.00 351178.09
21.10 315240.99
21.20 315240.99
21.30 315240.99
21.40 315240.99
21.50 315240.99
21.60 315240.99
21.70 315240.99
21.80 315240.99
21.90 315240.99
22.00 315240.99
22.10 351999.90
22.20 351999.90
22.30 351999.90
22.40 351999.90
22.50 351999.90
22.60 351999.90
22.70 351999.90
22.80 351999.90
22.90 351999.90
23.00 351999.90
23.10 315841.52
23.20 315841.52
23.30 315841.52
23.40 315841.52
23.50 315841.52
23.60 315841.52
23.70 315841.52
23.80 315841.52
23.90 315841.52
24.00 315841.52
24.10 327657.99
24.20 327657.99
24.30 327657.99
24.40 327657.99
24.50 327657.99
24.60 327657.99
24.70 327657.99
24.80 327657.99
24.90 327657.99
25.00 327657.99
25.10 293674.99
25.20 293674.99
25.30 293674.99
25.40 293674.99
25.50 293674.99
25.60 293674.99
25.70 293674.99
25.80 293674.99
25.90 293674.99
26.00 293674.99
26.10 355305.38
26.20 355305.38
26.30 355305.38
26.40 355305.38
26.50 355305.38
26.60 355305.38
26.70 355305.38
26.80 355305.38
26.90 355305.38
27.00 355305.38
27.10 317214.62
27.20 317214.62
27.30 317214.62
27.40 317214.62
27.50 317214.62
27.60 317214.62
27.70 317214.62
27.80 317214.62
27.90 317214.62
28.00 317214.62
28.10 343830.67
28.20 343830.67
28.30 343830.67
28.40 343830.67
28.50 343830.67
28.60 343830.67
28.70 343830.67
28.80 343830.67
28.90 343830.67
29.00 343830.67
29.10 311762.17
29.20 311762.17
29.30 311762.17
29.40 311762.17
29.50 311762.17
29.60 311762.17
29.70 311762.17
29.80 311762.17
29.90 311762.17
30.00 311762.17
