16
32
48
65
81
97
113
130
143
157
171
185
198
212
226
240
252
264
276
288
301
313
325
337
350
362
375
387
400
412
425
437
450
462
474
486
498
511
523
535
547
560
573
587
601
615
628
642
656
670
682
694
706
718
731
743
755
767
780
792
804
816
828
840
852
864
876
888
900
912
924
936
948
960
972
984
996
1008
1020
1032
1044
1056
1068
1080
1091
1103
1115
1128
1140
1152
1164
1176
1188
1200
1212
1224
1236
1248
1260
1273
1286
1299
1312
1325
1337
1351
1363
1377
1390
1402
1414
1426
1438
1450
1462
1474
1486
1498
1510
1522
1534
1546
1558
1569
1581
1593
1605
1617
1630
1642
1654
1666
1678
1690
1702
1714
1726
1738
1750
1760
1771
1782
1793
1804
1815
1826
1837
1848
1859
1870
1883
1896
1909
1922
1935
1948
1961
1974
1987
2000
2011
2022
2033
2044
2055
2066
2077
2088
2100
2111
2122
2133
2144
2155
2166
2177
2188
2200
2212
2225
2237
2250
2262
2275
2287
2300
2311
2322
2333
2344
2355
2366
2377
2388
2400
2411
2422
2433
2444
2455
2466
2477
2488
2500
2511
2522
2533
2544
2555
2566
2577
2588
2600
2611
2622
2633
2644
2655
2666
2677
2688
2700
2711
2722
2733
2744
2755
2766
2777
2788
2800
2811
2822
2833
2844
2855
2866
2877
2888
2900
2912
2924
2936
2948
2961
2973
2985
2997
3010
3022
3034
3047
3059
3072
3085
3097
3110
3122
3135
3147
3160
3172
3185
3197
3210
3222
3235
3247
3260
3272
3285
3297
3310
3322
3335
3347
3360
3372
3385
3397
3410
3424
3438
3452
3467
3481
3495
3510
3522
3534
3547
3559
3572
3585
3597
3610
3622
3635
3647
3660
3672
3685
3697
3710
3722
3735
3747
3760
3772
3785
3797
3810
3822
3835
3847
3860
3872
3885
3897
3910
3923
3937
3951
3965
3978
3992
4006
4019
4038
4056
4074
4093
4111
4130
4148
4166
4185
4203
4221
4240
4255
4271
4287
4302
4318
4334
4350
4368
4386
4404
4423
4441
4460
4478
4496
4515
4533
4551
4570
4585
4601
4617
4632
4648
4664
4680
4698
4716
4734
4753
4771
4790
4808
4826
4845
4863
4881
4900
4918
4936
4955
4973
4991
5010
5025
5041
5057
5072
5088
5104
5120
5131
5142
5153
5164
5175
5186
5197
5208
5220
5231
5242
5253
5264
5275
5286
5297
5308
5320
5331
5342
5353
5364
5375
5386
5397
5408
5420
5431
5442
5453
5464
5475
5486
5497
5508
5520
5531
5542
5553
5564
5575
5586
5597
5608
5620
5631
5642
5653
5664
5675
5686
5697
5708
5720
5731
5742
5753
5764
5775
5786
5797
5808
5820
5831
5842
5853
5864
5875
5886
5897
5908
5920
5931
5942
5953
5964
5975
5986
5997
6008
6020
6032
6044
6056
6068
6081
6093
6105
6117
6130
6144
6158
6172
6187
6201
6215
6230
6245
6261
6277
6292
6308
6324
6340
6356
6373
6390
6406
6423
6440
6455
6471
6487
6502
6518
6534
6550
6565
6581
6597
6612
6628
6644
6660
6674
6688
6702
6717
6731
6745
6760
6775
6791
6807
6822
6838
6854
6870
6884
6898
6912
6927
6941
6955
6970
6985
7001
7017
7032
7048
7064
7080
7095
7111
7127
7142
7158
7174
7190
7201
7212
7223
7234
7245
7256
7267
7278
7290
7301
7312
7323
7334
7345
7356
7367
7378
7390
7401
7412
7423
7434
7445
7456
7467
7478
7490
7500
7510
7520
7530
7540
7550
7560
7570
7580
7590
7602
7614
7626
7638
7651
7663
7675
7687
7700
7711
7722
7733
7744
7755
7766
7777
7788
7800
7811
7822
7833
7844
7855
7866
7877
7888
7900
7910
7920
7930
7940
7950
7960
7970
7980
7990
8000
8011
8022
8033
8044
8055
8066
8077
8088
8100
8112
8124
8136
8148
8161
8173
8185
8197
8210
8224
8238
8252
8267
8281
8295
8310
8325
8341
8357
8372
8388
8404
8420
8434
8448
8462
8477
8491
8505
8520
8535
8551
8567
8582
8598
8614
8630
8643
8657
8671
8685
8698
8712
8726
8740
8754
8768
8782
8797
8811
8825
8840
8855
8871
8887
8902
8918
8934
8950
8964
8978
8992
9007
9021
9035
9050
9065
9081
9097
9112
9128
9144
9160
9175
9191
9207
9222
9238
9254
9270
9295
9320
9344
9370
9395
9420
9445
9470
9495
9520
9545
9570
9595
9620
9645
9670
9695
9719
9745
9770
9795
9820
9844
9870
9895
9920
9945
9970
9995
10020
10045
10070
10103
10136
10170
10197
10225
10252
10280
10335
10390
10500
10610
10720
10780
10840
10950
11060
11115
11170
11280
11400
11500
11600
11700
11910
12010
12110
12220
12320
12530
12630
12740
12840
12950
13050
13160
13260
13370
13470
13590
13650
13710
13830
13950
14070
14190
14250
14310
14430
14540
14660
14770
14820
14870
14970
15080
15180
15280
15380
15435
15490
15590
15690
15745
15800
15850
15900
16010
16060
16110
16160
16210
16265
16320
16370
16420
16475
16530
16630
16680
16730
16785
16840
16890
16940
17040
17095
17150
17250
17300
17350
17400
17450
17560
17610
17660
17710
17760
17815
17870
17925
17980
18016
18053
18090
18145
18200
18255
18310
18346
18383
18420
18475
18530
18566
18603
18640
18695
18750
18805
18860
18887
18915
18942
18970
19003
19036
19070
19097
19125
19152
19180
19213
19246
19280
19316
19353
19390
19415
19439
19465
19490
19526
19563
19600
19633
19666
19700
19727
19755
19782
19810
19843
19876
19910
19934
19958
19982
20006
20030
20060
20090
20119
20150
20172
20194
20216
20238
20260
20290
20320
20350
20380
20404
20428
20452
20476
20500
20530
20560
20590
20620
20642
20664
20686
20708
20730
20760
20790
20820
20850
20874
20898
20922
20945
20970
21000
21030
21060
21090
21104
21118
21132
21147
21161
21175
21190
21206
21223
21240
21256
21273
21290
21306
21323
21340
21356
21373
21390
21404
21418
21432
21447
21461
21475
21490
21506
21523
21540
21556
21573
21590
21604
21618
21632
21647
21661
21675
21690
21706
21723
21740
21756
21773
21790
21806
21823
21840
21856
21873
21890
21904
21918
21932
21947
21961
21975
21990
22006
22023
22040
22056
22073
22090
22110
22130
22150
22170
22190
22217
22245
22272
22300
22320
22340
22360
22380
22400
22424
22450
22475
22500
22520
22540
22560
22580
22600
22625
22650
22675
22700
22720
22740
22760
22780
22800
22825
22850
22875
22900
22919
22939
22960
22980
23000
23025
23050
23075
23100
23127
23155
23182
23210
23230
23250
23270
23290
23310
23335
23360
23384
23410
23430
23450
23470
23490
23510
23535
23560
23585
23610
23631
23654
23676
23698
23720
23744
23770
23795
23820
23845
23870
23895
23920
23940
23960
23980
24000
24020
24045
24070
24095
24120
24230
24330
24430
24540
24640
24740
24950
25050
25150
25174
25200
25225
25250
25286
25323
25360
25384
25410
25435
25460
25493
25526
25560
25585
25610
25634
25660
25685
25710
25735
25760
25793
25826
25860
25884
25910
25935
25960
25985
26009
26035
26060
26093
26126
26160
26176
26193
26210
26226
26243
26260
26278
26296
26315
26333
26351
26370
26386
26403
26420
26436
26453
26470
26486
26503
26520
26536
26553
26570
26590
26610
26630
26650
26670
26686
26703
26720
26736
26753
26770
26786
26803
26820
26836
26853
26870
26886
26903
26920
26936
26953
26970
26986
27003
27020
27036
27053
27070
27086
27103
27120
27136
27153
27170
27195
27220
27245
27270
27290
27310
27330
27350
27370
27392
27414
27436
27458
27480
27505
27530
27555
27580
27599
27619
27640
27660
27680
27700
27720
27740
27760
27780
27805
27830
27855
27880
27900
27919
27940
27960
27980
28000
28020
28040
28060
28080
28104
28130
28155
28180
28205
28230
28255
28280
28302
28324
28346
28368
28390
28415
28439
28465
28490
28515
28540
28564
28590
28615
28640
28665
28690
28715
28740
28765
28790
28811
28834
28855
28878
28900
28924
28950
28975
29000
29025
29050
29075
29100
29125
29150
29175
29200
29225
29250
29275
29300
29325
29350
29375
29400
29424
29450
29475
29500
29527
29555
29582
29610
29634
29660
29685
29710
29735
29759
29785
29810
29843
29876
29910
