0.06 33312.00
0.16 29148.00
0.28 41640.00
0.38 38864.00
0.49 30536.00
0.61 23596.00
0.71 27760.00
0.82 36088.00
0.92 27760.00
1.03 30536.00
1.14 22208.00
1.25 43028.00
1.36 37476.00
1.46 52744.00
1.58 45804.00
1.68 65236.00
1.95 51356.00
2.06 54132.00
2.18 55520.00
2.30 62460.00
2.42 58296.00
2.54 58296.00
2.78 56908.00
2.88 59684.00
3.02 55520.00
3.13 62460.00
3.26 51356.00
3.52 69400.00
3.63 79116.00
3.77 41640.00
3.88 55520.00
3.99 36088.00
4.10 43028.00
4.20 27760.00
4.31 34700.00
4.41 19432.00
4.52 27760.00
4.63 36088.00
4.75 27760.00
4.86 19432.00
4.96 34700.00
5.08 5552.00
5.18 34700.00
5.30 38864.00
5.41 34700.00
5.52 37476.00
5.63 26372.00
5.74 33312.00
5.86 30536.00
5.96 29148.00
6.07 37476.00
6.17 34700.00
6.28 37476.00
6.38 37476.00
6.49 40252.00
6.60 38864.00
6.71 29148.00
6.83 33312.00
6.93 24984.00
7.04 20820.00
7.14 29148.00
7.25 33312.00
7.36 29148.00
7.46 27760.00
7.58 31924.00
7.68 20820.00
7.79 31924.00
7.89 29148.00
8.01 34700.00
8.12 33312.00
8.22 20820.00
8.33 33312.00
8.43 30536.00
8.54 31924.00
8.64 19432.00
8.76 27760.00
8.87 40252.00
9.00 23596.00
9.11 36088.00
9.22 34700.00
9.33 31924.00
9.43 23596.00
9.54 34700.00
9.64 20820.00
9.76 34700.00
9.87 29148.00
9.97 27760.00
10.08 30536.00
10.18 34700.00
10.30 33312.00
10.40 29148.00
10.51 44416.00
10.62 36088.00
10.80 36088.00
10.90 54132.00
11.01 43028.00
11.16 13880.00
11.27 72176.00
11.40 47192.00
11.52 68012.00
11.76 49968.00
11.87 74952.00
12.00 45804.00
12.12 77728.00
12.22 41640.00
12.34 56908.00
12.45 59684.00
12.56 52744.00
12.66 49968.00
12.77 43028.00
12.96 37476.00
13.07 70788.00
13.17 26372.00
13.28 31924.00
13.39 33312.00
13.51 13880.00
13.62 9716.00
13.74 11104.00
13.87 11104.00
13.97 16656.00
14.08 16656.00
14.18 18044.00
14.30 31924.00
14.41 24984.00
14.52 22208.00
14.63 29148.00
14.74 26372.00
14.85 27760.00
14.95 16656.00
15.06 31924.00
15.16 23596.00
15.27 31924.00
15.39 19432.00
15.50 19432.00
15.62 20820.00
15.73 22208.00
15.85 18044.00
15.95 16656.00
16.06 23596.00
16.16 15268.00
16.28 30536.00
16.38 23596.00
16.49 24984.00
16.60 24984.00
16.71 23596.00
16.82 23596.00
16.92 15268.00
17.03 11104.00
17.13 20820.00
17.26 24984.00
17.37 26372.00
17.47 13880.00
17.61 9716.00
17.73 16656.00
17.84 9716.00
17.95 8328.00
18.06 22208.00
18.16 15268.00
18.28 8328.00
18.39 9716.00
18.50 11104.00
18.61 16656.00
18.72 16656.00
18.84 15268.00
18.94 19432.00
19.05 12492.00
19.16 9716.00
19.27 16656.00
19.38 18044.00
19.49 9716.00
19.60 18044.00
19.70 18044.00
19.81 19432.00
19.92 11104.00
20.03 13880.00
20.13 18044.00
20.26 18044.00
20.39 8328.00
20.52 13880.00
20.64 13880.00
20.75 11104.00
20.87 15268.00
20.97 4164.00
21.08 13880.00
21.19 12492.00
21.30 9716.00
21.40 13880.00
21.51 12492.00
21.63 12492.00
21.75 12492.00
21.86 9716.00
21.97 16656.00
22.09 24984.00
22.19 15268.00
22.30 20820.00
22.40 18044.00
22.51 15268.00
22.63 12492.00
22.74 12492.00
22.85 19432.00
22.95 31924.00
23.06 20820.00
23.16 20820.00
23.27 37476.00
23.38 37476.00
23.49 40252.00
23.60 40252.00
23.71 38864.00
23.82 40252.00
23.92 1388.00
24.03 54132.00
24.14 52744.00
24.25 52744.00
24.36 44416.00
24.46 43028.00
24.68 49968.00
24.79 58296.00
24.89 40252.00
25.00 33312.00
25.11 54132.00
25.21 41640.00
25.32 51356.00
25.42 44416.00
25.54 51356.00
25.64 51356.00
25.76 49968.00
25.87 43028.00
25.97 20820.00
26.08 52744.00
26.18 44416.00
26.29 63848.00
26.39 27760.00
26.50 55520.00
26.61 6940.00
26.71 61072.00
26.86 63848.00
26.96 52744.00
27.10 59684.00
27.20 44416.00
27.31 56908.00
27.41 38864.00
27.52 52744.00
27.63 45804.00
27.86 48580.00
27.96 59684.00
28.10 55520.00
28.21 49968.00
28.32 59684.00
28.46 58296.00
28.58 62460.00
28.68 30536.00
28.82 23596.00
28.92 52744.00
29.07 61072.00
29.17 61072.00
29.32 48580.00
29.42 55520.00
29.53 38864.00
29.63 47192.00
29.74 26372.00
29.85 27760.00
