0.09 48580.00
0.19 49968.00
0.30 59684.00
0.40 49968.00
0.51 43028.00
0.62 45804.00
0.73 24984.00
0.84 47192.00
0.95 23596.00
1.06 26372.00
1.16 37476.00
1.28 58296.00
1.38 38864.00
1.49 26372.00
1.60 33312.00
1.70 47192.00
1.81 38864.00
1.91 43028.00
2.02 61072.00
2.12 44416.00
2.23 29148.00
2.34 52744.00
2.44 38864.00
2.55 36088.00
2.65 30536.00
2.76 36088.00
2.87 38864.00
2.98 41640.00
3.09 45804.00
3.19 36088.00
3.30 38864.00
3.40 38864.00
3.51 43028.00
3.62 26372.00
3.73 41640.00
3.84 47192.00
3.94 40252.00
4.05 48580.00
4.15 26372.00
4.26 38864.00
4.37 37476.00
4.48 34700.00
4.59 31924.00
4.69 36088.00
4.80 44416.00
4.90 29148.00
5.01 34700.00
5.12 44416.00
5.23 47192.00
5.34 43028.00
5.44 44416.00
5.55 40252.00
5.65 29148.00
5.76 51356.00
5.87 49968.00
5.98 33312.00
6.09 27760.00
6.19 41640.00
6.30 43028.00
6.40 51356.00
6.51 58296.00
6.62 48580.00
6.73 43028.00
6.84 52744.00
6.94 41640.00
7.05 30536.00
7.15 5552.00
7.26 22208.00
7.37 20820.00
7.48 24984.00
7.59 29148.00
7.69 36088.00
7.80 34700.00
7.91 19432.00
8.02 30536.00
8.12 40252.00
8.23 33312.00
8.35 18044.00
8.45 26372.00
8.56 37476.00
8.66 22208.00
8.77 26372.00
8.87 27760.00
8.98 34700.00
9.09 43028.00
9.19 41640.00
9.30 40252.00
9.40 43028.00
9.52 40252.00
9.62 27760.00
9.73 47192.00
9.84 27760.00
9.94 22208.00
10.05 9716.00
10.15 13880.00
10.26 20820.00
10.37 27760.00
10.48 18044.00
10.59 19432.00
10.69 11104.00
10.80 22208.00
10.90 23596.00
11.01 27760.00
11.12 37476.00
11.23 40252.00
11.34 37476.00
11.44 56908.00
11.55 52744.00
11.65 44416.00
11.76 44416.00
11.87 45804.00
11.99 45804.00
12.10 38864.00
12.20 40252.00
12.31 59684.00
12.41 52744.00
12.52 44416.00
12.62 40252.00
12.73 43028.00
12.84 37476.00
12.94 15268.00
13.05 26372.00
13.15 26372.00
13.26 22208.00
13.37 36088.00
13.48 38864.00
13.59 51356.00
13.69 54132.00
13.80 45804.00
13.90 36088.00
14.01 45804.00
14.12 49968.00
14.23 45804.00
14.34 41640.00
14.44 23596.00
14.55 33312.00
14.65 44416.00
14.76 52744.00
14.87 58296.00
14.98 47192.00
15.09 36088.00
15.19 18044.00
15.30 15268.00
15.40 15268.00
15.51 36088.00
15.62 36088.00
15.73 30536.00
15.84 30536.00
15.94 38864.00
16.05 43028.00
16.15 37476.00
16.26 45804.00
16.38 41640.00
16.50 37476.00
16.61 47192.00
16.71 44416.00
16.82 44416.00
16.92 43028.00
17.04 52744.00
17.14 45804.00
17.25 48580.00
17.36 40252.00
17.47 34700.00
17.58 43028.00
17.68 34700.00
17.80 27760.00
17.90 18044.00
18.01 16656.00
18.12 31924.00
18.23 37476.00
18.34 41640.00
18.44 36088.00
18.55 41640.00
18.65 36088.00
18.76 52744.00
18.87 52744.00
18.98 29148.00
19.09 49968.00
19.19 45804.00
19.30 34700.00
19.40 27760.00
19.51 51356.00
19.62 55520.00
19.73 44416.00
19.85 27760.00
19.95 48580.00
20.06 48580.00
20.16 49968.00
20.27 56908.00
20.37 48580.00
20.48 59684.00
20.59 54132.00
20.69 34700.00
20.80 34700.00
20.90 43028.00
21.01 47192.00
21.12 36088.00
21.23 29148.00
21.34 29148.00
21.45 23596.00
21.56 31924.00
21.66 29148.00
21.77 34700.00
21.87 48580.00
21.98 49968.00
22.09 62460.00
22.19 54132.00
22.30 56908.00
22.40 52744.00
22.51 62460.00
22.62 61072.00
22.74 55520.00
22.85 45804.00
22.95 43028.00
23.07 16656.00
23.17 16656.00
23.28 18044.00
23.38 22208.00
23.49 43028.00
23.60 44416.00
23.70 41640.00
23.81 40252.00
23.91 23596.00
24.02 37476.00
24.12 37476.00
24.23 41640.00
24.34 30536.00
24.45 26372.00
24.56 29148.00
24.66 41640.00
24.77 38864.00
24.87 45804.00
24.98 45804.00
25.09 27760.00
25.19 29148.00
25.30 38864.00
25.40 30536.00
25.51 34700.00
25.62 47192.00
25.73 62460.00
25.84 26372.00
25.94 44416.00
26.05 43028.00
26.16 37476.00
26.27 48580.00
26.37 41640.00
26.48 47192.00
26.59 43028.00
26.69 44416.00
26.80 45804.00
26.90 43028.00
27.01 41640.00
27.12 38864.00
27.23 27760.00
27.34 40252.00
27.44 33312.00
27.55 24984.00
27.65 38864.00
27.76 37476.00
27.87 30536.00
27.98 36088.00
28.09 30536.00
28.20 31924.00
28.31 43028.00
28.41 27760.00
28.53 31924.00
28.63 18044.00
28.74 31924.00
28.85 34700.00
28.95 27760.00
29.07 33312.00
29.17 37476.00
29.28 34700.00
29.38 31924.00
29.49 37476.00
29.60 30536.00
29.70 33312.00
29.81 33312.00
29.91 30536.00
