0.07 12492.00
0.17 8328.00
0.28 16656.00
0.39 20820.00
0.50 11104.00
0.62 11104.00
0.72 11104.00
0.83 23596.00
0.93 22208.00
1.04 18044.00
1.14 16656.00
1.25 22208.00
1.36 27760.00
1.46 16656.00
1.57 19432.00
1.67 11104.00
1.78 15268.00
1.88 24984.00
1.99 37476.00
2.11 30536.00
2.21 22208.00
2.32 24984.00
2.43 23596.00
2.54 31924.00
2.64 37476.00
2.76 30536.00
2.87 30536.00
2.97 24984.00
3.08 29148.00
3.18 22208.00
3.30 18044.00
3.40 24984.00
3.51 22208.00
3.62 23596.00
3.72 22208.00
3.83 12492.00
3.94 23596.00
4.05 27760.00
4.15 20820.00
4.26 27760.00
4.37 20820.00
4.48 15268.00
4.60 20820.00
4.70 19432.00
4.81 24984.00
4.91 22208.00
5.02 23596.00
5.13 26372.00
5.24 22208.00
5.35 16656.00
5.46 9716.00
5.58 9716.00
5.68 8328.00
5.79 12492.00
5.89 16656.00
6.01 30536.00
6.13 19432.00
6.24 16656.00
6.35 9716.00
6.45 11104.00
6.56 24984.00
6.66 18044.00
6.77 18044.00
6.88 29148.00
6.99 37476.00
7.11 31924.00
7.21 23596.00
7.32 15268.00
7.43 12492.00
7.54 9716.00
7.64 23596.00
7.75 24984.00
7.86 20820.00
7.97 22208.00
8.08 27760.00
8.18 22208.00
8.29 30536.00
8.39 23596.00
8.50 16656.00
8.61 22208.00
8.71 23596.00
8.82 24984.00
8.92 27760.00
9.03 27760.00
9.13 29148.00
9.24 23596.00
9.35 27760.00
9.45 16656.00
9.56 12492.00
9.66 13880.00
9.77 23596.00
9.88 19432.00
9.99 26372.00
10.10 20820.00
10.20 24984.00
10.32 19432.00
10.42 22208.00
10.53 26372.00
10.63 27760.00
10.74 40252.00
10.86 20820.00
10.96 15268.00
11.07 13880.00
11.18 8328.00
11.29 12492.00
11.39 15268.00
11.50 18044.00
11.61 22208.00
11.71 24984.00
11.82 15268.00
11.93 13880.00
12.04 19432.00
12.14 16656.00
12.25 12492.00
12.36 16656.00
12.46 16656.00
12.57 18044.00
12.67 20820.00
12.78 23596.00
12.88 13880.00
12.99 15268.00
13.11 11104.00
13.22 15268.00
13.34 9716.00
13.44 9716.00
13.55 16656.00
13.66 24984.00
13.78 22208.00
13.88 29148.00
13.99 30536.00
14.10 20820.00
14.20 13880.00
14.31 19432.00
14.41 37476.00
14.52 48580.00
14.63 31924.00
14.74 30536.00
14.85 29148.00
14.95 20820.00
15.07 16656.00
15.17 19432.00
15.28 30536.00
15.38 31924.00
15.49 30536.00
15.60 16656.00
15.70 13880.00
15.81 13880.00
15.91 29148.00
16.02 29148.00
16.13 22208.00
16.24 41640.00
16.35 31924.00
16.45 27760.00
16.56 33312.00
16.68 19432.00
16.79 16656.00
16.89 20820.00
17.01 23596.00
17.13 18044.00
17.24 18044.00
17.35 27760.00
17.45 36088.00
17.56 30536.00
17.66 30536.00
17.78 29148.00
17.88 26372.00
17.99 29148.00
18.10 26372.00
18.20 27760.00
18.31 36088.00
18.41 31924.00
18.52 36088.00
18.63 44416.00
18.74 40252.00
18.85 38864.00
18.95 44416.00
19.06 41640.00
19.16 33312.00
19.27 43028.00
19.38 43028.00
19.49 38864.00
19.60 38864.00
19.70 40252.00
19.81 36088.00
19.91 31924.00
20.02 30536.00
20.13 40252.00
20.24 33312.00
20.35 41640.00
20.45 34700.00
20.56 37476.00
20.66 30536.00
20.78 33312.00
20.88 37476.00
20.99 38864.00
21.10 41640.00
21.21 44416.00
21.32 51356.00
21.42 41640.00
21.53 41640.00
21.63 27760.00
21.74 34700.00
21.86 36088.00
21.96 29148.00
22.07 33312.00
22.17 29148.00
22.28 34700.00
22.38 29148.00
22.49 36088.00
22.60 31924.00
22.70 27760.00
22.81 24984.00
22.91 30536.00
23.02 36088.00
23.13 36088.00
23.24 41640.00
23.35 38864.00
23.45 40252.00
23.56 36088.00
23.66 20820.00
23.77 18044.00
23.88 20820.00
23.99 15268.00
24.10 19432.00
24.20 36088.00
24.31 38864.00
24.41 31924.00
24.52 34700.00
24.63 31924.00
24.74 34700.00
24.85 24984.00
24.95 27760.00
25.06 31924.00
25.17 22208.00
25.29 18044.00
25.39 24984.00
25.51 24984.00
25.62 19432.00
25.72 19432.00
25.83 19432.00
25.93 8328.00
26.04 13880.00
26.14 15268.00
26.25 13880.00
26.36 30536.00
26.46 22208.00
26.57 18044.00
26.67 22208.00
26.78 31924.00
26.88 22208.00
26.99 24984.00
27.10 36088.00
27.20 30536.00
27.31 22208.00
27.41 27760.00
27.52 20820.00
27.63 19432.00
27.74 15268.00
27.85 24984.00
27.95 29148.00
28.06 31924.00
28.16 27760.00
28.27 34700.00
28.38 31924.00
28.49 40252.00
28.60 22208.00
28.70 24984.00
28.81 29148.00
28.91 27760.00
29.02 34700.00
29.14 22208.00
29.26 12492.00
29.37 24984.00
29.47 19432.00
29.58 20820.00
29.69 11104.00
29.80 15268.00
29.90 26372.00
