0.06 42891.00
0.17 42891.00
0.27 42891.00
0.37 58003.20
0.47 58003.20
0.57 58003.20
0.67 58003.20
0.77 58003.20
0.87 58003.20
0.97 58003.20
1.07 58003.20
1.18 58003.20
1.28 58003.20
1.38 52707.00
1.48 52707.00
1.58 52707.00
1.68 52707.00
1.78 52707.00
1.88 52707.00
1.98 52707.00
2.08 52707.00
2.19 52707.00
2.29 52707.00
2.39 47040.30
2.49 47040.30
2.59 47040.30
2.69 47040.30
2.79 47040.30
2.89 47040.30
2.99 47040.30
3.09 47040.30
3.19 47040.30
3.29 47040.30
3.39 51679.30
3.49 51679.30
3.59 51679.30
3.69 51679.30
3.79 51679.30
3.89 51679.30
3.99 51679.30
4.09 51679.30
4.19 51679.30
4.29 51679.30
4.39 50870.00
4.49 50870.00
4.59 50870.00
4.69 50870.00
4.79 50870.00
4.89 50870.00
4.99 50870.00
5.09 50870.00
5.20 50870.00
5.30 50870.00
5.40 56635.20
5.50 56635.20
5.60 56635.20
5.70 56635.20
5.80 56635.20
5.90 56635.20
6.00 56635.20
6.10 56635.20
6.20 56635.20
6.30 56635.20
6.41 46098.20
6.52 46098.20
6.64 46098.20
6.75 46098.20
6.87 46098.20
6.98 46098.20
7.09 46098.20
7.21 46098.20
7.32 46098.20
7.44 46098.20
7.54 29959.20
7.64 29959.20
7.74 29959.20
7.84 29959.20
7.94 29959.20
8.04 29959.20
8.14 29959.20
8.24 29959.20
8.34 29959.20
8.45 29959.20
8.55 28728.00
8.65 28728.00
8.75 28728.00
8.85 28728.00
8.95 28728.00
9.05 28728.00
9.15 28728.00
9.25 28728.00
9.35 28728.00
9.46 28728.00
9.56 34610.40
9.66 34610.40
9.76 34610.40
9.86 34610.40
9.96 34610.40
10.06 34610.40
10.16 34610.40
10.26 34610.40
10.36 34610.40
10.46 34610.40
10.57 45828.00
10.67 45828.00
10.77 45828.00
10.87 45828.00
10.97 45828.00
11.07 45828.00
11.17 45828.00
11.27 45828.00
11.37 45828.00
11.47 45828.00
11.57 31707.20
11.67 31707.20
11.77 31707.20
11.87 31707.20
11.97 31707.20
12.07 31707.20
12.17 31707.20
12.27 31707.20
12.37 31707.20
12.47 31707.20
12.57 50752.80
12.67 50752.80
12.77 50752.80
12.87 50752.80
12.97 50752.80
13.07 50752.80
13.17 50752.80
13.27 50752.80
13.37 50752.80
13.47 50752.80
13.58 39298.90
13.68 39298.90
13.78 39298.90
13.88 39298.90
13.98 39298.90
14.08 39298.90
14.18 39298.90
14.28 39298.90
14.38 39298.90
14.48 39298.90
14.58 49029.00
14.68 49029.00
14.78 49029.00
14.88 49029.00
14.98 49029.00
15.08 49029.00
15.18 49029.00
15.28 49029.00
15.38 49029.00
15.49 49029.00
15.61 50339.20
15.72 50339.20
15.84 50339.20
15.96 50339.20
16.08 50339.20
16.20 50339.20
16.32 50339.20
16.44 50339.20
16.56 50339.20
16.68 50339.20
16.78 49476.90
16.88 49476.90
16.98 49476.90
17.08 49476.90
17.18 49476.90
17.28 49476.90
17.38 49476.90
17.48 49476.90
17.59 49476.90
17.69 49476.90
17.79 55916.20
17.89 55916.20
17.99 55916.20
18.09 55916.20
18.19 55916.20
18.29 55916.20
18.39 55916.20
18.49 55916.20
18.59 55916.20
18.69 55916.20
18.79 53215.20
18.89 53215.20
18.99 53215.20
19.09 53215.20
19.19 53215.20
19.29 53215.20
19.39 53215.20
19.49 53215.20
19.59 53215.20
19.69 53215.20
19.80 43440.80
19.90 43440.80
20.00 43440.80
20.10 43440.80
20.20 43440.80
20.30 43440.80
20.40 43440.80
20.50 43440.80
20.60 43440.80
20.70 43440.80
20.80 49697.90
20.90 49697.90
21.00 49697.90
21.10 49697.90
21.20 49697.90
21.30 49697.90
21.40 49697.90
21.50 49697.90
21.60 49697.90
21.70 49697.90
21.80 61696.80
21.90 61696.80
22.00 61696.80
22.10 61696.80
22.20 61696.80
22.30 61696.80
22.40 61696.80
22.50 61696.80
22.60 61696.80
22.70 61696.80
22.81 50022.10
22.91 50022.10
23.01 50022.10
23.11 50022.10
23.21 50022.10
23.31 50022.10
23.41 50022.10
23.51 50022.10
23.61 50022.10
23.71 50022.10
23.82 54677.40
23.92 54677.40
24.02 54677.40
24.12 54677.40
24.22 54677.40
24.32 54677.40
24.42 54677.40
24.52 54677.40
24.62 54677.40
24.72 54677.40
24.82 61696.80
24.92 61696.80
25.02 61696.80
25.12 61696.80
25.22 61696.80
25.32 61696.80
25.42 61696.80
25.52 61696.80
25.62 61696.80
25.72 61696.80
25.82 60083.70
25.92 60083.70
26.02 60083.70
26.12 60083.70
26.22 60083.70
26.32 60083.70
26.42 60083.70
26.52 60083.70
26.62 60083.70
26.72 60083.70
26.83 61965.10
26.95 61965.10
27.06 61965.10
27.17 61965.10
27.28 61965.10
27.39 61965.10
27.50 61965.10
27.61 61965.10
27.72 61965.10
27.83 61965.10
27.93 58550.40
28.03 58550.40
28.13 58550.40
28.23 58550.40
28.33 58550.40
28.43 58550.40
28.53 58550.40
28.63 58550.40
28.73 58550.40
28.83 58550.40
28.94 45770.80
29.04 45770.80
29.14 45770.80
29.24 45770.80
29.34 45770.80
29.44 45770.80
29.54 45770.80
29.64 45770.80
29.74 45770.80
29.84 45770.80
29.94 43957.20
