0.19 109652.0
0.30 116592.0
0.40 112428.0
0.51 109652.0
0.62 91608.0
0.73 112428.0
0.84 119368.0
0.94 98548.0
1.05 133248.0
1.15 105488.0
1.26 101324.0
1.37 108264.0
1.48 119368.0
1.59 105488.0
1.69 106876.0
1.80 115204.0
1.90 101324.0
2.01 102712.0
2.12 111040.0
2.23 129084.0
2.34 120756.0
2.44 104100.0
2.55 98548.0
2.65 122144.0
2.76 120756.0
2.87 111040.0
2.98 101324.0
3.09 120756.0
3.19 101324.0
3.30 88832.0
3.40 109652.0
3.51 126308.0
3.62 111040.0
3.73 109652.0
3.84 116592.0
3.94 108264.0
4.05 111040.0
4.15 109652.0
4.26 95772.0
4.37 117980.0
4.48 123532.0
4.59 120756.0
4.69 106876.0
4.80 92996.0
4.90 97160.0
5.01 98548.0
5.12 115204.0
5.23 123532.0
5.34 86056.0
5.44 109652.0
5.55 123532.0
5.65 102712.0
5.76 101324.0
5.87 90220.0
5.98 122144.0
6.09 111040.0
6.19 116592.0
6.30 112428.0
6.40 98548.0
6.51 106876.0
6.62 112428.0
6.73 102712.0
6.84 127696.0
6.94 102712.0
7.05 117980.0
7.15 105488.0
7.26 105488.0
7.37 116592.0
7.48 120756.0
7.59 116592.0
7.69 87444.0
7.80 106876.0
7.90 97160.0
8.01 112428.0
8.12 119368.0
8.23 123532.0
8.34 122144.0
8.44 95772.0
8.55 92996.0
8.65 119368.0
8.76 117980.0
8.87 122144.0
8.98 109652.0
9.09 116592.0
9.19 90220.0
9.30 119368.0
9.40 119368.0
9.51 129084.0
9.62 120756.0
9.73 116592.0
9.84 113816.0
9.94 95772.0
10.05 117980.0
10.15 111040.0
10.26 122144.0
10.37 108264.0
10.48 108264.0
10.59 115204.0
10.69 94384.0
10.80 101324.0
10.90 90220.0
11.01 131860.0
11.12 122144.0
11.23 116592.0
11.34 104100.0
11.44 112428.0
11.55 120756.0
11.65 98548.0
11.76 117980.0
11.87 113816.0
11.98 126308.0
12.09 113816.0
12.19 98548.0
12.30 95772.0
12.40 101324.0
12.51 127696.0
12.62 126308.0
12.73 119368.0
12.84 115204.0
12.94 105488.0
13.05 117980.0
13.15 101324.0
13.26 124920.0
13.37 117980.0
13.48 113816.0
13.59 99936.0
13.69 104100.0
13.80 122144.0
13.90 115204.0
14.01 126308.0
14.12 120756.0
14.23 115204.0
14.34 97160.0
14.44 111040.0
14.55 124920.0
14.65 113816.0
14.76 122144.0
14.87 101324.0
14.98 134636.0
15.09 109652.0
15.19 112428.0
15.30 105488.0
15.40 104100.0
15.51 115204.0
15.62 109652.0
15.73 127696.0
15.84 129084.0
15.94 111040.0
16.05 113816.0
16.15 102712.0
16.26 108264.0
16.37 102712.0
16.48 94384.0
16.59 116592.0
16.69 109652.0
16.80 92996.0
16.90 80504.0
17.01 129084.0
17.12 119368.0
17.23 126308.0
17.34 112428.0
17.44 92996.0
17.55 127696.0
17.65 109652.0
17.76 92996.0
17.87 112428.0
17.98 122144.0
18.09 109652.0
18.19 102712.0
18.30 99936.0
18.40 112428.0
18.51 106876.0
18.62 133248.0
18.73 113816.0
18.84 131860.0
18.94 83280.0
19.05 111040.0
19.15 99936.0
19.26 98548.0
19.37 116592.0
19.48 113816.0
19.59 98548.0
19.69 102712.0
19.80 124920.0
19.90 111040.0
20.01 131860.0
20.12 111040.0
20.23 102712.0
20.34 106876.0
20.44 94384.0
20.55 108264.0
20.65 109652.0
20.76 104100.0
20.87 95772.0
20.98 94384.0
21.09 115204.0
21.19 113816.0
21.30 115204.0
21.40 112428.0
21.51 104100.0
21.62 120756.0
21.73 124920.0
21.84 120756.0
21.94 116592.0
22.05 105488.0
22.15 104100.0
22.26 120756.0
22.37 98548.0
22.48 130472.0
22.59 112428.0
22.69 111040.0
22.80 116592.0
22.90 105488.0
23.01 97160.0
23.12 120756.0
23.23 127696.0
23.34 99936.0
23.44 91608.0
23.55 133248.0
23.65 105488.0
23.76 109652.0
23.87 109652.0
23.98 120756.0
24.09 116592.0
24.19 109652.0
24.30 120756.0
24.40 88832.0
24.51 116592.0
24.62 101324.0
24.73 117980.0
24.84 123532.0
24.94 105488.0
25.05 102712.0
25.15 108264.0
25.26 106876.0
25.37 92996.0
25.48 116592.0
25.59 117980.0
25.69 116592.0
25.80 104100.0
25.90 122144.0
26.01 122144.0
26.12 119368.0
26.23 113816.0
26.34 124920.0
26.44 90220.0
26.55 130472.0
26.65 92996.0
26.76 119368.0
26.87 126308.0
26.98 105488.0
27.09 111040.0
27.19 109652.0
27.30 126308.0
27.40 95772.0
27.51 105488.0
27.62 117980.0
27.73 109652.0
27.84 112428.0
27.94 111040.0
28.05 116592.0
28.15 101324.0
28.26 92996.0
28.37 113816.0
28.48 120756.0
28.59 104100.0
28.69 104100.0
28.80 120756.0
28.90 109652.0
29.01 98548.0
29.12 97160.0
29.23 98548.0
29.34 102712.0
29.44 105488.0
29.55 112428.0
29.65 97160.0
29.76 104100.0
29.87 111040.0
29.98 119368.0
