38
76
113
152
190
210
229
250
270
290
312
334
356
378
400
416
433
450
466
483
500
520
540
559
580
600
611
622
633
644
655
666
677
688
700
712
724
736
748
761
773
785
797
810
821
832
843
854
865
876
887
898
910
923
937
951
965
978
992
1006
1020
1031
1042
1053
1064
1075
1086
1097
1108
1120
1132
1144
1156
1168
1181
1193
1205
1217
1230
1241
1252
1263
1274
1285
1296
1307
1318
1330
1342
1354
1366
1378
1391
1403
1415
1427
1440
1451
1462
1473
1484
1495
1506
1517
1528
1540
1552
1564
1576
1588
1601
1613
1625
1637
1650
1664
1678
1692
1707
1721
1735
1750
1764
1778
1792
1807
1821
1835
1850
1862
1875
1887
1900
1912
1925
1937
1950
1964
1978
1992
2007
2021
2035
2050
2064
2078
2092
2107
2121
2135
2150
2162
2175
2187
2200
2212
2225
2237
2250
2264
2278
2292
2307
2321
2335
2350
2364
2378
2392
2407
2421
2435
2450
2464
2478
2492
2507
2521
2535
2550
2562
2574
2587
2599
2612
2625
2637
2650
2657
2665
2673
2680
2688
2696
2703
2711
2719
2726
2734
2742
2750
2757
2764
2771
2778
2785
2792
2800
2807
2814
2821
2828
2835
2842
2850
2857
2864
2871
2878
2885
2892
2900
2907
2914
2921
2928
2935
2942
2950
2957
2964
2971
2978
2985
2992
3000
3007
3014
3021
3028
3035
3042
3050
3057
3065
3073
3080
3088
3096
3103
3111
3119
3126
3134
3142
3150
3157
3165
3173
3181
3189
3197
3205
3212
3220
3228
3236
3244
3252
3260
3267
3274
3281
3288
3295
3302
3309
3317
3324
3331
3338
3345
3352
3360
3367
3375
3383
3390
3398
3406
3413
3421
3429
3436
3444
3452
3460
3467
3474
3481
3488
3495
3502
3510
3517
3524
3531
3538
3545
3552
3560
3567
3574
3581
3588
3595
3602
3610
3617
3624
3631
3638
3645
3652
3660
3666
3672
3678
3685
3691
3697
3703
3710
3716
3722
3728
3735
3741
3747
3753
3760
3766
3773
3780
3786
3793
3800
3806
3813
3820
3826
3833
3840
3846
3853
3860
3866
3872
3878
3885
3891
3897
3903
3910
3916
3922
3928
3935
3941
3947
3953
3960
3966
3972
3978
3985
3991
3997
4003
4010
4016
4022
4028
4035
4041
4047
4053
4059
4066
4072
4078
4085
4091
4097
4103
4109
4116
4122
4128
4135
4141
4147
4153
4160
4166
4172
4178
4185
4191
4197
4203
4210
4216
4222
4228
4234
4241
4247
4253
4260
4266
4273
4280
4286
4293
4300
4306
4313
4320
4326
4333
4340
4346
4353
4360
4366
4372
4378
4385
4391
4397
4403
4410
4416
4422
4428
4435
4441
4447
4453
4460
4466
4472
4478
4484
4491
4497
4503
4510
4516
4522
4528
4535
4541
4547
4553
4560
4566
4572
4578
4585
4591
4597
4603
4609
4616
4622
4628
4635
4641
4647
4653
4660
4667
4674
4681
4688
4695
4702
4710
4717
4724
4731
4738
4745
4752
4760
4767
4774
4781
4788
4795
4802
4810
4817
4824
4831
4838
4845
4852
4860
4867
4874
4881
4888
4895
4902
4910
4917
4924
4931
4938
4945
4952
4960
4967
4974
4981
4988
4995
5002
5010
5017
5024
5031
5038
5045
5052
5060
5067
5074
5081
5088
5095
5102
5109
5117
5124
5131
5138
5145
5152
5160
5167
5174
5181
5188
5195
5202
5210
5217
5224
5231
5238
5245
5252
5260
5267
5274
5281
5288
5295
5302
5310
5317
5324
5331
5338
5345
5352
5360
5367
5374
5381
5388
5395
5402
5410
5417
5424
5431
5438
5445
5452
5460
5467
5474
5481
5488
5495
5502
5510
5517
5524
5531
5538
5545
5552
5560
5567
5574
5581
5588
5595
5602
5609
5617
5624
5631
5638
5645
5652
5660
5668
5676
5685
5693
5701
5710
5718
5726
5734
5743
5751
5760
5767
5775
5783
5790
5798
5806
5813
5821
5829
5836
5844
5852
5860
5868
5876
5885
5893
5901
5910
5918
5926
5935
5943
5951
5960
5967
5975
5983
5990
5998
6006
6013
6021
6029
6036
6044
6052
6060
6069
6078
6087
6096
6105
6115
6124
6133
6142
6151
6160
6170
6177
6185
6193
6200
6208
6216
6223
6231
6239
6246
6254
6262
6270
6278
6286
6295
6303
6311
6320
6328
6336
6345
6353
6361
6370
6377
6385
6393
6400
6408
6416
6423
6431
6439
6446
6454
6462
6470
6478
6486
6495
6503
6511
6520
6528
6536
6545
6553
6561
6570
6577
6585
6593
6600
6608
6616
6623
6631
6639
6646
6654
6662
6670
6677
6685
6693
6700
6708
6716
6723
6731
6739
6746
6754
6762
6770
6777
6785
6793
6800
6808
6816
6823
6831
6839
6846
6854
6862
6870
6877
6885
6893
6900
6908
6916
6923
6931
6939
6946
6954
6962
6970
6977
6985
6993
7000
7008
7016
7023
7031
7039
7046
7054
7062
7070
7077
7085
7093
7100
7108
7116
7123
7131
7139
7146
7154
7162
7170
7178
7186
7195
7203
7212
7220
7229
7237
7246
7254
7263
7271
7280
7287
7295
7303
7310
7318
7326
7333
7341
7349
7356
7364
7372
7380
7387
7395
7403
7410
7418
7426
7433
7441
7449
7456
7464
7472
7480
7487
7495
7503
7510
7518
7526
7533
7541
7549
7556
7564
7572
7580
7587
7595
7603
7610
7618
7626
7633
7641
7649
7656
7664
7672
7680
7685
7691
7696
7702
7707
7713
7718
7724
7730
7735
7741
7746
7752
7757
7763
7768
7774
7780
7785
7791
7797
7803
7809
7815
7821
7827
7832
7838
7844
7850
7856
7862
7868
7874
7880
7886
7892
7899
7905
7912
7918
7925
7931
7938
7944
7951
7957
7964
7970
7977
7983
7990
7995
8001
8007
8013
8019
8025
8031
8037
8042
8048
8054
8060
8066
8072
8078
8084
8090
8095
8101
8106
8112
8117
8123
8128
8134
8140
8145
8151
8156
8162
8167
8173
8178
8184
8189
8195
8201
8207
8213
8219
8225
8231
8237
8242
8248
8254
8260
8266
8272
8278
8284
8290
8295
8301
8307
8313
8319
8325
8331
8337
8342
8348
8354
8360
8366
8372
8378
8384
8390
8396
8402
8409
8415
8422
8428
8435
8441
8448
8454
8461
8467
8474
8480
8487
8493
8500
8505
8511
8517
8523
8529
8535
8541
8547
8552
8558
8564
8570
8576
8582
8588
8594
8600
8605
8611
8616
8622
8627
8633
8638
8644
8649
8655
8661
8666
8672
8677
8683
8688
8694
8700
8707
8714
8721
8728
8735
8742
8750
8757
8764
8771
8778
8785
8792
8800
8806
8813
8820
8826
8833
8840
8846
8853
8860
8866
8873
8880
8886
8893
8900
8907
8914
8921
8928
8935
8942
8950
8957
8964
8971
8978
8985
8992
9000
9006
9013
9020
9026
9033
9040
9046
9053
9060
9066
9073
9080
9086
9093
9100
9107
9114
9121
9128
9135
9142
9149
9157
9164
9171
9178
9185
9192
9200
9207
9214
9221
9228
9235
9242
9250
9257
9264
9271
9278
9285
9292
9300
9306
9313
9320
9326
9333
9340
9346
9353
9360
9366
9373
9380
9386
9393
9400
9407
9414
9421
9428
9435
9442
9450
9457
9464
9471
9478
9485
9492
9500
9506
9513
9520
9526
9533
9540
9546
9553
9560
9566
9573
9580
9586
9593
9600
9607
9614
9621
9628
9635
9642
9649
9657
9664
9671
9678
9685
9692
9700
9705
9711
9716
9722
9727
9733
9738
9744
9750
9755
9761
9766
9772
9777
9783
9788
9794
9800
9805
9811
9817
9823
9829
9835
9841
9847
9852
9858
9864
9870
9876
9882
9888
9894
9900
9905
9911
9917
9923
9929
9935
9941
9947
9952
9958
9964
9970
9976
9982
9988
9994
10000
10005
10011
10016
10022
10027
10033
10038
10044
10050
10055
10061
10066
10072
10077
10083
10088
10094
10100
10106
10112
10119
10125
10132
10138
10145
10151
10158
10164
10171
10177
10184
10190
10197
10203
10210
10215
10221
10227
10233
10239
10245
10251
10257
10262
10268
10274
10280
10286
10292
10298
10304
10310
10315
10321
10327
10333
10339
10345
10351
10357
10362
10368
10374
10380
10386
10392
10398
10404
10410
10415
10421
10426
10432
10437
10443
10448
10454
10460
10465
10471
10476
10482
10487
10493
10498
10504
10510
10515
10521
10527
10533
10539
10545
10551
10557
10562
10568
10574
10580
10586
10592
10598
10604
10610
10615
10621
10627
10633
10639
10645
10651
10657
10662
10668
10674
10680
10686
10692
10698
10704
10710
10717
10725
10733
10740
10748
10756
10763
10771
10779
10786
10794
10802
10810
10817
10825
10833
10840
10848
10856
10863
10871
10879
10886
10894
10902
10910
10917
10925
10933
10940
10948
10956
10963
10971
10979
10986
10994
11002
11010
11018
11026
11035
11043
11051
11059
11068
11076
11084
11093
11101
11110
11117
11125
11133
11140
11148
11156
11163
11171
11179
11186
11194
11202
11210
11218
11226
11235
11243
11252
11260
11269
11277
11286
11294
11303
11311
11320
11328
11336
11345
11353
11361
11370
11378
11386
11395
11403
11411
11420
11427
11435
11443
11450
11458
11466
11473
11481
11489
11496
11504
11512
11520
11527
11535
11543
11550
11558
11566
11573
11581
11589
11596
11604
11612
11620
11627
11635
11643
11650
11658
11666
11673
11681
11689
11696
11704
11712
11720
11729
11738
11747
11756
11765
11775
11784
11793
11802
11811
11820
11830
11837
11845
11853
11860
11868
11876
11883
11891
11899
11906
11914
11922
11930
11939
11948
11957
11966
11975
11985
11994
12003
12012
12021
12030
12040
12048
12056
12065
12073
12082
12090
12099
12107
12116
12124
12133
12141
12150
12158
12166
12175
12183
12191
12200
12208
12216
12225
12233
12241
12250
12258
12266
12275
12283
12292
12300
12309
12317
12326
12334
12343
12351
12360
12369
12378
12387
12396
12405
12415
12424
12433
12442
12451
12460
12470
12478
12486
12495
12503
12512
12520
12529
12537
12546
12554
12563
12571
12580
12588
12596
12605
12613
12621
12629
12638
12646
12655
12663
12671
12680
12688
12696
12705
12713
12722
12730
12739
12747
12756
12764
12773
12781
12790
12799
12808
12817
12826
12835
12844
12853
12862
12871
12880
12890
12898
12906
12915
12923
12931
12940
12948
12956
12965
12973
12981
12990
12998
13006
13015
13023
13031
13040
13048
13056
13065
13073
13081
13090
13098
13106
13115
13123
13131
13140
13148
13156
13165
13173
13181
13190
13198
13206
13215
13223
13231
13239
13248
13256
13264
13273
13281
13290
13299
13308
13317
13326
13335
13344
13354
13363
13372
13381
13390
13400
13408
13416
13425
13433
13441
13450
13458
13466
13475
13483
13491
13500
13508
13516
13525
13533
13541
13550
13558
13566
13575
13583
13591
13600
13608
13616
13625
13633
13641
13649
13658
13666
13674
13683
13691
13700
13708
13716
13725
13733
13741
13750
13758
13766
13775
13783
13791
13800
13808
13816
13825
13833
13841
13850
13858
13866
13875
13883
13891
13900
13908
13916
13925
13933
13941
13950
13958
13966
13975
13983
13991
14000
14007
14015
14023
14030
14038
14046
14053
14061
14069
14076
14084
14092
14100
14108
14116
14125
14133
14141
14149
14158
14166
14174
14183
14191
14200
14207
14215
14223
14230
14238
14246
14253
14261
14269
14276
14284
14292
14300
14309
14318
14327
14336
14345
14355
14364
14373
14382
14391
14400
14410
14418
14426
14435
14443
14451
14460
14468
14476
14485
14493
14501
14510
14517
14525
14533
14540
14548
14556
14563
14571
14579
14586
14594
14602
14610
14618
14626
14635
14643
14651
14660
14668
14676
14685
14693
14701
14710
14717
14725
14733
14740
14748
14756
14763
14771
14779
14786
14794
14802
14810
14820
14830
14840
14850
14860
14870
14880
14890
14900
14910
14919
14928
14937
14946
14955
14964
14973
14982
14991
15000
15010
15020
15030
15040
15049
15059
15070
15080
15090
15100
15110
15119
15128
15137
15146
15155
15164
15173
15182
15191
15200
15210
15219
15228
15237
15246
15255
15264
15273
15282
15291
15300
15310
15320
15330
15340
15350
15360
15370
15380
15390
15400
15410
15419
15428
15437
15446
15455
15464
15473
15482
15491
15500
15510
15520
15530
15540
15549
15559
15570
15580
15590
15600
15610
15619
15628
15637
15646
15655
15664
15673
15682
15691
15700
15710
15719
15728
15737
15746
15755
15764
15773
15782
15791
15800
15810
15817
15825
15833
15840
15848
15856
15863
15871
15879
15886
15894
15902
15910
15917
15924
15931
15938
15945
15952
15960
15967
15974
15981
15988
15995
16002
16010
16017
16025
16033
16040
16048
16056
16063
16071
16079
16086
16094
16102
16110
16117
16124
16131
16138
16145
16152
16160
16167
16174
16181
16188
16195
16202
16210
16217
16225
16233
16240
16248
16256
16263
16271
16279
16286
16294
16302
16309
16317
16325
16333
16341
16349
16357
16365
16372
16380
16388
16396
16404
16412
16420
16427
16435
16443
16450
16458
16466
16473
16481
16489
16496
16504
16512
16520
16527
16534
16541
16548
16555
16562
16570
16577
16584
16591
16598
16605
16612
16620
16627
16635
16643
16650
16658
16666
16673
16681
16689
16696
16704
16712
16720
16727
16734
16741
16748
16755
16762
16770
16777
16784
16791
16798
16805
16812
16820
16828
16836
16845
16853
16862
16870
16879
16887
16896
16904
16913
16921
16930
16938
16946
16955
16963
16972
16980
16989
16997
17006
17014
17023
17031
17040
17049
17058
17067
17076
17086
17095
17104
17113
17123
17132
17141
17150
17160
17168
17176
17185
17193
17202
17210
17219
17227
17236
17244
17253
17261
17270
17277
17285
17293
17301
17309
17317
17325
17332
17340
17348
17356
17364
17372
17380
17388
17396
17405
17413
17422
17430
17439
17447
17456
17464
17473
17481
17490
17498
17506
17515
17523
17532
17540
17549
17557
17566
17574
17583
17591
17600
17609
17618
17627
17636
17646
17655
17664
17673
17683
17692
17701
17710
17720
17728
17736
17745
17753
17762
17770
17779
17787
17796
17804
17813
17821
17830
17838
17846
17855
17863
17872
17880
17889
17897
17906
17914
17923
17931
17940
17947
17954
17961
17968
17975
17982
17990
17997
18004
18011
18018
18025
18032
18040
18047
18054
18061
18068
18075
18082
18090
18097
18104
18111
18118
18125
18132
18140
18147
18155
18163
18170
18178
18186
18193
18201
18209
18216
18224
18232
18240
18247
18255
18263
18271
18279
18287
18295
18302
18310
18318
18326
18334
18342
18350
18357
18365
18373
18380
18388
18396
18403
18411
18419
18426
18434
18442
18450
18457
18464
18471
18478
18485
18492
18500
18507
18514
18521
18528
18535
18542
18550
18557
18564
18571
18578
18585
18592
18600
18607
18614
18621
18628
18635
18642
18650
18657
18665
18673
18680
18688
18696
18703
18711
18719
18726
18734
18742
18750
18757
18765
18773
18781
18789
18797
18805
18812
18820
18828
18836
18844
18852
18860
18867
18875
18883
18890
18898
18906
18913
18921
18929
18936
18944
18952
18960
18967
18974
18981
18988
18995
19002
19009
19017
19024
19031
19038
19045
19052
19060
19067
19075
19083
19090
19098
19106
19113
19121
19129
19136
19144
19152
19160
19167
19174
19181
19188
19195
19202
19210
19217
19224
19231
19238
19245
19252
19260
19267
19275
19283
19290
19298
19306
19313
19321
19329
19336
19344
19352
19360
19367
19375
19383
19390
19398
19406
19413
19421
19429
19436
19444
19452
19460
19467
19475
19483
19491
19499
19507
19515
19522
19530
19538
19546
19554
19562
19570
19577
19585
19593
19600
19608
19616
19623
19631
19639
19646
19654
19662
19670
19677
19684
19691
19698
19705
19712
19720
19727
19734
19741
19748
19755
19762
19770
19777
19785
19793
19800
19808
19816
19823
19831
19839
19846
19854
19862
19870
19877
19885
19893
19900
19908
19916
19923
19931
19939
19946
19954
19962
19970
19982
19994
20007
20020
20032
20045
20057
20070
20082
20095
20107
20120
20132
20145
20157
20170
20183
20197
20211
20225
20238
20252
20266
20280
20292
20305
20317
20330
20342
20355
20367
20380
20392
20405
20417
20430
20442
20455
20467
20480
20492
20505
20517
20530
20542
20555
20567
20580
20592
20604
20617
20630
20642
20655
20667
20680
20695
20711
20727
20742
20758
20774
20790
20802
20814
20827
20840
20852
20865
20877
20890
20902
20915
20927
20939
20952
20965
20977
20990
20999
21008
21017
21026
21035
21044
21053
21062
21071
21080
21090
21100
21110
21120
21130
21140
21150
21160
21170
21180
21190
21199
21208
21217
21226
21235
21244
21253
21262
21271
21280
21290
21300
21310
21320
21330
21340
21350
21360
21370
21380
21390
21399
21408
21417
21426
21435
21444
21453
21462
21471
21480
21490
21500
21509
21520
21530
21540
21550
21560
21570
21580
21590
21600
21610
21620
21630
21640
21650
21660
21670
21680
21689
21700
21709
21718
21727
21736
21745
21754
21763
21772
21781
21790
21800
21810
21820
21830
21840
21850
21860
21869
21880
21890
21900
21909
21918
21927
21936
21945
21954
21963
21972
21981
21990
22000
22012
22024
22036
22048
22061
22073
22085
22097
22110
22122
22134
22146
22158
22171
22183
22195
22207
22220
22232
22244
22256
22268
22281
22293
22305
22317
22330
22342
22354
22366
22378
22390
22401
22413
22426
22438
22450
22462
22474
22486
22498
22511
22523
22535
22547
22560
22572
22584
22596
22608
22621
22633
22645
22657
22670
22682
22694
22706
22718
22731
22743
22755
22767
22780
22792
22804
22816
22828
22841
22853
22865
22877
22890
22903
22916
22930
22943
22956
22970
22983
22996
23010
23021
23032
23043
23054
23065
23076
23087
23098
23109
23120
23136
23153
23170
23186
23203
23220
23234
23248
23262
23277
23291
23305
23320
23334
23348
23362
23377
23391
23405
23420
23434
23448
23462
23477
23491
23505
23520
23534
23548
23562
23577
23591
23605
23620
23634
23648
23662
23677
23691
23705
23720
23738
23756
23775
23793
23811
23830
23844
23858
23872
23887
23901
23915
23930
23944
23958
23972
23987
24001
24015
24030
24044
24058
24072
24087
24101
24115
24130
24146
24163
24180
24196
24213
24230
24250
24270
24290
24310
24330
24346
24363
24380
24396
24413
24430
24446
24463
24480
24496
24513
24530
24550
24570
24590
24610
24630
24648
24666
24685
24703
24721
24740
24756
24773
24790
24806
24823
24840
24860
24880
24900
24920
24940
24956
24973
24990
25006
25023
25040
25060
25080
25100
25120
25140
25151
25162
25173
25184
25195
25206
25217
25228
25240
25251
25262
25273
25284
25295
25306
25317
25328
25340
25352
25364
25376
25388
25401
25413
25425
25437
25450
25461
25472
25483
25494
25505
25516
25527
25538
25550
25561
25572
25583
25594
25605
25616
25627
25638
25650
25661
25672
25683
25694
25705
25716
25727
25738
25750
25762
25775
25787
25800
25812
25825
25837
25850
25862
25874
25886
25898
25911
25923
25935
25947
25960
25971
25982
25993
26004
26015
26026
26037
26048
26060
26071
26082
26093
26104
26115
26126
26137
26148
26160
26169
26178
26187
26196
26205
26214
26223
26232
26241
26250
26260
26268
26276
26285
26293
26301
26310
26318
26326
26335
26343
26351
26360
26368
26376
26384
26393
26401
26410
26418
26426
26435
26443
26451
26460
26469
26478
26487
26496
26505
26514
26523
26532
26541
26550
26560
26568
26576
26585
26593
26601
26610
26618
26626
26634
26643
26651
26660
26670
26680
26690
26700
26710
26720
26730
26740
26750
26759
26770
26778
26786
26795
26803
26811
26820
26828
26836
26845
26853
26861
26870
26879
26888
26897
26906
26915
26924
26933
26942
26951
26960
26970
26978
26986
26994
27003
27011
27020
27028
27036
27045
27053
27061
27070
27079
27088
27097
27106
27115
27124
27133
27142
27151
27160
27170
27178
27186
27195
27203
27211
27220
27228
27236
27245
27253
27261
27270
27278
27286
27295
27303
27311
27320
27328
27336
27345
27353
27361
27370
27379
27388
27397
27406
27415
27424
27433
27442
27451
27460
27470
27478
27486
27494
27503
27511
27520
27528
27536
27545
27553
27561
27570
27578
27586
27595
27603
27611
27620
27628
27636
27645
27653
27661
27670
27680
27690
27700
27710
27720
27730
27740
27750
27760
27770
27780
27788
27796
27805
27813
27821
27830
27838
27846
27855
27863
27871
27880
27888
27896
27905
27913
27921
27930
27938
27946
27955
27963
27971
27980
27989
27998
28007
28016
28025
28034
28043
28052
28061
28070
28080
28088
28096
28104
28113
28121
28130
28138
28146
28155
28163
28171
28180
28191
28202
28213
28224
28235
28246
28256
28268
28279
28290
28301
28311
28323
28334
28345
28355
28366
28378
28389
28400
28412
28424
28436
28448
28460
28471
28484
28496
28508
28520
28531
28541
28553
28564
28575
28586
28596
28608
28619
28630
28641
28651
28663
28674
28685
28695
28706
28718
28729
28740
28750
28762
28773
28784
28795
28806
28817
28828
28839
28850
28861
28872
28883
28894
28905
28916
28927
28938
28949
28960
28970
28981
28992
29003
29014
29025
29036
29047
29058
29069
29080
29090
29102
29113
29124
29134
29146
29157
29168
29179
29190
29201
29212
29223
29234
29245
29256
29267
29278
29289
29300
29309
29318
29327
29336
29345
29354
29363
29372
29381
29390
29400
29408
29416
29424
29433
29441
29450
29458
29466
29475
29483
29491
29500
29509
29518
29527
29536
29545
29554
29563
29572
29581
29590
29600
29608
29616
29625
29633
29641
29650
29658
29666
29675
29683
29691
29700
29709
29718
29727
29736
29745
29754
29763
29772
29781
29790
29800
29809
29818
29827
29836
29845
29855
29864
29873
29882
29891
29900
29910
