11
22
33
44
54
66
77
88
98
109
121
132
143
154
164
176
187
198
209
219
230
240
250
260
270
280
290
300
310
320
330
340
350
360
370
380
390
400
410
420
428
436
445
453
461
470
478
486
495
503
511
520
528
536
545
553
561
570
578
586
595
603
611
620
628
636
645
653
661
669
678
686
695
703
711
720
728
736
745
753
761
770
778
786
794
803
811
820
829
838
847
856
865
874
883
892
901
910
920
928
936
945
953
961
970
978
986
995
1003
1011
1020
1028
1036
1045
1053
1061
1070
1078
1086
1095
1103
1111
1120
1129
1138
1147
1156
1165
1175
1184
1193
1202
1211
1220
1230
1238
1246
1255
1263
1271
1280
1288
1296
1305
1313
1321
1330
1338
1346
1355
1363
1371
1380
1388
1396
1405
1413
1421
1430
1439
1448
1457
1466
1475
1484
1493
1502
1511
1520
1530
1538
1546
1555
1563
1571
1580
1588
1596
1605
1613
1621
1630
1639
1648
1657
1666
1675
1684
1693
1702
1711
1720
1730
1739
1748
1757
1766
1775
1784
1793
1802
1811
1820
1830
1838
1846
1855
1863
1871
1880
1888
1896
1905
1913
1921
1930
1939
1948
1957
1966
1975
1984
1993
2002
2011
2020
2029
2038
2046
2054
2063
2071
2080
2088
2096
2105
2113
2121
2130
2140
2150
2160
2170
2180
2190
2200
2210
2220
2230
2240
2248
2256
2265
2273
2281
2290
2298
2306
2315
2323
2331
2340
2349
2358
2367
2376
2385
2394
2403
2412
2421
2430
2440
2449
2458
2467
2476
2485
2494
2503
2512
2521
2530
2540
2550
2560
2570
2580
2590
2600
2610
2620
2630
2640
2649
2658
2667
2676
2685
2694
2703
2712
2721
2730
2740
2749
2758
2767
2776
2785
2794
2803
2812
2821
2830
2840
2849
2860
2870
2880
2889
2900
2910
2920
2929
2940
2949
2958
2967
2976
2985
2994
3003
3012
3021
3030
3040
3049
3058
3067
3076
3085
3094
3103
3112
3121
3130
3140
3150
3160
3170
3180
3190
3200
3210
3220
3230
3240
3249
3258
3267
3276
3285
3294
3303
3312
3321
3330
3340
3349
3358
3367
3376
3385
3394
3403
3412
3421
3430
3440
3450
3460
3469
3480
3490
3500
3510
3520
3530
3540
3550
3560
3570
3580
3590
3600
3610
3620
3630
3640
3650
3660
3670
3680
3690
3700
3710
3720
3730
3740
3750
3760
3770
3780
3790
3800
3810
3820
3830
3840
3851
3862
3873
3884
3895
3906
3917
3928
3940
3950
3960
3969
3980
3990
4000
4010
4019
4030
4040
4050
4059
4070
4080
4090
4100
4109
4120
4130
4140
4151
4162
4173
4184
4195
4205
4217
4228
4239
4250
4260
4270
4280
4290
4300
4310
4319
4330
4340
4350
4359
4370
4380
4390
4400
4410
4420
4430
4440
4450
4461
4472
4483
4494
4505
4516
4527
4538
4550
4562
4575
4587
4600
4612
4625
4637
4650
4661
4672
4683
4694
4705
4716
4727
4738
4750
4761
4772
4783
4794
4805
4816
4827
4838
4850
4862
4875
4887
4900
4912
4925
4937
4950
4961
4972
4983
4994
5005
5016
5027
5038
5050
5062
5075
5087
5100
5112
5125
5137
5150
5161
5172
5183
5194
5205
5216
5227
5238
5250
5262
5274
5286
5298
5311
5323
5335
5347
5360
5372
5385
5397
5410
5422
5435
5447
5460
5474
5488
5502
5517
5531
5545
5560
5574
5588
5602
5617
5631
5645
5660
5674
5688
5702
5717
5731
5745
5760
5774
5788
5802
5817
5831
5845
5860
5874
5888
5902
5917
5931
5945
5960
5976
5993
6010
6026
6043
6060
6074
6088
6102
6117
6131
6145
6160
6174
6188
6202
6217
6231
6245
6260
6274
6288
6302
6317
6331
6345
6360
6374
6388
6402
6417
6431
6445
6460
6470
6479
6490
6500
6510
6520
6529
6540
6550
6560
6571
6582
6593
6604
6615
6626
6637
6648
6660
6670
6680
6690
6700
6710
6720
6729
6740
6750
6760
6770
6780
6790
6800
6810
6820
6830
6840
6850
6860
6870
6880
6890
6900
6910
6920
6930
6940
6950
6960
6970
6979
6990
7000
7010
7020
7029
7040
7050
7060
7069
7080
7090
7100
7109
7120
7130
7140
7150
7160
7172
7184
7196
7208
7221
7233
7245
7257
7270
7279
7290
7300
7310
7320
7330
7340
7350
7360
7370
7380
7390
7400
7410
7420
7430
7439
7450
7460
7470
7479
7488
7497
7506
7515
7524
7533
7542
7551
7560
7570
7580
7590
7600
7610
7620
7630
7640
7650
7660
7670
7679
7688
7697
7706
7715
7724
7733
7742
7751
7760
7770
7781
7792
7803
7814
7824
7835
7846
7858
7869
7880
7890
7900
7910
7920
7930
7940
7950
7960
7970
7980
7989
7998
8007
8016
8025
8034
8043
8052
8061
8070
8080
8090
8100
8109
8119
8129
8140
8150
8160
8170
8180
8189
8198
8207
8216
8225
8234
8243
8252
8261
8270
8280
8291
8302
8312
8324
8335
8346
8357
8368
8379
8390
8399
8408
8417
8426
8435
8444
8453
8462
8471
8480
8490
8496
8503
8510
8516
8523
8530
8536
8543
8550
8556
8563
8570
8576
8583
8590
8596
8602
8608
8615
8621
8627
8633
8640
8646
8652
8658
8665
8671
8677
8683
8690
8696
8703
8709
8716
8723
8729
8736
8743
8750
8756
8763
8770
8776
8783
8790
8796
8802
8808
8815
8821
8827
8833
8840
8846
8852
8858
8865
8871
8877
8883
8890
8896
8903
8910
8916
8923
8930
8936
8943
8950
8956
8963
8970
8976
8983
8990
8996
9002
9008
9015
9021
9027
9033
9040
9046
9052
9058
9065
9071
9077
9083
9090
9096
9103
9110
9116
9123
9129
9136
9143
9150
9156
9163
9170
9176
9183
9190
9196
9203
9210
9217
9224
9231
9238
9245
9251
9258
9265
9272
9279
9286
9293
9300
9306
9313
9320
9326
9333
9340
9346
9353
9360
9366
9373
9380
9386
9393
9400
9406
9412
9418
9425
9431
9437
9443
9450
9456
9462
9468
9475
9481
9487
9493
9500
9510
9520
9530
9540
9550
9560
9570
9580
9590
9600
9609
9618
9627
9636
9645
9654
9663
9672
9681
9690
9700
9709
9718
9727
9736
9745
9754
9763
9772
9781
9790
9800
9809
9818
9827
9836
9845
9854
9863
9872
9881
9890
9900
9909
9918
9927
9936
9945
9954
9963
9972
9981
9990
10000
10010
10020
10030
10040
10050
10060
10070
10080
10090
10100
10109
10118
10127
10136
10145
10154
10163
10172
10181
10190
10200
10209
10219
10230
10240
10250
10260
10270
10280
10290
10300
10310
10319
10328
10337
10346
10355
10364
10373
10382
10391
10400
10410
10419
10428
10437
10446
10455
10464
10473
10482
10491
10500
10510
10519
10528
10537
10546
10555
10564
10573
10582
10591
10600
10610
10619
10628
10637
10646
10655
10664
10673
10682
10691
10700
10710
10718
10726
10735
10743
10751
10760
10768
10776
10785
10793
10801
10810
10819
10828
10837
10846
10855
10864
10873
10882
10891
10900
10910
10918
10926
10935
10943
10951
10960
10968
10976
10985
10993
11001
11010
11019
11028
11037
11046
11055
11064
11073
11082
11091
11100
11110
11119
11128
11137
11146
11155
11164
11173
11182
11191
11200
11210
11219
11228
11237
11246
11255
11265
11274
11283
11292
11301
11310
11320
11329
11338
11347
11356
11365
11374
11383
11392
11401
11410
11420
11428
11436
11445
11453
11461
11469
11478
11486
11495
11503
11511
11520
11532
11544
11556
11568
11581
11593
11605
11617
11630
11641
11652
11663
11674
11685
11696
11707
11718
11729
11740
11751
11762
11773
11784
11795
11806
11817
11828
11839
11850
11861
11872
11883
11894
11905
11916
11927
11938
11949
11960
11971
11982
11993
12004
12015
12026
12037
12048
12059
12070
12081
12092
12103
12114
12125
12136
12147
12158
12169
12180
12190
12202
12213
12224
12235
12245
12257
12267
12279
12290
12300
12312
12323
12334
12344
12356
12367
12378
12389
12400
12411
12422
12433
12444
12455
12466
12477
12488
12499
12510
12522
12534
12546
12558
12571
12583
12595
12607
12620
12632
12645
12657
12670
12682
12695
12707
12720
12734
12748
12762
12777
12791
12805
12820
12834
12848
12862
12877
12891
12905
12920
12935
12951
12967
12982
12998
13014
13030
13044
13058
13072
13087
13101
13115
13130
13144
13158
13172
13187
13201
13215
13230
13244
13258
13272
13287
13301
13315
13330
13344
13358
13372
13387
13401
13415
13430
13445
13461
13477
13492
13508
13524
13540
13552
13565
13577
13590
13602
13615
13627
13640
13654
13668
13682
13697
13711
13725
13740
13756
13773
13790
13806
13823
13840
13855
13871
13887
13902
13918
13934
13950
13964
13978
13992
14007
14021
14035
14050
14064
14078
14092
14107
14121
14135
14150
14165
14181
14197
14212
14228
14244
14260
14274
14288
14302
14317
14331
14345
14360
14374
14388
14402
14417
14431
14445
14460
14474
14488
14502
14517
14531
14545
14560
14575
14591
14607
14622
14638
14654
14670
14681
14692
14703
14714
14725
14736
14747
14758
14770
14781
14792
14803
14814
14825
14836
14847
14858
14870
14879
14889
14900
14910
14920
14930
14940
14950
14960
14970
14981
14992
15003
15014
15025
15036
15047
15058
15070
15081
15092
15103
15114
15125
15136
15147
15158
15170
15181
15192
15203
15214
15225
15236
15247
15258
15270
15281
15292
15303
15314
15325
15336
15347
15358
15370
15381
15392
15402
15414
15425
15436
15447
15458
15469
15480
15491
15502
15513
15524
15535
15546
15557
15568
15580
15591
15602
15613
15624
15635
15646
15657
15668
15680
15690
15700
15709
15719
15730
15740
15750
15760
15770
15780
15790
15799
15810
15820
15830
15840
15850
15860
15870
15880
15890
15900
15910
15920
15930
15940
15950
15960
15970
15980
15991
16001
16013
16024
16035
16046
16056
16068
16079
16090
16101
16112
16123
16134
16145
16156
16167
16178
16190
16200
16210
16219
16230
16240
16250
16259
16270
16280
16290
16300
16309
16320
16329
16340
16350
16360
16370
16379
16390
16400
16410
16420
16430
16439
16450
16460
16470
16479
16490
16500
16512
16523
16534
16545
16556
16567
16578
16589
16600
16610
16620
16630
16640
16650
16660
16670
16680
16689
16700
16708
16716
16725
16733
16741
16750
16758
16766
16775
16783
16791
16800
16807
16815
16823
16830
16838
16846
16853
16861
16869
16876
16884
16892
16900
16908
16916
16924
16933
16941
16950
16958
16966
16975
16983
16991
17000
17007
17015
17023
17030
17038
17046
17053
17061
17069
17076
17084
17092
17100
17108
17116
17125
17133
17141
17150
17158
17166
17175
17183
17191
17200
17207
17215
17223
17230
17238
17246
17253
17261
17269
17276
17284
17292
17300
17308
17316
17325
17333
17341
17350
17358
17366
17375
17383
17391
17400
17408
17416
17425
17433
17442
17450
17459
17467
17476
17484
17493
17501
17510
17518
17526
17535
17543
17551
17560
17568
17576
17585
17593
17601
17610
17617
17625
17633
17640
17648
17656
17663
17671
17679
17686
17694
17702
17710
17721
17732
17743
17754
17765
17776
17787
17798
17810
17821
17832
17843
17854
17865
17876
17887
17898
17910
17921
17932
17943
17954
17965
17976
17987
17998
18010
18021
18032
18043
18054
18065
18076
18087
18098
18110
18120
18130
18140
18150
18160
18170
18180
18190
18200
18210
18221
18232
18243
18254
18265
18276
18287
18298
18310
18321
18332
18343
18354
18365
18376
18387
18398
18410
18421
18432
18443
18454
18465
18476
18487
18498
18510
18522
18534
18546
18558
18571
18583
18595
18607
18620
18631
18642
18653
18664
18675
18686
18697
18708
18720
18729
18738
18747
18756
18765
18774
18783
18792
18801
18810
18820
18829
18838
18847
18856
18865
18874
18883
18892
18901
18910
18920
18929
18938
18947
18956
18965
18974
18983
18992
19001
19010
19020
19030
19040
19050
19060
19070
19080
19090
19100
19110
19120
19129
19138
19147
19156
19165
19174
19183
19192
19201
19210
19220
19229
19238
19247
19256
19265
19274
19283
19292
19301
19310
19320
19329
19338
19347
19356
19365
19374
19383
19392
19401
19410
19420
19430
19440
19450
19460
19470
19480
19490
19500
19510
19520
19530
19540
19550
19560
19570
19580
19590
19600
19610
19619
19630
19639
19648
19657
19666
19675
19684
19693
19702
19711
19720
19730
19738
19746
19755
19763
19771
19780
19788
19796
19805
19813
19821
19830
19839
19848
19857
19866
19875
19884
19893
19902
19911
19920
19930
19938
19946
19955
19963
19971
19980
19988
19996
20005
20013
20021
20030
20040
20050
20060
20070
20080
20090
20100
20110
20120
20130
20140
20148
20156
20165
20173
20181
20189
20198
20206
20215
20223
20231
20240
20248
20256
20265
20273
20281
20290
20298
20306
20314
20323
20331
20340
20349
20358
20367
20376
20385
20394
20403
20412
20421
20430
20440
20448
20456
20465
20473
20481
20490
20498
20506
20515
20523
20531
20540
20550
20560
20570
20580
20590
20599
20610
20619
20630
20639
20650
20658
20666
20674
20683
20691
20700
20708
20716
20725
20733
20741
20750
20761
20772
20783
20794
20805
20816
20827
20838
20850
20861
20872
20883
20894
20905
20916
20927
20938
20950
20961
20972
20983
20994
21005
21016
21027
21038
21050
21061
21072
21083
21094
21105
21116
21127
21138
21150
21161
21172
21183
21194
21205
21216
21227
21238
21250
21261
21272
21283
21294
21305
21316
21327
21338
21350
21361
21372
21383
21394
21405
21416
21427
21438
21450
21462
21474
21486
21498
21511
21523
21535
21547
21560
21571
21582
21593
21604
21615
21626
21637
21648
21660
21671
21682
21693
21704
21715
21726
21737
21748
21760
21768
21776
21785
21793
21801
21810
21818
21826
21835
21843
21851
21860
21867
21875
21883
21890
21898
21906
21913
21921
21929
21936
21944
21952
21960
21968
21976
21985
21993
22001
22009
22018
22026
22035
22043
22051
22060
22067
22075
22083
22090
22098
22106
22113
22121
22129
22136
22144
22152
22160
22168
22176
22185
22193
22201
22210
22218
22226
22235
22243
22251
22260
22267
22275
22283
22290
22298
22306
22313
22321
22329
22336
22344
22352
22360
22368
22376
22384
22393
22401
22410
22418
22426
22435
22443
22451
22460
22467
22475
22483
22490
22498
22506
22513
22521
22529
22536
22544
22552
22560
22568
22576
22585
22593
22601
22610
22618
22626
22634
22643
22651
22660
22667
22675
22683
22690
22698
22706
22713
22721
22729
22736
22744
22752
22760
22769
22778
22787
22796
22805
22814
22823
22832
22841
22850
22860
22869
22878
22887
22896
22905
22914
22923
22932
22941
22950
22960
22968
22976
22985
22993
23001
23009
23018
23026
23035
23043
23051
23060
23069
23078
23087
23096
23105
23114
23123
23132
23141
23150
23160
23169
23178
23187
23196
23205
23214
23223
23232
23241
23250
23260
23268
23276
23285
23293
23301
23310
23318
23326
23335
23343
23351
23360
23369
23378
23387
23396
23405
23414
23423
23432
23441
23450
23460
23470
23480
23490
23500
23510
23520
23530
23540
23550
23560
23570
23578
23586
23595
23603
23611
23620
23628
23636
23645
23653
23661
23670
23679
23688
23697
23706
23715
23724
23733
23742
23751
23760
23770
23777
23785
23793
23800
23808
23816
23823
23831
23839
23846
23854
23862
23870
23877
23885
23893
23900
23908
23916
23923
23931
23939
23946
23954
23962
23970
23977
23985
23993
24000
24008
24016
24023
24031
24039
24046
24054
24062
24070
24077
24084
24091
24098
24105
24112
24120
24127
24134
24141
24148
24155
24162
24170
24177
24185
24193
24200
24208
24216
24223
24231
24239
24246
24254
24262
24270
24277
24285
24293
24300
24308
24316
24323
24331
24339
24346
24354
24362
24370
24377
24385
24393
24400
24408
24416
24423
24431
24439
24446
24454
24462
24470
24478
24486
24495
24503
24512
24520
24529
24537
24546
24554
24563
24571
24580
24587
24595
24603
24610
24618
24626
24633
24641
24649
24656
24664
24672
24680
24687
24695
24703
24710
24718
24726
24733
24741
24749
24756
24764
24772
24780
24788
24797
24805
24814
24822
24831
24840
24848
24857
24865
24874
24882
24891
24900
24908
24916
24925
24933
24942
24950
24959
24967
24976
24984
24993
25001
25010
25018
25027
25035
25044
25052
25061
25070
25078
25087
25095
25104
25112
25121
25130
25139
25148
25157
25166
25176
25185
25194
25203
25213
25222
25231
25240
25250
25257
25265
25273
25281
25289
25297
25305
25312
25320
25328
25336
25344
25352
25360
25368
25377
25385
25394
25402
25411
25420
25428
25437
25445
25454
25462
25471
25480
25489
25498
25507
25516
25526
25535
25544
25553
25563
25572
25581
25590
25600
25607
25615
25623
25631
25639
25647
25655
25662
25670
25678
25686
25694
25702
25710
25719
25728
25737
25746
25756
25765
25774
25783
25793
25802
25811
25820
25830
25838
25847
25855
25864
25872
25881
25890
25898
25907
25915
25924
25932
25941
25950
25957
25965
25973
25980
25988
25996
26003
26011
26019
26026
26034
26042
26050
26057
26064
26071
26078
26085
26092
26100
26107
26114
26121
26128
26135
26142
26150
26157
26164
26171
26178
26185
26192
26200
26207
26214
26221
26228
26235
26242
26250
26257
26265
26273
26280
26288
26296
26303
26311
26319
26326
26334
26342
26350
26357
26364
26371
26378
26385
26392
26400
26407
26414
26421
26428
26435
26442
26450
26457
26464
26471
26478
26485
26492
26500
26507
26514
26521
26528
26535
26542
26550
26557
26565
26573
26580
26588
26596
26603
26611
26619
26626
26634
26642
26650
26657
26665
26673
26681
26689
26697
26705
26712
26720
26728
26736
26744
26752
26760
26767
26774
26781
26788
26795
26802
26810
26817
26824
26831
26838
26845
26852
26860
26867
26875
26883
26890
26898
26906
26913
26921
26929
26936
26944
26952
26960
26967
26975
26983
26991
26999
27007
27015
27022
27030
27038
27046
27054
27062
27070
27077
27085
27093
27101
27109
27117
27125
27132
27140
27148
27156
27164
27172
27180
27188
27196
27205
27213
27222
27230
27239
27247
27256
27264
27273
27281
27290
27297
27305
27313
27321
27329
27337
27345
27352
27360
27368
27376
27384
27392
27400
27408
27416
27425
27433
27442
27450
27459
27467
27476
27484
27493
27501
27510
27517
27525
27533
27541
27549
27557
27565
27572
27580
27588
27596
27604
27612
27620
27628
27636
27645
27653
27662
27670
27679
27687
27696
27704
27713
27721
27730
27738
27747
27755
27764
27772
27781
27790
27798
27807
27815
27824
27832
27841
27850
27858
27866
27875
27883
27892
27900
27909
27917
27926
27934
27943
27951
27960
27967
27975
27983
27991
27999
28007
28015
28022
28030
28038
28046
28054
28062
28070
28077
28085
28093
28100
28108
28116
28123
28131
28139
28146
28154
28162
28170
28177
28184
28191
28198
28205
28212
28220
28227
28234
28241
28248
28255
28262
28270
28277
28285
28293
28300
28308
28316
28323
28331
28339
28346
28354
28362
28370
28377
28385
28393
28400
28408
28416
28423
28431
28439
28446
28454
28462
28470
28477
28484
28491
28498
28505
28512
28520
28527
28534
28541
28548
28555
28562
28570
28577
28585
28593
28600
28608
28616
28623
28631
28639
28646
28654
28662
28670
28677
28684
28691
28698
28705
28712
28720
28727
28734
28741
28748
28755
28762
28770
28777
28785
28793
28800
28808
28816
28823
28831
28839
28846
28854
28862
28870
28877
28884
28891
28898
28905
28912
28920
28927
28934
28941
28948
28955
28962
28970
28977
28985
28993
29000
29008
29016
29023
29031
29039
29046
29054
29062
29070
29078
29086
29095
29103
29111
29120
29128
29136
29145
29153
29161
29170
29177
29185
29193
29200
29208
29216
29223
29231
29239
29246
29254
29262
29270
29278
29286
29295
29303
29311
29320
29328
29336
29345
29353
29361
29370
29377
29385
29393
29400
29408
29416
29423
29431
29439
29446
29454
29462
29470
29478
29486
29494
29503
29511
29520
29528
29536
29545
29553
29561
29570
29577
29585
29593
29600
29608
29616
29623
29631
29639
29646
29654
29662
29670
29678
29686
29695
29703
29711
29720
29728
29736
29745
29753
29761
29770
29777
29785
29793
29800
29808
29816
29823
29831
29839
29846
29854
29862
29870
29878
29886
29895
29903
29911
29920
29928
29936
29945
29953
29961
29970
