0.10 63897.60
0.20 63897.60
0.30 63897.60
0.40 63897.60
0.50 63897.60
0.60 63897.60
0.70 63897.60
0.80 63897.60
0.90 63897.60
1.00 63897.60
1.10 54886.40
1.20 54886.40
1.30 54886.40
1.40 54886.40
1.50 54886.40
1.60 54886.40
1.70 54886.40
1.80 54886.40
1.90 54886.40
2.00 54886.40
2.10 48640.00
2.20 48640.00
2.30 48640.00
2.40 48640.00
2.50 48640.00
2.60 48640.00
2.70 48640.00
2.80 48640.00
2.90 48640.00
3.00 48640.00
3.10 8806.40
3.20 8806.40
3.30 8806.40
3.40 8806.40
3.50 8806.40
3.60 8806.40
3.70 8806.40
3.80 8806.40
3.90 8806.40
4.00 8806.40
4.10 119910.40
4.20 119910.40
4.30 119910.40
4.40 119910.40
4.50 119910.40
4.60 119910.40
4.70 119910.40
4.80 119910.40
4.90 119910.40
5.00 119910.40
5.10 52019.20
5.20 52019.20
5.30 52019.20
5.40 52019.20
5.50 52019.20
5.60 52019.20
5.70 52019.20
5.80 52019.20
5.90 52019.20
6.00 52019.20
6.10 60006.40
6.20 60006.40
6.30 60006.40
6.40 60006.40
6.50 60006.40
6.60 60006.40
6.70 60006.40
6.80 60006.40
6.90 60006.40
7.00 60006.40
7.10 65433.60
7.20 65433.60
7.30 65433.60
7.40 65433.60
7.50 65433.60
7.60 65433.60
7.70 65433.60
7.80 65433.60
7.90 65433.60
8.00 65433.60
8.10 63692.80
8.20 63692.80
8.30 63692.80
8.40 63692.80
8.50 63692.80
8.60 63692.80
8.70 63692.80
8.80 63692.80
8.90 63692.80
9.00 63692.80
9.10 67276.80
9.20 67276.80
9.30 67276.80
9.40 67276.80
9.50 67276.80
9.60 67276.80
9.70 67276.80
9.80 67276.80
9.90 67276.80
10.00 67276.80
10.10 65024.00
10.20 65024.00
10.30 65024.00
10.40 65024.00
10.50 65024.00
10.60 65024.00
10.70 65024.00
10.80 65024.00
10.90 65024.00
11.00 65024.00
11.10 62361.60
11.20 62361.60
11.30 62361.60
11.40 62361.60
11.50 62361.60
11.60 62361.60
11.70 62361.60
11.80 62361.60
11.90 62361.60
12.00 62361.60
12.10 66252.80
12.20 66252.80
12.30 66252.80
12.40 66252.80
12.50 66252.80
12.60 66252.80
12.70 66252.80
12.80 66252.80
12.90 66252.80
13.00 66252.80
13.10 61030.40
13.20 61030.40
13.30 61030.40
13.40 61030.40
13.50 61030.40
13.60 61030.40
13.70 61030.40
13.80 61030.40
13.90 61030.40
14.00 61030.40
14.10 60620.80
14.20 60620.80
14.30 60620.80
14.40 60620.80
14.50 60620.80
14.60 60620.80
14.70 60620.80
14.80 60620.80
14.90 60620.80
15.00 60620.80
15.10 10240.00
15.20 10240.00
15.30 10240.00
15.40 10240.00
15.50 10240.00
15.60 10240.00
15.70 10240.00
15.80 10240.00
15.90 10240.00
16.00 10240.00
16.10 119193.60
16.20 119193.60
16.30 119193.60
16.40 119193.60
16.50 119193.60
16.60 119193.60
16.70 119193.60
16.80 119193.60
16.90 119193.60
17.00 119193.60
17.10 54374.40
17.20 54374.40
17.30 54374.40
17.40 54374.40
17.50 54374.40
17.60 54374.40
17.70 54374.40
17.80 54374.40
17.90 54374.40
18.00 54374.40
18.10 56115.20
18.20 56115.20
18.30 56115.20
18.40 56115.20
18.50 56115.20
18.60 56115.20
18.70 56115.20
18.80 56115.20
18.90 56115.20
19.00 56115.20
19.10 61747.20
19.20 61747.20
19.30 61747.20
19.40 61747.20
19.50 61747.20
19.60 61747.20
19.70 61747.20
19.80 61747.20
19.90 61747.20
20.00 61747.20
20.10 64102.40
20.20 64102.40
20.30 64102.40
20.40 64102.40
20.50 64102.40
20.60 64102.40
20.70 64102.40
20.80 64102.40
20.90 64102.40
21.00 64102.40
21.10 66560.00
21.20 66560.00
21.30 66560.00
21.40 66560.00
21.50 66560.00
21.60 66560.00
21.70 66560.00
21.80 66560.00
21.90 66560.00
22.00 66560.00
22.10 59801.60
22.20 59801.60
22.30 59801.60
22.40 59801.60
22.50 59801.60
22.60 59801.60
22.70 59801.60
22.80 59801.60
22.90 59801.60
23.00 59801.60
23.10 62361.60
23.20 62361.60
23.30 62361.60
23.40 62361.60
23.50 62361.60
23.60 62361.60
23.70 62361.60
23.80 62361.60
23.90 62361.60
24.00 62361.60
24.10 65740.80
24.20 65740.80
24.30 65740.80
24.40 65740.80
24.50 65740.80
24.60 65740.80
24.70 65740.80
24.80 65740.80
24.90 65740.80
25.00 65740.80
25.10 66150.40
25.20 66150.40
25.30 66150.40
25.40 66150.40
25.50 66150.40
25.60 66150.40
25.70 66150.40
25.80 66150.40
25.90 66150.40
26.00 66150.40
26.10 68812.80
26.20 68812.80
26.30 68812.80
26.40 68812.80
26.50 68812.80
26.60 68812.80
26.70 68812.80
26.80 68812.80
26.90 68812.80
27.00 68812.80
27.10 63385.60
27.20 63385.60
27.30 63385.60
27.40 63385.60
27.50 63385.60
27.60 63385.60
27.70 63385.60
27.80 63385.60
27.90 63385.60
28.00 63385.60
28.10 64102.40
28.20 64102.40
28.30 64102.40
28.40 64102.40
28.50 64102.40
28.60 64102.40
28.70 64102.40
28.80 64102.40
28.90 64102.40
29.00 64102.40
29.10 62873.60
29.20 62873.60
29.30 62873.60
29.40 62873.60
29.50 62873.60
29.60 62873.60
29.70 62873.60
29.80 62873.60
29.90 62873.60
30.00 62873.60
