0.10 65843.20
0.20 65843.20
0.30 65843.20
0.40 65843.20
0.50 65843.20
0.60 65843.20
0.70 65843.20
0.80 65843.20
0.90 65843.20
1.00 65843.20
1.10 64512.00
1.20 64512.00
1.30 64512.00
1.40 64512.00
1.50 64512.00
1.60 64512.00
1.70 64512.00
1.80 64512.00
1.90 64512.00
2.00 64512.00
2.10 68198.40
2.20 68198.40
2.30 68198.40
2.40 68198.40
2.50 68198.40
2.60 68198.40
2.70 68198.40
2.80 68198.40
2.90 68198.40
3.00 68198.40
3.10 67686.40
3.20 67686.40
3.30 67686.40
3.40 67686.40
3.50 67686.40
3.60 67686.40
3.70 67686.40
3.80 67686.40
3.90 67686.40
4.00 67686.40
4.10 65740.80
4.20 65740.80
4.30 65740.80
4.40 65740.80
4.50 65740.80
4.60 65740.80
4.70 65740.80
4.80 65740.80
4.90 65740.80
5.00 65740.80
5.10 64614.40
5.20 64614.40
5.30 64614.40
5.40 64614.40
5.50 64614.40
5.60 64614.40
5.70 64614.40
5.80 64614.40
5.90 64614.40
6.00 64614.40
6.10 23040.00
6.20 23040.00
6.30 23040.00
6.40 23040.00
6.50 23040.00
6.60 23040.00
6.70 23040.00
6.80 23040.00
6.90 23040.00
7.00 23040.00
7.10 97792.00
7.20 97792.00
7.30 97792.00
7.40 97792.00
7.50 97792.00
7.60 97792.00
7.70 97792.00
7.80 97792.00
7.90 97792.00
8.00 97792.00
8.10 23449.60
8.20 23449.60
8.30 23449.60
8.40 23449.60
8.50 23449.60
8.60 23449.60
8.70 23449.60
8.80 23449.60
8.90 23449.60
9.00 23449.60
9.10 45158.40
9.20 45158.40
9.30 45158.40
9.40 45158.40
9.50 45158.40
9.60 45158.40
9.70 45158.40
9.80 45158.40
9.90 45158.40
10.00 45158.40
10.10 64307.20
10.20 64307.20
10.30 64307.20
10.40 64307.20
10.50 64307.20
10.60 64307.20
10.70 64307.20
10.80 64307.20
10.90 64307.20
11.00 64307.20
11.10 63692.80
11.20 63692.80
11.30 63692.80
11.40 63692.80
11.50 63692.80
11.60 63692.80
11.70 63692.80
11.80 63692.80
11.90 63692.80
12.00 63692.80
12.10 32153.60
12.20 32153.60
12.30 32153.60
12.40 32153.60
12.50 32153.60
12.60 32153.60
12.70 32153.60
12.80 32153.60
12.90 32153.60
13.00 32153.60
13.10 101683.20
13.20 101683.20
13.30 101683.20
13.40 101683.20
13.50 101683.20
13.60 101683.20
13.70 101683.20
13.80 101683.20
13.90 101683.20
14.00 101683.20
14.10 64921.60
14.20 64921.60
14.30 64921.60
14.40 64921.60
14.50 64921.60
14.60 64921.60
14.70 64921.60
14.80 64921.60
14.90 64921.60
15.00 64921.60
15.10 30105.60
15.20 30105.60
15.30 30105.60
15.40 30105.60
15.50 30105.60
15.60 30105.60
15.70 30105.60
15.80 30105.60
15.90 30105.60
16.00 30105.60
16.10 23654.40
16.20 23654.40
16.30 23654.40
16.40 23654.40
16.50 23654.40
16.60 23654.40
16.70 23654.40
16.80 23654.40
16.90 23654.40
17.00 23654.40
17.10 57548.80
17.20 57548.80
17.30 57548.80
17.40 57548.80
17.50 57548.80
17.60 57548.80
17.70 57548.80
17.80 57548.80
17.90 57548.80
18.00 57548.80
18.10 68608.00
18.20 68608.00
18.30 68608.00
18.40 68608.00
18.50 68608.00
18.60 68608.00
18.70 68608.00
18.80 68608.00
18.90 68608.00
19.00 68608.00
19.10 66150.40
19.20 66150.40
19.30 66150.40
19.40 66150.40
19.50 66150.40
19.60 66150.40
19.70 66150.40
19.80 66150.40
19.90 66150.40
20.00 66150.40
20.10 60313.60
20.20 60313.60
20.30 60313.60
20.40 60313.60
20.50 60313.60
20.60 60313.60
20.70 60313.60
20.80 60313.60
20.90 60313.60
21.00 60313.60
21.10 55193.60
21.20 55193.60
21.30 55193.60
21.40 55193.60
21.50 55193.60
21.60 55193.60
21.70 55193.60
21.80 55193.60
21.90 55193.60
22.00 55193.60
22.10 58265.60
22.20 58265.60
22.30 58265.60
22.40 58265.60
22.50 58265.60
22.60 58265.60
22.70 58265.60
22.80 58265.60
22.90 58265.60
23.00 58265.60
23.10 47820.80
23.20 47820.80
23.30 47820.80
23.40 47820.80
23.50 47820.80
23.60 47820.80
23.70 47820.80
23.80 47820.80
23.90 47820.80
24.00 47820.80
24.10 47923.20
24.20 47923.20
24.30 47923.20
24.40 47923.20
24.50 47923.20
24.60 47923.20
24.70 47923.20
24.80 47923.20
24.90 47923.20
25.00 47923.20
25.10 18944.00
25.20 18944.00
25.30 18944.00
25.40 18944.00
25.50 18944.00
25.60 18944.00
25.70 18944.00
25.80 18944.00
25.90 18944.00
26.00 18944.00
26.10 100761.60
26.20 100761.60
26.30 100761.60
26.40 100761.60
26.50 100761.60
26.60 100761.60
26.70 100761.60
26.80 100761.60
26.90 100761.60
27.00 100761.60
27.10 45363.20
27.20 45363.20
27.30 45363.20
27.40 45363.20
27.50 45363.20
27.60 45363.20
27.70 45363.20
27.80 45363.20
27.90 45363.20
28.00 45363.20
28.10 46182.40
28.20 46182.40
28.30 46182.40
28.40 46182.40
28.50 46182.40
28.60 46182.40
28.70 46182.40
28.80 46182.40
28.90 46182.40
29.00 46182.40
29.10 66150.40
29.20 66150.40
29.30 66150.40
29.40 66150.40
29.50 66150.40
29.60 66150.40
29.70 66150.40
29.80 66150.40
29.90 66150.40
30.00 66150.40
