0.20 57651.20
0.30 57651.20
0.40 57651.20
0.50 57651.20
0.60 57651.20
0.70 57651.20
0.80 57651.20
0.90 57651.20
1.00 57651.20
1.10 64204.80
1.20 64204.80
1.30 64204.80
1.40 64204.80
1.50 64204.80
1.60 64204.80
1.70 64204.80
1.80 64204.80
1.90 64204.80
2.00 64204.80
2.10 62668.80
2.20 62668.80
2.30 62668.80
2.40 62668.80
2.50 62668.80
2.60 62668.80
2.70 62668.80
2.80 62668.80
2.90 62668.80
3.00 62668.80
3.10 64204.80
3.20 64204.80
3.30 64204.80
3.40 64204.80
3.50 64204.80
3.60 64204.80
3.70 64204.80
3.80 64204.80
3.90 64204.80
4.00 64204.80
4.10 65843.20
4.20 65843.20
4.30 65843.20
4.40 65843.20
4.50 65843.20
4.60 65843.20
4.70 65843.20
4.80 65843.20
4.90 65843.20
5.00 65843.20
5.10 65843.20
5.20 65843.20
5.30 65843.20
5.40 65843.20
5.50 65843.20
5.60 65843.20
5.70 65843.20
5.80 65843.20
5.90 65843.20
6.00 65843.20
6.10 57241.60
6.20 57241.60
6.30 57241.60
6.40 57241.60
6.50 57241.60
6.60 57241.60
6.70 57241.60
6.80 57241.60
6.90 57241.60
7.00 57241.60
7.10 52428.80
7.20 52428.80
7.30 52428.80
7.40 52428.80
7.50 52428.80
7.60 52428.80
7.70 52428.80
7.80 52428.80
7.90 52428.80
8.00 52428.80
8.10 55603.20
8.20 55603.20
8.30 55603.20
8.40 55603.20
8.50 55603.20
8.60 55603.20
8.70 55603.20
8.80 55603.20
8.90 55603.20
9.00 55603.20
9.10 61440.00
9.20 61440.00
9.30 61440.00
9.40 61440.00
9.50 61440.00
9.60 61440.00
9.70 61440.00
9.80 61440.00
9.90 61440.00
10.00 61440.00
10.10 34201.60
10.20 34201.60
10.30 34201.60
10.40 34201.60
10.50 34201.60
10.60 34201.60
10.70 34201.60
10.80 34201.60
10.90 34201.60
11.00 34201.60
11.10 77209.60
11.20 77209.60
11.30 77209.60
11.40 77209.60
11.50 77209.60
11.60 77209.60
11.70 77209.60
11.80 77209.60
11.90 77209.60
12.00 77209.60
12.10 105676.80
12.20 105676.80
12.30 105676.80
12.40 105676.80
12.50 105676.80
12.60 105676.80
12.70 105676.80
12.80 105676.80
12.90 105676.80
13.00 105676.80
13.10 68812.80
13.20 68812.80
13.30 68812.80
13.40 68812.80
13.50 68812.80
13.60 68812.80
13.70 68812.80
13.80 68812.80
13.90 68812.80
14.00 68812.80
14.10 69734.40
14.20 69734.40
14.30 69734.40
14.40 69734.40
14.50 69734.40
14.60 69734.40
14.70 69734.40
14.80 69734.40
14.90 69734.40
15.00 69734.40
15.10 71884.80
15.20 71884.80
15.30 71884.80
15.40 71884.80
15.50 71884.80
15.60 71884.80
15.70 71884.80
15.80 71884.80
15.90 71884.80
16.00 71884.80
16.10 63078.40
16.20 63078.40
16.30 63078.40
16.40 63078.40
16.50 63078.40
16.60 63078.40
16.70 63078.40
16.80 63078.40
16.90 63078.40
17.00 63078.40
17.10 77414.40
17.20 77414.40
17.30 77414.40
17.40 77414.40
17.50 77414.40
17.60 77414.40
17.70 77414.40
17.80 77414.40
17.90 77414.40
18.00 77414.40
18.10 65024.00
18.20 65024.00
18.30 65024.00
18.40 65024.00
18.50 65024.00
18.60 65024.00
18.70 65024.00
18.80 65024.00
18.90 65024.00
19.00 65024.00
19.10 70041.60
19.20 70041.60
19.30 70041.60
19.40 70041.60
19.50 70041.60
19.60 70041.60
19.70 70041.60
19.80 70041.60
19.90 70041.60
20.00 70041.60
20.10 70144.00
20.20 70144.00
20.30 70144.00
20.40 70144.00
20.50 70144.00
20.60 70144.00
20.70 70144.00
20.80 70144.00
20.90 70144.00
21.00 70144.00
21.10 72499.20
21.20 72499.20
21.30 72499.20
21.40 72499.20
21.50 72499.20
21.60 72499.20
21.70 72499.20
21.80 72499.20
21.90 72499.20
22.00 72499.20
22.10 48640.00
22.20 48640.00
22.30 48640.00
22.40 48640.00
22.50 48640.00
22.60 48640.00
22.70 48640.00
22.80 48640.00
22.90 48640.00
23.00 48640.00
23.10 73625.60
23.20 73625.60
23.30 73625.60
23.40 73625.60
23.50 73625.60
23.60 73625.60
23.70 73625.60
23.80 73625.60
23.90 73625.60
24.00 73625.60
24.10 72908.80
24.20 72908.80
24.30 72908.80
24.40 72908.80
24.50 72908.80
24.60 72908.80
24.70 72908.80
24.80 72908.80
24.90 72908.80
25.00 72908.80
25.10 74035.20
25.20 74035.20
25.30 74035.20
25.40 74035.20
25.50 74035.20
25.60 74035.20
25.70 74035.20
25.80 74035.20
25.90 74035.20
26.00 74035.20
26.10 62156.80
26.20 62156.80
26.30 62156.80
26.40 62156.80
26.50 62156.80
26.60 62156.80
26.70 62156.80
26.80 62156.80
26.90 62156.80
27.00 62156.80
27.10 52531.20
27.20 52531.20
27.30 52531.20
27.40 52531.20
27.50 52531.20
27.60 52531.20
27.70 52531.20
27.80 52531.20
27.90 52531.20
28.00 52531.20
28.10 38092.80
28.20 38092.80
28.30 38092.80
28.40 38092.80
28.50 38092.80
28.60 38092.80
28.70 38092.80
28.80 38092.80
28.90 38092.80
29.00 38092.80
29.10 55910.40
29.20 55910.40
29.30 55910.40
29.40 55910.40
29.50 55910.40
29.60 55910.40
29.70 55910.40
29.80 55910.40
29.90 55910.40
30.00 55910.40
