0.10 50483.20
0.20 50483.20
0.30 50483.20
0.40 50483.20
0.50 50483.20
0.60 50483.20
0.70 50483.20
0.80 50483.20
0.90 50483.20
1.00 50483.20
1.10 52121.60
1.20 52121.60
1.30 52121.60
1.40 52121.60
1.50 52121.60
1.60 52121.60
1.70 52121.60
1.80 52121.60
1.90 52121.60
2.00 52121.60
2.10 40448.00
2.20 40448.00
2.30 40448.00
2.40 40448.00
2.50 40448.00
2.60 40448.00
2.70 40448.00
2.80 40448.00
2.90 40448.00
3.00 40448.00
3.10 55910.40
3.20 55910.40
3.30 55910.40
3.40 55910.40
3.50 55910.40
3.60 55910.40
3.70 55910.40
3.80 55910.40
3.90 55910.40
4.00 55910.40
4.10 39628.80
4.20 39628.80
4.30 39628.80
4.40 39628.80
4.50 39628.80
4.60 39628.80
4.70 39628.80
4.80 39628.80
4.90 39628.80
5.00 39628.80
5.10 54681.60
5.20 54681.60
5.30 54681.60
5.40 54681.60
5.50 54681.60
5.60 54681.60
5.70 54681.60
5.80 54681.60
5.90 54681.60
6.00 54681.60
6.10 53145.60
6.20 53145.60
6.30 53145.60
6.40 53145.60
6.50 53145.60
6.60 53145.60
6.70 53145.60
6.80 53145.60
6.90 53145.60
7.00 53145.60
7.10 41984.00
7.20 41984.00
7.30 41984.00
7.40 41984.00
7.50 41984.00
7.60 41984.00
7.70 41984.00
7.80 41984.00
7.90 41984.00
8.00 41984.00
8.10 56115.20
8.20 56115.20
8.30 56115.20
8.40 56115.20
8.50 56115.20
8.60 56115.20
8.70 56115.20
8.80 56115.20
8.90 56115.20
9.00 56115.20
9.10 45363.20
9.20 45363.20
9.30 45363.20
9.40 45363.20
9.50 45363.20
9.60 45363.20
9.70 45363.20
9.80 45363.20
9.90 45363.20
10.00 45363.20
10.10 37171.20
10.20 37171.20
10.30 37171.20
10.40 37171.20
10.50 37171.20
10.60 37171.20
10.70 37171.20
10.80 37171.20
10.90 37171.20
11.00 37171.20
11.10 71065.60
11.20 71065.60
11.30 71065.60
11.40 71065.60
11.50 71065.60
11.60 71065.60
11.70 71065.60
11.80 71065.60
11.90 71065.60
12.00 71065.60
12.10 38502.40
12.20 38502.40
12.30 38502.40
12.40 38502.40
12.50 38502.40
12.60 38502.40
12.70 38502.40
12.80 38502.40
12.90 38502.40
13.00 38502.40
13.10 52121.60
13.20 52121.60
13.30 52121.60
13.40 52121.60
13.50 52121.60
13.60 52121.60
13.70 52121.60
13.80 52121.60
13.90 52121.60
14.00 52121.60
14.10 50176.00
14.20 50176.00
14.30 50176.00
14.40 50176.00
14.50 50176.00
14.60 50176.00
14.70 50176.00
14.80 50176.00
14.90 50176.00
15.00 50176.00
15.10 12902.40
15.20 12902.40
15.30 12902.40
15.40 12902.40
15.50 12902.40
15.60 12902.40
15.70 12902.40
15.80 12902.40
15.90 12902.40
16.00 12902.40
16.10 102400.00
16.20 102400.00
16.30 102400.00
16.40 102400.00
16.50 102400.00
16.60 102400.00
16.70 102400.00
16.80 102400.00
16.90 102400.00
17.00 102400.00
17.10 74444.80
17.20 74444.80
17.30 74444.80
17.40 74444.80
17.50 74444.80
17.60 74444.80
17.70 74444.80
17.80 74444.80
17.90 74444.80
18.00 74444.80
18.10 56627.20
18.20 56627.20
18.30 56627.20
18.40 56627.20
18.50 56627.20
18.60 56627.20
18.70 56627.20
18.80 56627.20
18.90 56627.20
19.00 56627.20
19.10 50073.60
19.20 50073.60
19.30 50073.60
19.40 50073.60
19.50 50073.60
19.60 50073.60
19.70 50073.60
19.80 50073.60
19.90 50073.60
20.00 50073.60
20.10 53760.00
20.20 53760.00
20.30 53760.00
20.40 53760.00
20.50 53760.00
20.60 53760.00
20.70 53760.00
20.80 53760.00
20.90 53760.00
21.00 53760.00
21.10 69222.40
21.20 69222.40
21.30 69222.40
21.40 69222.40
21.50 69222.40
21.60 69222.40
21.70 69222.40
21.80 69222.40
21.90 69222.40
22.00 69222.40
22.10 57856.00
22.20 57856.00
22.30 57856.00
22.40 57856.00
22.50 57856.00
22.60 57856.00
22.70 57856.00
22.80 57856.00
22.90 57856.00
23.00 57856.00
23.10 68096.00
23.20 68096.00
23.30 68096.00
23.40 68096.00
23.50 68096.00
23.60 68096.00
23.70 68096.00
23.80 68096.00
23.90 68096.00
24.00 68096.00
24.10 50995.20
24.20 50995.20
24.30 50995.20
24.40 50995.20
24.50 50995.20
24.60 50995.20
24.70 50995.20
24.80 50995.20
24.90 50995.20
25.00 50995.20
25.10 51200.00
25.20 51200.00
25.30 51200.00
25.40 51200.00
25.50 51200.00
25.60 51200.00
25.70 51200.00
25.80 51200.00
25.90 51200.00
26.00 51200.00
26.10 45056.00
26.20 45056.00
26.30 45056.00
26.40 45056.00
26.50 45056.00
26.60 45056.00
26.70 45056.00
26.80 45056.00
26.90 45056.00
27.00 45056.00
27.10 50380.80
27.20 50380.80
27.30 50380.80
27.40 50380.80
27.50 50380.80
27.60 50380.80
27.70 50380.80
27.80 50380.80
27.90 50380.80
28.00 50380.80
28.10 71475.20
28.20 71475.20
28.30 71475.20
28.40 71475.20
28.50 71475.20
28.60 71475.20
28.70 71475.20
28.80 71475.20
28.90 71475.20
29.00 71475.20
29.10 43827.20
29.20 43827.20
29.30 43827.20
29.40 43827.20
29.50 43827.20
29.60 43827.20
29.70 43827.20
29.80 43827.20
29.90 43827.20
30.00 43827.20
