0.10 175186.06
0.20 175186.06
0.30 175186.06
0.40 175186.06
0.50 175186.06
0.60 175186.06
0.70 175186.06
0.80 175186.06
0.90 175186.06
1.00 175186.06
1.10 76223.02
1.20 76223.02
1.30 76223.02
1.40 76223.02
1.50 76223.02
1.60 76223.02
1.70 76223.02
1.80 76223.02
1.90 76223.02
2.00 76223.02
2.10 11844.95
2.20 11844.95
2.30 11844.95
2.40 11844.95
2.50 11844.95
2.60 11844.95
2.70 11844.95
2.80 11844.95
2.90 11844.95
3.00 11844.95
3.10 15697.27
3.20 15697.27
3.30 15697.27
3.40 15697.27
3.50 15697.27
3.60 15697.27
3.70 15697.27
3.80 15697.27
3.90 15697.27
4.00 15697.27
4.10 146795.48
4.20 146795.48
4.30 146795.48
4.40 146795.48
4.50 146795.48
4.60 146795.48
4.70 146795.48
4.80 146795.48
4.90 146795.48
5.00 146795.48
5.10 177259.43
5.20 177259.43
5.30 177259.43
5.40 177259.43
5.50 177259.43
5.60 177259.43
5.70 177259.43
5.80 177259.43
5.90 177259.43
6.00 177259.43
6.10 163624.65
6.20 163624.65
6.30 163624.65
6.40 163624.65
6.50 163624.65
6.60 163624.65
6.70 163624.65
6.80 163624.65
6.90 163624.65
7.00 163624.65
7.10 283827.82
7.20 283827.82
7.30 283827.82
7.40 283827.82
7.50 283827.82
7.60 283827.82
7.70 283827.82
7.80 283827.82
7.90 283827.82
8.00 283827.82
8.10 724581.09
8.20 724581.09
8.30 724581.09
8.40 724581.09
8.50 724581.09
8.60 724581.09
8.70 724581.09
8.80 724581.09
8.90 724581.09
9.00 724581.09
9.10 116955.43
9.20 116955.43
9.30 116955.43
9.40 116955.43
9.50 116955.43
9.60 116955.43
9.70 116955.43
9.80 116955.43
9.90 116955.43
10.00 116955.43
10.10 475490.33
10.20 475490.33
10.30 475490.33
10.40 475490.33
10.50 475490.33
10.60 475490.33
10.70 475490.33
10.80 475490.33
10.90 475490.33
11.00 475490.33
11.10 309292.64
11.20 309292.64
11.30 309292.64
11.40 309292.64
11.50 309292.64
11.60 309292.64
11.70 309292.64
11.80 309292.64
11.90 309292.64
12.00 309292.64
12.10 613000.45
12.20 613000.45
12.30 613000.45
12.40 613000.45
12.50 613000.45
12.60 613000.45
12.70 613000.45
12.80 613000.45
12.90 613000.45
13.00 613000.45
13.10 503959.07
13.20 503959.07
13.30 503959.07
13.40 503959.07
13.50 503959.07
13.60 503959.07
13.70 503959.07
13.80 503959.07
13.90 503959.07
14.00 503959.07
14.10 506245.17
14.20 506245.17
14.30 506245.17
14.40 506245.17
14.50 506245.17
14.60 506245.17
14.70 506245.17
14.80 506245.17
14.90 506245.17
15.00 506245.17
15.10 90058.91
15.20 90058.91
15.30 90058.91
15.40 90058.91
15.50 90058.91
15.60 90058.91
15.70 90058.91
15.80 90058.91
15.90 90058.91
16.00 90058.91
16.10 632961.17
16.20 632961.17
16.30 632961.17
16.40 632961.17
16.50 632961.17
16.60 632961.17
16.70 632961.17
16.80 632961.17
16.90 632961.17
17.00 632961.17
17.10 518216.29
17.20 518216.29
17.30 518216.29
17.40 518216.29
17.50 518216.29
17.60 518216.29
17.70 518216.29
17.80 518216.29
17.90 518216.29
18.00 518216.29
18.10 306678.14
18.20 306678.14
18.30 306678.14
18.40 306678.14
18.50 306678.14
18.60 306678.14
18.70 306678.14
18.80 306678.14
18.90 306678.14
19.00 306678.14
19.10 503155.27
19.20 503155.27
19.30 503155.27
19.40 503155.27
19.50 503155.27
19.60 503155.27
19.70 503155.27
19.80 503155.27
19.90 503155.27
20.00 503155.27
20.10 466140.05
20.20 466140.05
20.30 466140.05
20.40 466140.05
20.50 466140.05
20.60 466140.05
20.70 466140.05
20.80 466140.05
20.90 466140.05
21.00 466140.05
21.10 283590.45
21.20 283590.45
21.30 283590.45
21.40 283590.45
21.50 283590.45
21.60 283590.45
21.70 283590.45
21.80 283590.45
21.90 283590.45
22.00 283590.45
22.10 654063.44
22.20 654063.44
22.30 654063.44
22.40 654063.44
22.50 654063.44
22.60 654063.44
22.70 654063.44
22.80 654063.44
22.90 654063.44
23.00 654063.44
23.10 483666.72
23.20 483666.72
23.30 483666.72
23.40 483666.72
23.50 483666.72
23.60 483666.72
23.70 483666.72
23.80 483666.72
23.90 483666.72
24.00 483666.72
24.10 445350.87
24.20 445350.87
24.30 445350.87
24.40 445350.87
24.50 445350.87
24.60 445350.87
24.70 445350.87
24.80 445350.87
24.90 445350.87
25.00 445350.87
25.10 632432.83
25.20 632432.83
25.30 632432.83
25.40 632432.83
25.50 632432.83
25.60 632432.83
25.70 632432.83
25.80 632432.83
25.90 632432.83
26.00 632432.83
26.10 623737.21
26.20 623737.21
26.30 623737.21
26.40 623737.21
26.50 623737.21
26.60 623737.21
26.70 623737.21
26.80 623737.21
26.90 623737.21
27.00 623737.21
27.10 551030.57
27.20 551030.57
27.30 551030.57
27.40 551030.57
27.50 551030.57
27.60 551030.57
27.70 551030.57
27.80 551030.57
27.90 551030.57
28.00 551030.57
28.10 593152.21
28.20 593152.21
28.30 593152.21
28.40 593152.21
28.50 593152.21
28.60 593152.21
28.70 593152.21
28.80 593152.21
28.90 593152.21
29.00 593152.21
29.10 516522.28
29.20 516522.28
29.30 516522.28
29.40 516522.28
29.50 516522.28
29.60 516522.28
29.70 516522.28
29.80 516522.28
29.90 516522.28
30.00 516522.28
