0.10 510955.37
0.20 510955.37
0.30 510955.37
0.40 510955.37
0.50 510955.37
0.60 510955.37
0.70 510955.37
0.80 510955.37
0.90 510955.37
1.00 510955.37
1.10 446082.46
1.20 446082.46
1.30 446082.46
1.40 446082.46
1.50 446082.46
1.60 446082.46
1.70 446082.46
1.80 446082.46
1.90 446082.46
2.00 446082.46
2.10 61721.64
2.20 61721.64
2.30 61721.64
2.40 61721.64
2.50 61721.64
2.60 61721.64
2.70 61721.64
2.80 61721.64
2.90 61721.64
3.00 61721.64
3.10 61126.40
3.20 61126.40
3.30 61126.40
3.40 61126.40
3.50 61126.40
3.60 61126.40
3.70 61126.40
3.80 61126.40
3.90 61126.40
4.00 61126.40
4.10 158293.70
4.20 158293.70
4.30 158293.70
4.40 158293.70
4.50 158293.70
4.60 158293.70
4.70 158293.70
4.80 158293.70
4.90 158293.70
5.00 158293.70
5.10 40759.53
5.20 40759.53
5.30 40759.53
5.40 40759.53
5.50 40759.53
5.60 40759.53
5.70 40759.53
5.80 40759.53
5.90 40759.53
6.00 40759.53
6.10 325018.06
6.20 325018.06
6.30 325018.06
6.40 325018.06
6.50 325018.06
6.60 325018.06
6.70 325018.06
6.80 325018.06
6.90 325018.06
7.00 325018.06
7.10 302704.17
7.20 302704.17
7.30 302704.17
7.40 302704.17
7.50 302704.17
7.60 302704.17
7.70 302704.17
7.80 302704.17
7.90 302704.17
8.00 302704.17
8.10 542692.44
8.20 542692.44
8.30 542692.44
8.40 542692.44
8.50 542692.44
8.60 542692.44
8.70 542692.44
8.80 542692.44
8.90 542692.44
9.00 542692.44
9.10 486583.77
9.20 486583.77
9.30 486583.77
9.40 486583.77
9.50 486583.77
9.60 486583.77
9.70 486583.77
9.80 486583.77
9.90 486583.77
10.00 486583.77
10.10 369178.65
10.20 369178.65
10.30 369178.65
10.40 369178.65
10.50 369178.65
10.60 369178.65
10.70 369178.65
10.80 369178.65
10.90 369178.65
11.00 369178.65
11.10 210148.59
11.20 210148.59
11.30 210148.59
11.40 210148.59
11.50 210148.59
11.60 210148.59
11.70 210148.59
11.80 210148.59
11.90 210148.59
12.00 210148.59
12.10 307045.70
12.20 307045.70
12.30 307045.70
12.40 307045.70
12.50 307045.70
12.60 307045.70
12.70 307045.70
12.80 307045.70
12.90 307045.70
13.00 307045.70
13.10 497752.23
13.20 497752.23
13.30 497752.23
13.40 497752.23
13.50 497752.23
13.60 497752.23
13.70 497752.23
13.80 497752.23
13.90 497752.23
14.00 497752.23
14.10 493628.59
14.20 493628.59
14.30 493628.59
14.40 493628.59
14.50 493628.59
14.60 493628.59
14.70 493628.59
14.80 493628.59
14.90 493628.59
15.00 493628.59
15.10 493378.06
15.20 493378.06
15.30 493378.06
15.40 493378.06
15.50 493378.06
15.60 493378.06
15.70 493378.06
15.80 493378.06
15.90 493378.06
16.00 493378.06
16.10 452413.13
16.20 452413.13
16.30 452413.13
16.40 452413.13
16.50 452413.13
16.60 452413.13
16.70 452413.13
16.80 452413.13
16.90 452413.13
17.00 452413.13
17.10 178171.38
17.20 178171.38
17.30 178171.38
17.40 178171.38
17.50 178171.38
17.60 178171.38
17.70 178171.38
17.80 178171.38
17.90 178171.38
18.00 178171.38
18.10 42957.97
18.20 42957.97
18.30 42957.97
18.40 42957.97
18.50 42957.97
18.60 42957.97
18.70 42957.97
18.80 42957.97
18.90 42957.97
19.00 42957.97
19.10 440017.55
19.20 440017.55
19.30 440017.55
19.40 440017.55
19.50 440017.55
19.60 440017.55
19.70 440017.55
19.80 440017.55
19.90 440017.55
20.00 440017.55
20.10 468284.67
20.20 468284.67
20.30 468284.67
20.40 468284.67
20.50 468284.67
20.60 468284.67
20.70 468284.67
20.80 468284.67
20.90 468284.67
21.00 468284.67
21.10 512679.01
21.20 512679.01
21.30 512679.01
21.40 512679.01
21.50 512679.01
21.60 512679.01
21.70 512679.01
21.80 512679.01
21.90 512679.01
22.00 512679.01
22.10 428319.24
22.20 428319.24
22.30 428319.24
22.40 428319.24
22.50 428319.24
22.60 428319.24
22.70 428319.24
22.80 428319.24
22.90 428319.24
23.00 428319.24
23.10 437839.77
23.20 437839.77
23.30 437839.77
23.40 437839.77
23.50 437839.77
23.60 437839.77
23.70 437839.77
23.80 437839.77
23.90 437839.77
24.00 437839.77
24.10 415449.02
24.20 415449.02
24.30 415449.02
24.40 415449.02
24.50 415449.02
24.60 415449.02
24.70 415449.02
24.80 415449.02
24.90 415449.02
25.00 415449.02
25.10 149256.40
25.20 149256.40
25.30 149256.40
25.40 149256.40
25.50 149256.40
25.60 149256.40
25.70 149256.40
25.80 149256.40
25.90 149256.40
26.00 149256.40
26.10 413207.91
26.20 413207.91
26.30 413207.91
26.40 413207.91
26.50 413207.91
26.60 413207.91
26.70 413207.91
26.80 413207.91
26.90 413207.91
27.00 413207.91
27.10 459333.80
27.20 459333.80
27.30 459333.80
27.40 459333.80
27.50 459333.80
27.60 459333.80
27.70 459333.80
27.80 459333.80
27.90 459333.80
28.00 459333.80
28.10 489133.26
28.20 489133.26
28.30 489133.26
28.40 489133.26
28.50 489133.26
28.60 489133.26
28.70 489133.26
28.80 489133.26
28.90 489133.26
29.00 489133.26
29.10 440658.37
29.20 440658.37
29.30 440658.37
29.40 440658.37
29.50 440658.37
29.60 440658.37
29.70 440658.37
29.80 440658.37
29.90 440658.37
30.00 440658.37
