0.10 137075.28
0.20 137075.28
0.30 137075.28
0.40 137075.28
0.50 137075.28
0.60 137075.28
0.70 137075.28
0.80 137075.28
0.90 137075.28
1.00 137075.28
1.10 131044.87
1.20 131044.87
1.30 131044.87
1.40 131044.87
1.50 131044.87
1.60 131044.87
1.70 131044.87
1.80 131044.87
1.90 131044.87
2.00 131044.87
2.10 118271.17
2.20 118271.17
2.30 118271.17
2.40 118271.17
2.50 118271.17
2.60 118271.17
2.70 118271.17
2.80 118271.17
2.90 118271.17
3.00 118271.17
3.10 130743.70
3.20 130743.70
3.30 130743.70
3.40 130743.70
3.50 130743.70
3.60 130743.70
3.70 130743.70
3.80 130743.70
3.90 130743.70
4.00 130743.70
4.10 128637.85
4.20 128637.85
4.30 128637.85
4.40 128637.85
4.50 128637.85
4.60 128637.85
4.70 128637.85
4.80 128637.85
4.90 128637.85
5.00 128637.85
5.10 141509.20
5.20 141509.20
5.30 141509.20
5.40 141509.20
5.50 141509.20
5.60 141509.20
5.70 141509.20
5.80 141509.20
5.90 141509.20
6.00 141509.20
6.10 126560.76
6.20 126560.76
6.30 126560.76
6.40 126560.76
6.50 126560.76
6.60 126560.76
6.70 126560.76
6.80 126560.76
6.90 126560.76
7.00 126560.76
7.10 140814.98
7.20 140814.98
7.30 140814.98
7.40 140814.98
7.50 140814.98
7.60 140814.98
7.70 140814.98
7.80 140814.98
7.90 140814.98
8.00 140814.98
8.10 125815.50
8.20 125815.50
8.30 125815.50
8.40 125815.50
8.50 125815.50
8.60 125815.50
8.70 125815.50
8.80 125815.50
8.90 125815.50
9.00 125815.50
9.10 125870.02
9.20 125870.02
9.30 125870.02
9.40 125870.02
9.50 125870.02
9.60 125870.02
9.70 125870.02
9.80 125870.02
9.90 125870.02
10.00 125870.02
10.10 104355.00
10.20 104355.00
10.30 104355.00
10.40 104355.00
10.50 104355.00
10.60 104355.00
10.70 104355.00
10.80 104355.00
10.90 104355.00
11.00 104355.00
11.10 126959.83
11.20 126959.83
11.30 126959.83
11.40 126959.83
11.50 126959.83
11.60 126959.83
11.70 126959.83
11.80 126959.83
11.90 126959.83
12.00 126959.83
12.10 128004.23
12.20 128004.23
12.30 128004.23
12.40 128004.23
12.50 128004.23
12.60 128004.23
12.70 128004.23
12.80 128004.23
12.90 128004.23
13.00 128004.23
13.10 122481.45
13.20 122481.45
13.30 122481.45
13.40 122481.45
13.50 122481.45
13.60 122481.45
13.70 122481.45
13.80 122481.45
13.90 122481.45
14.00 122481.45
14.10 102483.43
14.20 102483.43
14.30 102483.43
14.40 102483.43
14.50 102483.43
14.60 102483.43
14.70 102483.43
14.80 102483.43
14.90 102483.43
15.00 102483.43
15.10 111932.52
15.20 111932.52
15.30 111932.52
15.40 111932.52
15.50 111932.52
15.60 111932.52
15.70 111932.52
15.80 111932.52
15.90 111932.52
16.00 111932.52
16.10 116295.41
16.20 116295.41
16.30 116295.41
16.40 116295.41
16.50 116295.41
16.60 116295.41
16.70 116295.41
16.80 116295.41
16.90 116295.41
17.00 116295.41
17.10 71057.84
17.20 71057.84
17.30 71057.84
17.40 71057.84
17.50 71057.84
17.60 71057.84
17.70 71057.84
17.80 71057.84
17.90 71057.84
18.00 71057.84
18.10 93238.04
18.20 93238.04
18.30 93238.04
18.40 93238.04
18.50 93238.04
18.60 93238.04
18.70 93238.04
18.80 93238.04
18.90 93238.04
19.00 93238.04
19.10 92107.65
19.20 92107.65
19.30 92107.65
19.40 92107.65
19.50 92107.65
19.60 92107.65
19.70 92107.65
19.80 92107.65
19.90 92107.65
20.00 92107.65
20.10 78858.05
20.20 78858.05
20.30 78858.05
20.40 78858.05
20.50 78858.05
20.60 78858.05
20.70 78858.05
20.80 78858.05
20.90 78858.05
21.00 78858.05
21.10 99015.96
21.20 99015.96
21.30 99015.96
21.40 99015.96
21.50 99015.96
21.60 99015.96
21.70 99015.96
21.80 99015.96
21.90 99015.96
22.00 99015.96
22.10 105646.42
22.20 105646.42
22.30 105646.42
22.40 105646.42
22.50 105646.42
22.60 105646.42
22.70 105646.42
22.80 105646.42
22.90 105646.42
23.00 105646.42
23.10 70259.81
23.20 70259.81
23.30 70259.81
23.40 70259.81
23.50 70259.81
23.60 70259.81
23.70 70259.81
23.80 70259.81
23.90 70259.81
24.00 70259.81
24.10 97052.83
24.20 97052.83
24.30 97052.83
24.40 97052.83
24.50 97052.83
24.60 97052.83
24.70 97052.83
24.80 97052.83
24.90 97052.83
25.00 97052.83
25.10 98765.97
25.20 98765.97
25.30 98765.97
25.40 98765.97
25.50 98765.97
25.60 98765.97
25.70 98765.97
25.80 98765.97
25.90 98765.97
26.00 98765.97
26.10 94172.70
26.20 94172.70
26.30 94172.70
26.40 94172.70
26.50 94172.70
26.60 94172.70
26.70 94172.70
26.80 94172.70
26.90 94172.70
27.00 94172.70
27.10 101132.43
27.20 101132.43
27.30 101132.43
27.40 101132.43
27.50 101132.43
27.60 101132.43
27.70 101132.43
27.80 101132.43
27.90 101132.43
28.00 101132.43
28.10 111309.55
28.20 111309.55
28.30 111309.55
28.40 111309.55
28.50 111309.55
28.60 111309.55
28.70 111309.55
28.80 111309.55
28.90 111309.55
29.00 111309.55
29.10 111495.24
29.20 111495.24
29.30 111495.24
29.40 111495.24
29.50 111495.24
29.60 111495.24
29.70 111495.24
29.80 111495.24
29.90 111495.24
30.00 111495.24
