0.10 208778.20
0.20 208778.20
0.30 208778.20
0.40 208778.20
0.50 208778.20
0.60 208778.20
0.70 208778.20
0.80 208778.20
0.90 208778.20
1.00 208778.20
1.10 283535.51
1.20 283535.51
1.30 283535.51
1.40 283535.51
1.50 283535.51
1.60 283535.51
1.70 283535.51
1.80 283535.51
1.90 283535.51
2.00 283535.51
2.10 343540.57
2.20 343540.57
2.30 343540.57
2.40 343540.57
2.50 343540.57
2.60 343540.57
2.70 343540.57
2.80 343540.57
2.90 343540.57
3.00 343540.57
3.10 262799.06
3.20 262799.06
3.30 262799.06
3.40 262799.06
3.50 262799.06
3.60 262799.06
3.70 262799.06
3.80 262799.06
3.90 262799.06
4.00 262799.06
4.10 361882.45
4.20 361882.45
4.30 361882.45
4.40 361882.45
4.50 361882.45
4.60 361882.45
4.70 361882.45
4.80 361882.45
4.90 361882.45
5.00 361882.45
5.10 278520.45
5.20 278520.45
5.30 278520.45
5.40 278520.45
5.50 278520.45
5.60 278520.45
5.70 278520.45
5.80 278520.45
5.90 278520.45
6.00 278520.45
6.10 346557.27
6.20 346557.27
6.30 346557.27
6.40 346557.27
6.50 346557.27
6.60 346557.27
6.70 346557.27
6.80 346557.27
6.90 346557.27
7.00 346557.27
7.10 326465.14
7.20 326465.14
7.30 326465.14
7.40 326465.14
7.50 326465.14
7.60 326465.14
7.70 326465.14
7.80 326465.14
7.90 326465.14
8.00 326465.14
8.10 401917.51
8.20 401917.51
8.30 401917.51
8.40 401917.51
8.50 401917.51
8.60 401917.51
8.70 401917.51
8.80 401917.51
8.90 401917.51
9.00 401917.51
9.10 214672.44
9.20 214672.44
9.30 214672.44
9.40 214672.44
9.50 214672.44
9.60 214672.44
9.70 214672.44
9.80 214672.44
9.90 214672.44
10.00 214672.44
10.10 134440.88
10.20 134440.88
10.30 134440.88
10.40 134440.88
10.50 134440.88
10.60 134440.88
10.70 134440.88
10.80 134440.88
10.90 134440.88
11.00 134440.88
11.10 150369.52
11.20 150369.52
11.30 150369.52
11.40 150369.52
11.50 150369.52
11.60 150369.52
11.70 150369.52
11.80 150369.52
11.90 150369.52
12.00 150369.52
12.10 113404.76
12.20 113404.76
12.30 113404.76
12.40 113404.76
12.50 113404.76
12.60 113404.76
12.70 113404.76
12.80 113404.76
12.90 113404.76
13.00 113404.76
13.10 155961.29
13.20 155961.29
13.30 155961.29
13.40 155961.29
13.50 155961.29
13.60 155961.29
13.70 155961.29
13.80 155961.29
13.90 155961.29
14.00 155961.29
14.10 220573.83
14.20 220573.83
14.30 220573.83
14.40 220573.83
14.50 220573.83
14.60 220573.83
14.70 220573.83
14.80 220573.83
14.90 220573.83
15.00 220573.83
15.10 251855.59
15.20 251855.59
15.30 251855.59
15.40 251855.59
15.50 251855.59
15.60 251855.59
15.70 251855.59
15.80 251855.59
15.90 251855.59
16.00 251855.59
16.10 343110.40
16.20 343110.40
16.30 343110.40
16.40 343110.40
16.50 343110.40
16.60 343110.40
16.70 343110.40
16.80 343110.40
16.90 343110.40
17.00 343110.40
17.10 292345.00
17.20 292345.00
17.30 292345.00
17.40 292345.00
17.50 292345.00
17.60 292345.00
17.70 292345.00
17.80 292345.00
17.90 292345.00
18.00 292345.00
18.10 456580.07
18.20 456580.07
18.30 456580.07
18.40 456580.07
18.50 456580.07
18.60 456580.07
18.70 456580.07
18.80 456580.07
18.90 456580.07
19.00 456580.07
19.10 241535.33
19.20 241535.33
19.30 241535.33
19.40 241535.33
19.50 241535.33
19.60 241535.33
19.70 241535.33
19.80 241535.33
19.90 241535.33
20.00 241535.33
20.10 235964.07
20.20 235964.07
20.30 235964.07
20.40 235964.07
20.50 235964.07
20.60 235964.07
20.70 235964.07
20.80 235964.07
20.90 235964.07
21.00 235964.07
21.10 193249.74
21.20 193249.74
21.30 193249.74
21.40 193249.74
21.50 193249.74
21.60 193249.74
21.70 193249.74
21.80 193249.74
21.90 193249.74
22.00 193249.74
22.10 310752.29
22.20 310752.29
22.30 310752.29
22.40 310752.29
22.50 310752.29
22.60 310752.29
22.70 310752.29
22.80 310752.29
22.90 310752.29
23.00 310752.29
23.10 83294.66
23.20 83294.66
23.30 83294.66
23.40 83294.66
23.50 83294.66
23.60 83294.66
23.70 83294.66
23.80 83294.66
23.90 83294.66
24.00 83294.66
24.10 131558.81
24.20 131558.81
24.30 131558.81
24.40 131558.81
24.50 131558.81
24.60 131558.81
24.70 131558.81
24.80 131558.81
24.90 131558.81
25.00 131558.81
25.10 66973.13
25.20 66973.13
25.30 66973.13
25.40 66973.13
25.50 66973.13
25.60 66973.13
25.70 66973.13
25.80 66973.13
25.90 66973.13
26.00 66973.13
26.10 148415.09
26.20 148415.09
26.30 148415.09
26.40 148415.09
26.50 148415.09
26.60 148415.09
26.70 148415.09
26.80 148415.09
26.90 148415.09
27.00 148415.09
27.10 125647.17
27.20 125647.17
27.30 125647.17
27.40 125647.17
27.50 125647.17
27.60 125647.17
27.70 125647.17
27.80 125647.17
27.90 125647.17
28.00 125647.17
28.10 104881.33
28.20 104881.33
28.30 104881.33
28.40 104881.33
28.50 104881.33
28.60 104881.33
28.70 104881.33
28.80 104881.33
28.90 104881.33
29.00 104881.33
29.10 244454.86
29.20 244454.86
29.30 244454.86
29.40 244454.86
29.50 244454.86
29.60 244454.86
29.70 244454.86
29.80 244454.86
29.90 244454.86
30.00 244454.86
