0.15 47192.0
0.26 49968.0
0.37 49968.0
0.47 47192.0
0.58 55520.0
0.68 43028.0
0.79 43028.0
0.89 49968.0
1.00 44416.0
1.11 44416.0
1.21 47192.0
1.32 49968.0
1.42 45804.0
1.54 45804.0
1.64 36088.0
1.75 38864.0
1.86 49968.0
1.96 48580.0
2.07 47192.0
2.18 44416.0
2.29 41640.0
2.39 38864.0
2.50 44416.0
2.61 45804.0
2.71 38864.0
2.82 41640.0
2.92 41640.0
3.03 41640.0
3.13 48580.0
3.24 48580.0
3.35 48580.0
3.46 38864.0
3.57 47192.0
3.67 43028.0
3.78 51356.0
3.88 49968.0
3.99 51356.0
4.11 47192.0
4.21 48580.0
4.32 45804.0
4.42 40252.0
4.53 47192.0
4.63 40252.0
4.74 49968.0
4.85 45804.0
4.95 45804.0
5.06 41640.0
5.16 34700.0
5.27 31924.0
5.38 49968.0
5.49 41640.0
5.61 51356.0
5.71 47192.0
5.82 47192.0
5.92 40252.0
6.03 41640.0
6.13 37476.0
6.24 34700.0
6.35 43028.0
6.45 41640.0
6.56 54132.0
6.66 48580.0
6.77 54132.0
6.88 49968.0
6.99 54132.0
7.10 58296.0
7.20 58296.0
7.31 61072.0
7.41 44416.0
7.52 45804.0
7.63 44416.0
7.74 51356.0
7.85 44416.0
7.95 49968.0
8.06 58296.0
8.16 45804.0
8.27 62460.0
8.38 56908.0
8.50 56908.0
8.61 56908.0
8.71 36088.0
8.82 37476.0
8.92 44416.0
9.03 56908.0
9.13 38864.0
9.24 34700.0
9.35 55520.0
9.45 47192.0
9.56 52744.0
9.66 47192.0
9.78 47192.0
9.88 31924.0
9.99 44416.0
10.10 48580.0
10.21 38864.0
10.32 45804.0
10.43 48580.0
10.54 55520.0
10.64 44416.0
10.75 41640.0
10.86 44416.0
10.96 47192.0
11.07 54132.0
11.18 38864.0
11.29 31924.0
11.39 23596.0
11.50 27760.0
11.61 36088.0
11.71 29148.0
11.82 30536.0
11.92 47192.0
12.03 44416.0
12.13 43028.0
12.25 43028.0
12.36 40252.0
12.46 45804.0
12.57 52744.0
12.67 41640.0
12.78 48580.0
12.88 36088.0
12.99 56908.0
13.11 38864.0
13.21 40252.0
13.32 41640.0
13.42 44416.0
13.53 55520.0
13.63 33312.0
13.75 51356.0
13.86 37476.0
13.96 45804.0
14.07 45804.0
14.17 45804.0
14.28 40252.0
14.38 45804.0
14.49 48580.0
14.60 45804.0
14.70 45804.0
14.81 30536.0
14.91 33312.0
15.02 36088.0
15.13 54132.0
15.24 41640.0
15.35 34700.0
15.45 38864.0
15.56 44416.0
15.66 41640.0
15.77 47192.0
15.88 51356.0
15.99 55520.0
16.10 58296.0
16.20 44416.0
16.31 47192.0
16.41 43028.0
16.52 48580.0
16.63 48580.0
16.74 48580.0
16.85 52744.0
16.95 43028.0
17.06 48580.0
17.16 52744.0
17.27 43028.0
17.38 41640.0
17.49 51356.0
17.61 49968.0
17.71 45804.0
17.82 51356.0
17.92 43028.0
18.03 49968.0
18.14 43028.0
18.25 55520.0
18.36 61072.0
18.46 45804.0
18.57 40252.0
18.67 41640.0
18.78 43028.0
18.88 44416.0
18.99 44416.0
19.10 52744.0
19.20 45804.0
19.31 55520.0
19.41 45804.0
19.52 58296.0
19.63 56908.0
19.74 54132.0
19.85 54132.0
19.95 47192.0
20.06 55520.0
20.16 47192.0
20.27 41640.0
20.38 58296.0
20.49 52744.0
20.60 51356.0
20.70 52744.0
20.81 49968.0
20.92 44416.0
21.04 58296.0
21.15 41640.0
21.26 56908.0
21.37 58296.0
21.47 58296.0
21.58 54132.0
21.68 51356.0
21.79 52744.0
21.89 43028.0
22.00 58296.0
22.12 52744.0
22.22 47192.0
22.33 62460.0
22.43 51356.0
22.54 51356.0
22.64 45804.0
22.75 58296.0
22.86 52744.0
22.96 51356.0
23.07 59684.0
23.17 52744.0
23.28 66624.0
23.38 45804.0
23.49 48580.0
23.60 52744.0
23.70 36088.0
23.81 56908.0
23.91 48580.0
24.02 54132.0
24.13 59684.0
24.24 56908.0
24.35 47192.0
24.45 47192.0
24.56 56908.0
24.66 47192.0
24.77 52744.0
24.88 55520.0
24.99 51356.0
25.10 38864.0
25.20 48580.0
25.31 45804.0
25.41 36088.0
25.52 37476.0
25.63 47192.0
25.74 31924.0
25.85 34700.0
25.95 29148.0
26.06 51356.0
26.16 49968.0
26.27 49968.0
26.38 52744.0
26.49 54132.0
26.60 49968.0
26.70 41640.0
26.81 43028.0
26.91 41640.0
27.03 43028.0
27.13 29148.0
27.24 31924.0
27.35 37476.0
27.45 43028.0
27.56 51356.0
27.66 36088.0
27.77 52744.0
27.88 44416.0
27.99 51356.0
28.10 48580.0
28.20 43028.0
28.31 48580.0
28.41 40252.0
28.52 49968.0
28.63 49968.0
28.74 51356.0
28.85 52744.0
28.95 41640.0
29.06 59684.0
29.16 43028.0
29.27 56908.0
29.38 54132.0
29.49 49968.0
29.60 55520.0
29.70 41640.0
29.81 51356.0
29.91 47192.0
