0.17 51356.0
0.28 52744.0
0.38 34700.0
0.49 65236.0
0.59 22208.0
0.70 49968.0
0.81 15268.0
0.91 51356.0
1.03 44416.0
1.13 56908.0
1.27 8328.0
1.37 62460.0
1.53 52744.0
1.64 80504.0
1.88 43028.0
2.00 80504.0
2.13 44416.0
2.24 74952.0
2.36 37476.0
2.47 59684.0
2.73 52744.0
2.84 76340.0
2.97 38864.0
3.08 80504.0
3.20 43028.0
3.31 70788.0
3.45 47192.0
3.57 72176.0
3.69 6940.0
3.82 79116.0
3.92 48580.0
4.04 62460.0
4.16 77728.0
4.28 52744.0
4.40 80504.0
4.52 52744.0
4.63 70788.0
4.74 51356.0
4.89 4164.0
5.01 63848.0
5.25 52744.0
5.35 74952.0
5.49 49968.0
5.59 59684.0
5.72 52744.0
5.97 62460.0
6.08 76340.0
6.21 47192.0
6.32 69400.0
6.45 37476.0
6.56 68012.0
6.68 48580.0
6.80 62460.0
7.07 58296.0
7.17 61072.0
7.43 55520.0
7.54 74952.0
7.67 5552.0
7.78 76340.0
7.93 52744.0
8.04 72176.0
8.17 43028.0
8.28 70788.0
8.41 44416.0
8.52 72176.0
8.64 43028.0
8.76 58296.0
8.86 51356.0
9.01 65236.0
9.24 65236.0
9.34 76340.0
9.49 47192.0
9.59 63848.0
9.84 52744.0
9.95 65236.0
10.08 52744.0
10.21 66624.0
10.32 55520.0
10.56 61072.0
10.66 63848.0
10.80 54132.0
10.90 68012.0
11.16 27760.0
11.29 80504.0
11.39 61072.0
11.50 58296.0
11.77 8328.0
11.87 77728.0
11.98 45804.0
12.12 56908.0
12.37 63848.0
12.48 74952.0
12.58 54132.0
12.69 43028.0
12.80 65236.0
12.90 27760.0
13.01 62460.0
13.11 30536.0
13.22 72176.0
13.35 41640.0
13.46 72176.0
13.59 2776.0
13.71 70788.0
13.82 55520.0
14.07 45804.0
14.17 72176.0
14.30 48580.0
14.40 62460.0
14.67 55520.0
14.78 72176.0
14.91 37476.0
15.03 74952.0
15.15 45804.0
15.26 76340.0
15.51 40252.0
15.61 76340.0
15.74 43028.0
15.85 52744.0
15.98 56908.0
16.08 58296.0
16.23 12492.0
16.33 79116.0
16.47 56908.0
16.58 55520.0
16.83 63848.0
16.94 77728.0
17.07 36088.0
17.17 74952.0
17.30 51356.0
17.43 63848.0
17.55 55520.0
17.79 59684.0
17.89 72176.0
18.21 44416.0
18.33 79116.0
18.45 45804.0
18.56 69400.0
18.68 51356.0
18.80 69400.0
18.92 52744.0
19.03 68012.0
19.28 49968.0
19.38 66624.0
19.52 55520.0
19.62 55520.0
19.76 61072.0
19.89 62460.0
20.13 62460.0
20.24 79116.0
20.37 1388.0
20.48 80504.0
20.61 48580.0
20.73 74952.0
20.85 47192.0
20.97 73564.0
21.09 48580.0
21.32 68012.0
21.42 66624.0
21.56 62460.0
21.66 74952.0
21.81 47192.0
21.91 73564.0
22.04 4164.0
22.14 69400.0
22.29 52744.0
22.39 54132.0
22.65 52744.0
22.76 80504.0
22.89 45804.0
23.01 72176.0
23.12 47192.0
23.36 72176.0
23.47 69400.0
23.61 58296.0
23.75 65236.0
23.86 66624.0
23.99 62460.0
24.23 58296.0
24.33 70788.0
24.47 45804.0
24.59 80504.0
24.71 40252.0
24.95 77728.0
25.06 80504.0
25.31 44416.0
25.42 79116.0
25.55 34700.0
25.65 80504.0
25.79 45804.0
25.89 65236.0
26.03 9716.0
26.15 79116.0
26.27 52744.0
26.38 68012.0
26.50 51356.0
26.62 70788.0
26.98 59684.0
27.08 74952.0
27.22 45804.0
27.33 66624.0
27.47 54132.0
27.58 66624.0
27.70 47192.0
27.83 54132.0
27.94 47192.0
28.06 51356.0
28.16 48580.0
28.30 58296.0
28.41 58296.0
28.54 11104.0
28.66 80504.0
28.81 48580.0
28.93 76340.0
29.16 43028.0
29.27 73564.0
29.41 47192.0
29.64 80504.0
29.77 80504.0
29.89 44416.0
30.00 74952.0
