0.13 61072.0
0.24 49968.0
0.35 55520.0
0.45 43028.0
0.56 45804.0
0.66 47192.0
0.77 40252.0
0.88 55520.0
0.99 59684.0
1.30 8328.0
1.40 166560.0
1.51 49968.0
1.62 54132.0
1.72 47192.0
1.83 49968.0
1.93 49968.0
2.04 66624.0
2.14 37476.0
2.26 43028.0
2.37 41640.0
2.47 22208.0
2.58 51356.0
2.68 43028.0
2.79 44416.0
2.89 26372.0
3.01 37476.0
3.12 38864.0
3.22 36088.0
3.33 45804.0
3.43 38864.0
3.54 51356.0
3.64 47192.0
3.75 45804.0
3.86 48580.0
3.96 43028.0
4.07 52744.0
4.17 58296.0
4.28 56908.0
4.38 61072.0
4.49 44416.0
4.60 48580.0
4.70 30536.0
4.81 41640.0
4.91 36088.0
5.03 47192.0
5.13 41640.0
5.24 43028.0
5.35 49968.0
5.45 48580.0
5.56 38864.0
5.66 27760.0
5.77 38864.0
5.88 45804.0
5.99 37476.0
6.10 40252.0
6.20 36088.0
6.31 68012.0
6.41 52744.0
6.52 51356.0
6.63 52744.0
6.74 44416.0
6.85 45804.0
6.95 44416.0
7.06 45804.0
7.16 54132.0
7.27 37476.0
7.38 29148.0
7.49 31924.0
7.60 36088.0
7.71 26372.0
7.82 31924.0
7.92 23596.0
8.03 29148.0
8.13 20820.0
8.24 23596.0
8.35 24984.0
8.45 29148.0
8.56 36088.0
8.66 33312.0
8.77 31924.0
8.89 33312.0
9.00 45804.0
9.11 45804.0
9.21 38864.0
9.32 41640.0
9.42 43028.0
9.54 38864.0
9.64 27760.0
9.75 24984.0
9.86 34700.0
9.96 26372.0
10.08 24984.0
10.18 27760.0
10.29 29148.0
10.39 27760.0
10.50 26372.0
10.61 37476.0
10.71 33312.0
10.82 62460.0
10.92 37476.0
11.03 47192.0
11.13 43028.0
11.24 48580.0
11.35 52744.0
11.45 70788.0
11.56 70788.0
11.66 45804.0
11.77 63848.0
11.88 51356.0
11.99 43028.0
12.10 45804.0
12.20 62460.0
12.53 15268.0
12.63 184604.0
12.74 68012.0
12.85 74952.0
12.95 55520.0
13.06 97160.0
13.17 58296.0
13.54 5552.0
13.64 244288.0
13.75 105488.0
13.86 73564.0
13.96 66624.0
14.07 68012.0
14.17 62460.0
14.28 59684.0
14.38 58296.0
14.49 48580.0
14.60 58296.0
14.70 37476.0
14.81 41640.0
14.91 37476.0
15.02 36088.0
15.13 38864.0
15.24 27760.0
15.35 36088.0
15.45 44416.0
15.56 61072.0
15.66 69400.0
15.77 87444.0
15.88 68012.0
15.99 44416.0
16.10 29148.0
16.20 34700.0
16.31 31924.0
16.41 30536.0
16.52 24984.0
16.63 31924.0
16.74 34700.0
16.85 24984.0
16.95 27760.0
17.06 23596.0
17.17 36088.0
17.28 52744.0
17.38 27760.0
17.49 37476.0
17.60 31924.0
17.70 37476.0
17.81 45804.0
17.91 30536.0
18.02 27760.0
18.13 33312.0
18.24 30536.0
18.35 44416.0
18.45 20820.0
18.56 23596.0
18.66 20820.0
18.77 24984.0
18.88 40252.0
18.99 52744.0
19.10 45804.0
19.20 41640.0
19.31 51356.0
19.41 41640.0
19.53 48580.0
19.63 58296.0
19.74 61072.0
19.85 62460.0
19.95 33312.0
20.06 49968.0
20.16 61072.0
20.27 49968.0
20.38 45804.0
20.49 48580.0
20.60 49968.0
20.70 66624.0
20.81 79116.0
20.92 66624.0
21.03 69400.0
21.13 62460.0
21.24 56908.0
21.35 51356.0
21.45 63848.0
21.56 54132.0
21.66 48580.0
21.77 51356.0
21.88 48580.0
21.99 66624.0
22.11 68012.0
22.21 61072.0
22.32 54132.0
22.42 51356.0
22.53 49968.0
22.63 38864.0
22.74 54132.0
22.85 33312.0
22.95 27760.0
23.06 20820.0
23.17 15268.0
23.28 15268.0
23.38 19432.0
23.49 22208.0
23.60 23596.0
23.70 27760.0
23.81 27760.0
23.92 26372.0
24.03 26372.0
24.14 22208.0
24.25 24984.0
24.36 24984.0
24.46 20820.0
24.57 34700.0
24.67 37476.0
24.79 44416.0
24.89 48580.0
25.00 49968.0
25.11 48580.0
25.21 38864.0
25.32 56908.0
25.42 51356.0
25.53 49968.0
25.63 49968.0
25.74 51356.0
25.85 76340.0
25.95 65236.0
26.07 54132.0
26.17 55520.0
26.28 62460.0
26.38 66624.0
26.49 55520.0
26.60 48580.0
26.70 37476.0
26.81 44416.0
26.91 49968.0
27.02 38864.0
27.13 30536.0
27.24 54132.0
27.35 56908.0
27.45 47192.0
27.56 68012.0
27.66 59684.0
27.77 43028.0
27.89 44416.0
28.01 52744.0
28.12 43028.0
28.22 58296.0
28.33 55520.0
28.43 49968.0
28.54 72176.0
28.64 59684.0
28.75 63848.0
28.86 59684.0
28.96 66624.0
29.07 68012.0
29.17 65236.0
29.28 68012.0
29.38 59684.0
29.49 49968.0
29.60 45804.0
29.70 49968.0
29.81 62460.0
29.91 48580.0
