0.26 77728.0
0.38 51356.0
0.49 72176.0
0.74 52744.0
0.86 79116.0
0.98 51356.0
1.10 68012.0
1.34 58296.0
1.46 80504.0
1.57 45804.0
1.67 69400.0
1.82 48580.0
1.92 68012.0
2.03 58296.0
2.18 51356.0
2.42 69400.0
2.56 80504.0
2.66 59684.0
2.80 45804.0
3.04 80504.0
3.14 72176.0
3.25 54132.0
3.36 49968.0
3.46 49968.0
3.57 43028.0
3.67 55520.0
3.89 37476.0
4.00 73564.0
4.13 51356.0
4.26 72176.0
4.49 54132.0
4.60 62460.0
4.73 55520.0
4.84 56908.0
5.10 52744.0
5.20 77728.0
5.34 43028.0
5.44 76340.0
5.57 45804.0
5.67 74952.0
6.00 45804.0
6.11 77728.0
6.23 49968.0
6.36 59684.0
6.48 55520.0
6.72 59684.0
6.83 70788.0
6.96 40252.0
7.07 49968.0
7.19 55520.0
7.30 56908.0
7.40 49968.0
7.56 9716.0
7.66 52744.0
7.81 59684.0
7.91 62460.0
8.06 58296.0
8.16 62460.0
8.30 52744.0
8.41 62460.0
8.65 48580.0
8.76 56908.0
8.90 23596.0
9.01 80504.0
9.14 41640.0
9.25 77728.0
9.38 41640.0
9.49 70788.0
9.73 47192.0
9.84 70788.0
9.97 49968.0
10.09 69400.0
10.20 51356.0
10.34 58296.0
10.44 62460.0
10.58 49968.0
10.68 62460.0
10.82 4164.0
10.92 76340.0
11.06 44416.0
11.30 73564.0
11.41 79116.0
11.54 43028.0
11.64 69400.0
11.78 45804.0
11.88 66624.0
12.01 49968.0
12.12 76340.0
12.23 41640.0
12.34 52744.0
12.44 47192.0
12.75 29148.0
12.86 74952.0
12.96 49968.0
13.12 62460.0
13.23 70788.0
13.36 47192.0
13.46 68012.0
13.60 52744.0
13.83 63848.0
13.93 66624.0
14.04 54132.0
14.14 55520.0
14.25 43028.0
14.36 62460.0
14.46 33312.0
14.57 69400.0
14.68 33312.0
14.79 61072.0
14.92 55520.0
15.03 63848.0
15.13 45804.0
15.24 56908.0
15.66 9716.0
15.77 80504.0
15.88 40252.0
15.99 69400.0
16.12 52744.0
16.24 69400.0
16.36 45804.0
16.47 74952.0
16.59 49968.0
16.69 63848.0
16.84 4164.0
16.94 73564.0
17.07 58296.0
17.20 55520.0
17.34 62460.0
17.45 77728.0
17.58 49968.0
17.68 66624.0
17.81 2776.0
17.93 80504.0
18.06 43028.0
18.16 69400.0
18.30 11104.0
18.40 73564.0
18.65 55520.0
18.76 73564.0
18.90 48580.0
19.01 79116.0
19.25 44416.0
19.36 77728.0
19.50 44416.0
19.61 79116.0
19.74 44416.0
19.85 76340.0
19.97 43028.0
20.08 65236.0
20.22 54132.0
20.33 69400.0
20.43 55520.0
20.54 54132.0
20.70 2776.0
20.94 80504.0
21.05 80504.0
21.18 43028.0
21.29 80504.0
21.41 40252.0
21.52 65236.0
21.62 54132.0
21.73 58296.0
21.84 47192.0
21.94 54132.0
22.15 20820.0
22.26 68012.0
22.40 51356.0
22.52 73564.0
22.63 2776.0
22.75 80504.0
22.88 43028.0
23.12 70788.0
23.24 80504.0
23.36 47192.0
23.47 69400.0
23.60 52744.0
23.70 56908.0
23.84 52744.0
23.94 68012.0
24.08 43028.0
24.18 70788.0
24.32 9716.0
24.42 76340.0
24.56 45804.0
24.67 77728.0
24.92 47192.0
25.03 80504.0
25.16 47192.0
25.28 80504.0
25.40 43028.0
25.51 79116.0
25.63 45804.0
25.74 63848.0
25.88 52744.0
26.12 69400.0
26.23 74952.0
26.36 55520.0
26.48 54132.0
26.59 65236.0
26.83 49968.0
26.93 59684.0
27.04 65236.0
27.14 40252.0
27.25 55520.0
27.36 45804.0
27.47 49968.0
27.70 45804.0
27.82 80504.0
27.93 44416.0
28.06 70788.0
28.29 61072.0
28.39 69400.0
28.54 55520.0
28.64 76340.0
28.77 4164.0
28.87 72176.0
29.02 48580.0
29.12 58296.0
29.26 51356.0
29.37 73564.0
29.50 45804.0
29.61 56908.0
29.74 16656.0
29.85 73564.0
