0.35 79116.0
0.47 47192.0
0.58 73564.0
0.71 49968.0
0.81 43028.0
0.95 31924.0
1.06 65236.0
1.19 65236.0
1.31 54132.0
1.43 69400.0
1.56 56908.0
1.92 58296.0
2.03 79116.0
2.15 43028.0
2.27 80504.0
2.39 47192.0
2.51 76340.0
2.64 51356.0
2.75 73564.0
2.87 43028.0
2.98 48580.0
3.08 47192.0
3.24 15268.0
3.34 65236.0
3.47 54132.0
3.57 65236.0
3.70 59684.0
3.84 56908.0
4.07 55520.0
4.18 66624.0
4.31 52744.0
4.69 65236.0
4.84 80504.0
4.95 58296.0
5.08 59684.0
5.19 62460.0
5.32 62460.0
5.43 62460.0
5.55 56908.0
5.65 55520.0
5.91 62460.0
6.03 80504.0
6.16 48580.0
6.27 73564.0
6.40 40252.0
6.62 69400.0
6.75 80504.0
6.87 45804.0
6.98 69400.0
7.08 56908.0
7.19 44416.0
7.30 49968.0
7.40 65236.0
7.60 13880.0
7.71 79116.0
8.01 41640.0
8.12 80504.0
8.24 48580.0
8.35 59684.0
8.47 59684.0
8.59 58296.0
8.71 69400.0
8.97 48580.0
9.07 73564.0
9.34 48580.0
9.45 81892.0
9.58 38864.0
9.69 79116.0
9.82 34700.0
9.94 81892.0
10.06 41640.0
10.17 73564.0
10.28 45804.0
10.38 58296.0
10.65 22208.0
10.77 80504.0
10.88 44416.0
10.99 59684.0
11.14 54132.0
11.26 66624.0
11.38 58296.0
11.51 66624.0
11.63 52744.0
11.88 63848.0
11.99 81892.0
12.11 41640.0
12.23 72176.0
12.36 49968.0
12.47 69400.0
12.71 38864.0
12.81 68012.0
12.96 54132.0
13.07 59684.0
13.18 68012.0
13.32 2776.0
13.43 61072.0
13.58 52744.0
13.82 70788.0
13.95 79116.0
14.06 62460.0
14.30 47192.0
14.40 69400.0
14.54 45804.0
14.64 69400.0
14.78 59684.0
14.89 54132.0
15.02 63848.0
15.14 63848.0
15.26 61072.0
15.36 55520.0
15.47 49968.0
15.61 12492.0
15.72 76340.0
15.86 47192.0
15.98 81892.0
16.20 41640.0
16.31 62460.0
16.45 56908.0
16.56 73564.0
16.81 51356.0
16.93 80504.0
17.05 48580.0
17.15 72176.0
17.30 44416.0
17.40 65236.0
17.52 15268.0
17.62 59684.0
17.73 51356.0
17.92 66624.0
18.16 80504.0
18.29 80504.0
18.54 52744.0
18.65 80504.0
18.77 43028.0
18.89 80504.0
19.02 47192.0
19.13 74952.0
19.25 49968.0
19.35 68012.0
19.62 51356.0
19.73 81892.0
19.86 36088.0
19.97 81892.0
20.09 34700.0
20.20 59684.0
20.34 63848.0
20.58 59684.0
20.82 80504.0
20.96 80504.0
21.07 62460.0
21.18 43028.0
21.29 79116.0
21.53 43028.0
21.65 80504.0
21.78 47192.0
21.88 74952.0
22.13 48580.0
22.25 80504.0
22.36 40252.0
22.47 74952.0
22.60 47192.0
22.71 72176.0
22.86 51356.0
23.12 80504.0
23.23 80504.0
23.36 40252.0
23.47 79116.0
23.59 47192.0
23.71 69400.0
23.84 43028.0
23.95 61072.0
24.07 49968.0
24.42 62460.0
24.54 66624.0
24.67 59684.0
24.79 69400.0
25.03 56908.0
25.14 79116.0
25.27 47192.0
25.40 79116.0
25.51 54132.0
25.61 59684.0
25.75 54132.0
25.85 61072.0
25.98 12492.0
26.08 68012.0
26.24 56908.0
26.36 74952.0
26.48 52744.0
26.59 69400.0
26.71 52744.0
26.81 54132.0
26.96 18044.0
27.09 79116.0
27.21 66624.0
27.43 49968.0
27.57 80504.0
27.69 61072.0
27.81 63848.0
27.94 54132.0
28.17 69400.0
28.29 79116.0
28.40 56908.0
28.53 68012.0
28.65 51356.0
28.90 66624.0
29.14 79116.0
29.26 83280.0
29.36 45804.0
29.50 68012.0
29.61 61072.0
29.73 62460.0
29.86 56908.0
29.98 72176.0
