0.10 124620.80
0.20 124620.80
0.30 124620.80
0.40 124620.80
0.50 124620.80
0.60 124620.80
0.70 124620.80
0.80 124620.80
0.90 124620.80
1.00 124620.80
1.10 62668.80
1.20 62668.80
1.30 62668.80
1.40 62668.80
1.50 62668.80
1.60 62668.80
1.70 62668.80
1.80 62668.80
1.90 62668.80
2.00 62668.80
2.10 67788.80
2.20 67788.80
2.30 67788.80
2.40 67788.80
2.50 67788.80
2.60 67788.80
2.70 67788.80
2.80 67788.80
2.90 67788.80
3.00 67788.80
3.10 64307.20
3.20 64307.20
3.30 64307.20
3.40 64307.20
3.50 64307.20
3.60 64307.20
3.70 64307.20
3.80 64307.20
3.90 64307.20
4.00 64307.20
4.10 13414.40
4.20 13414.40
4.30 13414.40
4.40 13414.40
4.50 13414.40
4.60 13414.40
4.70 13414.40
4.80 13414.40
4.90 13414.40
5.00 13414.40
5.10 79872.00
5.20 79872.00
5.30 79872.00
5.40 79872.00
5.50 79872.00
5.60 79872.00
5.70 79872.00
5.80 79872.00
5.90 79872.00
6.00 79872.00
6.10 24064.00
6.20 24064.00
6.30 24064.00
6.40 24064.00
6.50 24064.00
6.60 24064.00
6.70 24064.00
6.80 24064.00
6.90 24064.00
7.00 24064.00
7.10 63283.20
7.20 63283.20
7.30 63283.20
7.40 63283.20
7.50 63283.20
7.60 63283.20
7.70 63283.20
7.80 63283.20
7.90 63283.20
8.00 63283.20
8.10 66252.80
8.20 66252.80
8.30 66252.80
8.40 66252.80
8.50 66252.80
8.60 66252.80
8.70 66252.80
8.80 66252.80
8.90 66252.80
9.00 66252.80
9.10 53760.00
9.20 53760.00
9.30 53760.00
9.40 53760.00
9.50 53760.00
9.60 53760.00
9.70 53760.00
9.80 53760.00
9.90 53760.00
10.00 53760.00
10.10 55705.60
10.20 55705.60
10.30 55705.60
10.40 55705.60
10.50 55705.60
10.60 55705.60
10.70 55705.60
10.80 55705.60
10.90 55705.60
11.00 55705.60
11.10 64614.40
11.20 64614.40
11.30 64614.40
11.40 64614.40
11.50 64614.40
11.60 64614.40
11.70 64614.40
11.80 64614.40
11.90 64614.40
12.00 64614.40
12.10 46284.80
12.20 46284.80
12.30 46284.80
12.40 46284.80
12.50 46284.80
12.60 46284.80
12.70 46284.80
12.80 46284.80
12.90 46284.80
13.00 46284.80
13.10 76185.60
13.20 76185.60
13.30 76185.60
13.40 76185.60
13.50 76185.60
13.60 76185.60
13.70 76185.60
13.80 76185.60
13.90 76185.60
14.00 76185.60
14.10 57241.60
14.20 57241.60
14.30 57241.60
14.40 57241.60
14.50 57241.60
14.60 57241.60
14.70 57241.60
14.80 57241.60
14.90 57241.60
15.00 57241.60
15.10 69939.20
15.20 69939.20
15.30 69939.20
15.40 69939.20
15.50 69939.20
15.60 69939.20
15.70 69939.20
15.80 69939.20
15.90 69939.20
16.00 69939.20
16.10 67788.80
16.20 67788.80
16.30 67788.80
16.40 67788.80
16.50 67788.80
16.60 67788.80
16.70 67788.80
16.80 67788.80
16.90 67788.80
17.00 67788.80
17.10 35635.20
17.20 35635.20
17.30 35635.20
17.40 35635.20
17.50 35635.20
17.60 35635.20
17.70 35635.20
17.80 35635.20
17.90 35635.20
18.00 35635.20
18.10 95436.80
18.20 95436.80
18.30 95436.80
18.40 95436.80
18.50 95436.80
18.60 95436.80
18.70 95436.80
18.80 95436.80
18.90 95436.80
19.00 95436.80
19.10 64921.60
19.20 64921.60
19.30 64921.60
19.40 64921.60
19.50 64921.60
19.60 64921.60
19.70 64921.60
19.80 64921.60
19.90 64921.60
20.00 64921.60
20.10 70041.60
20.20 70041.60
20.30 70041.60
20.40 70041.60
20.50 70041.60
20.60 70041.60
20.70 70041.60
20.80 70041.60
20.90 70041.60
21.00 70041.60
21.10 65843.20
21.20 65843.20
21.30 65843.20
21.40 65843.20
21.50 65843.20
21.60 65843.20
21.70 65843.20
21.80 65843.20
21.90 65843.20
22.00 65843.20
22.10 66252.80
22.20 66252.80
22.30 66252.80
22.40 66252.80
22.50 66252.80
22.60 66252.80
22.70 66252.80
22.80 66252.80
22.90 66252.80
23.00 66252.80
23.10 67174.40
23.20 67174.40
23.30 67174.40
23.40 67174.40
23.50 67174.40
23.60 67174.40
23.70 67174.40
23.80 67174.40
23.90 67174.40
24.00 67174.40
24.10 68915.20
24.20 68915.20
24.30 68915.20
24.40 68915.20
24.50 68915.20
24.60 68915.20
24.70 68915.20
24.80 68915.20
24.90 68915.20
25.00 68915.20
25.10 15052.80
25.20 15052.80
25.30 15052.80
25.40 15052.80
25.50 15052.80
25.60 15052.80
25.70 15052.80
25.80 15052.80
25.90 15052.80
26.00 15052.80
26.10 113664.00
26.20 113664.00
26.30 113664.00
26.40 113664.00
26.50 113664.00
26.60 113664.00
26.70 113664.00
26.80 113664.00
26.90 113664.00
27.00 113664.00
27.10 55091.20
27.20 55091.20
27.30 55091.20
27.40 55091.20
27.50 55091.20
27.60 55091.20
27.70 55091.20
27.80 55091.20
27.90 55091.20
28.00 55091.20
28.10 52531.20
28.20 52531.20
28.30 52531.20
28.40 52531.20
28.50 52531.20
28.60 52531.20
28.70 52531.20
28.80 52531.20
28.90 52531.20
29.00 52531.20
29.10 68198.40
29.20 68198.40
29.30 68198.40
29.40 68198.40
29.50 68198.40
29.60 68198.40
29.70 68198.40
29.80 68198.40
29.90 68198.40
30.00 68198.40
