0.10 53657.60
0.20 53657.60
0.30 53657.60
0.40 53657.60
0.50 53657.60
0.60 53657.60
0.70 53657.60
0.80 53657.60
0.90 53657.60
1.00 53657.60
1.10 67686.40
1.20 67686.40
1.30 67686.40
1.40 67686.40
1.50 67686.40
1.60 67686.40
1.70 67686.40
1.80 67686.40
1.90 67686.40
2.00 67686.40
2.10 64204.80
2.20 64204.80
2.30 64204.80
2.40 64204.80
2.50 64204.80
2.60 64204.80
2.70 64204.80
2.80 64204.80
2.90 64204.80
3.00 64204.80
3.10 64921.60
3.20 64921.60
3.30 64921.60
3.40 64921.60
3.50 64921.60
3.60 64921.60
3.70 64921.60
3.80 64921.60
3.90 64921.60
4.00 64921.60
4.10 67276.80
4.20 67276.80
4.30 67276.80
4.40 67276.80
4.50 67276.80
4.60 67276.80
4.70 67276.80
4.80 67276.80
4.90 67276.80
5.00 67276.80
5.10 63692.80
5.20 63692.80
5.30 63692.80
5.40 63692.80
5.50 63692.80
5.60 63692.80
5.70 63692.80
5.80 63692.80
5.90 63692.80
6.00 63692.80
6.10 14131.20
6.20 14131.20
6.30 14131.20
6.40 14131.20
6.50 14131.20
6.60 14131.20
6.70 14131.20
6.80 14131.20
6.90 14131.20
7.00 14131.20
7.10 102502.40
7.20 102502.40
7.30 102502.40
7.40 102502.40
7.50 102502.40
7.60 102502.40
7.70 102502.40
7.80 102502.40
7.90 102502.40
8.00 102502.40
8.10 56627.20
8.20 56627.20
8.30 56627.20
8.40 56627.20
8.50 56627.20
8.60 56627.20
8.70 56627.20
8.80 56627.20
8.90 56627.20
9.00 56627.20
9.10 58060.80
9.20 58060.80
9.30 58060.80
9.40 58060.80
9.50 58060.80
9.60 58060.80
9.70 58060.80
9.80 58060.80
9.90 58060.80
10.00 58060.80
10.10 56627.20
10.20 56627.20
10.30 56627.20
10.40 56627.20
10.50 56627.20
10.60 56627.20
10.70 56627.20
10.80 56627.20
10.90 56627.20
11.00 56627.20
11.10 60723.20
11.20 60723.20
11.30 60723.20
11.40 60723.20
11.50 60723.20
11.60 60723.20
11.70 60723.20
11.80 60723.20
11.90 60723.20
12.00 60723.20
12.10 64307.20
12.20 64307.20
12.30 64307.20
12.40 64307.20
12.50 64307.20
12.60 64307.20
12.70 64307.20
12.80 64307.20
12.90 64307.20
13.00 64307.20
13.10 65228.80
13.20 65228.80
13.30 65228.80
13.40 65228.80
13.50 65228.80
13.60 65228.80
13.70 65228.80
13.80 65228.80
13.90 65228.80
14.00 65228.80
14.10 62361.60
14.20 62361.60
14.30 62361.60
14.40 62361.60
14.50 62361.60
14.60 62361.60
14.70 62361.60
14.80 62361.60
14.90 62361.60
15.00 62361.60
15.10 56729.60
15.20 56729.60
15.30 56729.60
15.40 56729.60
15.50 56729.60
15.60 56729.60
15.70 56729.60
15.80 56729.60
15.90 56729.60
16.00 56729.60
16.10 54476.80
16.20 54476.80
16.30 54476.80
16.40 54476.80
16.50 54476.80
16.60 54476.80
16.70 54476.80
16.80 54476.80
16.90 54476.80
17.00 54476.80
17.10 51404.80
17.20 51404.80
17.30 51404.80
17.40 51404.80
17.50 51404.80
17.60 51404.80
17.70 51404.80
17.80 51404.80
17.90 51404.80
18.00 51404.80
18.10 62976.00
18.20 62976.00
18.30 62976.00
18.40 62976.00
18.50 62976.00
18.60 62976.00
18.70 62976.00
18.80 62976.00
18.90 62976.00
19.00 62976.00
19.10 36147.20
19.20 36147.20
19.30 36147.20
19.40 36147.20
19.50 36147.20
19.60 36147.20
19.70 36147.20
19.80 36147.20
19.90 36147.20
20.00 36147.20
20.10 89292.80
20.20 89292.80
20.30 89292.80
20.40 89292.80
20.50 89292.80
20.60 89292.80
20.70 89292.80
20.80 89292.80
20.90 89292.80
21.00 89292.80
21.10 64614.40
21.20 64614.40
21.30 64614.40
21.40 64614.40
21.50 64614.40
21.60 64614.40
21.70 64614.40
21.80 64614.40
21.90 64614.40
22.00 64614.40
22.10 57241.60
22.20 57241.60
22.30 57241.60
22.40 57241.60
22.50 57241.60
22.60 57241.60
22.70 57241.60
22.80 57241.60
22.90 57241.60
23.00 57241.60
23.10 57651.20
23.20 57651.20
23.30 57651.20
23.40 57651.20
23.50 57651.20
23.60 57651.20
23.70 57651.20
23.80 57651.20
23.90 57651.20
24.00 57651.20
24.10 33587.20
24.20 33587.20
24.30 33587.20
24.40 33587.20
24.50 33587.20
24.60 33587.20
24.70 33587.20
24.80 33587.20
24.90 33587.20
25.00 33587.20
25.10 79360.00
25.20 79360.00
25.30 79360.00
25.40 79360.00
25.50 79360.00
25.60 79360.00
25.70 79360.00
25.80 79360.00
25.90 79360.00
26.00 79360.00
26.10 62566.40
26.20 62566.40
26.30 62566.40
26.40 62566.40
26.50 62566.40
26.60 62566.40
26.70 62566.40
26.80 62566.40
26.90 62566.40
27.00 62566.40
27.10 63385.60
27.20 63385.60
27.30 63385.60
27.40 63385.60
27.50 63385.60
27.60 63385.60
27.70 63385.60
27.80 63385.60
27.90 63385.60
28.00 63385.60
28.10 52121.60
28.20 52121.60
28.30 52121.60
28.40 52121.60
28.50 52121.60
28.60 52121.60
28.70 52121.60
28.80 52121.60
28.90 52121.60
29.00 52121.60
29.10 44339.20
29.20 44339.20
29.30 44339.20
29.40 44339.20
29.50 44339.20
29.60 44339.20
29.70 44339.20
29.80 44339.20
29.90 44339.20
30.00 44339.20
