0.10 77824.00
0.20 77824.00
0.30 77824.00
0.40 77824.00
0.50 77824.00
0.60 77824.00
0.70 77824.00
0.80 77824.00
0.90 77824.00
1.00 77824.00
1.10 76800.00
1.20 76800.00
1.30 76800.00
1.40 76800.00
1.50 76800.00
1.60 76800.00
1.70 76800.00
1.80 76800.00
1.90 76800.00
2.00 76800.00
2.10 82227.20
2.20 82227.20
2.30 82227.20
2.40 82227.20
2.50 82227.20
2.60 82227.20
2.70 82227.20
2.80 82227.20
2.90 82227.20
3.00 82227.20
3.10 78336.00
3.20 78336.00
3.30 78336.00
3.40 78336.00
3.50 78336.00
3.60 78336.00
3.70 78336.00
3.80 78336.00
3.90 78336.00
4.00 78336.00
4.10 78233.60
4.20 78233.60
4.30 78233.60
4.40 78233.60
4.50 78233.60
4.60 78233.60
4.70 78233.60
4.80 78233.60
4.90 78233.60
5.00 78233.60
5.10 78540.80
5.20 78540.80
5.30 78540.80
5.40 78540.80
5.50 78540.80
5.60 78540.80
5.70 78540.80
5.80 78540.80
5.90 78540.80
6.00 78540.80
6.10 78233.60
6.20 78233.60
6.30 78233.60
6.40 78233.60
6.50 78233.60
6.60 78233.60
6.70 78233.60
6.80 78233.60
6.90 78233.60
7.00 78233.60
7.10 80076.80
7.20 80076.80
7.30 80076.80
7.40 80076.80
7.50 80076.80
7.60 80076.80
7.70 80076.80
7.80 80076.80
7.90 80076.80
8.00 80076.80
8.10 76800.00
8.20 76800.00
8.30 76800.00
8.40 76800.00
8.50 76800.00
8.60 76800.00
8.70 76800.00
8.80 76800.00
8.90 76800.00
9.00 76800.00
9.10 76595.20
9.20 76595.20
9.30 76595.20
9.40 76595.20
9.50 76595.20
9.60 76595.20
9.70 76595.20
9.80 76595.20
9.90 76595.20
10.00 76595.20
10.10 81305.60
10.20 81305.60
10.30 81305.60
10.40 81305.60
10.50 81305.60
10.60 81305.60
10.70 81305.60
10.80 81305.60
10.90 81305.60
11.00 81305.60
11.10 76697.60
11.20 76697.60
11.30 76697.60
11.40 76697.60
11.50 76697.60
11.60 76697.60
11.70 76697.60
11.80 76697.60
11.90 76697.60
12.00 76697.60
12.10 78131.20
12.20 78131.20
12.30 78131.20
12.40 78131.20
12.50 78131.20
12.60 78131.20
12.70 78131.20
12.80 78131.20
12.90 78131.20
13.00 78131.20
13.10 78233.60
13.20 78233.60
13.30 78233.60
13.40 78233.60
13.50 78233.60
13.60 78233.60
13.70 78233.60
13.80 78233.60
13.90 78233.60
14.00 78233.60
14.10 80076.80
14.20 80076.80
14.30 80076.80
14.40 80076.80
14.50 80076.80
14.60 80076.80
14.70 80076.80
14.80 80076.80
14.90 80076.80
15.00 80076.80
15.10 77414.40
15.20 77414.40
15.30 77414.40
15.40 77414.40
15.50 77414.40
15.60 77414.40
15.70 77414.40
15.80 77414.40
15.90 77414.40
16.00 77414.40
16.10 75059.20
16.20 75059.20
16.30 75059.20
16.40 75059.20
16.50 75059.20
16.60 75059.20
16.70 75059.20
16.80 75059.20
16.90 75059.20
17.00 75059.20
17.10 74444.80
17.20 74444.80
17.30 74444.80
17.40 74444.80
17.50 74444.80
17.60 74444.80
17.70 74444.80
17.80 74444.80
17.90 74444.80
18.00 74444.80
18.10 80588.80
18.20 80588.80
18.30 80588.80
18.40 80588.80
18.50 80588.80
18.60 80588.80
18.70 80588.80
18.80 80588.80
18.90 80588.80
19.00 80588.80
19.10 76185.60
19.20 76185.60
19.30 76185.60
19.40 76185.60
19.50 76185.60
19.60 76185.60
19.70 76185.60
19.80 76185.60
19.90 76185.60
20.00 76185.60
20.10 80486.40
20.20 80486.40
20.30 80486.40
20.40 80486.40
20.50 80486.40
20.60 80486.40
20.70 80486.40
20.80 80486.40
20.90 80486.40
21.00 80486.40
21.10 80896.00
21.20 80896.00
21.30 80896.00
21.40 80896.00
21.50 80896.00
21.60 80896.00
21.70 80896.00
21.80 80896.00
21.90 80896.00
22.00 80896.00
22.10 78233.60
22.20 78233.60
22.30 78233.60
22.40 78233.60
22.50 78233.60
22.60 78233.60
22.70 78233.60
22.80 78233.60
22.90 78233.60
23.00 78233.60
23.10 76185.60
23.20 76185.60
23.30 76185.60
23.40 76185.60
23.50 76185.60
23.60 76185.60
23.70 76185.60
23.80 76185.60
23.90 76185.60
24.00 76185.60
24.10 79360.00
24.20 79360.00
24.30 79360.00
24.40 79360.00
24.50 79360.00
24.60 79360.00
24.70 79360.00
24.80 79360.00
24.90 79360.00
25.00 79360.00
25.10 76288.00
25.20 76288.00
25.30 76288.00
25.40 76288.00
25.50 76288.00
25.60 76288.00
25.70 76288.00
25.80 76288.00
25.90 76288.00
26.00 76288.00
26.10 75161.60
26.20 75161.60
26.30 75161.60
26.40 75161.60
26.50 75161.60
26.60 75161.60
26.70 75161.60
26.80 75161.60
26.90 75161.60
27.00 75161.60
27.10 78131.20
27.20 78131.20
27.30 78131.20
27.40 78131.20
27.50 78131.20
27.60 78131.20
27.70 78131.20
27.80 78131.20
27.90 78131.20
28.00 78131.20
28.10 76697.60
28.20 76697.60
28.30 76697.60
28.40 76697.60
28.50 76697.60
28.60 76697.60
28.70 76697.60
28.80 76697.60
28.90 76697.60
29.00 76697.60
29.10 77004.80
29.20 77004.80
29.30 77004.80
29.40 77004.80
29.50 77004.80
29.60 77004.80
29.70 77004.80
29.80 77004.80
29.90 77004.80
30.00 77004.80
