3
6
9
12
15
18
21
24
27
30
33
36
39
42
45
48
51
54
57
60
63
66
70
74
78
82
86
90
95
99
103
107
111
115
120
124
128
132
136
140
145
149
153
157
161
165
170
174
178
182
186
190
195
199
203
207
211
215
220
224
228
232
236
240
245
249
253
257
261
265
270
274
278
283
287
291
296
300
304
309
313
317
322
326
330
335
339
343
348
352
356
361
365
370
374
378
382
386
390
395
399
403
407
411
415
420
424
428
432
436
440
444
449
453
457
461
465
470
474
478
482
486
490
495
499
503
507
511
515
520
524
528
532
536
540
544
549
553
557
561
565
570
575
580
585
590
596
601
606
611
617
622
627
632
638
643
648
653
659
664
669
674
680
685
690
695
700
705
710
715
720
725
730
735
740
745
750
755
760
765
770
775
780
784
789
794
799
803
808
813
818
822
827
832
837
841
846
851
856
860
865
870
875
880
884
889
894
899
903
908
913
918
922
927
932
937
941
946
951
956
960
965
970
975
980
985
990
995
1000
1004
1010
1015
1020
1025
1030
1035
1040
1045
1050
1055
1060
1065
1070
1075
1080
1084
1089
1094
1099
1103
1108
1113
1118
1122
1127
1132
1137
1141
1146
1151
1156
1160
1165
1170
1175
1180
1184
1189
1194
1199
1203
1208
1213
1218
1222
1227
1232
1237
1241
1246
1251
1256
1260
1265
1270
1275
1280
1284
1289
1294
1299
1303
1308
1313
1318
1322
1327
1332
1337
1341
1346
1351
1356
1360
1365
1370
1375
1380
1384
1390
1395
1400
1404
1410
1415
1420
1424
1430
1435
1440
1444
1450
1455
1460
1464
1470
1475
1480
1484
1489
1494
1499
1503
1508
1513
1518
1522
1527
1532
1537
1541
1546
1551
1556
1560
1565
1570
1575
1580
1585
1591
1597
1603
1609
1615
1621
1627
1632
1638
1644
1650
1656
1662
1668
1674
1680
1685
1691
1697
1703
1709
1715
1721
1727
1732
1738
1744
1750
1756
1762
1768
1774
1780
1785
1791
1797
1803
1809
1815
1821
1827
1832
1838
1844
1850
1856
1862
1868
1874
1880
1885
1891
1896
1902
1907
1913
1918
1924
1930
1935
1941
1946
1952
1957
1963
1968
1974
1980
1985
1991
1997
2003
2009
2015
2021
2027
2032
2038
2044
2050
2056
2062
2068
2074
2080
2085
2091
2097
2103
2109
2115
2121
2127
2132
2138
2144
2150
2156
2162
2168
2174
2180
2185
2191
2197
2203
2209
2215
2221
2227
2232
2238
2244
2250
2256
2262
2268
2274
2280
2285
2291
2297
2303
2309
2315
2321
2327
2332
2338
2344
2350
2356
2362
2368
2374
2380
2385
2391
2397
2403
2409
2415
2421
2427
2432
2438
2444
2450
2456
2462
2468
2474
2480
2485
2491
2497
2503
2509
2515
2521
2527
2532
2538
2544
2550
2556
2562
2568
2574
2580
2585
2591
2596
2602
2607
2613
2618
2624
2630
2635
2641
2646
2652
2657
2663
2668
2674
2680
2686
2692
2698
2704
2710
2716
2722
2728
2735
2741
2747
2753
2759
2765
2771
2777
2783
2790
2795
2801
2806
2812
2817
2823
2828
2834
2840
2845
2851
2856
2862
2867
2873
2878
2884
2890
2895
2901
2906
2912
2917
2923
2928
2934
2940
2945
2951
2956
2962
2967
2973
2978
2984
2990
2995
3001
3006
3012
3017
3023
3028
3034
3040
3045
3051
3056
3062
3067
3073
3078
3084
3090
3095
3101
3106
3112
3117
3123
3128
3134
3139
3145
3151
3156
3162
3167
3173
3178
3184
3190
3195
3201
3207
3213
3219
3225
3231
3237
3242
3248
3254
3260
3266
3272
3278
3284
3290
3295
3301
3306
3312
3317
3323
3328
3334
3340
3345
3351
3356
3362
3367
3373
3378
3384
3390
3395
3401
3406
3412
3417
3423
3428
3434
3440
3445
3451
3456
3462
3467
3473
3478
3484
3490
3495
3501
3506
3512
3517
3523
3528
3534
3540
3545
3551
3556
3562
3567
3573
3578
3584
3590
3596
3603
3610
3616
3623
3630
3636
3643
3650
3656
3663
3670
3676
3683
3690
3696
3703
3710
3717
3724
3731
3738
3745
3751
3758
3765
3772
3779
3786
3793
3800
3806
3813
3820
3826
3833
3840
3846
3853
3860
3866
3873
3880
3886
3893
3900
3906
3913
3920
3926
3933
3940
3946
3953
3960
3966
3973
3980
3986
3993
4000
4006
4013
4019
4026
4033
4040
4046
4053
4059
4066
4073
4080
4086
4093
4100
4106
4112
4118
4125
4131
4137
4143
4150
4156
4162
4168
4175
4181
4187
4193
4200
4206
4213
4220
4226
4233
4240
4246
4253
4260
4266
4273
4280
4286
4293
4300
4306
4313
4320
4326
4333
4340
4346
4353
4360
4366
4373
4380
4386
4393
4400
4406
4413
4420
4426
4433
4440
4446
4453
4460
4466
4473
4480
4486
4493
4500
4506
4512
4518
4525
4531
4537
4543
4550
4556
4562
4568
4574
4581
4587
4593
4600
4612
4625
4637
4650
4662
4675
4687
4700
4712
4725
4737
4750
4762
4775
4787
4800
4811
4822
4833
4844
4855
4866
4877
4888
4900
4912
4925
4937
4950
4962
4975
4987
5000
5012
5025
5037
5050
5062
5074
5087
5100
5111
5122
5133
5144
5155
5166
5177
5188
5200
5212
5225
5237
5250
5262
5275
5287
5300
5311
5322
5333
5344
5355
5366
5377
5388
5400
5412
5425
5437
5450
5462
5475
5487
5500
5512
5525
5537
5550
5562
5574
5587
5600
5609
5620
5630
5640
5649
5660
5670
5680
5689
5700
5710
5720
5729
5740
5750
5760
5770
5779
5790
5800
5810
5819
5830
5840
5850
5859
5870
5880
5890
5900
5910
5920
5930
5940
5950
5960
5970
5979
5990
6000
6010
6020
6030
6040
6050
6060
6070
6080
6090
6100
6110
6120
6130
6140
6150
6160
6170
6180
6190
6200
6210
6219
6228
6237
6246
6255
6264
6273
6282
6291
6300
6310
6319
6330
6340
6350
6359
6370
6380
6390
6400
6410
6420
6430
6440
6450
6460
6470
6479
6490
6500
6510
6520
6530
6540
6550
6560
6570
6580
6590
6600
6610
6616
6623
6630
6636
6643
6650
6656
6663
6670
6676
6683
6690
6696
6703
6710
6716
6723
6729
6736
6743
6750
6756
6763
6770
6776
6783
6790
6796
6803
6810
6816
6823
6830
6836
6843
6850
6856
6863
6870
6876
6883
6890
6896
6903
6910
6916
6923
6930
6936
6943
6950
6956
6963
6970
6976
6983
6990
6996
7003
7010
7016
7023
7030
7036
7043
7050
7056
7063
7070
7076
7083
7090
7096
7103
7110
7116
7123
7130
7136
7143
7150
7156
7163
7170
7176
7183
7190
7196
7203
7210
7216
7223
7229
7236
7243
7250
7256
7263
7270
7276
7283
7290
7296
7303
7310
7316
7323
7330
7336
7343
7350
7356
7363
7370
7376
7383
7390
7396
7403
7410
7416
7423
7430
7436
7443
7450
7456
7463
7470
7476
7483
7490
7496
7503
7510
7516
7523
7530
7536
7543
7550
7556
7563
7570
7576
7583
7590
7596
7603
7610
7616
7622
7629
7635
7642
7648
7655
7661
7668
7674
7681
7687
7694
7700
7707
7713
7720
7725
7731
7736
7742
7747
7753
7758
7764
7770
7775
7781
7786
7792
7797
7803
7808
7814
7820
7825
7831
7837
7843
7849
7855
7861
7867
7872
7878
7884
7890
7896
7902
7908
7914
7920
7925
7931
7936
7942
7947
7953
7958
7964
7970
7975
7981
7986
7992
7997
8003
8008
8014
8020
8025
8031
8037
8043
8049
8055
8061
8067
8072
8078
8084
8090
8096
8102
8108
8114
8119
8125
8131
8136
8142
8147
8153
8158
8164
8170
8175
8181
8186
8192
8197
8203
8208
8214
8220
8225
8231
8237
8243
8249
8255
8261
8267
8272
8278
8284
8290
8296
8302
8308
8314
8320
8325
8331
8336
8342
8347
8353
8358
8364
8370
8375
8381
8386
8392
8397
8403
8408
8414
8420
8425
8431
8436
8442
8447
8453
8458
8464
8469
8475
8481
8486
8492
8497
8503
8508
8514
8520
8525
8531
8537
8543
8549
8555
8561
8567
8572
8578
8584
8590
8596
8602
8608
8614
8620
8626
8632
8638
8645
8651
8657
8663
8670
8676
8682
8688
8695
8701
8707
8713
8720
8726
8733
8740
8746
8753
8760
8766
8773
8780
8786
8793
8800
8806
8813
8820
8826
8832
8838
8845
8851
8857
8863
8870
8876
8882
8888
8895
8901
8907
8913
8920
8926
8933
8940
8946
8953
8959
8966
8973
8980
8986
8993
9000
9006
9013
9020
9026
9032
9038
9045
9051
9057
9063
9070
9076
9082
9088
9094
9101
9107
9113
9120
9126
9133
9139
9146
9153
9160
9166
9173
9180
9186
9193
9200
9206
9213
9220
9226
9232
9238
9245
9251
9257
9263
9270
9276
9282
9288
9295
9301
9307
9313
9320
9326
9332
9338
9345
9351
9357
9363
9370
9376
9382
9388
9395
9401
9407
9413
9420
9426
9433
9440
9446
9453
9459
9466
9473
9480
9486
9493
9500
9506
9513
9520
9526
9532
9538
9545
9551
9557
9563
9570
9576
9582
9588
9594
9601
9607
9613
9620
9629
9639
9650
9660
9670
9680
9690
9700
9710
9720
9729
9738
9747
9756
9765
9774
9783
9792
9801
9810
9820
9829
9838
9847
9856
9865
9874
9883
9892
9901
9910
9920
9929
9938
9947
9956
9965
9974
9983
9992
10001
10010
10020
10030
10040
10049
10059
10070
10080
10090
10100
10110
10120
10129
10138
10147
10156
10165
10174
10183
10192
10201
10210
10220
10229
10238
10247
10256
10265
10274
10283
10292
10301
10310
10320
10329
10338
10347
10356
10365
10374
10383
10392
10401
10410
10420
10430
10440
10450
10459
10469
10480
10490
10500
10510
10520
10529
10538
10547
10556
10565
10574
10583
10592
10601
10610
10620
10631
10642
10652
10664
10675
10686
10697
10708
10719
10730
10741
10752
10763
10774
10785
10796
10807
10818
10830
10840
10850
10860
10870
10879
10890
10900
10910
10920
10930
10941
10952
10963
10974
10985
10996
11007
11018
11030
11040
11049
11060
11070
11080
11090
11100
11110
11120
11130
11140
11150
11160
11170
11180
11190
11200
11210
11220
11230
11241
11252
11263
11274
11285
11296
11307
11318
11330
11340
11350
11360
11370
11379
11390
11400
11410
11420
11430
11441
11452
11463
11474
11485
11496
11507
11518
11530
11540
11549
11560
11570
11580
11590
11600
11610
11620
11630
11638
11646
11655
11663
11672
11680
11689
11697
11706
11714
11723
11731
11740
11748
11756
11765
11773
11781
11790
11798
11806
11815
11823
11831
11840
11847
11855
11863
11870
11878
11886
11893
11901
11909
11916
11924
11932
11940
11948
11956
11965
11973
11981
11989
11998
12006
12014
12023
12031
12040
12047
12055
12063
12070
12078
12086
12093
12101
12109
12116
12124
12132
12140
12147
12155
12163
12170
12178
12186
12193
12201
12209
12216
12224
12232
12240
12248
12256
12265
12273
12281
12290
12298
12306
12315
12323
12331
12340
12347
12355
12363
12370
12378
12386
12393
12401
12409
12416
12424
12432
12440
12447
12455
12463
12470
12478
12486
12493
12501
12509
12516
12524
12532
12540
12548
12556
12565
12573
12581
12590
12598
12606
12615
12623
12631
12640
12645
12650
12655
12660
12665
12670
12675
12680
12685
12690
12695
12700
12705
12710
12715
12720
12725
12730
12735
12740
12745
12750
12755
12760
12765
12770
12775
12780
12785
12790
12795
12799
12805
12810
12815
12820
12825
12830
12834
12840
12844
12850
12854
12860
12864
12869
12874
12879
12883
12888
12893
12898
12902
12907
12912
12917
12921
12926
12931
12936
12940
12945
12950
12955
12960
12965
12970
12975
12980
12985
12990
12995
13000
13005
13010
13015
13020
13025
13030
13035
13040
13045
13050
13055
13060
13065
13070
13075
13080
13085
13090
13095
13100
13105
13110
13115
13120
13125
13130
13135
13140
13145
13150
13155
13160
13165
13170
13174
13180
13185
13190
13195
13200
13205
13209
13215
13219
13225
13229
13235
13240
13245
13250
13254
13260
13264
13270
13274
13280
13284
13290
13294
13299
13304
13309
13313
13318
13323
13328
13332
13337
13342
13347
13351
13356
13361
13366
13370
13375
13380
13385
13390
13395
13400
13405
13410
13415
13420
13425
13430
13435
13440
13445
13450
13455
13460
13465
13470
13475
13480
13485
13490
13495
13500
13505
13510
13515
13520
13525
13530
13535
13540
13545
13549
13555
13560
13565
13570
13575
13580
13584
13590
13594
13600
13604
13610
13614
13619
13623
13628
13632
13637
13641
13646
13650
13655
13660
13664
13669
13673
13678
13682
13687
13691
13696
13700
13705
13710
13715
13720
13725
13730
13735
13740
13745
13750
13755
13760
13765
13770
13775
13780
13785
13790
13795
13800
13805
13810
13815
13820
13825
13830
13835
13840
13845
13850
13855
13860
13865
13870
13875
13880
13885
13890
13895
13900
13905
13910
13914
13919
13924
13929
13933
13938
13943
13948
13952
13957
13962
13967
13971
13976
13981
13986
13990
13995
14000
14005
14010
14015
14020
14025
14030
14035
14040
14045
14049
14055
14059
14065
14070
14075
14080
14084
14090
14094
14100
14104
14110
14115
14120
14125
14129
14135
14140
14145
14150
14155
14160
14165
14170
14175
14180
14185
14190
14195
14200
14205
14210
14214
14219
14224
14229
14233
14238
14243
14248
14252
14257
14262
14267
14271
14276
14281
14286
14290
14295
14300
14305
14310
14315
14320
14325
14330
14335
14340
14345
14350
14355
14360
14365
14370
14375
14380
14385
14390
14395
14400
14405
14410
14415
14420
14425
14430
14435
14440
14445
14450
14455
14460
14465
14470
14475
14480
14485
14490
14495
14500
14504
14510
14514
14519
14524
14529
14533
14538
14543
14548
14552
14557
14562
14567
14571
14576
14581
14586
14590
14595
14600
14605
14610
14615
14620
14625
14629
14635
14640
14645
14650
14655
14660
14665
14670
14675
14680
14685
14690
14695
14700
14705
14710
14715
14721
14726
14732
14737
14743
14748
14754
14759
14765
14770
14776
14781
14787
14792
14798
14803
14809
14814
14820
14825
14830
14835
14840
14845
14850
14855
14860
14865
14870
14875
14880
14885
14890
14895
14900
14905
14910
14915
14920
14925
14930
14935
14941
14946
14951
14956
14962
14967
14972
14977
14983
14988
14993
14998
15004
15009
15014
15020
15025
15030
15035
15040
15045
15049
15055
15059
15065
15070
15075
15080
15084
15090
15094
15100
15104
15110
15114
15120
15125
15129
15135
15139
15145
15150
15155
15160
15165
15170
15175
15180
15185
15190
15195
15200
15205
15210
15215
15220
15225
15230
15235
15240
15245
15250
15255
15260
15265
15270
15275
15280
15285
15290
15295
15300
15305
15310
15315
15320
15325
15330
15335
15340
15345
15350
15355
15360
15365
15370
15375
15380
15385
15390
15395
15400
15405
15410
15415
15420
15425
15430
15435
15440
15445
15450
15455
15459
15465
15469
15475
15480
15485
15490
15495
15500
15504
15510
15514
15520
15525
15530
15535
15541
15546
15551
15556
15562
15567
15572
15577
15583
15588
15593
15598
15604
15609
15614
15620
15625
15629
15635
15639
15645
15650
15655
15660
15665
15670
15675
15680
15685
15690
15695
15700
15705
15710
15715
15720
15724
15728
15732
15736
15740
15745
15749
15753
15757
15761
15765
15770
15774
15778
15782
15786
15790
15795
15799
15803
15807
15811
15815
15820
15824
15828
15832
15836
15840
15845
15849
15853
15857
15861
15865
15870
15874
15878
15882
15886
15890
15895
15899
15903
15907
15911
15915
15920
15924
15928
15933
15937
15941
15946
15950
15954
15959
15963
15967
15972
15976
15980
15985
15989
15993
15998
16002
16006
16011
16015
16020
16024
16028
16032
16036
16040
16045
16049
16053
16057
16061
16065
16070
16074
16078
16082
16086
16090
16094
16099
16103
16107
16111
16115
16120
16124
16128
16132
16136
16140
16145
16149
16153
16157
16161
16165
16170
16174
16178
16182
16186
16190
16195
16199
16203
16207
16211
16215
16219
16224
16228
16233
16237
16241
16246
16250
16254
16259
16263
16267
16272
16276
16280
16285
16289
16293
16298
16302
16306
16311
16315
16320
16324
16328
16332
16336
16340
16344
16349
16353
16357
16361
16365
16370
16374
16378
16382
16386
16390
16395
16399
16403
16407
16411
16415
16420
16424
16428
16433
16437
16441
16446
16450
16454
16459
16463
16467
16472
16476
16480
16485
16489
16493
16498
16502
16506
16511
16515
16520
16524
16528
16532
16536
16540
16545
16549
16553
16557
16561
16565
16570
16574
16578
16582
16586
16590
16595
16599
16603
16607
16611
16615
16620
16624
16628
16632
16636
16640
16645
16649
16653
16657
16661
16665
16670
16674
16678
16682
16686
16690
16695
16699
16703
16707
16711
16715
16720
16725
16730
16735
16740
16746
16751
16756
16761
16767
16772
16777
16782
16788
16793
16798
16803
16809
16814
16819
16824
16830
16834
16839
16843
16848
16852
16857
16861
16866
16870
16875
16880
16884
16889
16893
16898
16902
16907
16911
16916
16920
16925
16930
16934
16939
16944
16949
16953
16958
16963
16968
16972
16977
16982
16987
16991
16996
17001
17006
17010
17015
17020
17025
17030
17034
17039
17043
17048
17052
17057
17061
17066
17070
17075
17080
17084
17089
17093
17098
17102
17107
17111
17116
17120
17125
17130
17134
17139
17143
17148
17152
17157
17161
17166
17170
17175
17180
17184
17189
17193
17198
17202
17207
17211
17216
17220
17225
17230
17234
17239
17244
17249
17253
17258
17263
17268
17272
17277
17282
17287
17291
17296
17301
17306
17310
17315
17320
17325
17330
17334
17339
17343
17348
17352
17357
17361
17366
17370
17375
17380
17384
17389
17393
17398
17402
17407
17411
17416
17420
17425
17430
17434
17439
17444
17449
17453
17458
17463
17468
17472
17477
17482
17487
17491
17496
17501
17506
17510
17515
17520
17525
17530
17534
17539
17543
17548
17552
17557
17561
17566
17570
17575
17580
17584
17589
17593
17598
17602
17607
17611
17616
17620
17625
17630
17634
17639
17644
17649
17653
17658
17663
17668
17672
17677
17682
17687
17691
17696
17701
17706
17710
17715
17720
17725
17730
17734
17738
17742
17746
17750
17755
17759
17763
17767
17771
17775
17780
17784
17788
17792
17796
17800
17805
17809
17813
17817
17821
17825
17830
17834
17839
17843
17848
17852
17857
17862
17866
17871
17875
17880
17884
17889
17894
17898
17903
17907
17912
17917
17921
17926
17930
17935
17940
17944
17948
17952
17956
17960
17965
17969
17973
17977
17981
17985
17990
17994
17998
18002
18006
18010
18015
18019
18023
18027
18031
18035
18040
18044
18049
18053
18058
18062
18067
18072
18076
18081
18085
18090
18095
18099
18104
18108
18113
18117
18122
18127
18131
18136
18140
18145
18150
18154
18159
18163
18168
18172
18177
18182
18186
18191
18195
18200
18205
18209
18214
18218
18223
18227
18232
18237
18241
18246
18250
18255
18260
18264
18268
18273
18277
18281
18286
18290
18294
18299
18303
18307
18312
18316
18320
18325
18329
18333
18338
18342
18346
18351
18355
18360
18364
18369
18373
18378
18382
18387
18392
18396
18401
18405
18410
18415
18419
18424
18428
18433
18437
18442
18447
18451
18456
18460
18465
18470
18474
18478
18482
18486
18490
18494
18499
18503
18507
18511
18515
18520
18524
18528
18532
18536
18540
18545
18549
18553
18557
18561
18565
18570
18574
18579
18583
18588
18592
18597
18602
18606
18611
18615
18620
18625
18629
18634
18638
18643
18647
18652
18657
18661
18666
18670
18675
18680
18684
18688
18692
18696
18700
18705
18709
18713
18717
18721
18725
18730
18734
18738
18742
18746
18750
18755
18759
18763
18767
18771
18775
18780
18783
18787
18791
18795
18799
18803
18806
18810
18814
18818
18822
18826
18830
18833
18837
18841
18845
18849
18853
18856
18860
18864
18868
18872
18876
18880
18883
18887
18891
18894
18898
18902
18905
18909
18913
18917
18920
18924
18928
18931
18935
18939
18942
18946
18950
18954
18957
18961
18965
18968
18972
18976
18980
18983
18987
18991
18995
18999
19003
19006
19010
19014
19018
19022
19026
19030
19033
19037
19041
19045
19049
19053
19056
19060
19064
19068
19072
19076
19080
19083
19087
19091
19094
19098
19102
19105
19109
19113
19117
19120
19124
19128
19131
19135
19139
19142
19146
19150
19154
19157
19161
19165
19168
19172
19176
19180
19183
19187
19191
19194
19198
19202
19205
19209
19213
19217
19220
19224
19228
19231
19235
19239
19242
19246
19250
19254
19257
19261
19265
19268
19272
19276
19280
19283
19287
19291
19295
19299
19303
19306
19310
19314
19318
19322
19326
19330
19333
19337
19341
19345
19349
19353
19356
19360
19364
19368
19372
19376
19380
19383
19387
19391
19394
19398
19402
19405
19409
19413
19417
19420
19424
19428
19431
19435
19439
19442
19446
19450
19454
19457
19461
19465
19468
19472
19476
19480
19483
19487
19491
19495
19499
19503
19506
19510
19514
19518
19522
19526
19530
19533
19537
19541
19545
19549
19553
19556
19560
19564
19568
19572
19576
19580
19583
19587
19591
19594
19598
19602
19605
19609
19613
19617
19620
19624
19628
19631
19635
19639
19642
19646
19650
19654
19657
19661
19665
19668
19672
19676
19680
19683
19687
19691
19695
19699
19703
19706
19710
19714
19718
19722
19726
19730
19733
19737
19741
19745
19749
19753
19756
19760
19764
19768
19772
19776
19780
19784
19789
19793
19798
19802
19807
19812
19816
19821
19825
19830
19835
19839
19844
19848
19853
19857
19862
19867
19871
19876
19880
19885
19890
19894
19898
19902
19906
19910
19915
19919
19923
19927
19931
19935
19939
19944
19948
19952
19956
19960
19965
19969
19973
19977
19981
19985
19990
19994
19998
20002
20006
20010
20015
20019
20023
20027
20031
20035
20040
20044
20048
20052
20056
20060
20064
20069
20073
20077
20081
20085
20090
20094
20098
20102
20106
20110
20115
20119
20123
20127
20131
20135
20140
20144
20148
20152
20156
20160
20165
20169
20173
20177
20181
20185
20190
20194
20198
20202
20206
20210
20215
20219
20223
20227
20231
20235
20240
20244
20248
20252
20256
20260
20265
20269
20273
20277
20281
20285
20290
20294
20298
20302
20306
20310
20314
20319
20323
20327
20331
20335
20340
20344
20348
20352
20356
20360
20365
20369
20373
20377
20381
20385
20390
20394
20398
20402
20406
20410
20415
20419
20423
20427
20431
20435
20439
20444
20448
20452
20456
20460
20465
20469
20473
20477
20481
20485
20490
20494
20498
20502
20506
20510
20515
20519
20523
20527
20531
20535
20540
20544
20548
20552
20556
20560
20564
20569
20573
20577
20581
20585
20590
20594
20598
20602
20606
20610
20615
20619
20623
20627
20631
20635
20640
20644
20648
20652
20656
20660
20665
20669
20673
20677
20681
20685
20690
20694
20698
20702
20706
20710
20715
20719
20723
20727
20731
20735
20740
20744
20748
20752
20756
20760
20765
20769
20773
20777
20781
20785
20790
20794
20798
20803
20807
20811
20816
20820
20824
20829
20833
20837
20842
20846
20850
20855
20859
20863
20868
20872
20876
20881
20885
20890
20894
20898
20902
20906
20910
20915
20919
20923
20927
20931
20935
20939
20944
20948
20952
20956
20960
20965
20969
20973
20977
20981
20985
20990
20994
20998
21003
21007
21011
21016
21020
21024
21029
21033
21037
21042
21046
21050
21055
21059
21063
21068
21072
21076
21081
21085
21090
21094
21098
21102
21106
21110
21115
21119
21123
21127
21131
21135
21140
21144
21148
21152
21156
21160
21165
21169
21173
21177
21181
21185
21190
21194
21198
21203
21207
21211
21216
21220
21224
21229
21233
21237
21242
21246
21250
21255
21259
21263
21268
21272
21276
21281
21285
21290
21294
21298
21302
21306
21310
21314
21319
21323
21327
21331
21335
21340
21344
21348
21352
21356
21360
21365
21369
21373
21377
21381
21385
21390
21394
21398
21402
21406
21410
21415
21419
21423
21427
21431
21435
21439
21444
21448
21452
21456
21460
21465
21469
21473
21477
21481
21485
21490
21494
21498
21503
21507
21511
21516
21520
21524
21529
21533
21537
21542
21546
21550
21555
21559
21563
21568
21572
21576
21581
21585
21590
21594
21598
21602
21606
21610
21615
21619
21623
21627
21631
21635
21640
21644
21648
21652
21656
21660
21665
21669
21673
21677
21681
21685
21690
21694
21698
21703
21707
21711
21716
21720
21724
21729
21733
21737
21742
21746
21750
21755
21759
21763
21768
21772
21776
21781
21785
21790
21794
21798
21803
21807
21811
21816
21820
21824
21829
21833
21837
21842
21846
21850
21855
21859
21863
21868
21872
21876
21881
21885
21890
21894
21898
21903
21907
21911
21916
21920
21924
21929
21933
21937
21942
21946
21950
21955
21959
21963
21968
21972
21976
21981
21985
21990
21994
21998
22003
22007
22011
22016
22020
22024
22029
22033
22037
22042
22046
22050
22055
22059
22063
22068
22072
22076
22081
22085
22090
22094
22099
22104
22109
22113
22118
22123
22128
22133
22137
22142
22147
22152
22156
22161
22166
22171
22176
22180
22185
22190
22195
22200
22204
22208
22213
22217
22221
22226
22230
22234
22239
22243
22247
22252
22256
22260
22265
22269
22273
22278
22282
22286
22291
22295
22300
22304
22308
22313
22317
22321
22326
22330
22334
22339
22343
22347
22352
22356
22360
22365
22369
22373
22378
22382
22386
22391
22395
22400
22404
22408
22413
22417
22421
22426
22430
22434
22439
22443
22447
22452
22456
22460
22465
22469
22473
22478
22482
22486
22491
22495
22500
22504
22508
22513
22517
22521
22526
22530
22534
22539
22543
22547
22552
22556
22560
22565
22569
22573
22578
22582
22586
22591
22595
22600
22604
22608
22613
22617
22621
22626
22630
22634
22639
22643
22647
22652
22656
22660
22665
22669
22673
22678
22682
22686
22691
22695
22700
22704
22708
22713
22717
22721
22726
22730
22734
22739
22743
22747
22752
22756
22760
22765
22769
22773
22778
22782
22786
22791
22795
22800
22804
22808
22812
22816
22820
22825
22829
22833
22837
22841
22845
22850
22854
22858
22862
22866
22870
22875
22879
22883
22887
22891
22895
22900
22904
22908
22912
22916
22920
22924
22929
22933
22937
22941
22945
22950
22954
22958
22962
22966
22970
22975
22979
22983
22987
22991
22995
23000
23004
23008
23012
23016
23020
23025
23029
23033
23037
23041
23045
23050
23054
23058
23062
23066
23070
23075
23079
23083
23087
23091
23095
23100
23104
23108
23112
23116
23120
23124
23128
23132
23136
23140
23144
23148
23152
23156
23160
23164
23168
23172
23176
23180
23184
23188
23192
23195
23200
23204
23208
23212
23216
23220
23225
23229
23233
23237
23241
23245
23250
23254
23258
23262
23266
23270
23275
23279
23283
23287
23291
23295
23300
23304
23308
23312
23316
23320
23325
23329
23333
23337
23341
23345
23350
23354
23358
23362
23366
23370
23375
23379
23383
23387
23391
23395
23400
23404
23408
23412
23416
23420
23424
23429
23433
23437
23441
23445
23450
23454
23458
23462
23466
23470
23475
23479
23483
23487
23491
23495
23500
23504
23508
23512
23516
23520
23525
23529
23533
23537
23541
23545
23550
23554
23558
23562
23566
23570
23575
23579
23583
23587
23591
23595
23600
23604
23608
23612
23616
23620
23625
23629
23633
23637
23641
23645
23650
23654
23658
23662
23666
23670
23675
23679
23683
23687
23691
23695
23700
23704
23708
23712
23716
23720
23725
23729
23733
23737
23741
23745
23750
23754
23758
23762
23766
23770
23775
23779
23783
23787
23791
23795
23800
23804
23808
23813
23817
23821
23826
23830
23834
23839
23843
23847
23852
23856
23860
23865
23869
23873
23878
23882
23886
23891
23895
23900
23904
23908
23913
23917
23921
23926
23930
23934
23939
23943
23947
23952
23956
23960
23965
23969
23973
23978
23982
23986
23991
23995
24000
24004
24008
24013
24017
24021
24026
24030
24034
24039
24043
24047
24052
24056
24060
24065
24069
24073
24078
24082
24086
24091
24095
24100
24104
24108
24113
24117
24121
24126
24130
24134
24139
24143
24147
24152
24156
24160
24165
24169
24173
24178
24182
24186
24191
24195
24200
24204
24208
24213
24217
24221
24226
24230
24234
24239
24243
24247
24252
24256
24260
24265
24269
24273
24278
24282
24286
24291
24295
24300
24304
24308
24313
24317
24321
24326
24330
24334
24339
24343
24347
24352
24356
24360
24365
24369
24373
24378
24382
24386
24391
24395
24400
24404
24408
24413
24417
24421
24426
24430
24434
24439
24443
24447
24452
24456
24460
24465
24469
24473
24478
24482
24486
24491
24495
24500
24504
24508
24513
24517
24521
24526
24530
24534
24539
24543
24547
24552
24556
24560
24565
24569
24573
24578
24582
24586
24591
24595
24600
24604
24608
24613
24617
24621
24626
24630
24634
24639
24643
24647
24652
24656
24660
24665
24669
24673
24678
24682
24686
24691
24695
24700
24704
24708
24713
24717
24721
24726
24730
24734
24739
24743
24747
24752
24756
24760
24765
24769
24773
24778
24782
24786
24791
24795
24800
24805
24811
24816
24822
24827
24833
24838
24844
24849
24855
24860
24866
24871
24877
24882
24888
24893
24899
24904
24910
24915
24921
24927
24933
24938
24944
24950
24956
24962
24967
24973
24979
24985
24991
24996
25002
25008
25014
25020
25025
25030
25035
25040
25045
25050
25055
25060
25065
25070
25075
25080
25085
25090
25095
25100
25105
25110
25115
25120
25125
25131
25136
25142
25147
25153
25158
25164
25169
25175
25180
25186
25191
25197
25202
25208
25213
25219
25224
25230
25235
25240
25245
25250
25255
25259
25265
25270
25275
25280
25285
25290
25294
25299
25305
25310
25314
25320
25325
25330
25335
25341
25347
25353
25358
25364
25370
25376
25382
25387
25393
25399
25405
25411
25416
25422
25428
25434
25440
25445
25451
25456
25462
25467
25473
25478
25484
25489
25495
25500
25506
25511
25517
25522
25528
25533
25539
25544
25550
25555
25560
25565
25570
25575
25580
25585
25590
25595
25600
25605
25610
25615
25619
25625
25630
25634
25640
25645
25650
25655
25661
25667
25673
25678
25684
25690
25696
25702
25707
25713
25719
25725
25731
25736
25742
25748
25754
25760
25765
25770
25775
25780
25785
25790
25795
25800
25805
25810
25815
25820
25825
25830
25835
25840
25845
25850
25855
25860
25864
25869
25873
25878
25882
25887
25891
25896
25900
25905
25910
25914
25919
25923
25928
25932
25937
25941
25946
25950
25955
25960
25964
25969
25974
25979
25983
25988
25993
25998
26002
26007
26012
26017
26021
26026
26031
26036
26040
26045
26050
26055
26060
26064
26069
26073
26078
26082
26087
26091
26096
26100
26105
26110
26114
26119
26123
26128
26132
26137
26141
26146
26150
26155
26160
26164
26169
26174
26179
26183
26188
26193
26198
26202
26207
26212
26217
26221
26226
26231
26236
26240
26245
26250
26255
26260
26264
26269
26273
26278
26282
26287
26291
26296
26300
26305
26310
26314
26319
26323
26328
26332
26337
26341
26346
26350
26355
26360
26364
26369
26374
26379
26383
26388
26393
26398
26402
26407
26412
26417
26421
26426
26431
26436
26440
26445
26450
26455
26460
26464
26469
26473
26478
26482
26487
26491
26496
26500
26505
26510
26514
26519
26523
26528
26532
26537
26541
26546
26550
26555
26560
26564
26569
26574
26579
26583
26588
26593
26598
26602
26607
26612
26617
26621
26626
26631
26636
26640
26645
26650
26655
26660
26664
26669
26673
26678
26682
26687
26691
26696
26700
26705
26710
26714
26719
26723
26728
26732
26737
26741
26746
26750
26755
26760
26764
26769
26774
26779
26783
26788
26793
26798
26802
26807
26812
26817
26821
26826
26831
26836
26840
26845
26850
26855
26860
26864
26869
26873
26878
26882
26887
26892
26896
26901
26905
26910
26915
26919
26924
26928
26933
26937
26942
26947
26951
26956
26960
26965
26970
26974
26978
26982
26986
26990
26994
26999
27003
27007
27011
27015
27020
27024
27028
27032
27036
27040
27045
27049
27053
27057
27061
27065
27070
27074
27078
27083
27087
27091
27096
27100
27104
27109
27113
27117
27122
27126
27130
27135
27139
27143
27148
27152
27156
27161
27165
27170
27174
27178
27182
27186
27190
27195
27199
27203
27207
27211
27215
27220
27224
27228
27232
27236
27240
27245
27249
27253
27257
27261
27265
27270
27274
27278
27283
27287
27291
27296
27300
27304
27309
27313
27317
27322
27326
27330
27335
27339
27343
27348
27352
27356
27361
27365
27370
27374
27378
27382
27386
27390
27395
27399
27403
27407
27411
27415
27420
27424
27428
27432
27436
27440
27445
27449
27453
27457
27461
27465
27470
27474
27478
27483
27487
27491
27496
27500
27504
27509
27513
27517
27522
27526
27530
27535
27539
27543
27548
27552
27556
27561
27565
27570
27574
27578
27582
27586
27590
27595
27599
27603
27607
27611
27615
27620
27624
27628
27632
27636
27640
27645
27649
27653
27657
27661
27665
27670
27674
27678
27682
27686
27690
27695
27699
27703
27707
27711
27715
27720
27724
27728
27732
27736
27740
27745
27749
27753
27757
27761
27765
27770
27774
27778
27783
27787
27791
27796
27800
27804
27809
27813
27817
27822
27826
27830
27835
27839
27843
27848
27852
27856
27861
27865
27870
27875
27880
27885
27891
27896
27901
27906
27912
27917
27922
27927
27933
27938
27943
27948
27954
27959
27964
27970
27975
27981
27986
27992
27997
28003
28008
28014
28020
28025
28031
28036
28042
28047
28053
28058
28064
28070
28075
28081
28086
28092
28097
28103
28108
28114
28120
28125
28131
28136
28142
28147
28153
28158
28164
28170
28175
28180
28185
28191
28196
28201
28206
28212
28217
28222
28227
28233
28238
28243
28248
28254
28259
28264
28270
28275
28281
28286
28292
28297
28303
28308
28314
28320
28325
28331
28336
28342
28347
28353
28358
28364
28370
28375
28381
28386
28392
28397
28403
28408
28414
28420
28425
28431
28436
28442
28447
28453
28458
28464
28470
28475
28480
28485
28491
28496
28501
28506
28512
28517
28522
28527
28533
28538
28543
28548
28554
28559
28564
28570
28575
28581
28586
28592
28597
28603
28608
28614
28620
28625
28631
28636
28642
28647
28653
28658
28664
28670
28675
28681
28686
28692
28697
28703
28708
28714
28720
28725
28731
28736
28742
28747
28753
28758
28764
28770
28775
28780
28785
28791
28796
28801
28806
28812
28817
28822
28827
28833
28838
28843
28848
28854
28859
28864
28870
28879
28888
28897
28906
28915
28925
28934
28943
28952
28961
28970
28980
28988
28996
29005
29013
29021
29030
29038
29046
29055
29063
29071
29080
29087
29095
29103
29110
29118
29126
29133
29141
29149
29156
29164
29172
29180
29188
29196
29205
29213
29221
29230
29238
29246
29255
29263
29271
29280
29288
29296
29305
29313
29321
29330
29338
29346
29355
29363
29371
29380
29388
29396
29405
29413
29422
29430
29439
29447
29456
29464
29473
29481
29490
29498
29506
29515
29523
29531
29540
29548
29556
29564
29573
29581
29590
29598
29606
29615
29623
29631
29640
29648
29656
29665
29673
29681
29690
29697
29705
29713
29720
29728
29736
29743
29751
29759
29766
29774
29782
29790
29798
29806
29814
29823
29831
29840
29848
29856
29865
29873
29881
29890
29902
29915
29927
29939
29952
29965
29977
29990
