0.11 5552.00
0.24 5552.00
0.37 4164.00
0.51 4164.00
0.64 4164.00
0.75 4164.00
0.85 4164.00
0.96 4164.00
1.09 4164.00
1.23 4164.00
1.34 2776.00
1.46 2776.00
1.65 2776.00
1.81 2776.00
1.92 4164.00
2.04 2776.00
2.20 4164.00
2.31 4164.00
2.45 5552.00
2.57 6940.00
2.68 6940.00
2.79 6940.00
2.89 4164.00
3.04 5552.00
3.15 4164.00
3.26 5552.00
3.37 9716.00
3.49 5552.00
3.60 5552.00
3.71 5552.00
3.85 6940.00
3.97 2776.00
4.14 2776.00
4.27 2776.00
4.40 2776.00
4.52 5552.00
4.62 2776.00
4.79 5552.00
4.89 4164.00
5.01 4164.00
5.13 4164.00
5.25 5552.00
5.37 6940.00
5.49 9716.00
5.59 6940.00
5.72 6940.00
5.83 8328.00
5.95 5552.00
6.08 6940.00
6.21 6940.00
6.34 5552.00
6.46 6940.00
6.59 6940.00
6.73 6940.00
6.83 5552.00
6.95 6940.00
7.06 5552.00
7.17 5552.00
7.30 6940.00
7.43 5552.00
7.54 5552.00
7.64 5552.00
7.76 5552.00
7.89 6940.00
8.00 5552.00
8.10 5552.00
8.24 6940.00
8.35 5552.00
8.46 5552.00
8.59 6940.00
8.74 6940.00
8.86 5552.00
9.08 2776.00
9.21 1388.00
9.45 1388.00
9.65 2776.00
9.78 2776.00
10.03 2776.00
10.17 1388.00
10.30 1388.00
10.40 1388.00
10.57 1388.00
10.69 1388.00
10.93 2776.00
11.10 1388.00
11.24 1388.00
11.44 1388.00
11.55 1388.00
11.74 2776.00
11.94 1388.00
12.05 1388.00
12.19 1388.00
12.33 2776.00
12.44 1388.00
12.57 1388.00
12.73 1388.00
12.84 2776.00
13.01 2776.00
13.20 2776.00
13.33 2776.00
13.44 1388.00
13.68 2776.00
13.89 2776.00
14.02 1388.00
14.15 1388.00
14.29 1388.00
14.42 2776.00
14.57 2776.00
14.73 2776.00
14.88 2776.00
15.01 2776.00
15.16 2776.00
15.28 2776.00
15.39 1388.00
15.54 1388.00
15.72 2776.00
15.86 2776.00
16.01 2776.00
16.13 2776.00
16.33 2776.00
16.50 2776.00
16.62 1388.00
16.76 1388.00
16.98 2776.00
17.09 1388.00
17.28 2776.00
17.46 2776.00
17.59 1388.00
17.76 1388.00
17.88 1388.00
18.07 2776.00
18.24 1388.00
18.39 1388.00
18.52 1388.00
18.66 2776.00
18.77 1388.00
18.91 1388.00
19.07 1388.00
19.18 1388.00
19.34 2776.00
19.50 4164.00
19.63 2776.00
19.81 4164.00
19.96 4164.00
20.07 2776.00
20.17 1388.00
20.33 2776.00
20.47 2776.00
20.60 1388.00
20.79 2776.00
20.96 2776.00
21.17 2776.00
21.37 1388.00
21.61 2776.00
21.85 2776.00
22.04 2776.00
22.25 2776.00
22.36 1388.00
22.55 1388.00
22.65 1388.00
22.81 2776.00
22.91 1388.00
23.08 2776.00
23.20 2776.00
23.47 2776.00
23.66 1388.00
23.81 1388.00
23.95 1388.00
24.18 2776.00
24.29 1388.00
24.57 2776.00
24.67 1388.00
24.95 2776.00
25.16 2776.00
25.27 1388.00
25.38 1388.00
25.51 2776.00
25.64 1388.00
25.77 2776.00
25.88 1388.00
25.99 2776.00
26.15 2776.00
26.29 2776.00
26.44 2776.00
26.57 2776.00
26.67 1388.00
26.80 2776.00
26.91 2776.00
27.06 4164.00
27.18 4164.00
27.31 2776.00
27.41 2776.00
27.52 2776.00
27.63 2776.00
27.76 4164.00
27.95 2776.00
28.08 4164.00
28.19 4164.00
28.32 4164.00
28.45 4164.00
28.57 2776.00
28.70 4164.00
28.84 4164.00
28.97 2776.00
29.13 2776.00
29.27 2776.00
29.44 4164.00
29.63 2776.00
29.78 1388.00
29.94 1388.00
