6
13
20
27
34
41
48
55
61
68
75
82
89
96
103
110
115
121
127
133
139
145
151
157
162
168
174
180
186
192
198
204
210
215
220
225
229
235
240
245
250
255
260
265
270
275
280
285
290
295
300
305
310
315
320
326
332
338
345
351
357
363
370
376
382
388
395
401
407
413
420
427
434
441
448
455
462
469
476
483
490
497
504
511
518
525
532
540
546
553
560
566
573
580
586
593
600
606
613
620
626
633
640
643
647
650
654
657
661
664
668
671
675
679
682
686
689
693
696
700
703
707
710
714
718
721
725
728
732
735
739
742
746
750
754
758
762
766
770
774
778
782
786
790
794
798
802
807
811
815
819
823
827
831
835
839
843
847
851
855
860
864
869
873
878
882
887
891
896
900
905
909
914
919
923
928
932
937
941
946
950
955
960
970
980
990
1000
1010
1020
1030
1040
1050
1060
1070
1080
1082
1085
1087
1090
1092
1095
1097
1100
1103
1105
1108
1110
1113
1115
1118
1121
1123
1126
1128
1131
1133
1136
1138
1141
1144
1146
1149
1151
1154
1156
1159
1162
1164
1167
1169
1172
1174
1177
1180
1182
1185
1188
1191
1194
1197
1200
1203
1206
1208
1211
1214
1217
1220
1223
1226
1229
1232
1234
1237
1240
1243
1246
1249
1252
1255
1258
1261
1263
1266
1269
1272
1275
1278
1281
1284
1287
1290
1295
1300
1305
1311
1316
1321
1326
1332
1337
1342
1347
1353
1358
1363
1368
1374
1379
1384
1390
1394
1399
1404
1409
1413
1418
1423
1428
1433
1437
1442
1447
1452
1456
1461
1466
1471
1476
1480
1485
1490
1495
1500
1506
1512
1518
1524
1530
1536
1542
1548
1555
1561
1567
1573
1579
1585
1591
1597
1603
1610
1616
1623
1630
1636
1643
1650
1656
1663
1670
1676
1683
1690
1696
1703
1710
1716
1722
1728
1734
1740
1746
1752
1758
1765
1771
1777
1783
1789
1795
1801
1807
1813
1820
1825
1830
1835
1841
1846
1851
1856
1862
1867
1872
1877
1883
1888
1893
1898
1904
1909
1914
1920
1926
1932
1939
1945
1952
1958
1965
1971
1978
1984
1991
1997
2004
2010
2017
2023
2029
2036
2043
2050
2056
2063
2070
2076
2083
2090
2096
2103
2110
2116
2123
2130
2135
2141
2147
2153
2158
2164
2170
2176
2182
2187
2193
2199
2205
2211
2216
2222
2228
2234
2240
2245
2250
2255
2260
2266
2271
2276
2281
2287
2292
2297
2302
2308
2313
2318
2323
2329
2334
2339
2344
2350
2356
2362
2368
2375
2381
2387
2393
2400
2406
2412
2418
2425
2431
2437
2443
2450
2455
2461
2467
2473
2478
2484
2490
2496
2502
2507
2513
2519
2525
2531
2536
2542
2548
2554
2560
2566
2572
2578
2585
2591
2597
2603
2610
2616
2622
2628
2635
2641
2647
2653
2660
2667
2674
2682
2689
2696
2704
2711
2718
2726
2733
2740
2748
2755
2762
2770
2775
2781
2786
2792
2797
2803
2808
2814
2820
2825
2831
2836
2842
2847
2853
2858
2864
2870
2876
2882
2888
2894
2900
2906
2912
2918
2925
2931
2937
2943
2949
2955
2961
2967
2973
2980
2986
2993
3000
3007
3014
3021
3028
3035
3041
3048
3055
3062
3069
3076
3083
3090
3094
3099
3105
3110
3114
3120
3125
3130
3135
3139
3145
3150
3155
3160
3165
3170
3175
3179
3185
3190
3197
3204
3211
3218
3225
3232
3239
3246
3253
3260
3267
3274
3281
3288
3295
3302
3310
3316
3322
3328
3335
3341
3347
3353
3360
3366
3372
3378
3385
3391
3397
3403
3410
3417
3424
3431
3438
3445
3452
3459
3466
3473
3480
3487
3494
3501
3508
3515
3522
3530
3538
3546
3554
3563
3571
3580
3588
3596
3605
3613
3621
3630
3636
3643
3650
3657
3664
3671
3678
3685
3691
3698
3705
3712
3719
3726
3733
3740
3746
3752
3759
3765
3772
3778
3785
3791
3798
3804
3811
3817
3824
3830
3837
3843
3850
3855
3861
3867
3873
3879
3885
3891
3897
3902
3908
3914
3920
3926
3932
3938
3944
3950
3957
3964
3971
3978
3985
3992
3999
4006
4013
4020
4027
4034
4041
4048
4055
4062
4070
4075
4081
4087
4093
4099
4105
4111
4117
4122
4128
4134
4140
4146
4152
4158
4164
4170
4175
4181
4186
4192
4197
4203
4208
4214
4219
4225
4230
4236
4241
4247
4252
4258
4263
4269
4274
4280
4286
4292
4298
4305
4311
4317
4323
4330
4336
4342
4348
4355
4361
4367
4373
4380
4386
4393
4400
4407
4414
4421
4428
4435
4441
4448
4455
4462
4469
4476
4483
4490
4497
4504
4512
4519
4526
4534
4541
4548
4556
4563
4570
4577
4585
4592
4600
4605
4611
4617
4623
4629
4635
4641
4647
4652
4658
4664
4670
4676
4682
4688
4694
4700
4707
4714
4722
4729
4736
4744
4751
4758
4766
4773
4780
4787
4795
4802
4810
4815
4821
4827
4833
4839
4845
4851
4857
4862
4868
4874
4880
4886
4892
4898
4904
4910
4917
4925
4932
4940
4947
4955
4962
4970
4977
4985
4992
5000
5007
5015
5022
5030
5035
5041
5046
5052
5057
5063
5068
5074
5080
5085
5091
5096
5102
5107
5113
5118
5124
5130
5136
5142
5149
5155
5162
5168
5175
5181
5188
5194
5201
5207
5214
5220
5227
5233
5240
5245
5251
5256
5262
5267
5273
5278
5284
5289
5295
5300
5306
5311
5317
5322
5327
5333
5338
5344
5350
5356
5363
5370
5376
5383
5390
5396
5403
5410
5416
5423
5430
5436
5443
5450
5454
5458
5462
5466
5470
5474
5478
5482
5486
5490
5494
5498
5502
5507
5511
5515
5519
5523
5527
5531
5535
5539
5543
5547
5551
5555
5560
5576
5593
5610
5627
5644
5661
5678
5695
5712
5729
5746
5763
5780
5783
5786
5790
5793
5796
5800
5803
5806
5810
5813
5816
5820
5823
5826
5830
5833
5836
5840
5843
5846
5850
5853
5856
5860
5863
5866
5870
5873
5876
5880
5883
5887
5890
5894
5897
5901
5904
5908
5911
5915
5919
5922
5926
5929
5933
5936
5940
5943
5947
5950
5954
5958
5961
5965
5968
5972
5975
5979
5982
5986
5990
5992
5994
5997
5999
6002
6004
6007
6009
6012
6014
6016
6019
6021
6024
6026
6029
6031
6034
6036
6038
6041
6043
6046
6048
6051
6053
6056
6058
6060
6063
6065
6068
6070
6073
6075
6077
6080
6082
6085
6087
6090
6092
6095
6097
6100
6109
6118
6127
6136
6145
6154
6163
6172
6181
6190
6200
6202
6205
6208
6210
6213
6216
6218
6221
6224
6226
6229
6232
6234
6237
6240
6242
6245
6248
6250
6253
6256
6259
6261
6264
6267
6269
6272
6275
6277
6280
6283
6285
6288
6291
6293
6296
6299
6301
6304
6307
6310
6323
6337
6351
6365
6378
6392
6406
6420
6423
6426
6429
6432
6436
6439
6442
6445
6449
6452
6455
6458
6462
6465
6468
6471
6475
6478
6481
6484
6487
6491
6494
6497
6500
6504
6507
6510
6513
6517
6520
6523
6526
6530
6533
6536
6539
6542
6545
6548
6551
6554
6557
6560
6563
6566
6569
6572
6575
6578
6581
6584
6587
6590
6593
6596
6599
6602
6605
6608
6611
6614
6617
6620
6623
6626
6630
6633
6637
6640
6644
6647
6651
6654
6658
6661
6665
6669
6672
6676
6679
6683
6686
6690
6693
6697
6700
6704
6708
6711
6715
6718
6722
6725
6729
6732
6736
6740
6746
6753
6760
6766
6773
6780
6786
6793
6800
6806
6813
6820
6826
6833
6840
6846
6853
6860
6865
6870
6875
6880
6885
6890
6895
6900
6905
6910
6915
6920
6925
6930
6935
6940
6945
6950
6955
6960
6965
6970
6975
6980
6986
6991
6996
7001
7006
7012
7017
7022
7027
7033
7038
7043
7048
7053
7059
7064
7069
7074
7080
7084
7089
7094
7099
7103
7108
7113
7118
7122
7127
7132
7137
7141
7146
7151
7156
7160
7165
7170
7175
7180
7185
7191
7197
7203
7208
7214
7220
7226
7232
7237
7243
7249
7255
7261
7266
7272
7278
7284
7290
7296
7302
7308
7314
7321
7327
7333
7340
7346
7352
7358
7365
7371
7377
7383
7390
7395
7401
7406
7412
7417
7423
7428
7434
7439
7445
7450
7455
7461
7467
7472
7478
7483
7489
7494
7500
7504
7509
7513
7518
7522
7527
7532
7536
7541
7545
7550
7555
7559
7564
7568
7573
7577
7582
7587
7591
7596
7600
7605
7610
7616
7623
7630
7636
7643
7650
7656
7663
7670
7676
7683
7690
7696
7703
7710
7715
7721
7727
7733
7738
7744
7750
7756
7762
7767
7773
7779
7785
7791
7796
7802
7808
7814
7820
7825
7831
7837
7843
7849
7855
7861
7867
7872
7878
7884
7890
7896
7902
7908
7914
7920
7927
7934
7941
7948
7955
7962
7969
7976
7983
7990
7997
8004
8011
8018
8025
8032
8039
8046
8052
8058
8064
8071
8077
8083
8090
8096
8102
8108
8115
8121
8127
8133
8140
8146
8153
8160
8167
8174
8181
8188
8195
8201
8208
8215
8222
8229
8236
8243
8250
8256
8263
8270
8277
8284
8291
8298
8305
8311
8318
8325
8332
8339
8346
8353
8360
8367
8374
8381
8388
8395
8402
8410
8417
8424
8431
8438
8445
8452
8460
8467
8474
8482
8489
8496
8504
8511
8518
8526
8533
8540
8548
8555
8562
8570
8577
8584
8591
8598
8605
8612
8620
8627
8634
8641
8648
8655
8662
8670
8676
8682
8689
8695
8702
8708
8715
8721
8728
8734
8741
8747
8754
8760
8767
8773
8780
8786
8792
8798
8805
8811
8817
8823
8830
8836
8842
8848
8855
8861
8867
8873
8880
8884
8889
8893
8898
8902
8907
8912
8916
8921
8925
8930
8935
8939
8944
8948
8953
8957
8962
8967
8971
8976
8980
8985
8990
8996
9002
9008
9014
9020
9026
9032
9038
9045
9051
9057
9063
9069
9075
9081
9087
9093
9100
9104
9107
9112
9116
9120
9123
9128
9132
9136
9139
9144
9148
9152
9155
9160
9164
9168
9171
9176
9180
9184
9187
9192
9196
9200
9203
9206
9209
9213
9216
9219
9223
9226
9230
9233
9236
9240
9243
9246
9250
9253
9256
9260
9263
9266
9270
9273
9276
9280
9283
9286
9290
9293
9296
9300
9303
9306
9310
9313
9316
9320
9323
9327
9330
9334
9337
9341
9344
9347
9351
9354
9358
9361
9365
9368
9372
9375
9378
9382
9385
9389
9392
9396
9399
9403
9406
9410
9413
9417
9420
9424
9427
9431
9434
9438
9441
9445
9449
9452
9456
9459
9463
9466
9470
9473
9477
9480
9484
9488
9491
9495
9498
9502
9505
9509
9512
9516
9520
9523
9526
9529
9532
9535
9538
9541
9544
9547
9550
9553
9556
9559
9562
9565
9568
9571
9574
9577
9580
9583
9586
9589
9592
9595
9598
9601
9604
9607
9610
9613
9616
9620
9623
9626
9630
9633
9637
9640
9644
9647
9650
9654
9657
9661
9664
9668
9671
9675
9678
9681
9685
9688
9692
9695
9699
9702
9705
9709
9712
9716
9719
9723
9726
9730
9739
9748
9757
9766
9775
9784
9793
9802
9811
9820
9829
9838
9847
9856
9865
9874
9883
9892
9901
9910
9920
9922
9925
9928
9931
9934
9937
9940
9943
9946
9949
9952
9955
9958
9961
9964
9967
9970
9973
9976
9979
9982
9985
9988
9991
9994
9997
10000
10003
10006
10009
10012
10015
10018
10021
10024
10027
10030
10033
10036
10040
10043
10046
10049
10053
10056
10060
10063
10066
10070
10073
10076
10080
10083
10086
10090
10093
10096
10100
10103
10106
10110
10113
10116
10120
10123
10126
10130
10133
10136
10139
10142
10146
10149
10152
10155
10159
10162
10165
10168
10172
10175
10178
10181
10185
10188
10191
10194
10197
10201
10204
10207
10210
10214
10217
10220
10223
10227
10230
10233
10236
10240
10243
10247
10251
10255
10258
10262
10266
10270
10274
10277
10281
10285
10289
10293
10296
10300
10304
10308
10312
10315
10319
10323
10327
10331
10334
10338
10342
10346
10350
10353
10356
10359
10362
10366
10369
10372
10375
10379
10382
10385
10388
10391
10395
10398
10401
10404
10408
10411
10414
10417
10420
10424
10427
10430
10433
10437
10440
10443
10446
10450
10453
10457
10461
10465
10468
10472
10476
10480
10484
10487
10491
10495
10499
10503
10506
10510
10514
10518
10522
10525
10529
10533
10537
10541
10544
10548
10552
10556
10560
10567
10574
10581
10588
10595
10602
10609
10616
10623
10630
10638
10645
10652
10659
10666
10673
10680
10687
10694
10701
10709
10716
10723
10730
10737
10744
10751
10758
10765
10772
10780
10783
10786
10789
10792
10796
10799
10802
10805
10809
10812
10815
10818
10821
10825
10828
10831
10834
10838
10841
10844
10847
10850
10854
10857
10860
10863
10867
10870
10873
10876
10880
10883
10886
10889
10892
10895
10898
10902
10905
10908
10911
10914
10917
10920
10924
10927
10930
10933
10936
10939
10942
10946
10949
10952
10955
10958
10961
10964
10968
10971
10974
10977
10980
10983
10986
10990
10993
10997
11001
11005
11009
11013
11017
11021
11025
11029
11033
11037
11041
11045
11048
11052
11056
11060
11064
11068
11072
11076
11080
11084
11088
11092
11096
11100
11103
11106
11109
11112
11115
11118
11121
11124
11127
11130
11133
11136
11139
11142
11145
11148
11151
11154
11157
11160
11163
11166
11169
11172
11175
11178
11181
11184
11187
11190
11193
11196
11200
11204
11208
11212
11216
11220
11224
11228
11232
11236
11240
11244
11248
11252
11257
11261
11265
11269
11273
11277
11281
11285
11289
11293
11297
11301
11305
11310
11313
11317
11321
11324
11328
11332
11335
11339
11343
11347
11350
11354
11358
11361
11365
11369
11372
11376
11380
11384
11387
11391
11395
11398
11402
11406
11410
11413
11416
11419
11422
11425
11428
11432
11435
11438
11441
11444
11447
11450
11454
11457
11460
11463
11466
11469
11472
11476
11479
11482
11485
11488
11491
11494
11498
11501
11504
11507
11510
11513
11516
11520
11523
11527
11531
11535
11539
11543
11547
11550
11554
11558
11562
11566
11570
11574
11578
11581
11585
11589
11593
11597
11601
11605
11609
11612
11616
11620
11624
11628
11632
11636
11640
11645
11650
11655
11660
11666
11671
11676
11681
11687
11692
11697
11702
11708
11713
11718
11723
11729
11734
11739
11744
11750
11755
11761
11767
11773
11778
11784
11790
11796
11802
11807
11813
11819
11825
11831
11836
11842
11848
11854
11860
11865
11870
11875
11881
11886
11891
11896
11902
11907
11912
11917
11923
11928
11933
11938
11944
11949
11954
11960
11965
11970
11975
11980
11986
11991
11996
12001
12007
12012
12017
12022
12028
12033
12038
12043
12049
12054
12059
12064
12070
12077
12084
12092
12099
12106
12114
12121
12128
12136
12143
12150
12158
12165
12172
12180
12186
12193
12200
12207
12214
12221
12228
12235
12241
12248
12255
12262
12269
12276
12283
12290
12297
12305
12313
12320
12328
12336
12343
12351
12359
12366
12374
12382
12390
12397
12404
12412
12419
12426
12434
12441
12448
12456
12463
12470
12478
12485
12492
12500
12506
12512
12519
12525
12532
12538
12545
12551
12558
12564
12571
12577
12584
12590
12597
12603
12610
12616
12623
12629
12636
12643
12650
12656
12663
12670
12676
12683
12690
12696
12703
12710
12716
12723
12730
12737
12744
12751
12758
12765
12771
12778
12785
12792
12799
12806
12813
12820
12826
12832
12838
12845
12851
12857
12863
12870
12876
12882
12888
12895
12901
12907
12913
12920
12927
12934
12942
12949
12956
12964
12971
12978
12985
12993
13000
13008
13015
13022
13030
13039
13048
13057
13066
13075
13084
13093
13102
13111
13120
13130
13136
13143
13150
13157
13164
13171
13178
13185
13191
13198
13205
13212
13219
13226
13233
13240
13247
13254
13262
13269
13276
13284
13291
13298
13306
13313
13320
13328
13335
13342
13350
13357
13364
13371
13378
13385
13392
13399
13407
13414
13421
13428
13435
13442
13450
13456
13462
13469
13475
13482
13488
13495
13501
13508
13514
13521
13527
13534
13540
13547
13553
13560
13566
13573
13580
13586
13593
13600
13606
13613
13620
13626
13633
13640
13646
13653
13660
13666
13672
13679
13685
13692
13698
13705
13711
13718
13724
13731
13737
13744
13750
13757
13763
13770
13777
13784
13791
13798
13805
13812
13820
13827
13834
13841
13848
13855
13862
13870
13876
13882
13889
13895
13902
13908
13915
13921
13928
13934
13941
13947
13954
13960
13967
13973
13980
13986
13992
13998
14004
14010
14016
14022
14028
14035
14041
14047
14053
14059
14065
14071
14077
14083
14090
14096
14102
14108
14115
14121
14127
14133
14140
14146
14152
14158
14165
14171
14177
14183
14190
14196
14203
14210
14217
14224
14231
14238
14245
14251
14258
14265
14272
14279
14286
14293
14300
14305
14311
14316
14322
14327
14333
14338
14344
14350
14355
14361
14366
14372
14377
14383
14388
14394
14400
14406
14413
14420
14427
14434
14441
14448
14455
14461
14468
14475
14482
14489
14496
14503
14510
14512
14515
14518
14521
14524
14526
14529
14532
14535
14538
14541
14543
14546
14549
14552
14555
14557
14560
14563
14566
14569
14572
14574
14577
14580
14583
14586
14588
14591
14594
14597
14600
14603
14605
14608
14611
14614
14617
14620
14635
14651
14666
14682
14697
14713
14728
14744
14760
14763
14766
14769
14772
14776
14779
14782
14785
14789
14792
14795
14798
14802
14805
14808
14811
14815
14818
14821
14824
14827
14831
14834
14837
14840
14844
14847
14850
14853
14857
14860
14863
14866
14870
14873
14876
14879
14883
14886
14889
14893
14896
14900
14903
14906
14910
14913
14916
14920
14923
14926
14930
14933
14936
14940
14943
14946
14950
14953
14956
14960
14963
14966
14970
14973
14976
14980
14982
14985
14988
14990
14993
14996
14998
15001
15004
15006
15009
15012
15014
15017
15020
15022
15025
15028
15030
15033
15036
15039
15041
15044
15047
15049
15052
15055
15057
15060
15063
15065
15068
15071
15073
15076
15079
15081
15084
15087
15090
15095
15100
15105
15110
15115
15120
15125
15129
15135
15140
15145
15150
15155
15160
15165
15170
15174
15180
15184
15190
15192
15195
15197
15200
15203
15205
15208
15210
15213
15216
15218
15221
15224
15226
15229
15231
15234
15237
15239
15242
15245
15247
15250
15252
15255
15258
15260
15263
15265
15268
15271
15273
15276
15279
15281
15284
15286
15289
15292
15294
15297
15300
15312
15324
15337
15349
15361
15374
15386
15398
15411
15423
15435
15448
15460
15472
15485
15497
15510
15512
15515
15518
15521
15524
15527
15530
15533
15536
15539
15542
15545
15548
15551
15554
15557
15560
15563
15566
15569
15572
15575
15578
15581
15584
15587
15590
15593
15596
15599
15602
15605
15608
15611
15614
15617
15620
15623
15627
15630
15634
15638
15641
15645
15649
15652
15656
15660
15663
15667
15670
15674
15678
15681
15685
15689
15692
15696
15700
15703
15707
15710
15714
15718
15721
15725
15729
15732
15736
15740
15745
15751
15757
15762
15768
15774
15780
15785
15791
15797
15802
15808
15814
15820
15825
15831
15837
15842
15848
15854
15860
15865
15871
15877
15882
15888
15894
15900
15905
15911
15917
15922
15928
15934
15940
15945
15951
15957
15962
15968
15974
15980
15983
15986
15990
15993
15997
16000
16004
16007
16010
16014
16017
16021
16024
16028
16031
16035
16038
16041
16045
16048
16052
16055
16059
16062
16065
16069
16072
16076
16079
16083
16086
16090
16092
16095
16098
16101
16104
16107
16110
16113
16116
16119
16122
16125
16128
16131
16134
16137
16140
16142
16145
16148
16151
16154
16157
16160
16163
16166
16169
16172
16175
16178
16181
16184
16187
16190
16192
16195
16198
16201
16203
16206
16209
16212
16214
16217
16220
16223
16225
16228
16231
16234
16236
16239
16242
16245
16247
16250
16253
16256
16258
16261
16264
16267
16269
16272
16275
16278
16280
16283
16286
16289
16291
16294
16297
16300
16303
16307
16310
16314
16317
16321
16325
16328
16332
16335
16339
16342
16346
16350
16353
16357
16360
16364
16367
16371
16375
16378
16382
16385
16389
16392
16396
16400
16403
16406
16410
16413
16417
16420
16424
16427
16430
16434
16437
16441
16444
16448
16451
16455
16458
16461
16465
16468
16472
16475
16479
16482
16485
16489
16492
16496
16499
16503
16506
16510
16513
16517
16521
16524
16528
16532
16535
16539
16543
16546
16550
16554
16557
16561
16565
16568
16572
16576
16579
16583
16587
16590
16594
16598
16601
16605
16609
16612
16616
16620
16625
16630
16635
16640
16646
16651
16656
16661
16667
16672
16677
16682
16688
16693
16698
16703
16709
16714
16719
16724
16730
16735
16741
16747
16753
16758
16764
16770
16776
16782
16787
16793
16799
16805
16811
16816
16822
16828
16834
16840
16846
16852
16858
16865
16871
16877
16883
16890
16896
16902
16908
16915
16921
16927
16933
16940
16946
16952
16959
16965
16972
16978
16985
16991
16998
17004
17011
17017
17024
17030
17037
17043
17050
17057
17065
17073
17080
17088
17096
17103
17111
17119
17126
17134
17142
17150
17155
17160
17166
17172
17177
17183
17188
17194
17199
17205
17210
17216
17221
17227
17232
17238
17243
17249
17254
17260
17265
17271
17276
17282
17287
17293
17298
17304
17309
17315
17320
17326
17331
17337
17342
17348
17353
17359
17364
17370
17376
17382
17388
17394
17400
17406
17412
17418
17425
17431
17437
17443
17449
17455
17461
17467
17473
17480
17485
17491
17497
17503
17508
17514
17520
17526
17532
17537
17543
17549
17555
17561
17566
17572
17578
17584
17590
17597
17604
17611
17618
17625
17632
17640
17647
17654
17661
17668
17675
17682
17690
17697
17704
17712
17719
17726
17734
17741
17748
17756
17763
17770
17778
17785
17792
17800
17808
17816
17825
17833
17841
17850
17858
17866
17875
17883
17891
17900
17906
17912
17918
17924
17930
17936
17942
17948
17955
17961
17967
17973
17979
17985
17991
17997
18003
18010
18016
18023
18030
18037
18044
18051
18058
18065
18071
18078
18085
18092
18099
18106
18113
18120
18125
18131
18136
18142
18147
18153
18158
18164
18169
18175
18180
18186
18191
18197
18202
18208
18213
18219
18224
18230
18235
18241
18247
18253
18258
18264
18270
18276
18282
18287
18293
18299
18305
18311
18316
18322
18328
18334
18340
18345
18351
18356
18362
18367
18373
18378
18384
18390
18395
18401
18406
18412
18417
18423
18428
18434
18440
18445
18450
18455
18460
18466
18471
18476
18481
18487
18492
18497
18502
18508
18513
18518
18523
18529
18534
18539
18544
18550
18555
18561
18567
18573
18579
18585
18591
18597
18602
18608
18614
18620
18626
18632
18638
18644
18650
18655
18660
18666
18672
18677
18683
18688
18694
18699
18705
18710
18716
18721
18727
18732
18738
18743
18749
18754
18760
18765
18770
18775
18780
18786
18791
18796
18801
18807
18812
18817
18822
18828
18833
18838
18843
18849
18854
18859
18864
18870
18875
18881
18886
18892
18897
18903
18908
18914
18919
18925
18930
18936
18941
18947
18952
18958
18963
18969
18974
18980
18984
18988
18992
18996
19000
19004
19008
19013
19017
19021
19025
19029
19033
19037
19042
19046
19050
19054
19058
19062
19066
19071
19075
19079
19083
19087
19091
19095
19100
19102
19105
19108
19111
19113
19116
19119
19122
19124
19127
19130
19133
19135
19138
19141
19144
19146
19149
19152
19155
19157
19160
19163
19166
19168
19171
19174
19177
19179
19182
19185
19188
19190
19193
19196
19199
19201
19204
19207
19210
19213
19217
19221
19224
19228
19232
19235
19239
19243
19246
19250
19254
19257
19261
19265
19268
19272
19276
19279
19283
19287
19290
19294
19298
19301
19305
19309
19312
19316
19320
19322
19325
19328
19331
19334
19337
19340
19343
19346
19349
19352
19355
19358
19361
19364
19367
19370
19372
19375
19378
19381
19384
19387
19390
19393
19396
19399
19402
19405
19408
19411
19414
19417
19420
19424
19428
19432
19436
19440
19444
19448
19452
19456
19460
19464
19468
19472
19477
19481
19485
19489
19493
19497
19501
19505
19509
19513
19517
19521
19525
19530
19533
19536
19539
19542
19546
19549
19552
19555
19559
19562
19565
19568
19572
19575
19578
19581
19585
19588
19591
19594
19597
19601
19604
19607
19610
19614
19617
19620
19623
19627
19630
19633
19636
19640
19643
19647
19651
19655
19658
19662
19666
19670
19674
19677
19681
19685
19689
19693
19696
19700
19704
19708
19712
19715
19719
19723
19727
19731
19734
19738
19742
19746
19750
19754
19759
19764
19769
19773
19778
19783
19788
19793
19797
19802
19807
19812
19816
19821
19826
19831
19836
19840
19845
19850
19855
19860
19869
19878
19887
19896
19906
19915
19924
19933
19943
19952
19961
19970
19980
19986
19993
20000
20007
20014
20021
20028
20035
20041
20048
20055
20062
20069
20076
20083
20090
20098
20106
20115
20123
20131
20140
20148
20156
20165
20173
20181
20190
20196
20202
20208
20214
20220
20226
20232
20238
20245
20251
20257
20263
20269
20275
20281
20287
20293
20300
20306
20312
20318
20325
20331
20337
20343
20350
20356
20362
20368
20375
20381
20387
20393
20400
20405
20410
20415
20420
20426
20431
20436
20441
20447
20452
20457
20462
20468
20473
20478
20483
20489
20494
20499
20504
20510
20515
20520
20525
20530
20535
20540
20545
20550
20555
20560
20565
20570
20575
20580
20585
20590
20595
20600
20605
20610
20615
20620
20624
20629
20634
20639
20643
20648
20653
20658
20663
20667
20672
20677
20682
20686
20691
20696
20701
20706
20710
20715
20720
20725
20730
20733
20736
20739
20742
20745
20748
20751
20754
20757
20760
20763
20766
20769
20772
20775
20778
20781
20785
20788
20791
20794
20797
20800
20803
20806
20809
20812
20815
20818
20821
20824
20827
20830
20833
20836
20840
20843
20847
20850
20854
20857
20861
20865
20868
20872
20875
20879
20882
20886
20890
20893
20897
20900
20904
20907
20911
20915
20918
20922
20925
20929
20932
20936
20940
20943
20946
20949
20952
20955
20958
20962
20965
20968
20971
20974
20977
20980
20984
20987
20990
20993
20996
20999
21002
21006
21009
21012
21015
21018
21021
21024
21028
21031
21034
21037
21040
21043
21046
21050
21052
21055
21057
21060
21063
21065
21068
21071
21073
21076
21078
21081
21084
21086
21089
21092
21094
21097
21100
21102
21105
21107
21110
21113
21115
21118
21121
21123
21126
21128
21131
21134
21136
21139
21142
21144
21147
21150
21153
21156
21160
21163
21166
21169
21173
21176
21180
21183
21186
21190
21193
21196
21200
21203
21206
21210
21213
21216
21220
21223
21226
21230
21233
21236
21240
21243
21246
21250
21253
21256
21260
21264
21269
21273
21278
21282
21287
21292
21296
21301
21305
21310
21315
21319
21324
21328
21333
21337
21342
21347
21351
21356
21360
21365
21370
21373
21376
21380
21383
21387
21390
21394
21397
21400
21404
21407
21411
21414
21418
21421
21425
21428
21431
21435
21438
21442
21445
21449
21452
21455
21459
21462
21466
21469
21473
21476
21480
21486
21492
21498
21504
21510
21516
21522
21528
21535
21541
21547
21553
21559
21565
21571
21577
21583
21590
21595
21601
21607
21613
21619
21625
21631
21637
21642
21648
21654
21660
21666
21672
21678
21684
21690
21697
21704
21712
21719
21726
21734
21741
21748
21756
21763
21770
21778
21785
21792
21800
21808
21816
21825
21833
21841
21850
21858
21866
21875
21883
21891
21900
21907
21914
21921
21928
21935
21942
21949
21956
21963
21970
21977
21984
21991
21998
22005
22012
22020
22026
22033
22040
22046
22053
22060
22066
22073
22080
22086
22093
22100
22106
22113
22120
22126
22133
22140
22147
22154
22161
22168
22175
22181
22188
22195
22202
22209
22216
22223
22230
22237
22244
22252
22259
22266
22274
22281
22288
22296
22303
22310
22318
22325
22332
22340
22347
22355
22363
22370
22378
22386
22393
22401
22409
22416
22424
22432
22440
22447
22454
22462
22469
22476
22484
22491
22498
22506
22513
22520
22528
22535
22542
22550
22557
22564
22571
22578
22585
22592
22600
22607
22614
22621
22628
22635
22642
22650
22657
22665
22673
22681
22689
22697
22705
22712
22720
22728
22736
22744
22752
22760
22768
22777
22785
22794
22802
22811
22820
22828
22837
22845
22854
22862
22871
22880
22890
22900
22910
22919
22930
22939
22950
22959
22970
22979
22990
23003
23017
23031
23045
23058
23072
23086
23100
23105
23111
23117
23123
23129
23135
23141
23147
23152
23158
23164
23170
23176
23182
23188
23194
23200
23206
23213
23220
23227
23234
23241
23248
23255
23261
23268
23275
23282
23289
23296
23303
23310
23315
23321
23327
23333
23338
23344
23350
23356
23362
23367
23373
23379
23385
23391
23396
23402
23408
23414
23420
23426
23432
23438
23444
23450
23456
23462
23468
23475
23481
23487
23493
23499
23505
23511
23517
23523
23530
23535
23541
23546
23552
23557
23563
23568
23574
23580
23585
23591
23596
23602
23607
23613
23618
23624
23630
23635
23641
23647
23653
23658
23664
23670
23676
23682
23687
23693
23699
23705
23711
23716
23722
23728
23734
23740
23744
23750
23755
23759
23765
23770
23775
23780
23785
23790
23795
23800
23805
23810
23815
23820
23825
23830
23835
23840
23845
23850
23856
23862
23868
23875
23881
23887
23893
23900
23906
23912
23918
23925
23931
23937
23943
23950
23955
23961
23966
23971
23977
23983
23988
23994
23999
24005
24010
24016
24021
24026
24032
24038
24043
24049
24054
24060
24067
24075
24083
24090
24098
24106
24113
24121
24129
24136
24144
24152
24160
24165
24171
24177
24183
24188
24194
24200
24206
24212
24217
24223
24229
24235
24241
24246
24252
24258
24264
24270
24277
24284
24291
24298
24305
24312
24320
24327
24334
24341
24348
24355
24362
24370
24376
24382
24388
24394
24400
24406
24412
24418
24425
24431
24437
24443
24449
24455
24461
24467
24473
24480
24486
24492
24499
24505
24512
24518
24525
24531
24538
24544
24551
24557
24564
24570
24577
24583
24590
24597
24605
24613
24620
24628
24636
24643
24651
24659
24666
24674
24682
24690
24696
24703
24710
24717
24724
24731
24738
24745
24751
24758
24765
24772
24779
24786
24793
24800
24805
24811
24817
24823
24829
24835
24841
24847
24852
24858
24864
24870
24876
24882
24888
24894
24900
24908
24916
24924
24932
24940
24948
24956
24965
24973
24981
24989
24997
25005
25013
25021
25030
25036
25042
25049
25055
25062
25068
25075
25081
25088
25094
25101
25107
25114
25120
25127
25133
25140
25144
25149
25154
25159
25163
25168
25173
25178
25183
25187
25192
25197
25202
25206
25211
25216
25221
25226
25230
25235
25240
25245
25250
25256
25262
25269
25275
25282
25288
25295
25301
25308
25314
25321
25327
25334
25340
25347
25353
25360
25367
25374
25381
25388
25395
25402
25410
25417
25424
25431
25438
25445
25452
25460
25465
25471
25476
25482
25487
25493
25498
25504
25509
25515
25520
25526
25531
25537
25542
25548
25553
25559
25564
25570
25575
25581
25587
25593
25599
25605
25611
25617
25622
25628
25634
25640
25646
25652
25658
25664
25670
25675
25681
25687
25693
25698
25704
25710
25716
25722
25727
25733
25739
25745
25751
25756
25762
25768
25774
25780
25785
25790
25795
25801
25806
25811
25816
25822
25827
25832
25837
25843
25848
25853
25858
25864
25869
25874
25880
25883
25887
25891
25895
25899
25903
25907
25911
25915
25919
25923
25927
25931
25935
25938
25942
25946
25950
25954
25958
25962
25966
25970
25974
25978
25982
25986
25990
25993
25997
26001
26005
26008
26012
26016
26020
26024
26027
26031
26035
26039
26043
26046
26050
26054
26058
26062
26065
26069
26073
26077
26081
26084
26088
26092
26096
26100
26103
26107
26110
26114
26117
26121
26125
26128
26132
26135
26139
26142
26146
26150
26153
26157
26160
26164
26167
26171
26175
26178
26182
26185
26189
26192
26196
26200
26203
26206
26210
26213
26217
26220
26224
26227
26230
26234
26237
26241
26244
26248
26251
26255
26258
26261
26265
26268
26272
26275
26279
26282
26285
26289
26292
26296
26299
26303
26306
26310
26313
26316
26319
26322
26325
26328
26331
26335
26338
26341
26344
26347
26350
26353
26356
26360
26363
26366
26369
26372
26375
26378
26381
26384
26388
26391
26394
26397
26400
26403
26406
26410
26420
26430
26440
26450
26460
26470
26480
26490
26500
26510
26520
26530
26540
26550
26560
26570
26580
26590
26600
26603
26607
26611
26614
26618
26622
26625
26629
26633
26637
26640
26644
26648
26651
26655
26659
26662
26666
26670
26674
26677
26681
26685
26688
26692
26696
26700
26703
26707
26711
26715
26719
26723
26727
26731
26735
26739
26743
26747
26751
26755
26758
26762
26766
26770
26774
26778
26782
26786
26790
26794
26798
26802
26806
26810
26816
26823
26830
26836
26843
26849
26856
26863
26870
26876
26883
26890
26896
26903
26910
26917
26924
26932
26939
26946
26954
26961
26968
26976
26983
26990
26998
27005
27012
27020
27026
27033
27040
27046
27053
27060
27066
27073
27080
27086
27093
27100
27106
27113
27120
27126
27133
27140
27147
27154
27161
27168
27175
27181
27188
27195
27202
27209
27216
27223
27230
27236
27242
27249
27255
27262
27268
27275
27281
27288
27294
27301
27307
27314
27320
27327
27333
27340
27348
27356
27365
27373
27382
27390
27399
27407
27416
27424
27433
27441
27450
27457
27464
27471
27479
27486
27494
27501
27508
27516
27523
27530
27538
27545
27552
27560
27568
27576
27585
27593
27601
27610
27618
27626
27634
27643
27651
27660
27668
27676
27685
27693
27702
27710
27719
27727
27736
27744
27753
27761
27770
27779
27788
27797
27806
27815
27824
27833
27842
27851
27860
27870
27881
27892
27903
27914
27925
27936
27947
27958
27969
27980
27992
28004
28016
28028
28040
28052
28064
28076
28088
28100
28109
28118
28127
28136
28145
28154
28163
28172
28181
28190
28200
28210
28220
28230
28240
28250
28259
28270
28279
28290
28299
28310
28317
28324
28331
28338
28345
28352
28360
28367
28374
28381
28388
28395
28402
28410
28417
28425
28433
28441
28449
28457
28465
28472
28480
28488
28496
28504
28512
28520
28529
28538
28547
28556
28565
28574
28583
28592
28601
28610
28620
28627
28635
28643
28651
28659
28667
28675
28682
28690
28698
28706
28714
28722
28730
28736
28742
28749
28755
28762
28768
28775
28781
28788
28794
28801
28807
28814
28820
28827
28833
28840
28846
28852
28858
28865
28871
28877
28883
28890
28896
28902
28908
28915
28921
28927
28933
28940
28946
28953
28960
28967
28974
28981
28988
28995
29001
29008
29015
29022
29029
29036
29043
29050
29055
29061
29066
29072
29077
29083
29088
29094
29100
29105
29111
29116
29122
29127
29133
29138
29144
29150
29156
29162
29168
29174
29180
29186
29192
29198
29205
29211
29217
29223
29229
29235
29241
29247
29253
29260
29266
29272
29278
29284
29290
29296
29302
29308
29315
29321
29327
29333
29339
29345
29351
29357
29363
29370
29377
29384
29391
29398
29405
29412
29419
29426
29433
29440
29447
29454
29461
29468
29475
29482
29490
29494
29498
29502
29506
29510
29514
29518
29522
29526
29530
29534
29538
29542
29547
29551
29555
29559
29563
29567
29571
29575
29579
29583
29587
29591
29595
29600
29604
29608
29612
29616
29620
29625
29629
29633
29637
29641
29645
29650
29654
29658
29662
29666
29670
29675
29679
29683
29687
29691
29695
29700
29704
29708
29712
29716
29721
29725
29729
29733
29738
29742
29746
29750
29755
29759
29763
29767
29771
29776
29780
29784
29788
29793
29797
29801
29805
29810
29813
29817
29821
29825
29829
29833
29836
29840
29844
29848
29852
29856
29860
29863
29867
29871
29875
29879
29883
29886
29890
29894
29898
29902
29906
29910
