0.22 3000.0
0.32 7500.0
0.43 21000.0
0.54 18000.0
0.78 7500.0
1.11 13500.0
1.23 13500.0
1.38 21000.0
1.49 15000.0
1.60 27000.0
1.70 9000.0
1.86 19500.0
1.97 27000.0
2.08 12000.0
2.18 9000.0
2.38 27000.0
2.48 21000.0
2.68 7500.0
2.80 21000.0
2.91 18000.0
3.01 22500.0
3.12 30000.0
3.22 13500.0
3.43 6000.0
3.58 21000.0
3.69 13500.0
4.18 3000.0
4.29 51000.0
4.39 15000.0
4.51 7500.0
4.63 3000.0
4.76 16500.0
4.87 10500.0
4.99 4500.0
5.10 6000.0
5.27 10500.0
5.40 16500.0
5.51 9000.0
5.61 19500.0
5.77 10500.0
5.88 19500.0
6.01 1500.0
6.12 15000.0
6.60 15000.0
6.85 4500.0
6.96 27000.0
7.12 22500.0
7.31 3000.0
7.44 16500.0
7.71 16500.0
7.83 10500.0
7.94 9000.0
8.12 4500.0
8.22 16500.0
8.34 6000.0
8.48 12000.0
8.66 13500.0
8.77 16500.0
9.00 16500.0
9.13 10500.0
9.24 13500.0
9.34 18000.0
9.47 1500.0
9.58 21000.0
9.68 25500.0
9.78 12000.0
9.92 15000.0
10.02 21000.0
10.17 12000.0
10.29 3000.0
10.40 10500.0
10.50 16500.0
10.60 21000.0
11.05 30000.0
11.17 28500.0
11.29 3000.0
11.47 12000.0
11.73 15000.0
11.89 15000.0
12.02 6000.0
12.20 27000.0
12.31 13500.0
12.41 13500.0
12.57 4500.0
12.73 3000.0
13.04 12000.0
13.20 7500.0
13.38 3000.0
13.49 10500.0
13.58 19500.0
13.88 13500.0
14.20 16500.0
14.33 9000.0
14.43 3000.0
14.53 6000.0
14.67 3000.0
14.77 4500.0
14.90 9000.0
15.01 15000.0
15.17 25500.0
15.31 4500.0
15.43 1500.0
15.53 9000.0
15.63 4500.0
15.74 24000.0
15.87 24000.0
16.05 3000.0
16.16 10500.0
16.27 7500.0
16.47 25500.0
16.62 4500.0
16.93 6000.0
17.11 1500.0
17.25 4500.0
17.37 3000.0
17.51 7500.0
17.89 3000.0
18.00 12000.0
18.15 6000.0
18.40 9000.0
18.64 21000.0
18.91 6000.0
19.02 33000.0
19.23 19500.0
19.41 12000.0
19.52 19500.0
19.68 4500.0
19.84 10500.0
19.97 9000.0
20.19 1500.0
20.30 12000.0
20.42 7500.0
20.58 7500.0
20.74 15000.0
20.84 13500.0
20.95 7500.0
21.07 7500.0
21.21 9000.0
21.31 6000.0
21.42 7500.0
21.53 12000.0
21.73 13500.0
21.84 18000.0
21.96 16500.0
22.09 9000.0
22.25 3000.0
22.36 12000.0
22.49 3000.0
22.65 9000.0
22.78 10500.0
22.88 12000.0
23.05 7500.0
23.15 9000.0
23.25 7500.0
23.36 18000.0
23.50 10500.0
23.60 7500.0
23.74 18000.0
23.85 7500.0
24.13 9000.0
24.38 13500.0
24.53 10500.0
24.64 10500.0
24.75 9000.0
24.88 6000.0
24.99 16500.0
25.09 13500.0
25.19 18000.0
25.36 24000.0
25.48 6000.0
25.59 9000.0
25.69 13500.0
25.83 10500.0
25.93 13500.0
26.03 10500.0
26.15 9000.0
26.25 19500.0
26.36 15000.0
26.49 6000.0
26.61 21000.0
26.73 7500.0
26.83 10500.0
26.95 13500.0
27.06 7500.0
27.20 9000.0
27.30 10500.0
27.42 9000.0
27.53 9000.0
27.65 15000.0
27.83 3000.0
27.98 9000.0
28.13 7500.0
28.24 9000.0
28.40 6000.0
28.52 9000.0
28.66 12000.0
28.83 10500.0
28.97 7500.0
29.09 9000.0
29.20 9000.0
29.31 12000.0
29.47 1500.0
29.58 13500.0
29.70 10500.0
29.82 13500.0
29.92 9000.0
30.06 3000.0
30.21 7500.0
30.32 6000.0
30.45 12000.0
30.56 12000.0
30.78 6000.0
30.92 12000.0
31.06 7500.0
31.27 7500.0
31.39 9000.0
31.49 7500.0
31.60 3000.0
31.71 7500.0
31.81 6000.0
31.92 6000.0
32.03 7500.0
32.18 6000.0
32.29 9000.0
32.45 9000.0
32.56 7500.0
32.66 7500.0
32.77 9000.0
32.89 10500.0
33.00 7500.0
33.13 4500.0
33.24 4500.0
33.37 9000.0
33.54 7500.0
33.65 10500.0
33.75 10500.0
33.85 9000.0
33.97 4500.0
34.09 4500.0
34.26 6000.0
34.37 12000.0
34.60 9000.0
34.72 10500.0
34.85 10500.0
34.96 9000.0
35.07 1500.0
35.19 6000.0
35.31 13500.0
35.41 6000.0
35.51 10500.0
35.62 9000.0
35.77 1500.0
35.88 1500.0
36.00 10500.0
36.13 9000.0
36.26 4500.0
36.43 6000.0
36.55 10500.0
36.65 9000.0
36.90 6000.0
37.07 3000.0
37.18 6000.0
37.32 6000.0
37.43 7500.0
37.54 6000.0
37.65 4500.0
37.75 12000.0
37.88 3000.0
38.02 4500.0
38.15 9000.0
38.26 9000.0
38.36 6000.0
38.46 6000.0
38.63 10500.0
38.73 4500.0
38.84 4500.0
38.94 6000.0
39.05 7500.0
39.18 6000.0
39.28 4500.0
39.45 9000.0
39.70 6000.0
39.83 10500.0
39.94 6000.0
40.06 7500.0
40.16 9000.0
40.28 7500.0
40.42 6000.0
40.57 4500.0
40.72 9000.0
40.88 12000.0
41.01 12000.0
41.11 9000.0
41.25 15000.0
41.35 10500.0
41.46 15000.0
41.58 4500.0
41.68 10500.0
41.78 9000.0
41.91 3000.0
42.02 9000.0
42.13 6000.0
42.27 4500.0
42.42 25500.0
42.57 9000.0
42.67 6000.0
42.78 10500.0
42.88 6000.0
43.00 7500.0
43.10 7500.0
43.23 4500.0
43.34 12000.0
43.44 7500.0
43.57 4500.0
43.70 9000.0
43.80 18000.0
43.90 7500.0
44.11 4500.0
44.23 7500.0
44.36 7500.0
44.46 3000.0
44.58 6000.0
44.68 4500.0
44.90 1500.0
45.00 7500.0
45.11 6000.0
45.21 6000.0
45.37 7500.0
45.47 7500.0
45.60 6000.0
45.71 10500.0
45.81 9000.0
45.96 4500.0
46.12 7500.0
46.23 12000.0
46.36 9000.0
46.46 6000.0
46.59 6000.0
46.70 4500.0
46.85 10500.0
46.97 4500.0
47.09 4500.0
47.19 4500.0
47.50 1500.0
47.71 10500.0
47.84 3000.0
47.95 1500.0
48.12 9000.0
48.23 7500.0
48.41 7500.0
48.54 6000.0
48.64 10500.0
48.77 15000.0
49.01 1500.0
49.12 21000.0
49.22 12000.0
49.38 15000.0
49.48 7500.0
49.58 7500.0
49.75 7500.0
50.02 6000.0
50.20 12000.0
50.34 7500.0
50.44 15000.0
50.67 7500.0
50.83 15000.0
50.97 1500.0
51.15 9000.0
51.25 9000.0
51.37 6000.0
51.47 9000.0
51.58 15000.0
51.69 9000.0
51.80 9000.0
51.93 12000.0
52.05 3000.0
52.17 9000.0
52.34 12000.0
52.45 9000.0
52.57 9000.0
52.67 15000.0
52.80 4500.0
52.97 7500.0
53.07 10500.0
53.18 9000.0
53.30 4500.0
53.44 13500.0
53.63 4500.0
53.73 4500.0
53.86 1500.0
54.08 12000.0
54.20 3000.0
54.44 4500.0
54.59 10500.0
54.69 9000.0
54.81 6000.0
55.05 9000.0
55.15 6000.0
55.25 4500.0
55.35 6000.0
55.50 10500.0
55.62 12000.0
55.74 9000.0
55.86 7500.0
55.95 6000.0
56.17 12000.0
56.28 13500.0
56.40 4500.0
56.50 6000.0
56.65 3000.0
56.76 12000.0
56.88 7500.0
56.98 9000.0
57.12 18000.0
57.24 7500.0
57.37 9000.0
57.50 6000.0
57.61 9000.0
57.76 3000.0
57.92 13500.0
58.02 6000.0
58.13 10500.0
58.24 15000.0
58.38 9000.0
58.62 6000.0
58.72 9000.0
58.83 3000.0
58.98 6000.0
59.10 7500.0
59.21 3000.0
59.32 18000.0
59.46 4500.0
59.62 9000.0
59.76 3000.0
59.90 12000.0
60.06 15000.0
60.79 1500.0
60.90 21000.0
61.03 9000.0
61.13 13500.0
61.24 4500.0
61.35 21000.0
61.46 6000.0
61.57 18000.0
61.69 12000.0
61.79 7500.0
61.89 9000.0
62.03 6000.0
62.15 24000.0
62.26 21000.0
62.36 19500.0
62.50 18000.0
62.63 19500.0
62.76 21000.0
62.86 9000.0
62.96 22500.0
63.07 9000.0
63.18 12000.0
63.28 28500.0
63.39 24000.0
63.49 4500.0
63.60 24000.0
63.70 22500.0
63.81 7500.0
63.96 10500.0
64.07 19500.0
64.23 12000.0
64.37 15000.0
64.49 7500.0
64.60 4500.0
64.71 9000.0
64.81 10500.0
64.94 7500.0
65.05 18000.0
65.18 9000.0
65.32 1500.0
65.43 10500.0
65.53 13500.0
65.64 12000.0
65.78 6000.0
66.03 9000.0
66.28 3000.0
66.67 10500.0
66.83 6000.0
67.03 7500.0
67.19 7500.0
67.36 4500.0
67.52 3000.0
67.64 4500.0
67.77 4500.0
67.88 4500.0
67.99 7500.0
68.12 16500.0
68.30 3000.0
68.40 4500.0
68.56 6000.0
68.67 6000.0
68.78 9000.0
68.91 10500.0
69.07 4500.0
69.18 3000.0
69.29 15000.0
69.42 9000.0
69.55 1500.0
69.66 10500.0
69.76 6000.0
69.88 7500.0
70.04 3000.0
70.14 6000.0
70.26 6000.0
70.46 1500.0
70.56 6000.0
70.69 7500.0
70.81 4500.0
70.92 12000.0
71.02 18000.0
71.13 16500.0
71.24 9000.0
71.34 12000.0
71.51 7500.0
71.63 4500.0
71.75 7500.0
71.89 15000.0
72.00 9000.0
72.11 6000.0
72.22 4500.0
72.33 6000.0
72.43 3000.0
72.55 3000.0
72.85 6000.0
72.96 3000.0
73.07 6000.0
73.20 6000.0
73.34 7500.0
73.45 3000.0
73.60 12000.0
73.76 4500.0
73.87 4500.0
74.00 6000.0
74.12 6000.0
74.22 3000.0
74.32 7500.0
74.53 6000.0
74.66 7500.0
74.77 4500.0
75.00 4500.0
75.22 4500.0
75.32 3000.0
75.91 3000.0
76.01 3000.0
76.13 4500.0
76.27 3000.0
76.38 6000.0
76.51 3000.0
76.63 7500.0
76.77 4500.0
76.92 3000.0
77.10 6000.0
77.21 3000.0
77.37 4500.0
77.52 3000.0
77.73 1500.0
77.83 4500.0
78.01 6000.0
80.07 1500.0
80.19 6000.0
80.39 7500.0
80.79 10500.0
80.92 13500.0
81.03 4500.0
81.14 10500.0
81.24 4500.0
81.35 12000.0
81.48 9000.0
81.58 18000.0
81.69 9000.0
81.81 9000.0
81.92 7500.0
82.06 10500.0
82.16 6000.0
82.29 9000.0
82.40 12000.0
82.54 7500.0
82.66 10500.0
82.84 7500.0
82.97 10500.0
83.16 6000.0
83.28 4500.0
83.45 6000.0
83.61 6000.0
83.72 6000.0
83.83 4500.0
83.93 6000.0
84.06 4500.0
84.23 7500.0
84.34 4500.0
84.47 10500.0
84.59 6000.0
84.86 9000.0
84.97 4500.0
85.08 3000.0
85.19 7500.0
85.30 7500.0
85.45 1500.0
86.30 1500.0
86.42 3000.0
86.52 12000.0
86.65 6000.0
86.79 4500.0
86.89 4500.0
87.05 3000.0
87.25 3000.0
87.38 3000.0
87.50 9000.0
87.63 4500.0
87.75 9000.0
87.87 4500.0
87.97 1500.0
88.11 4500.0
88.27 3000.0
88.37 3000.0
88.52 4500.0
88.65 4500.0
88.75 4500.0
88.88 9000.0
89.01 6000.0
89.23 3000.0
89.43 3000.0
89.54 4500.0
89.64 1500.0
89.75 9000.0
89.87 9000.0
89.98 9000.0
90.08 12000.0
90.21 7500.0
90.32 7500.0
90.43 6000.0
90.54 7500.0
90.69 3000.0
91.90 3000.0
92.21 3000.0
92.34 1500.0
92.56 3000.0
92.97 3000.0
93.17 1500.0
93.28 4500.0
93.49 3000.0
93.68 3000.0
93.86 1500.0
93.97 4500.0
94.10 1500.0
94.22 6000.0
95.02 1500.0
95.14 3000.0
95.68 1500.0
96.13 4500.0
96.23 9000.0
96.35 7500.0
96.49 1500.0
96.58 6000.0
96.80 1500.0
97.16 1500.0
97.91 1500.0
98.07 1500.0
98.34 1500.0
99.26 3000.0
104.05 1500.0
104.23 4500.0
104.38 6000.0
104.51 6000.0
104.62 6000.0
104.73 6000.0
104.84 6000.0
104.94 3000.0
105.04 4500.0
105.15 7500.0
105.25 6000.0
105.37 4500.0
105.50 4500.0
105.61 4500.0
105.72 4500.0
105.84 7500.0
105.95 4500.0
106.37 4500.0
106.92 4500.0
107.07 4500.0
107.20 4500.0
107.33 4500.0
107.46 3000.0
107.61 3000.0
107.74 4500.0
107.89 4500.0
107.99 4500.0
108.13 7500.0
108.26 9000.0
108.36 4500.0
108.47 4500.0
108.57 7500.0
108.68 6000.0
108.80 6000.0
108.93 7500.0
109.03 6000.0
109.16 6000.0
109.26 1500.0
109.36 6000.0
109.48 6000.0
109.59 6000.0
109.71 4500.0
109.81 4500.0
109.94 6000.0
110.04 6000.0
110.19 6000.0
110.33 6000.0
110.44 4500.0
110.55 4500.0
110.68 4500.0
110.82 3000.0
110.96 7500.0
111.09 6000.0
111.23 6000.0
111.39 3000.0
111.51 4500.0
111.63 3000.0
111.74 1500.0
111.86 1500.0
111.99 4500.0
112.37 4500.0
112.48 1500.0
112.61 4500.0
112.78 3000.0
112.92 4500.0
113.16 1500.0
113.43 1500.0
113.58 3000.0
113.81 3000.0
113.93 1500.0
114.15 3000.0
114.37 3000.0
114.69 3000.0
114.83 1500.0
114.93 3000.0
115.06 4500.0
115.16 1500.0
115.56 1500.0
115.70 1500.0
115.87 3000.0
116.04 3000.0
116.19 3000.0
116.31 3000.0
116.61 1500.0
116.73 1500.0
117.00 1500.0
117.22 1500.0
117.32 1500.0
117.49 3000.0
117.64 3000.0
117.79 3000.0
117.90 3000.0
118.34 3000.0
118.56 1500.0
118.68 3000.0
118.80 4500.0
118.92 1500.0
119.02 1500.0
119.16 4500.0
119.29 4500.0
119.40 3000.0
119.66 1500.0
119.82 6000.0
119.97 3000.0
