0.11 117980.0
0.21 111040.0
0.32 106876.0
0.42 111040.0
0.53 119368.0
0.63 105488.0
0.74 136024.0
0.85 137412.0
0.95 105488.0
1.06 112428.0
1.16 113816.0
1.27 123532.0
1.38 122144.0
1.49 134636.0
1.60 112428.0
1.70 98548.0
1.81 127696.0
1.91 126308.0
2.02 134636.0
2.13 129084.0
2.24 113816.0
2.35 111040.0
2.45 117980.0
2.56 124920.0
2.66 120756.0
2.77 115204.0
2.88 112428.0
2.99 138800.0
3.10 120756.0
3.20 98548.0
3.31 129084.0
3.41 109652.0
3.52 131860.0
3.64 111040.0
3.75 137412.0
3.86 120756.0
3.96 112428.0
4.07 126308.0
4.17 122144.0
4.28 123532.0
4.38 126308.0
4.49 117980.0
4.60 109652.0
4.70 117980.0
4.81 119368.0
4.91 111040.0
5.03 136024.0
5.13 117980.0
5.24 122144.0
5.35 141576.0
5.45 109652.0
5.56 101324.0
5.66 130472.0
5.77 117980.0
5.88 127696.0
5.99 123532.0
6.11 119368.0
6.21 119368.0
6.33 111040.0
6.43 113816.0
6.54 123532.0
6.64 99936.0
6.75 126308.0
6.86 129084.0
6.96 115204.0
7.07 113816.0
7.17 108264.0
7.28 140188.0
7.38 119368.0
7.49 119368.0
7.60 112428.0
7.70 108264.0
7.81 112428.0
7.91 126308.0
8.02 123532.0
8.13 138800.0
8.24 119368.0
8.35 112428.0
8.45 117980.0
8.56 127696.0
8.66 104100.0
8.77 131860.0
8.88 126308.0
8.99 120756.0
9.10 131860.0
9.20 115204.0
9.31 129084.0
9.41 116592.0
9.52 104100.0
9.63 136024.0
9.74 117980.0
9.85 120756.0
9.95 115204.0
10.06 109652.0
10.16 133248.0
10.27 124920.0
10.38 109652.0
10.49 142964.0
10.60 120756.0
10.70 106876.0
10.81 124920.0
10.91 116592.0
11.02 122144.0
11.13 109652.0
11.24 136024.0
11.35 115204.0
11.45 117980.0
11.56 120756.0
11.91 68012.0
12.02 285928.0
12.13 262332.0
12.24 123532.0
12.35 106876.0
12.45 104100.0
12.56 117980.0
12.66 120756.0
12.77 126308.0
12.88 122144.0
12.99 122144.0
13.10 137412.0
13.20 113816.0
13.31 124920.0
13.41 112428.0
13.52 101324.0
13.63 112428.0
13.74 151292.0
13.85 129084.0
13.95 115204.0
14.06 115204.0
14.16 129084.0
14.27 106876.0
14.38 127696.0
14.49 126308.0
14.60 111040.0
14.70 119368.0
14.81 113816.0
14.91 112428.0
15.02 124920.0
15.13 115204.0
15.24 123532.0
15.35 113816.0
15.45 109652.0
15.56 134636.0
15.66 113816.0
15.77 127696.0
15.88 131860.0
15.99 122144.0
16.10 127696.0
16.20 115204.0
16.31 115204.0
16.41 90220.0
16.52 117980.0
16.63 117980.0
16.74 136024.0
16.85 117980.0
16.95 113816.0
17.06 136024.0
17.16 104100.0
17.27 123532.0
17.38 123532.0
17.49 124920.0
17.60 91608.0
17.70 105488.0
17.81 137412.0
17.91 123532.0
18.02 126308.0
18.13 136024.0
18.24 120756.0
18.36 116592.0
18.46 117980.0
18.57 112428.0
18.68 117980.0
18.79 133248.0
18.89 119368.0
19.00 122144.0
19.11 136024.0
19.21 104100.0
19.32 112428.0
19.42 111040.0
19.53 131860.0
19.63 105488.0
19.74 112428.0
19.85 122144.0
19.95 104100.0
20.06 112428.0
20.16 111040.0
20.27 108264.0
20.38 108264.0
20.49 113816.0
20.60 115204.0
20.70 102712.0
20.81 129084.0
20.91 104100.0
21.02 129084.0
21.13 120756.0
21.24 112428.0
21.35 122144.0
21.45 112428.0
21.56 120756.0
21.66 123532.0
21.77 113816.0
21.88 126308.0
21.99 116592.0
22.10 134636.0
22.20 120756.0
22.31 113816.0
22.41 123532.0
22.52 124920.0
22.63 129084.0
22.74 126308.0
22.85 138800.0
22.95 113816.0
23.06 133248.0
23.16 106876.0
23.28 117980.0
23.38 119368.0
23.49 129084.0
23.60 119368.0
23.70 113816.0
23.81 137412.0
23.91 109652.0
24.02 126308.0
24.13 134636.0
24.24 109652.0
24.35 106876.0
24.45 102712.0
24.56 131860.0
24.66 94384.0
24.77 136024.0
24.88 116592.0
24.99 102712.0
25.10 129084.0
25.21 111040.0
25.32 131860.0
25.42 115204.0
25.53 115204.0
25.64 102712.0
25.75 129084.0
25.86 133248.0
25.96 116592.0
26.07 119368.0
26.17 106876.0
26.28 123532.0
26.38 124920.0
26.49 123532.0
26.60 106876.0
26.70 117980.0
26.81 131860.0
26.92 123532.0
27.03 137412.0
27.13 129084.0
27.24 124920.0
27.35 122144.0
27.45 119368.0
27.56 115204.0
27.66 92996.0
27.77 111040.0
27.88 123532.0
27.99 124920.0
28.10 122144.0
28.20 109652.0
28.31 129084.0
28.41 105488.0
28.52 126308.0
28.63 119368.0
28.74 111040.0
28.85 97160.0
28.95 94384.0
29.06 141576.0
29.16 102712.0
29.27 131860.0
29.38 116592.0
29.49 131860.0
29.60 115204.0
29.70 97160.0
29.81 119368.0
29.91 113816.0
