5
11
17
22
28
34
40
45
51
57
62
68
74
80
85
91
97
102
108
114
120
125
131
137
142
148
154
160
163
166
170
173
177
180
184
187
191
194
197
201
204
208
211
215
218
222
225
228
232
235
239
242
246
249
253
256
260
263
267
270
274
277
281
285
288
292
295
299
302
306
310
313
317
320
324
327
331
334
338
342
345
349
352
356
360
363
366
370
373
377
380
384
387
391
394
397
401
404
408
411
415
418
422
425
428
432
435
439
442
446
449
453
456
460
463
466
470
473
477
480
484
487
491
494
497
501
504
508
511
515
518
522
525
528
532
535
539
542
546
549
553
556
560
563
567
570
574
577
581
585
588
592
595
599
602
606
610
613
617
620
624
627
631
635
638
642
645
649
652
656
660
664
669
674
679
683
688
693
698
702
707
712
717
721
726
731
736
740
745
750
755
760
765
770
775
780
785
790
795
800
805
810
815
820
825
830
835
840
845
850
855
860
865
870
875
880
885
890
895
900
905
909
915
919
924
929
934
940
945
950
955
960
964
969
974
979
983
988
993
998
1002
1007
1012
1017
1021
1026
1031
1036
1040
1045
1050
1055
1060
1065
1070
1075
1080
1085
1090
1095
1100
1105
1109
1115
1119
1125
1130
1135
1140
1145
1150
1155
1160
1164
1169
1174
1179
1183
1188
1193
1198
1202
1207
1212
1217
1221
1226
1231
1236
1240
1245
1250
1255
1260
1265
1271
1276
1282
1287
1293
1298
1304
1309
1315
1320
1326
1331
1337
1342
1348
1353
1359
1364
1370
1375
1380
1385
1390
1395
1400
1405
1410
1415
1420
1425
1430
1435
1440
1445
1450
1455
1460
1465
1470
1474
1479
1484
1489
1493
1498
1503
1508
1512
1517
1522
1527
1531
1536
1541
1546
1550
1555
1560
1565
1570
1575
1580
1585
1590
1595
1600
1605
1610
1615
1620
1625
1630
1635
1640
1645
1650
1655
1660
1665
1670
1673
1676
1679
1682
1685
1688
1691
1694
1698
1701
1704
1707
1710
1713
1716
1720
1723
1726
1729
1732
1735
1738
1741
1745
1748
1751
1754
1757
1760
1763
1766
1770
1773
1776
1779
1782
1785
1788
1791
1795
1798
1801
1804
1807
1810
1813
1816
1820
1823
1826
1829
1832
1835
1838
1841
1845
1848
1851
1854
1857
1860
1863
1866
1870
1873
1876
1879
1882
1885
1888
1891
1894
1897
1900
1903
1906
1909
1912
1915
1918
1921
1924
1927
1930
1933
1936
1939
1942
1945
1948
1951
1954
1957
1960
1963
1966
1970
1973
1976
1979
1982
1985
1988
1991
1994
1998
2001
2004
2007
2010
2013
2016
2020
2023
2026
2029
2032
2035
2038
2041
2045
2048
2051
2054
2057
2060
2063
2066
2070
2073
2076
2079
2082
2085
2088
2091
2094
2098
2101
2104
2107
2110
2113
2116
2120
2123
2126
2129
2132
2135
2138
2141
2145
2148
2151
2154
2157
2160
2163
2166
2170
2173
2176
2179
2182
2185
2188
2191
2195
2198
2201
2204
2207
2210
2213
2216
2219
2223
2226
2229
2232
2235
2238
2241
2245
2248
2251
2254
2257
2260
2263
2266
2270
2273
2276
2279
2282
2285
2288
2291
2295
2298
2301
2304
2307
2310
2313
2316
2320
2323
2326
2329
2332
2335
2338
2341
2345
2348
2351
2354
2357
2360
2363
2366
2370
2373
2376
2380
2383
2386
2390
2393
2396
2400
2403
2406
2410
2413
2416
2420
2423
2426
2430
2433
2436
2440
2443
2446
2450
2453
2456
2460
2463
2466
2470
2473
2476
2480
2483
2486
2489
2492
2495
2498
2501
2505
2508
2511
2514
2517
2520
2523
2526
2530
2533
2536
2539
2542
2545
2548
2551
2555
2558
2561
2564
2567
2570
2573
2576
2580
2583
2586
2589
2592
2595
2598
2601
2605
2608
2611
2614
2617
2620
2623
2626
2630
2633
2636
2639
2642
2645
2648
2651
2655
2658
2661
2664
2667
2670
2673
2676
2680
2683
2687
2690
2694
2697
2701
2705
2708
2712
2715
2719
2722
2726
2730
2733
2737
2740
2744
2747
2751
2755
2758
2762
2765
2769
2772
2776
2780
2783
2786
2790
2793
2797
2800
2804
2807
2811
2814
2817
2821
2824
2828
2831
2835
2838
2842
2845
2848
2852
2855
2859
2862
2866
2869
2873
2876
2880
2883
2887
2890
2894
2897
2901
2905
2908
2912
2915
2919
2922
2926
2929
2933
2937
2940
2944
2947
2951
2955
2958
2962
2965
2969
2972
2976
2980
2983
2987
2991
2995
2999
3003
3007
3011
3015
3019
3023
3027
3031
3035
3038
3042
3046
3050
3054
3058
3062
3066
3070
3074
3078
3082
3086
3090
3093
3097
3100
3104
3107
3111
3114
3118
3122
3125
3129
3132
3136
3139
3143
3147
3150
3154
3157
3161
3165
3168
3172
3175
3179
3182
3186
3190
3193
3197
3200
3204
3207
3211
3215
3218
3222
3225
3229
3232
3236
3240
3243
3247
3250
3254
3257
3261
3265
3268
3272
3275
3279
3282
3286
3290
3293
3296
3300
3303
3307
3310
3314
3317
3321
3324
3327
3331
3334
3338
3341
3345
3348
3352
3355
3358
3362
3365
3369
3372
3376
3379
3383
3386
3390
3393
3397
3400
3404
3407
3411
3415
3418
3422
3425
3429
3432
3436
3440
3443
3447
3450
3454
3457
3461
3465
3468
3472
3475
3479
3482
3486
3490
3493
3497
3501
3505
3509
3513
3517
3521
3525
3529
3533
3537
3541
3545
3548
3552
3556
3560
3564
3568
3572
3576
3580
3584
3588
3592
3596
3600
3603
3607
3610
3614
3617
3621
3625
3628
3632
3635
3639
3642
3646
3650
3653
3657
3660
3664
3667
3671
3675
3678
3682
3685
3689
3692
3696
3700
3704
3708
3713
3717
3722
3726
3730
3735
3739
3744
3748
3752
3757
3761
3766
3770
3774
3779
3783
3788
3792
3796
3801
3805
3810
3814
3819
3823
3828
3832
3837
3842
3846
3851
3855
3860
3865
3869
3874
3878
3883
3887
3892
3897
3901
3906
3910
3915
3920
3925
3929
3935
3940
3945
3950
3955
3960
3965
3969
3975
3980
3985
3990
3995
4000
4005
4010
4014
4019
4025
4030
4035
4040
4044
4049
4053
4058
4062
4067
4072
4076
4081
4085
4090
4095
4099
4104
4108
4113
4117
4122
4127
4131
4136
4140
4145
4150
4154
4158
4163
4167
4172
4176
4180
4185
4189
4194
4198
4202
4207
4211
4216
4220
4224
4229
4233
4238
4242
4246
4251
4255
4260
4265
4270
4274
4279
4285
4290
4295
4300
4305
4310
4314
4320
4325
4330
4335
4340
4345
4350
4354
4359
4365
4370
4375
4380
4384
4389
4393
4398
4402
4407
4412
4416
4421
4425
4430
4435
4439
4444
4448
4453
4457
4462
4467
4471
4476
4480
4485
4490
4494
4499
4503
4508
4512
4517
4522
4526
4531
4535
4540
4545
4549
4554
4558
4563
4567
4572
4577
4581
4586
4590
4595
4600
4604
4608
4613
4617
4622
4626
4630
4635
4639
4644
4648
4652
4657
4661
4665
4670
4674
4679
4683
4688
4692
4696
4701
4705
4710
4715
4720
4725
4730
4735
4740
4745
4750
4755
4760
4765
4770
4775
4780
4785
4790
4795
4800
4805
4810
4815
4820
4825
4830
4834
4838
4842
4846
4850
4854
4858
4862
4866
4870
4874
4878
4882
4886
4890
4894
4898
4902
4906
4910
4914
4918
4922
4926
4930
4934
4938
4942
4946
4950
4954
4958
4962
4966
4970
4974
4978
4982
4986
4990
4994
4998
5002
5006
5010
5014
5018
5022
5026
5030
5033
5037
5041
5045
5049
5053
5056
5060
5064
5068
5072
5076
5080
5083
5087
5091
5095
5099
5103
5106
5110
5114
5118
5122
5126
5130
5134
5138
5142
5146
5150
5154
5158
5162
5166
5170
5174
5178
5182
5186
5190
5194
5198
5202
5206
5210
5214
5218
5222
5226
5230
5234
5238
5242
5246
5250
5254
5258
5262
5266
5270
5274
5278
5282
5286
5290
5294
5298
5302
5306
5310
5314
5318
5322
5326
5330
5334
5338
5342
5346
5350
5354
5358
5362
5366
5370
5374
5378
5382
5386
5390
5394
5398
5402
5406
5410
5414
5418
5422
5426
5430
5434
5438
5442
5446
5450
5454
5458
5462
5466
5470
5474
5478
5482
5486
5490
5494
5498
5502
5506
5510
5514
5518
5522
5526
5530
5534
5538
5542
5546
5550
5554
5558
5562
5566
5570
5574
5578
5582
5586
5590
5594
5598
5602
5606
5610
5614
5618
5622
5626
5630
5633
5637
5641
5645
5649
5653
5656
5660
5664
5668
5672
5676
5680
5683
5687
5691
5695
5699
5703
5706
5710
5714
5718
5722
5726
5730
5734
5738
5742
5746
5750
5754
5758
5762
5766
5770
5774
5778
5782
5786
5790
5794
5798
5802
5806
5810
5814
5818
5822
5826
5830
5850
5870
5890
5910
5930
5946
5963
5980
5996
6013
6030
6050
6070
6090
6110
6130
6150
6170
6190
6210
6230
6246
6263
6280
6296
6313
6330
6350
6370
6390
6410
6430
6450
6470
6490
6510
6530
6548
6566
6585
6603
6621
6640
6660
6680
6700
6720
6740
6756
6773
6790
6806
6823
6840
6848
6856
6865
6873
6882
6890
6899
6907
6916
6924
6933
6941
6950
6957
6965
6973
6980
6988
6996
7003
7011
7019
7026
7034
7042
7050
7058
7066
7075
7083
7092
7100
7109
7117
7126
7134
7143
7151
7160
7169
7178
7187
7196
7205
7215
7224
7233
7242
7251
7260
7270
7278
7286
7295
7303
7312
7320
7329
7337
7346
7354
7363
7371
7380
7387
7395
7403
7410
7418
7426
7433
7441
7449
7456
7464
7472
7480
7488
7496
7505
7513
7522
7530
7539
7547
7556
7564
7573
7581
7590
7598
7606
7615
7623
7632
7640
7649
7657
7666
7674
7683
7691
7700
7708
7716
7725
7733
7742
7750
7759
7767
7776
7784
7793
7801
7810
7817
7825
7833
7840
7848
7856
7863
7871
7879
7886
7894
7902
7910
7930
7950
7970
7989
8010
8029
8048
8066
8085
8103
8121
8140
8160
8180
8200
8220
8240
8260
8280
8300
8320
8340
8360
8380
8398
8416
8435
8453
8471
8490
8510
8530
8550
8570
8590
8610
8628
8646
8665
8683
8701
8720
8740
8760
8780
8800
8820
8840
8858
8876
8895
8913
8931
8950
8969
8990
9010
9030
9050
9070
9081
9092
9103
9114
9125
9136
9147
9158
9170
9181
9192
9203
9214
9225
9236
9247
9258
9270
9281
9292
9303
9314
9325
9336
9347
9358
9370
9381
9392
9403
9414
9425
9436
9447
9458
9470
9481
9492
9503
9514
9525
9536
9547
9558
9570
9582
9595
9607
9620
9632
9645
9657
9670
9681
9692
9703
9714
9725
9736
9747
9758
9770
9781
9792
9803
9814
9825
9836
9847
9858
9870
9881
9892
9903
9914
9925
9936
9947
9958
9970
9981
9992
10003
10014
10025
10036
10047
10058
10070
10078
10086
10095
10103
10111
10120
10128
10136
10145
10153
10161
10170
10178
10186
10195
10203
10211
10219
10228
10236
10245
10253
10261
10270
10279
10288
10297
10306
10315
10325
10334
10343
10352
10361
10370
10380
10387
10395
10403
10410
10418
10426
10433
10441
10449
10456
10464
10472
10480
10488
10496
10505
10513
10521
10530
10538
10546
10555
10563
10571
10580
10589
10598
10607
10616
10625
10635
10644
10653
10662
10671
10680
10690
10698
10706
10715
10723
10731
10739
10748
10756
10764
10773
10781
10790
10798
10806
10815
10823
10831
10840
10848
10856
10865
10873
10881
10890
10897
10905
10913
10920
10928
10936
10943
10951
10959
10966
10974
10982
10990
10999
11008
11017
11026
11035
11045
11054
11063
11072
11081
11090
11100
11127
11155
11182
11210
11237
11265
11292
11320
11340
11360
11380
11400
11420
11447
11475
11502
11530
11557
11585
11612
11640
11667
11695
11722
11750
11777
11805
11832
11860
11882
11904
11926
11948
11970
11997
12025
12052
12080
12107
12135
12162
12190
12206
12223
12239
12256
12273
12290
12306
12323
12340
12356
12373
12390
12406
12423
12440
12456
12473
12490
12506
12523
12540
12556
12573
12590
12606
12623
12640
12656
12673
12690
12706
12723
12739
12756
12773
12790
12806
12823
12840
12856
12873
12890
12906
12923
12940
12956
12973
12990
13010
13030
13050
13070
13090
13106
13123
13140
13156
13173
13190
13227
13265
13302
13340
13370
13400
13430
13460
13490
13527
13565
13602
13640
13680
13720
13760
13800
13837
13875
13912
13950
13987
14024
14062
14100
14137
14175
14212
14250
14287
14325
14362
14400
14440
14480
14520
14560
14597
14635
14672
14710
14732
14754
14776
14798
14820
14842
14864
14886
14908
14930
14960
14990
15020
15050
15072
15094
15116
15138
15160
15182
15204
15226
15248
15270
15300
15330
15360
15390
15412
15434
15456
15478
15500
15522
15544
15565
15588
15610
15640
15670
15700
15730
15752
15774
15796
15818
15840
15895
15950
16070
16125
16180
16240
16300
16355
16410
16530
16585
16640
16700
16760
16815
16870
16990
17055
17120
17185
17250
17380
17450
17520
17585
17650
17715
17780
17910
17975
18040
18110
18180
18244
18310
18324
18338
18352
18367
18381
18395
18410
18424
18438
18452
18467
18481
18495
18510
18524
18538
18552
18567
18581
18595
18610
18625
18641
18657
18672
18688
18704
18720
18734
18748
18762
18777
18791
18805
18820
18834
18848
18862
18877
18891
18905
18920
18934
18948
18962
18977
18991
19005
19020
19034
19048
19062
19077
19091
19105
19120
19135
19151
19167
19182
19198
19214
19230
19244
19258
19272
19287
19301
19315
19330
19363
19396
19430
19466
19503
19540
19567
19595
19622
19650
19683
19716
19750
19786
19823
19860
19893
19926
19960
19987
20015
20042
20070
20106
20143
20180
20213
20246
20280
20316
20353
20390
20406
20423
20439
20456
20473
20490
20504
20518
20532
20547
20561
20575
20590
20606
20623
20640
20656
20673
20690
20706
20723
20740
20756
20773
20790
20806
20823
20840
20856
20873
20890
20906
20923
20939
20956
20973
20990
21006
21023
21040
21056
21073
21090
21108
21126
21145
21163
21181
21200
21216
21233
21250
21266
21283
21300
21316
21333
21350
21366
21383
21400
21450
21500
21550
21625
21700
21770
21840
21915
21990
22064
22140
22190
22240
22290
22365
22440
22515
22590
22665
22740
22814
22890
23060
23750
24270
24314
24360
24405
24450
24494
24540
24585
24630
24674
24720
24731
24742
24753
24764
24775
24786
24797
24808
24820
24830
24840
24850
24860
24870
24880
24890
24900
24910
24920
24932
24944
24956
24968
24981
24993
25005
25017
25030
25040
25050
25060
25070
25080
25090
25100
25110
25119
25130
25141
25152
25163
25174
25185
25196
25207
25218
25230
25240
25250
25259
25270
25280
25290
25299
25310
25320
25330
25341
25352
25363
25374
25385
25396
25407
25418
25430
25442
25454
25466
25478
25491
25503
25515
25527
25540
25550
25560
25570
25580
25590
25600
25610
25620
25630
25640
25656
25673
25689
25706
25723
25740
25756
25773
25790
25806
25823
25840
25856
25873
25890
25906
25923
25940
25954
25968
25982
25997
26011
26025
26040
26056
26073
26090
26106
26123
26140
26158
26176
26195
26213
26231
26250
26266
26283
26300
26316
26333
26350
26366
26383
26400
26416
26433
26450
26466
26483
26500
26516
26533
26550
26566
26583
26600
26616
26633
26650
26669
26689
26710
26730
26750
26770
26790
26810
26830
26850
26872
26894
26916
26938
26960
26980
27000
27020
27040
27060
27080
27099
27120
27140
27160
27180
27200
27220
27240
27260
27280
27300
27320
27340
27360
27387
27415
27442
27470
27490
27509
27530
27550
27570
27590
27610
27630
27650
27670
27810
27950
28100
28240
28380
28530
28670
28810
28960
29100
29200
29300
29400
29510
29610
29710
29810
29910
