0.10 27443.20
0.20 27443.20
0.30 27443.20
0.40 27443.20
0.50 27443.20
0.60 27443.20
0.70 27443.20
0.80 27443.20
0.90 27443.20
1.00 27443.20
1.10 26112.00
1.20 26112.00
1.30 26112.00
1.40 26112.00
1.50 26112.00
1.60 26112.00
1.70 26112.00
1.80 26112.00
1.90 26112.00
2.00 26112.00
2.10 26316.80
2.20 26316.80
2.30 26316.80
2.40 26316.80
2.50 26316.80
2.60 26316.80
2.70 26316.80
2.80 26316.80
2.90 26316.80
3.00 26316.80
3.10 23244.80
3.20 23244.80
3.30 23244.80
3.40 23244.80
3.50 23244.80
3.60 23244.80
3.70 23244.80
3.80 23244.80
3.90 23244.80
4.00 23244.80
4.10 25088.00
4.20 25088.00
4.30 25088.00
4.40 25088.00
4.50 25088.00
4.60 25088.00
4.70 25088.00
4.80 25088.00
4.90 25088.00
5.00 25088.00
5.10 26828.80
5.20 26828.80
5.30 26828.80
5.40 26828.80
5.50 26828.80
5.60 26828.80
5.70 26828.80
5.80 26828.80
5.90 26828.80
6.00 26828.80
6.10 27443.20
6.20 27443.20
6.30 27443.20
6.40 27443.20
6.50 27443.20
6.60 27443.20
6.70 27443.20
6.80 27443.20
6.90 27443.20
7.00 27443.20
7.10 27443.20
7.20 27443.20
7.30 27443.20
7.40 27443.20
7.50 27443.20
7.60 27443.20
7.70 27443.20
7.80 27443.20
7.90 27443.20
8.00 27443.20
8.10 26726.40
8.20 26726.40
8.30 26726.40
8.40 26726.40
8.50 26726.40
8.60 26726.40
8.70 26726.40
8.80 26726.40
8.90 26726.40
9.00 26726.40
9.10 27136.00
9.20 27136.00
9.30 27136.00
9.40 27136.00
9.50 27136.00
9.60 27136.00
9.70 27136.00
9.80 27136.00
9.90 27136.00
10.00 27136.00
10.10 25395.20
10.20 25395.20
10.30 25395.20
10.40 25395.20
10.50 25395.20
10.60 25395.20
10.70 25395.20
10.80 25395.20
10.90 25395.20
11.00 25395.20
11.10 14131.20
11.20 14131.20
11.30 14131.20
11.40 14131.20
11.50 14131.20
11.60 14131.20
11.70 14131.20
11.80 14131.20
11.90 14131.20
12.00 14131.20
12.10 8704.00
12.20 8704.00
12.30 8704.00
12.40 8704.00
12.50 8704.00
12.60 8704.00
12.70 8704.00
12.80 8704.00
12.90 8704.00
13.00 8704.00
13.10 9523.20
13.20 9523.20
13.30 9523.20
13.40 9523.20
13.50 9523.20
13.60 9523.20
13.70 9523.20
13.80 9523.20
13.90 9523.20
14.00 9523.20
14.10 9318.40
14.20 9318.40
14.30 9318.40
14.40 9318.40
14.50 9318.40
14.60 9318.40
14.70 9318.40
14.80 9318.40
14.90 9318.40
15.00 9318.40
15.10 9523.20
15.20 9523.20
15.30 9523.20
15.40 9523.20
15.50 9523.20
15.60 9523.20
15.70 9523.20
15.80 9523.20
15.90 9523.20
16.00 9523.20
16.10 14745.60
16.20 14745.60
16.30 14745.60
16.40 14745.60
16.50 14745.60
16.60 14745.60
16.70 14745.60
16.80 14745.60
16.90 14745.60
17.00 14745.60
17.10 27955.20
17.20 27955.20
17.30 27955.20
17.40 27955.20
17.50 27955.20
17.60 27955.20
17.70 27955.20
17.80 27955.20
17.90 27955.20
18.00 27955.20
18.10 27750.40
18.20 27750.40
18.30 27750.40
18.40 27750.40
18.50 27750.40
18.60 27750.40
18.70 27750.40
18.80 27750.40
18.90 27750.40
19.00 27750.40
19.10 23244.80
19.20 23244.80
19.30 23244.80
19.40 23244.80
19.50 23244.80
19.60 23244.80
19.70 23244.80
19.80 23244.80
19.90 23244.80
20.00 23244.80
20.10 27033.60
20.20 27033.60
20.30 27033.60
20.40 27033.60
20.50 27033.60
20.60 27033.60
20.70 27033.60
20.80 27033.60
20.90 27033.60
21.00 27033.60
21.10 26521.60
21.20 26521.60
21.30 26521.60
21.40 26521.60
21.50 26521.60
21.60 26521.60
21.70 26521.60
21.80 26521.60
21.90 26521.60
22.00 26521.60
22.10 26112.00
22.20 26112.00
22.30 26112.00
22.40 26112.00
22.50 26112.00
22.60 26112.00
22.70 26112.00
22.80 26112.00
22.90 26112.00
23.00 26112.00
23.10 26112.00
23.20 26112.00
23.30 26112.00
23.40 26112.00
23.50 26112.00
23.60 26112.00
23.70 26112.00
23.80 26112.00
23.90 26112.00
24.00 26112.00
24.10 25804.80
24.20 25804.80
24.30 25804.80
24.40 25804.80
24.50 25804.80
24.60 25804.80
24.70 25804.80
24.80 25804.80
24.90 25804.80
25.00 25804.80
25.10 22732.80
25.20 22732.80
25.30 22732.80
25.40 22732.80
25.50 22732.80
25.60 22732.80
25.70 22732.80
25.80 22732.80
25.90 22732.80
26.00 22732.80
26.10 15974.40
26.20 15974.40
26.30 15974.40
26.40 15974.40
26.50 15974.40
26.60 15974.40
26.70 15974.40
26.80 15974.40
26.90 15974.40
27.00 15974.40
27.10 27750.40
27.20 27750.40
27.30 27750.40
27.40 27750.40
27.50 27750.40
27.60 27750.40
27.70 27750.40
27.80 27750.40
27.90 27750.40
28.00 27750.40
28.10 27136.00
28.20 27136.00
28.30 27136.00
28.40 27136.00
28.50 27136.00
28.60 27136.00
28.70 27136.00
28.80 27136.00
28.90 27136.00
29.00 27136.00
29.10 30105.60
29.20 30105.60
29.30 30105.60
29.40 30105.60
29.50 30105.60
29.60 30105.60
29.70 30105.60
29.80 30105.60
29.90 30105.60
30.00 30105.60
