0.10 26869.6
0.20 26869.6
0.30 26869.6
0.40 26869.6
0.50 26869.6
0.61 26869.6
0.71 26869.6
0.81 26869.6
0.91 26869.6
1.01 26869.6
1.11 26322.4
1.21 26322.4
1.31 26322.4
1.41 26322.4
1.51 26322.4
1.61 26322.4
1.72 26322.4
1.82 26322.4
1.92 26322.4
2.02 26322.4
2.12 25992.0
2.22 25992.0
2.32 25992.0
2.42 25992.0
2.52 25992.0
2.62 25992.0
2.72 25992.0
2.82 25992.0
2.92 25992.0
3.02 25992.0
3.12 27827.2
3.22 27827.2
3.33 27827.2
3.43 27827.2
3.53 27827.2
3.63 27827.2
3.73 27827.2
3.84 27827.2
3.94 27827.2
4.04 27827.2
4.15 22628.8
4.25 22628.8
4.36 22628.8
4.47 22628.8
4.58 22628.8
4.69 22628.8
4.79 22628.8
4.90 22628.8
5.01 22628.8
5.12 22628.8
5.22 25855.2
5.32 25855.2
5.42 25855.2
5.52 25855.2
5.62 25855.2
5.72 25855.2
5.83 25855.2
5.93 25855.2
6.03 25855.2
6.13 25855.2
6.23 21122.1
6.33 21122.1
6.43 21122.1
6.53 21122.1
6.63 21122.1
6.73 21122.1
6.83 21122.1
6.93 21122.1
7.03 21122.1
7.13 21122.1
7.23 23803.2
7.33 23803.2
7.43 23803.2
7.53 23803.2
7.63 23803.2
7.73 23803.2
7.83 23803.2
7.93 23803.2
8.03 23803.2
8.13 23803.2
8.23 15790.7
8.33 15790.7
8.43 15790.7
8.54 15790.7
8.64 15790.7
8.74 15790.7
8.84 15790.7
8.94 15790.7
9.04 15790.7
9.14 15790.7
9.24 26128.8
9.34 26128.8
9.44 26128.8
9.54 26128.8
9.64 26128.8
9.74 26128.8
9.84 26128.8
9.94 26128.8
10.04 26128.8
10.14 26128.8
10.24 26185.6
10.34 26185.6
10.44 26185.6
10.54 26185.6
10.65 26185.6
10.75 26185.6
10.85 26185.6
10.95 26185.6
11.05 26185.6
11.15 26185.6
11.25 27416.8
11.35 27416.8
11.45 27416.8
11.55 27416.8
11.65 27416.8
11.76 27416.8
11.86 27416.8
11.96 27416.8
12.06 27416.8
12.16 27416.8
12.26 30780.0
12.36 30780.0
12.46 30780.0
12.56 30780.0
12.66 30780.0
12.76 30780.0
12.86 30780.0
12.96 30780.0
13.06 30780.0
13.16 30780.0
13.26 25638.4
13.36 25638.4
13.46 25638.4
13.56 25638.4
13.66 25638.4
13.77 25638.4
13.87 25638.4
13.97 25638.4
14.07 25638.4
14.17 25638.4
14.27 28648.0
14.37 28648.0
14.48 28648.0
14.58 28648.0
14.68 28648.0
14.78 28648.0
14.88 28648.0
14.99 28648.0
15.09 28648.0
15.19 28648.0
15.29 29822.4
15.39 29822.4
15.49 29822.4
15.59 29822.4
15.69 29822.4
15.79 29822.4
15.89 29822.4
15.99 29822.4
16.09 29822.4
16.19 29822.4
16.29 25775.2
16.39 25775.2
16.49 25775.2
16.59 25775.2
16.69 25775.2
16.79 25775.2
16.89 25775.2
16.99 25775.2
17.09 25775.2
17.19 25775.2
17.29 27416.8
17.39 27416.8
17.49 27416.8
17.59 27416.8
17.70 27416.8
17.80 27416.8
17.90 27416.8
18.00 27416.8
18.10 27416.8
18.20 27416.8
18.30 27223.2
18.40 27223.2
18.50 27223.2
18.60 27223.2
18.70 27223.2
18.80 27223.2
18.90 27223.2
19.00 27223.2
19.10 27223.2
19.20 27223.2
19.30 26459.2
19.40 26459.2
19.50 26459.2
19.60 26459.2
19.70 26459.2
19.80 26459.2
19.90 26459.2
20.00 26459.2
20.10 26459.2
20.20 26459.2
20.30 35214.4
20.40 35214.4
20.50 35214.4
20.60 35214.4
20.71 35214.4
20.81 35214.4
20.91 35214.4
21.01 35214.4
21.11 35214.4
21.21 35214.4
21.31 37540.0
21.41 37540.0
21.51 37540.0
21.61 37540.0
21.71 37540.0
21.81 37540.0
21.91 37540.0
22.01 37540.0
22.11 37540.0
22.21 37540.0
22.31 34530.4
22.41 34530.4
22.51 34530.4
22.61 34530.4
22.71 34530.4
22.81 34530.4
22.91 34530.4
23.02 34530.4
23.12 34530.4
23.22 34530.4
23.32 26949.6
23.42 26949.6
23.52 26949.6
23.62 26949.6
23.72 26949.6
23.82 26949.6
23.93 26949.6
24.03 26949.6
24.13 26949.6
24.23 26949.6
24.33 18251.2
24.43 18251.2
24.53 18251.2
24.63 18251.2
24.73 18251.2
24.84 18251.2
24.94 18251.2
25.04 18251.2
25.14 18251.2
25.24 18251.2
25.34 32148.0
25.44 32148.0
25.54 32148.0
25.64 32148.0
25.74 32148.0
25.84 32148.0
25.94 32148.0
26.04 32148.0
26.14 32148.0
26.24 32148.0
26.34 31794.4
26.44 31794.4
26.54 31794.4
26.64 31794.4
26.74 31794.4
26.84 31794.4
26.94 31794.4
27.04 31794.4
27.14 31794.4
27.24 31794.4
27.34 36856.0
27.44 36856.0
27.54 36856.0
27.64 36856.0
27.74 36856.0
27.84 36856.0
27.94 36856.0
28.04 36856.0
28.14 36856.0
28.24 36856.0
28.34 28648.0
28.44 28648.0
28.54 28648.0
28.64 28648.0
28.74 28648.0
28.85 28648.0
28.95 28648.0
29.05 28648.0
29.15 28648.0
29.25 28648.0
29.35 26322.4
29.45 26322.4
29.55 26322.4
29.66 26322.4
29.76 26322.4
29.86 26322.4
29.96 26322.4
30.06 26322.4
30.17 26322.4
30.27 26322.4
30.37 31737.6
30.47 31737.6
30.57 31737.6
30.67 31737.6
30.77 31737.6
30.87 31737.6
30.97 31737.6
31.07 31737.6
31.17 31737.6
31.27 31737.6
31.37 28784.8
31.47 28784.8
31.57 28784.8
31.67 28784.8
31.77 28784.8
31.87 28784.8
31.97 28784.8
32.07 28784.8
32.17 28784.8
32.27 28784.8
32.37 29742.4
32.47 29742.4
32.57 29742.4
32.67 29742.4
32.77 29742.4
32.88 29742.4
32.98 29742.4
33.08 29742.4
33.18 29742.4
33.28 29742.4
33.38 32615.2
33.48 32615.2
33.58 32615.2
33.68 32615.2
33.78 32615.2
33.88 32615.2
33.99 32615.2
34.09 32615.2
34.19 32615.2
34.29 32615.2
34.39 33789.6
34.49 33789.6
34.59 33789.6
34.69 33789.6
34.79 33789.6
34.89 33789.6
34.99 33789.6
35.09 33789.6
35.19 33789.6
35.29 33789.6
35.39 29742.4
35.49 29742.4
35.59 29742.4
35.69 29742.4
35.79 29742.4
35.90 29742.4
36.00 29742.4
36.10 29742.4
36.20 29742.4
36.30 29742.4
36.40 27143.2
36.50 27143.2
36.60 27143.2
36.70 27143.2
36.80 27143.2
36.91 27143.2
37.01 27143.2
37.11 27143.2
37.21 27143.2
37.31 27143.2
37.41 32204.8
37.52 32204.8
37.62 32204.8
37.72 32204.8
37.83 32204.8
37.93 32204.8
38.04 32204.8
38.14 32204.8
38.24 32204.8
38.35 32204.8
38.45 23666.4
38.55 23666.4
38.65 23666.4
38.75 23666.4
38.85 23666.4
38.95 23666.4
39.05 23666.4
39.15 23666.4
39.25 23666.4
39.35 23666.4
39.45 20166.4
39.55 20166.4
39.65 20166.4
39.75 20166.4
39.85 20166.4
39.95 20166.4
40.06 20166.4
40.16 20166.4
40.26 20166.4
40.36 20166.4
40.46 27223.2
40.56 27223.2
40.66 27223.2
40.76 27223.2
40.86 27223.2
40.96 27223.2
41.07 27223.2
41.17 27223.2
41.27 27223.2
41.37 27223.2
41.47 26459.2
41.57 26459.2
41.67 26459.2
41.77 26459.2
41.87 26459.2
41.97 26459.2
42.07 26459.2
42.17 26459.2
42.27 26459.2
42.37 26459.2
42.47 27006.4
42.57 27006.4
42.67 27006.4
42.77 27006.4
42.87 27006.4
42.97 27006.4
43.08 27006.4
43.18 27006.4
43.28 27006.4
43.38 27006.4
43.48 27633.6
43.58 27633.6
43.68 27633.6
43.78 27633.6
43.88 27633.6
43.98 27633.6
44.08 27633.6
44.18 27633.6
44.28 27633.6
44.38 27633.6
44.48 19619.2
44.58 19619.2
44.68 19619.2
44.78 19619.2
44.88 19619.2
44.98 19619.2
45.09 19619.2
45.19 19619.2
45.29 19619.2
45.39 19619.2
45.49 20930.4
45.59 20930.4
45.69 20930.4
45.79 20930.4
45.89 20930.4
45.99 20930.4
46.10 20930.4
46.20 20930.4
46.30 20930.4
46.40 20930.4
46.50 21671.2
46.60 21671.2
46.70 21671.2
46.80 21671.2
46.90 21671.2
47.00 21671.2
47.10 21671.2
47.20 21671.2
47.30 21671.2
47.40 21671.2
47.50 23666.4
47.60 23666.4
47.70 23666.4
47.80 23666.4
47.90 23666.4
48.00 23666.4
48.10 23666.4
48.20 23666.4
48.30 23666.4
48.40 23666.4
48.50 21260.8
48.60 21260.8
48.70 21260.8
48.80 21260.8
48.90 21260.8
49.00 21260.8
49.11 21260.8
49.21 21260.8
49.31 21260.8
49.41 21260.8
49.51 29742.4
49.61 29742.4
49.71 29742.4
49.81 29742.4
49.91 29742.4
50.01 29742.4
50.11 29742.4
50.21 29742.4
50.31 29742.4
50.41 29742.4
50.51 22982.4
50.61 22982.4
50.71 22982.4
50.81 22982.4
50.91 22982.4
51.01 22982.4
51.12 22982.4
51.22 22982.4
51.32 22982.4
51.42 22982.4
51.52 21808.0
51.62 21808.0
51.72 21808.0
51.83 21808.0
51.93 21808.0
52.03 21808.0
52.13 21808.0
52.23 21808.0
52.34 21808.0
52.44 21808.0
52.54 24076.8
52.64 24076.8
52.74 24076.8
52.84 24076.8
52.94 24076.8
53.04 24076.8
53.14 24076.8
53.24 24076.8
53.34 24076.8
53.44 24076.8
53.54 24817.6
53.64 24817.6
53.74 24817.6
53.84 24817.6
53.94 24817.6
54.04 24817.6
54.14 24817.6
54.24 24817.6
54.34 24817.6
54.44 24817.6
54.54 26869.6
54.64 26869.6
54.75 26869.6
54.85 26869.6
54.95 26869.6
55.05 26869.6
55.15 26869.6
55.25 26869.6
55.36 26869.6
55.46 26869.6
55.56 24624.0
55.66 24624.0
55.76 24624.0
55.86 24624.0
55.96 24624.0
56.06 24624.0
56.16 24624.0
56.26 24624.0
56.36 24624.0
56.46 24624.0
56.56 22628.7
56.66 22628.7
56.76 22628.7
56.86 22628.7
56.96 22628.7
57.06 22628.7
57.16 22628.7
57.26 22628.7
57.36 22628.7
57.46 22628.7
57.56 24076.8
57.66 24076.8
57.76 24076.8
57.86 24076.8
57.96 24076.8
58.06 24076.8
58.17 24076.8
58.27 24076.8
58.37 24076.8
58.47 24076.8
58.57 22765.6
58.67 22765.6
58.77 22765.6
58.87 22765.6
58.97 22765.6
59.07 22765.6
59.17 22765.6
59.27 22765.6
59.37 22765.6
59.47 22765.6
59.57 28044.0
59.67 28044.0
59.77 28044.0
59.87 28044.0
59.97 28044.0
60.07 28044.0
60.18 28044.0
60.28 28044.0
60.38 28044.0
60.48 28044.0
60.58 23860.0
60.68 23860.0
60.78 23860.0
60.88 23860.0
60.98 23860.0
61.08 23860.0
61.18 23860.0
61.28 23860.0
61.38 23860.0
61.48 23860.0
61.58 25091.2
61.68 25091.2
61.78 25091.2
61.88 25091.2
61.98 25091.2
62.08 25091.2
62.18 25091.2
62.28 25091.2
62.38 25091.2
62.48 25091.2
62.58 29822.4
62.68 29822.4
62.78 29822.4
62.88 29822.4
62.98 29822.4
63.09 29822.4
63.19 29822.4
63.29 29822.4
63.39 29822.4
63.49 29822.4
63.59 28511.2
63.69 28511.2
63.79 28511.2
63.90 28511.2
64.00 28511.2
64.10 28511.2
64.20 28511.2
64.30 28511.2
64.41 28511.2
64.51 28511.2
64.61 23860.0
64.71 23860.0
64.81 23860.0
64.91 23860.0
65.01 23860.0
65.11 23860.0
65.21 23860.0
65.31 23860.0
65.41 23860.0
65.51 23860.0
65.61 24624.0
65.71 24624.0
65.82 24624.0
65.92 24624.0
66.02 24624.0
66.12 24624.0
66.22 24624.0
66.32 24624.0
66.43 24624.0
66.53 24624.0
66.63 20303.2
66.73 20303.2
66.83 20303.2
66.93 20303.2
67.03 20303.2
67.13 20303.2
67.23 20303.2
67.33 20303.2
67.43 20303.2
67.53 20303.2
67.63 25171.2
67.73 25171.2
67.83 25171.2
67.93 25171.2
68.03 25171.2
68.13 25171.2
68.23 25171.2
68.33 25171.2
68.43 25171.2
68.53 25171.2
68.63 24817.6
68.73 24817.6
68.83 24817.6
68.93 24817.6
69.03 24817.6
69.13 24817.6
69.24 24817.6
69.34 24817.6
69.44 24817.6
69.54 24817.6
69.64 22492.0
69.74 22492.0
69.84 22492.0
69.94 22492.0
70.04 22492.0
70.14 22492.0
70.24 22492.0
70.35 22492.0
70.45 22492.0
70.55 22492.0
70.65 30643.2
70.75 30643.2
70.85 30643.2
70.95 30643.2
71.05 30643.2
71.15 30643.2
71.25 30643.2
71.35 30643.2
71.45 30643.2
71.55 30643.2
71.65 24817.6
71.75 24817.6
71.85 24817.6
71.95 24817.6
72.05 24817.6
72.15 24817.6
72.26 24817.6
72.36 24817.6
72.46 24817.6
72.56 24817.6
72.66 23529.6
72.76 23529.6
72.86 23529.6
72.96 23529.6
73.06 23529.6
73.16 23529.6
73.26 23529.6
73.36 23529.6
73.46 23529.6
73.56 23529.6
73.66 18388.0
73.76 18388.0
73.86 18388.0
73.96 18388.0
74.06 18388.0
74.16 18388.0
74.27 18388.0
74.37 18388.0
74.47 18388.0
74.57 18388.0
74.67 21067.2
74.77 21067.2
74.87 21067.2
74.97 21067.2
75.07 21067.2
75.17 21067.2
75.27 21067.2
75.37 21067.2
75.47 21067.2
75.57 21067.2
75.67 18114.4
75.77 18114.4
75.87 18114.4
75.97 18114.4
76.07 18114.4
76.17 18114.4
76.27 18114.4
76.37 18114.4
76.47 18114.4
76.57 18114.4
76.67 22708.8
76.77 22708.8
76.88 22708.8
76.98 22708.8
77.08 22708.8
77.18 22708.8
77.28 22708.8
77.38 22708.8
77.49 22708.8
77.59 22708.8
77.69 17704.0
77.79 17704.0
77.89 17704.0
77.99 17704.0
78.09 17704.0
78.19 17704.0
78.29 17704.0
78.40 17704.0
78.50 17704.0
78.60 17704.0
78.70 19562.4
78.80 19562.4
78.90 19562.4
79.00 19562.4
79.10 19562.4
79.20 19562.4
79.30 19562.4
79.40 19562.4
79.50 19562.4
79.60 19562.4
79.70 16062.4
79.80 16062.4
79.90 16062.4
80.00 16062.4
80.10 16062.4
80.20 16062.4
80.31 16062.4
80.41 16062.4
80.51 16062.4
80.61 16062.4
80.71 16142.4
80.81 16142.4
80.91 16142.4
81.01 16142.4
81.11 16142.4
81.21 16142.4
81.31 16142.4
81.42 16142.4
81.52 16142.4
81.62 16142.4
81.72 13816.8
81.82 13816.8
81.92 13816.8
82.02 13816.8
82.12 13816.8
82.22 13816.8
82.32 13816.8
82.43 13816.8
82.53 13816.8
82.63 13816.8
82.73 10864.0
82.83 10864.0
82.93 10864.0
83.03 10864.0
83.13 10864.0
83.23 10864.0
83.33 10864.0
83.43 10864.0
83.53 10864.0
83.63 10864.0
83.73 14090.4
83.83 14090.4
83.93 14090.4
84.03 14090.4
84.13 14090.4
84.23 14090.4
84.34 14090.4
84.44 14090.4
84.54 14090.4
84.64 14090.4
84.74 12996.0
84.84 12996.0
84.94 12996.0
85.04 12996.0
85.14 12996.0
85.24 12996.0
85.34 12996.0
85.45 12996.0
85.55 12996.0
85.65 12996.0
85.75 7170.4
85.85 7170.4
85.95 7170.4
86.05 7170.4
86.15 7170.4
86.25 7170.4
86.35 7170.4
86.45 7170.4
86.55 7170.4
86.65 7170.4
86.75 13406.4
86.85 13406.4
86.95 13406.4
87.05 13406.4
87.15 13406.4
87.25 13406.4
87.35 13406.4
87.46 13406.4
87.56 13406.4
87.66 13406.4
87.76 13132.8
87.86 13132.8
87.96 13132.8
88.06 13132.8
88.16 13132.8
88.26 13132.8
88.36 13132.8
88.47 13132.8
88.57 13132.8
88.67 13132.8
88.77 7250.4
88.87 7250.4
88.97 7250.4
89.08 7250.4
89.18 7250.4
89.28 7250.4
89.38 7250.4
89.48 7250.4
89.59 7250.4
89.69 7250.4
89.79 4708.0
89.89 4708.0
89.99 4708.0
90.09 4708.0
90.19 4708.0
90.29 4708.0
90.39 4708.0
90.50 4708.0
90.60 4708.0
90.70 4708.0
90.80 7797.6
90.90 7797.6
91.00 7797.6
91.11 7797.6
91.21 7797.6
91.31 7797.6
91.41 7797.6
91.51 7797.6
91.62 7797.6
91.72 7797.6
91.82 6292.8
91.92 6292.8
92.02 6292.8
92.13 6292.8
92.23 6292.8
92.33 6292.8
92.43 6292.8
92.53 6292.8
92.64 6292.8
92.74 6292.8
92.84 7524.0
92.94 7524.0
93.04 7524.0
93.14 7524.0
93.24 7524.0
93.34 7524.0
93.45 7524.0
93.55 7524.0
93.65 7524.0
93.75 7524.0
93.85 4104.0
93.96 4104.0
94.07 4104.0
94.17 4104.0
94.28 4104.0
94.38 4104.0
94.49 4104.0
94.60 4104.0
94.70 4104.0
94.81 4104.0
94.91 3146.4
95.02 3146.4
95.12 3146.4
95.23 3146.4
95.33 3146.4
95.44 3146.4
95.54 3146.4
95.65 3146.4
95.75 3146.4
95.86 3146.4
95.96 3420.0
96.07 3420.0
96.17 3420.0
96.27 3420.0
96.38 3420.0
96.48 3420.0
96.59 3420.0
96.69 3420.0
96.80 3420.0
96.90 3420.0
97.00 3009.6
97.11 3009.6
97.21 3009.6
97.32 3009.6
97.42 3009.6
97.53 3009.6
97.63 3009.6
97.74 3009.6
97.84 3009.6
97.95 3009.6
103.48 2462.4
109.02 2462.4
114.56 2462.4
120.09 2462.4
125.63 2462.4
131.17 2462.4
136.70 2462.4
142.24 2462.4
147.78 2462.4
153.31 2462.4
153.42 3066.4
153.52 3066.4
153.63 3066.4
153.74 3066.4
153.84 3066.4
153.95 3066.4
154.05 3066.4
154.16 3066.4
154.27 3066.4
154.37 3066.4
154.47 10807.2
154.57 10807.2
154.67 10807.2
154.77 10807.2
154.87 10807.2
154.97 10807.2
155.07 10807.2
155.17 10807.2
155.27 10807.2
155.37 10807.2
155.47 13132.8
155.58 13132.8
155.68 13132.8
155.78 13132.8
155.88 13132.8
155.98 13132.8
156.08 13132.8
156.18 13132.8
156.28 13132.8
156.38 13132.8
156.48 11764.8
156.58 11764.8
156.69 11764.8
156.79 11764.8
156.89 11764.8
156.99 11764.8
157.09 11764.8
157.19 11764.8
157.29 11764.8
157.39 11764.8
157.49 13189.6
157.59 13189.6
157.70 13189.6
157.80 13189.6
157.90 13189.6
158.00 13189.6
158.10 13189.6
158.20 13189.6
158.30 13189.6
158.40 13189.6
158.50 15321.6
158.60 15321.6
158.71 15321.6
158.81 15321.6
158.91 15321.6
159.01 15321.6
159.11 15321.6
159.21 15321.6
159.31 15321.6
159.41 15321.6
159.51 15184.8
159.61 15184.8
159.72 15184.8
159.82 15184.8
159.92 15184.8
160.02 15184.8
160.12 15184.8
160.22 15184.8
160.32 15184.8
160.42 15184.8
160.52 12642.4
160.63 12642.4
160.73 12642.4
160.83 12642.4
160.93 12642.4
161.03 12642.4
161.14 12642.4
161.24 12642.4
161.34 12642.4
161.44 12642.4
161.54 15458.4
161.65 15458.4
161.75 15458.4
161.85 15458.4
161.95 15458.4
162.05 15458.4
162.16 15458.4
162.26 15458.4
162.36 15458.4
162.46 15458.4
162.56 14364.0
162.66 14364.0
162.77 14364.0
162.87 14364.0
162.97 14364.0
163.07 14364.0
163.17 14364.0
163.27 14364.0
163.37 14364.0
163.47 14364.0
163.57 9496.0
163.67 9496.0
163.78 9496.0
163.88 9496.0
163.98 9496.0
164.08 9496.0
164.18 9496.0
164.28 9496.0
164.38 9496.0
164.48 9496.0
164.58 10944.0
164.68 10944.0
164.79 10944.0
164.89 10944.0
164.99 10944.0
165.09 10944.0
165.19 10944.0
165.29 10944.0
165.39 10944.0
165.49 10944.0
165.59 8618.4
165.69 8618.4
165.80 8618.4
165.90 8618.4
166.00 8618.4
166.10 8618.4
166.20 8618.4
166.30 8618.4
166.40 8618.4
166.50 8618.4
166.70 6156.0
166.89 6156.0
167.08 6156.0
167.27 6156.0
167.47 6156.0
167.66 6156.0
167.85 6156.0
168.05 6156.0
168.24 6156.0
168.43 6156.0
168.53 10864.0
168.63 10864.0
168.74 10864.0
168.84 10864.0
168.94 10864.0
169.04 10864.0
169.14 10864.0
169.24 10864.0
169.34 10864.0
169.44 10864.0
169.54 8344.8
169.64 8344.8
169.74 8344.8
169.84 8344.8
169.94 8344.8
170.04 8344.8
170.14 8344.8
170.24 8344.8
170.34 8344.8
170.44 8344.8
170.54 9576.0
170.64 9576.0
170.74 9576.0
170.85 9576.0
170.95 9576.0
171.05 9576.0
171.15 9576.0
171.25 9576.0
171.35 9576.0
171.45 9576.0
171.55 14090.4
171.65 14090.4
171.75 14090.4
171.85 14090.4
171.95 14090.4
172.05 14090.4
172.15 14090.4
172.25 14090.4
172.35 14090.4
172.45 14090.4
172.55 11274.4
172.66 11274.4
172.76 11274.4
172.86 11274.4
172.96 11274.4
173.06 11274.4
173.17 11274.4
173.27 11274.4
173.37 11274.4
173.47 11274.4
173.57 10670.4
173.67 10670.4
173.77 10670.4
173.88 10670.4
173.98 10670.4
174.08 10670.4
174.18 10670.4
174.28 10670.4
174.38 10670.4
174.48 10670.4
174.58 13406.4
174.68 13406.4
174.78 13406.4
174.88 13406.4
174.98 13406.4
175.08 13406.4
175.18 13406.4
175.28 13406.4
175.38 13406.4
175.48 13406.4
175.58 15104.8
175.68 15104.8
175.78 15104.8
175.89 15104.8
175.99 15104.8
176.09 15104.8
176.19 15104.8
176.29 15104.8
176.39 15104.8
176.49 15104.8
176.59 17647.2
176.70 17647.2
176.80 17647.2
176.90 17647.2
177.01 17647.2
177.11 17647.2
177.21 17647.2
177.32 17647.2
177.42 17647.2
177.52 17647.2
177.62 17784.0
177.72 17784.0
177.82 17784.0
177.92 17784.0
178.02 17784.0
178.12 17784.0
178.22 17784.0
178.32 17784.0
178.42 17784.0
178.52 17784.0
178.62 12779.2
178.72 12779.2
178.82 12779.2
178.92 12779.2
179.02 12779.2
179.12 12779.2
179.22 12779.2
179.32 12779.2
179.42 12779.2
179.52 12779.2
179.62 15321.6
179.73 15321.6
179.83 15321.6
179.93 15321.6
180.03 15321.6
180.13 15321.6
180.23 15321.6
180.33 15321.6
180.43 15321.6
180.53 15321.6
180.63 14557.6
180.73 14557.6
180.83 14557.6
180.94 14557.6
181.04 14557.6
181.14 14557.6
181.24 14557.6
181.34 14557.6
181.44 14557.6
181.54 14557.6
181.64 14090.4
181.74 14090.4
181.84 14090.4
181.95 14090.4
182.05 14090.4
182.15 14090.4
182.25 14090.4
182.35 14090.4
182.45 14090.4
182.55 14090.4
182.65 15595.2
182.75 15595.2
182.85 15595.2
182.96 15595.2
183.06 15595.2
183.16 15595.2
183.26 15595.2
183.36 15595.2
183.46 15595.2
183.56 15595.2
183.66 10864.0
183.77 10864.0
183.87 10864.0
183.97 10864.0
184.07 10864.0
184.17 10864.0
184.28 10864.0
184.38 10864.0
184.48 10864.0
184.58 10864.0
184.68 15458.4
184.78 15458.4
184.88 15458.4
184.98 15458.4
185.09 15458.4
185.19 15458.4
185.29 15458.4
185.39 15458.4
185.49 15458.4
185.59 15458.4
185.69 16279.2
185.79 16279.2
185.89 16279.2
185.99 16279.2
186.10 16279.2
186.20 16279.2
186.30 16279.2
186.40 16279.2
186.50 16279.2
186.60 16279.2
186.70 19756.0
186.80 19756.0
186.90 19756.0
187.00 19756.0
187.10 19756.0
187.20 19756.0
187.30 19756.0
187.40 19756.0
187.50 19756.0
187.60 19756.0
187.70 20930.4
187.80 20930.4
187.90 20930.4
188.01 20930.4
188.11 20930.4
188.21 20930.4
188.31 20930.4
188.41 20930.4
188.51 20930.4
188.61 20930.4
188.71 12779.2
188.81 12779.2
188.91 12779.2
189.02 12779.2
189.12 12779.2
189.22 12779.2
189.32 12779.2
189.42 12779.2
189.52 12779.2
189.62 12779.2
189.72 15595.2
189.82 15595.2
189.92 15595.2
190.03 15595.2
190.13 15595.2
190.23 15595.2
190.33 15595.2
190.43 15595.2
190.53 15595.2
190.63 15595.2
190.73 20930.4
190.83 20930.4
190.93 20930.4
191.03 20930.4
191.13 20930.4
191.23 20930.4
191.33 20930.4
191.43 20930.4
191.53 20930.4
191.63 20930.4
191.73 14284.0
191.83 14284.0
191.93 14284.0
192.03 14284.0
192.13 14284.0
192.23 14284.0
192.33 14284.0
192.43 14284.0
192.53 14284.0
192.63 14284.0
192.73 10807.2
192.84 10807.2
192.94 10807.2
193.04 10807.2
193.14 10807.2
193.24 10807.2
193.35 10807.2
193.45 10807.2
193.55 10807.2
193.65 10807.2
193.75 10396.8
193.85 10396.8
193.95 10396.8
194.06 10396.8
194.16 10396.8
194.26 10396.8
194.36 10396.8
194.46 10396.8
194.56 10396.8
194.66 10396.8
194.76 10864.0
194.86 10864.0
194.97 10864.0
195.07 10864.0
195.17 10864.0
195.27 10864.0
195.37 10864.0
195.48 10864.0
195.58 10864.0
195.68 10864.0
195.78 15868.8
195.88 15868.8
195.98 15868.8
196.08 15868.8
196.19 15868.8
196.29 15868.8
196.39 15868.8
196.49 15868.8
196.59 15868.8
196.69 15868.8
196.79 15184.8
196.89 15184.8
196.99 15184.8
197.09 15184.8
197.20 15184.8
197.30 15184.8
197.40 15184.8
197.50 15184.8
197.60 15184.8
197.70 15184.8
197.80 9632.8
197.90 9632.8
198.00 9632.8
198.10 9632.8
198.20 9632.8
198.30 9632.8
198.40 9632.8
198.50 9632.8
198.60 9632.8
198.70 9632.8
198.80 13132.8
198.91 13132.8
199.01 13132.8
199.11 13132.8
199.21 13132.8
199.31 13132.8
199.42 13132.8
199.52 13132.8
199.62 13132.8
199.72 13132.8
199.82 11354.4
199.92 11354.4
200.02 11354.4
200.12 11354.4
200.23 11354.4
200.33 11354.4
200.43 11354.4
200.53 11354.4
200.63 11354.4
200.73 11354.4
200.84 11684.8
200.95 11684.8
201.07 11684.8
201.18 11684.8
201.29 11684.8
201.40 11684.8
201.51 11684.8
201.63 11684.8
201.74 11684.8
201.85 11684.8
201.95 14500.8
202.06 14500.8
202.16 14500.8
202.26 14500.8
202.37 14500.8
202.47 14500.8
202.57 14500.8
202.67 14500.8
202.78 14500.8
202.88 14500.8
202.98 9439.2
203.08 9439.2
203.19 9439.2
203.29 9439.2
203.39 9439.2
203.49 9439.2
203.59 9439.2
203.70 9439.2
203.80 9439.2
203.90 9439.2
204.00 9165.6
204.10 9165.6
204.20 9165.6
204.30 9165.6
204.41 9165.6
204.51 9165.6
204.61 9165.6
204.71 9165.6
204.81 9165.6
204.91 9165.6
205.02 7854.4
205.12 7854.4
205.23 7854.4
205.34 7854.4
205.45 7854.4
205.55 7854.4
205.66 7854.4
205.77 7854.4
205.87 7854.4
205.98 7854.4
206.08 9028.8
206.19 9028.8
206.29 9028.8
206.39 9028.8
206.50 9028.8
206.60 9028.8
206.70 9028.8
206.80 9028.8
206.91 9028.8
207.01 9028.8
207.11 8618.4
207.21 8618.4
207.31 8618.4
207.41 8618.4
207.52 8618.4
207.62 8618.4
207.72 8618.4
207.82 8618.4
207.92 8618.4
208.02 8618.4
208.12 6840.0
208.22 6840.0
208.33 6840.0
208.43 6840.0
208.53 6840.0
208.63 6840.0
208.73 6840.0
208.84 6840.0
208.94 6840.0
209.04 6840.0
209.14 8208.0
209.24 8208.0
209.34 8208.0
209.44 8208.0
209.54 8208.0
209.64 8208.0
209.74 8208.0
209.84 8208.0
209.94 8208.0
210.04 8208.0
210.14 8538.4
210.24 8538.4
210.34 8538.4
210.45 8538.4
210.55 8538.4
210.65 8538.4
210.75 8538.4
210.85 8538.4
210.95 8538.4
211.05 8538.4
211.15 11354.4
211.25 11354.4
211.35 11354.4
211.45 11354.4
211.55 11354.4
211.65 11354.4
211.75 11354.4
211.85 11354.4
211.95 11354.4
212.05 11354.4
212.16 11628.0
212.26 11628.0
212.36 11628.0
212.46 11628.0
212.57 11628.0
212.67 11628.0
212.77 11628.0
212.88 11628.0
212.98 11628.0
213.08 11628.0
213.18 12585.6
213.28 12585.6
213.38 12585.6
213.48 12585.6
213.59 12585.6
213.69 12585.6
213.79 12585.6
213.89 12585.6
213.99 12585.6
214.09 12585.6
214.19 11274.4
214.29 11274.4
214.40 11274.4
214.50 11274.4
214.60 11274.4
214.70 11274.4
214.80 11274.4
214.91 11274.4
215.01 11274.4
215.11 11274.4
215.21 13543.2
215.31 13543.2
215.41 13543.2
215.51 13543.2
215.62 13543.2
215.72 13543.2
215.82 13543.2
215.92 13543.2
216.02 13543.2
216.12 13543.2
216.22 12722.4
216.32 12722.4
216.42 12722.4
216.52 12722.4
216.62 12722.4
216.72 12722.4
216.82 12722.4
216.92 12722.4
217.02 12722.4
217.12 12722.4
217.22 10727.2
217.32 10727.2
217.42 10727.2
217.53 10727.2
217.63 10727.2
217.73 10727.2
217.83 10727.2
217.93 10727.2
218.03 10727.2
218.13 10727.2
218.23 10533.6
218.33 10533.6
218.43 10533.6
218.53 10533.6
218.64 10533.6
218.74 10533.6
218.84 10533.6
218.94 10533.6
219.04 10533.6
219.14 10533.6
219.24 8892.0
219.34 8892.0
219.44 8892.0
219.54 8892.0
219.65 8892.0
219.75 8892.0
219.85 8892.0
219.95 8892.0
220.05 8892.0
220.15 8892.0
220.25 8618.4
220.35 8618.4
220.46 8618.4
220.56 8618.4
220.66 8618.4
220.76 8618.4
220.86 8618.4
220.97 8618.4
221.07 8618.4
221.17 8618.4
221.27 9439.2
221.38 9439.2
221.48 9439.2
221.58 9439.2
221.68 9439.2
221.79 9439.2
221.89 9439.2
221.99 9439.2
222.10 9439.2
222.20 9439.2
222.30 7991.2
222.40 7991.2
222.50 7991.2
222.60 7991.2
222.70 7991.2
222.81 7991.2
222.91 7991.2
223.01 7991.2
223.11 7991.2
223.21 7991.2
223.31 11491.2
223.41 11491.2
223.51 11491.2
223.62 11491.2
223.72 11491.2
223.82 11491.2
223.92 11491.2
224.02 11491.2
224.12 11491.2
224.22 11491.2
224.32 11764.8
224.42 11764.8
224.53 11764.8
224.63 11764.8
224.73 11764.8
224.83 11764.8
224.93 11764.8
225.03 11764.8
225.13 11764.8
225.23 11764.8
225.36 11000.8
225.49 11000.8
225.62 11000.8
225.75 11000.8
225.88 11000.8
226.00 11000.8
226.13 11000.8
226.26 11000.8
226.39 11000.8
226.52 11000.8
226.62 19562.4
226.72 19562.4
226.82 19562.4
226.92 19562.4
227.03 19562.4
227.13 19562.4
227.23 19562.4
227.33 19562.4
227.43 19562.4
227.53 19562.4
227.64 21397.6
227.76 21397.6
227.87 21397.6
227.98 21397.6
228.10 21397.6
228.21 21397.6
228.32 21397.6
228.43 21397.6
228.55 21397.6
228.66 21397.6
228.76 24076.8
228.86 24076.8
228.97 24076.8
229.07 24076.8
229.17 24076.8
229.27 24076.8
229.37 24076.8
229.48 24076.8
229.58 24076.8
229.68 24076.8
229.78 16883.2
229.88 16883.2
229.99 16883.2
230.09 16883.2
230.19 16883.2
230.29 16883.2
230.39 16883.2
230.50 16883.2
230.60 16883.2
230.70 16883.2
230.80 19699.2
230.90 19699.2
231.00 19699.2
231.10 19699.2
231.20 19699.2
231.30 19699.2
231.40 19699.2
231.50 19699.2
231.60 19699.2
231.70 19699.2
231.80 18741.6
231.90 18741.6
232.00 18741.6
232.10 18741.6
232.21 18741.6
232.31 18741.6
232.41 18741.6
232.51 18741.6
232.61 18741.6
232.71 18741.6
232.81 16336.0
232.91 16336.0
233.01 16336.0
233.11 16336.0
233.21 16336.0
233.32 16336.0
233.42 16336.0
233.52 16336.0
233.62 16336.0
233.72 16336.0
233.82 20930.4
233.92 20930.4
234.02 20930.4
234.12 20930.4
234.22 20930.4
234.33 20930.4
234.43 20930.4
234.53 20930.4
234.63 20930.4
234.73 20930.4
234.83 14831.3
234.93 14831.3
235.03 14831.3
235.13 14831.3
235.23 14831.3
235.34 14831.3
235.44 14831.3
235.54 14831.3
235.64 14831.3
235.74 14831.3
235.84 21340.8
235.94 21340.8
236.04 21340.8
236.14 21340.8
236.24 21340.8
236.34 21340.8
236.44 21340.8
236.54 21340.8
236.64 21340.8
236.74 21340.8
236.84 16472.8
236.94 16472.8
237.04 16472.8
237.14 16472.8
237.24 16472.8
237.34 16472.8
237.44 16472.8
237.54 16472.8
237.64 16472.8
237.74 16472.8
237.84 16416.0
237.94 16416.0
238.04 16416.0
238.15 16416.0
238.25 16416.0
238.35 16416.0
238.45 16416.0
238.55 16416.0
238.65 16416.0
238.75 16416.0
238.85 13406.4
238.95 13406.4
239.05 13406.4
239.15 13406.4
239.25 13406.4
239.36 13406.4
239.46 13406.4
239.56 13406.4
239.66 13406.4
239.76 13406.4
239.86 7444.0
239.96 7444.0
240.06 7444.0
240.16 7444.0
240.26 7444.0
240.36 7444.0
240.47 7444.0
240.57 7444.0
240.67 7444.0
240.77 7444.0
240.87 9576.0
240.97 9576.0
241.07 9576.0
241.17 9576.0
241.27 9576.0
241.37 9576.0
241.47 9576.0
241.57 9576.0
241.67 9576.0
241.77 9576.0
241.87 11354.4
241.97 11354.4
242.07 11354.4
242.17 11354.4
242.27 11354.4
242.38 11354.4
242.48 11354.4
242.58 11354.4
242.68 11354.4
242.78 11354.4
242.88 9986.4
242.98 9986.4
243.08 9986.4
243.18 9986.4
243.28 9986.4
243.38 9986.4
243.48 9986.4
243.58 9986.4
243.68 9986.4
243.78 9986.4
243.88 11000.5
243.98 11000.5
244.08 11000.5
244.18 11000.5
244.28 11000.5
244.39 11000.5
244.49 11000.5
244.59 11000.5
244.69 11000.5
244.79 11000.5
244.89 14911.2
244.99 14911.2
245.09 14911.2
245.19 14911.2
245.29 14911.2
245.39 14911.2
245.49 14911.2
245.59 14911.2
245.69 14911.2
245.79 14911.2
245.89 15184.8
245.99 15184.8
246.09 15184.8
246.19 15184.8
246.29 15184.8
246.40 15184.8
246.50 15184.8
246.60 15184.8
246.70 15184.8
246.80 15184.8
246.90 13189.9
247.00 13189.9
247.10 13189.9
247.20 13189.9
247.30 13189.9
247.41 13189.9
247.51 13189.9
247.61 13189.9
247.71 13189.9
247.81 13189.9
247.91 15184.8
248.01 15184.8
248.11 15184.8
248.21 15184.8
248.31 15184.8
248.41 15184.8
248.52 15184.8
248.62 15184.8
248.72 15184.8
248.82 15184.8
248.92 12859.2
249.02 12859.2
249.12 12859.2
249.22 12859.2
249.32 12859.2
249.42 12859.2
249.52 12859.2
249.62 12859.2
249.72 12859.2
249.82 12859.2
249.92 12779.2
250.02 12779.2
250.12 12779.2
250.22 12779.2
250.32 12779.2
250.43 12779.2
250.53 12779.2
250.63 12779.2
250.73 12779.2
250.83 12779.2
250.93 12038.4
251.03 12038.4
251.13 12038.4
251.23 12038.4
251.33 12038.4
251.44 12038.4
251.54 12038.4
251.64 12038.4
251.74 12038.4
251.84 12038.4
251.94 11764.8
252.04 11764.8
252.14 11764.8
252.24 11764.8
252.34 11764.8
252.45 11764.8
252.55 11764.8
252.65 11764.8
252.75 11764.8
252.85 11764.8
252.95 14284.0
253.05 14284.0
253.15 14284.0
253.25 14284.0
253.35 14284.0
253.46 14284.0
253.56 14284.0
253.66 14284.0
253.76 14284.0
253.86 14284.0
253.96 15458.4
254.06 15458.4
254.16 15458.4
254.26 15458.4
254.36 15458.4
254.46 15458.4
254.57 15458.4
254.67 15458.4
254.77 15458.4
254.87 15458.4
254.97 15868.8
255.07 15868.8
255.17 15868.8
255.27 15868.8
255.37 15868.8
255.47 15868.8
255.57 15868.8
255.67 15868.8
255.77 15868.8
255.87 15868.8
255.97 12916.0
256.07 12916.0
256.17 12916.0
256.27 12916.0
256.37 12916.0
256.48 12916.0
256.58 12916.0
256.68 12916.0
256.78 12916.0
256.88 12916.0
256.98 16279.2
257.08 16279.2
257.18 16279.2
257.28 16279.2
257.38 16279.2
257.49 16279.2
257.59 16279.2
257.69 16279.2
257.79 16279.2
257.89 16279.2
257.99 16279.2
258.09 16279.2
258.19 16279.2
258.29 16279.2
258.39 16279.2
258.50 16279.2
258.60 16279.2
258.70 16279.2
258.80 16279.2
258.90 16279.2
259.00 14968.0
259.10 14968.0
259.20 14968.0
259.30 14968.0
259.40 14968.0
259.50 14968.0
259.61 14968.0
259.71 14968.0
259.81 14968.0
259.91 14968.0
260.01 19015.2
260.11 19015.2
260.21 19015.2
260.31 19015.2
260.41 19015.2
260.51 19015.2
260.61 19015.2
260.71 19015.2
260.81 19015.2
260.91 19015.2
261.01 20166.4
261.11 20166.4
261.21 20166.4
261.31 20166.4
261.41 20166.4
261.52 20166.4
261.62 20166.4
261.72 20166.4
261.82 20166.4
261.92 20166.4
262.02 18331.2
262.12 18331.2
262.22 18331.2
262.32 18331.2
262.42 18331.2
262.53 18331.2
262.63 18331.2
262.73 18331.2
262.83 18331.2
262.93 18331.2
263.03 15788.8
263.13 15788.8
263.23 15788.8
263.33 15788.8
263.43 15788.8
263.54 15788.8
263.64 15788.8
263.74 15788.8
263.84 15788.8
263.94 15788.8
264.04 15458.4
264.14 15458.4
264.24 15458.4
264.34 15458.4
264.44 15458.4
264.54 15458.4
264.64 15458.4
264.74 15458.4
264.84 15458.4
264.94 15458.4
265.04 14774.4
265.14 14774.4
265.24 14774.4
265.34 14774.4
265.44 14774.4
265.55 14774.4
265.65 14774.4
265.75 14774.4
265.85 14774.4
265.95 14774.4
266.05 15241.6
266.15 15241.6
266.25 15241.6
266.36 15241.6
266.46 15241.6
266.56 15241.6
266.66 15241.6
266.76 15241.6
266.87 15241.6
266.97 15241.6
267.07 24760.8
267.17 24760.8
267.27 24760.8
267.37 24760.8
267.47 24760.8
267.57 24760.8
267.67 24760.8
267.77 24760.8
267.87 24760.8
267.97 24760.8
268.07 16199.2
268.17 16199.2
268.27 16199.2
268.37 16199.2
268.47 16199.2
268.58 16199.2
268.68 16199.2
268.78 16199.2
268.88 16199.2
268.98 16199.2
269.08 17373.6
269.18 17373.6
269.28 17373.6
269.38 17373.6
269.48 17373.6
269.58 17373.6
269.69 17373.6
269.79 17373.6
269.89 17373.6
269.99 17373.6
270.09 15925.6
270.19 15925.6
270.30 15925.6
270.40 15925.6
270.50 15925.6
270.61 15925.6
270.71 15925.6
270.81 15925.6
270.92 15925.6
271.02 15925.6
271.12 16142.4
271.22 16142.4
271.32 16142.4
271.42 16142.4
271.52 16142.4
271.62 16142.4
271.73 16142.4
271.83 16142.4
271.93 16142.4
272.03 16142.4
272.13 17784.0
272.23 17784.0
272.33 17784.0
272.43 17784.0
272.53 17784.0
272.63 17784.0
272.74 17784.0
272.84 17784.0
272.94 17784.0
273.04 17784.0
273.14 16335.7
273.24 16335.7
273.34 16335.7
273.44 16335.7
273.54 16335.7
273.64 16335.7
273.74 16335.7
273.84 16335.7
273.94 16335.7
274.04 16335.7
274.14 17373.6
274.24 17373.6
274.34 17373.6
274.44 17373.6
274.54 17373.6
274.65 17373.6
274.75 17373.6
274.85 17373.6
274.95 17373.6
275.05 17373.6
275.15 15241.9
275.25 15241.9
275.35 15241.9
275.45 15241.9
275.55 15241.9
275.65 15241.9
275.76 15241.9
275.86 15241.9
275.96 15241.9
276.06 15241.9
276.16 28591.2
276.26 28591.2
276.36 28591.2
276.46 28591.2
276.56 28591.2
276.66 28591.2
276.76 28591.2
276.86 28591.2
276.96 28591.2
277.06 28591.2
277.16 21534.4
277.26 21534.4
277.36 21534.4
277.46 21534.4
277.56 21534.4
277.66 21534.4
277.76 21534.4
277.86 21534.4
277.96 21534.4
278.06 21534.4
278.16 27086.4
278.26 27086.4
278.36 27086.4
278.46 27086.4
278.56 27086.4
278.67 27086.4
278.77 27086.4
278.87 27086.4
278.97 27086.4
279.07 27086.4
279.17 16062.4
279.27 16062.4
279.37 16062.4
279.47 16062.4
279.57 16062.4
279.67 16062.4
279.77 16062.4
279.87 16062.4
279.97 16062.4
280.07 16062.4
280.17 19699.2
280.27 19699.2
280.37 19699.2
280.47 19699.2
280.57 19699.2
280.68 19699.2
280.78 19699.2
280.88 19699.2
280.98 19699.2
281.08 19699.2
281.18 14557.6
281.28 14557.6
281.38 14557.6
281.48 14557.6
281.58 14557.6
281.68 14557.6
281.79 14557.6
281.89 14557.6
281.99 14557.6
282.09 14557.6
282.19 21067.2
282.29 21067.2
282.39 21067.2
282.50 21067.2
282.60 21067.2
282.70 21067.2
282.80 21067.2
282.90 21067.2
283.01 21067.2
283.11 21067.2
283.21 18661.3
283.31 18661.3
283.41 18661.3
283.51 18661.3
283.61 18661.3
283.71 18661.3
283.82 18661.3
283.92 18661.3
284.02 18661.3
284.12 18661.3
284.22 22298.4
284.32 22298.4
284.42 22298.4
284.52 22298.4
284.62 22298.4
284.72 22298.4
284.82 22298.4
284.92 22298.4
285.02 22298.4
285.12 22298.4
285.22 25228.3
285.32 25228.3
285.42 25228.3
285.52 25228.3
285.62 25228.3
285.73 25228.3
285.83 25228.3
285.93 25228.3
286.03 25228.3
286.13 25228.3
286.23 21614.4
286.33 21614.4
286.43 21614.4
286.53 21614.4
286.63 21614.4
286.73 21614.4
286.83 21614.4
286.93 21614.4
287.03 21614.4
287.13 21614.4
287.23 14010.3
287.33 14010.3
287.43 14010.3
287.53 14010.3
287.63 14010.3
287.74 14010.3
287.84 14010.3
287.94 14010.3
288.04 14010.3
288.14 14010.3
288.24 19699.2
288.34 19699.2
288.44 19699.2
288.55 19699.2
288.65 19699.2
288.75 19699.2
288.85 19699.2
288.95 19699.2
289.06 19699.2
289.16 19699.2
289.26 18661.6
289.36 18661.6
289.46 18661.6
289.56 18661.6
289.66 18661.6
289.76 18661.6
289.87 18661.6
289.97 18661.6
290.07 18661.6
290.17 18661.6
290.27 18878.4
290.37 18878.4
290.47 18878.4
290.58 18878.4
290.68 18878.4
290.78 18878.4
290.88 18878.4
290.98 18878.4
291.09 18878.4
291.19 18878.4
291.29 15732.0
291.39 15732.0
291.49 15732.0
291.59 15732.0
291.69 15732.0
291.79 15732.0
291.89 15732.0
291.99 15732.0
292.09 15732.0
292.19 15732.0
292.29 8401.6
292.39 8401.6
292.50 8401.6
292.60 8401.6
292.70 8401.6
292.80 8401.6
292.90 8401.6
293.01 8401.6
293.11 8401.6
293.21 8401.6
293.31 15048.0
293.41 15048.0
293.51 15048.0
293.61 15048.0
293.72 15048.0
293.82 15048.0
293.92 15048.0
294.02 15048.0
294.12 15048.0
294.22 15048.0
294.32 13406.4
294.43 13406.4
294.53 13406.4
294.63 13406.4
294.73 13406.4
294.83 13406.4
294.93 13406.4
295.04 13406.4
295.14 13406.4
295.24 13406.4
295.34 8264.8
295.44 8264.8
295.54 8264.8
295.64 8264.8
295.74 8264.8
295.84 8264.8
295.95 8264.8
296.05 8264.8
296.15 8264.8
296.25 8264.8
296.35 8071.2
296.45 8071.2
296.55 8071.2
296.65 8071.2
296.75 8071.2
296.85 8071.2
296.96 8071.2
297.06 8071.2
297.16 8071.2
297.26 8071.2
297.36 9986.4
297.46 9986.4
297.56 9986.4
297.66 9986.4
297.76 9986.4
297.86 9986.4
297.97 9986.4
298.07 9986.4
298.17 9986.4
298.27 9986.4
298.37 8344.8
298.47 8344.8
298.57 8344.8
298.67 8344.8
298.77 8344.8
298.87 8344.8
298.97 8344.8
299.07 8344.8
299.17 8344.8
299.27 8344.8
299.37 8481.6
299.48 8481.6
299.58 8481.6
299.68 8481.6
299.78 8481.6
299.89 8481.6
299.99 8481.6
300.09 8481.6
300.20 8481.6
300.30 8481.6
300.40 9085.6
300.50 9085.6
300.60 9085.6
300.70 9085.6
300.80 9085.6
300.90 9085.6
301.01 9085.6
301.11 9085.6
301.21 9085.6
301.31 9085.6
301.41 10396.8
301.51 10396.8
301.61 10396.8
301.71 10396.8
301.81 10396.8
301.91 10396.8
302.01 10396.8
302.11 10396.8
302.21 10396.8
302.31 10396.8
302.41 10396.8
302.51 10396.8
302.61 10396.8
302.71 10396.8
302.81 10396.8
302.92 10396.8
303.02 10396.8
303.12 10396.8
303.22 10396.8
303.32 10396.8
303.42 14911.2
303.52 14911.2
303.62 14911.2
303.72 14911.2
303.82 14911.2
303.92 14911.2
304.03 14911.2
304.13 14911.2
304.23 14911.2
304.33 14911.2
304.43 15652.0
304.53 15652.0
304.63 15652.0
304.73 15652.0
304.83 15652.0
304.93 15652.0
305.04 15652.0
305.14 15652.0
305.24 15652.0
305.34 15652.0
305.44 18604.8
305.54 18604.8
305.64 18604.8
305.74 18604.8
305.84 18604.8
305.94 18604.8
306.05 18604.8
306.15 18604.8
306.25 18604.8
306.35 18604.8
306.45 22765.6
306.55 22765.6
306.65 22765.6
306.75 22765.6
306.85 22765.6
306.95 22765.6
307.05 22765.6
307.15 22765.6
307.25 22765.6
307.35 22765.6
307.45 26322.4
307.55 26322.4
307.65 26322.4
307.75 26322.4
307.85 26322.4
307.95 26322.4
308.06 26322.4
308.16 26322.4
308.26 26322.4
308.36 26322.4
308.46 24213.6
308.56 24213.6
308.66 24213.6
308.76 24213.6
308.86 24213.6
308.96 24213.6
309.07 24213.6
309.17 24213.6
309.27 24213.6
309.37 24213.6
309.48 16609.6
309.58 16609.6
309.69 16609.6
309.80 16609.6
309.90 16609.6
310.01 16609.6
310.12 16609.6
310.22 16609.6
310.33 16609.6
310.44 16609.6
310.54 11080.8
310.64 11080.8
310.74 11080.8
310.85 11080.8
310.95 11080.8
311.05 11080.8
311.15 11080.8
311.25 11080.8
311.36 11080.8
311.46 11080.8
311.56 6840.0
311.66 6840.0
311.76 6840.0
311.86 6840.0
311.96 6840.0
312.06 6840.0
312.16 6840.0
312.27 6840.0
312.37 6840.0
312.47 6840.0
312.57 5882.4
312.67 5882.4
312.78 5882.4
312.88 5882.4
312.98 5882.4
313.09 5882.4
313.19 5882.4
313.29 5882.4
313.40 5882.4
313.50 5882.4
313.60 6840.0
313.70 6840.0
313.80 6840.0
313.90 6840.0
314.00 6840.0
314.10 6840.0
314.21 6840.0
314.31 6840.0
314.41 6840.0
314.51 6840.0
314.61 14557.6
314.71 14557.6
314.81 14557.6
314.92 14557.6
315.02 14557.6
315.12 14557.6
315.22 14557.6
315.32 14557.6
315.43 14557.6
315.53 14557.6
315.63 17236.8
315.73 17236.8
315.83 17236.8
315.93 17236.8
316.03 17236.8
316.13 17236.8
316.23 17236.8
316.33 17236.8
316.43 17236.8
316.53 17236.8
316.63 18331.2
316.73 18331.2
316.83 18331.2
316.93 18331.2
317.03 18331.2
317.13 18331.2
317.23 18331.2
317.33 18331.2
317.43 18331.2
317.53 18331.2
317.63 21944.8
317.73 21944.8
317.83 21944.8
317.93 21944.8
318.03 21944.8
318.13 21944.8
318.23 21944.8
318.33 21944.8
318.43 21944.8
318.53 21944.8
318.63 20166.4
318.74 20166.4
318.84 20166.4
318.95 20166.4
319.05 20166.4
319.15 20166.4
319.26 20166.4
319.36 20166.4
319.47 20166.4
319.57 20166.4
319.67 23256.0
319.77 23256.0
319.87 23256.0
319.97 23256.0
320.07 23256.0
320.17 23256.0
320.28 23256.0
320.38 23256.0
320.48 23256.0
320.58 23256.0
320.68 17704.0
320.78 17704.0
320.89 17704.0
320.99 17704.0
321.09 17704.0
321.20 17704.0
321.30 17704.0
321.40 17704.0
321.51 17704.0
321.61 17704.0
321.71 18604.8
321.81 18604.8
321.91 18604.8
322.01 18604.8
322.11 18604.8
322.21 18604.8
322.32 18604.8
322.42 18604.8
322.52 18604.8
322.62 18604.8
322.72 13953.6
322.82 13953.6
322.92 13953.6
323.03 13953.6
323.13 13953.6
323.23 13953.6
323.33 13953.6
323.43 13953.6
323.54 13953.6
323.64 13953.6
323.74 16883.2
323.84 16883.2
323.94 16883.2
324.04 16883.2
324.14 16883.2
324.24 16883.2
324.34 16883.2
324.44 16883.2
324.54 16883.2
324.64 16883.2
324.74 19699.2
324.84 19699.2
324.94 19699.2
325.04 19699.2
325.14 19699.2
325.24 19699.2
325.35 19699.2
325.45 19699.2
325.55 19699.2
325.65 19699.2
325.75 13736.8
325.85 13736.8
325.95 13736.8
326.05 13736.8
326.15 13736.8
326.25 13736.8
326.36 13736.8
326.46 13736.8
326.56 13736.8
326.66 13736.8
326.76 17100.0
326.86 17100.0
326.96 17100.0
327.06 17100.0
327.16 17100.0
327.26 17100.0
327.37 17100.0
327.47 17100.0
327.57 17100.0
327.67 17100.0
327.77 14774.4
327.87 14774.4
327.97 14774.4
328.07 14774.4
328.17 14774.4
328.27 14774.4
328.38 14774.4
328.48 14774.4
328.58 14774.4
328.68 14774.4
328.78 11274.4
328.88 11274.4
328.98 11274.4
329.08 11274.4
329.18 11274.4
329.28 11274.4
329.38 11274.4
329.49 11274.4
329.59 11274.4
329.69 11274.4
329.79 15595.2
329.89 15595.2
329.99 15595.2
330.09 15595.2
330.19 15595.2
330.29 15595.2
330.39 15595.2
330.49 15595.2
330.59 15595.2
330.69 15595.2
330.79 13816.8
330.89 13816.8
330.99 13816.8
331.09 13816.8
331.19 13816.8
331.29 13816.8
331.40 13816.8
331.50 13816.8
331.60 13816.8
331.70 13816.8
331.80 9359.2
331.90 9359.2
332.00 9359.2
332.11 9359.2
332.21 9359.2
332.31 9359.2
332.41 9359.2
332.51 9359.2
332.62 9359.2
332.72 9359.2
332.82 8755.2
332.92 8755.2
333.02 8755.2
333.13 8755.2
333.23 8755.2
333.33 8755.2
333.43 8755.2
333.54 8755.2
333.64 8755.2
333.74 8755.2
333.84 13816.8
333.94 13816.8
334.05 13816.8
334.15 13816.8
334.25 13816.8
334.35 13816.8
334.45 13816.8
334.55 13816.8
334.66 13816.8
334.76 13816.8
334.86 7934.4
334.96 7934.4
335.06 7934.4
335.17 7934.4
335.27 7934.4
335.37 7934.4
335.47 7934.4
335.57 7934.4
335.68 7934.4
335.78 7934.4
335.90 9496.0
336.02 9496.0
336.14 9496.0
336.27 9496.0
336.39 9496.0
336.51 9496.0
336.63 9496.0
336.75 9496.0
336.88 9496.0
337.00 9496.0
337.10 3693.6
337.21 3693.6
337.32 3693.6
337.42 3693.6
337.53 3693.6
337.63 3693.6
337.74 3693.6
337.85 3693.6
337.95 3693.6
338.06 3693.6
338.17 2462.4
338.29 2462.4
338.40 2462.4
338.52 2462.4
338.63 2462.4
338.75 2462.4
338.86 2462.4
338.98 2462.4
339.09 2462.4
339.21 2462.4
339.32 547.2
339.44 547.2
339.55 547.2
339.66 547.2
339.78 547.2
339.89 547.2
340.01 547.2
340.12 547.2
340.23 547.2
340.35 547.2
340.45 5472.0
340.55 5472.0
340.66 5472.0
340.76 5472.0
340.86 5472.0
340.97 5472.0
341.07 5472.0
341.17 5472.0
341.27 5472.0
341.38 5472.0
341.51 1504.8
341.64 1504.8
341.77 1504.8
341.91 1504.8
342.04 1504.8
342.17 1504.8
342.30 1504.8
342.43 1504.8
342.57 1504.8
342.70 1504.8
342.80 7387.2
342.90 7387.2
343.00 7387.2
343.11 7387.2
343.21 7387.2
343.31 7387.2
343.41 7387.2
343.51 7387.2
343.62 7387.2
343.72 7387.2
343.82 6703.2
343.92 6703.2
344.02 6703.2
344.12 6703.2
344.23 6703.2
344.33 6703.2
344.43 6703.2
344.53 6703.2
344.63 6703.2
344.74 6703.2
344.84 8344.8
344.94 8344.8
345.04 8344.8
345.14 8344.8
345.25 8344.8
345.35 8344.8
345.45 8344.8
345.55 8344.8
345.65 8344.8
345.76 8344.8
345.86 3693.6
345.96 3693.6
346.07 3693.6
346.17 3693.6
346.27 3693.6
346.37 3693.6
346.48 3693.6
346.58 3693.6
346.68 3693.6
346.79 3693.6
346.90 1151.2
347.01 1151.2
347.12 1151.2
347.23 1151.2
347.34 1151.2
347.45 1151.2
347.56 1151.2
347.67 1151.2
347.79 1151.2
347.90 1151.2
348.07 957.6
348.25 957.6
348.42 957.6
348.60 957.6
348.78 957.6
348.95 957.6
349.13 957.6
349.30 957.6
349.48 957.6
349.66 957.6
349.76 9576.0
349.86 9576.0
349.96 9576.0
350.06 9576.0
350.16 9576.0
350.26 9576.0
350.36 9576.0
350.46 9576.0
350.57 9576.0
350.67 9576.0
350.77 16142.4
350.87 16142.4
350.97 16142.4
351.07 16142.4
351.17 16142.4
351.27 16142.4
351.37 16142.4
351.47 16142.4
351.57 16142.4
351.67 16142.4
351.77 14090.4
351.87 14090.4
351.97 14090.4
352.07 14090.4
352.17 14090.4
352.27 14090.4
352.37 14090.4
352.47 14090.4
352.57 14090.4
352.67 14090.4
352.77 16472.8
352.87 16472.8
352.97 16472.8
353.07 16472.8
353.17 16472.8
353.27 16472.8
353.37 16472.8
353.48 16472.8
353.58 16472.8
353.68 16472.8
353.78 17373.6
353.88 17373.6
353.98 17373.6
354.08 17373.6
354.18 17373.6
354.28 17373.6
354.38 17373.6
354.48 17373.6
354.59 17373.6
354.69 17373.6
354.79 9906.4
354.89 9906.4
354.99 9906.4
355.09 9906.4
355.19 9906.4
355.29 9906.4
355.39 9906.4
355.49 9906.4
355.60 9906.4
355.70 9906.4
355.80 16963.2
355.90 16963.2
356.00 16963.2
356.10 16963.2
356.20 16963.2
356.30 16963.2
356.40 16963.2
356.50 16963.2
356.61 16963.2
356.71 16963.2
356.82 21397.6
356.94 21397.6
357.05 21397.6
357.17 21397.6
357.28 21397.6
357.40 21397.6
357.51 21397.6
357.63 21397.6
357.74 21397.6
357.86 21397.6
357.96 21204.0
358.06 21204.0
358.16 21204.0
358.26 21204.0
358.36 21204.0
358.46 21204.0
358.56 21204.0
358.67 21204.0
358.77 21204.0
358.87 21204.0
358.97 13269.6
359.07 13269.6
359.17 13269.6
359.27 13269.6
359.37 13269.6
359.47 13269.6
359.57 13269.6
359.67 13269.6
359.77 13269.6
359.87 13269.6
359.97 10453.6
360.07 10453.6
360.17 10453.6
360.27 10453.6
360.37 10453.6
360.47 10453.6
360.57 10453.6
360.68 10453.6
360.78 10453.6
360.88 10453.6
360.98 24350.4
361.08 24350.4
361.18 24350.4
361.28 24350.4
361.38 24350.4
361.48 24350.4
361.58 24350.4
361.68 24350.4
361.78 24350.4
361.88 24350.4
361.98 25228.0
362.08 25228.0
362.18 25228.0
362.28 25228.0
362.38 25228.0
362.48 25228.0
362.58 25228.0
362.68 25228.0
362.78 25228.0
362.88 25228.0
362.98 25308.0
363.08 25308.0
363.18 25308.0
363.28 25308.0
363.38 25308.0
363.48 25308.0
363.58 25308.0
363.69 25308.0
363.79 25308.0
363.89 25308.0
363.99 25364.8
364.09 25364.8
364.19 25364.8
364.29 25364.8
364.39 25364.8
364.49 25364.8
364.59 25364.8
364.69 25364.8
364.80 25364.8
364.90 25364.8
365.00 30152.8
365.10 30152.8
365.20 30152.8
365.30 30152.8
365.40 30152.8
365.50 30152.8
365.60 30152.8
365.70 30152.8
365.80 30152.8
365.90 30152.8
366.00 29468.8
366.10 29468.8
366.20 29468.8
366.30 29468.8
366.40 29468.8
366.50 29468.8
366.60 29468.8
366.71 29468.8
366.81 29468.8
366.91 29468.8
367.01 29275.2
367.11 29275.2
367.21 29275.2
367.31 29275.2
367.41 29275.2
367.51 29275.2
367.61 29275.2
367.71 29275.2
367.81 29275.2
367.91 29275.2
368.01 27006.4
368.11 27006.4
368.21 27006.4
368.31 27006.4
368.41 27006.4
368.51 27006.4
368.61 27006.4
368.72 27006.4
368.82 27006.4
368.92 27006.4
369.02 31110.4
369.12 31110.4
369.22 31110.4
369.32 31110.4
369.42 31110.4
369.52 31110.4
369.62 31110.4
369.72 31110.4
369.82 31110.4
369.92 31110.4
370.03 35488.0
370.15 35488.0
370.27 35488.0
370.38 35488.0
370.50 35488.0
370.61 35488.0
370.73 35488.0
370.85 35488.0
370.96 35488.0
371.08 35488.0
371.18 36936.0
371.28 36936.0
371.38 36936.0
371.48 36936.0
371.58 36936.0
371.68 36936.0
371.78 36936.0
371.88 36936.0
371.98 36936.0
372.08 36936.0
372.18 17840.8
372.28 17840.8
372.38 17840.8
372.48 17840.8
372.58 17840.8
372.68 17840.8
372.78 17840.8
372.89 17840.8
372.99 17840.8
373.09 17840.8
373.19 28374.4
373.29 28374.4
373.39 28374.4
373.49 28374.4
373.59 28374.4
373.69 28374.4
373.79 28374.4
373.89 28374.4
373.99 28374.4
374.09 28374.4
374.19 32284.8
374.29 32284.8
374.39 32284.8
374.49 32284.8
374.59 32284.8
374.69 32284.8
374.79 32284.8
374.89 32284.8
374.99 32284.8
375.09 32284.8
375.19 31657.6
375.29 31657.6
375.39 31657.6
375.49 31657.6
375.59 31657.6
375.69 31657.6
375.80 31657.6
375.90 31657.6
376.00 31657.6
376.10 31657.6
376.20 34256.8
376.30 34256.8
376.40 34256.8
376.50 34256.8
376.60 34256.8
376.70 34256.8
376.80 34256.8
376.91 34256.8
377.01 34256.8
377.11 34256.8
377.21 38908.0
377.31 38908.0
377.41 38908.0
377.51 38908.0
377.61 38908.0
377.71 38908.0
377.81 38908.0
377.91 38908.0
378.02 38908.0
378.12 38908.0
378.22 37540.0
378.32 37540.0
378.42 37540.0
378.52 37540.0
378.62 37540.0
378.72 37540.0
378.82 37540.0
378.92 37540.0
379.02 37540.0
379.12 37540.0
379.22 37813.6
379.32 37813.6
379.42 37813.6
379.53 37813.6
379.63 37813.6
379.73 37813.6
379.83 37813.6
379.93 37813.6
380.04 37813.6
380.14 37813.6
380.24 38360.8
380.34 38360.8
380.44 38360.8
380.54 38360.8
380.64 38360.8
380.74 38360.8
380.84 38360.8
380.94 38360.8
381.04 38360.8
381.14 38360.8
381.24 43012.0
381.34 43012.0
381.44 43012.0
381.54 43012.0
381.64 43012.0
381.74 43012.0
381.84 43012.0
381.95 43012.0
382.05 43012.0
382.15 43012.0
382.25 40412.8
382.35 40412.8
382.45 40412.8
382.55 40412.8
382.65 40412.8
382.75 40412.8
382.85 40412.8
382.95 40412.8
383.06 40412.8
383.16 40412.8
383.26 42875.2
383.36 42875.2
383.46 42875.2
383.56 42875.2
383.66 42875.2
383.76 42875.2
383.86 42875.2
383.96 42875.2
384.06 42875.2
384.16 42875.2
384.26 33025.6
384.36 33025.6
384.46 33025.6
384.56 33025.6
384.66 33025.6
384.76 33025.6
384.86 33025.6
384.97 33025.6
385.07 33025.6
385.17 33025.6
385.27 36252.0
385.37 36252.0
385.47 36252.0
385.57 36252.0
385.67 36252.0
385.77 36252.0
385.87 36252.0
385.97 36252.0
386.07 36252.0
386.17 36252.0
386.27 37813.7
386.37 37813.7
386.47 37813.7
386.57 37813.7
386.67 37813.7
386.77 37813.7
386.87 37813.7
386.98 37813.7
387.08 37813.7
387.18 37813.7
387.28 34120.0
387.38 34120.0
387.48 34120.0
387.58 34120.0
387.68 34120.0
387.78 34120.0
387.88 34120.0
387.98 34120.0
388.08 34120.0
388.18 34120.0
388.28 30700.0
388.38 30700.0
388.48 30700.0
388.58 30700.0
388.68 30700.0
388.78 30700.0
388.88 30700.0
388.98 30700.0
389.08 30700.0
389.18 30700.0
389.28 23449.6
389.38 23449.6
389.48 23449.6
389.58 23449.6
389.68 23449.6
389.78 23449.6
389.88 23449.6
389.98 23449.6
390.09 23449.6
390.19 23449.6
390.29 31737.6
390.39 31737.6
390.49 31737.6
390.59 31737.6
390.69 31737.6
390.79 31737.6
390.89 31737.6
390.99 31737.6
391.10 31737.6
391.20 31737.6
391.30 27964.0
391.40 27964.0
391.50 27964.0
391.60 27964.0
391.70 27964.0
391.80 27964.0
391.90 27964.0
392.00 27964.0
392.10 27964.0
392.20 27964.0
392.30 24954.4
392.40 24954.4
392.50 24954.4
392.60 24954.4
392.70 24954.4
392.80 24954.4
392.90 24954.4
393.01 24954.4
393.11 24954.4
393.21 24954.4
393.31 18194.4
393.41 18194.4
393.51 18194.4
393.61 18194.4
393.71 18194.4
393.81 18194.4
393.91 18194.4
394.01 18194.4
394.12 18194.4
394.22 18194.4
394.32 17510.4
394.42 17510.4
394.52 17510.4
394.62 17510.4
394.72 17510.4
394.82 17510.4
394.92 17510.4
395.02 17510.4
395.12 17510.4
395.23 17510.4
395.33 19072.0
395.43 19072.0
395.53 19072.0
395.63 19072.0
395.73 19072.0
395.83 19072.0
395.93 19072.0
396.03 19072.0
396.13 19072.0
396.23 19072.0
396.33 28648.0
396.43 28648.0
396.53 28648.0
396.63 28648.0
396.73 28648.0
396.83 28648.0
396.93 28648.0
397.03 28648.0
397.13 28648.0
397.23 28648.0
397.33 36445.6
397.44 36445.6
397.54 36445.6
397.64 36445.6
397.75 36445.6
397.85 36445.6
397.96 36445.6
398.06 36445.6
398.16 36445.6
398.27 36445.6
398.37 41096.8
398.47 41096.8
398.57 41096.8
398.67 41096.8
398.78 41096.8
398.88 41096.8
398.98 41096.8
399.08 41096.8
399.18 41096.8
399.29 41096.8
399.39 49441.6
399.49 49441.6
399.59 49441.6
399.69 49441.6
399.79 49441.6
399.89 49441.6
399.99 49441.6
400.09 49441.6
400.20 49441.6
400.30 49441.6
400.40 35898.4
400.50 35898.4
400.60 35898.4
400.70 35898.4
400.80 35898.4
400.90 35898.4
401.00 35898.4
401.10 35898.4
401.20 35898.4
401.30 35898.4
401.40 36525.6
401.50 36525.6
401.60 36525.6
401.70 36525.6
401.80 36525.6
401.90 36525.6
402.00 36525.6
402.11 36525.6
402.21 36525.6
402.31 36525.6
402.41 32204.8
402.51 32204.8
402.61 32204.8
402.71 32204.8
402.81 32204.8
402.91 32204.8
403.01 32204.8
403.11 32204.8
403.22 32204.8
403.32 32204.8
403.42 35077.6
403.52 35077.6
403.62 35077.6
403.72 35077.6
403.82 35077.6
403.92 35077.6
404.02 35077.6
404.12 35077.6
404.22 35077.6
404.32 35077.6
404.42 37266.4
404.52 37266.4
404.62 37266.4
404.73 37266.4
404.83 37266.4
404.93 37266.4
405.03 37266.4
405.13 37266.4
405.24 37266.4
405.34 37266.4
405.44 35077.6
405.54 35077.6
405.64 35077.6
405.74 35077.6
405.84 35077.6
405.94 35077.6
406.04 35077.6
406.14 35077.6
406.25 35077.6
406.35 35077.6
406.45 25091.2
406.55 25091.2
406.65 25091.2
406.75 25091.2
406.85 25091.2
406.95 25091.2
407.05 25091.2
407.15 25091.2
407.26 25091.2
407.36 25091.2
407.46 22435.2
407.56 22435.2
407.66 22435.2
407.76 22435.2
407.86 22435.2
407.96 22435.2
408.06 22435.2
408.16 22435.2
408.26 22435.2
408.37 22435.2
408.47 18524.8
408.57 18524.8
408.67 18524.8
408.78 18524.8
408.88 18524.8
408.98 18524.8
409.09 18524.8
409.19 18524.8
409.29 18524.8
409.40 18524.8
409.50 12722.4
409.60 12722.4
409.70 12722.4
409.80 12722.4
409.90 12722.4
410.00 12722.4
410.10 12722.4
410.20 12722.4
410.30 12722.4
410.40 12722.4
410.50 11491.2
410.60 11491.2
410.70 11491.2
410.80 11491.2
410.90 11491.2
411.00 11491.2
411.10 11491.2
411.21 11491.2
411.31 11491.2
411.41 11491.2
411.51 8755.2
411.61 8755.2
411.71 8755.2
411.82 8755.2
411.92 8755.2
412.02 8755.2
412.12 8755.2
412.22 8755.2
412.32 8755.2
412.43 8755.2
412.53 10590.4
412.63 10590.4
412.73 10590.4
412.83 10590.4
412.93 10590.4
413.03 10590.4
413.13 10590.4
413.23 10590.4
413.33 10590.4
413.44 10590.4
413.54 24076.8
413.64 24076.8
413.74 24076.8
413.84 24076.8
413.94 24076.8
414.04 24076.8
414.14 24076.8
414.24 24076.8
414.34 24076.8
414.44 24076.8
414.54 22218.4
414.64 22218.4
414.74 22218.4
414.84 22218.4
414.94 22218.4
415.04 22218.4
415.14 22218.4
415.24 22218.4
415.35 22218.4
415.45 22218.4
415.55 14911.2
415.65 14911.2
415.75 14911.2
415.85 14911.2
415.95 14911.2
416.05 14911.2
416.15 14911.2
416.25 14911.2
416.35 14911.2
416.46 14911.2
416.56 18250.3
416.66 18250.3
416.77 18250.3
416.87 18250.3
416.98 18250.3
417.08 18250.3
417.18 18250.3
417.29 18250.3
417.39 18250.3
417.50 18250.3
417.60 27496.8
417.70 27496.8
417.80 27496.8
417.90 27496.8
418.00 27496.8
418.10 27496.8
418.20 27496.8
418.30 27496.8
418.40 27496.8
418.50 27496.8
418.60 19483.3
418.70 19483.3
418.80 19483.3
418.90 19483.3
419.00 19483.3
419.10 19483.3
419.20 19483.3
419.30 19483.3
419.41 19483.3
419.51 19483.3
419.61 15048.0
419.71 15048.0
419.81 15048.0
419.92 15048.0
420.02 15048.0
420.12 15048.0
420.23 15048.0
420.33 15048.0
420.43 15048.0
420.54 15048.0
420.64 8618.4
420.74 8618.4
420.84 8618.4
420.94 8618.4
421.04 8618.4
421.14 8618.4
421.24 8618.4
421.34 8618.4
421.44 8618.4
421.55 8618.4
421.65 11137.6
421.76 11137.6
421.87 11137.6
421.98 11137.6
422.09 11137.6
422.20 11137.6
422.31 11137.6
422.42 11137.6
422.53 11137.6
422.64 11137.6
422.74 18194.4
422.84 18194.4
422.94 18194.4
423.04 18194.4
423.14 18194.4
423.24 18194.4
423.34 18194.4
423.44 18194.4
423.54 18194.4
423.65 18194.4
423.75 21751.2
423.85 21751.2
423.95 21751.2
424.05 21751.2
424.15 21751.2
424.25 21751.2
424.35 21751.2
424.45 21751.2
424.55 21751.2
424.66 21751.2
424.76 18935.2
424.86 18935.2
424.96 18935.2
425.06 18935.2
425.16 18935.2
425.26 18935.2
425.36 18935.2
425.46 18935.2
425.56 18935.2
425.66 18935.2
425.76 21888.0
425.86 21888.0
425.96 21888.0
426.06 21888.0
426.16 21888.0
426.26 21888.0
426.36 21888.0
426.46 21888.0
426.57 21888.0
426.67 21888.0
426.77 23723.2
426.87 23723.2
426.97 23723.2
427.07 23723.2
427.17 23723.2
427.27 23723.2
427.37 23723.2
427.47 23723.2
427.57 23723.2
427.67 23723.2
427.77 21397.6
427.87 21397.6
427.97 21397.6
428.07 21397.6
428.17 21397.6
428.27 21397.6
428.37 21397.6
428.47 21397.6
428.58 21397.6
428.68 21397.6
428.78 29138.4
428.88 29138.4
428.98 29138.4
429.08 29138.4
429.18 29138.4
429.28 29138.4
429.38 29138.4
429.48 29138.4
429.58 29138.4
429.69 29138.4
429.79 15104.8
429.89 15104.8
429.99 15104.8
430.09 15104.8
430.19 15104.8
430.29 15104.8
430.39 15104.8
430.49 15104.8
430.59 15104.8
430.70 15104.8
430.80 17373.6
430.90 17373.6
431.00 17373.6
431.10 17373.6
431.20 17373.6
431.30 17373.6
431.40 17373.6
431.50 17373.6
431.60 17373.6
431.71 17373.6
431.82 17293.6
431.93 17293.6
432.04 17293.6
432.15 17293.6
432.26 17293.6
432.37 17293.6
432.48 17293.6
432.59 17293.6
432.70 17293.6
432.81 17293.6
432.91 22435.2
433.01 22435.2
433.11 22435.2
433.21 22435.2
433.31 22435.2
433.41 22435.2
433.51 22435.2
433.61 22435.2
433.71 22435.2
433.82 22435.2
433.92 16416.0
434.02 16416.0
434.12 16416.0
434.22 16416.0
434.32 16416.0
434.42 16416.0
434.52 16416.0
434.62 16416.0
434.72 16416.0
434.82 16416.0
434.92 15515.2
435.02 15515.2
435.12 15515.2
435.22 15515.2
435.32 15515.2
435.42 15515.2
435.52 15515.2
435.63 15515.2
435.73 15515.2
435.83 15515.2
435.93 19972.8
436.03 19972.8
436.13 19972.8
436.23 19972.8
436.33 19972.8
436.43 19972.8
436.53 19972.8
436.63 19972.8
436.74 19972.8
436.84 19972.8
436.94 19892.8
437.04 19892.8
437.14 19892.8
437.24 19892.8
437.34 19892.8
437.44 19892.8
437.54 19892.8
437.64 19892.8
437.74 19892.8
437.85 19892.8
437.95 33162.4
438.05 33162.4
438.15 33162.4
438.25 33162.4
438.35 33162.4
438.45 33162.4
438.55 33162.4
438.65 33162.4
438.75 33162.4
438.86 33162.4
438.97 36445.6
439.09 36445.6
439.20 36445.6
439.32 36445.6
439.44 36445.6
439.55 36445.6
439.67 36445.6
439.78 36445.6
439.90 36445.6
440.02 36445.6
440.14 40960.0
440.26 40960.0
440.38 40960.0
440.51 40960.0
440.63 40960.0
440.75 40960.0
440.88 40960.0
441.00 40960.0
441.12 40960.0
441.25 40960.0
441.35 40629.6
441.45 40629.6
441.55 40629.6
441.65 40629.6
441.75 40629.6
441.85 40629.6
441.95 40629.6
442.05 40629.6
442.15 40629.6
442.25 40629.6
442.35 30426.4
442.45 30426.4
442.55 30426.4
442.65 30426.4
442.75 30426.4
442.85 30426.4
442.95 30426.4
443.05 30426.4
443.16 30426.4
443.26 30426.4
443.36 30836.8
443.46 30836.8
443.56 30836.8
443.66 30836.8
443.76 30836.8
443.86 30836.8
443.96 30836.8
444.06 30836.8
444.16 30836.8
444.26 30836.8
444.36 27827.2
444.46 27827.2
444.56 27827.2
444.66 27827.2
444.76 27827.2
444.86 27827.2
444.96 27827.2
445.06 27827.2
445.17 27827.2
445.27 27827.2
445.37 30506.4
445.47 30506.4
445.57 30506.4
445.67 30506.4
445.77 30506.4
445.87 30506.4
445.97 30506.4
446.07 30506.4
446.17 30506.4
446.28 30506.4
446.38 24817.6
446.48 24817.6
446.58 24817.6
446.68 24817.6
446.78 24817.6
446.88 24817.6
446.98 24817.6
447.08 24817.6
447.18 24817.6
447.28 24817.6
447.38 26596.0
447.48 26596.0
447.58 26596.0
447.68 26596.0
447.78 26596.0
447.88 26596.0
447.98 26596.0
448.08 26596.0
448.19 26596.0
448.29 26596.0
448.39 29685.6
448.49 29685.6
448.59 29685.6
448.69 29685.6
448.79 29685.6
448.89 29685.6
448.99 29685.6
449.09 29685.6
449.19 29685.6
449.29 29685.6
449.39 26322.4
449.49 26322.4
449.59 26322.4
449.69 26322.4
449.79 26322.4
449.89 26322.4
449.99 26322.4
450.09 26322.4
450.20 26322.4
450.30 26322.4
450.40 32478.4
450.50 32478.4
450.60 32478.4
450.70 32478.4
450.80 32478.4
450.90 32478.4
451.00 32478.4
451.10 32478.4
451.20 32478.4
451.31 32478.4
451.41 23392.8
451.51 23392.8
451.61 23392.8
451.71 23392.8
451.81 23392.8
451.91 23392.8
452.01 23392.8
452.11 23392.8
452.21 23392.8
452.31 23392.8
452.41 30016.0
452.51 30016.0
452.61 30016.0
452.71 30016.0
452.81 30016.0
452.91 30016.0
453.01 30016.0
453.11 30016.0
453.22 30016.0
453.32 30016.0
453.42 29195.2
453.52 29195.2
453.62 29195.2
453.72 29195.2
453.82 29195.2
453.92 29195.2
454.02 29195.2
454.12 29195.2
454.22 29195.2
454.32 29195.2
454.42 32751.9
454.52 32751.9
454.62 32751.9
454.72 32751.9
454.82 32751.9
454.92 32751.9
455.02 32751.9
455.12 32751.9
455.22 32751.9
455.32 32751.9
455.42 22161.6
455.52 22161.6
455.62 22161.6
455.73 22161.6
455.83 22161.6
455.93 22161.6
456.03 22161.6
456.13 22161.6
456.23 22161.6
456.34 22161.6
456.44 15378.4
456.54 15378.4
456.64 15378.4
456.74 15378.4
456.84 15378.4
456.94 15378.4
457.04 15378.4
457.14 15378.4
457.24 15378.4
457.34 15378.4
457.44 25718.4
457.54 25718.4
457.64 25718.4
457.74 25718.4
457.84 25718.4
457.94 25718.4
458.04 25718.4
458.14 25718.4
458.24 25718.4
458.34 25718.4
458.45 18798.4
458.55 18798.4
458.65 18798.4
458.75 18798.4
458.85 18798.4
458.96 18798.4
459.06 18798.4
459.16 18798.4
459.26 18798.4
459.36 18798.4
459.47 12038.4
459.57 12038.4
459.67 12038.4
459.77 12038.4
459.87 12038.4
459.97 12038.4
460.07 12038.4
460.17 12038.4
460.27 12038.4
460.37 12038.4
460.48 12859.2
460.58 12859.2
460.68 12859.2
460.78 12859.2
460.88 12859.2
460.98 12859.2
461.08 12859.2
461.18 12859.2
461.28 12859.2
461.39 12859.2
461.49 10043.2
461.59 10043.2
461.69 10043.2
461.79 10043.2
461.89 10043.2
461.99 10043.2
462.09 10043.2
462.19 10043.2
462.29 10043.2
462.39 10043.2
462.50 18057.6
462.60 18057.6
462.70 18057.6
462.80 18057.6
462.90 18057.6
463.00 18057.6
463.10 18057.6
463.20 18057.6
463.30 18057.6
463.40 18057.6
463.50 25364.8
463.60 25364.8
463.70 25364.8
463.80 25364.8
463.90 25364.8
464.00 25364.8
464.10 25364.8
464.20 25364.8
464.30 25364.8
464.40 25364.8
464.50 33516.0
464.60 33516.0
464.70 33516.0
464.80 33516.0
464.90 33516.0
465.00 33516.0
465.10 33516.0
465.20 33516.0
465.31 33516.0
465.41 33516.0
465.51 29605.6
465.61 29605.6
465.71 29605.6
465.81 29605.6
465.91 29605.6
466.01 29605.6
466.11 29605.6
466.21 29605.6
466.31 29605.6
466.41 29605.6
466.51 24270.4
466.61 24270.4
466.71 24270.4
466.81 24270.4
466.91 24270.4
467.01 24270.4
467.11 24270.4
467.21 24270.4
467.31 24270.4
467.41 24270.4
467.51 33025.6
467.62 33025.6
467.72 33025.6
467.83 33025.6
467.93 33025.6
468.04 33025.6
468.14 33025.6
468.25 33025.6
468.35 33025.6
468.46 33025.6
468.56 27360.0
468.66 27360.0
468.76 27360.0
468.86 27360.0
468.96 27360.0
469.06 27360.0
469.16 27360.0
469.26 27360.0
469.36 27360.0
469.46 27360.0
469.56 32478.4
469.66 32478.4
469.76 32478.4
469.86 32478.4
469.96 32478.4
470.06 32478.4
470.16 32478.4
470.26 32478.4
470.36 32478.4
470.46 32478.4
470.56 28237.6
470.66 28237.6
470.76 28237.6
470.86 28237.6
470.96 28237.6
471.06 28237.6
471.16 28237.6
471.26 28237.6
471.37 28237.6
471.47 28237.6
471.57 34804.0
471.68 34804.0
471.78 34804.0
471.89 34804.0
471.99 34804.0
472.10 34804.0
472.20 34804.0
472.31 34804.0
472.41 34804.0
472.52 34804.0
472.62 21477.6
472.72 21477.6
472.82 21477.6
472.92 21477.6
473.02 21477.6
473.12 21477.6
473.22 21477.6
473.32 21477.6
473.43 21477.6
473.53 21477.6
473.63 15732.0
473.73 15732.0
473.83 15732.0
473.93 15732.0
474.04 15732.0
474.14 15732.0
474.24 15732.0
474.34 15732.0
474.44 15732.0
474.54 15732.0
474.65 5528.8
474.75 5528.8
474.85 5528.8
474.95 5528.8
475.06 5528.8
475.16 5528.8
475.26 5528.8
475.36 5528.8
475.46 5528.8
475.57 5528.8
475.67 17647.2
475.77 17647.2
475.87 17647.2
475.97 17647.2
476.07 17647.2
476.17 17647.2
476.27 17647.2
476.37 17647.2
476.47 17647.2
476.57 17647.2
476.67 21534.4
476.77 21534.4
476.87 21534.4
476.97 21534.4
477.07 21534.4
477.17 21534.4
477.27 21534.4
477.37 21534.4
477.47 21534.4
477.57 21534.4
477.67 26539.2
477.77 26539.2
477.87 26539.2
477.97 26539.2
478.07 26539.2
478.17 26539.2
478.27 26539.2
478.37 26539.2
478.47 26539.2
478.57 26539.2
478.68 28648.0
478.78 28648.0
478.88 28648.0
478.98 28648.0
479.08 28648.0
479.18 28648.0
479.28 28648.0
479.38 28648.0
479.48 28648.0
479.58 28648.0
479.68 30152.8
479.78 30152.8
479.88 30152.8
479.98 30152.8
480.08 30152.8
480.18 30152.8
480.28 30152.8
480.38 30152.8
480.48 30152.8
480.58 30152.8
480.69 26676.0
480.79 26676.0
480.89 26676.0
480.99 26676.0
481.09 26676.0
481.19 26676.0
481.29 26676.0
481.39 26676.0
481.49 26676.0
481.59 26676.0
481.69 26322.4
481.79 26322.4
481.89 26322.4
481.99 26322.4
482.09 26322.4
482.19 26322.4
482.29 26322.4
482.39 26322.4
482.49 26322.4
482.59 26322.4
482.69 25034.4
482.79 25034.4
482.89 25034.4
483.00 25034.4
483.10 25034.4
483.20 25034.4
483.30 25034.4
483.40 25034.4
483.51 25034.4
483.61 25034.4
483.71 38497.6
483.81 38497.6
483.91 38497.6
484.01 38497.6
484.11 38497.6
484.21 38497.6
484.31 38497.6
484.41 38497.6
484.51 38497.6
484.61 38497.6
484.71 23860.0
484.81 23860.0
484.91 23860.0
485.01 23860.0
485.11 23860.0
485.21 23860.0
485.31 23860.0
485.41 23860.0
485.51 23860.0
485.61 23860.0
485.72 26048.8
485.82 26048.8
485.92 26048.8
486.02 26048.8
486.12 26048.8
486.22 26048.8
486.32 26048.8
486.42 26048.8
486.52 26048.8
486.62 26048.8
486.72 25992.0
486.82 25992.0
486.92 25992.0
487.02 25992.0
487.12 25992.0
487.22 25992.0
487.32 25992.0
487.42 25992.0
487.52 25992.0
487.62 25992.0
487.73 31657.6
487.83 31657.6
487.93 31657.6
488.03 31657.6
488.13 31657.6
488.23 31657.6
488.33 31657.6
488.43 31657.6
488.53 31657.6
488.63 31657.6
488.73 40549.6
488.83 40549.6
488.93 40549.6
489.03 40549.6
489.13 40549.6
489.23 40549.6
489.33 40549.6
489.43 40549.6
489.53 40549.6
489.63 40549.6
489.73 18661.6
489.83 18661.6
489.93 18661.6
490.03 18661.6
490.13 18661.6
490.23 18661.6
490.33 18661.6
490.43 18661.6
490.53 18661.6
490.63 18661.6
490.74 53956.0
490.84 53956.0
490.94 53956.0
491.04 53956.0
491.14 53956.0
491.24 53956.0
491.34 53956.0
491.44 53956.0
491.54 53956.0
491.64 53956.0
491.74 55597.6
491.84 55597.6
491.94 55597.6
492.04 55597.6
492.14 55597.6
492.24 55597.6
492.34 55597.6
492.44 55597.6
492.54 55597.6
492.64 55597.6
492.74 48210.4
492.84 48210.4
492.94 48210.4
493.04 48210.4
493.14 48210.4
493.24 48210.4
493.34 48210.4
493.44 48210.4
493.54 48210.4
493.64 48210.4
493.75 47036.0
493.86 47036.0
493.97 47036.0
494.08 47036.0
494.19 47036.0
494.30 47036.0
494.41 47036.0
494.52 47036.0
494.63 47036.0
494.74 47036.0
494.85 40960.0
494.96 40960.0
495.06 40960.0
495.17 40960.0
495.27 40960.0
495.38 40960.0
495.49 40960.0
495.59 40960.0
495.70 40960.0
495.80 40960.0
495.91 40960.0
496.01 40960.0
496.12 40960.0
496.22 40960.0
496.32 40960.0
496.43 40960.0
496.53 40960.0
496.64 40960.0
496.74 40960.0
496.84 40960.0
496.95 39124.8
497.05 39124.8
497.15 39124.8
497.25 39124.8
497.35 39124.8
497.45 39124.8
497.55 39124.8
497.65 39124.8
497.75 39124.8
497.85 39124.8
497.95 30289.6
498.05 30289.6
498.15 30289.6
498.25 30289.6
498.35 30289.6
498.45 30289.6
498.55 30289.6
498.65 30289.6
498.75 30289.6
498.85 30289.6
498.95 25091.2
499.05 25091.2
499.15 25091.2
499.25 25091.2
499.35 25091.2
499.45 25091.2
499.55 25091.2
499.65 25091.2
499.75 25091.2
499.85 25091.2
499.96 33846.4
500.06 33846.4
500.16 33846.4
500.26 33846.4
500.36 33846.4
500.46 33846.4
500.56 33846.4
500.66 33846.4
500.76 33846.4
500.86 33846.4
500.96 36719.2
501.06 36719.2
501.16 36719.2
501.26 36719.2
501.36 36719.2
501.46 36719.2
501.56 36719.2
501.66 36719.2
501.76 36719.2
501.87 36719.2
501.97 39728.8
502.08 39728.8
502.18 39728.8
502.29 39728.8
502.39 39728.8
502.50 39728.8
502.60 39728.8
502.71 39728.8
502.81 39728.8
502.91 39728.8
503.02 44651.7
503.12 44651.7
503.22 44651.7
503.32 44651.7
503.42 44651.7
503.52 44651.7
503.62 44651.7
503.72 44651.7
503.82 44651.7
503.92 44651.7
504.02 37678.7
504.12 37678.7
504.22 37678.7
504.32 37678.7
504.42 37678.7
504.52 37678.7
504.62 37678.7
504.72 37678.7
504.82 37678.7
504.92 37678.7
505.03 40686.4
505.14 40686.4
505.25 40686.4
505.35 40686.4
505.46 40686.4
505.57 40686.4
505.67 40686.4
505.78 40686.4
505.89 40686.4
506.00 40686.4
506.10 50262.4
506.20 50262.4
506.30 50262.4
506.40 50262.4
506.50 50262.4
506.60 50262.4
506.70 50262.4
506.80 50262.4
506.90 50262.4
507.00 50262.4
507.10 53408.8
507.20 53408.8
507.30 53408.8
507.40 53408.8
507.51 53408.8
507.61 53408.8
507.71 53408.8
507.81 53408.8
507.91 53408.8
508.02 53408.8
508.12 55734.4
508.22 55734.4
508.32 55734.4
508.42 55734.4
508.52 55734.4
508.62 55734.4
508.72 55734.4
508.82 55734.4
508.92 55734.4
509.02 55734.4
509.12 49498.4
509.22 49498.4
509.32 49498.4
509.42 49498.4
509.52 49498.4
509.62 49498.4
509.72 49498.4
509.82 49498.4
509.92 49498.4
510.02 49498.4
510.13 38360.9
510.23 38360.9
510.34 38360.9
510.44 38360.9
510.55 38360.9
510.65 38360.9
510.76 38360.9
510.86 38360.9
510.97 38360.9
511.08 38360.9
511.18 63668.8
511.28 63668.8
511.38 63668.8
511.48 63668.8
511.58 63668.8
511.68 63668.8
511.78 63668.8
511.88 63668.8
511.98 63668.8
512.08 63668.8
512.18 57706.4
512.29 57706.4
512.40 57706.4
512.51 57706.4
512.62 57706.4
512.72 57706.4
512.83 57706.4
512.94 57706.4
513.05 57706.4
513.16 57706.4
513.26 58196.8
513.36 58196.8
513.46 58196.8
513.56 58196.8
513.66 58196.8
513.76 58196.8
513.86 58196.8
513.96 58196.8
514.06 58196.8
514.16 58196.8
514.26 57512.8
514.36 57512.8
514.46 57512.8
514.56 57512.8
514.66 57512.8
514.76 57512.8
514.86 57512.8
514.96 57512.8
515.06 57512.8
515.16 57512.8
515.26 47993.6
515.37 47993.6
515.47 47993.6
515.57 47993.6
515.68 47993.6
515.78 47993.6
515.88 47993.6
515.99 47993.6
516.09 47993.6
516.19 47993.6
516.30 46432.0
516.40 46432.0
516.50 46432.0
516.60 46432.0
516.70 46432.0
516.80 46432.0
516.90 46432.0
517.00 46432.0
517.10 46432.0
517.20 46432.0
517.30 35761.6
517.40 35761.6
517.50 35761.6
517.60 35761.6
517.70 35761.6
517.80 35761.6
517.90 35761.6
518.00 35761.6
518.10 35761.6
518.20 35761.6
518.31 50672.8
518.41 50672.8
518.51 50672.8
518.61 50672.8
518.71 50672.8
518.81 50672.8
518.91 50672.8
519.01 50672.8
519.11 50672.8
519.21 50672.8
519.31 66131.2
519.41 66131.2
519.51 66131.2
519.61 66131.2
519.71 66131.2
519.81 66131.2
519.91 66131.2
520.01 66131.2
520.11 66131.2
520.21 66131.2
520.31 22628.8
520.41 22628.8
520.51 22628.8
520.61 22628.8
520.71 22628.8
520.81 22628.8
520.91 22628.8
521.01 22628.8
521.11 22628.8
521.21 22628.8
521.34 24133.6
521.46 24133.6
521.59 24133.6
521.71 24133.6
521.83 24133.6
521.96 24133.6
522.08 24133.6
522.21 24133.6
522.33 24133.6
522.45 24133.6
522.56 25308.0
522.66 25308.0
522.76 25308.0
522.86 25308.0
522.96 25308.0
523.06 25308.0
523.16 25308.0
523.26 25308.0
523.36 25308.0
523.46 25308.0
523.56 18661.6
523.67 18661.6
523.77 18661.6
523.87 18661.6
523.97 18661.6
524.07 18661.6
524.17 18661.6
524.27 18661.6
524.37 18661.6
524.47 18661.6
524.57 22435.2
524.67 22435.2
524.77 22435.2
524.87 22435.2
524.97 22435.2
525.07 22435.2
525.17 22435.2
525.27 22435.2
525.37 22435.2
525.47 22435.2
525.57 18934.9
525.68 18934.9
525.78 18934.9
525.88 18934.9
525.98 18934.9
526.08 18934.9
526.18 18934.9
526.28 18934.9
526.38 18934.9
526.48 18934.9
526.58 31327.2
526.68 31327.2
526.78 31327.2
526.88 31327.2
526.98 31327.2
527.08 31327.2
527.18 31327.2
527.28 31327.2
527.38 31327.2
527.48 31327.2
527.59 39045.1
527.69 39045.1
527.79 39045.1
527.89 39045.1
527.99 39045.1
528.09 39045.1
528.19 39045.1
528.29 39045.1
528.39 39045.1
528.49 39045.1
528.59 25912.0
528.70 25912.0
528.80 25912.0
528.90 25912.0
529.00 25912.0
529.10 25912.0
529.20 25912.0
529.30 25912.0
529.40 25912.0
529.50 25912.0
529.60 26732.8
529.71 26732.8
529.81 26732.8
529.91 26732.8
530.01 26732.8
530.11 26732.8
530.21 26732.8
530.31 26732.8
530.41 26732.8
530.51 26732.8
530.61 28180.8
530.71 28180.8
530.81 28180.8
530.91 28180.8
531.01 28180.8
531.11 28180.8
531.21 28180.8
531.31 28180.8
531.41 28180.8
531.51 28180.8
531.61 21808.0
531.71 21808.0
531.81 21808.0
531.91 21808.0
532.01 21808.0
532.11 21808.0
532.21 21808.0
532.31 21808.0
532.41 21808.0
532.51 21808.0
532.62 28511.2
532.73 28511.2
532.83 28511.2
532.94 28511.2
533.04 28511.2
533.15 28511.2
533.26 28511.2
533.36 28511.2
533.47 28511.2
533.57 28511.2
533.67 30232.8
533.77 30232.8
533.87 30232.8
533.97 30232.8
534.07 30232.8
534.17 30232.8
534.27 30232.8
534.37 30232.8
534.47 30232.8
534.57 30232.8
534.68 30563.1
534.78 30563.1
534.88 30563.1
534.98 30563.1
535.08 30563.1
535.18 30563.1
535.28 30563.1
535.38 30563.1
535.48 30563.1
535.58 30563.1
535.68 59838.4
535.78 59838.4
535.88 59838.4
535.98 59838.4
536.08 59838.4
536.18 59838.4
536.28 59838.4
536.38 59838.4
536.48 59838.4
536.58 59838.4
536.69 54149.6
536.79 54149.6
536.89 54149.6
536.99 54149.6
537.09 54149.6
537.19 54149.6
537.29 54149.6
537.39 54149.6
537.49 54149.6
537.59 54149.6
537.69 57923.2
537.79 57923.2
537.89 57923.2
537.99 57923.2
538.09 57923.2
538.19 57923.2
538.29 57923.2
538.39 57923.2
538.49 57923.2
538.59 57923.2
538.69 48757.6
538.79 48757.6
538.89 48757.6
538.99 48757.6
539.09 48757.6
539.19 48757.6
539.29 48757.6
539.39 48757.6
539.49 48757.6
539.59 48757.6
539.69 43148.8
539.79 43148.8
539.89 43148.8
539.99 43148.8
540.09 43148.8
540.19 43148.8
540.29 43148.8
540.39 43148.8
540.49 43148.8
540.59 43148.8
540.70 42601.6
540.80 42601.6
540.90 42601.6
541.00 42601.6
541.10 42601.6
541.20 42601.6
541.30 42601.6
541.40 42601.6
541.50 42601.6
541.60 42601.6
541.70 45804.8
541.80 45804.8
541.90 45804.8
542.00 45804.8
542.10 45804.8
542.20 45804.8
542.30 45804.8
542.40 45804.8
542.50 45804.8
542.60 45804.8
542.70 56008.0
542.80 56008.0
542.90 56008.0
543.00 56008.0
543.10 56008.0
543.20 56008.0
543.30 56008.0
543.40 56008.0
543.50 56008.0
543.60 56008.0
543.71 49168.0
543.81 49168.0
543.91 49168.0
544.01 49168.0
544.11 49168.0
544.21 49168.0
544.31 49168.0
544.41 49168.0
544.51 49168.0
544.61 49168.0
544.71 49304.8
544.82 49304.8
544.92 49304.8
545.02 49304.8
545.12 49304.8
545.22 49304.8
545.32 49304.8
545.42 49304.8
545.52 49304.8
545.62 49304.8
545.72 39455.2
545.82 39455.2
545.92 39455.2
546.02 39455.2
546.12 39455.2
546.22 39455.2
546.32 39455.2
546.42 39455.2
546.52 39455.2
546.62 39455.2
546.72 37813.6
546.83 37813.6
546.93 37813.6
547.03 37813.6
547.13 37813.6
547.23 37813.6
547.33 37813.6
547.43 37813.6
547.53 37813.6
547.63 37813.6
547.73 47800.0
547.83 47800.0
547.94 47800.0
548.04 47800.0
548.14 47800.0
548.24 47800.0
548.34 47800.0
548.44 47800.0
548.54 47800.0
548.64 47800.0
548.74 43285.6
548.84 43285.6
548.94 43285.6
549.04 43285.6
549.14 43285.6
549.24 43285.6
549.34 43285.6
549.44 43285.6
549.54 43285.6
549.64 43285.6
549.74 40276.0
549.84 40276.0
549.94 40276.0
550.04 40276.0
550.14 40276.0
550.24 40276.0
550.34 40276.0
550.44 40276.0
550.54 40276.0
550.64 40276.0
550.75 41370.4
550.85 41370.4
550.95 41370.4
551.05 41370.4
551.15 41370.4
551.25 41370.4
551.35 41370.4
551.45 41370.4
551.55 41370.4
551.65 41370.4
551.75 42658.4
551.85 42658.4
551.96 42658.4
552.06 42658.4
552.16 42658.4
552.26 42658.4
552.36 42658.4
552.46 42658.4
552.56 42658.4
552.66 42658.4
552.76 45474.4
552.86 45474.4
552.97 45474.4
553.07 45474.4
553.17 45474.4
553.27 45474.4
553.37 45474.4
553.47 45474.4
553.57 45474.4
553.67 45474.4
553.77 36582.4
553.87 36582.4
553.98 36582.4
554.08 36582.4
554.18 36582.4
554.28 36582.4
554.38 36582.4
554.48 36582.4
554.58 36582.4
554.68 36582.4
554.78 36662.4
554.88 36662.4
554.98 36662.4
555.08 36662.4
555.18 36662.4
555.28 36662.4
555.38 36662.4
555.48 36662.4
555.58 36662.4
555.68 36662.4
555.78 32068.0
555.89 32068.0
555.99 32068.0
556.09 32068.0
556.19 32068.0
556.29 32068.0
556.39 32068.0
556.49 32068.0
556.59 32068.0
556.69 32068.0
556.79 30563.2
556.89 30563.2
556.99 30563.2
557.09 30563.2
557.19 30563.2
557.29 30563.2
557.39 30563.2
557.49 30563.2
557.59 30563.2
557.69 30563.2
557.80 23312.8
557.91 23312.8
558.02 23312.8
558.12 23312.8
558.23 23312.8
558.34 23312.8
558.45 23312.8
558.56 23312.8
558.66 23312.8
558.77 23312.8
558.87 25718.4
558.97 25718.4
559.07 25718.4
559.17 25718.4
559.27 25718.4
559.37 25718.4
559.47 25718.4
559.57 25718.4
559.67 25718.4
559.77 25718.4
559.87 24954.4
559.97 24954.4
560.08 24954.4
560.18 24954.4
560.28 24954.4
560.38 24954.4
560.48 24954.4
560.58 24954.4
560.68 24954.4
560.78 24954.4
560.88 34256.8
560.98 34256.8
561.09 34256.8
561.19 34256.8
561.29 34256.8
561.39 34256.8
561.49 34256.8
561.59 34256.8
561.69 34256.8
561.79 34256.8
561.89 26265.6
561.99 26265.6
562.10 26265.6
562.20 26265.6
562.30 26265.6
562.40 26265.6
562.50 26265.6
562.60 26265.6
562.70 26265.6
562.80 26265.6
562.90 24680.8
563.00 24680.8
563.10 24680.8
563.20 24680.8
563.30 24680.8
563.40 24680.8
563.50 24680.8
563.60 24680.8
563.70 24680.8
563.80 24680.8
563.91 27964.0
564.01 27964.0
564.11 27964.0
564.21 27964.0
564.31 27964.0
564.41 27964.0
564.52 27964.0
564.62 27964.0
564.72 27964.0
564.82 27964.0
564.92 32148.0
565.02 32148.0
565.12 32148.0
565.22 32148.0
565.32 32148.0
565.42 32148.0
565.52 32148.0
565.62 32148.0
565.72 32148.0
565.82 32148.0
565.92 22355.2
566.02 22355.2
566.13 22355.2
566.23 22355.2
566.33 22355.2
566.43 22355.2
566.53 22355.2
566.63 22355.2
566.73 22355.2
566.83 22355.2
566.93 27416.8
567.03 27416.8
567.13 27416.8
567.24 27416.8
567.34 27416.8
567.44 27416.8
567.54 27416.8
567.64 27416.8
567.74 27416.8
567.84 27416.8
567.94 33789.6
568.04 33789.6
568.14 33789.6
568.24 33789.6
568.34 33789.6
568.44 33789.6
568.54 33789.6
568.64 33789.6
568.74 33789.6
568.84 33789.6
568.94 29605.6
569.05 29605.6
569.15 29605.6
569.25 29605.6
569.35 29605.6
569.45 29605.6
569.55 29605.6
569.65 29605.6
569.75 29605.6
569.85 29605.6
569.95 22628.8
570.05 22628.8
570.15 22628.8
570.25 22628.8
570.35 22628.8
570.45 22628.8
570.55 22628.8
570.65 22628.8
570.75 22628.8
570.85 22628.8
570.95 34063.2
571.05 34063.2
571.15 34063.2
571.25 34063.2
571.35 34063.2
571.45 34063.2
571.55 34063.2
571.65 34063.2
571.75 34063.2
571.85 34063.2
571.95 31110.4
572.06 31110.4
572.16 31110.4
572.26 31110.4
572.36 31110.4
572.46 31110.4
572.56 31110.4
572.66 31110.4
572.76 31110.4
572.86 31110.4
572.96 36719.2
573.06 36719.2
573.16 36719.2
573.26 36719.2
573.36 36719.2
573.46 36719.2
573.56 36719.2
573.66 36719.2
573.76 36719.2
573.86 36719.2
573.97 32752.0
574.07 32752.0
574.17 32752.0
574.27 32752.0
574.37 32752.0
574.47 32752.0
574.57 32752.0
574.67 32752.0
574.77 32752.0
574.87 32752.0
574.97 34530.4
575.07 34530.4
575.17 34530.4
575.27 34530.4
575.37 34530.4
575.47 34530.4
575.57 34530.4
575.67 34530.4
575.77 34530.4
575.87 34530.4
575.97 33572.8
576.08 33572.8
576.18 33572.8
576.28 33572.8
576.38 33572.8
576.48 33572.8
576.58 33572.8
576.68 33572.8
576.78 33572.8
576.88 33572.8
576.98 30916.8
577.08 30916.8
577.18 30916.8
577.28 30916.8
577.38 30916.8
577.48 30916.8
577.58 30916.8
577.68 30916.8
577.78 30916.8
577.88 30916.8
577.98 26596.0
578.08 26596.0
578.18 26596.0
578.28 26596.0
578.38 26596.0
578.48 26596.0
578.58 26596.0
578.68 26596.0
578.78 26596.0
578.88 26596.0
578.99 24407.2
579.09 24407.2
579.19 24407.2
579.29 24407.2
579.39 24407.2
579.49 24407.2
579.59 24407.2
579.69 24407.2
579.79 24407.2
579.89 24407.2
579.99 23392.8
580.09 23392.8
580.19 23392.8
580.30 23392.8
580.40 23392.8
580.50 23392.8
580.60 23392.8
580.70 23392.8
580.80 23392.8
580.90 23392.8
581.00 23176.0
581.10 23176.0
581.20 23176.0
581.30 23176.0
581.40 23176.0
581.50 23176.0
581.60 23176.0
581.70 23176.0
581.80 23176.0
581.90 23176.0
582.00 24897.6
582.11 24897.6
582.21 24897.6
582.31 24897.6
582.41 24897.6
582.51 24897.6
582.61 24897.6
582.71 24897.6
582.81 24897.6
582.91 24897.6
583.01 17840.8
583.11 17840.8
583.21 17840.8
583.32 17840.8
583.42 17840.8
583.52 17840.8
583.62 17840.8
583.72 17840.8
583.82 17840.8
583.92 17840.8
584.02 20520.0
584.12 20520.0
584.22 20520.0
584.32 20520.0
584.42 20520.0
584.52 20520.0
584.62 20520.0
584.72 20520.0
584.82 20520.0
584.92 20520.0
585.02 17430.4
585.12 17430.4
585.22 17430.4
585.32 17430.4
585.43 17430.4
585.53 17430.4
585.63 17430.4
585.73 17430.4
585.83 17430.4
585.93 17430.4
586.03 23666.4
586.13 23666.4
586.23 23666.4
586.33 23666.4
586.43 23666.4
586.53 23666.4
586.63 23666.4
586.73 23666.4
586.83 23666.4
586.93 23666.4
587.03 20850.4
587.13 20850.4
587.23 20850.4
587.34 20850.4
587.44 20850.4
587.54 20850.4
587.64 20850.4
587.74 20850.4
587.84 20850.4
587.94 20850.4
588.04 23392.8
588.14 23392.8
588.24 23392.8
588.34 23392.8
588.44 23392.8
588.54 23392.8
588.64 23392.8
588.74 23392.8
588.84 23392.8
588.94 23392.8
589.04 20440.0
589.14 20440.0
589.25 20440.0
589.35 20440.0
589.45 20440.0
589.55 20440.0
589.65 20440.0
589.75 20440.0
589.85 20440.0
589.95 20440.0
590.05 21614.4
590.15 21614.4
590.25 21614.4
590.36 21614.4
590.46 21614.4
590.56 21614.4
590.66 21614.4
590.76 21614.4
590.86 21614.4
590.96 21614.4
591.06 13873.6
591.17 13873.6
591.27 13873.6
591.37 13873.6
591.47 13873.6
591.57 13873.6
591.68 13873.6
591.78 13873.6
591.88 13873.6
591.98 13873.6
592.08 11080.8
592.18 11080.8
592.29 11080.8
592.39 11080.8
592.49 11080.8
592.59 11080.8
592.69 11080.8
592.79 11080.8
592.89 11080.8
592.99 11080.8
593.09 12722.4
593.20 12722.4
593.30 12722.4
593.40 12722.4
593.50 12722.4
593.60 12722.4
593.71 12722.4
593.81 12722.4
593.91 12722.4
594.01 12722.4
594.12 9769.6
594.23 9769.6
594.33 9769.6
594.44 9769.6
594.55 9769.6
594.65 9769.6
594.76 9769.6
594.87 9769.6
594.97 9769.6
595.08 9769.6
595.18 8481.6
595.28 8481.6
595.38 8481.6
595.49 8481.6
595.59 8481.6
595.69 8481.6
595.79 8481.6
595.89 8481.6
595.99 8481.6
596.09 8481.6
596.19 13406.4
596.29 13406.4
596.39 13406.4
596.50 13406.4
596.60 13406.4
596.70 13406.4
596.80 13406.4
596.90 13406.4
597.00 13406.4
597.10 13406.4
597.20 12722.4
597.30 12722.4
597.40 12722.4
597.51 12722.4
597.61 12722.4
597.71 12722.4
597.81 12722.4
597.91 12722.4
598.01 12722.4
598.11 12722.4
598.21 15241.6
598.31 15241.6
598.41 15241.6
598.52 15241.6
598.62 15241.6
598.72 15241.6
598.82 15241.6
598.92 15241.6
599.02 15241.6
599.12 15241.6
599.22 18331.2
599.32 18331.2
599.42 18331.2
599.53 18331.2
599.63 18331.2
599.73 18331.2
599.83 18331.2
599.93 18331.2
600.03 18331.2
600.13 18331.2
600.23 9165.6
600.33 9165.6
600.43 9165.6
600.53 9165.6
600.63 9165.6
600.73 9165.6
600.83 9165.6
600.93 9165.6
601.03 9165.6
601.13 9165.6
601.23 8812.0
601.33 8812.0
601.43 8812.0
601.54 8812.0
601.64 8812.0
601.74 8812.0
601.84 8812.0
601.94 8812.0
602.04 8812.0
602.14 8812.0
602.24 16416.0
602.35 16416.0
602.45 16416.0
602.55 16416.0
602.65 16416.0
602.75 16416.0
602.86 16416.0
602.96 16416.0
603.06 16416.0
603.16 16416.0
603.27 5061.6
603.38 5061.6
603.48 5061.6
603.59 5061.6
603.70 5061.6
603.80 5061.6
603.91 5061.6
604.02 5061.6
604.12 5061.6
604.23 5061.6
604.34 9576.0
604.44 9576.0
604.54 9576.0
604.64 9576.0
604.75 9576.0
604.85 9576.0
604.95 9576.0
605.06 9576.0
605.16 9576.0
605.26 9576.0
605.38 5665.6
605.49 5665.6
605.61 5665.6
605.72 5665.6
605.84 5665.6
605.95 5665.6
606.07 5665.6
606.18 5665.6
606.30 5665.6
606.41 5665.6
606.51 17647.2
606.61 17647.2
606.71 17647.2
606.81 17647.2
606.92 17647.2
607.02 17647.2
607.12 17647.2
607.22 17647.2
607.32 17647.2
607.42 17647.2
607.52 9439.2
607.62 9439.2
607.72 9439.2
607.82 9439.2
607.92 9439.2
608.02 9439.2
608.12 9439.2
608.22 9439.2
608.32 9439.2
608.42 9439.2
608.52 8071.2
608.63 8071.2
608.73 8071.2
608.83 8071.2
608.93 8071.2
609.03 8071.2
609.14 8071.2
609.24 8071.2
609.34 8071.2
609.44 8071.2
609.54 7854.4
609.64 7854.4
609.75 7854.4
609.85 7854.4
609.95 7854.4
610.05 7854.4
610.15 7854.4
610.25 7854.4
610.35 7854.4
610.45 7854.4
610.55 8344.8
610.65 8344.8
610.75 8344.8
610.85 8344.8
610.96 8344.8
611.06 8344.8
611.16 8344.8
611.26 8344.8
611.36 8344.8
611.46 8344.8
611.57 3146.4
611.68 3146.4
611.79 3146.4
611.90 3146.4
612.01 3146.4
612.11 3146.4
612.22 3146.4
612.33 3146.4
612.44 3146.4
612.55 3146.4
612.65 15458.4
612.75 15458.4
612.85 15458.4
612.95 15458.4
613.05 15458.4
613.15 15458.4
613.25 15458.4
613.35 15458.4
613.45 15458.4
613.55 15458.4
613.65 27827.2
613.75 27827.2
613.85 27827.2
613.96 27827.2
614.06 27827.2
614.16 27827.2
614.26 27827.2
614.36 27827.2
614.46 27827.2
614.56 27827.2
614.66 24988.4
614.76 24988.4
614.86 24988.4
614.96 24988.4
615.06 24988.4
615.16 24988.4
615.26 24988.4
615.36 24988.4
615.46 24988.4
615.56 24988.4
615.66 20759.6
615.76 20759.6
615.86 20759.6
615.96 20759.6
616.06 20759.6
616.16 20759.6
616.26 20759.6
616.36 20759.6
616.46 20759.6
616.56 20759.6
616.68 20303.2
616.79 20303.2
616.91 20303.2
617.02 20303.2
617.13 20303.2
617.25 20303.2
617.36 20303.2
617.47 20303.2
617.59 20303.2
617.70 20303.2
617.80 29685.6
617.90 29685.6
618.00 29685.6
618.10 29685.6
618.20 29685.6
618.30 29685.6
618.40 29685.6
618.50 29685.6
618.60 29685.6
618.70 29685.6
618.80 12779.2
618.90 12779.2
619.01 12779.2
619.11 12779.2
619.21 12779.2
619.31 12779.2
619.41 12779.2
619.51 12779.2
619.61 12779.2
619.71 12779.2
619.81 16279.2
619.91 16279.2
620.01 16279.2
620.11 16279.2
620.22 16279.2
620.32 16279.2
620.42 16279.2
620.52 16279.2
620.62 16279.2
620.72 16279.2
620.82 18057.6
620.92 18057.6
621.02 18057.6
621.12 18057.6
621.22 18057.6
621.32 18057.6
621.42 18057.6
621.52 18057.6
621.62 18057.6
621.72 18057.6
621.82 18114.4
621.92 18114.4
622.03 18114.4
622.13 18114.4
622.23 18114.4
622.33 18114.4
622.43 18114.4
622.53 18114.4
622.63 18114.4
622.73 18114.4
622.83 14090.4
622.93 14090.4
623.03 14090.4
623.13 14090.4
623.23 14090.4
623.33 14090.4
623.43 14090.4
623.53 14090.4
623.63 14090.4
623.73 14090.4
623.83 12859.2
623.94 12859.2
624.04 12859.2
624.14 12859.2
624.25 12859.2
624.35 12859.2
624.45 12859.2
624.55 12859.2
624.66 12859.2
624.76 12859.2
624.86 5939.2
624.96 5939.2
625.06 5939.2
625.16 5939.2
625.26 5939.2
625.37 5939.2
625.47 5939.2
625.57 5939.2
625.67 5939.2
625.77 5939.2
625.87 7387.2
625.97 7387.2
626.08 7387.2
626.18 7387.2
626.28 7387.2
626.38 7387.2
626.48 7387.2
626.59 7387.2
626.69 7387.2
626.79 7387.2
626.89 6292.8
626.99 6292.8
627.10 6292.8
627.20 6292.8
627.30 6292.8
627.40 6292.8
627.50 6292.8
627.61 6292.8
627.71 6292.8
627.81 6292.8
627.91 4651.2
628.01 4651.2
628.11 4651.2
628.21 4651.2
628.31 4651.2
628.42 4651.2
628.52 4651.2
628.62 4651.2
628.72 4651.2
628.82 4651.2
628.92 5608.8
629.02 5608.8
629.13 5608.8
629.23 5608.8
629.33 5608.8
629.43 5608.8
629.53 5608.8
629.64 5608.8
629.74 5608.8
629.84 5608.8
629.94 5882.4
630.04 5882.4
630.15 5882.4
630.25 5882.4
630.35 5882.4
630.45 5882.4
630.55 5882.4
630.66 5882.4
630.76 5882.4
630.86 5882.4
630.99 6212.8
631.12 6212.8
631.25 6212.8
631.38 6212.8
631.51 6212.8
631.65 6212.8
631.78 6212.8
631.91 6212.8
632.04 6212.8
632.17 6212.8
632.27 6976.8
632.37 6976.8
632.47 6976.8
632.57 6976.8
632.67 6976.8
632.77 6976.8
632.87 6976.8
632.97 6976.8
633.07 6976.8
633.17 6976.8
633.27 3420.0
633.37 3420.0
633.48 3420.0
633.58 3420.0
633.68 3420.0
633.78 3420.0
633.88 3420.0
633.99 3420.0
634.09 3420.0
634.19 3420.0
634.29 2736.0
634.39 2736.0
634.50 2736.0
634.60 2736.0
634.70 2736.0
634.80 2736.0
634.90 2736.0
635.01 2736.0
635.11 2736.0
635.21 2736.0
635.31 3556.8
635.41 3556.8
635.51 3556.8
635.61 3556.8
635.71 3556.8
635.82 3556.8
635.92 3556.8
636.02 3556.8
636.12 3556.8
636.22 3556.8
636.32 9986.4
636.42 9986.4
636.52 9986.4
636.62 9986.4
636.72 9986.4
636.82 9986.4
636.92 9986.4
637.02 9986.4
637.12 9986.4
637.22 9986.4
637.32 19208.8
637.42 19208.8
637.52 19208.8
637.62 19208.8
637.72 19208.8
637.82 19208.8
637.92 19208.8
638.02 19208.8
638.12 19208.8
638.22 19208.8
638.32 26539.2
638.42 26539.2
638.52 26539.2
638.63 26539.2
638.73 26539.2
638.83 26539.2
638.93 26539.2
639.03 26539.2
639.13 26539.2
639.23 26539.2
639.33 14284.0
639.43 14284.0
639.53 14284.0
639.63 14284.0
639.73 14284.0
639.84 14284.0
639.94 14284.0
640.04 14284.0
640.14 14284.0
640.24 14284.0
640.34 6429.6
640.44 6429.6
640.54 6429.6
640.64 6429.6
640.74 6429.6
640.85 6429.6
640.95 6429.6
641.05 6429.6
641.15 6429.6
641.25 6429.6
641.36 5335.2
641.46 5335.2
641.57 5335.2
641.67 5335.2
641.78 5335.2
641.89 5335.2
641.99 5335.2
642.10 5335.2
642.21 5335.2
642.31 5335.2
642.41 3830.4
642.52 3830.4
642.62 3830.4
642.72 3830.4
642.83 3830.4
642.93 3830.4
643.03 3830.4
643.13 3830.4
643.24 3830.4
643.34 3830.4
643.44 8071.2
643.54 8071.2
643.64 8071.2
643.74 8071.2
643.84 8071.2
643.95 8071.2
644.05 8071.2
644.15 8071.2
644.25 8071.2
644.35 8071.2
644.45 8344.8
644.55 8344.8
644.66 8344.8
644.76 8344.8
644.86 8344.8
644.96 8344.8
645.06 8344.8
645.17 8344.8
645.27 8344.8
645.37 8344.8
645.47 8264.8
645.57 8264.8
645.68 8264.8
645.78 8264.8
645.88 8264.8
645.98 8264.8
646.08 8264.8
646.19 8264.8
646.29 8264.8
646.39 8264.8
646.49 17647.2
646.59 17647.2
646.69 17647.2
646.79 17647.2
646.90 17647.2
647.00 17647.2
647.10 17647.2
647.20 17647.2
647.30 17647.2
647.40 17647.2
647.50 19106.0
647.61 19106.0
647.71 19106.0
647.81 19106.0
647.91 19106.0
648.01 19106.0
648.11 19106.0
648.22 19106.0
648.32 19106.0
648.42 19106.0
648.52 13646.0
648.62 13646.0
648.72 13646.0
648.82 13646.0
648.92 13646.0
649.03 13646.0
649.13 13646.0
649.23 13646.0
649.33 13646.0
649.43 13646.0
649.53 22024.8
649.63 22024.8
649.73 22024.8
649.83 22024.8
649.93 22024.8
650.03 22024.8
650.13 22024.8
650.23 22024.8
650.33 22024.8
650.43 22024.8
650.53 18661.7
650.64 18661.7
650.74 18661.7
650.84 18661.7
650.94 18661.7
651.04 18661.7
651.14 18661.7
651.25 18661.7
651.35 18661.7
651.45 18661.7
651.57 27827.2
651.68 27827.2
651.80 27827.2
651.91 27827.2
652.03 27827.2
652.15 27827.2
652.26 27827.2
652.38 27827.2
652.49 27827.2
652.61 27827.2
652.71 31600.8
652.81 31600.8
652.92 31600.8
653.02 31600.8
653.12 31600.8
653.22 31600.8
653.32 31600.8
653.43 31600.8
653.53 31600.8
653.63 31600.8
653.73 20303.2
653.83 20303.2
653.94 20303.2
654.04 20303.2
654.14 20303.2
654.24 20303.2
654.34 20303.2
654.45 20303.2
654.55 20303.2
654.65 20303.2
654.75 12859.2
654.85 12859.2
654.96 12859.2
655.06 12859.2
655.16 12859.2
655.26 12859.2
655.36 12859.2
655.47 12859.2
655.57 12859.2
655.67 12859.2
655.77 7797.6
655.87 7797.6
655.98 7797.6
656.08 7797.6
656.18 7797.6
656.28 7797.6
656.38 7797.6
656.49 7797.6
656.59 7797.6
656.69 7797.6
656.80 9359.2
656.91 9359.2
657.01 9359.2
657.12 9359.2
657.23 9359.2
657.34 9359.2
657.45 9359.2
657.55 9359.2
657.66 9359.2
657.77 9359.2
657.87 10807.2
657.97 10807.2
658.07 10807.2
658.17 10807.2
658.27 10807.2
658.38 10807.2
658.48 10807.2
658.58 10807.2
658.68 10807.2
658.78 10807.2
658.88 10944.0
658.98 10944.0
659.08 10944.0
659.18 10944.0
659.28 10944.0
659.38 10944.0
659.49 10944.0
659.59 10944.0
659.69 10944.0
659.79 10944.0
659.90 19208.8
660.01 19208.8
660.12 19208.8
660.23 19208.8
660.34 19208.8
660.45 19208.8
660.56 19208.8
660.67 19208.8
660.78 19208.8
660.89 19208.8
660.99 17647.2
661.09 17647.2
661.19 17647.2
661.29 17647.2
661.39 17647.2
661.49 17647.2
661.60 17647.2
661.70 17647.2
661.80 17647.2
661.90 17647.2
662.00 20520.0
662.10 20520.0
662.20 20520.0
662.30 20520.0
662.40 20520.0
662.50 20520.0
662.60 20520.0
662.70 20520.0
662.80 20520.0
662.90 20520.0
663.00 21944.8
663.10 21944.8
663.20 21944.8
663.30 21944.8
663.40 21944.8
663.50 21944.8
663.61 21944.8
663.71 21944.8
663.81 21944.8
663.91 21944.8
664.01 16416.0
664.11 16416.0
664.21 16416.0
664.32 16416.0
664.42 16416.0
664.52 16416.0
664.62 16416.0
664.72 16416.0
664.83 16416.0
664.93 16416.0
665.03 11684.8
665.13 11684.8
665.23 11684.8
665.33 11684.8
665.43 11684.8
665.53 11684.8
665.63 11684.8
665.74 11684.8
665.84 11684.8
665.94 11684.8
666.04 22572.0
666.14 22572.0
666.24 22572.0
666.34 22572.0
666.44 22572.0
666.54 22572.0
666.64 22572.0
666.74 22572.0
666.84 22572.0
666.94 22572.0
667.04 29058.4
667.14 29058.4
667.24 29058.4
667.34 29058.4
667.44 29058.4
667.54 29058.4
667.64 29058.4
667.74 29058.4
667.84 29058.4
667.94 29058.4
668.04 23666.4
668.14 23666.4
668.24 23666.4
668.34 23666.4
668.44 23666.4
668.54 23666.4
668.65 23666.4
668.75 23666.4
668.85 23666.4
668.95 23666.4
669.05 23586.4
669.15 23586.4
669.25 23586.4
669.35 23586.4
669.45 23586.4
669.55 23586.4
669.65 23586.4
669.75 23586.4
669.85 23586.4
669.95 23586.4
670.05 23723.2
670.15 23723.2
670.25 23723.2
670.35 23723.2
670.45 23723.2
670.55 23723.2
670.65 23723.2
670.75 23723.2
670.85 23723.2
670.95 23723.2
671.05 24350.4
671.15 24350.4
671.25 24350.4
671.35 24350.4
671.45 24350.4
671.56 24350.4
671.66 24350.4
671.76 24350.4
671.86 24350.4
671.96 24350.4
672.06 19619.2
672.16 19619.2
672.26 19619.2
672.36 19619.2
672.46 19619.2
672.56 19619.2
672.66 19619.2
672.76 19619.2
672.86 19619.2
672.96 19619.2
673.06 22161.6
673.16 22161.6
673.26 22161.6
673.37 22161.6
673.47 22161.6
673.57 22161.6
673.67 22161.6
673.77 22161.6
673.87 22161.6
673.97 22161.6
674.07 19072.0
674.17 19072.0
674.27 19072.0
674.38 19072.0
674.48 19072.0
674.58 19072.0
674.68 19072.0
674.78 19072.0
674.89 19072.0
674.99 19072.0
675.09 13816.8
675.19 13816.8
675.29 13816.8
675.39 13816.8
675.49 13816.8
675.59 13816.8
675.69 13816.8
675.80 13816.8
675.90 13816.8
676.00 13816.8
676.10 15048.0
676.20 15048.0
676.30 15048.0
676.40 15048.0
676.50 15048.0
676.60 15048.0
676.70 15048.0
676.81 15048.0
676.91 15048.0
677.01 15048.0
677.11 25775.2
677.21 25775.2
677.31 25775.2
677.41 25775.2
677.51 25775.2
677.61 25775.2
677.71 25775.2
677.82 25775.2
677.92 25775.2
678.02 25775.2
678.12 22492.0
678.22 22492.0
678.32 22492.0
678.42 22492.0
678.52 22492.0
678.62 22492.0
678.72 22492.0
678.82 22492.0
678.93 22492.0
679.03 22492.0
679.13 21614.4
679.23 21614.4
679.33 21614.4
679.43 21614.4
679.53 21614.4
679.63 21614.4
679.73 21614.4
679.83 21614.4
679.93 21614.4
680.03 21614.4
680.13 19619.2
680.23 19619.2
680.33 19619.2
680.43 19619.2
680.53 19619.2
680.63 19619.2
680.73 19619.2
680.84 19619.2
680.94 19619.2
681.04 19619.2
681.14 25855.2
681.24 25855.2
681.34 25855.2
681.44 25855.2
681.54 25855.2
681.64 25855.2
681.74 25855.2
681.84 25855.2
681.94 25855.2
682.04 25855.2
682.14 29742.4
682.24 29742.4
682.34 29742.4
682.44 29742.4
682.54 29742.4
682.64 29742.4
682.74 29742.4
682.84 29742.4
682.94 29742.4
683.04 29742.4
683.14 28237.6
683.24 28237.6
683.34 28237.6
683.44 28237.6
683.55 28237.6
683.65 28237.6
683.75 28237.6
683.85 28237.6
683.95 28237.6
684.05 28237.6
684.16 33652.8
684.26 33652.8
684.36 33652.8
684.47 33652.8
684.57 33652.8
684.67 33652.8
684.78 33652.8
684.88 33652.8
684.98 33652.8
685.09 33652.8
685.19 30152.8
685.29 30152.8
685.39 30152.8
685.49 30152.8
685.59 30152.8
685.69 30152.8
685.79 30152.8
685.90 30152.8
686.00 30152.8
686.10 30152.8
686.20 31657.6
686.30 31657.6
686.40 31657.6
686.51 31657.6
686.61 31657.6
686.71 31657.6
686.81 31657.6
686.91 31657.6
687.02 31657.6
687.12 31657.6
687.22 24817.6
687.32 24817.6
687.42 24817.6
687.52 24817.6
687.62 24817.6
687.72 24817.6
687.82 24817.6
687.92 24817.6
688.02 24817.6
688.12 24817.6
688.22 33242.4
688.32 33242.4
688.42 33242.4
688.52 33242.4
688.62 33242.4
688.72 33242.4
688.82 33242.4
688.92 33242.4
689.02 33242.4
689.12 33242.4
689.22 30016.0
689.32 30016.0
689.42 30016.0
689.52 30016.0
689.62 30016.0
689.72 30016.0
689.83 30016.0
689.93 30016.0
690.03 30016.0
690.13 30016.0
690.23 28511.2
690.33 28511.2
690.43 28511.2
690.53 28511.2
690.63 28511.2
690.73 28511.2
690.83 28511.2
690.93 28511.2
691.03 28511.2
691.13 28511.2
691.23 28237.6
691.33 28237.6
691.43 28237.6
691.53 28237.6
691.63 28237.6
691.73 28237.6
691.83 28237.6
691.94 28237.6
692.04 28237.6
692.14 28237.6
692.24 28864.8
692.34 28864.8
692.44 28864.8
692.54 28864.8
692.64 28864.8
692.74 28864.8
692.84 28864.8
692.94 28864.8
693.04 28864.8
693.14 28864.8
693.24 26869.6
693.34 26869.6
693.44 26869.6
693.54 26869.6
693.64 26869.6
693.74 26869.6
693.84 26869.6
693.94 26869.6
694.04 26869.6
694.14 26869.6
694.24 25775.2
694.34 25775.2
694.44 25775.2
694.54 25775.2
694.64 25775.2
694.74 25775.2
694.84 25775.2
694.95 25775.2
695.05 25775.2
695.15 25775.2
695.25 23940.0
695.35 23940.0
695.45 23940.0
695.55 23940.0
695.66 23940.0
695.76 23940.0
695.86 23940.0
695.96 23940.0
696.06 23940.0
696.17 23940.0
696.27 25228.0
696.37 25228.0
696.47 25228.0
696.57 25228.0
696.67 25228.0
696.77 25228.0
696.87 25228.0
696.97 25228.0
697.07 25228.0
697.17 25228.0
# avarage throughput = 197047.56byte/s (1.50Mbps)