20
40
60
80
100
120
140
160
180
200
220
240
260
280
300
316
333
350
366
383
400
420
440
460
480
500
520
540
559
580
600
620
640
659
679
700
716
733
750
766
783
800
820
840
860
880
900
920
940
960
980
1000
1001
1002
1003
1004
1005
1006
1008
1009
1010
1011
1012
1013
1015
1016
1017
1018
1019
1020
1022
1023
1024
1025
1026
1027
1029
1030
1031
1032
1033
1034
1036
1037
1038
1039
1040
1041
1043
1044
1045
1046
1047
1048
1050
1051
1052
1053
1054
1055
1056
1058
1059
1060
1061
1062
1063
1065
1066
1067
1068
1069
1070
1072
1073
1074
1075
1076
1077
1079
1080
1081
1082
1083
1084
1086
1087
1088
1089
1090
1091
1093
1094
1095
1096
1097
1098
1100
1101
1102
1103
1104
1105
1107
1108
1109
1110
1111
1112
1114
1115
1116
1117
1118
1120
1121
1122
1123
1124
1125
1127
1128
1129
1130
1131
1132
1134
1135
1136
1137
1138
1140
1141
1142
1143
1144
1145
1147
1148
1149
1150
1151
1152
1154
1155
1156
1157
1158
1160
1161
1162
1163
1164
1165
1167
1168
1169
1170
1171
1172
1174
1175
1176
1177
1178
1180
1181
1182
1183
1184
1185
1187
1188
1189
1190
1191
1192
1194
1195
1196
1197
1198
1200
1201
1202
1203
1204
1205
1206
1208
1209
1210
1211
1212
1213
1215
1216
1217
1218
1219
1220
1222
1223
1224
1225
1226
1227
1229
1230
1231
1232
1233
1234
1236
1237
1238
1239
1240
1241
1243
1244
1245
1246
1247
1248
1250
1251
1252
1253
1254
1255
1256
1258
1259
1260
1261
1262
1263
1265
1266
1267
1268
1269
1270
1272
1273
1274
1275
1276
1277
1279
1280
1281
1282
1283
1284
1286
1287
1288
1289
1290
1291
1293
1294
1295
1296
1297
1298
1300
1301
1302
1303
1304
1305
1306
1308
1309
1310
1311
1312
1313
1315
1316
1317
1318
1319
1320
1322
1323
1324
1325
1326
1327
1329
1330
1331
1332
1333
1334
1336
1337
1338
1339
1340
1341
1343
1344
1345
1346
1347
1348
1350
1351
1352
1353
1354
1355
1356
1358
1359
1360
1361
1362
1363
1365
1366
1367
1368
1369
1370
1372
1373
1374
1375
1376
1377
1379
1380
1381
1382
1383
1384
1386
1387
1388
1389
1390
1391
1393
1394
1395
1396
1397
1398
1400
1401
1402
1403
1404
1405
1407
1408
1409
1410
1411
1412
1414
1415
1416
1417
1418
1420
1421
1422
1423
1424
1425
1427
1428
1429
1430
1431
1432
1434
1435
1436
1437
1438
1440
1441
1442
1443
1444
1445
1447
1448
1449
1450
1451
1452
1454
1455
1456
1457
1458
1460
1461
1462
1463
1464
1465
1467
1468
1469
1470
1471
1472
1474
1475
1476
1477
1478
1480
1481
1482
1483
1484
1485
1487
1488
1489
1490
1491
1492
1494
1495
1496
1497
1498
1500
1501
1502
1503
1504
1505
1506
1508
1509
1510
1511
1512
1513
1515
1516
1517
1518
1519
1520
1522
1523
1524
1525
1526
1527
1529
1530
1531
1532
1533
1534
1536
1537
1538
1539
1540
1541
1543
1544
1545
1546
1547
1548
1550
1551
1552
1553
1554
1555
1556
1558
1559
1560
1561
1562
1563
1565
1566
1567
1568
1569
1570
1572
1573
1574
1575
1576
1577
1579
1580
1581
1582
1583
1584
1586
1587
1588
1589
1590
1591
1593
1594
1595
1596
1597
1598
1600
1601
1602
1603
1604
1605
1606
1608
1609
1610
1611
1612
1613
1615
1616
1617
1618
1619
1620
1622
1623
1624
1625
1626
1627
1629
1630
1631
1632
1633
1634
1636
1637
1638
1639
1640
1641
1643
1644
1645
1646
1647
1648
1650
1651
1652
1653
1654
1655
1656
1658
1659
1660
1661
1662
1663
1665
1666
1667
1668
1669
1670
1672
1673
1674
1675
1676
1677
1679
1680
1681
1682
1683
1684
1686
1687
1688
1689
1690
1691
1693
1694
1695
1696
1697
1698
1700
1701
1702
1703
1704
1705
1707
1708
1709
1710
1711
1712
1714
1715
1716
1717
1718
1720
1721
1722
1723
1724
1725
1727
1728
1729
1730
1731
1732
1734
1735
1736
1737
1738
1740
1741
1742
1743
1744
1745
1747
1748
1749
1750
1751
1752
1754
1755
1756
1757
1758
1760
1761
1762
1763
1764
1765
1767
1768
1769
1770
1771
1772
1774
1775
1776
1777
1778
1780
1781
1782
1783
1784
1785
1787
1788
1789
1790
1791
1792
1794
1795
1796
1797
1798
1800
1801
1802
1803
1804
1805
1806
1808
1809
1810
1811
1812
1813
1815
1816
1817
1818
1819
1820
1822
1823
1824
1825
1826
1827
1829
1830
1831
1832
1833
1834
1836
1837
1838
1839
1840
1841
1843
1844
1845
1846
1847
1848
1850
1851
1852
1853
1854
1855
1856
1858
1859
1860
1861
1862
1863
1865
1866
1867
1868
1869
1870
1872
1873
1874
1875
1876
1877
1879
1880
1881
1882
1883
1884
1886
1887
1888
1889
1890
1891
1893
1894
1895
1896
1897
1898
1900
1901
1902
1903
1904
1905
1906
1908
1909
1910
1911
1912
1913
1915
1916
1917
1918
1919
1920
1922
1923
1924
1925
1926
1927
1929
1930
1931
1932
1933
1934
1936
1937
1938
1939
1940
1941
1943
1944
1945
1946
1947
1948
1950
1951
1952
1953
1954
1955
1956
1958
1959
1960
1961
1962
1963
1965
1966
1967
1968
1969
1970
1972
1973
1974
1975
1976
1977
1979
1980
1981
1982
1983
1984
1986
1987
1988
1989
1990
1991
1993
1994
1995
1996
1997
1998
2000
2002
2004
2006
2008
2010
2013
2015
2017
2019
2021
2023
2026
2028
2030
2032
2034
2036
2039
2041
2043
2045
2047
2050
2052
2054
2056
2058
2060
2063
2065
2067
2069
2071
2073
2076
2078
2080
2082
2084
2086
2089
2091
2093
2095
2097
2100
2102
2104
2106
2108
2110
2112
2114
2117
2119
2121
2123
2125
2127
2129
2131
2134
2136
2138
2140
2142
2144
2146
2148
2151
2153
2155
2157
2159
2161
2163
2165
2168
2170
2172
2174
2176
2178
2180
2182
2185
2187
2189
2191
2193
2195
2197
2200
2202
2204
2206
2208
2210
2213
2215
2217
2219
2221
2223
2226
2228
2230
2232
2234
2236
2239
2241
2243
2245
2247
2250
2252
2254
2256
2258
2260
2263
2265
2267
2269
2271
2273
2276
2278
2280
2282
2284
2286
2289
2291
2293
2295
2297
2300
2302
2304
2306
2308
2310
2313
2315
2317
2319
2321
2323
2326
2328
2330
2332
2334
2336
2339
2341
2343
2345
2347
2349
2352
2354
2356
2358
2360
2363
2365
2367
2369
2371
2373
2376
2378
2380
2382
2384
2386
2389
2391
2393
2395
2397
2400
2402
2404
2406
2408
2410
2412
2414
2417
2419
2421
2423
2425
2427
2429
2431
2434
2436
2438
2440
2442
2444
2446
2448
2451
2453
2455
2457
2459
2461
2463
2465
2468
2470
2472
2474
2476
2478
2480
2482
2485
2487
2489
2491
2493
2495
2497
2500
2502
2504
2506
2508
2510
2513
2515
2517
2519
2521
2523
2526
2528
2530
2532
2534
2536
2539
2541
2543
2545
2547
2550
2552
2554
2556
2558
2560
2563
2565
2567
2569
2571
2573
2576
2578
2580
2582
2584
2586
2589
2591
2593
2595
2597
2600
2602
2604
2606
2608
2610
2613
2615
2617
2619
2621
2623
2626
2628
2630
2632
2634
2636
2639
2641
2643
2645
2647
2650
2652
2654
2656
2658
2660
2663
2665
2667
2669
2671
2673
2676
2678
2680
2682
2684
2686
2689
2691
2693
2695
2697
2700
2702
2704
2706
2708
2710
2712
2714
2717
2719
2721
2723
2725
2727
2729
2731
2734
2736
2738
2740
2742
2744
2746
2748
2751
2753
2755
2757
2759
2761
2763
2765
2768
2770
2772
2774
2776
2778
2780
2782
2785
2787
2789
2791
2793
2795
2797
2800
2802
2804
2806
2808
2810
2813
2815
2817
2819
2821
2823
2826
2828
2830
2832
2834
2836
2839
2841
2843
2845
2847
2849
2852
2854
2856
2858
2860
2863
2865
2867
2869
2871
2873
2876
2878
2880
2882
2884
2886
2889
2891
2893
2895
2897
2900
2902
2904
2906
2908
2910
2913
2915
2917
2919
2921
2923
2926
2928
2930
2932
2934
2936
2939
2941
2943
2945
2947
2949
2952
2954
2956
2958
2960
2963
2965
2967
2969
2971
2973
2976
2978
2980
2982
2984
2986
2989
2991
2993
2995
2997
3000
3002
3004
3006
3008
3010
3012
3014
3017
3019
3021
3023
3025
3027
3029
3031
3034
3036
3038
3040
3042
3044
3046
3048
3051
3053
3055
3057
3059
3061
3063
3065
3068
3070
3072
3074
3076
3078
3080
3082
3085
3087
3089
3091
3093
3095
3097
3100
3102
3104
3106
3108
3110
3113
3115
3117
3119
3121
3123
3126
3128
3130
3132
3134
3136
3139
3141
3143
3145
3147
3150
3152
3154
3156
3158
3160
3163
3165
3167
3169
3171
3173
3176
3178
3180
3182
3184
3186
3189
3191
3193
3195
3197
3200
3202
3204
3206
3208
3210
3212
3214
3217
3219
3221
3223
3225
3227
3229
3231
3234
3236
3238
3240
3242
3244
3246
3248
3251
3253
3255
3257
3259
3261
3263
3265
3268
3270
3272
3274
3276
3278
3280
3282
3285
3287
3289
3291
3293
3295
3297
3300
3302
3304
3306
3308
3310
3313
3315
3317
3319
3321
3323
3326
3328
3330
3332
3334
3336
3339
3341
3343
3345
3347
3349
3352
3354
3356
3358
3360
3363
3365
3367
3369
3371
3373
3376
3378
3380
3382
3384
3386
3389
3391
3393
3395
3397
3400
3402
3404
3406
3408
3410
3412
3414
3417
3419
3421
3423
3425
3427
3429
3431
3434
3436
3438
3440
3442
3444
3446
3448
3451
3453
3455
3457
3459
3461
3463
3465
3468
3470
3472
3474
3476
3478
3480
3482
3485
3487
3489
3491
3493
3495
3497
3500
3502
3504
3506
3508
3510
3513
3515
3517
3519
3521
3523
3526
3528
3530
3532
3534
3536
3539
3541
3543
3545
3547
3550
3552
3554
3556
3558
3560
3563
3565
3567
3569
3571
3573
3576
3578
3580
3582
3584
3586
3589
3591
3593
3595
3597
3600
3602
3604
3606
3608
3610
3612
3614
3617
3619
3621
3623
3625
3627
3629
3631
3634
3636
3638
3640
3642
3644
3646
3648
3651
3653
3655
3657
3659
3661
3663
3665
3668
3670
3672
3674
3676
3678
3680
3682
3685
3687
3689
3691
3693
3695
3697
3700
3702
3704
3706
3708
3710
3713
3715
3717
3719
3721
3723
3726
3728
3730
3732
3734
3736
3739
3741
3743
3745
3747
3750
3752
3754
3756
3758
3760
3763
3765
3767
3769
3771
3773
3776
3778
3780
3782
3784
3786
3789
3791
3793
3795
3797
3800
3802
3804
3806
3808
3810
3812
3814
3817
3819
3821
3823
3825
3827
3829
3831
3834
3836
3838
3840
3842
3844
3846
3848
3851
3853
3855
3857
3859
3861
3863
3865
3868
3870
3872
3874
3876
3878
3880
3882
3885
3887
3889
3891
3893
3895
3897
3900
3902
3904
3906
3908
3910
3913
3915
3917
3919
3921
3923
3926
3928
3930
3932
3934
3936
3939
3941
3943
3945
3947
3949
3952
3954
3956
3958
3960
3963
3965
3967
3969
3971
3973
3976
3978
3980
3982
3984
3986
3989
3991
3993
3995
3997
4000
4003
4006
4010
4013
4016
4019
4023
4026
4030
4033
4036
4040
4043
4046
4050
4053
4056
4059
4063
4066
4069
4073
4076
4080
4083
4086
4090
4093
4096
4100
4103
4106
4110
4113
4117
4120
4124
4127
4131
4134
4137
4141
4144
4148
4151
4155
4158
4162
4165
4168
4172
4175
4179
4182
4186
4189
4193
4196
4200
4203
4206
4210
4213
4216
4220
4223
4226
4230
4233
4236
4240
4243
4246
4250
4253
4256
4260
4263
4266
4270
4273
4276
4280
4283
4286
4290
4293
4296
4300
4303
4306
4310
4313
4317
4320
4324
4327
4331
4334
4337
4341
4344
4348
4351
4355
4358
4362
4365
4368
4372
4375
4379
4382
4386
4389
4393
4396
4400
4403
4406
4410
4413
4416
4420
4423
4426
4430
4433
4436
4440
4443
4446
4450
4453
4456
4460
4463
4466
4470
4473
4476
4480
4483
4486
4490
4493
4496
4500
4503
4506
4510
4513
4516
4520
4523
4526
4530
4533
4536
4540
4543
4546
4550
4553
4556
4560
4563
4566
4569
4573
4576
4580
4583
4586
4590
4593
4596
4600
4603
4606
4610
4613
4617
4620
4624
4627
4631
4634
4637
4641
4644
4648
4651
4655
4658
4662
4665
4668
4672
4675
4679
4682
4686
4689
4693
4696
4700
4703
4706
4710
4713
4716
4720
4723
4726
4730
4733
4736
4740
4743
4746
4750
4753
4756
4760
4763
4766
4770
4773
4776
4780
4783
4786
4790
4793
4796
4800
4803
4806
4810
4813
4817
4820
4824
4827
4831
4834
4837
4841
4844
4848
4851
4855
4858
4862
4865
4868
4872
4875
4879
4882
4886
4889
4893
4896
4900
4903
4906
4910
4913
4916
4920
4923
4926
4930
4933
4936
4940
4943
4946
4950
4953
4956
4960
4963
4966
4970
4973
4976
4980
4983
4986
4990
4993
4996
5000
5004
5008
5012
5016
5020
5025
5029
5033
5037
5041
5045
5050
5054
5058
5062
5066
5070
5074
5079
5083
5087
5091
5095
5100
5104
5108
5113
5117
5121
5126
5130
5134
5139
5143
5147
5152
5156
5160
5165
5169
5173
5178
5182
5186
5191
5195
5200
5204
5208
5212
5216
5220
5225
5229
5233
5237
5241
5245
5250
5254
5258
5262
5266
5270
5275
5279
5283
5287
5291
5295
5300
5304
5308
5312
5316
5320
5325
5329
5333
5337
5341
5345
5350
5354
5358
5362
5366
5370
5375
5379
5383
5387
5391
5395
5400
5404
5408
5412
5416
5420
5425
5429
5433
5437
5441
5445
5450
5454
5458
5462
5466
5470
5475
5479
5483
5487
5491
5495
5500
5504
5508
5513
5517
5521
5526
5530
5534
5539
5543
5547
5552
5556
5560
5565
5569
5573
5578
5582
5586
5591
5595
5600
5604
5608
5612
5616
5620
5625
5629
5633
5637
5641
5645
5650
5654
5658
5662
5666
5670
5675
5679
5683
5687
5691
5695
5700
5704
5708
5712
5716
5720
5725
5729
5733
5737
5741
5745
5750
5754
5758
5762
5766
5770
5775
5779
5783
5787
5791
5795
5800
5804
5808
5812
5816
5820
5825
5829
5833
5837
5841
5845
5850
5854
5858
5862
5866
5870
5875
5879
5883
5887
5891
5895
5900
5904
5908
5913
5917
5921
5926
5930
5934
5939
5943
5947
5952
5956
5960
5965
5969
5973
5978
5982
5986
5991
5995
6000
6003
6007
6011
6014
6018
6022
6025
6029
6033
6037
6040
6044
6048
6051
6055
6059
6062
6066
6070
6074
6077
6081
6085
6088
6092
6096
6100
6103
6107
6111
6114
6118
6122
6125
6129
6133
6137
6140
6144
6148
6151
6155
6159
6162
6166
6170
6174
6177
6181
6185
6188
6192
6196
6200
6203
6207
6211
6214
6218
6222
6225
6229
6233
6237
6240
6244
6248
6251
6255
6259
6262
6266
6270
6274
6277
6281
6285
6288
6292
6296
6300
6303
6307
6311
6314
6318
6322
6325
6329
6333
6337
6340
6344
6348
6351
6355
6359
6362
6366
6370
6374
6377
6381
6385
6388
6392
6396
6400
6403
6407
6411
6414
6418
6422
6425
6429
6433
6437
6440
6444
6448
6451
6455
6459
6462
6466
6470
6474
6477
6481
6485
6488
6492
6496
6500
6503
6507
6511
6514
6518
6522
6525
6529
6533
6537
6540
6544
6548
6551
6555
6559
6562
6566
6570
6574
6577
6581
6585
6588
6592
6596
6600
6603
6607
6611
6614
6618
6622
6625
6629
6633
6637
6640
6644
6648
6651
6655
6659
6662
6666
6670
6674
6677
6681
6685
6688
6692
6696
6700
6703
6707
6711
6714
6718
6722
6725
6729
6733
6737
6740
6744
6748
6751
6755
6759
6762
6766
6770
6774
6777
6781
6785
6788
6792
6796
6800
6803
6807
6811
6815
6819
6823
6826
6830
6834
6838
6842
6846
6850
6853
6857
6861
6865
6869
6873
6876
6880
6884
6888
6892
6896
6900
6903
6907
6911
6914
6918
6922
6925
6929
6933
6937
6940
6944
6948
6951
6955
6959
6962
6966
6970
6974
6977
6981
6985
6988
6992
6996
7000
7003
7007
7011
7015
7019
7023
7026
7030
7034
7038
7042
7046
7050
7053
7057
7061
7065
7069
7073
7076
7080
7084
7088
7092
7096
7100
7103
7107
7111
7115
7119
7123
7126
7130
7134
7138
7142
7146
7150
7153
7157
7161
7165
7169
7173
7176
7180
7184
7188
7192
7196
7200
7203
7207
7211
7215
7219
7223
7226
7230
7234
7238
7242
7246
7250
7253
7257
7261
7265
7269
7273
7276
7280
7284
7288
7292
7296
7300
7303
7307
7311
7315
7319
7323
7326
7330
7334
7338
7342
7346
7350
7353
7357
7361
7365
7369
7373
7376
7380
7384
7388
7392
7396
7400
7403
7407
7411
7415
7419
7423
7426
7430
7434
7438
7442
7446
7450
7453
7457
7461
7465
7469
7473
7476
7480
7484
7488
7492
7496
7500
7503
7507
7511
7515
7519
7523
7526
7530
7534
7538
7542
7546
7550
7553
7557
7561
7565
7569
7573
7576
7580
7584
7588
7592
7596
7600
7604
7608
7612
7616
7620
7624
7628
7632
7636
7640
7644
7648
7652
7656
7660
7664
7668
7672
7676
7680
7684
7688
7692
7696
7700
7703
7707
7711
7715
7719
7723
7726
7730
7734
7738
7742
7746
7750
7753
7757
7761
7765
7769
7773
7776
7780
7784
7788
7792
7796
7800
7803
7807
7811
7815
7819
7823
7826
7830
7834
7838
7842
7846
7850
7853
7857
7861
7865
7869
7873
7876
7880
7884
7888
7892
7896
7900
7903
7907
7911
7915
7919
7923
7926
7930
7934
7938
7942
7946
7950
7953
7957
7961
7965
7969
7973
7976
7980
7984
7988
7992
7996
8000
8003
8006
8009
8012
8015
8018
8021
8025
8028
8031
8034
8037
8040
8043
8046
8050
8053
8056
8059
8062
8065
8068
8071
8074
8078
8081
8084
8087
8090
8093
8096
8100
8103
8106
8109
8112
8115
8118
8121
8125
8128
8131
8134
8137
8140
8143
8146
8149
8153
8156
8159
8162
8165
8168
8171
8174
8178
8181
8184
8187
8190
8193
8196
8200
8203
8206
8209
8212
8215
8218
8221
8224
8227
8230
8233
8236
8239
8242
8245
8248
8251
8254
8257
8260
8263
8266
8269
8272
8275
8278
8281
8284
8287
8290
8293
8296
8300
8303
8306
8309
8312
8315
8318
8321
8325
8328
8331
8334
8337
8340
8343
8346
8350
8353
8356
8359
8362
8365
8368
8371
8375
8378
8381
8384
8387
8390
8393
8396
8400
8403
8406
8409
8412
8415
8418
8421
8425
8428
8431
8434
8437
8440
8443
8446
8450
8453
8456
8459
8462
8465
8468
8471
8475
8478
8481
8484
8487
8490
8493
8496
8500
8503
8506
8509
8512
8515
8518
8521
8525
8528
8531
8534
8537
8540
8543
8546
8550
8553
8556
8559
8562
8565
8568
8571
8575
8578
8581
8584
8587
8590
8593
8596
8600
8603
8606
8609
8612
8615
8618
8621
8625
8628
8631
8634
8637
8640
8643
8646
8649
8653
8656
8659
8662
8665
8668
8671
8674
8678
8681
8684
8687
8690
8693
8696
8700
8703
8706
8709
8712
8715
8718
8721
8725
8728
8731
8734
8737
8740
8743
8746
8750
8753
8756
8759
8762
8765
8768
8771
8775
8778
8781
8784
8787
8790
8793
8796
8800
8803
8806
8809
8812
8815
8818
8821
8825
8828
8831
8834
8837
8840
8843
8846
8850
8853
8856
8859
8862
8865
8868
8871
8875
8878
8881
8884
8887
8890
8893
8896
8900
8903
8906
8909
8912
8915
8918
8921
8924
8927
8930
8933
8936
8939
8942
8945
8948
8951
8954
8957
8960
8963
8966
8969
8972
8975
8978
8981
8984
8987
8990
8993
8996
9000
9002
9005
9007
9010
9012
9015
9017
9020
9023
9025
9028
9030
9033
9035
9038
9041
9043
9046
9048
9051
9053
9056
9058
9061
9064
9066
9069
9071
9074
9076
9079
9082
9084
9087
9089
9092
9094
9097
9100
9102
9105
9107
9110
9112
9115
9117
9120
9123
9125
9128
9130
9133
9135
9138
9141
9143
9146
9148
9151
9153
9156
9158
9161
9164
9166
9169
9171
9174
9176
9179
9182
9184
9187
9189
9192
9194
9197
9200
9202
9205
9207
9209
9212
9215
9217
9219
9222
9225
9227
9230
9232
9235
9237
9240
9242
9245
9247
9250
9252
9255
9257
9260
9262
9265
9267
9270
9272
9275
9277
9280
9282
9285
9287
9290
9292
9295
9297
9300
9302
9305
9307
9310
9312
9315
9317
9320
9323
9325
9328
9330
9333
9335
9338
9341
9343
9346
9348
9351
9353
9356
9358
9361
9364
9366
9369
9371
9374
9376
9379
9382
9384
9387
9389
9392
9394
9397
9400
9402
9405
9407
9410
9412
9415
9417
9420
9422
9425
9427
9430
9432
9435
9437
9440
9442
9445
9447
9450
9452
9455
9457
9460
9462
9465
9467
9470
9472
9475
9477
9480
9482
9485
9487
9490
9492
9495
9497
9500
9502
9505
9507
9510
9512
9515
9517
9520
9523
9525
9528
9530
9533
9535
9538
9541
9543
9546
9548
9551
9553
9556
9558
9561
9564
9566
9569
9571
9574
9576
9579
9582
9584
9587
9589
9592
9594
9597
9600
9602
9605
9607
9610
9612
9615
9617
9620
9623
9625
9628
9630
9633
9635
9638
9641
9643
9646
9648
9651
9653
9656
9658
9661
9664
9666
9669
9671
9674
9676
9679
9682
9684
9687
9689
9692
9694
9697
9700
9702
9705
9707
9709
9712
9715
9717
9719
9722
9725
9727
9730
9732
9735
9737
9740
9742
9745
9747
9750
9752
9755
9757
9760
9762
9765
9767
9770
9772
9775
9777
9780
9782
9785
9787
9790
9792
9795
9797
9800
9802
9805
9807
9810
9812
9815
9817
9820
9823
9825
9828
9830
9833
9835
9838
9841
9843
9846
9848
9851
9853
9856
9858
9861
9864
9866
9869
9871
9874
9876
9879
9882
9884
9887
9889
9892
9894
9897
9900
9902
9905
9907
9910
9912
9915
9917
9920
9922
9925
9927
9930
9932
9935
9937
9940
9942
9945
9947
9950
9952
9955
9957
9960
9962
9965
9967
9970
9972
9975
9977
9980
9982
9985
9987
9990
9992
9995
9997
10000
10002
10005
10007
10010
10013
10015
10018
10021
10023
10026
10028
10031
10034
10036
10039
10042
10044
10047
10050
10052
10055
10057
10060
10063
10065
10068
10071
10073
10076
10078
10081
10084
10086
10089
10092
10094
10097
10100
10102
10105
10107
10110
10113
10115
10118
10121
10123
10126
10128
10131
10134
10136
10139
10142
10144
10147
10149
10152
10155
10157
10160
10163
10165
10168
10171
10173
10176
10178
10181
10184
10186
10189
10192
10194
10197
10200
10202
10205
10207
10210
10213
10215
10218
10221
10223
10226
10228
10231
10234
10236
10239
10242
10244
10247
10250
10252
10255
10257
10260
10263
10265
10268
10271
10273
10276
10278
10281
10284
10286
10289
10292
10294
10297
10300
10302
10305
10307
10310
10313
10315
10318
10321
10323
10326
10328
10331
10334
10336
10339
10342
10344
10347
10350
10352
10355
10357
10360
10363
10365
10368
10371
10373
10376
10378
10381
10384
10386
10389
10392
10394
10397
10400
10402
10405
10407
10410
10413
10415
10418
10421
10423
10426
10428
10431
10434
10436
10439
10442
10444
10447
10450
10452
10455
10457
10460
10463
10465
10468
10471
10473
10476
10478
10481
10484
10486
10489
10492
10494
10497
10500
10502
10505
10507
10510
10512
10515
10517
10520
10523
10525
10528
10530
10533
10535
10538
10541
10543
10546
10548
10551
10553
10556
10558
10561
10564
10566
10569
10571
10574
10576
10579
10582
10584
10587
10589
10592
10594
10597
10600
10602
10605
10607
10610
10613
10615
10618
10621
10623
10626
10628
10631
10634
10636
10639
10642
10644
10647
10649
10652
10655
10657
10660
10663
10665
10668
10671
10673
10676
10678
10681
10684
10686
10689
10692
10694
10697
10700
10702
10705
10707
10710
10713
10715
10718
10721
10723
10726
10728
10731
10734
10736
10739
10742
10744
10747
10750
10752
10755
10757
10760
10763
10765
10768
10771
10773
10776
10778
10781
10784
10786
10789
10792
10794
10797
10800
10802
10805
10807
10810
10813
10815
10818
10821
10823
10826
10828
10831
10834
10836
10839
10842
10844
10847
10850
10852
10855
10857
10860
10863
10865
10868
10871
10873
10876
10878
10881
10884
10886
10889
10892
10894
10897
10900
10902
10905
10907
10910
10913
10915
10918
10921
10923
10926
10928
10931
10934
10936
10939
10942
10944
10947
10950
10952
10955
10957
10960
10963
10965
10968
10971
10973
10976
10978
10981
10984
10986
10989
10992
10994
10997
11000
11009
11018
11027
11036
11045
11054
11063
11072
11081
11090
11100
11110
11120
11129
11139
11149
11160
11170
11180
11190
11200
11209
11219
11230
11240
11250
11260
11270
11280
11290
11300
11309
11318
11327
11336
11345
11354
11363
11372
11381
11390
11400
11410
11420
11430
11440
11450
11460
11470
11480
11490
11500
11509
11518
11527
11536
11545
11554
11563
11572
11581
11590
11600
11610
11620
11629
11639
11649
11660
11670
11680
11690
11700
11709
11718
11727
11736
11745
11754
11763
11772
11781
11790
11800
11810
11820
11830
11840
11850
11860
11870
11880
11890
11900
11909
11918
11927
11936
11945
11954
11963
11972
11981
11990
12000
12001
12002
12003
12005
12006
12007
12008
12010
12011
12012
12013
12015
12016
12017
12018
12020
12021
12022
12024
12025
12026
12027
12029
12030
12031
12032
12034
12035
12036
12037
12039
12040
12041
12043
12044
12045
12046
12048
12049
12050
12051
12053
12054
12055
12056
12058
12059
12060
12062
12063
12064
12065
12067
12068
12069
12070
12072
12073
12074
12075
12077
12078
12079
12081
12082
12083
12084
12086
12087
12088
12089
12091
12092
12093
12094
12096
12097
12098
12100
12101
12102
12103
12105
12106
12107
12108
12110
12111
12112
12113
12115
12116
12117
12118
12120
12121
12122
12124
12125
12126
12127
12129
12130
12131
12132
12134
12135
12136
12137
12139
12140
12141
12143
12144
12145
12146
12148
12149
12150
12151
12153
12154
12155
12156
12158
12159
12160
12162
12163
12164
12165
12167
12168
12169
12170
12172
12173
12174
12175
12177
12178
12179
12181
12182
12183
12184
12186
12187
12188
12189
12191
12192
12193
12194
12196
12197
12198
12200
12201
12202
12203
12205
12206
12207
12208
12210
12211
12212
12213
12215
12216
12217
12218
12220
12221
12222
12224
12225
12226
12227
12229
12230
12231
12232
12234
12235
12236
12237
12239
12240
12241
12243
12244
12245
12246
12248
12249
12250
12251
12253
12254
12255
12256
12258
12259
12260
12262
12263
12264
12265
12267
12268
12269
12270
12272
12273
12274
12275
12277
12278
12279
12281
12282
12283
12284
12286
12287
12288
12289
12291
12292
12293
12294
12296
12297
12298
12300
12301
12302
12303
12305
12306
12307
12308
12310
12311
12312
12313
12315
12316
12317
12318
12320
12321
12322
12324
12325
12326
12327
12329
12330
12331
12332
12334
12335
12336
12337
12339
12340
12341
12343
12344
12345
12346
12348
12349
12350
12351
12353
12354
12355
12356
12358
12359
12360
12362
12363
12364
12365
12367
12368
12369
12370
12372
12373
12374
12375
12377
12378
12379
12381
12382
12383
12384
12386
12387
12388
12389
12391
12392
12393
12394
12396
12397
12398
12400
12401
12402
12403
12405
12406
12407
12408
12410
12411
12412
12413
12415
12416
12417
12418
12420
12421
12422
12424
12425
12426
12427
12429
12430
12431
12432
12434
12435
12436
12437
12439
12440
12441
12443
12444
12445
12446
12448
12449
12450
12451
12453
12454
12455
12456
12458
12459
12460
12462
12463
12464
12465
12467
12468
12469
12470
12472
12473
12474
12475
12477
12478
12479
12481
12482
12483
12484
12486
12487
12488
12489
12491
12492
12493
12494
12496
12497
12498
12500
12501
12502
12503
12505
12506
12507
12508
12510
12511
12512
12513
12515
12516
12517
12518
12520
12521
12522
12524
12525
12526
12527
12529
12530
12531
12532
12534
12535
12536
12537
12539
12540
12541
12543
12544
12545
12546
12548
12549
12550
12551
12553
12554
12555
12556
12558
12559
12560
12562
12563
12564
12565
12567
12568
12569
12570
12572
12573
12574
12575
12577
12578
12579
12581
12582
12583
12584
12586
12587
12588
12589
12591
12592
12593
12594
12596
12597
12598
12600
12601
12602
12603
12605
12606
12607
12608
12610
12611
12612
12614
12615
12616
12617
12619
12620
12621
12623
12624
12625
12626
12628
12629
12630
12632
12633
12634
12635
12637
12638
12639
12641
12642
12643
12644
12646
12647
12648
12649
12651
12652
12653
12655
12656
12657
12658
12660
12661
12662
12664
12665
12666
12667
12669
12670
12671
12673
12674
12675
12676
12678
12679
12680
12682
12683
12684
12685
12687
12688
12689
12691
12692
12693
12694
12696
12697
12698
12700
12701
12702
12703
12705
12706
12707
12708
12710
12711
12712
12713
12715
12716
12717
12718
12720
12721
12722
12724
12725
12726
12727
12729
12730
12731
12732
12734
12735
12736
12737
12739
12740
12741
12743
12744
12745
12746
12748
12749
12750
12751
12753
12754
12755
12756
12758
12759
12760
12762
12763
12764
12765
12767
12768
12769
12770
12772
12773
12774
12775
12777
12778
12779
12781
12782
12783
12784
12786
12787
12788
12789
12791
12792
12793
12794
12796
12797
12798
12800
12801
12802
12803
12805
12806
12807
12808
12810
12811
12812
12813
12815
12816
12817
12818
12820
12821
12822
12824
12825
12826
12827
12829
12830
12831
12832
12834
12835
12836
12837
12839
12840
12841
12843
12844
12845
12846
12848
12849
12850
12851
12853
12854
12855
12856
12858
12859
12860
12862
12863
12864
12865
12867
12868
12869
12870
12872
12873
12874
12875
12877
12878
12879
12881
12882
12883
12884
12886
12887
12888
12889
12891
12892
12893
12894
12896
12897
12898
12900
12901
12902
12903
12905
12906
12907
12908
12910
12911
12912
12913
12915
12916
12917
12918
12920
12921
12922
12924
12925
12926
12927
12929
12930
12931
12932
12934
12935
12936
12937
12939
12940
12941
12943
12944
12945
12946
12948
12949
12950
12951
12953
12954
12955
12956
12958
12959
12960
12962
12963
12964
12965
12967
12968
12969
12970
12972
12973
12974
12975
12977
12978
12979
12981
12982
12983
12984
12986
12987
12988
12989
12991
12992
12993
12994
12996
12997
12998
13000
13002
13004
13006
13009
13011
13013
13016
13018
13020
13023
13025
13027
13030
13032
13034
13037
13039
13041
13044
13046
13048
13051
13053
13055
13058
13060
13062
13065
13067
13069
13072
13074
13076
13079
13081
13083
13086
13088
13090
13093
13095
13097
13100
13102
13104
13107
13109
13111
13114
13116
13119
13121
13123
13126
13128
13130
13133
13135
13138
13140
13142
13145
13147
13149
13152
13154
13157
13159
13161
13164
13166
13169
13171
13173
13176
13178
13180
13183
13185
13188
13190
13192
13195
13197
13200
13202
13204
13207
13209
13211
13214
13216
13219
13221
13223
13226
13228
13230
13233
13235
13238
13240
13242
13245
13247
13250
13252
13254
13257
13259
13261
13264
13266
13269
13271
13273
13276
13278
13280
13283
13285
13288
13290
13292
13295
13297
13300
13302
13304
13306
13309
13311
13313
13316
13318
13320
13323
13325
13327
13330
13332
13334
13337
13339
13341
13344
13346
13348
13351
13353
13355
13358
13360
13362
13365
13367
13369
13372
13374
13376
13379
13381
13383
13386
13388
13390
13393
13395
13397
13400
13402
13404
13407
13409
13411
13414
13416
13419
13421
13423
13426
13428
13430
13433
13435
13438
13440
13442
13445
13447
13450
13452
13454
13457
13459
13461
13464
13466
13469
13471
13473
13476
13478
13480
13483
13485
13488
13490
13492
13495
13497
13500
13502
13504
13507
13509
13511
13514
13516
13519
13521
13523
13526
13528
13530
13533
13535
13538
13540
13542
13545
13547
13550
13552
13554
13557
13559
13561
13564
13566
13569
13571
13573
13576
13578
13580
13583
13585
13588
13590
13592
13595
13597
13600
13602
13604
13606
13609
13611
13613
13616
13618
13620
13623
13625
13627
13630
13632
13634
13637
13639
13641
13644
13646
13648
13651
13653
13655
13658
13660
13662
13665
13667
13669
13672
13674
13676
13679
13681
13683
13686
13688
13690
13693
13695
13697
13700
13702
13704
13707
13709
13711
13714
13716
13719
13721
13723
13726
13728
13730
13733
13735
13738
13740
13742
13745
13747
13750
13752
13754
13757
13759
13761
13764
13766
13769
13771
13773
13776
13778
13780
13783
13785
13788
13790
13792
13795
13797
13800
13802
13804
13807
13809
13811
13814
13816
13819
13821
13823
13826
13828
13830
13833
13835
13838
13840
13842
13845
13847
13850
13852
13854
13857
13859
13861
13864
13866
13869
13871
13873
13876
13878
13880
13883
13885
13888
13890
13892
13895
13897
13900
13902
13904
13906
13909
13911
13913
13916
13918
13920
13923
13925
13927
13930
13932
13934
13937
13939
13941
13944
13946
13948
13951
13953
13955
13958
13960
13962
13965
13967
13969
13972
13974
13976
13979
13981
13983
13986
13988
13990
13993
13995
13997
14000
14002
14004
14006
14008
14011
14013
14015
14017
14020
14022
14024
14026
14028
14031
14033
14035
14037
14040
14042
14044
14046
14048
14051
14053
14055
14057
14060
14062
14064
14066
14068
14071
14073
14075
14077
14080
14082
14084
14086
14088
14091
14093
14095
14097
14100
14102
14104
14106
14108
14111
14113
14115
14117
14120
14122
14124
14126
14128
14131
14133
14135
14137
14139
14142
14144
14146
14148
14151
14153
14155
14157
14160
14162
14164
14166
14168
14171
14173
14175
14177
14180
14182
14184
14186
14188
14191
14193
14195
14197
14200
14202
14204
14206
14208
14211
14213
14215
14217
14219
14222
14224
14226
14228
14231
14233
14235
14237
14240
14242
14244
14246
14248
14251
14253
14255
14257
14260
14262
14264
14266
14268
14271
14273
14275
14277
14280
14282
14284
14286
14288
14291
14293
14295
14297
14300
14302
14304
14306
14308
14311
14313
14315
14317
14320
14322
14324
14326
14328
14331
14333
14335
14337
14340
14342
14344
14346
14348
14351
14353
14355
14357
14360
14362
14364
14366
14368
14371
14373
14375
14377
14380
14382
14384
14386
14388
14391
14393
14395
14397
14400
14402
14404
14406
14408
14411
14413
14415
14417
14420
14422
14424
14426
14428
14431
14433
14435
14437
14440
14442
14444
14446
14448
14451
14453
14455
14457
14460
14462
14464
14466
14468
14471
14473
14475
14477
14480
14482
14484
14486
14488
14491
14493
14495
14497
14500
14502
14504
14506
14508
14511
14513
14515
14517
14520
14522
14524
14526
14528
14531
14533
14535
14537
14540
14542
14544
14546
14548
14551
14553
14555
14557
14560
14562
14564
14566
14568
14571
14573
14575
14577
14580
14582
14584
14586
14588
14591
14593
14595
14597
14600
14602
14604
14606
14608
14611
14613
14615
14617
14620
14622
14624
14626
14628
14631
14633
14635
14637
14639
14642
14644
14646
14648
14651
14653
14655
14657
14660
14662
14664
14666
14668
14671
14673
14675
14677
14680
14682
14684
14686
14688
14691
14693
14695
14697
14700
14702
14704
14706
14708
14711
14713
14715
14717
14719
14722
14724
14726
14728
14731
14733
14735
14737
14740
14742
14744
14746
14748
14751
14753
14755
14757
14760
14762
14764
14766
14768
14771
14773
14775
14777
14780
14782
14784
14786
14788
14791
14793
14795
14797
14800
14802
14804
14806
14808
14811
14813
14815
14817
14820
14822
14824
14826
14828
14831
14833
14835
14837
14840
14842
14844
14846
14848
14851
14853
14855
14857
14860
14862
14864
14866
14868
14871
14873
14875
14877
14880
14882
14884
14886
14888
14891
14893
14895
14897
14900
14902
14904
14906
14908
14911
14913
14915
14917
14920
14922
14924
14926
14928
14931
14933
14935
14937
14940
14942
14944
14946
14948
14951
14953
14955
14957
14960
14962
14964
14966
14968
14971
14973
14975
14977
14980
14982
14984
14986
14988
14991
14993
14995
14997
15000
15002
15004
15006
15008
15010
15012
15014
15017
15019
15021
15023
15025
15027
15029
15031
15034
15036
15038
15040
15042
15044
15046
15048
15051
15053
15055
15057
15059
15061
15063
15065
15068
15070
15072
15074
15076
15078
15080
15082
15085
15087
15089
15091
15093
15095
15097
15100
15102
15104
15106
15108
15110
15113
15115
15117
15119
15121
15123
15126
15128
15130
15132
15134
15136
15139
15141
15143
15145
15147
15149
15152
15154
15156
15158
15160
15163
15165
15167
15169
15171
15173
15176
15178
15180
15182
15184
15186
15189
15191
15193
15195
15197
15200
15202
15204
15206
15208
15210
15212
15214
15217
15219
15221
15223
15225
15227
15229
15231
15234
15236
15238
15240
15242
15244
15246
15248
15251
15253
15255
15257
15259
15261
15263
15265
15268
15270
15272
15274
15276
15278
15280
15282
15285
15287
15289
15291
15293
15295
15297
15300
15302
15304
15306
15308
15310
15313
15315
15317
15319
15321
15323
15326
15328
15330
15332
15334
15336
15339
15341
15343
15345
15347
15350
15352
15354
15356
15358
15360
15363
15365
15367
15369
15371
15373
15376
15378
15380
15382
15384
15386
15389
15391
15393
15395
15397
15400
15402
15404
15406
15408
15410
15412
15414
15417
15419
15421
15423
15425
15427
15429
15431
15434
15436
15438
15440
15442
15444
15446
15448
15451
15453
15455
15457
15459
15461
15463
15465
15468
15470
15472
15474
15476
15478
15480
15482
15485
15487
15489
15491
15493
15495
15497
15500
15502
15504
15506
15508
15510
15513
15515
15517
15519
15521
15523
15526
15528
15530
15532
15534
15536
15539
15541
15543
15545
15547
15550
15552
15554
15556
15558
15560
15563
15565
15567
15569
15571
15573
15576
15578
15580
15582
15584
15586
15589
15591
15593
15595
15597
15600
15602
15604
15606
15608
15610
15612
15614
15617
15619
15621
15623
15625
15627
15629
15631
15634
15636
15638
15640
15642
15644
15646
15648
15651
15653
15655
15657
15659
15661
15663
15665
15668
15670
15672
15674
15676
15678
15680
15682
15685
15687
15689
15691
15693
15695
15697
15700
15702
15704
15706
15708
15710
15713
15715
15717
15719
15721
15723
15726
15728
15730
15732
15734
15736
15739
15741
15743
15745
15747
15750
15752
15754
15756
15758
15760
15763
15765
15767
15769
15771
15773
15776
15778
15780
15782
15784
15786
15789
15791
15793
15795
15797
15800
15802
15804
15806
15808
15810
15812
15814
15817
15819
15821
15823
15825
15827
15829
15831
15834
15836
15838
15840
15842
15844
15846
15848
15851
15853
15855
15857
15859
15861
15863
15865
15868
15870
15872
15874
15876
15878
15880
15882
15885
15887
15889
15891
15893
15895
15897
15900
15902
15904
15906
15908
15910
15913
15915
15917
15919
15921
15923
15926
15928
15930
15932
15934
15936
15939
15941
15943
15945
15947
15950
15952
15954
15956
15958
15960
15963
15965
15967
15969
15971
15973
15976
15978
15980
15982
15984
15986
15989
15991
15993
15995
15997
16000
16002
16004
16006
16008
16011
16013
16015
16017
16020
16022
16024
16026
16028
16031
16033
16035
16037
16040
16042
16044
16046
16048
16051
16053
16055
16057
16060
16062
16064
16066
16068
16071
16073
16075
16077
16080
16082
16084
16086
16088
16091
16093
16095
16097
16100
16102
16104
16106
16109
16111
16113
16115
16118
16120
16122
16125
16127
16129
16131
16134
16136
16138
16140
16143
16145
16147
16150
16152
16154
16156
16159
16161
16163
16165
16168
16170
16172
16175
16177
16179
16181
16184
16186
16188
16190
16193
16195
16197
16200
16202
16204
16206
16209
16211
16213
16215
16218
16220
16222
16225
16227
16229
16231
16234
16236
16238
16240
16243
16245
16247
16250
16252
16254
16256
16259
16261
16263
16265
16268
16270
16272
16274
16277
16279
16281
16284
16286
16288
16290
16293
16295
16297
16300
16302
16304
16306
16308
16311
16313
16315
16317
16320
16322
16324
16326
16328
16331
16333
16335
16337
16340
16342
16344
16346
16348
16351
16353
16355
16357
16360
16362
16364
16366
16368
16371
16373
16375
16377
16379
16382
16384
16386
16388
16391
16393
16395
16397
16400
16402
16404
16406
16409
16411
16413
16415
16418
16420
16422
16424
16427
16429
16431
16434
16436
16438
16440
16443
16445
16447
16450
16452
16454
16456
16459
16461
16463
16465
16468
16470
16472
16475
16477
16479
16481
16484
16486
16488
16490
16493
16495
16497
16500
16502
16504
16506
16509
16511
16513
16515
16518
16520
16522
16525
16527
16529
16531
16534
16536
16538
16540
16543
16545
16547
16550
16552
16554
16556
16559
16561
16563
16565
16568
16570
16572
16575
16577
16579
16581
16584
16586
16588
16590
16593
16595
16597
16600
16602
16604
16606
16608
16611
16613
16615
16617
16620
16622
16624
16626
16628
16631
16633
16635
16637
16640
16642
16644
16646
16648
16651
16653
16655
16657
16660
16662
16664
16666
16668
16671
16673
16675
16677
16680
16682
16684
16686
16688
16691
16693
16695
16697
16700
16702
16704
16706
16709
16711
16713
16715
16718
16720
16722
16725
16727
16729
16731
16734
16736
16738
16740
16743
16745
16747
16750
16752
16754
16756
16759
16761
16763
16765
16768
16770
16772
16775
16777
16779
16781
16784
16786
16788
16790
16793
16795
16797
16800
16802
16804
16806
16808
16811
16813
16815
16817
16820
16822
16824
16826
16828
16831
16833
16835
16837
16840
16842
16844
16846
16848
16851
16853
16855
16857
16860
16862
16864
16866
16868
16871
16873
16875
16877
16880
16882
16884
16886
16888
16891
16893
16895
16897
16900
16902
16904
16906
16909
16911
16913
16915
16918
16920
16922
16924
16927
16929
16931
16934
16936
16938
16940
16943
16945
16947
16950
16952
16954
16956
16959
16961
16963
16965
16968
16970
16972
16975
16977
16979
16981
16984
16986
16988
16990
16993
16995
16997
17000
17002
17004
17006
17008
17011
17013
17015
17017
17020
17022
17024
17026
17028
17031
17033
17035
17037
17040
17042
17044
17046
17048
17051
17053
17055
17057
17060
17062
17064
17066
17068
17071
17073
17075
17077
17080
17082
17084
17086
17088
17091
17093
17095
17097
17100
17102
17104
17106
17108
17110
17113
17115
17117
17119
17121
17123
17126
17128
17130
17132
17134
17136
17139
17141
17143
17145
17147
17150
17152
17154
17156
17158
17160
17163
17165
17167
17169
17171
17173
17176
17178
17180
17182
17184
17186
17189
17191
17193
17195
17197
17200
17202
17204
17206
17208
17211
17213
17215
17217
17220
17222
17224
17226
17228
17231
17233
17235
17237
17240
17242
17244
17246
17248
17251
17253
17255
17257
17260
17262
17264
17266
17268
17271
17273
17275
17277
17280
17282
17284
17286
17288
17291
17293
17295
17297
17300
17302
17304
17306
17308
17310
17313
17315
17317
17319
17321
17323
17326
17328
17330
17332
17334
17336
17339
17341
17343
17345
17347
17350
17352
17354
17356
17358
17360
17363
17365
17367
17369
17371
17373
17376
17378
17380
17382
17384
17386
17389
17391
17393
17395
17397
17400
17402
17404
17406
17408
17411
17413
17415
17417
17419
17422
17424
17426
17428
17431
17433
17435
17437
17439
17442
17444
17446
17448
17451
17453
17455
17457
17460
17462
17464
17466
17468
17471
17473
17475
17477
17480
17482
17484
17486
17488
17491
17493
17495
17497
17500
17502
17504
17506
17508
17510
17513
17515
17517
17519
17521
17523
17526
17528
17530
17532
17534
17536
17539
17541
17543
17545
17547
17550
17552
17554
17556
17558
17560
17563
17565
17567
17569
17571
17573
17576
17578
17580
17582
17584
17586
17589
17591
17593
17595
17597
17600
17602
17604
17606
17608
17611
17613
17615
17617
17620
17622
17624
17626
17628
17631
17633
17635
17637
17640
17642
17644
17646
17648
17651
17653
17655
17657
17660
17662
17664
17666
17668
17671
17673
17675
17677
17680
17682
17684
17686
17688
17691
17693
17695
17697
17700
17702
17704
17706
17708
17710
17713
17715
17717
17719
17721
17723
17726
17728
17730
17732
17734
17736
17739
17741
17743
17745
17747
17750
17752
17754
17756
17758
17760
17763
17765
17767
17769
17771
17773
17776
17778
17780
17782
17784
17786
17789
17791
17793
17795
17797
17800
17802
17804
17806
17808
17811
17813
17815
17817
17820
17822
17824
17826
17828
17831
17833
17835
17837
17840
17842
17844
17846
17848
17851
17853
17855
17857
17860
17862
17864
17866
17868
17871
17873
17875
17877
17880
17882
17884
17886
17888
17891
17893
17895
17897
17900
17902
17904
17906
17908
17910
17913
17915
17917
17919
17921
17923
17926
17928
17930
17932
17934
17936
17939
17941
17943
17945
17947
17950
17952
17954
17956
17958
17960
17963
17965
17967
17969
17971
17973
17976
17978
17980
17982
17984
17986
17989
17991
17993
17995
17997
18000
18002
18004
18006
18009
18011
18013
18015
18018
18020
18022
18025
18027
18029
18031
18034
18036
18038
18040
18043
18045
18047
18050
18052
18054
18056
18059
18061
18063
18065
18068
18070
18072
18075
18077
18079
18081
18084
18086
18088
18090
18093
18095
18097
18100
18102
18104
18106
18108
18111
18113
18115
18117
18120
18122
18124
18126
18128
18131
18133
18135
18137
18140
18142
18144
18146
18148
18151
18153
18155
18157
18160
18162
18164
18166
18168
18171
18173
18175
18177
18180
18182
18184
18186
18188
18191
18193
18195
18197
18200
18202
18204
18206
18208
18211
18213
18215
18217
18220
18222
18224
18226
18228
18231
18233
18235
18237
18240
18242
18244
18246
18248
18251
18253
18255
18257
18260
18262
18264
18266
18268
18271
18273
18275
18277
18280
18282
18284
18286
18288
18291
18293
18295
18297
18300
18302
18304
18306
18308
18311
18313
18315
18317
18320
18322
18324
18326
18328
18331
18333
18335
18337
18340
18342
18344
18346
18348
18351
18353
18355
18357
18360
18362
18364
18366
18368
18371
18373
18375
18377
18380
18382
18384
18386
18388
18391
18393
18395
18397
18400
18402
18404
18406
18408
18411
18413
18415
18417
18419
18422
18424
18426
18428
18431
18433
18435
18437
18439
18442
18444
18446
18448
18451
18453
18455
18457
18460
18462
18464
18466
18468
18471
18473
18475
18477
18480
18482
18484
18486
18488
18491
18493
18495
18497
18500
18502
18504
18506
18508
18511
18513
18515
18517
18520
18522
18524
18526
18528
18531
18533
18535
18537
18540
18542
18544
18546
18548
18551
18553
18555
18557
18560
18562
18564
18566
18568
18571
18573
18575
18577
18580
18582
18584
18586
18588
18591
18593
18595
18597
18600
18602
18604
18606
18608
18611
18613
18615
18617
18620
18622
18624
18626
18628
18631
18633
18635
18637
18640
18642
18644
18646
18648
18651
18653
18655
18657
18660
18662
18664
18666
18668
18671
18673
18675
18677
18680
18682
18684
18686
18688
18691
18693
18695
18697
18700
18702
18704
18706
18708
18711
18713
18715
18717
18720
18722
18724
18726
18728
18731
18733
18735
18737
18740
18742
18744
18746
18748
18751
18753
18755
18757
18760
18762
18764
18766
18768
18771
18773
18775
18777
18780
18782
18784
18786
18788
18791
18793
18795
18797
18800
18802
18804
18806
18808
18811
18813
18815
18817
18820
18822
18824
18826
18828
18831
18833
18835
18837
18840
18842
18844
18846
18848
18851
18853
18855
18857
18860
18862
18864
18866
18868
18871
18873
18875
18877
18880
18882
18884
18886
18888
18891
18893
18895
18897
18900
18902
18904
18906
18908
18911
18913
18915
18917
18919
18922
18924
18926
18928
18931
18933
18935
18937
18939
18942
18944
18946
18948
18951
18953
18955
18957
18960
18962
18964
18966
18968
18971
18973
18975
18977
18980
18982
18984
18986
18988
18991
18993
18995
18997
19000
19002
19004
19006
19009
19011
19013
19015
19018
19020
19022
19025
19027
19029
19031
19034
19036
19038
19040
19043
19045
19047
19050
19052
19054
19056
19059
19061
19063
19065
19068
19070
19072
19075
19077
19079
19081
19084
19086
19088
19090
19093
19095
19097
19100
19102
19104
19106
19108
19111
19113
19115
19117
19120
19122
19124
19126
19128
19131
19133
19135
19137
19140
19142
19144
19146
19148
19151
19153
19155
19157
19160
19162
19164
19166
19168
19171
19173
19175
19177
19180
19182
19184
19186
19188
19191
19193
19195
19197
19200
19202
19204
19206
19208
19211
19213
19215
19217
19220
19222
19224
19226
19228
19231
19233
19235
19237
19240
19242
19244
19246
19248
19251
19253
19255
19257
19260
19262
19264
19266
19268
19271
19273
19275
19277
19280
19282
19284
19286
19288
19291
19293
19295
19297
19300
19302
19304
19306
19309
19311
19313
19315
19318
19320
19322
19325
19327
19329
19331
19334
19336
19338
19340
19343
19345
19347
19350
19352
19354
19356
19359
19361
19363
19365
19368
19370
19372
19375
19377
19379
19381
19384
19386
19388
19390
19393
19395
19397
19400
19402
19404
19406
19408
19411
19413
19415
19417
19419
19422
19424
19426
19428
19431
19433
19435
19437
19439
19442
19444
19446
19448
19451
19453
19455
19457
19460
19462
19464
19466
19468
19471
19473
19475
19477
19480
19482
19484
19486
19488
19491
19493
19495
19497
19500
19502
19504
19506
19508
19511
19513
19515
19517
19520
19522
19524
19526
19528
19531
19533
19535
19537
19540
19542
19544
19546
19548
19551
19553
19555
19557
19560
19562
19564
19566
19568
19571
19573
19575
19577
19580
19582
19584
19586
19588
19591
19593
19595
19597
19600
19602
19604
19606
19609
19611
19613
19615
19618
19620
19622
19625
19627
19629
19631
19634
19636
19638
19640
19643
19645
19647
19650
19652
19654
19656
19659
19661
19663
19665
19668
19670
19672
19675
19677
19679
19681
19684
19686
19688
19690
19693
19695
19697
19700
19702
19704
19706
19708
19711
19713
19715
19717
19720
19722
19724
19726
19728
19731
19733
19735
19737
19740
19742
19744
19746
19748
19751
19753
19755
19757
19760
19762
19764
19766
19768
19771
19773
19775
19777
19780
19782
19784
19786
19788
19791
19793
19795
19797
19800
19802
19804
19806
19808
19811
19813
19815
19817
19820
19822
19824
19826
19828
19831
19833
19835
19837
19840
19842
19844
19846
19848
19851
19853
19855
19857
19860
19862
19864
19866
19868
19871
19873
19875
19877
19880
19882
19884
19886
19888
19891
19893
19895
19897
19900
19902
19904
19906
19909
19911
19913
19915
19918
19920
19922
19924
19927
19929
19931
19934
19936
19938
19940
19943
19945
19947
19950
19952
19954
19956
19959
19961
19963
19965
19968
19970
19972
19975
19977
19979
19981
19984
19986
19988
19990
19993
19995
19997
20000
20002
20004
20006
20008
20010
20012
20014
20017
20019
20021
20023
20025
20027
20029
20031
20034
20036
20038
20040
20042
20044
20046
20048
20051
20053
20055
20057
20059
20061
20063
20065
20068
20070
20072
20074
20076
20078
20080
20082
20085
20087
20089
20091
20093
20095
20097
20100
20102
20104
20106
20108
20110
20113
20115
20117
20119
20121
20123
20126
20128
20130
20132
20134
20136
20139
20141
20143
20145
20147
20150
20152
20154
20156
20158
20160
20163
20165
20167
20169
20171
20173
20176
20178
20180
20182
20184
20186
20189
20191
20193
20195
20197
20200
20202
20204
20206
20208
20210
20213
20215
20217
20219
20221
20223
20226
20228
20230
20232
20234
20236
20239
20241
20243
20245
20247
20250
20252
20254
20256
20258
20260
20263
20265
20267
20269
20271
20273
20276
20278
20280
20282
20284
20286
20289
20291
20293
20295
20297
20300
20302
20304
20306
20308
20310
20312
20314
20317
20319
20321
20323
20325
20327
20329
20331
20334
20336
20338
20340
20342
20344
20346
20348
20351
20353
20355
20357
20359
20361
20363
20365
20368
20370
20372
20374
20376
20378
20380
20382
20385
20387
20389
20391
20393
20395
20397
20400
20402
20404
20406
20408
20410
20413
20415
20417
20419
20421
20423
20426
20428
20430
20432
20434
20436
20439
20441
20443
20445
20447
20450
20452
20454
20456
20458
20460
20463
20465
20467
20469
20471
20473
20476
20478
20480
20482
20484
20486
20489
20491
20493
20495
20497
20500
20502
20504
20506
20508
20510
20512
20514
20517
20519
20521
20523
20525
20527
20529
20531
20534
20536
20538
20540
20542
20544
20546
20548
20551
20553
20555
20557
20559
20561
20563
20565
20568
20570
20572
20574
20576
20578
20580
20582
20585
20587
20589
20591
20593
20595
20597
20600
20602
20604
20606
20608
20610
20613
20615
20617
20619
20621
20623
20626
20628
20630
20632
20634
20636
20639
20641
20643
20645
20647
20650
20652
20654
20656
20658
20660
20663
20665
20667
20669
20671
20673
20676
20678
20680
20682
20684
20686
20689
20691
20693
20695
20697
20700
20702
20704
20706
20708
20710
20712
20714
20717
20719
20721
20723
20725
20727
20729
20731
20734
20736
20738
20740
20742
20744
20746
20748
20751
20753
20755
20757
20759
20761
20763
20765
20768
20770
20772
20774
20776
20778
20780
20782
20785
20787
20789
20791
20793
20795
20797
20800
20802
20804
20806
20808
20810
20813
20815
20817
20819
20821
20823
20826
20828
20830
20832
20834
20836
20839
20841
20843
20845
20847
20850
20852
20854
20856
20858
20860
20863
20865
20867
20869
20871
20873
20876
20878
20880
20882
20884
20886
20889
20891
20893
20895
20897
20900
20902
20904
20906
20908
20910
20913
20915
20917
20919
20921
20923
20926
20928
20930
20932
20934
20936
20939
20941
20943
20945
20947
20950
20952
20954
20956
20958
20960
20963
20965
20967
20969
20971
20973
20976
20978
20980
20982
20984
20986
20989
20991
20993
20995
20997
21000
21002
21004
21006
21008
21011
21013
21015
21017
21020
21022
21024
21026
21028
21031
21033
21035
21037
21040
21042
21044
21046
21048
21051
21053
21055
21057
21060
21062
21064
21066
21068
21071
21073
21075
21077
21080
21082
21084
21086
21088
21091
21093
21095
21097
21100
21102
21104
21106
21108
21111
21113
21115
21117
21120
21122
21124
21126
21128
21131
21133
21135
21137
21140
21142
21144
21146
21148
21151
21153
21155
21157
21160
21162
21164
21166
21168
21171
21173
21175
21177
21180
21182
21184
21186
21188
21191
21193
21195
21197
21200
21202
21204
21206
21208
21211
21213
21215
21217
21220
21222
21224
21226
21228
21231
21233
21235
21237
21240
21242
21244
21246
21248
21251
21253
21255
21257
21260
21262
21264
21266
21268
21271
21273
21275
21277
21280
21282
21284
21286
21288
21291
21293
21295
21297
21300
21302
21304
21306
21308
21311
21313
21315
21317
21320
21322
21324
21326
21328
21331
21333
21335
21337
21340
21342
21344
21346
21348
21351
21353
21355
21357
21360
21362
21364
21366
21368
21371
21373
21375
21377
21380
21382
21384
21386
21388
21391
21393
21395
21397
21400
21402
21404
21406
21409
21411
21413
21415
21418
21420
21422
21424
21427
21429
21431
21434
21436
21438
21440
21443
21445
21447
21450
21452
21454
21456
21459
21461
21463
21465
21468
21470
21472
21475
21477
21479
21481
21484
21486
21488
21490
21493
21495
21497
21500
21502
21504
21506
21508
21511
21513
21515
21517
21520
21522
21524
21526
21528
21531
21533
21535
21537
21540
21542
21544
21546
21548
21551
21553
21555
21557
21560
21562
21564
21566
21568
21571
21573
21575
21577
21580
21582
21584
21586
21588
21591
21593
21595
21597
21600
21602
21604
21606
21608
21611
21613
21615
21617
21620
21622
21624
21626
21628
21631
21633
21635
21637
21640
21642
21644
21646
21648
21651
21653
21655
21657
21660
21662
21664
21666
21668
21671
21673
21675
21677
21680
21682
21684
21686
21688
21691
21693
21695
21697
21700
21702
21704
21706
21708
21711
21713
21715
21717
21720
21722
21724
21726
21728
21731
21733
21735
21737
21740
21742
21744
21746
21748
21751
21753
21755
21757
21760
21762
21764
21766
21768
21771
21773
21775
21777
21780
21782
21784
21786
21788
21791
21793
21795
21797
21800
21802
21804
21806
21809
21811
21813
21815
21818
21820
21822
21825
21827
21829
21831
21834
21836
21838
21840
21843
21845
21847
21850
21852
21854
21856
21859
21861
21863
21865
21868
21870
21872
21875
21877
21879
21881
21884
21886
21888
21890
21893
21895
21897
21900
21902
21904
21906
21908
21911
21913
21915
21917
21919
21922
21924
21926
21928
21931
21933
21935
21937
21939
21942
21944
21946
21948
21951
21953
21955
21957
21960
21962
21964
21966
21968
21971
21973
21975
21977
21980
21982
21984
21986
21988
21991
21993
21995
21997
22000
22002
22004
22006
22008
22010
22012
22014
22016
22018
22020
22022
22025
22027
22029
22031
22033
22035
22037
22039
22041
22043
22045
22047
22050
22052
22054
22056
22058
22060
22062
22064
22066
22068
22070
22072
22075
22077
22079
22081
22083
22085
22087
22089
22091
22093
22095
22097
22100
22102
22104
22106
22108
22110
22112
22114
22116
22118
22120
22122
22125
22127
22129
22131
22133
22135
22137
22139
22141
22143
22145
22147
22150
22152
22154
22156
22158
22160
22162
22164
22166
22168
22170
22172
22175
22177
22179
22181
22183
22185
22187
22189
22191
22193
22195
22197
22200
22202
22204
22206
22208
22210
22212
22214
22216
22218
22220
22222
22225
22227
22229
22231
22233
22235
22237
22239
22241
22243
22245
22247
22250
22252
22254
22256
22258
22260
22262
22264
22266
22268
22270
22272
22275
22277
22279
22281
22283
22285
22287
22289
22291
22293
22295
22297
22300
22302
22304
22306
22308
22310
22312
22314
22317
22319
22321
22323
22325
22327
22329
22331
22334
22336
22338
22340
22342
22344
22346
22348
22351
22353
22355
22357
22359
22361
22363
22365
22368
22370
22372
22374
22376
22378
22380
22382
22385
22387
22389
22391
22393
22395
22397
22400
22402
22404
22406
22408
22410
22412
22414
22416
22418
22420
22422
22424
22427
22429
22431
22433
22435
22437
22439
22441
22443
22445
22447
22450
22452
22454
22456
22458
22460
22462
22464
22466
22468
22470
22472
22475
22477
22479
22481
22483
22485
22487
22489
22491
22493
22495
22497
22500
22502
22504
22506
22508
22510
22512
22514
22516
22518
22520
22522
22525
22527
22529
22531
22533
22535
22537
22539
22541
22543
22545
22547
22550
22552
22554
22556
22558
22560
22562
22564
22566
22568
22570
22572
22575
22577
22579
22581
22583
22585
22587
22589
22591
22593
22595
22597
22600
22602
22604
22606
22608
22610
22612
22614
22616
22618
22620
22622
22625
22627
22629
22631
22633
22635
22637
22639
22641
22643
22645
22647
22650
22652
22654
22656
22658
22660
22662
22664
22666
22668
22670
22672
22675
22677
22679
22681
22683
22685
22687
22689
22691
22693
22695
22697
22700
22702
22704
22706
22708
22710
22712
22714
22716
22718
22720
22722
22725
22727
22729
22731
22733
22735
22737
22739
22741
22743
22745
22747
22750
22752
22754
22756
22758
22760
22762
22764
22766
22768
22770
22772
22775
22777
22779
22781
22783
22785
22787
22789
22791
22793
22795
22797
22800
22802
22804
22806
22808
22810
22812
22814
22817
22819
22821
22823
22825
22827
22829
22831
22834
22836
22838
22840
22842
22844
22846
22848
22851
22853
22855
22857
22859
22861
22863
22865
22868
22870
22872
22874
22876
22878
22880
22882
22885
22887
22889
22891
22893
22895
22897
22900
22902
22904
22906
22908
22910
22912
22914
22916
22918
22920
22922
22924
22927
22929
22931
22933
22935
22937
22939
22941
22943
22945
22947
22950
22952
22954
22956
22958
22960
22962
22964
22966
22968
22970
22972
22975
22977
22979
22981
22983
22985
22987
22989
22991
22993
22995
22997
23000
23002
23004
23006
23009
23011
23013
23015
23018
23020
23022
23025
23027
23029
23031
23034
23036
23038
23040
23043
23045
23047
23050
23052
23054
23056
23059
23061
23063
23065
23068
23070
23072
23075
23077
23079
23081
23084
23086
23088
23090
23093
23095
23097
23100
23102
23104
23106
23109
23111
23113
23115
23118
23120
23122
23125
23127
23129
23131
23134
23136
23138
23140
23143
23145
23147
23150
23152
23154
23156
23159
23161
23163
23165
23168
23170
23172
23175
23177
23179
23181
23184
23186
23188
23190
23193
23195
23197
23200
23202
23204
23206
23209
23211
23213
23215
23218
23220
23222
23225
23227
23229
23231
23234
23236
23238
23240
23243
23245
23247
23250
23252
23254
23256
23259
23261
23263
23265
23268
23270
23272
23275
23277
23279
23281
23284
23286
23288
23290
23293
23295
23297
23300
23302
23304
23306
23309
23311
23313
23315
23318
23320
23322
23325
23327
23329
23331
23334
23336
23338
23340
23343
23345
23347
23350
23352
23354
23356
23359
23361
23363
23365
23368
23370
23372
23375
23377
23379
23381
23384
23386
23388
23390
23393
23395
23397
23400
23402
23404
23406
23409
23411
23413
23415
23418
23420
23422
23424
23427
23429
23431
23434
23436
23438
23440
23443
23445
23447
23450
23452
23454
23456
23459
23461
23463
23465
23468
23470
23472
23475
23477
23479
23481
23484
23486
23488
23490
23493
23495
23497
23500
23502
23504
23506
23509
23511
23513
23515
23518
23520
23522
23525
23527
23529
23531
23534
23536
23538
23540
23543
23545
23547
23550
23552
23554
23556
23559
23561
23563
23565
23568
23570
23572
23575
23577
23579
23581
23584
23586
23588
23590
23593
23595
23597
23600
23602
23604
23606
23609
23611
23613
23615
23618
23620
23622
23625
23627
23629
23631
23634
23636
23638
23640
23643
23645
23647
23650
23652
23654
23656
23659
23661
23663
23665
23668
23670
23672
23675
23677
23679
23681
23684
23686
23688
23690
23693
23695
23697
23700
23702
23704
23706
23709
23711
23713
23715
23718
23720
23722
23725
23727
23729
23731
23734
23736
23738
23740
23743
23745
23747
23750
23752
23754
23756
23759
23761
23763
23765
23768
23770
23772
23775
23777
23779
23781
23784
23786
23788
23790
23793
23795
23797
23800
23802
23804
23806
23809
23811
23813
23815
23818
23820
23822
23825
23827
23829
23831
23834
23836
23838
23840
23843
23845
23847
23850
23852
23854
23856
23859
23861
23863
23865
23868
23870
23872
23875
23877
23879
23881
23884
23886
23888
23890
23893
23895
23897
23900
23902
23904
23906
23909
23911
23913
23915
23918
23920
23922
23924
23927
23929
23931
23934
23936
23938
23940
23943
23945
23947
23950
23952
23954
23956
23959
23961
23963
23965
23968
23970
23972
23975
23977
23979
23981
23984
23986
23988
23990
23993
23995
23997
24000
24009
24018
24027
24036
24045
24054
24063
24072
24081
24090
24100
24108
24116
24125
24133
24141
24150
24158
24166
24175
24183
24191
24200
24209
24218
24227
24236
24245
24254
24263
24272
24281
24290
24300
24309
24318
24327
24336
24345
24354
24363
24372
24381
24390
24400
24409
24418
24427
24436
24445
24454
24463
24472
24481
24490
24500
24509
24518
24527
24536
24545
24554
24563
24572
24581
24590
24600
24609
24618
24627
24636
24645
24654
24663
24672
24681
24690
24700
24709
24718
24727
24736
24745
24754
24763
24772
24781
24790
24800
24809
24818
24827
24836
24845
24854
24863
24872
24881
24890
24900
24909
24918
24927
24936
24945
24954
24963
24972
24981
24990
25000
25001
25002
25003
25005
25006
25007
25009
25010
25011
25013
25014
25015
25017
25018
25019
25021
25022
25023
25025
25026
25027
25028
25030
25031
25032
25034
25035
25036
25038
25039
25040
25042
25043
25044
25046
25047
25048
25050
25051
25052
25053
25055
25056
25057
25059
25060
25061
25063
25064
25065
25067
25068
25069
25071
25072
25073
25075
25076
25077
25078
25080
25081
25082
25084
25085
25086
25088
25089
25090
25092
25093
25094
25096
25097
25098
25100
25101
25102
25103
25105
25106
25107
25109
25110
25111
25112
25114
25115
25116
25118
25119
25120
25122
25123
25124
25125
25127
25128
25129
25131
25132
25133
25135
25136
25137
25138
25140
25141
25142
25144
25145
25146
25148
25149
25150
25151
25153
25154
25155
25157
25158
25159
25161
25162
25163
25164
25166
25167
25168
25170
25171
25172
25174
25175
25176
25177
25179
25180
25181
25183
25184
25185
25187
25188
25189
25190
25192
25193
25194
25196
25197
25198
25200
25201
25202
25203
25205
25206
25207
25209
25210
25211
25213
25214
25215
25217
25218
25219
25221
25222
25223
25225
25226
25227
25228
25230
25231
25232
25234
25235
25236
25238
25239
25240
25242
25243
25244
25246
25247
25248
25250
25251
25252
25253
25255
25256
25257
25259
25260
25261
25263
25264
25265
25267
25268
25269
25271
25272
25273
25275
25276
25277
25278
25280
25281
25282
25284
25285
25286
25288
25289
25290
25292
25293
25294
25296
25297
25298
25300
25301
25302
25303
25305
25306
25307
25309
25310
25311
25312
25314
25315
25316
25318
25319
25320
25322
25323
25324
25325
25327
25328
25329
25331
25332
25333
25335
25336
25337
25338
25340
25341
25342
25344
25345
25346
25348
25349
25350
25351
25353
25354
25355
25357
25358
25359
25361
25362
25363
25364
25366
25367
25368
25370
25371
25372
25374
25375
25376
25377
25379
25380
25381
25383
25384
25385
25387
25388
25389
25390
25392
25393
25394
25396
25397
25398
25400
25401
25402
25403
25405
25406
25407
25409
25410
25411
25413
25414
25415
25417
25418
25419
25421
25422
25423
25424
25426
25427
25428
25430
25431
25432
25434
25435
25436
25438
25439
25440
25442
25443
25444
25446
25447
25448
25450
25451
25452
25453
25455
25456
25457
25459
25460
25461
25463
25464
25465
25467
25468
25469
25471
25472
25473
25475
25476
25477
25478
25480
25481
25482
25484
25485
25486
25488
25489
25490
25492
25493
25494
25496
25497
25498
25500
25501
25502
25503
25505
25506
25507
25509
25510
25511
25512
25514
25515
25516
25518
25519
25520
25522
25523
25524
25525
25527
25528
25529
25531
25532
25533
25535
25536
25537
25538
25540
25541
25542
25544
25545
25546
25548
25549
25550
25551
25553
25554
25555
25557
25558
25559
25561
25562
25563
25564
25566
25567
25568
25570
25571
25572
25574
25575
25576
25577
25579
25580
25581
25583
25584
25585
25587
25588
25589
25590
25592
25593
25594
25596
25597
25598
25600
25601
25602
25603
25605
25606
25607
25609
25610
25611
25613
25614
25615
25617
25618
25619
25621
25622
25623
25625
25626
25627
25628
25630
25631
25632
25634
25635
25636
25638
25639
25640
25642
25643
25644
25646
25647
25648
25650
25651
25652
25653
25655
25656
25657
25659
25660
25661
25663
25664
25665
25667
25668
25669
25671
25672
25673
25675
25676
25677
25678
25680
25681
25682
25684
25685
25686
25688
25689
25690
25692
25693
25694
25696
25697
25698
25700
25701
25702
25703
25705
25706
25707
25709
25710
25711
25712
25714
25715
25716
25718
25719
25720
25722
25723
25724
25725
25727
25728
25729
25731
25732
25733
25735
25736
25737
25738
25740
25741
25742
25744
25745
25746
25748
25749
25750
25751
25753
25754
25755
25757
25758
25759
25761
25762
25763
25764
25766
25767
25768
25770
25771
25772
25774
25775
25776
25777
25779
25780
25781
25783
25784
25785
25787
25788
25789
25790
25792
25793
25794
25796
25797
25798
25800
25801
25802
25803
25805
25806
25807
25809
25810
25811
25813
25814
25815
25817
25818
25819
25821
25822
25823
25825
25826
25827
25828
25830
25831
25832
25834
25835
25836
25838
25839
25840
25842
25843
25844
25846
25847
25848
25850
25851
25852
25853
25855
25856
25857
25859
25860
25861
25863
25864
25865
25867
25868
25869
25871
25872
25873
25875
25876
25877
25878
25880
25881
25882
25884
25885
25886
25888
25889
25890
25892
25893
25894
25896
25897
25898
25900
25901
25902
25903
25905
25906
25907
25909
25910
25911
25912
25914
25915
25916
25918
25919
25920
25922
25923
25924
25925
25927
25928
25929
25931
25932
25933
25935
25936
25937
25938
25940
25941
25942
25944
25945
25946
25948
25949
25950
25951
25953
25954
25955
25957
25958
25959
25961
25962
25963
25964
25966
25967
25968
25970
25971
25972
25974
25975
25976
25977
25979
25980
25981
25983
25984
25985
25987
25988
25989
25990
25992
25993
25994
25996
25997
25998
26000
26002
26004
26006
26008
26011
26013
26015
26017
26020
26022
26024
26026
26028
26031
26033
26035
26037
26040
26042
26044
26046
26048
26051
26053
26055
26057
26060
26062
26064
26066
26068
26071
26073
26075
26077
26080
26082
26084
26086
26088
26091
26093
26095
26097
26100
26102
26104
26106
26108
26110
26113
26115
26117
26119
26121
26123
26126
26128
26130
26132
26134
26136
26139
26141
26143
26145
26147
26150
26152
26154
26156
26158
26160
26163
26165
26167
26169
26171
26173
26176
26178
26180
26182
26184
26186
26189
26191
26193
26195
26197
26200
26202
26204
26206
26208
26210
26213
26215
26217
26219
26221
26223
26226
26228
26230
26232
26234
26236
26239
26241
26243
26245
26247
26250
26252
26254
26256
26258
26260
26263
26265
26267
26269
26271
26273
26276
26278
26280
26282
26284
26286
26289
26291
26293
26295
26297
26300
26302
26304
26306
26308
26311
26313
26315
26317
26320
26322
26324
26326
26328
26331
26333
26335
26337
26340
26342
26344
26346
26348
26351
26353
26355
26357
26360
26362
26364
26366
26368
26371
26373
26375
26377
26380
26382
26384
26386
26388
26391
26393
26395
26397
26400
26402
26404
26406
26408
26410
26413
26415
26417
26419
26421
26423
26426
26428
26430
26432
26434
26436
26439
26441
26443
26445
26447
26450
26452
26454
26456
26458
26460
26463
26465
26467
26469
26471
26473
26476
26478
26480
26482
26484
26486
26489
26491
26493
26495
26497
26500
26502
26504
26506
26508
26510
26513
26515
26517
26519
26521
26523
26526
26528
26530
26532
26534
26536
26539
26541
26543
26545
26547
26550
26552
26554
26556
26558
26560
26563
26565
26567
26569
26571
26573
26576
26578
26580
26582
26584
26586
26589
26591
26593
26595
26597
26600
26602
26604
26606
26608
26611
26613
26615
26617
26620
26622
26624
26626
26628
26631
26633
26635
26637
26640
26642
26644
26646
26648
26651
26653
26655
26657
26660
26662
26664
26666
26668
26671
26673
26675
26677
26680
26682
26684
26686
26688
26691
26693
26695
26697
26700
26702
26704
26706
26708
26710
26713
26715
26717
26719
26721
26723
26726
26728
26730
26732
26734
26736
26739
26741
26743
26745
26747
26750
26752
26754
26756
26758
26760
26763
26765
26767
26769
26771
26773
26776
26778
26780
26782
26784
26786
26789
26791
26793
26795
26797
26800
26802
26804
26806
26808
26810
26813
26815
26817
26819
26821
26823
26826
26828
26830
26832
26834
26836
26839
26841
26843
26845
26847
26850
26852
26854
26856
26858
26860
26863
26865
26867
26869
26871
26873
26876
26878
26880
26882
26884
26886
26889
26891
26893
26895
26897
26900
26902
26904
26906
26908
26911
26913
26915
26917
26919
26922
26924
26926
26928
26931
26933
26935
26937
26939
26942
26944
26946
26948
26951
26953
26955
26957
26960
26962
26964
26966
26968
26971
26973
26975
26977
26980
26982
26984
26986
26988
26991
26993
26995
26997
27000
27002
27004
27006
27008
27011
27013
27015
27017
27020
27022
27024
27026
27028
27031
27033
27035
27037
27040
27042
27044
27046
27048
27051
27053
27055
27057
27060
27062
27064
27066
27068
27071
27073
27075
27077
27080
27082
27084
27086
27088
27091
27093
27095
27097
27100
27102
27104
27106
27108
27111
27113
27115
27117
27120
27122
27124
27126
27128
27131
27133
27135
27137
27140
27142
27144
27146
27148
27151
27153
27155
27157
27160
27162
27164
27166
27168
27171
27173
27175
27177
27180
27182
27184
27186
27188
27191
27193
27195
27197
27200
27202
27204
27206
27208
27211
27213
27215
27217
27220
27222
27224
27226
27228
27231
27233
27235
27237
27240
27242
27244
27246
27248
27251
27253
27255
27257
27260
27262
27264
27266
27268
27271
27273
27275
27277
27280
27282
27284
27286
27288
27291
27293
27295
27297
27300
27302
27304
27306
27308
27311
27313
27315
27317
27320
27322
27324
27326
27328
27331
27333
27335
27337
27340
27342
27344
27346
27348
27351
27353
27355
27357
27360
27362
27364
27366
27368
27371
27373
27375
27377
27380
27382
27384
27386
27388
27391
27393
27395
27397
27400
27402
27404
27406
27408
27411
27413
27415
27417
27419
27422
27424
27426
27428
27431
27433
27435
27437
27439
27442
27444
27446
27448
27451
27453
27455
27457
27460
27462
27464
27466
27468
27471
27473
27475
27477
27480
27482
27484
27486
27488
27491
27493
27495
27497
27500
27502
27504
27506
27509
27511
27513
27515
27518
27520
27522
27525
27527
27529
27531
27534
27536
27538
27540
27543
27545
27547
27550
27552
27554
27556
27559
27561
27563
27565
27568
27570
27572
27575
27577
27579
27581
27584
27586
27588
27590
27593
27595
27597
27600
27602
27604
27606
27608
27611
27613
27615
27617
27620
27622
27624
27626
27628
27631
27633
27635
27637
27640
27642
27644
27646
27648
27651
27653
27655
27657
27660
27662
27664
27666
27668
27671
27673
27675
27677
27680
27682
27684
27686
27688
27691
27693
27695
27697
27700
27702
27704
27706
27708
27711
27713
27715
27717
27720
27722
27724
27726
27728
27731
27733
27735
27737
27740
27742
27744
27746
27748
27751
27753
27755
27757
27760
27762
27764
27766
27768
27771
27773
27775
27777
27780
27782
27784
27786
27788
27791
27793
27795
27797
27800
27802
27804
27806
27808
27811
27813
27815
27817
27820
27822
27824
27826
27828
27831
27833
27835
27837
27840
27842
27844
27846
27848
27851
27853
27855
27857
27860
27862
27864
27866
27868
27871
27873
27875
27877
27880
27882
27884
27886
27888
27891
27893
27895
27897
27900
27902
27904
27906
27908
27911
27913
27915
27917
27919
27922
27924
27926
27928
27931
27933
27935
27937
27939
27942
27944
27946
27948
27951
27953
27955
27957
27960
27962
27964
27966
27968
27971
27973
27975
27977
27980
27982
27984
27986
27988
27991
27993
27995
27997
28000
28002
28004
28007
28009
28011
28014
28016
28019
28021
28023
28026
28028
28030
28033
28035
28038
28040
28042
28045
28047
28050
28052
28054
28057
28059
28061
28064
28066
28069
28071
28073
28076
28078
28080
28083
28085
28088
28090
28092
28095
28097
28100
28102
28104
28107
28109
28111
28114
28116
28119
28121
28123
28126
28128
28130
28133
28135
28138
28140
28142
28145
28147
28150
28152
28154
28157
28159
28161
28164
28166
28169
28171
28173
28176
28178
28180
28183
28185
28188
28190
28192
28195
28197
28200
28202
28204
28206
28209
28211
28213
28216
28218
28220
28223
28225
28227
28230
28232
28234
28237
28239
28241
28244
28246
28248
28251
28253
28255
28258
28260
28262
28265
28267
28269
28272
28274
28276
28279
28281
28283
28286
28288
28290
28293
28295
28297
28300
28302
28304
28307
28309
28311
28314
28316
28319
28321
28323
28326
28328
28330
28333
28335
28338
28340
28342
28345
28347
28349
28352
28354
28357
28359
28361
28364
28366
28369
28371
28373
28376
28378
28380
28383
28385
28388
28390
28392
28395
28397
28400
28402
28404
28407
28409
28411
28414
28416
28419
28421
28423
28426
28428
28430
28433
28435
28438
28440
28442
28445
28447
28450
28452
28454
28457
28459
28461
28464
28466
28469
28471
28473
28476
28478
28480
28483
28485
28488
28490
28492
28495
28497
28500
28502
28504
28506
28509
28511
28513
28516
28518
28520
28523
28525
28527
28530
28532
28534
28537
28539
28541
28544
28546
28548
28551
28553
28555
28558
28560
28562
28565
28567
28569
28572
28574
28576
28579
28581
28583
28586
28588
28590
28593
28595
28597
28600
28602
28604
28607
28609
28611
28614
28616
28619
28621
28623
28626
28628
28630
28633
28635
28638
28640
28642
28645
28647
28650
28652
28654
28657
28659
28661
28664
28666
28669
28671
28673
28676
28678
28680
28683
28685
28688
28690
28692
28695
28697
28700
28702
28704
28707
28709
28711
28714
28716
28719
28721
28723
28726
28728
28730
28733
28735
28738
28740
28742
28745
28747
28750
28752
28754
28757
28759
28761
28764
28766
28769
28771
28773
28776
28778
28780
28783
28785
28788
28790
28792
28795
28797
28800
28802
28804
28806
28809
28811
28813
28816
28818
28820
28823
28825
28827
28830
28832
28834
28837
28839
28841
28844
28846
28848
28851
28853
28855
28858
28860
28862
28865
28867
28869
28872
28874
28876
28879
28881
28883
28886
28888
28890
28893
28895
28897
28900
28902
28904
28907
28909
28911
28914
28916
28919
28921
28923
28926
28928
28930
28933
28935
28938
28940
28942
28945
28947
28950
28952
28954
28957
28959
28961
28964
28966
28969
28971
28973
28976
28978
28980
28983
28985
28988
28990
28992
28995
28997
29000
29002
29005
29008
29010
29013
29016
29018
29021
29024
29027
29029
29032
29035
29037
29040
29043
29045
29048
29051
29054
29056
29059
29062
29064
29067
29070
29072
29075
29078
29081
29083
29086
29089
29091
29094
29097
29100
29102
29105
29108
29110
29113
29116
29118
29121
29124
29127
29129
29132
29135
29137
29140
29143
29145
29148
29151
29154
29156
29159
29162
29164
29167
29170
29172
29175
29178
29181
29183
29186
29189
29191
29194
29197
29200
29202
29205
29208
29210
29213
29216
29218
29221
29224
29227
29229
29232
29235
29237
29240
29243
29245
29248
29251
29254
29256
29259
29262
29264
29267
29270
29272
29275
29278
29281
29283
29286
29289
29291
29294
29297
29300
29302
29305
29308
29310
29313
29316
29318
29321
29324
29327
29329
29332
29335
29337
29340
29343
29345
29348
29351
29354
29356
29359
29362
29364
29367
29370
29372
29375
29378
29381
29383
29386
29389
29391
29394
29397
29400
29402
29405
29408
29410
29413
29416
29418
29421
29424
29427
29429
29432
29435
29437
29440
29443
29445
29448
29451
29454
29456
29459
29462
29464
29467
29470
29472
29475
29478
29481
29483
29486
29489
29491
29494
29497
29500
29502
29505
29508
29510
29513
29516
29518
29521
29524
29527
29529
29532
29535
29537
29540
29543
29545
29548
29551
29554
29556
29559
29562
29564
29567
29570
29572
29575
29578
29581
29583
29586
29589
29591
29594
29597
29600
29602
29605
29608
29610
29613
29616
29618
29621
29624
29627
29629
29632
29635
29637
29640
29643
29645
29648
29651
29654
29656
29659
29662
29664
29667
29670
29672
29675
29678
29681
29683
29686
29689
29691
29694
29697
29700
29702
29705
29708
29710
29713
29716
29718
29721
29724
29727
29729
29732
29735
29737
29740
29743
29745
29748
29751
29754
29756
29759
29762
29764
29767
29770
29772
29775
29778
29781
29783
29786
29789
29791
29794
29797
29800
29802
29805
29808
29810
29813
29816
29818
29821
29824
29827
29829
29832
29835
29837
29840
29843
29845
29848
29851
29854
29856
29859
29862
29864
29867
29870
29872
29875
29878
29881
29883
29886
29889
29891
29894
29897
29900
29902
29905
29908
29910
29913
29916
29918
29921
29924
29927
29929
29932
29935
29937
29940
29943
29945
29948
29951
29954
29956
29959
29962
29964
29967
29970
29972
29975
29978
29981
29983
29986
29989
29991
29994
29997
30000
