0.10 92262.40
0.20 92262.40
0.30 92262.40
0.40 92262.40
0.50 92262.40
0.60 92262.40
0.70 92262.40
0.80 92262.40
0.90 92262.40
1.00 92262.40
1.10 95436.80
1.20 95436.80
1.30 95436.80
1.40 95436.80
1.50 95436.80
1.60 95436.80
1.70 95436.80
1.80 95436.80
1.90 95436.80
2.00 95436.80
2.10 59187.20
2.20 59187.20
2.30 59187.20
2.40 59187.20
2.50 59187.20
2.60 59187.20
2.70 59187.20
2.80 59187.20
2.90 59187.20
3.00 59187.20
3.10 123187.20
3.20 123187.20
3.30 123187.20
3.40 123187.20
3.50 123187.20
3.60 123187.20
3.70 123187.20
3.80 123187.20
3.90 123187.20
4.00 123187.20
4.10 94310.40
4.20 94310.40
4.30 94310.40
4.40 94310.40
4.50 94310.40
4.60 94310.40
4.70 94310.40
4.80 94310.40
4.90 94310.40
5.00 94310.40
5.10 93184.00
5.20 93184.00
5.30 93184.00
5.40 93184.00
5.50 93184.00
5.60 93184.00
5.70 93184.00
5.80 93184.00
5.90 93184.00
6.00 93184.00
6.10 92262.40
6.20 92262.40
6.30 92262.40
6.40 92262.40
6.50 92262.40
6.60 92262.40
6.70 92262.40
6.80 92262.40
6.90 92262.40
7.00 92262.40
7.10 86528.00
7.20 86528.00
7.30 86528.00
7.40 86528.00
7.50 86528.00
7.60 86528.00
7.70 86528.00
7.80 86528.00
7.90 86528.00
8.00 86528.00
8.10 93388.80
8.20 93388.80
8.30 93388.80
8.40 93388.80
8.50 93388.80
8.60 93388.80
8.70 93388.80
8.80 93388.80
8.90 93388.80
9.00 93388.80
9.10 90419.20
9.20 90419.20
9.30 90419.20
9.40 90419.20
9.50 90419.20
9.60 90419.20
9.70 90419.20
9.80 90419.20
9.90 90419.20
10.00 90419.20
10.10 90726.40
10.20 90726.40
10.30 90726.40
10.40 90726.40
10.50 90726.40
10.60 90726.40
10.70 90726.40
10.80 90726.40
10.90 90726.40
11.00 90726.40
11.10 90009.60
11.20 90009.60
11.30 90009.60
11.40 90009.60
11.50 90009.60
11.60 90009.60
11.70 90009.60
11.80 90009.60
11.90 90009.60
12.00 90009.60
12.10 90214.40
12.20 90214.40
12.30 90214.40
12.40 90214.40
12.50 90214.40
12.60 90214.40
12.70 90214.40
12.80 90214.40
12.90 90214.40
13.00 90214.40
13.10 89702.40
13.20 89702.40
13.30 89702.40
13.40 89702.40
13.50 89702.40
13.60 89702.40
13.70 89702.40
13.80 89702.40
13.90 89702.40
14.00 89702.40
14.10 90419.20
14.20 90419.20
14.30 90419.20
14.40 90419.20
14.50 90419.20
14.60 90419.20
14.70 90419.20
14.80 90419.20
14.90 90419.20
15.00 90419.20
15.10 89088.00
15.20 89088.00
15.30 89088.00
15.40 89088.00
15.50 89088.00
15.60 89088.00
15.70 89088.00
15.80 89088.00
15.90 89088.00
16.00 89088.00
16.10 90214.40
16.20 90214.40
16.30 90214.40
16.40 90214.40
16.50 90214.40
16.60 90214.40
16.70 90214.40
16.80 90214.40
16.90 90214.40
17.00 90214.40
17.10 86528.00
17.20 86528.00
17.30 86528.00
17.40 86528.00
17.50 86528.00
17.60 86528.00
17.70 86528.00
17.80 86528.00
17.90 86528.00
18.00 86528.00
18.10 89907.20
18.20 89907.20
18.30 89907.20
18.40 89907.20
18.50 89907.20
18.60 89907.20
18.70 89907.20
18.80 89907.20
18.90 89907.20
19.00 89907.20
19.10 92672.00
19.20 92672.00
19.30 92672.00
19.40 92672.00
19.50 92672.00
19.60 92672.00
19.70 92672.00
19.80 92672.00
19.90 92672.00
20.00 92672.00
20.10 25088.00
20.20 25088.00
20.30 25088.00
20.40 25088.00
20.50 25088.00
20.60 25088.00
20.70 25088.00
20.80 25088.00
20.90 25088.00
21.00 25088.00
21.10 153702.40
21.20 153702.40
21.30 153702.40
21.40 153702.40
21.50 153702.40
21.60 153702.40
21.70 153702.40
21.80 153702.40
21.90 153702.40
22.00 153702.40
22.10 91545.60
22.20 91545.60
22.30 91545.60
22.40 91545.60
22.50 91545.60
22.60 91545.60
22.70 91545.60
22.80 91545.60
22.90 91545.60
23.00 91545.60
23.10 86937.60
23.20 86937.60
23.30 86937.60
23.40 86937.60
23.50 86937.60
23.60 86937.60
23.70 86937.60
23.80 86937.60
23.90 86937.60
24.00 86937.60
24.10 90726.40
24.20 90726.40
24.30 90726.40
24.40 90726.40
24.50 90726.40
24.60 90726.40
24.70 90726.40
24.80 90726.40
24.90 90726.40
25.00 90726.40
25.10 91443.20
25.20 91443.20
25.30 91443.20
25.40 91443.20
25.50 91443.20
25.60 91443.20
25.70 91443.20
25.80 91443.20
25.90 91443.20
26.00 91443.20
26.10 92672.00
26.20 92672.00
26.30 92672.00
26.40 92672.00
26.50 92672.00
26.60 92672.00
26.70 92672.00
26.80 92672.00
26.90 92672.00
27.00 92672.00
27.10 91648.00
27.20 91648.00
27.30 91648.00
27.40 91648.00
27.50 91648.00
27.60 91648.00
27.70 91648.00
27.80 91648.00
27.90 91648.00
28.00 91648.00
28.10 90624.00
28.20 90624.00
28.30 90624.00
28.40 90624.00
28.50 90624.00
28.60 90624.00
28.70 90624.00
28.80 90624.00
28.90 90624.00
29.00 90624.00
29.10 90214.40
29.20 90214.40
29.30 90214.40
29.40 90214.40
29.50 90214.40
29.60 90214.40
29.70 90214.40
29.80 90214.40
29.90 90214.40
30.00 90214.40
30.10 90009.60
30.20 90009.60
30.30 90009.60
30.40 90009.60
30.50 90009.60
30.60 90009.60
30.70 90009.60
30.80 90009.60
30.90 90009.60
31.00 90009.60
31.10 88064.00
31.20 88064.00
31.30 88064.00
31.40 88064.00
31.50 88064.00
31.60 88064.00
31.70 88064.00
31.80 88064.00
31.90 88064.00
32.00 88064.00
32.10 94617.60
32.20 94617.60
32.30 94617.60
32.40 94617.60
32.50 94617.60
32.60 94617.60
32.70 94617.60
32.80 94617.60
32.90 94617.60
33.00 94617.60
33.10 89088.00
33.20 89088.00
33.30 89088.00
33.40 89088.00
33.50 89088.00
33.60 89088.00
33.70 89088.00
33.80 89088.00
33.90 89088.00
34.00 89088.00
34.10 91033.60
34.20 91033.60
34.30 91033.60
34.40 91033.60
34.50 91033.60
34.60 91033.60
34.70 91033.60
34.80 91033.60
34.90 91033.60
35.00 91033.60
35.10 91648.00
35.20 91648.00
35.30 91648.00
35.40 91648.00
35.50 91648.00
35.60 91648.00
35.70 91648.00
35.80 91648.00
35.90 91648.00
36.00 91648.00
36.10 77004.80
36.20 77004.80
36.30 77004.80
36.40 77004.80
36.50 77004.80
36.60 77004.80
36.70 77004.80
36.80 77004.80
36.90 77004.80
37.00 77004.80
37.10 107008.00
37.20 107008.00
37.30 107008.00
37.40 107008.00
37.50 107008.00
37.60 107008.00
37.70 107008.00
37.80 107008.00
37.90 107008.00
38.00 107008.00
38.10 94105.60
38.20 94105.60
38.30 94105.60
38.40 94105.60
38.50 94105.60
38.60 94105.60
38.70 94105.60
38.80 94105.60
38.90 94105.60
39.00 94105.60
39.10 93388.80
39.20 93388.80
39.30 93388.80
39.40 93388.80
39.50 93388.80
39.60 93388.80
39.70 93388.80
39.80 93388.80
39.90 93388.80
40.00 93388.80
40.10 88678.40
40.20 88678.40
40.30 88678.40
40.40 88678.40
40.50 88678.40
40.60 88678.40
40.70 88678.40
40.80 88678.40
40.90 88678.40
41.00 88678.40
41.10 83968.00
41.20 83968.00
41.30 83968.00
41.40 83968.00
41.50 83968.00
41.60 83968.00
41.70 83968.00
41.80 83968.00
41.90 83968.00
42.00 83968.00
42.10 91033.60
42.20 91033.60
42.30 91033.60
42.40 91033.60
42.50 91033.60
42.60 91033.60
42.70 91033.60
42.80 91033.60
42.90 91033.60
43.00 91033.60
43.10 93900.80
43.20 93900.80
43.30 93900.80
43.40 93900.80
43.50 93900.80
43.60 93900.80
43.70 93900.80
43.80 93900.80
43.90 93900.80
44.00 93900.80
44.10 89907.20
44.20 89907.20
44.30 89907.20
44.40 89907.20
44.50 89907.20
44.60 89907.20
44.70 89907.20
44.80 89907.20
44.90 89907.20
45.00 89907.20
45.10 94105.60
45.20 94105.60
45.30 94105.60
45.40 94105.60
45.50 94105.60
45.60 94105.60
45.70 94105.60
45.80 94105.60
45.90 94105.60
46.00 94105.60
46.10 91852.80
46.20 91852.80
46.30 91852.80
46.40 91852.80
46.50 91852.80
46.60 91852.80
46.70 91852.80
46.80 91852.80
46.90 91852.80
47.00 91852.80
47.10 91443.20
47.20 91443.20
47.30 91443.20
47.40 91443.20
47.50 91443.20
47.60 91443.20
47.70 91443.20
47.80 91443.20
47.90 91443.20
48.00 91443.20
48.10 87347.20
48.20 87347.20
48.30 87347.20
48.40 87347.20
48.50 87347.20
48.60 87347.20
48.70 87347.20
48.80 87347.20
48.90 87347.20
49.00 87347.20
49.10 90828.80
49.20 90828.80
49.30 90828.80
49.40 90828.80
49.50 90828.80
49.60 90828.80
49.70 90828.80
49.80 90828.80
49.90 90828.80
50.00 90828.80
50.10 93900.80
50.20 93900.80
50.30 93900.80
50.40 93900.80
50.50 93900.80
50.60 93900.80
50.70 93900.80
50.80 93900.80
50.90 93900.80
51.00 93900.80
51.10 89088.00
51.20 89088.00
51.30 89088.00
51.40 89088.00
51.50 89088.00
51.60 89088.00
51.70 89088.00
51.80 89088.00
51.90 89088.00
52.00 89088.00
52.10 87244.80
52.20 87244.80
52.30 87244.80
52.40 87244.80
52.50 87244.80
52.60 87244.80
52.70 87244.80
52.80 87244.80
52.90 87244.80
53.00 87244.80
53.10 90316.80
53.20 90316.80
53.30 90316.80
53.40 90316.80
53.50 90316.80
53.60 90316.80
53.70 90316.80
53.80 90316.80
53.90 90316.80
54.00 90316.80
54.10 88678.40
54.20 88678.40
54.30 88678.40
54.40 88678.40
54.50 88678.40
54.60 88678.40
54.70 88678.40
54.80 88678.40
54.90 88678.40
55.00 88678.40
55.10 51302.40
55.20 51302.40
55.30 51302.40
55.40 51302.40
55.50 51302.40
55.60 51302.40
55.70 51302.40
55.80 51302.40
55.90 51302.40
56.00 51302.40
56.10 131072.00
56.20 131072.00
56.30 131072.00
56.40 131072.00
56.50 131072.00
56.60 131072.00
56.70 131072.00
56.80 131072.00
56.90 131072.00
57.00 131072.00
57.10 92160.00
57.20 92160.00
57.30 92160.00
57.40 92160.00
57.50 92160.00
57.60 92160.00
57.70 92160.00
57.80 92160.00
57.90 92160.00
58.00 92160.00
58.10 89190.40
58.20 89190.40
58.30 89190.40
58.40 89190.40
58.50 89190.40
58.60 89190.40
58.70 89190.40
58.80 89190.40
58.90 89190.40
59.00 89190.40
59.10 90214.40
59.20 90214.40
59.30 90214.40
59.40 90214.40
59.50 90214.40
59.60 90214.40
59.70 90214.40
59.80 90214.40
59.90 90214.40
60.00 90214.40
60.10 92672.00
60.20 92672.00
60.30 92672.00
60.40 92672.00
60.50 92672.00
60.60 92672.00
60.70 92672.00
60.80 92672.00
60.90 92672.00
61.00 92672.00
61.10 86528.00
61.20 86528.00
61.30 86528.00
61.40 86528.00
61.50 86528.00
61.60 86528.00
61.70 86528.00
61.80 86528.00
61.90 86528.00
62.00 86528.00
62.10 87961.60
62.20 87961.60
62.30 87961.60
62.40 87961.60
62.50 87961.60
62.60 87961.60
62.70 87961.60
62.80 87961.60
62.90 87961.60
63.00 87961.60
63.10 88883.20
63.20 88883.20
63.30 88883.20
63.40 88883.20
63.50 88883.20
63.60 88883.20
63.70 88883.20
63.80 88883.20
63.90 88883.20
64.00 88883.20
64.10 91648.00
64.20 91648.00
64.30 91648.00
64.40 91648.00
64.50 91648.00
64.60 91648.00
64.70 91648.00
64.80 91648.00
64.90 91648.00
65.00 91648.00
65.10 89702.40
65.20 89702.40
65.30 89702.40
65.40 89702.40
65.50 89702.40
65.60 89702.40
65.70 89702.40
65.80 89702.40
65.90 89702.40
66.00 89702.40
66.10 89190.40
66.20 89190.40
66.30 89190.40
66.40 89190.40
66.50 89190.40
66.60 89190.40
66.70 89190.40
66.80 89190.40
66.90 89190.40
67.00 89190.40
67.10 92160.00
67.20 92160.00
67.30 92160.00
67.40 92160.00
67.50 92160.00
67.60 92160.00
67.70 92160.00
67.80 92160.00
67.90 92160.00
68.00 92160.00
68.10 89907.20
68.20 89907.20
68.30 89907.20
68.40 89907.20
68.50 89907.20
68.60 89907.20
68.70 89907.20
68.80 89907.20
68.90 89907.20
69.00 89907.20
69.10 91443.20
69.20 91443.20
69.30 91443.20
69.40 91443.20
69.50 91443.20
69.60 91443.20
69.70 91443.20
69.80 91443.20
69.90 91443.20
70.00 91443.20
70.10 90316.80
70.20 90316.80
70.30 90316.80
70.40 90316.80
70.50 90316.80
70.60 90316.80
70.70 90316.80
70.80 90316.80
70.90 90316.80
71.00 90316.80
71.10 92364.80
71.20 92364.80
71.30 92364.80
71.40 92364.80
71.50 92364.80
71.60 92364.80
71.70 92364.80
71.80 92364.80
71.90 92364.80
72.00 92364.80
72.10 88371.20
72.20 88371.20
72.30 88371.20
72.40 88371.20
72.50 88371.20
72.60 88371.20
72.70 88371.20
72.80 88371.20
72.90 88371.20
73.00 88371.20
73.10 90624.00
73.20 90624.00
73.30 90624.00
73.40 90624.00
73.50 90624.00
73.60 90624.00
73.70 90624.00
73.80 90624.00
73.90 90624.00
74.00 90624.00
74.10 92569.60
74.20 92569.60
74.30 92569.60
74.40 92569.60
74.50 92569.60
74.60 92569.60
74.70 92569.60
74.80 92569.60
74.90 92569.60
75.00 92569.60
75.10 90214.40
75.20 90214.40
75.30 90214.40
75.40 90214.40
75.50 90214.40
75.60 90214.40
75.70 90214.40
75.80 90214.40
75.90 90214.40
76.00 90214.40
76.10 93798.40
76.20 93798.40
76.30 93798.40
76.40 93798.40
76.50 93798.40
76.60 93798.40
76.70 93798.40
76.80 93798.40
76.90 93798.40
77.00 93798.40
77.10 92364.80
77.20 92364.80
77.30 92364.80
77.40 92364.80
77.50 92364.80
77.60 92364.80
77.70 92364.80
77.80 92364.80
77.90 92364.80
78.00 92364.80
78.10 87859.20
78.20 87859.20
78.30 87859.20
78.40 87859.20
78.50 87859.20
78.60 87859.20
78.70 87859.20
78.80 87859.20
78.90 87859.20
79.00 87859.20
79.10 91852.80
79.20 91852.80
79.30 91852.80
79.40 91852.80
79.50 91852.80
79.60 91852.80
79.70 91852.80
79.80 91852.80
79.90 91852.80
80.00 91852.80
80.10 91545.60
80.20 91545.60
80.30 91545.60
80.40 91545.60
80.50 91545.60
80.60 91545.60
80.70 91545.60
80.80 91545.60
80.90 91545.60
81.00 91545.60
81.10 65843.20
81.20 65843.20
81.30 65843.20
81.40 65843.20
81.50 65843.20
81.60 65843.20
81.70 65843.20
81.80 65843.20
81.90 65843.20
82.00 65843.20
82.10 117760.00
82.20 117760.00
82.30 117760.00
82.40 117760.00
82.50 117760.00
82.60 117760.00
82.70 117760.00
82.80 117760.00
82.90 117760.00
83.00 117760.00
83.10 90726.40
83.20 90726.40
83.30 90726.40
83.40 90726.40
83.50 90726.40
83.60 90726.40
83.70 90726.40
83.80 90726.40
83.90 90726.40
84.00 90726.40
84.10 91545.60
84.20 91545.60
84.30 91545.60
84.40 91545.60
84.50 91545.60
84.60 91545.60
84.70 91545.60
84.80 91545.60
84.90 91545.60
85.00 91545.60
85.10 91443.20
85.20 91443.20
85.30 91443.20
85.40 91443.20
85.50 91443.20
85.60 91443.20
85.70 91443.20
85.80 91443.20
85.90 91443.20
86.00 91443.20
86.10 92672.00
86.20 92672.00
86.30 92672.00
86.40 92672.00
86.50 92672.00
86.60 92672.00
86.70 92672.00
86.80 92672.00
86.90 92672.00
87.00 92672.00
87.10 28569.60
87.20 28569.60
87.30 28569.60
87.40 28569.60
87.50 28569.60
87.60 28569.60
87.70 28569.60
87.80 28569.60
87.90 28569.60
88.00 28569.60
88.10 155545.60
88.20 155545.60
88.30 155545.60
88.40 155545.60
88.50 155545.60
88.60 155545.60
88.70 155545.60
88.80 155545.60
88.90 155545.60
89.00 155545.60
89.10 90726.40
89.20 90726.40
89.30 90726.40
89.40 90726.40
89.50 90726.40
89.60 90726.40
89.70 90726.40
89.80 90726.40
89.90 90726.40
90.00 90726.40
90.10 90828.80
90.20 90828.80
90.30 90828.80
90.40 90828.80
90.50 90828.80
90.60 90828.80
90.70 90828.80
90.80 90828.80
90.90 90828.80
91.00 90828.80
91.10 90726.40
91.20 90726.40
91.30 90726.40
91.40 90726.40
91.50 90726.40
91.60 90726.40
91.70 90726.40
91.80 90726.40
91.90 90726.40
92.00 90726.40
92.10 90419.20
92.20 90419.20
92.30 90419.20
92.40 90419.20
92.50 90419.20
92.60 90419.20
92.70 90419.20
92.80 90419.20
92.90 90419.20
93.00 90419.20
93.10 91033.60
93.20 91033.60
93.30 91033.60
93.40 91033.60
93.50 91033.60
93.60 91033.60
93.70 91033.60
93.80 91033.60
93.90 91033.60
94.00 91033.60
94.10 91238.40
94.20 91238.40
94.30 91238.40
94.40 91238.40
94.50 91238.40
94.60 91238.40
94.70 91238.40
94.80 91238.40
94.90 91238.40
95.00 91238.40
95.10 90316.80
95.20 90316.80
95.30 90316.80
95.40 90316.80
95.50 90316.80
95.60 90316.80
95.70 90316.80
95.80 90316.80
95.90 90316.80
96.00 90316.80
96.10 90316.80
96.20 90316.80
96.30 90316.80
96.40 90316.80
96.50 90316.80
96.60 90316.80
96.70 90316.80
96.80 90316.80
96.90 90316.80
97.00 90316.80
97.10 91443.20
97.20 91443.20
97.30 91443.20
97.40 91443.20
97.50 91443.20
97.60 91443.20
97.70 91443.20
97.80 91443.20
97.90 91443.20
98.00 91443.20
98.10 89497.60
98.20 89497.60
98.30 89497.60
98.40 89497.60
98.50 89497.60
98.60 89497.60
98.70 89497.60
98.80 89497.60
98.90 89497.60
99.00 89497.60
99.10 59392.00
99.20 59392.00
99.30 59392.00
99.40 59392.00
99.50 59392.00
99.60 59392.00
99.70 59392.00
99.80 59392.00
99.90 59392.00
100.00 59392.00
100.10 117145.60
100.20 117145.60
100.30 117145.60
100.40 117145.60
100.50 117145.60
100.60 117145.60
100.70 117145.60
100.80 117145.60
100.90 117145.60
101.00 117145.60
101.10 89190.40
101.20 89190.40
101.30 89190.40
101.40 89190.40
101.50 89190.40
101.60 89190.40
101.70 89190.40
101.80 89190.40
101.90 89190.40
102.00 89190.40
102.10 91955.20
102.20 91955.20
102.30 91955.20
102.40 91955.20
102.50 91955.20
102.60 91955.20
102.70 91955.20
102.80 91955.20
102.90 91955.20
103.00 91955.20
103.10 92774.40
103.20 92774.40
103.30 92774.40
103.40 92774.40
103.50 92774.40
103.60 92774.40
103.70 92774.40
103.80 92774.40
103.90 92774.40
104.00 92774.40
104.10 91545.60
104.20 91545.60
104.30 91545.60
104.40 91545.60
104.50 91545.60
104.60 91545.60
104.70 91545.60
104.80 91545.60
104.90 91545.60
105.00 91545.60
105.10 50995.20
105.20 50995.20
105.30 50995.20
105.40 50995.20
105.50 50995.20
105.60 50995.20
105.70 50995.20
105.80 50995.20
105.90 50995.20
106.00 50995.20
106.10 133222.40
106.20 133222.40
106.30 133222.40
106.40 133222.40
106.50 133222.40
106.60 133222.40
106.70 133222.40
106.80 133222.40
106.90 133222.40
107.00 133222.40
107.10 89907.20
107.20 89907.20
107.30 89907.20
107.40 89907.20
107.50 89907.20
107.60 89907.20
107.70 89907.20
107.80 89907.20
107.90 89907.20
108.00 89907.20
108.10 90009.60
108.20 90009.60
108.30 90009.60
108.40 90009.60
108.50 90009.60
108.60 90009.60
108.70 90009.60
108.80 90009.60
108.90 90009.60
109.00 90009.60
109.10 93081.60
109.20 93081.60
109.30 93081.60
109.40 93081.60
109.50 93081.60
109.60 93081.60
109.70 93081.60
109.80 93081.60
109.90 93081.60
110.00 93081.60
110.10 94105.60
110.20 94105.60
110.30 94105.60
110.40 94105.60
110.50 94105.60
110.60 94105.60
110.70 94105.60
110.80 94105.60
110.90 94105.60
111.00 94105.60
111.10 92569.60
111.20 92569.60
111.30 92569.60
111.40 92569.60
111.50 92569.60
111.60 92569.60
111.70 92569.60
111.80 92569.60
111.90 92569.60
112.00 92569.60
112.10 88678.40
112.20 88678.40
112.30 88678.40
112.40 88678.40
112.50 88678.40
112.60 88678.40
112.70 88678.40
112.80 88678.40
112.90 88678.40
113.00 88678.40
113.10 93798.40
113.20 93798.40
113.30 93798.40
113.40 93798.40
113.50 93798.40
113.60 93798.40
113.70 93798.40
113.80 93798.40
113.90 93798.40
114.00 93798.40
114.10 92160.00
114.20 92160.00
114.30 92160.00
114.40 92160.00
114.50 92160.00
114.60 92160.00
114.70 92160.00
114.80 92160.00
114.90 92160.00
115.00 92160.00
115.10 94924.80
115.20 94924.80
115.30 94924.80
115.40 94924.80
115.50 94924.80
115.60 94924.80
115.70 94924.80
115.80 94924.80
115.90 94924.80
116.00 94924.80
116.10 95027.20
116.20 95027.20
116.30 95027.20
116.40 95027.20
116.50 95027.20
116.60 95027.20
116.70 95027.20
116.80 95027.20
116.90 95027.20
117.00 95027.20
117.10 96665.60
117.20 96665.60
117.30 96665.60
117.40 96665.60
117.50 96665.60
117.60 96665.60
117.70 96665.60
117.80 96665.60
117.90 96665.60
118.00 96665.60
118.10 95027.20
118.20 95027.20
118.30 95027.20
118.40 95027.20
118.50 95027.20
118.60 95027.20
118.70 95027.20
118.80 95027.20
118.90 95027.20
119.00 95027.20
119.10 93798.40
119.20 93798.40
119.30 93798.40
119.40 93798.40
119.50 93798.40
119.60 93798.40
119.70 93798.40
119.80 93798.40
119.90 93798.40
120.00 93798.40
