0.10 87552.00
0.20 87552.00
0.30 87552.00
0.40 87552.00
0.50 87552.00
0.60 87552.00
0.70 87552.00
0.80 87552.00
0.90 87552.00
1.00 87552.00
1.10 47308.80
1.20 47308.80
1.30 47308.80
1.40 47308.80
1.50 47308.80
1.60 47308.80
1.70 47308.80
1.80 47308.80
1.90 47308.80
2.00 47308.80
2.10 139161.60
2.20 139161.60
2.30 139161.60
2.40 139161.60
2.50 139161.60
2.60 139161.60
2.70 139161.60
2.80 139161.60
2.90 139161.60
3.00 139161.60
3.10 88268.80
3.20 88268.80
3.30 88268.80
3.40 88268.80
3.50 88268.80
3.60 88268.80
3.70 88268.80
3.80 88268.80
3.90 88268.80
4.00 88268.80
4.10 89088.00
4.20 89088.00
4.30 89088.00
4.40 89088.00
4.50 89088.00
4.60 89088.00
4.70 89088.00
4.80 89088.00
4.90 89088.00
5.00 89088.00
5.10 89600.00
5.20 89600.00
5.30 89600.00
5.40 89600.00
5.50 89600.00
5.60 89600.00
5.70 89600.00
5.80 89600.00
5.90 89600.00
6.00 89600.00
6.10 88473.60
6.20 88473.60
6.30 88473.60
6.40 88473.60
6.50 88473.60
6.60 88473.60
6.70 88473.60
6.80 88473.60
6.90 88473.60
7.00 88473.60
7.10 89497.60
7.20 89497.60
7.30 89497.60
7.40 89497.60
7.50 89497.60
7.60 89497.60
7.70 89497.60
7.80 89497.60
7.90 89497.60
8.00 89497.60
8.10 90828.80
8.20 90828.80
8.30 90828.80
8.40 90828.80
8.50 90828.80
8.60 90828.80
8.70 90828.80
8.80 90828.80
8.90 90828.80
9.00 90828.80
9.10 88883.20
9.20 88883.20
9.30 88883.20
9.40 88883.20
9.50 88883.20
9.60 88883.20
9.70 88883.20
9.80 88883.20
9.90 88883.20
10.00 88883.20
10.10 90316.80
10.20 90316.80
10.30 90316.80
10.40 90316.80
10.50 90316.80
10.60 90316.80
10.70 90316.80
10.80 90316.80
10.90 90316.80
11.00 90316.80
11.10 89497.60
11.20 89497.60
11.30 89497.60
11.40 89497.60
11.50 89497.60
11.60 89497.60
11.70 89497.60
11.80 89497.60
11.90 89497.60
12.00 89497.60
12.10 88780.80
12.20 88780.80
12.30 88780.80
12.40 88780.80
12.50 88780.80
12.60 88780.80
12.70 88780.80
12.80 88780.80
12.90 88780.80
13.00 88780.80
13.10 88268.80
13.20 88268.80
13.30 88268.80
13.40 88268.80
13.50 88268.80
13.60 88268.80
13.70 88268.80
13.80 88268.80
13.90 88268.80
14.00 88268.80
14.10 84377.60
14.20 84377.60
14.30 84377.60
14.40 84377.60
14.50 84377.60
14.60 84377.60
14.70 84377.60
14.80 84377.60
14.90 84377.60
15.00 84377.60
15.10 95129.60
15.20 95129.60
15.30 95129.60
15.40 95129.60
15.50 95129.60
15.60 95129.60
15.70 95129.60
15.80 95129.60
15.90 95129.60
16.00 95129.60
16.10 91545.60
16.20 91545.60
16.30 91545.60
16.40 91545.60
16.50 91545.60
16.60 91545.60
16.70 91545.60
16.80 91545.60
16.90 91545.60
17.00 91545.60
17.10 88064.00
17.20 88064.00
17.30 88064.00
17.40 88064.00
17.50 88064.00
17.60 88064.00
17.70 88064.00
17.80 88064.00
17.90 88064.00
18.00 88064.00
18.10 88678.40
18.20 88678.40
18.30 88678.40
18.40 88678.40
18.50 88678.40
18.60 88678.40
18.70 88678.40
18.80 88678.40
18.90 88678.40
19.00 88678.40
19.10 80076.80
19.20 80076.80
19.30 80076.80
19.40 80076.80
19.50 80076.80
19.60 80076.80
19.70 80076.80
19.80 80076.80
19.90 80076.80
20.00 80076.80
20.10 99840.00
20.20 99840.00
20.30 99840.00
20.40 99840.00
20.50 99840.00
20.60 99840.00
20.70 99840.00
20.80 99840.00
20.90 99840.00
21.00 99840.00
21.10 88678.40
21.20 88678.40
21.30 88678.40
21.40 88678.40
21.50 88678.40
21.60 88678.40
21.70 88678.40
21.80 88678.40
21.90 88678.40
22.00 88678.40
22.10 90316.80
22.20 90316.80
22.30 90316.80
22.40 90316.80
22.50 90316.80
22.60 90316.80
22.70 90316.80
22.80 90316.80
22.90 90316.80
23.00 90316.80
23.10 91238.40
23.20 91238.40
23.30 91238.40
23.40 91238.40
23.50 91238.40
23.60 91238.40
23.70 91238.40
23.80 91238.40
23.90 91238.40
24.00 91238.40
24.10 92160.00
24.20 92160.00
24.30 92160.00
24.40 92160.00
24.50 92160.00
24.60 92160.00
24.70 92160.00
24.80 92160.00
24.90 92160.00
25.00 92160.00
25.10 90624.00
25.20 90624.00
25.30 90624.00
25.40 90624.00
25.50 90624.00
25.60 90624.00
25.70 90624.00
25.80 90624.00
25.90 90624.00
26.00 90624.00
26.10 90624.00
26.20 90624.00
26.30 90624.00
26.40 90624.00
26.50 90624.00
26.60 90624.00
26.70 90624.00
26.80 90624.00
26.90 90624.00
27.00 90624.00
27.10 92774.40
27.20 92774.40
27.30 92774.40
27.40 92774.40
27.50 92774.40
27.60 92774.40
27.70 92774.40
27.80 92774.40
27.90 92774.40
28.00 92774.40
28.10 90419.20
28.20 90419.20
28.30 90419.20
28.40 90419.20
28.50 90419.20
28.60 90419.20
28.70 90419.20
28.80 90419.20
28.90 90419.20
29.00 90419.20
29.10 90828.80
29.20 90828.80
29.30 90828.80
29.40 90828.80
29.50 90828.80
29.60 90828.80
29.70 90828.80
29.80 90828.80
29.90 90828.80
30.00 90828.80
30.10 86528.00
30.20 86528.00
30.30 86528.00
30.40 86528.00
30.50 86528.00
30.60 86528.00
30.70 86528.00
30.80 86528.00
30.90 86528.00
31.00 86528.00
31.10 88473.60
31.20 88473.60
31.30 88473.60
31.40 88473.60
31.50 88473.60
31.60 88473.60
31.70 88473.60
31.80 88473.60
31.90 88473.60
32.00 88473.60
32.10 91852.80
32.20 91852.80
32.30 91852.80
32.40 91852.80
32.50 91852.80
32.60 91852.80
32.70 91852.80
32.80 91852.80
32.90 91852.80
33.00 91852.80
33.10 88678.40
33.20 88678.40
33.30 88678.40
33.40 88678.40
33.50 88678.40
33.60 88678.40
33.70 88678.40
33.80 88678.40
33.90 88678.40
34.00 88678.40
34.10 92569.60
34.20 92569.60
34.30 92569.60
34.40 92569.60
34.50 92569.60
34.60 92569.60
34.70 92569.60
34.80 92569.60
34.90 92569.60
35.00 92569.60
35.10 87347.20
35.20 87347.20
35.30 87347.20
35.40 87347.20
35.50 87347.20
35.60 87347.20
35.70 87347.20
35.80 87347.20
35.90 87347.20
36.00 87347.20
36.10 86937.60
36.20 86937.60
36.30 86937.60
36.40 86937.60
36.50 86937.60
36.60 86937.60
36.70 86937.60
36.80 86937.60
36.90 86937.60
37.00 86937.60
37.10 35635.20
37.20 35635.20
37.30 35635.20
37.40 35635.20
37.50 35635.20
37.60 35635.20
37.70 35635.20
37.80 35635.20
37.90 35635.20
38.00 35635.20
38.10 140288.00
38.20 140288.00
38.30 140288.00
38.40 140288.00
38.50 140288.00
38.60 140288.00
38.70 140288.00
38.80 140288.00
38.90 140288.00
39.00 140288.00
39.10 61849.60
39.20 61849.60
39.30 61849.60
39.40 61849.60
39.50 61849.60
39.60 61849.60
39.70 61849.60
39.80 61849.60
39.90 61849.60
40.00 61849.60
40.10 116224.00
40.20 116224.00
40.30 116224.00
40.40 116224.00
40.50 116224.00
40.60 116224.00
40.70 116224.00
40.80 116224.00
40.90 116224.00
41.00 116224.00
41.10 88883.20
41.20 88883.20
41.30 88883.20
41.40 88883.20
41.50 88883.20
41.60 88883.20
41.70 88883.20
41.80 88883.20
41.90 88883.20
42.00 88883.20
42.10 86937.60
42.20 86937.60
42.30 86937.60
42.40 86937.60
42.50 86937.60
42.60 86937.60
42.70 86937.60
42.80 86937.60
42.90 86937.60
43.00 86937.60
43.10 89702.40
43.20 89702.40
43.30 89702.40
43.40 89702.40
43.50 89702.40
43.60 89702.40
43.70 89702.40
43.80 89702.40
43.90 89702.40
44.00 89702.40
44.10 89600.00
44.20 89600.00
44.30 89600.00
44.40 89600.00
44.50 89600.00
44.60 89600.00
44.70 89600.00
44.80 89600.00
44.90 89600.00
45.00 89600.00
45.10 63488.00
45.20 63488.00
45.30 63488.00
45.40 63488.00
45.50 63488.00
45.60 63488.00
45.70 63488.00
45.80 63488.00
45.90 63488.00
46.00 63488.00
46.10 118169.60
46.20 118169.60
46.30 118169.60
46.40 118169.60
46.50 118169.60
46.60 118169.60
46.70 118169.60
46.80 118169.60
46.90 118169.60
47.00 118169.60
47.10 88883.20
47.20 88883.20
47.30 88883.20
47.40 88883.20
47.50 88883.20
47.60 88883.20
47.70 88883.20
47.80 88883.20
47.90 88883.20
48.00 88883.20
48.10 88780.80
48.20 88780.80
48.30 88780.80
48.40 88780.80
48.50 88780.80
48.60 88780.80
48.70 88780.80
48.80 88780.80
48.90 88780.80
49.00 88780.80
49.10 89702.40
49.20 89702.40
49.30 89702.40
49.40 89702.40
49.50 89702.40
49.60 89702.40
49.70 89702.40
49.80 89702.40
49.90 89702.40
50.00 89702.40
50.10 88268.80
50.20 88268.80
50.30 88268.80
50.40 88268.80
50.50 88268.80
50.60 88268.80
50.70 88268.80
50.80 88268.80
50.90 88268.80
51.00 88268.80
51.10 64307.20
51.20 64307.20
51.30 64307.20
51.40 64307.20
51.50 64307.20
51.60 64307.20
51.70 64307.20
51.80 64307.20
51.90 64307.20
52.00 64307.20
52.10 122368.00
52.20 122368.00
52.30 122368.00
52.40 122368.00
52.50 122368.00
52.60 122368.00
52.70 122368.00
52.80 122368.00
52.90 122368.00
53.00 122368.00
53.10 90828.80
53.20 90828.80
53.30 90828.80
53.40 90828.80
53.50 90828.80
53.60 90828.80
53.70 90828.80
53.80 90828.80
53.90 90828.80
54.00 90828.80
54.10 88371.20
54.20 88371.20
54.30 88371.20
54.40 88371.20
54.50 88371.20
54.60 88371.20
54.70 88371.20
54.80 88371.20
54.90 88371.20
55.00 88371.20
55.10 92160.00
55.20 92160.00
55.30 92160.00
55.40 92160.00
55.50 92160.00
55.60 92160.00
55.70 92160.00
55.80 92160.00
55.90 92160.00
56.00 92160.00
56.10 91955.20
56.20 91955.20
56.30 91955.20
56.40 91955.20
56.50 91955.20
56.60 91955.20
56.70 91955.20
56.80 91955.20
56.90 91955.20
57.00 91955.20
57.10 87552.00
57.20 87552.00
57.30 87552.00
57.40 87552.00
57.50 87552.00
57.60 87552.00
57.70 87552.00
57.80 87552.00
57.90 87552.00
58.00 87552.00
58.10 87961.60
58.20 87961.60
58.30 87961.60
58.40 87961.60
58.50 87961.60
58.60 87961.60
58.70 87961.60
58.80 87961.60
58.90 87961.60
59.00 87961.60
59.10 89497.60
59.20 89497.60
59.30 89497.60
59.40 89497.60
59.50 89497.60
59.60 89497.60
59.70 89497.60
59.80 89497.60
59.90 89497.60
60.00 89497.60
60.10 86528.00
60.20 86528.00
60.30 86528.00
60.40 86528.00
60.50 86528.00
60.60 86528.00
60.70 86528.00
60.80 86528.00
60.90 86528.00
61.00 86528.00
61.10 82636.80
61.20 82636.80
61.30 82636.80
61.40 82636.80
61.50 82636.80
61.60 82636.80
61.70 82636.80
61.80 82636.80
61.90 82636.80
62.00 82636.80
62.10 62259.20
62.20 62259.20
62.30 62259.20
62.40 62259.20
62.50 62259.20
62.60 62259.20
62.70 62259.20
62.80 62259.20
62.90 62259.20
63.00 62259.20
63.10 75878.40
63.20 75878.40
63.30 75878.40
63.40 75878.40
63.50 75878.40
63.60 75878.40
63.70 75878.40
63.80 75878.40
63.90 75878.40
64.00 75878.40
64.10 91648.00
64.20 91648.00
64.30 91648.00
64.40 91648.00
64.50 91648.00
64.60 91648.00
64.70 91648.00
64.80 91648.00
64.90 91648.00
65.00 91648.00
65.10 91648.00
65.20 91648.00
65.30 91648.00
65.40 91648.00
65.50 91648.00
65.60 91648.00
65.70 91648.00
65.80 91648.00
65.90 91648.00
66.00 91648.00
66.10 23449.60
66.20 23449.60
66.30 23449.60
66.40 23449.60
66.50 23449.60
66.60 23449.60
66.70 23449.60
66.80 23449.60
66.90 23449.60
67.00 23449.60
67.10 103219.20
67.20 103219.20
67.30 103219.20
67.40 103219.20
67.50 103219.20
67.60 103219.20
67.70 103219.20
67.80 103219.20
67.90 103219.20
68.00 103219.20
68.10 49766.40
68.20 49766.40
68.30 49766.40
68.40 49766.40
68.50 49766.40
68.60 49766.40
68.70 49766.40
68.80 49766.40
68.90 49766.40
69.00 49766.40
69.10 91648.00
69.20 91648.00
69.30 91648.00
69.40 91648.00
69.50 91648.00
69.60 91648.00
69.70 91648.00
69.80 91648.00
69.90 91648.00
70.00 91648.00
70.10 91136.00
70.20 91136.00
70.30 91136.00
70.40 91136.00
70.50 91136.00
70.60 91136.00
70.70 91136.00
70.80 91136.00
70.90 91136.00
71.00 91136.00
71.10 89292.80
71.20 89292.80
71.30 89292.80
71.40 89292.80
71.50 89292.80
71.60 89292.80
71.70 89292.80
71.80 89292.80
71.90 89292.80
72.00 89292.80
72.10 91136.00
72.20 91136.00
72.30 91136.00
72.40 91136.00
72.50 91136.00
72.60 91136.00
72.70 91136.00
72.80 91136.00
72.90 91136.00
73.00 91136.00
73.10 28672.00
73.20 28672.00
73.30 28672.00
73.40 28672.00
73.50 28672.00
73.60 28672.00
73.70 28672.00
73.80 28672.00
73.90 28672.00
74.00 28672.00
74.10 151654.40
74.20 151654.40
74.30 151654.40
74.40 151654.40
74.50 151654.40
74.60 151654.40
74.70 151654.40
74.80 151654.40
74.90 151654.40
75.00 151654.40
75.10 91238.40
75.20 91238.40
75.30 91238.40
75.40 91238.40
75.50 91238.40
75.60 91238.40
75.70 91238.40
75.80 91238.40
75.90 91238.40
76.00 91238.40
76.10 87961.60
76.20 87961.60
76.30 87961.60
76.40 87961.60
76.50 87961.60
76.60 87961.60
76.70 87961.60
76.80 87961.60
76.90 87961.60
77.00 87961.60
77.10 57856.00
77.20 57856.00
77.30 57856.00
77.40 57856.00
77.50 57856.00
77.60 57856.00
77.70 57856.00
77.80 57856.00
77.90 57856.00
78.00 57856.00
78.10 113254.40
78.20 113254.40
78.30 113254.40
78.40 113254.40
78.50 113254.40
78.60 113254.40
78.70 113254.40
78.80 113254.40
78.90 113254.40
79.00 113254.40
79.10 102400.00
79.20 102400.00
79.30 102400.00
79.40 102400.00
79.50 102400.00
79.60 102400.00
79.70 102400.00
79.80 102400.00
79.90 102400.00
80.00 102400.00
80.10 87244.80
80.20 87244.80
80.30 87244.80
80.40 87244.80
80.50 87244.80
80.60 87244.80
80.70 87244.80
80.80 87244.80
80.90 87244.80
81.00 87244.80
81.10 87961.60
81.20 87961.60
81.30 87961.60
81.40 87961.60
81.50 87961.60
81.60 87961.60
81.70 87961.60
81.80 87961.60
81.90 87961.60
82.00 87961.60
82.10 92364.80
82.20 92364.80
82.30 92364.80
82.40 92364.80
82.50 92364.80
82.60 92364.80
82.70 92364.80
82.80 92364.80
82.90 92364.80
83.00 92364.80
83.10 91033.60
83.20 91033.60
83.30 91033.60
83.40 91033.60
83.50 91033.60
83.60 91033.60
83.70 91033.60
83.80 91033.60
83.90 91033.60
84.00 91033.60
84.10 90726.40
84.20 90726.40
84.30 90726.40
84.40 90726.40
84.50 90726.40
84.60 90726.40
84.70 90726.40
84.80 90726.40
84.90 90726.40
85.00 90726.40
85.10 88473.60
85.20 88473.60
85.30 88473.60
85.40 88473.60
85.50 88473.60
85.60 88473.60
85.70 88473.60
85.80 88473.60
85.90 88473.60
86.00 88473.60
86.10 84992.00
86.20 84992.00
86.30 84992.00
86.40 84992.00
86.50 84992.00
86.60 84992.00
86.70 84992.00
86.80 84992.00
86.90 84992.00
87.00 84992.00
87.10 91545.60
87.20 91545.60
87.30 91545.60
87.40 91545.60
87.50 91545.60
87.60 91545.60
87.70 91545.60
87.80 91545.60
87.90 91545.60
88.00 91545.60
88.10 90419.20
88.20 90419.20
88.30 90419.20
88.40 90419.20
88.50 90419.20
88.60 90419.20
88.70 90419.20
88.80 90419.20
88.90 90419.20
89.00 90419.20
89.10 86835.20
89.20 86835.20
89.30 86835.20
89.40 86835.20
89.50 86835.20
89.60 86835.20
89.70 86835.20
89.80 86835.20
89.90 86835.20
90.00 86835.20
90.10 89600.00
90.20 89600.00
90.30 89600.00
90.40 89600.00
90.50 89600.00
90.60 89600.00
90.70 89600.00
90.80 89600.00
90.90 89600.00
91.00 89600.00
91.10 65433.60
91.20 65433.60
91.30 65433.60
91.40 65433.60
91.50 65433.60
91.60 65433.60
91.70 65433.60
91.80 65433.60
91.90 65433.60
92.00 65433.60
92.10 120524.80
92.20 120524.80
92.30 120524.80
92.40 120524.80
92.50 120524.80
92.60 120524.80
92.70 120524.80
92.80 120524.80
92.90 120524.80
93.00 120524.80
93.10 88780.80
93.20 88780.80
93.30 88780.80
93.40 88780.80
93.50 88780.80
93.60 88780.80
93.70 88780.80
93.80 88780.80
93.90 88780.80
94.00 88780.80
94.10 91443.20
94.20 91443.20
94.30 91443.20
94.40 91443.20
94.50 91443.20
94.60 91443.20
94.70 91443.20
94.80 91443.20
94.90 91443.20
95.00 91443.20
95.10 90726.40
95.20 90726.40
95.30 90726.40
95.40 90726.40
95.50 90726.40
95.60 90726.40
95.70 90726.40
95.80 90726.40
95.90 90726.40
96.00 90726.40
96.10 92262.40
96.20 92262.40
96.30 92262.40
96.40 92262.40
96.50 92262.40
96.60 92262.40
96.70 92262.40
96.80 92262.40
96.90 92262.40
97.00 92262.40
97.10 87859.20
97.20 87859.20
97.30 87859.20
97.40 87859.20
97.50 87859.20
97.60 87859.20
97.70 87859.20
97.80 87859.20
97.90 87859.20
98.00 87859.20
98.10 90624.00
98.20 90624.00
98.30 90624.00
98.40 90624.00
98.50 90624.00
98.60 90624.00
98.70 90624.00
98.80 90624.00
98.90 90624.00
99.00 90624.00
99.10 90419.20
99.20 90419.20
99.30 90419.20
99.40 90419.20
99.50 90419.20
99.60 90419.20
99.70 90419.20
99.80 90419.20
99.90 90419.20
100.00 90419.20
100.10 91033.60
100.20 91033.60
100.30 91033.60
100.40 91033.60
100.50 91033.60
100.60 91033.60
100.70 91033.60
100.80 91033.60
100.90 91033.60
101.00 91033.60
101.10 87244.80
101.20 87244.80
101.30 87244.80
101.40 87244.80
101.50 87244.80
101.60 87244.80
101.70 87244.80
101.80 87244.80
101.90 87244.80
102.00 87244.80
102.10 84992.00
102.20 84992.00
102.30 84992.00
102.40 84992.00
102.50 84992.00
102.60 84992.00
102.70 84992.00
102.80 84992.00
102.90 84992.00
103.00 84992.00
103.10 85708.80
103.20 85708.80
103.30 85708.80
103.40 85708.80
103.50 85708.80
103.60 85708.80
103.70 85708.80
103.80 85708.80
103.90 85708.80
104.00 85708.80
104.10 34611.20
104.20 34611.20
104.30 34611.20
104.40 34611.20
104.50 34611.20
104.60 34611.20
104.70 34611.20
104.80 34611.20
104.90 34611.20
105.00 34611.20
105.10 148275.20
105.20 148275.20
105.30 148275.20
105.40 148275.20
105.50 148275.20
105.60 148275.20
105.70 148275.20
105.80 148275.20
105.90 148275.20
106.00 148275.20
106.10 90726.40
106.20 90726.40
106.30 90726.40
106.40 90726.40
106.50 90726.40
106.60 90726.40
106.70 90726.40
106.80 90726.40
106.90 90726.40
107.00 90726.40
107.10 86835.20
107.20 86835.20
107.30 86835.20
107.40 86835.20
107.50 86835.20
107.60 86835.20
107.70 86835.20
107.80 86835.20
107.90 86835.20
108.00 86835.20
108.10 89497.60
108.20 89497.60
108.30 89497.60
108.40 89497.60
108.50 89497.60
108.60 89497.60
108.70 89497.60
108.80 89497.60
108.90 89497.60
109.00 89497.60
109.10 94720.00
109.20 94720.00
109.30 94720.00
109.40 94720.00
109.50 94720.00
109.60 94720.00
109.70 94720.00
109.80 94720.00
109.90 94720.00
110.00 94720.00
110.10 91136.00
110.20 91136.00
110.30 91136.00
110.40 91136.00
110.50 91136.00
110.60 91136.00
110.70 91136.00
110.80 91136.00
110.90 91136.00
111.00 91136.00
111.10 92979.20
111.20 92979.20
111.30 92979.20
111.40 92979.20
111.50 92979.20
111.60 92979.20
111.70 92979.20
111.80 92979.20
111.90 92979.20
112.00 92979.20
112.10 88678.40
112.20 88678.40
112.30 88678.40
112.40 88678.40
112.50 88678.40
112.60 88678.40
112.70 88678.40
112.80 88678.40
112.90 88678.40
113.00 88678.40
113.10 50585.60
113.20 50585.60
113.30 50585.60
113.40 50585.60
113.50 50585.60
113.60 50585.60
113.70 50585.60
113.80 50585.60
113.90 50585.60
114.00 50585.60
114.10 122060.80
114.20 122060.80
114.30 122060.80
114.40 122060.80
114.50 122060.80
114.60 122060.80
114.70 122060.80
114.80 122060.80
114.90 122060.80
115.00 122060.80
115.10 90828.80
115.20 90828.80
115.30 90828.80
115.40 90828.80
115.50 90828.80
115.60 90828.80
115.70 90828.80
115.80 90828.80
115.90 90828.80
116.00 90828.80
116.10 92569.60
116.20 92569.60
116.30 92569.60
116.40 92569.60
116.50 92569.60
116.60 92569.60
116.70 92569.60
116.80 92569.60
116.90 92569.60
117.00 92569.60
117.10 92364.80
117.20 92364.80
117.30 92364.80
117.40 92364.80
117.50 92364.80
117.60 92364.80
117.70 92364.80
117.80 92364.80
117.90 92364.80
118.00 92364.80
118.10 89088.00
118.20 89088.00
118.30 89088.00
118.40 89088.00
118.50 89088.00
118.60 89088.00
118.70 89088.00
118.80 89088.00
118.90 89088.00
119.00 89088.00
119.10 92262.40
119.20 92262.40
119.30 92262.40
119.40 92262.40
119.50 92262.40
119.60 92262.40
119.70 92262.40
119.80 92262.40
119.90 92262.40
120.00 92262.40
