0.10 91545.60
0.20 91545.60
0.30 91545.60
0.40 91545.60
0.50 91545.60
0.60 91545.60
0.70 91545.60
0.80 91545.60
0.90 91545.60
1.00 91545.60
1.10 90316.80
1.20 90316.80
1.30 90316.80
1.40 90316.80
1.50 90316.80
1.60 90316.80
1.70 90316.80
1.80 90316.80
1.90 90316.80
2.00 90316.80
2.10 90624.00
2.20 90624.00
2.30 90624.00
2.40 90624.00
2.50 90624.00
2.60 90624.00
2.70 90624.00
2.80 90624.00
2.90 90624.00
3.00 90624.00
3.10 86835.20
3.20 86835.20
3.30 86835.20
3.40 86835.20
3.50 86835.20
3.60 86835.20
3.70 86835.20
3.80 86835.20
3.90 86835.20
4.00 86835.20
4.10 87142.40
4.20 87142.40
4.30 87142.40
4.40 87142.40
4.50 87142.40
4.60 87142.40
4.70 87142.40
4.80 87142.40
4.90 87142.40
5.00 87142.40
5.10 90828.80
5.20 90828.80
5.30 90828.80
5.40 90828.80
5.50 90828.80
5.60 90828.80
5.70 90828.80
5.80 90828.80
5.90 90828.80
6.00 90828.80
6.10 91033.60
6.20 91033.60
6.30 91033.60
6.40 91033.60
6.50 91033.60
6.60 91033.60
6.70 91033.60
6.80 91033.60
6.90 91033.60
7.00 91033.60
7.10 88064.00
7.20 88064.00
7.30 88064.00
7.40 88064.00
7.50 88064.00
7.60 88064.00
7.70 88064.00
7.80 88064.00
7.90 88064.00
8.00 88064.00
8.10 91648.00
8.20 91648.00
8.30 91648.00
8.40 91648.00
8.50 91648.00
8.60 91648.00
8.70 91648.00
8.80 91648.00
8.90 91648.00
9.00 91648.00
9.10 90828.80
9.20 90828.80
9.30 90828.80
9.40 90828.80
9.50 90828.80
9.60 90828.80
9.70 90828.80
9.80 90828.80
9.90 90828.80
10.00 90828.80
10.10 88473.60
10.20 88473.60
10.30 88473.60
10.40 88473.60
10.50 88473.60
10.60 88473.60
10.70 88473.60
10.80 88473.60
10.90 88473.60
11.00 88473.60
11.10 89292.80
11.20 89292.80
11.30 89292.80
11.40 89292.80
11.50 89292.80
11.60 89292.80
11.70 89292.80
11.80 89292.80
11.90 89292.80
12.00 89292.80
12.10 94310.40
12.20 94310.40
12.30 94310.40
12.40 94310.40
12.50 94310.40
12.60 94310.40
12.70 94310.40
12.80 94310.40
12.90 94310.40
13.00 94310.40
13.10 90009.60
13.20 90009.60
13.30 90009.60
13.40 90009.60
13.50 90009.60
13.60 90009.60
13.70 90009.60
13.80 90009.60
13.90 90009.60
14.00 90009.60
14.10 50995.20
14.20 50995.20
14.30 50995.20
14.40 50995.20
14.50 50995.20
14.60 50995.20
14.70 50995.20
14.80 50995.20
14.90 50995.20
15.00 50995.20
15.10 137932.80
15.20 137932.80
15.30 137932.80
15.40 137932.80
15.50 137932.80
15.60 137932.80
15.70 137932.80
15.80 137932.80
15.90 137932.80
16.00 137932.80
16.10 90419.20
16.20 90419.20
16.30 90419.20
16.40 90419.20
16.50 90419.20
16.60 90419.20
16.70 90419.20
16.80 90419.20
16.90 90419.20
17.00 90419.20
17.10 93491.20
17.20 93491.20
17.30 93491.20
17.40 93491.20
17.50 93491.20
17.60 93491.20
17.70 93491.20
17.80 93491.20
17.90 93491.20
18.00 93491.20
18.10 89190.40
18.20 89190.40
18.30 89190.40
18.40 89190.40
18.50 89190.40
18.60 89190.40
18.70 89190.40
18.80 89190.40
18.90 89190.40
19.00 89190.40
19.10 63692.80
19.20 63692.80
19.30 63692.80
19.40 63692.80
19.50 63692.80
19.60 63692.80
19.70 63692.80
19.80 63692.80
19.90 63692.80
20.00 63692.80
20.10 120422.40
20.20 120422.40
20.30 120422.40
20.40 120422.40
20.50 120422.40
20.60 120422.40
20.70 120422.40
20.80 120422.40
20.90 120422.40
21.00 120422.40
21.10 86118.40
21.20 86118.40
21.30 86118.40
21.40 86118.40
21.50 86118.40
21.60 86118.40
21.70 86118.40
21.80 86118.40
21.90 86118.40
22.00 86118.40
22.10 86016.00
22.20 86016.00
22.30 86016.00
22.40 86016.00
22.50 86016.00
22.60 86016.00
22.70 86016.00
22.80 86016.00
22.90 86016.00
23.00 86016.00
23.10 89088.00
23.20 89088.00
23.30 89088.00
23.40 89088.00
23.50 89088.00
23.60 89088.00
23.70 89088.00
23.80 89088.00
23.90 89088.00
24.00 89088.00
24.10 87142.40
24.20 87142.40
24.30 87142.40
24.40 87142.40
24.50 87142.40
24.60 87142.40
24.70 87142.40
24.80 87142.40
24.90 87142.40
25.00 87142.40
25.10 91443.20
25.20 91443.20
25.30 91443.20
25.40 91443.20
25.50 91443.20
25.60 91443.20
25.70 91443.20
25.80 91443.20
25.90 91443.20
26.00 91443.20
26.10 85196.80
26.20 85196.80
26.30 85196.80
26.40 85196.80
26.50 85196.80
26.60 85196.80
26.70 85196.80
26.80 85196.80
26.90 85196.80
27.00 85196.80
27.10 89702.40
27.20 89702.40
27.30 89702.40
27.40 89702.40
27.50 89702.40
27.60 89702.40
27.70 89702.40
27.80 89702.40
27.90 89702.40
28.00 89702.40
28.10 90316.80
28.20 90316.80
28.30 90316.80
28.40 90316.80
28.50 90316.80
28.60 90316.80
28.70 90316.80
28.80 90316.80
28.90 90316.80
29.00 90316.80
29.10 91955.20
29.20 91955.20
29.30 91955.20
29.40 91955.20
29.50 91955.20
29.60 91955.20
29.70 91955.20
29.80 91955.20
29.90 91955.20
30.00 91955.20
30.10 89292.80
30.20 89292.80
30.30 89292.80
30.40 89292.80
30.50 89292.80
30.60 89292.80
30.70 89292.80
30.80 89292.80
30.90 89292.80
31.00 89292.80
31.10 91443.20
31.20 91443.20
31.30 91443.20
31.40 91443.20
31.50 91443.20
31.60 91443.20
31.70 91443.20
31.80 91443.20
31.90 91443.20
32.00 91443.20
32.10 92364.80
32.20 92364.80
32.30 92364.80
32.40 92364.80
32.50 92364.80
32.60 92364.80
32.70 92364.80
32.80 92364.80
32.90 92364.80
33.00 92364.80
33.10 79052.80
33.20 79052.80
33.30 79052.80
33.40 79052.80
33.50 79052.80
33.60 79052.80
33.70 79052.80
33.80 79052.80
33.90 79052.80
34.00 79052.80
34.10 99328.00
34.20 99328.00
34.30 99328.00
34.40 99328.00
34.50 99328.00
34.60 99328.00
34.70 99328.00
34.80 99328.00
34.90 99328.00
35.00 99328.00
35.10 75878.40
35.20 75878.40
35.30 75878.40
35.40 75878.40
35.50 75878.40
35.60 75878.40
35.70 75878.40
35.80 75878.40
35.90 75878.40
36.00 75878.40
36.10 100864.00
36.20 100864.00
36.30 100864.00
36.40 100864.00
36.50 100864.00
36.60 100864.00
36.70 100864.00
36.80 100864.00
36.90 100864.00
37.00 100864.00
37.10 91852.80
37.20 91852.80
37.30 91852.80
37.40 91852.80
37.50 91852.80
37.60 91852.80
37.70 91852.80
37.80 91852.80
37.90 91852.80
38.00 91852.80
38.10 89907.20
38.20 89907.20
38.30 89907.20
38.40 89907.20
38.50 89907.20
38.60 89907.20
38.70 89907.20
38.80 89907.20
38.90 89907.20
39.00 89907.20
39.10 90009.60
39.20 90009.60
39.30 90009.60
39.40 90009.60
39.50 90009.60
39.60 90009.60
39.70 90009.60
39.80 90009.60
39.90 90009.60
40.00 90009.60
40.10 92569.60
40.20 92569.60
40.30 92569.60
40.40 92569.60
40.50 92569.60
40.60 92569.60
40.70 92569.60
40.80 92569.60
40.90 92569.60
41.00 92569.60
41.10 94720.00
41.20 94720.00
41.30 94720.00
41.40 94720.00
41.50 94720.00
41.60 94720.00
41.70 94720.00
41.80 94720.00
41.90 94720.00
42.00 94720.00
42.10 88780.80
42.20 88780.80
42.30 88780.80
42.40 88780.80
42.50 88780.80
42.60 88780.80
42.70 88780.80
42.80 88780.80
42.90 88780.80
43.00 88780.80
43.10 87552.00
43.20 87552.00
43.30 87552.00
43.40 87552.00
43.50 87552.00
43.60 87552.00
43.70 87552.00
43.80 87552.00
43.90 87552.00
44.00 87552.00
44.10 86016.00
44.20 86016.00
44.30 86016.00
44.40 86016.00
44.50 86016.00
44.60 86016.00
44.70 86016.00
44.80 86016.00
44.90 86016.00
45.00 86016.00
45.10 85913.60
45.20 85913.60
45.30 85913.60
45.40 85913.60
45.50 85913.60
45.60 85913.60
45.70 85913.60
45.80 85913.60
45.90 85913.60
46.00 85913.60
46.10 86016.00
46.20 86016.00
46.30 86016.00
46.40 86016.00
46.50 86016.00
46.60 86016.00
46.70 86016.00
46.80 86016.00
46.90 86016.00
47.00 86016.00
47.10 90828.80
47.20 90828.80
47.30 90828.80
47.40 90828.80
47.50 90828.80
47.60 90828.80
47.70 90828.80
47.80 90828.80
47.90 90828.80
48.00 90828.80
48.10 91955.20
48.20 91955.20
48.30 91955.20
48.40 91955.20
48.50 91955.20
48.60 91955.20
48.70 91955.20
48.80 91955.20
48.90 91955.20
49.00 91955.20
49.10 92160.00
49.20 92160.00
49.30 92160.00
49.40 92160.00
49.50 92160.00
49.60 92160.00
49.70 92160.00
49.80 92160.00
49.90 92160.00
50.00 92160.00
50.10 47104.00
50.20 47104.00
50.30 47104.00
50.40 47104.00
50.50 47104.00
50.60 47104.00
50.70 47104.00
50.80 47104.00
50.90 47104.00
51.00 47104.00
51.10 131276.80
51.20 131276.80
51.30 131276.80
51.40 131276.80
51.50 131276.80
51.60 131276.80
51.70 131276.80
51.80 131276.80
51.90 131276.80
52.00 131276.80
52.10 89497.60
52.20 89497.60
52.30 89497.60
52.40 89497.60
52.50 89497.60
52.60 89497.60
52.70 89497.60
52.80 89497.60
52.90 89497.60
53.00 89497.60
53.10 81612.80
53.20 81612.80
53.30 81612.80
53.40 81612.80
53.50 81612.80
53.60 81612.80
53.70 81612.80
53.80 81612.80
53.90 81612.80
54.00 81612.80
54.10 95846.40
54.20 95846.40
54.30 95846.40
54.40 95846.40
54.50 95846.40
54.60 95846.40
54.70 95846.40
54.80 95846.40
54.90 95846.40
55.00 95846.40
55.10 85299.20
55.20 85299.20
55.30 85299.20
55.40 85299.20
55.50 85299.20
55.60 85299.20
55.70 85299.20
55.80 85299.20
55.90 85299.20
56.00 85299.20
56.10 100761.60
56.20 100761.60
56.30 100761.60
56.40 100761.60
56.50 100761.60
56.60 100761.60
56.70 100761.60
56.80 100761.60
56.90 100761.60
57.00 100761.60
57.10 88678.40
57.20 88678.40
57.30 88678.40
57.40 88678.40
57.50 88678.40
57.60 88678.40
57.70 88678.40
57.80 88678.40
57.90 88678.40
58.00 88678.40
58.10 86835.20
58.20 86835.20
58.30 86835.20
58.40 86835.20
58.50 86835.20
58.60 86835.20
58.70 86835.20
58.80 86835.20
58.90 86835.20
59.00 86835.20
59.10 87654.40
59.20 87654.40
59.30 87654.40
59.40 87654.40
59.50 87654.40
59.60 87654.40
59.70 87654.40
59.80 87654.40
59.90 87654.40
60.00 87654.40
60.10 86323.20
60.20 86323.20
60.30 86323.20
60.40 86323.20
60.50 86323.20
60.60 86323.20
60.70 86323.20
60.80 86323.20
60.90 86323.20
61.00 86323.20
61.10 89907.20
61.20 89907.20
61.30 89907.20
61.40 89907.20
61.50 89907.20
61.60 89907.20
61.70 89907.20
61.80 89907.20
61.90 89907.20
62.00 89907.20
62.10 84377.60
62.20 84377.60
62.30 84377.60
62.40 84377.60
62.50 84377.60
62.60 84377.60
62.70 84377.60
62.80 84377.60
62.90 84377.60
63.00 84377.60
63.10 89907.20
63.20 89907.20
63.30 89907.20
63.40 89907.20
63.50 89907.20
63.60 89907.20
63.70 89907.20
63.80 89907.20
63.90 89907.20
64.00 89907.20
64.10 88883.20
64.20 88883.20
64.30 88883.20
64.40 88883.20
64.50 88883.20
64.60 88883.20
64.70 88883.20
64.80 88883.20
64.90 88883.20
65.00 88883.20
65.10 88473.60
65.20 88473.60
65.30 88473.60
65.40 88473.60
65.50 88473.60
65.60 88473.60
65.70 88473.60
65.80 88473.60
65.90 88473.60
66.00 88473.60
66.10 91443.20
66.20 91443.20
66.30 91443.20
66.40 91443.20
66.50 91443.20
66.60 91443.20
66.70 91443.20
66.80 91443.20
66.90 91443.20
67.00 91443.20
67.10 90828.80
67.20 90828.80
67.30 90828.80
67.40 90828.80
67.50 90828.80
67.60 90828.80
67.70 90828.80
67.80 90828.80
67.90 90828.80
68.00 90828.80
68.10 91238.40
68.20 91238.40
68.30 91238.40
68.40 91238.40
68.50 91238.40
68.60 91238.40
68.70 91238.40
68.80 91238.40
68.90 91238.40
69.00 91238.40
69.10 90419.20
69.20 90419.20
69.30 90419.20
69.40 90419.20
69.50 90419.20
69.60 90419.20
69.70 90419.20
69.80 90419.20
69.90 90419.20
70.00 90419.20
70.10 39936.00
70.20 39936.00
70.30 39936.00
70.40 39936.00
70.50 39936.00
70.60 39936.00
70.70 39936.00
70.80 39936.00
70.90 39936.00
71.00 39936.00
71.10 131481.60
71.20 131481.60
71.30 131481.60
71.40 131481.60
71.50 131481.60
71.60 131481.60
71.70 131481.60
71.80 131481.60
71.90 131481.60
72.00 131481.60
72.10 95129.60
72.20 95129.60
72.30 95129.60
72.40 95129.60
72.50 95129.60
72.60 95129.60
72.70 95129.60
72.80 95129.60
72.90 95129.60
73.00 95129.60
73.10 93491.20
73.20 93491.20
73.30 93491.20
73.40 93491.20
73.50 93491.20
73.60 93491.20
73.70 93491.20
73.80 93491.20
73.90 93491.20
74.00 93491.20
74.10 90828.80
74.20 90828.80
74.30 90828.80
74.40 90828.80
74.50 90828.80
74.60 90828.80
74.70 90828.80
74.80 90828.80
74.90 90828.80
75.00 90828.80
75.10 89497.60
75.20 89497.60
75.30 89497.60
75.40 89497.60
75.50 89497.60
75.60 89497.60
75.70 89497.60
75.80 89497.60
75.90 89497.60
76.00 89497.60
76.10 88678.40
76.20 88678.40
76.30 88678.40
76.40 88678.40
76.50 88678.40
76.60 88678.40
76.70 88678.40
76.80 88678.40
76.90 88678.40
77.00 88678.40
77.10 86732.80
77.20 86732.80
77.30 86732.80
77.40 86732.80
77.50 86732.80
77.60 86732.80
77.70 86732.80
77.80 86732.80
77.90 86732.80
78.00 86732.80
78.10 92569.60
78.20 92569.60
78.30 92569.60
78.40 92569.60
78.50 92569.60
78.60 92569.60
78.70 92569.60
78.80 92569.60
78.90 92569.60
79.00 92569.60
79.10 93798.40
79.20 93798.40
79.30 93798.40
79.40 93798.40
79.50 93798.40
79.60 93798.40
79.70 93798.40
79.80 93798.40
79.90 93798.40
80.00 93798.40
80.10 88371.20
80.20 88371.20
80.30 88371.20
80.40 88371.20
80.50 88371.20
80.60 88371.20
80.70 88371.20
80.80 88371.20
80.90 88371.20
81.00 88371.20
81.10 87347.20
81.20 87347.20
81.30 87347.20
81.40 87347.20
81.50 87347.20
81.60 87347.20
81.70 87347.20
81.80 87347.20
81.90 87347.20
82.00 87347.20
82.10 89497.60
82.20 89497.60
82.30 89497.60
82.40 89497.60
82.50 89497.60
82.60 89497.60
82.70 89497.60
82.80 89497.60
82.90 89497.60
83.00 89497.60
83.10 79769.60
83.20 79769.60
83.30 79769.60
83.40 79769.60
83.50 79769.60
83.60 79769.60
83.70 79769.60
83.80 79769.60
83.90 79769.60
84.00 79769.60
84.10 98201.60
84.20 98201.60
84.30 98201.60
84.40 98201.60
84.50 98201.60
84.60 98201.60
84.70 98201.60
84.80 98201.60
84.90 98201.60
85.00 98201.60
85.10 89088.00
85.20 89088.00
85.30 89088.00
85.40 89088.00
85.50 89088.00
85.60 89088.00
85.70 89088.00
85.80 89088.00
85.90 89088.00
86.00 89088.00
86.10 93184.00
86.20 93184.00
86.30 93184.00
86.40 93184.00
86.50 93184.00
86.60 93184.00
86.70 93184.00
86.80 93184.00
86.90 93184.00
87.00 93184.00
87.10 92364.80
87.20 92364.80
87.30 92364.80
87.40 92364.80
87.50 92364.80
87.60 92364.80
87.70 92364.80
87.80 92364.80
87.90 92364.80
88.00 92364.80
88.10 88268.80
88.20 88268.80
88.30 88268.80
88.40 88268.80
88.50 88268.80
88.60 88268.80
88.70 88268.80
88.80 88268.80
88.90 88268.80
89.00 88268.80
89.10 92569.60
89.20 92569.60
89.30 92569.60
89.40 92569.60
89.50 92569.60
89.60 92569.60
89.70 92569.60
89.80 92569.60
89.90 92569.60
90.00 92569.60
90.10 89190.40
90.20 89190.40
90.30 89190.40
90.40 89190.40
90.50 89190.40
90.60 89190.40
90.70 89190.40
90.80 89190.40
90.90 89190.40
91.00 89190.40
91.10 87961.60
91.20 87961.60
91.30 87961.60
91.40 87961.60
91.50 87961.60
91.60 87961.60
91.70 87961.60
91.80 87961.60
91.90 87961.60
92.00 87961.60
92.10 88883.20
92.20 88883.20
92.30 88883.20
92.40 88883.20
92.50 88883.20
92.60 88883.20
92.70 88883.20
92.80 88883.20
92.90 88883.20
93.00 88883.20
93.10 87552.00
93.20 87552.00
93.30 87552.00
93.40 87552.00
93.50 87552.00
93.60 87552.00
93.70 87552.00
93.80 87552.00
93.90 87552.00
94.00 87552.00
94.10 88678.40
94.20 88678.40
94.30 88678.40
94.40 88678.40
94.50 88678.40
94.60 88678.40
94.70 88678.40
94.80 88678.40
94.90 88678.40
95.00 88678.40
95.10 89190.40
95.20 89190.40
95.30 89190.40
95.40 89190.40
95.50 89190.40
95.60 89190.40
95.70 89190.40
95.80 89190.40
95.90 89190.40
96.00 89190.40
96.10 90419.20
96.20 90419.20
96.30 90419.20
96.40 90419.20
96.50 90419.20
96.60 90419.20
96.70 90419.20
96.80 90419.20
96.90 90419.20
97.00 90419.20
97.10 91443.20
97.20 91443.20
97.30 91443.20
97.40 91443.20
97.50 91443.20
97.60 91443.20
97.70 91443.20
97.80 91443.20
97.90 91443.20
98.00 91443.20
98.10 85708.80
98.20 85708.80
98.30 85708.80
98.40 85708.80
98.50 85708.80
98.60 85708.80
98.70 85708.80
98.80 85708.80
98.90 85708.80
99.00 85708.80
99.10 98099.20
99.20 98099.20
99.30 98099.20
99.40 98099.20
99.50 98099.20
99.60 98099.20
99.70 98099.20
99.80 98099.20
99.90 98099.20
100.00 98099.20
100.10 92672.00
100.20 92672.00
100.30 92672.00
100.40 92672.00
100.50 92672.00
100.60 92672.00
100.70 92672.00
100.80 92672.00
100.90 92672.00
101.00 92672.00
101.10 91648.00
101.20 91648.00
101.30 91648.00
101.40 91648.00
101.50 91648.00
101.60 91648.00
101.70 91648.00
101.80 91648.00
101.90 91648.00
102.00 91648.00
102.10 92569.60
102.20 92569.60
102.30 92569.60
102.40 92569.60
102.50 92569.60
102.60 92569.60
102.70 92569.60
102.80 92569.60
102.90 92569.60
103.00 92569.60
103.10 50892.80
103.20 50892.80
103.30 50892.80
103.40 50892.80
103.50 50892.80
103.60 50892.80
103.70 50892.80
103.80 50892.80
103.90 50892.80
104.00 50892.80
104.10 132096.00
104.20 132096.00
104.30 132096.00
104.40 132096.00
104.50 132096.00
104.60 132096.00
104.70 132096.00
104.80 132096.00
104.90 132096.00
105.00 132096.00
105.10 91852.80
105.20 91852.80
105.30 91852.80
105.40 91852.80
105.50 91852.80
105.60 91852.80
105.70 91852.80
105.80 91852.80
105.90 91852.80
106.00 91852.80
106.10 90419.20
106.20 90419.20
106.30 90419.20
106.40 90419.20
106.50 90419.20
106.60 90419.20
106.70 90419.20
106.80 90419.20
106.90 90419.20
107.00 90419.20
107.10 85708.80
107.20 85708.80
107.30 85708.80
107.40 85708.80
107.50 85708.80
107.60 85708.80
107.70 85708.80
107.80 85708.80
107.90 85708.80
108.00 85708.80
108.10 90624.00
108.20 90624.00
108.30 90624.00
108.40 90624.00
108.50 90624.00
108.60 90624.00
108.70 90624.00
108.80 90624.00
108.90 90624.00
109.00 90624.00
109.10 91136.00
109.20 91136.00
109.30 91136.00
109.40 91136.00
109.50 91136.00
109.60 91136.00
109.70 91136.00
109.80 91136.00
109.90 91136.00
110.00 91136.00
110.10 85196.80
110.20 85196.80
110.30 85196.80
110.40 85196.80
110.50 85196.80
110.60 85196.80
110.70 85196.80
110.80 85196.80
110.90 85196.80
111.00 85196.80
111.10 90726.40
111.20 90726.40
111.30 90726.40
111.40 90726.40
111.50 90726.40
111.60 90726.40
111.70 90726.40
111.80 90726.40
111.90 90726.40
112.00 90726.40
112.10 90726.40
112.20 90726.40
112.30 90726.40
112.40 90726.40
112.50 90726.40
112.60 90726.40
112.70 90726.40
112.80 90726.40
112.90 90726.40
113.00 90726.40
113.10 90009.60
113.20 90009.60
113.30 90009.60
113.40 90009.60
113.50 90009.60
113.60 90009.60
113.70 90009.60
113.80 90009.60
113.90 90009.60
114.00 90009.60
114.10 87552.00
114.20 87552.00
114.30 87552.00
114.40 87552.00
114.50 87552.00
114.60 87552.00
114.70 87552.00
114.80 87552.00
114.90 87552.00
115.00 87552.00
115.10 85708.80
115.20 85708.80
115.30 85708.80
115.40 85708.80
115.50 85708.80
115.60 85708.80
115.70 85708.80
115.80 85708.80
115.90 85708.80
116.00 85708.80
116.10 32870.40
116.20 32870.40
116.30 32870.40
116.40 32870.40
116.50 32870.40
116.60 32870.40
116.70 32870.40
116.80 32870.40
116.90 32870.40
117.00 32870.40
117.10 146432.00
117.20 146432.00
117.30 146432.00
117.40 146432.00
117.50 146432.00
117.60 146432.00
117.70 146432.00
117.80 146432.00
117.90 146432.00
118.00 146432.00
118.10 90726.40
118.20 90726.40
118.30 90726.40
118.40 90726.40
118.50 90726.40
118.60 90726.40
118.70 90726.40
118.80 90726.40
118.90 90726.40
119.00 90726.40
119.10 90214.40
119.20 90214.40
119.30 90214.40
119.40 90214.40
119.50 90214.40
119.60 90214.40
119.70 90214.40
119.80 90214.40
119.90 90214.40
120.00 90214.40
