0.10 33587.20
0.20 33587.20
0.30 33587.20
0.40 33587.20
0.50 33587.20
0.60 33587.20
0.70 33587.20
0.80 33587.20
0.90 33587.20
1.00 33587.20
1.10 35737.60
1.20 35737.60
1.30 35737.60
1.40 35737.60
1.50 35737.60
1.60 35737.60
1.70 35737.60
1.80 35737.60
1.90 35737.60
2.00 35737.60
2.10 33996.80
2.20 33996.80
2.30 33996.80
2.40 33996.80
2.50 33996.80
2.60 33996.80
2.70 33996.80
2.80 33996.80
2.90 33996.80
3.00 33996.80
3.10 33280.00
3.20 33280.00
3.30 33280.00
3.40 33280.00
3.50 33280.00
3.60 33280.00
3.70 33280.00
3.80 33280.00
3.90 33280.00
4.00 33280.00
4.10 31948.80
4.20 31948.80
4.30 31948.80
4.40 31948.80
4.50 31948.80
4.60 31948.80
4.70 31948.80
4.80 31948.80
4.90 31948.80
5.00 31948.80
5.10 31744.00
5.20 31744.00
5.30 31744.00
5.40 31744.00
5.50 31744.00
5.60 31744.00
5.70 31744.00
5.80 31744.00
5.90 31744.00
6.00 31744.00
6.10 32153.60
6.20 32153.60
6.30 32153.60
6.40 32153.60
6.50 32153.60
6.60 32153.60
6.70 32153.60
6.80 32153.60
6.90 32153.60
7.00 32153.60
7.10 32460.80
7.20 32460.80
7.30 32460.80
7.40 32460.80
7.50 32460.80
7.60 32460.80
7.70 32460.80
7.80 32460.80
7.90 32460.80
8.00 32460.80
8.10 30515.20
8.20 30515.20
8.30 30515.20
8.40 30515.20
8.50 30515.20
8.60 30515.20
8.70 30515.20
8.80 30515.20
8.90 30515.20
9.00 30515.20
9.10 30822.40
9.20 30822.40
9.30 30822.40
9.40 30822.40
9.50 30822.40
9.60 30822.40
9.70 30822.40
9.80 30822.40
9.90 30822.40
10.00 30822.40
10.10 27750.40
10.20 27750.40
10.30 27750.40
10.40 27750.40
10.50 27750.40
10.60 27750.40
10.70 27750.40
10.80 27750.40
10.90 27750.40
11.00 27750.40
11.10 27955.20
11.20 27955.20
11.30 27955.20
11.40 27955.20
11.50 27955.20
11.60 27955.20
11.70 27955.20
11.80 27955.20
11.90 27955.20
12.00 27955.20
12.10 31232.00
12.20 31232.00
12.30 31232.00
12.40 31232.00
12.50 31232.00
12.60 31232.00
12.70 31232.00
12.80 31232.00
12.90 31232.00
13.00 31232.00
13.10 33382.40
13.20 33382.40
13.30 33382.40
13.40 33382.40
13.50 33382.40
13.60 33382.40
13.70 33382.40
13.80 33382.40
13.90 33382.40
14.00 33382.40
14.10 34508.80
14.20 34508.80
14.30 34508.80
14.40 34508.80
14.50 34508.80
14.60 34508.80
14.70 34508.80
14.80 34508.80
14.90 34508.80
15.00 34508.80
15.10 34099.20
15.20 34099.20
15.30 34099.20
15.40 34099.20
15.50 34099.20
15.60 34099.20
15.70 34099.20
15.80 34099.20
15.90 34099.20
16.00 34099.20
16.10 33894.40
16.20 33894.40
16.30 33894.40
16.40 33894.40
16.50 33894.40
16.60 33894.40
16.70 33894.40
16.80 33894.40
16.90 33894.40
17.00 33894.40
17.10 32153.60
17.20 32153.60
17.30 32153.60
17.40 32153.60
17.50 32153.60
17.60 32153.60
17.70 32153.60
17.80 32153.60
17.90 32153.60
18.00 32153.60
18.10 33996.80
18.20 33996.80
18.30 33996.80
18.40 33996.80
18.50 33996.80
18.60 33996.80
18.70 33996.80
18.80 33996.80
18.90 33996.80
19.00 33996.80
19.10 36147.20
19.20 36147.20
19.30 36147.20
19.40 36147.20
19.50 36147.20
19.60 36147.20
19.70 36147.20
19.80 36147.20
19.90 36147.20
20.00 36147.20
20.10 34816.00
20.20 34816.00
20.30 34816.00
20.40 34816.00
20.50 34816.00
20.60 34816.00
20.70 34816.00
20.80 34816.00
20.90 34816.00
21.00 34816.00
21.10 35737.60
21.20 35737.60
21.30 35737.60
21.40 35737.60
21.50 35737.60
21.60 35737.60
21.70 35737.60
21.80 35737.60
21.90 35737.60
22.00 35737.60
22.10 34508.80
22.20 34508.80
22.30 34508.80
22.40 34508.80
22.50 34508.80
22.60 34508.80
22.70 34508.80
22.80 34508.80
22.90 34508.80
23.00 34508.80
23.10 33177.60
23.20 33177.60
23.30 33177.60
23.40 33177.60
23.50 33177.60
23.60 33177.60
23.70 33177.60
23.80 33177.60
23.90 33177.60
24.00 33177.60
24.10 34406.40
24.20 34406.40
24.30 34406.40
24.40 34406.40
24.50 34406.40
24.60 34406.40
24.70 34406.40
24.80 34406.40
24.90 34406.40
25.00 34406.40
25.10 34099.20
25.20 34099.20
25.30 34099.20
25.40 34099.20
25.50 34099.20
25.60 34099.20
25.70 34099.20
25.80 34099.20
25.90 34099.20
26.00 34099.20
26.10 35430.40
26.20 35430.40
26.30 35430.40
26.40 35430.40
26.50 35430.40
26.60 35430.40
26.70 35430.40
26.80 35430.40
26.90 35430.40
27.00 35430.40
27.10 37171.20
27.20 37171.20
27.30 37171.20
27.40 37171.20
27.50 37171.20
27.60 37171.20
27.70 37171.20
27.80 37171.20
27.90 37171.20
28.00 37171.20
28.10 35942.40
28.20 35942.40
28.30 35942.40
28.40 35942.40
28.50 35942.40
28.60 35942.40
28.70 35942.40
28.80 35942.40
28.90 35942.40
29.00 35942.40
29.10 36659.20
29.20 36659.20
29.30 36659.20
29.40 36659.20
29.50 36659.20
29.60 36659.20
29.70 36659.20
29.80 36659.20
29.90 36659.20
30.00 36659.20
