0.04 37476.00
0.15 40252.00
0.27 48580.00
0.38 48580.00
0.49 37476.00
0.60 38864.00
0.70 41640.00
0.81 43028.00
1.14 36088.00
1.25 43028.00
1.36 43028.00
1.46 40252.00
1.57 40252.00
1.67 34700.00
1.79 36088.00
1.89 36088.00
2.00 40252.00
2.11 36088.00
2.21 19432.00
2.32 36088.00
2.42 26372.00
2.53 24984.00
2.63 27760.00
2.74 27760.00
2.85 22208.00
2.95 24984.00
3.06 24984.00
3.16 26372.00
3.27 22208.00
3.38 22208.00
3.49 22208.00
3.60 18044.00
3.70 30536.00
3.81 36088.00
3.91 24984.00
4.05 37476.00
4.15 31924.00
4.26 37476.00
4.37 29148.00
4.47 29148.00
4.59 24984.00
4.69 36088.00
4.80 38864.00
4.90 31924.00
5.01 36088.00
5.12 34700.00
5.22 23596.00
5.33 24984.00
5.43 29148.00
5.54 30536.00
5.65 22208.00
5.76 40252.00
5.87 27760.00
5.97 23596.00
6.09 38864.00
6.20 31924.00
6.32 31924.00
6.42 33312.00
6.53 20820.00
6.63 27760.00
6.74 34700.00
6.85 36088.00
6.95 13880.00
7.06 33312.00
7.17 22208.00
7.28 33312.00
7.39 29148.00
7.50 36088.00
7.61 22208.00
7.71 40252.00
7.82 38864.00
7.97 26372.00
8.08 34700.00
8.18 38864.00
8.30 37476.00
8.40 37476.00
8.51 31924.00
8.62 37476.00
8.72 36088.00
8.83 40252.00
8.94 27760.00
9.05 24984.00
9.15 24984.00
9.26 29148.00
9.37 31924.00
9.47 30536.00
9.58 34700.00
9.68 22208.00
9.79 33312.00
9.89 31924.00
10.00 33312.00
10.11 44416.00
10.21 31924.00
10.32 29148.00
10.42 29148.00
10.53 26372.00
10.63 26372.00
10.74 41640.00
10.85 37476.00
10.95 31924.00
11.06 40252.00
11.18 31924.00
11.29 30536.00
11.39 30536.00
11.50 30536.00
11.62 24984.00
11.72 30536.00
11.83 29148.00
11.93 29148.00
12.04 38864.00
12.14 29148.00
12.25 43028.00
12.36 37476.00
12.46 29148.00
12.58 33312.00
12.70 40252.00
12.81 34700.00
12.91 19432.00
13.04 34700.00
13.14 33312.00
13.25 24984.00
13.36 40252.00
13.47 27760.00
13.61 37476.00
13.71 36088.00
13.82 33312.00
13.92 36088.00
14.04 44416.00
14.14 43028.00
14.25 26372.00
14.36 20820.00
14.46 31924.00
14.57 38864.00
14.68 37476.00
14.79 45804.00
14.90 30536.00
15.01 30536.00
15.12 34700.00
15.22 20820.00
15.33 31924.00
15.43 29148.00
15.54 34700.00
15.64 29148.00
15.75 36088.00
15.86 23596.00
15.96 27760.00
16.07 26372.00
16.17 29148.00
16.28 36088.00
16.38 24984.00
16.49 37476.00
16.60 31924.00
16.71 34700.00
16.82 24984.00
16.93 31924.00
17.05 31924.00
17.15 29148.00
17.27 36088.00
17.38 34700.00
17.49 15268.00
17.61 41640.00
17.71 33312.00
17.82 37476.00
17.92 26372.00
18.03 33312.00
18.19 40252.00
18.30 37476.00
18.41 33312.00
18.53 37476.00
18.63 34700.00
18.75 36088.00
18.87 36088.00
18.97 37476.00
19.08 19432.00
19.18 36088.00
19.29 38864.00
19.39 30536.00
19.51 24984.00
19.62 38864.00
19.72 37476.00
19.83 29148.00
19.93 44416.00
20.05 30536.00
20.15 20820.00
20.26 30536.00
20.37 31924.00
20.47 24984.00
20.58 47192.00
20.68 31924.00
20.79 11104.00
20.89 29148.00
21.00 33312.00
21.11 36088.00
21.21 31924.00
21.32 31924.00
21.42 30536.00
21.53 31924.00
21.63 34700.00
21.74 22208.00
21.85 22208.00
21.96 30536.00
22.08 41640.00
22.18 36088.00
22.29 36088.00
22.39 27760.00
22.50 34700.00
22.61 23596.00
22.71 33312.00
22.82 44416.00
22.92 37476.00
23.03 36088.00
23.14 29148.00
23.25 36088.00
23.36 31924.00
23.46 31924.00
23.58 29148.00
23.68 33312.00
23.79 38864.00
23.89 26372.00
24.01 27760.00
24.13 27760.00
24.24 38864.00
24.35 29148.00
24.47 33312.00
24.58 48580.00
24.68 24984.00
24.79 29148.00
24.89 29148.00
25.00 23596.00
25.11 33312.00
25.21 26372.00
25.32 40252.00
25.42 29148.00
25.53 26372.00
25.63 33312.00
25.74 27760.00
25.86 43028.00
25.96 34700.00
26.07 36088.00
26.17 31924.00
26.29 22208.00
26.39 22208.00
26.50 41640.00
26.61 34700.00
26.72 37476.00
26.83 36088.00
26.93 29148.00
27.04 30536.00
27.14 27760.00
27.25 29148.00
27.36 31924.00
27.46 33312.00
27.57 29148.00
27.67 30536.00
27.78 34700.00
27.88 31924.00
27.99 13880.00
28.10 38864.00
28.20 34700.00
28.35 27760.00
28.46 31924.00
28.57 34700.00
28.68 27760.00
28.79 33312.00
28.89 26372.00
29.00 33312.00
29.11 30536.00
29.21 22208.00
29.32 30536.00
29.43 31924.00
29.54 31924.00
29.64 40252.00
29.75 30536.00
29.86 33312.00
29.96 18044.00
