0.16 47192.0
0.27 38864.0
0.37 22208.0
0.48 44416.0
0.58 45804.0
0.75 27760.0
0.85 40252.0
0.96 34700.0
1.06 29148.0
1.18 40252.0
1.29 18044.0
1.39 38864.0
1.50 41640.0
1.63 13880.0
1.74 45804.0
1.84 26372.0
1.95 52744.0
2.06 61072.0
2.17 40252.0
2.30 40252.0
2.47 40252.0
2.57 34700.0
2.68 47192.0
2.79 51356.0
2.89 48580.0
3.01 61072.0
3.11 38864.0
3.22 43028.0
3.32 37476.0
3.43 34700.0
3.54 41640.0
3.64 43028.0
3.77 36088.0
3.87 4164.0
3.99 26372.0
4.09 20820.0
4.20 33312.0
4.31 22208.0
4.42 22208.0
4.53 34700.0
4.63 26372.0
4.74 41640.0
4.84 43028.0
4.95 52744.0
5.06 45804.0
5.17 59684.0
5.28 44416.0
5.38 30536.0
5.49 40252.0
5.59 27760.0
5.71 18044.0
5.81 43028.0
5.92 40252.0
6.05 15268.0
6.15 33312.0
6.26 38864.0
6.36 56908.0
6.47 29148.0
6.57 26372.0
6.68 47192.0
6.79 33312.0
6.89 18044.0
7.00 23596.0
7.10 23596.0
7.21 48580.0
7.37 24984.0
7.48 61072.0
7.61 19432.0
7.72 41640.0
7.82 40252.0
7.93 43028.0
8.04 45804.0
8.14 44416.0
8.25 33312.0
8.35 18044.0
8.46 23596.0
8.56 18044.0
8.67 29148.0
8.78 27760.0
8.88 30536.0
9.01 12492.0
9.12 11104.0
9.23 12492.0
9.33 15268.0
9.44 20820.0
9.56 22208.0
9.68 24984.0
9.79 24984.0
9.89 13880.0
10.00 19432.0
10.10 13880.0
10.21 12492.0
10.32 20820.0
10.43 27760.0
10.56 24984.0
10.67 29148.0
10.79 20820.0
10.90 12492.0
11.01 16656.0
11.11 15268.0
11.22 12492.0
11.32 9716.0
11.43 9716.0
11.54 12492.0
11.64 11104.0
11.75 15268.0
11.85 12492.0
11.96 16656.0
12.06 13880.0
12.17 11104.0
12.28 13880.0
12.38 15268.0
12.52 20820.0
12.62 18044.0
12.73 15268.0
12.84 15268.0
12.95 23596.0
13.06 18044.0
13.17 24984.0
13.28 31924.0
13.38 20820.0
13.49 16656.0
13.59 16656.0
13.70 13880.0
13.81 19432.0
13.92 20820.0
14.03 20820.0
14.13 16656.0
14.25 18044.0
14.35 15268.0
14.46 13880.0
14.56 9716.0
14.68 18044.0
14.79 19432.0
14.89 11104.0
15.00 12492.0
15.10 13880.0
15.22 12492.0
15.32 11104.0
15.43 15268.0
15.54 26372.0
15.64 12492.0
15.75 12492.0
15.86 16656.0
15.97 16656.0
16.07 23596.0
16.18 30536.0
16.29 31924.0
16.39 26372.0
16.50 22208.0
16.60 20820.0
16.73 18044.0
16.85 18044.0
16.96 30536.0
17.06 26372.0
17.17 23596.0
17.28 30536.0
17.38 22208.0
17.49 26372.0
17.59 27760.0
17.70 30536.0
17.81 23596.0
17.93 15268.0
18.04 16656.0
18.14 15268.0
18.25 26372.0
18.36 22208.0
18.47 31924.0
18.57 20820.0
18.69 22208.0
18.80 16656.0
18.90 33312.0
19.01 30536.0
19.11 24984.0
19.22 27760.0
19.33 23596.0
19.45 24984.0
19.56 12492.0
19.69 18044.0
19.80 23596.0
19.90 30536.0
20.01 31924.0
20.11 27760.0
20.22 20820.0
20.32 16656.0
20.43 15268.0
20.54 19432.0
20.64 34700.0
20.75 38864.0
20.85 26372.0
20.97 24984.0
21.08 20820.0
21.19 27760.0
21.30 48580.0
21.40 38864.0
21.52 33312.0
21.62 19432.0
21.73 20820.0
21.83 15268.0
21.94 16656.0
22.06 31924.0
22.17 23596.0
22.28 34700.0
22.39 26372.0
22.50 30536.0
22.60 20820.0
22.71 29148.0
22.81 31924.0
22.92 27760.0
23.03 33312.0
23.13 20820.0
23.24 22208.0
23.34 23596.0
23.45 36088.0
23.56 37476.0
23.68 38864.0
23.79 33312.0
23.89 31924.0
24.00 31924.0
24.10 30536.0
24.21 24984.0
24.31 48580.0
24.45 56908.0
24.56 33312.0
24.67 20820.0
24.78 29148.0
24.88 19432.0
24.99 15268.0
25.09 15268.0
25.20 22208.0
25.31 18044.0
25.42 19432.0
25.53 11104.0
25.63 18044.0
25.74 18044.0
25.84 15268.0
25.95 22208.0
26.06 19432.0
26.17 20820.0
26.28 27760.0
26.38 13880.0
26.49 24984.0
26.59 24984.0
26.70 23596.0
26.82 18044.0
26.93 16656.0
27.04 13880.0
27.14 20820.0
27.25 24984.0
27.35 29148.0
27.46 23596.0
27.56 27760.0
27.67 24984.0
27.78 23596.0
27.88 30536.0
28.00 29148.0
28.10 22208.0
28.21 22208.0
28.32 20820.0
28.43 36088.0
28.54 27760.0
28.64 22208.0
28.76 24984.0
28.86 26372.0
28.97 22208.0
29.07 22208.0
29.18 30536.0
29.29 27760.0
29.39 24984.0
29.50 30536.0
29.60 20820.0
29.71 24984.0
29.81 33312.0
29.92 30536.0
