0.22 36088.0
0.34 51356.0
0.46 31924.0
0.57 49968.0
0.67 33312.0
0.79 8328.0
0.89 48580.0
1.00 48580.0
1.16 8328.0
1.28 45804.0
1.39 33312.0
1.50 51356.0
1.61 44416.0
1.71 24984.0
1.82 22208.0
1.92 12492.0
2.03 16656.0
2.15 9716.0
2.28 9716.0
2.38 13880.0
2.49 23596.0
2.60 36088.0
2.70 30536.0
2.81 26372.0
2.95 37476.0
3.06 34700.0
3.16 37476.0
3.27 41640.0
3.37 31924.0
3.48 55520.0
3.59 36088.0
3.69 45804.0
3.82 49968.0
3.92 43028.0
4.06 20820.0
4.16 43028.0
4.27 56908.0
4.37 36088.0
4.49 48580.0
4.60 48580.0
4.70 24984.0
4.81 54132.0
5.01 31924.0
5.12 20820.0
5.23 43028.0
5.34 27760.0
5.44 22208.0
5.55 22208.0
5.65 13880.0
5.76 11104.0
5.87 22208.0
5.99 31924.0
6.10 18044.0
6.20 23596.0
6.31 24984.0
6.43 22208.0
6.54 8328.0
6.66 2776.0
6.78 4164.0
6.88 15268.0
7.01 8328.0
7.12 4164.0
7.23 9716.0
7.34 18044.0
7.44 15268.0
7.55 11104.0
7.66 9716.0
7.77 15268.0
7.87 15268.0
7.98 27760.0
8.09 26372.0
8.19 27760.0
8.30 36088.0
8.42 15268.0
8.53 45804.0
8.63 24984.0
8.75 22208.0
8.87 23596.0
8.98 34700.0
9.09 20820.0
9.19 19432.0
9.30 22208.0
9.41 30536.0
9.53 26372.0
9.64 29148.0
9.75 33312.0
9.86 44416.0
9.98 34700.0
10.09 15268.0
10.19 40252.0
10.30 51356.0
10.40 34700.0
10.51 33312.0
10.65 23596.0
10.76 33312.0
10.87 54132.0
10.98 43028.0
11.09 48580.0
11.19 41640.0
11.30 36088.0
11.49 44416.0
11.60 23596.0
11.71 54132.0
11.82 49968.0
11.92 43028.0
12.03 37476.0
12.13 49968.0
12.24 40252.0
12.35 62460.0
12.57 34700.0
12.67 63848.0
12.81 56908.0
12.91 58296.0
13.05 45804.0
13.15 58296.0
13.26 31924.0
13.41 63848.0
13.52 40252.0
13.62 43028.0
13.73 59684.0
13.84 47192.0
13.94 51356.0
14.05 41640.0
14.15 45804.0
14.43 48580.0
14.54 13880.0
14.64 19432.0
14.75 23596.0
14.86 22208.0
14.96 16656.0
15.07 15268.0
15.17 19432.0
15.28 15268.0
15.38 24984.0
15.49 19432.0
15.60 15268.0
15.70 13880.0
15.81 30536.0
15.92 41640.0
16.04 31924.0
16.14 44416.0
16.25 45804.0
16.36 33312.0
16.46 30536.0
16.57 23596.0
16.67 34700.0
16.81 30536.0
16.91 36088.0
17.02 29148.0
17.16 61072.0
17.28 47192.0
17.51 58296.0
17.62 48580.0
17.73 52744.0
17.84 23596.0
17.94 19432.0
18.05 13880.0
18.15 18044.0
18.26 13880.0
18.37 20820.0
18.48 48580.0
18.59 37476.0
18.69 31924.0
18.80 23596.0
18.90 6940.0
19.01 16656.0
19.12 9716.0
19.24 16656.0
19.35 6940.0
19.46 11104.0
19.57 13880.0
19.67 22208.0
19.78 33312.0
19.88 23596.0
19.99 20820.0
20.10 13880.0
20.21 13880.0
20.33 43028.0
20.43 26372.0
20.54 29148.0
20.64 30536.0
20.75 18044.0
20.86 40252.0
20.97 18044.0
21.08 27760.0
21.18 8328.0
21.30 11104.0
21.40 8328.0
21.51 11104.0
21.62 16656.0
21.73 16656.0
21.84 13880.0
21.94 12492.0
22.05 26372.0
22.15 16656.0
22.26 12492.0
22.37 11104.0
22.49 8328.0
22.61 9716.0
22.73 6940.0
22.84 12492.0
22.94 8328.0
23.05 12492.0
23.18 13880.0
23.29 16656.0
23.39 19432.0
23.50 12492.0
23.61 18044.0
23.71 9716.0
23.82 12492.0
23.92 18044.0
24.04 20820.0
24.14 13880.0
24.26 19432.0
24.37 20820.0
24.48 20820.0
24.59 37476.0
24.70 23596.0
24.81 20820.0
24.91 36088.0
25.02 30536.0
25.12 34700.0
25.23 45804.0
25.34 54132.0
25.45 29148.0
25.58 12492.0
25.68 23596.0
25.79 16656.0
25.89 29148.0
26.00 51356.0
26.11 34700.0
26.21 22208.0
26.32 24984.0
26.42 30536.0
26.53 19432.0
26.63 24984.0
26.74 34700.0
26.85 30536.0
26.95 30536.0
27.06 56908.0
27.16 31924.0
27.30 9716.0
27.40 33312.0
27.51 48580.0
27.62 38864.0
27.73 33312.0
27.84 27760.0
27.94 15268.0
28.05 15268.0
28.16 31924.0
28.27 29148.0
28.37 33312.0
28.48 34700.0
28.59 22208.0
28.69 30536.0
28.80 33312.0
28.90 13880.0
29.01 19432.0
29.12 29148.0
29.23 31924.0
29.35 18044.0
29.45 18044.0
29.56 24984.0
29.66 27760.0
29.77 26372.0
29.88 22208.0
29.99 26372.0
