0.13 22208.0
0.24 20820.0
0.35 22208.0
0.46 16656.0
0.57 20820.0
0.67 11104.0
0.78 13880.0
0.88 19432.0
0.99 23596.0
1.10 19432.0
1.20 13880.0
1.32 20820.0
1.42 11104.0
1.53 24984.0
1.63 29148.0
1.74 23596.0
1.85 29148.0
1.95 22208.0
2.07 23596.0
2.17 27760.0
2.28 33312.0
2.39 38864.0
2.50 33312.0
2.61 30536.0
2.71 29148.0
2.82 24984.0
2.92 30536.0
3.04 27760.0
3.14 33312.0
3.25 40252.0
3.36 47192.0
3.46 36088.0
3.57 36088.0
3.67 29148.0
3.78 34700.0
3.88 22208.0
3.99 24984.0
4.10 27760.0
4.20 23596.0
4.31 23596.0
4.41 11104.0
4.52 13880.0
4.62 20820.0
4.73 18044.0
4.84 22208.0
4.94 23596.0
5.05 20820.0
5.16 18044.0
5.27 15268.0
5.37 13880.0
5.48 13880.0
5.59 24984.0
5.69 18044.0
5.80 16656.0
5.90 18044.0
6.01 20820.0
6.12 34700.0
6.23 23596.0
6.34 27760.0
6.44 30536.0
6.56 34700.0
6.66 26372.0
6.77 22208.0
6.87 19432.0
6.98 27760.0
7.09 24984.0
7.19 27760.0
7.30 16656.0
7.40 20820.0
7.51 19432.0
7.63 18044.0
7.74 18044.0
7.85 20820.0
7.95 18044.0
8.06 24984.0
8.16 18044.0
8.27 22208.0
8.37 20820.0
8.48 18044.0
8.59 18044.0
8.69 13880.0
8.80 15268.0
8.90 11104.0
9.01 13880.0
9.12 23596.0
9.23 29148.0
9.34 27760.0
9.44 26372.0
9.55 33312.0
9.65 31924.0
9.76 31924.0
9.87 34700.0
9.98 40252.0
10.09 43028.0
10.19 37476.0
10.31 34700.0
10.43 33312.0
10.54 26372.0
10.64 24984.0
10.75 20820.0
10.86 26372.0
10.96 20820.0
11.07 41640.0
11.17 37476.0
11.28 43028.0
11.39 27760.0
11.51 22208.0
11.62 19432.0
11.73 20820.0
11.84 20820.0
11.94 22208.0
12.05 24984.0
12.15 22208.0
12.26 18044.0
12.37 16656.0
12.50 13880.0
12.61 15268.0
12.71 13880.0
12.82 18044.0
12.92 13880.0
13.03 15268.0
13.13 26372.0
13.24 29148.0
13.35 18044.0
13.45 27760.0
13.56 16656.0
13.66 18044.0
13.77 19432.0
13.87 19432.0
13.98 13880.0
14.09 13880.0
14.19 23596.0
14.30 34700.0
14.40 30536.0
14.51 22208.0
14.62 18044.0
14.73 13880.0
14.84 12492.0
14.95 13880.0
15.07 19432.0
15.17 19432.0
15.29 13880.0
15.39 11104.0
15.50 11104.0
15.62 12492.0
15.73 11104.0
15.84 16656.0
15.94 11104.0
16.05 12492.0
16.15 12492.0
16.26 13880.0
16.37 16656.0
16.49 16656.0
16.60 12492.0
16.71 15268.0
16.82 24984.0
16.92 15268.0
17.04 16656.0
17.14 19432.0
17.25 26372.0
17.36 22208.0
17.46 20820.0
17.57 22208.0
17.67 23596.0
17.78 16656.0
17.88 19432.0
17.99 20820.0
18.11 15268.0
18.21 15268.0
18.32 26372.0
18.42 26372.0
18.53 19432.0
18.63 22208.0
18.74 22208.0
18.85 23596.0
18.95 12492.0
19.06 19432.0
19.17 18044.0
19.28 18044.0
19.38 18044.0
19.50 19432.0
19.61 16656.0
19.72 18044.0
19.83 24984.0
19.94 22208.0
20.05 34700.0
20.15 23596.0
20.26 20820.0
20.38 29148.0
20.49 30536.0
20.60 20820.0
20.70 22208.0
20.81 26372.0
20.91 27760.0
21.02 30536.0
21.12 23596.0
21.23 20820.0
21.34 23596.0
21.44 30536.0
21.55 31924.0
21.65 30536.0
21.76 22208.0
21.87 22208.0
21.98 20820.0
22.09 23596.0
22.19 20820.0
22.30 24984.0
22.40 16656.0
22.51 20820.0
22.62 20820.0
22.73 27760.0
22.85 24984.0
22.95 24984.0
23.06 33312.0
23.16 29148.0
23.27 24984.0
23.37 19432.0
23.48 23596.0
23.61 24984.0
23.71 24984.0
23.82 26372.0
23.92 26372.0
24.03 22208.0
24.13 30536.0
24.24 40252.0
24.35 31924.0
24.45 18044.0
24.56 19432.0
24.66 22208.0
24.77 30536.0
24.87 27760.0
24.99 30536.0
25.10 20820.0
25.20 20820.0
25.31 23596.0
25.41 19432.0
25.52 19432.0
25.62 16656.0
25.73 22208.0
25.84 19432.0
25.94 18044.0
26.05 23596.0
26.15 13880.0
26.27 27760.0
26.37 24984.0
26.48 30536.0
26.59 22208.0
26.70 27760.0
26.81 27760.0
26.91 22208.0
27.03 19432.0
27.13 19432.0
27.24 19432.0
27.36 23596.0
27.47 19432.0
27.58 23596.0
27.68 23596.0
27.80 23596.0
27.90 31924.0
28.02 19432.0
28.12 18044.0
28.23 26372.0
28.34 19432.0
28.44 16656.0
28.56 22208.0
28.67 27760.0
28.78 23596.0
28.88 29148.0
28.99 33312.0
29.10 27760.0
29.20 22208.0
29.31 27760.0
29.41 18044.0
29.52 23596.0
29.62 23596.0
29.73 26372.0
29.84 27760.0
29.94 22208.0
