0.17 19432.0
0.28 27760.0
0.38 16656.0
0.49 22208.0
0.60 26372.0
0.71 45804.0
0.82 43028.0
0.92 27760.0
1.03 34700.0
1.13 41640.0
1.27 19432.0
1.38 55520.0
1.49 44416.0
1.63 11104.0
1.74 44416.0
2.11 23596.0
2.23 80504.0
2.34 16656.0
2.44 24984.0
2.56 30536.0
2.66 33312.0
2.77 43028.0
2.88 47192.0
2.99 51356.0
3.11 38864.0
3.21 34700.0
3.32 56908.0
3.42 36088.0
3.53 41640.0
3.65 33312.0
3.76 36088.0
3.89 37476.0
4.00 22208.0
4.11 20820.0
4.21 29148.0
4.32 34700.0
4.42 30536.0
4.53 36088.0
4.63 38864.0
4.80 29148.0
4.90 24984.0
5.01 19432.0
5.12 34700.0
5.22 20820.0
5.33 26372.0
5.43 30536.0
5.54 34700.0
5.65 34700.0
5.77 24984.0
5.88 49968.0
5.99 34700.0
6.13 22208.0
6.24 29148.0
6.35 34700.0
6.46 13880.0
6.57 20820.0
6.67 15268.0
6.78 15268.0
6.88 19432.0
7.00 11104.0
7.11 12492.0
7.21 13880.0
7.32 18044.0
7.42 15268.0
7.53 27760.0
7.63 40252.0
7.74 30536.0
7.85 37476.0
7.96 19432.0
8.08 37476.0
8.18 34700.0
8.29 44416.0
8.39 37476.0
8.51 34700.0
8.67 29148.0
8.78 47192.0
8.88 47192.0
8.99 37476.0
9.10 40252.0
9.20 27760.0
9.31 22208.0
9.41 34700.0
9.53 34700.0
9.63 16656.0
9.74 33312.0
9.85 26372.0
9.95 30536.0
10.07 36088.0
10.21 31924.0
10.32 31924.0
10.42 34700.0
10.53 43028.0
10.63 40252.0
10.74 44416.0
10.85 49968.0
10.95 43028.0
11.06 47192.0
11.16 29148.0
11.31 29148.0
11.41 41640.0
11.52 48580.0
11.63 55520.0
11.74 48580.0
11.85 51356.0
12.03 24984.0
12.13 24984.0
12.24 29148.0
12.35 27760.0
12.45 24984.0
12.56 26372.0
12.66 22208.0
12.77 26372.0
12.88 33312.0
13.00 23596.0
13.11 27760.0
13.21 27760.0
13.32 33312.0
13.42 27760.0
13.54 24984.0
13.64 23596.0
13.75 31924.0
13.86 22208.0
13.96 18044.0
14.07 23596.0
14.17 24984.0
14.28 29148.0
14.38 22208.0
14.49 24984.0
14.62 20820.0
14.72 20820.0
14.83 13880.0
14.93 29148.0
15.04 16656.0
15.14 18044.0
15.25 23596.0
15.36 19432.0
15.46 20820.0
15.57 23596.0
15.67 15268.0
15.78 24984.0
15.89 27760.0
16.00 36088.0
16.11 23596.0
16.21 30536.0
16.33 37476.0
16.43 29148.0
16.54 13880.0
16.64 36088.0
16.75 31924.0
16.86 31924.0
16.96 24984.0
17.07 29148.0
17.17 30536.0
17.35 37476.0
17.45 52744.0
17.56 49968.0
17.67 31924.0
17.79 45804.0
17.89 41640.0
18.00 40252.0
18.12 33312.0
18.22 13880.0
18.33 43028.0
18.43 20820.0
18.54 31924.0
18.64 37476.0
18.75 43028.0
18.86 49968.0
18.97 45804.0
19.08 47192.0
19.18 38864.0
19.29 31924.0
19.39 33312.0
19.50 43028.0
19.71 36088.0
19.82 44416.0
19.92 36088.0
20.07 22208.0
20.17 27760.0
20.28 34700.0
20.38 48580.0
20.49 38864.0
20.60 36088.0
20.70 31924.0
20.81 27760.0
20.91 48580.0
21.02 23596.0
21.13 26372.0
21.24 30536.0
21.35 31924.0
21.45 16656.0
21.57 29148.0
21.67 33312.0
21.78 37476.0
21.89 26372.0
22.00 15268.0
22.11 15268.0
22.21 20820.0
22.32 27760.0
22.60 1388.0
22.73 80504.0
22.84 33312.0
22.94 29148.0
23.05 15268.0
23.16 27760.0
23.27 45804.0
23.38 52744.0
23.49 45804.0
23.60 45804.0
23.79 34700.0
23.89 38864.0
24.08 41640.0
24.19 37476.0
24.30 48580.0
24.50 41640.0
24.61 52744.0
24.71 37476.0
24.82 56908.0
24.92 43028.0
25.03 48580.0
25.23 34700.0
25.34 49968.0
25.44 48580.0
25.55 47192.0
25.65 38864.0
25.76 48580.0
25.87 33312.0
25.98 24984.0
26.09 31924.0
26.19 29148.0
26.30 37476.0
26.40 49968.0
26.51 30536.0
26.62 49968.0
26.72 40252.0
26.96 49968.0
27.07 45804.0
27.17 44416.0
27.28 41640.0
27.38 45804.0
27.55 24984.0
27.65 30536.0
27.76 41640.0
27.87 31924.0
27.97 27760.0
28.08 44416.0
28.18 34700.0
28.29 33312.0
28.39 27760.0
28.51 48580.0
28.63 19432.0
28.74 51356.0
28.87 54132.0
28.97 38864.0
29.08 40252.0
29.18 48580.0
29.30 40252.0
29.40 47192.0
29.52 48580.0
29.63 45804.0
29.74 58296.0
29.85 40252.0
29.95 29148.0
