0.10 62361.60
0.20 62361.60
0.30 62361.60
0.40 62361.60
0.50 62361.60
0.60 62361.60
0.70 62361.60
0.80 62361.60
0.90 62361.60
1.00 62361.60
1.10 77824.00
1.20 77824.00
1.30 77824.00
1.40 77824.00
1.50 77824.00
1.60 77824.00
1.70 77824.00
1.80 77824.00
1.90 77824.00
2.00 77824.00
2.10 20070.40
2.20 20070.40
2.30 20070.40
2.40 20070.40
2.50 20070.40
2.60 20070.40
2.70 20070.40
2.80 20070.40
2.90 20070.40
3.00 20070.40
3.10 129433.60
3.20 129433.60
3.30 129433.60
3.40 129433.60
3.50 129433.60
3.60 129433.60
3.70 129433.60
3.80 129433.60
3.90 129433.60
4.00 129433.60
4.10 76800.00
4.20 76800.00
4.30 76800.00
4.40 76800.00
4.50 76800.00
4.60 76800.00
4.70 76800.00
4.80 76800.00
4.90 76800.00
5.00 76800.00
5.10 80486.40
5.20 80486.40
5.30 80486.40
5.40 80486.40
5.50 80486.40
5.60 80486.40
5.70 80486.40
5.80 80486.40
5.90 80486.40
6.00 80486.40
6.10 73113.60
6.20 73113.60
6.30 73113.60
6.40 73113.60
6.50 73113.60
6.60 73113.60
6.70 73113.60
6.80 73113.60
6.90 73113.60
7.00 73113.60
7.10 36761.60
7.20 36761.60
7.30 36761.60
7.40 36761.60
7.50 36761.60
7.60 36761.60
7.70 36761.60
7.80 36761.60
7.90 36761.60
8.00 36761.60
8.10 141824.00
8.20 141824.00
8.30 141824.00
8.40 141824.00
8.50 141824.00
8.60 141824.00
8.70 141824.00
8.80 141824.00
8.90 141824.00
9.00 141824.00
9.10 88780.80
9.20 88780.80
9.30 88780.80
9.40 88780.80
9.50 88780.80
9.60 88780.80
9.70 88780.80
9.80 88780.80
9.90 88780.80
10.00 88780.80
10.10 95334.40
10.20 95334.40
10.30 95334.40
10.40 95334.40
10.50 95334.40
10.60 95334.40
10.70 95334.40
10.80 95334.40
10.90 95334.40
11.00 95334.40
11.10 88064.00
11.20 88064.00
11.30 88064.00
11.40 88064.00
11.50 88064.00
11.60 88064.00
11.70 88064.00
11.80 88064.00
11.90 88064.00
12.00 88064.00
12.10 49766.40
12.20 49766.40
12.30 49766.40
12.40 49766.40
12.50 49766.40
12.60 49766.40
12.70 49766.40
12.80 49766.40
12.90 49766.40
13.00 49766.40
13.10 52531.20
13.20 52531.20
13.30 52531.20
13.40 52531.20
13.50 52531.20
13.60 52531.20
13.70 52531.20
13.80 52531.20
13.90 52531.20
14.00 52531.20
14.10 52531.20
14.20 52531.20
14.30 52531.20
14.40 52531.20
14.50 52531.20
14.60 52531.20
14.70 52531.20
14.80 52531.20
14.90 52531.20
15.00 52531.20
15.10 74649.60
15.20 74649.60
15.30 74649.60
15.40 74649.60
15.50 74649.60
15.60 74649.60
15.70 74649.60
15.80 74649.60
15.90 74649.60
16.00 74649.60
16.10 76595.20
16.20 76595.20
16.30 76595.20
16.40 76595.20
16.50 76595.20
16.60 76595.20
16.70 76595.20
16.80 76595.20
16.90 76595.20
17.00 76595.20
17.10 85913.60
17.20 85913.60
17.30 85913.60
17.40 85913.60
17.50 85913.60
17.60 85913.60
17.70 85913.60
17.80 85913.60
17.90 85913.60
18.00 85913.60
18.10 89497.60
18.20 89497.60
18.30 89497.60
18.40 89497.60
18.50 89497.60
18.60 89497.60
18.70 89497.60
18.80 89497.60
18.90 89497.60
19.00 89497.60
19.10 86016.00
19.20 86016.00
19.30 86016.00
19.40 86016.00
19.50 86016.00
19.60 86016.00
19.70 86016.00
19.80 86016.00
19.90 86016.00
20.00 86016.00
20.10 24064.00
20.20 24064.00
20.30 24064.00
20.40 24064.00
20.50 24064.00
20.60 24064.00
20.70 24064.00
20.80 24064.00
20.90 24064.00
21.00 24064.00
21.10 119705.60
21.20 119705.60
21.30 119705.60
21.40 119705.60
21.50 119705.60
21.60 119705.60
21.70 119705.60
21.80 119705.60
21.90 119705.60
22.00 119705.60
22.10 73113.60
22.20 73113.60
22.30 73113.60
22.40 73113.60
22.50 73113.60
22.60 73113.60
22.70 73113.60
22.80 73113.60
22.90 73113.60
23.00 73113.60
23.10 84070.40
23.20 84070.40
23.30 84070.40
23.40 84070.40
23.50 84070.40
23.60 84070.40
23.70 84070.40
23.80 84070.40
23.90 84070.40
24.00 84070.40
24.10 82841.60
24.20 82841.60
24.30 82841.60
24.40 82841.60
24.50 82841.60
24.60 82841.60
24.70 82841.60
24.80 82841.60
24.90 82841.60
25.00 82841.60
25.10 35532.80
25.20 35532.80
25.30 35532.80
25.40 35532.80
25.50 35532.80
25.60 35532.80
25.70 35532.80
25.80 35532.80
25.90 35532.80
26.00 35532.80
26.10 147763.20
26.20 147763.20
26.30 147763.20
26.40 147763.20
26.50 147763.20
26.60 147763.20
26.70 147763.20
26.80 147763.20
26.90 147763.20
27.00 147763.20
27.10 91545.60
27.20 91545.60
27.30 91545.60
27.40 91545.60
27.50 91545.60
27.60 91545.60
27.70 91545.60
27.80 91545.60
27.90 91545.60
28.00 91545.60
28.10 89600.00
28.20 89600.00
28.30 89600.00
28.40 89600.00
28.50 89600.00
28.60 89600.00
28.70 89600.00
28.80 89600.00
28.90 89600.00
29.00 89600.00
29.10 83251.20
29.20 83251.20
29.30 83251.20
29.40 83251.20
29.50 83251.20
29.60 83251.20
29.70 83251.20
29.80 83251.20
29.90 83251.20
30.00 83251.20
30.10 86016.00
30.20 86016.00
30.30 86016.00
30.40 86016.00
30.50 86016.00
30.60 86016.00
30.70 86016.00
30.80 86016.00
30.90 86016.00
31.00 86016.00
31.10 86118.40
31.20 86118.40
31.30 86118.40
31.40 86118.40
31.50 86118.40
31.60 86118.40
31.70 86118.40
31.80 86118.40
31.90 86118.40
32.00 86118.40
32.10 87654.40
32.20 87654.40
32.30 87654.40
32.40 87654.40
32.50 87654.40
32.60 87654.40
32.70 87654.40
32.80 87654.40
32.90 87654.40
33.00 87654.40
33.10 84172.80
33.20 84172.80
33.30 84172.80
33.40 84172.80
33.50 84172.80
33.60 84172.80
33.70 84172.80
33.80 84172.80
33.90 84172.80
34.00 84172.80
34.10 85196.80
34.20 85196.80
34.30 85196.80
34.40 85196.80
34.50 85196.80
34.60 85196.80
34.70 85196.80
34.80 85196.80
34.90 85196.80
35.00 85196.80
35.10 87244.80
35.20 87244.80
35.30 87244.80
35.40 87244.80
35.50 87244.80
35.60 87244.80
35.70 87244.80
35.80 87244.80
35.90 87244.80
36.00 87244.80
36.10 91136.00
36.20 91136.00
36.30 91136.00
36.40 91136.00
36.50 91136.00
36.60 91136.00
36.70 91136.00
36.80 91136.00
36.90 91136.00
37.00 91136.00
37.10 93593.60
37.20 93593.60
37.30 93593.60
37.40 93593.60
37.50 93593.60
37.60 93593.60
37.70 93593.60
37.80 93593.60
37.90 93593.60
38.00 93593.60
38.10 92774.40
38.20 92774.40
38.30 92774.40
38.40 92774.40
38.50 92774.40
38.60 92774.40
38.70 92774.40
38.80 92774.40
38.90 92774.40
39.00 92774.40
39.10 91033.60
39.20 91033.60
39.30 91033.60
39.40 91033.60
39.50 91033.60
39.60 91033.60
39.70 91033.60
39.80 91033.60
39.90 91033.60
40.00 91033.60
40.10 95129.60
40.20 95129.60
40.30 95129.60
40.40 95129.60
40.50 95129.60
40.60 95129.60
40.70 95129.60
40.80 95129.60
40.90 95129.60
41.00 95129.60
41.10 90726.40
41.20 90726.40
41.30 90726.40
41.40 90726.40
41.50 90726.40
41.60 90726.40
41.70 90726.40
41.80 90726.40
41.90 90726.40
42.00 90726.40
42.10 89497.60
42.20 89497.60
42.30 89497.60
42.40 89497.60
42.50 89497.60
42.60 89497.60
42.70 89497.60
42.80 89497.60
42.90 89497.60
43.00 89497.60
43.10 69529.60
43.20 69529.60
43.30 69529.60
43.40 69529.60
43.50 69529.60
43.60 69529.60
43.70 69529.60
43.80 69529.60
43.90 69529.60
44.00 69529.60
44.10 111820.80
44.20 111820.80
44.30 111820.80
44.40 111820.80
44.50 111820.80
44.60 111820.80
44.70 111820.80
44.80 111820.80
44.90 111820.80
45.00 111820.80
45.10 87859.20
45.20 87859.20
45.30 87859.20
45.40 87859.20
45.50 87859.20
45.60 87859.20
45.70 87859.20
45.80 87859.20
45.90 87859.20
46.00 87859.20
46.10 91238.40
46.20 91238.40
46.30 91238.40
46.40 91238.40
46.50 91238.40
46.60 91238.40
46.70 91238.40
46.80 91238.40
46.90 91238.40
47.00 91238.40
47.10 91033.60
47.20 91033.60
47.30 91033.60
47.40 91033.60
47.50 91033.60
47.60 91033.60
47.70 91033.60
47.80 91033.60
47.90 91033.60
48.00 91033.60
48.10 94310.40
48.20 94310.40
48.30 94310.40
48.40 94310.40
48.50 94310.40
48.60 94310.40
48.70 94310.40
48.80 94310.40
48.90 94310.40
49.00 94310.40
49.10 90828.80
49.20 90828.80
49.30 90828.80
49.40 90828.80
49.50 90828.80
49.60 90828.80
49.70 90828.80
49.80 90828.80
49.90 90828.80
50.00 90828.80
50.10 84889.60
50.20 84889.60
50.30 84889.60
50.40 84889.60
50.50 84889.60
50.60 84889.60
50.70 84889.60
50.80 84889.60
50.90 84889.60
51.00 84889.60
51.10 89907.20
51.20 89907.20
51.30 89907.20
51.40 89907.20
51.50 89907.20
51.60 89907.20
51.70 89907.20
51.80 89907.20
51.90 89907.20
52.00 89907.20
52.10 92979.20
52.20 92979.20
52.30 92979.20
52.40 92979.20
52.50 92979.20
52.60 92979.20
52.70 92979.20
52.80 92979.20
52.90 92979.20
53.00 92979.20
53.10 98099.20
53.20 98099.20
53.30 98099.20
53.40 98099.20
53.50 98099.20
53.60 98099.20
53.70 98099.20
53.80 98099.20
53.90 98099.20
54.00 98099.20
54.10 97075.20
54.20 97075.20
54.30 97075.20
54.40 97075.20
54.50 97075.20
54.60 97075.20
54.70 97075.20
54.80 97075.20
54.90 97075.20
55.00 97075.20
55.10 62873.60
55.20 62873.60
55.30 62873.60
55.40 62873.60
55.50 62873.60
55.60 62873.60
55.70 62873.60
55.80 62873.60
55.90 62873.60
56.00 62873.60
56.10 60006.40
56.20 60006.40
56.30 60006.40
56.40 60006.40
56.50 60006.40
56.60 60006.40
56.70 60006.40
56.80 60006.40
56.90 60006.40
57.00 60006.40
57.10 60006.40
57.20 60006.40
57.30 60006.40
57.40 60006.40
57.50 60006.40
57.60 60006.40
57.70 60006.40
57.80 60006.40
57.90 60006.40
58.00 60006.40
58.10 85708.80
58.20 85708.80
58.30 85708.80
58.40 85708.80
58.50 85708.80
58.60 85708.80
58.70 85708.80
58.80 85708.80
58.90 85708.80
59.00 85708.80
59.10 81715.20
59.20 81715.20
59.30 81715.20
59.40 81715.20
59.50 81715.20
59.60 81715.20
59.70 81715.20
59.80 81715.20
59.90 81715.20
60.00 81715.20
0.10 62361.60
0.20 62361.60
0.30 62361.60
0.40 62361.60
0.50 62361.60
0.60 62361.60
0.70 62361.60
0.80 62361.60
0.90 62361.60
1.00 62361.60
1.10 77824.00
1.20 77824.00
1.30 77824.00
1.40 77824.00
1.50 77824.00
1.60 77824.00
1.70 77824.00
1.80 77824.00
1.90 77824.00
2.00 77824.00
2.10 20070.40
2.20 20070.40
2.30 20070.40
2.40 20070.40
2.50 20070.40
2.60 20070.40
2.70 20070.40
2.80 20070.40
2.90 20070.40
3.00 20070.40
3.10 129433.60
3.20 129433.60
3.30 129433.60
3.40 129433.60
3.50 129433.60
3.60 129433.60
3.70 129433.60
3.80 129433.60
3.90 129433.60
4.00 129433.60
4.10 76800.00
4.20 76800.00
4.30 76800.00
4.40 76800.00
4.50 76800.00
4.60 76800.00
4.70 76800.00
4.80 76800.00
4.90 76800.00
5.00 76800.00
5.10 80486.40
5.20 80486.40
5.30 80486.40
5.40 80486.40
5.50 80486.40
5.60 80486.40
5.70 80486.40
5.80 80486.40
5.90 80486.40
6.00 80486.40
6.10 73113.60
6.20 73113.60
6.30 73113.60
6.40 73113.60
6.50 73113.60
6.60 73113.60
6.70 73113.60
6.80 73113.60
6.90 73113.60
7.00 73113.60
7.10 36761.60
7.20 36761.60
7.30 36761.60
7.40 36761.60
7.50 36761.60
7.60 36761.60
7.70 36761.60
7.80 36761.60
7.90 36761.60
8.00 36761.60
8.10 141824.00
8.20 141824.00
8.30 141824.00
8.40 141824.00
8.50 141824.00
8.60 141824.00
8.70 141824.00
8.80 141824.00
8.90 141824.00
9.00 141824.00
9.10 88780.80
9.20 88780.80
9.30 88780.80
9.40 88780.80
9.50 88780.80
9.60 88780.80
9.70 88780.80
9.80 88780.80
9.90 88780.80
10.00 88780.80
10.10 95334.40
10.20 95334.40
10.30 95334.40
10.40 95334.40
10.50 95334.40
10.60 95334.40
10.70 95334.40
10.80 95334.40
10.90 95334.40
11.00 95334.40
11.10 88064.00
11.20 88064.00
11.30 88064.00
11.40 88064.00
11.50 88064.00
11.60 88064.00
11.70 88064.00
11.80 88064.00
11.90 88064.00
12.00 88064.00
12.10 49766.40
12.20 49766.40
12.30 49766.40
12.40 49766.40
12.50 49766.40
12.60 49766.40
12.70 49766.40
12.80 49766.40
12.90 49766.40
13.00 49766.40
13.10 52531.20
13.20 52531.20
13.30 52531.20
13.40 52531.20
13.50 52531.20
13.60 52531.20
13.70 52531.20
13.80 52531.20
13.90 52531.20
14.00 52531.20
14.10 52531.20
14.20 52531.20
14.30 52531.20
14.40 52531.20
14.50 52531.20
14.60 52531.20
14.70 52531.20
14.80 52531.20
14.90 52531.20
15.00 52531.20
15.10 74649.60
15.20 74649.60
15.30 74649.60
15.40 74649.60
15.50 74649.60
15.60 74649.60
15.70 74649.60
15.80 74649.60
15.90 74649.60
16.00 74649.60
16.10 76595.20
16.20 76595.20
16.30 76595.20
16.40 76595.20
16.50 76595.20
16.60 76595.20
16.70 76595.20
16.80 76595.20
16.90 76595.20
17.00 76595.20
17.10 85913.60
17.20 85913.60
17.30 85913.60
17.40 85913.60
17.50 85913.60
17.60 85913.60
17.70 85913.60
17.80 85913.60
17.90 85913.60
18.00 85913.60
18.10 89497.60
18.20 89497.60
18.30 89497.60
18.40 89497.60
18.50 89497.60
18.60 89497.60
18.70 89497.60
18.80 89497.60
18.90 89497.60
19.00 89497.60
19.10 86016.00
19.20 86016.00
19.30 86016.00
19.40 86016.00
19.50 86016.00
19.60 86016.00
19.70 86016.00
19.80 86016.00
19.90 86016.00
20.00 86016.00
20.10 24064.00
20.20 24064.00
20.30 24064.00
20.40 24064.00
20.50 24064.00
20.60 24064.00
20.70 24064.00
20.80 24064.00
20.90 24064.00
21.00 24064.00
21.10 119705.60
21.20 119705.60
21.30 119705.60
21.40 119705.60
21.50 119705.60
21.60 119705.60
21.70 119705.60
21.80 119705.60
21.90 119705.60
22.00 119705.60
22.10 73113.60
22.20 73113.60
22.30 73113.60
22.40 73113.60
22.50 73113.60
22.60 73113.60
22.70 73113.60
22.80 73113.60
22.90 73113.60
23.00 73113.60
23.10 84070.40
23.20 84070.40
23.30 84070.40
23.40 84070.40
23.50 84070.40
23.60 84070.40
23.70 84070.40
23.80 84070.40
23.90 84070.40
24.00 84070.40
24.10 82841.60
24.20 82841.60
24.30 82841.60
24.40 82841.60
24.50 82841.60
24.60 82841.60
24.70 82841.60
24.80 82841.60
24.90 82841.60
25.00 82841.60
25.10 35532.80
25.20 35532.80
25.30 35532.80
25.40 35532.80
25.50 35532.80
25.60 35532.80
25.70 35532.80
25.80 35532.80
25.90 35532.80
26.00 35532.80
26.10 147763.20
26.20 147763.20
26.30 147763.20
26.40 147763.20
26.50 147763.20
26.60 147763.20
26.70 147763.20
26.80 147763.20
26.90 147763.20
27.00 147763.20
27.10 91545.60
27.20 91545.60
27.30 91545.60
27.40 91545.60
27.50 91545.60
27.60 91545.60
27.70 91545.60
27.80 91545.60
27.90 91545.60
28.00 91545.60
28.10 89600.00
28.20 89600.00
28.30 89600.00
28.40 89600.00
28.50 89600.00
28.60 89600.00
28.70 89600.00
28.80 89600.00
28.90 89600.00
29.00 89600.00
29.10 83251.20
29.20 83251.20
29.30 83251.20
29.40 83251.20
29.50 83251.20
29.60 83251.20
29.70 83251.20
29.80 83251.20
29.90 83251.20
30.00 83251.20
30.10 86016.00
30.20 86016.00
30.30 86016.00
30.40 86016.00
30.50 86016.00
30.60 86016.00
30.70 86016.00
30.80 86016.00
30.90 86016.00
31.00 86016.00
31.10 86118.40
31.20 86118.40
31.30 86118.40
31.40 86118.40
31.50 86118.40
31.60 86118.40
31.70 86118.40
31.80 86118.40
31.90 86118.40
32.00 86118.40
32.10 87654.40
32.20 87654.40
32.30 87654.40
32.40 87654.40
32.50 87654.40
32.60 87654.40
32.70 87654.40
32.80 87654.40
32.90 87654.40
33.00 87654.40
33.10 84172.80
33.20 84172.80
33.30 84172.80
33.40 84172.80
33.50 84172.80
33.60 84172.80
33.70 84172.80
33.80 84172.80
33.90 84172.80
34.00 84172.80
34.10 85196.80
34.20 85196.80
34.30 85196.80
34.40 85196.80
34.50 85196.80
34.60 85196.80
34.70 85196.80
34.80 85196.80
34.90 85196.80
35.00 85196.80
35.10 87244.80
35.20 87244.80
35.30 87244.80
35.40 87244.80
35.50 87244.80
35.60 87244.80
35.70 87244.80
35.80 87244.80
35.90 87244.80
36.00 87244.80
36.10 91136.00
36.20 91136.00
36.30 91136.00
36.40 91136.00
36.50 91136.00
36.60 91136.00
36.70 91136.00
36.80 91136.00
36.90 91136.00
37.00 91136.00
37.10 93593.60
37.20 93593.60
37.30 93593.60
37.40 93593.60
37.50 93593.60
37.60 93593.60
37.70 93593.60
37.80 93593.60
37.90 93593.60
38.00 93593.60
38.10 92774.40
38.20 92774.40
38.30 92774.40
38.40 92774.40
38.50 92774.40
38.60 92774.40
38.70 92774.40
38.80 92774.40
38.90 92774.40
39.00 92774.40
39.10 91033.60
39.20 91033.60
39.30 91033.60
39.40 91033.60
39.50 91033.60
39.60 91033.60
39.70 91033.60
39.80 91033.60
39.90 91033.60
40.00 91033.60
40.10 95129.60
40.20 95129.60
40.30 95129.60
40.40 95129.60
40.50 95129.60
40.60 95129.60
40.70 95129.60
40.80 95129.60
40.90 95129.60
41.00 95129.60
41.10 90726.40
41.20 90726.40
41.30 90726.40
41.40 90726.40
41.50 90726.40
41.60 90726.40
41.70 90726.40
41.80 90726.40
41.90 90726.40
42.00 90726.40
42.10 89497.60
42.20 89497.60
42.30 89497.60
42.40 89497.60
42.50 89497.60
42.60 89497.60
42.70 89497.60
42.80 89497.60
42.90 89497.60
43.00 89497.60
43.10 69529.60
43.20 69529.60
43.30 69529.60
43.40 69529.60
43.50 69529.60
43.60 69529.60
43.70 69529.60
43.80 69529.60
43.90 69529.60
44.00 69529.60
44.10 111820.80
44.20 111820.80
44.30 111820.80
44.40 111820.80
44.50 111820.80
44.60 111820.80
44.70 111820.80
44.80 111820.80
44.90 111820.80
45.00 111820.80
45.10 87859.20
45.20 87859.20
45.30 87859.20
45.40 87859.20
45.50 87859.20
45.60 87859.20
45.70 87859.20
45.80 87859.20
45.90 87859.20
46.00 87859.20
46.10 91238.40
46.20 91238.40
46.30 91238.40
46.40 91238.40
46.50 91238.40
46.60 91238.40
46.70 91238.40
46.80 91238.40
46.90 91238.40
47.00 91238.40
47.10 91033.60
47.20 91033.60
47.30 91033.60
47.40 91033.60
47.50 91033.60
47.60 91033.60
47.70 91033.60
47.80 91033.60
47.90 91033.60
48.00 91033.60
48.10 94310.40
48.20 94310.40
48.30 94310.40
48.40 94310.40
48.50 94310.40
48.60 94310.40
48.70 94310.40
48.80 94310.40
48.90 94310.40
49.00 94310.40
49.10 90828.80
49.20 90828.80
49.30 90828.80
49.40 90828.80
49.50 90828.80
49.60 90828.80
49.70 90828.80
49.80 90828.80
49.90 90828.80
50.00 90828.80
50.10 84889.60
50.20 84889.60
50.30 84889.60
50.40 84889.60
50.50 84889.60
50.60 84889.60
50.70 84889.60
50.80 84889.60
50.90 84889.60
51.00 84889.60
51.10 89907.20
51.20 89907.20
51.30 89907.20
51.40 89907.20
51.50 89907.20
51.60 89907.20
51.70 89907.20
51.80 89907.20
51.90 89907.20
52.00 89907.20
52.10 92979.20
52.20 92979.20
52.30 92979.20
52.40 92979.20
52.50 92979.20
52.60 92979.20
52.70 92979.20
52.80 92979.20
52.90 92979.20
53.00 92979.20
53.10 98099.20
53.20 98099.20
53.30 98099.20
53.40 98099.20
53.50 98099.20
53.60 98099.20
53.70 98099.20
53.80 98099.20
53.90 98099.20
54.00 98099.20
54.10 97075.20
54.20 97075.20
54.30 97075.20
54.40 97075.20
54.50 97075.20
54.60 97075.20
54.70 97075.20
54.80 97075.20
54.90 97075.20
55.00 97075.20
55.10 62873.60
55.20 62873.60
55.30 62873.60
55.40 62873.60
55.50 62873.60
55.60 62873.60
55.70 62873.60
55.80 62873.60
55.90 62873.60
56.00 62873.60
56.10 60006.40
56.20 60006.40
56.30 60006.40
56.40 60006.40
56.50 60006.40
56.60 60006.40
56.70 60006.40
56.80 60006.40
56.90 60006.40
57.00 60006.40
57.10 60006.40
57.20 60006.40
57.30 60006.40
57.40 60006.40
57.50 60006.40
57.60 60006.40
57.70 60006.40
57.80 60006.40
57.90 60006.40
58.00 60006.40
58.10 85708.80
58.20 85708.80
58.30 85708.80
58.40 85708.80
58.50 85708.80
58.60 85708.80
58.70 85708.80
58.80 85708.80
58.90 85708.80
59.00 85708.80
59.10 81715.20
59.20 81715.20
59.30 81715.20
59.40 81715.20
59.50 81715.20
59.60 81715.20
59.70 81715.20
59.80 81715.20
59.90 81715.20
60.00 81715.20
