0.10 62156.80
0.20 62156.80
0.30 62156.80
0.40 62156.80
0.50 62156.80
0.60 62156.80
0.70 62156.80
0.80 62156.80
0.90 62156.80
1.00 62156.80
1.10 63385.60
1.20 63385.60
1.30 63385.60
1.40 63385.60
1.50 63385.60
1.60 63385.60
1.70 63385.60
1.80 63385.60
1.90 63385.60
2.00 63385.60
2.10 51200.00
2.20 51200.00
2.30 51200.00
2.40 51200.00
2.50 51200.00
2.60 51200.00
2.70 51200.00
2.80 51200.00
2.90 51200.00
3.00 51200.00
3.10 77824.00
3.20 77824.00
3.30 77824.00
3.40 77824.00
3.50 77824.00
3.60 77824.00
3.70 77824.00
3.80 77824.00
3.90 77824.00
4.00 77824.00
4.10 50483.20
4.20 50483.20
4.30 50483.20
4.40 50483.20
4.50 50483.20
4.60 50483.20
4.70 50483.20
4.80 50483.20
4.90 50483.20
5.00 50483.20
5.10 82022.40
5.20 82022.40
5.30 82022.40
5.40 82022.40
5.50 82022.40
5.60 82022.40
5.70 82022.40
5.80 82022.40
5.90 82022.40
6.00 82022.40
6.10 69939.20
6.20 69939.20
6.30 69939.20
6.40 69939.20
6.50 69939.20
6.60 69939.20
6.70 69939.20
6.80 69939.20
6.90 69939.20
7.00 69939.20
7.10 66867.20
7.20 66867.20
7.30 66867.20
7.40 66867.20
7.50 66867.20
7.60 66867.20
7.70 66867.20
7.80 66867.20
7.90 66867.20
8.00 66867.20
8.10 63897.60
8.20 63897.60
8.30 63897.60
8.40 63897.60
8.50 63897.60
8.60 63897.60
8.70 63897.60
8.80 63897.60
8.90 63897.60
9.00 63897.60
9.10 63283.20
9.20 63283.20
9.30 63283.20
9.40 63283.20
9.50 63283.20
9.60 63283.20
9.70 63283.20
9.80 63283.20
9.90 63283.20
10.00 63283.20
10.10 61440.00
10.20 61440.00
10.30 61440.00
10.40 61440.00
10.50 61440.00
10.60 61440.00
10.70 61440.00
10.80 61440.00
10.90 61440.00
11.00 61440.00
11.10 60928.00
11.20 60928.00
11.30 60928.00
11.40 60928.00
11.50 60928.00
11.60 60928.00
11.70 60928.00
11.80 60928.00
11.90 60928.00
12.00 60928.00
12.10 63078.40
12.20 63078.40
12.30 63078.40
12.40 63078.40
12.50 63078.40
12.60 63078.40
12.70 63078.40
12.80 63078.40
12.90 63078.40
13.00 63078.40
13.10 66457.60
13.20 66457.60
13.30 66457.60
13.40 66457.60
13.50 66457.60
13.60 66457.60
13.70 66457.60
13.80 66457.60
13.90 66457.60
14.00 66457.60
14.10 68812.80
14.20 68812.80
14.30 68812.80
14.40 68812.80
14.50 68812.80
14.60 68812.80
14.70 68812.80
14.80 68812.80
14.90 68812.80
15.00 68812.80
15.10 66969.60
15.20 66969.60
15.30 66969.60
15.40 66969.60
15.50 66969.60
15.60 66969.60
15.70 66969.60
15.80 66969.60
15.90 66969.60
16.00 66969.60
16.10 70860.80
16.20 70860.80
16.30 70860.80
16.40 70860.80
16.50 70860.80
16.60 70860.80
16.70 70860.80
16.80 70860.80
16.90 70860.80
17.00 70860.80
17.10 65843.20
17.20 65843.20
17.30 65843.20
17.40 65843.20
17.50 65843.20
17.60 65843.20
17.70 65843.20
17.80 65843.20
17.90 65843.20
18.00 65843.20
18.10 18841.60
18.20 18841.60
18.30 18841.60
18.40 18841.60
18.50 18841.60
18.60 18841.60
18.70 18841.60
18.80 18841.60
18.90 18841.60
19.00 18841.60
19.10 114995.20
19.20 114995.20
19.30 114995.20
19.40 114995.20
19.50 114995.20
19.60 114995.20
19.70 114995.20
19.80 114995.20
19.90 114995.20
20.00 114995.20
20.10 66867.20
20.20 66867.20
20.30 66867.20
20.40 66867.20
20.50 66867.20
20.60 66867.20
20.70 66867.20
20.80 66867.20
20.90 66867.20
21.00 66867.20
21.10 64921.60
21.20 64921.60
21.30 64921.60
21.40 64921.60
21.50 64921.60
21.60 64921.60
21.70 64921.60
21.80 64921.60
21.90 64921.60
22.00 64921.60
22.10 66457.60
22.20 66457.60
22.30 66457.60
22.40 66457.60
22.50 66457.60
22.60 66457.60
22.70 66457.60
22.80 66457.60
22.90 66457.60
23.00 66457.60
23.10 66252.80
23.20 66252.80
23.30 66252.80
23.40 66252.80
23.50 66252.80
23.60 66252.80
23.70 66252.80
23.80 66252.80
23.90 66252.80
24.00 66252.80
24.10 69222.40
24.20 69222.40
24.30 69222.40
24.40 69222.40
24.50 69222.40
24.60 69222.40
24.70 69222.40
24.80 69222.40
24.90 69222.40
25.00 69222.40
25.10 56832.00
25.20 56832.00
25.30 56832.00
25.40 56832.00
25.50 56832.00
25.60 56832.00
25.70 56832.00
25.80 56832.00
25.90 56832.00
26.00 56832.00
26.10 85401.60
26.20 85401.60
26.30 85401.60
26.40 85401.60
26.50 85401.60
26.60 85401.60
26.70 85401.60
26.80 85401.60
26.90 85401.60
27.00 85401.60
27.10 70041.60
27.20 70041.60
27.30 70041.60
27.40 70041.60
27.50 70041.60
27.60 70041.60
27.70 70041.60
27.80 70041.60
27.90 70041.60
28.00 70041.60
28.10 71168.00
28.20 71168.00
28.30 71168.00
28.40 71168.00
28.50 71168.00
28.60 71168.00
28.70 71168.00
28.80 71168.00
28.90 71168.00
29.00 71168.00
29.10 69324.80
29.20 69324.80
29.30 69324.80
29.40 69324.80
29.50 69324.80
29.60 69324.80
29.70 69324.80
29.80 69324.80
29.90 69324.80
30.00 69324.80
30.10 66150.40
30.20 66150.40
30.30 66150.40
30.40 66150.40
30.50 66150.40
30.60 66150.40
30.70 66150.40
30.80 66150.40
30.90 66150.40
31.00 66150.40
31.10 67174.40
31.20 67174.40
31.30 67174.40
31.40 67174.40
31.50 67174.40
31.60 67174.40
31.70 67174.40
31.80 67174.40
31.90 67174.40
32.00 67174.40
32.10 66048.00
32.20 66048.00
32.30 66048.00
32.40 66048.00
32.50 66048.00
32.60 66048.00
32.70 66048.00
32.80 66048.00
32.90 66048.00
33.00 66048.00
33.10 68403.20
33.20 68403.20
33.30 68403.20
33.40 68403.20
33.50 68403.20
33.60 68403.20
33.70 68403.20
33.80 68403.20
33.90 68403.20
34.00 68403.20
34.10 43622.40
34.20 43622.40
34.30 43622.40
34.40 43622.40
34.50 43622.40
34.60 43622.40
34.70 43622.40
34.80 43622.40
34.90 43622.40
35.00 43622.40
35.10 7884.80
35.20 7884.80
35.30 7884.80
35.40 7884.80
35.50 7884.80
35.60 7884.80
35.70 7884.80
35.80 7884.80
35.90 7884.80
36.00 7884.80
36.10 93184.00
36.20 93184.00
36.30 93184.00
36.40 93184.00
36.50 93184.00
36.60 93184.00
36.70 93184.00
36.80 93184.00
36.90 93184.00
37.00 93184.00
37.10 46899.20
37.20 46899.20
37.30 46899.20
37.40 46899.20
37.50 46899.20
37.60 46899.20
37.70 46899.20
37.80 46899.20
37.90 46899.20
38.00 46899.20
38.10 47820.80
38.20 47820.80
38.30 47820.80
38.40 47820.80
38.50 47820.80
38.60 47820.80
38.70 47820.80
38.80 47820.80
38.90 47820.80
39.00 47820.80
39.10 50073.60
39.20 50073.60
39.30 50073.60
39.40 50073.60
39.50 50073.60
39.60 50073.60
39.70 50073.60
39.80 50073.60
39.90 50073.60
40.00 50073.60
40.10 64614.40
40.20 64614.40
40.30 64614.40
40.40 64614.40
40.50 64614.40
40.60 64614.40
40.70 64614.40
40.80 64614.40
40.90 64614.40
41.00 64614.40
41.10 67584.00
41.20 67584.00
41.30 67584.00
41.40 67584.00
41.50 67584.00
41.60 67584.00
41.70 67584.00
41.80 67584.00
41.90 67584.00
42.00 67584.00
42.10 65024.00
42.20 65024.00
42.30 65024.00
42.40 65024.00
42.50 65024.00
42.60 65024.00
42.70 65024.00
42.80 65024.00
42.90 65024.00
43.00 65024.00
43.10 65024.00
43.20 65024.00
43.30 65024.00
43.40 65024.00
43.50 65024.00
43.60 65024.00
43.70 65024.00
43.80 65024.00
43.90 65024.00
44.00 65024.00
44.10 62156.80
44.20 62156.80
44.30 62156.80
44.40 62156.80
44.50 62156.80
44.60 62156.80
44.70 62156.80
44.80 62156.80
44.90 62156.80
45.00 62156.80
45.10 63488.00
45.20 63488.00
45.30 63488.00
45.40 63488.00
45.50 63488.00
45.60 63488.00
45.70 63488.00
45.80 63488.00
45.90 63488.00
46.00 63488.00
46.10 29286.40
46.20 29286.40
46.30 29286.40
46.40 29286.40
46.50 29286.40
46.60 29286.40
46.70 29286.40
46.80 29286.40
46.90 29286.40
47.00 29286.40
47.10 7270.40
47.20 7270.40
47.30 7270.40
47.40 7270.40
47.50 7270.40
47.60 7270.40
47.70 7270.40
47.80 7270.40
47.90 7270.40
48.00 7270.40
48.10 16998.40
48.20 16998.40
48.30 16998.40
48.40 16998.40
48.50 16998.40
48.60 16998.40
48.70 16998.40
48.80 16998.40
48.90 16998.40
49.00 16998.40
49.10 29491.20
49.20 29491.20
49.30 29491.20
49.40 29491.20
49.50 29491.20
49.60 29491.20
49.70 29491.20
49.80 29491.20
49.90 29491.20
50.00 29491.20
50.10 28364.80
50.20 28364.80
50.30 28364.80
50.40 28364.80
50.50 28364.80
50.60 28364.80
50.70 28364.80
50.80 28364.80
50.90 28364.80
51.00 28364.80
51.10 47513.60
51.20 47513.60
51.30 47513.60
51.40 47513.60
51.50 47513.60
51.60 47513.60
51.70 47513.60
51.80 47513.60
51.90 47513.60
52.00 47513.60
52.10 23449.60
52.20 23449.60
52.30 23449.60
52.40 23449.60
52.50 23449.60
52.60 23449.60
52.70 23449.60
52.80 23449.60
52.90 23449.60
53.00 23449.60
53.10 77926.40
53.20 77926.40
53.30 77926.40
53.40 77926.40
53.50 77926.40
53.60 77926.40
53.70 77926.40
53.80 77926.40
53.90 77926.40
54.00 77926.40
54.10 45465.60
54.20 45465.60
54.30 45465.60
54.40 45465.60
54.50 45465.60
54.60 45465.60
54.70 45465.60
54.80 45465.60
54.90 45465.60
55.00 45465.60
55.10 46694.40
55.20 46694.40
55.30 46694.40
55.40 46694.40
55.50 46694.40
55.60 46694.40
55.70 46694.40
55.80 46694.40
55.90 46694.40
56.00 46694.40
56.10 54374.40
56.20 54374.40
56.30 54374.40
56.40 54374.40
56.50 54374.40
56.60 54374.40
56.70 54374.40
56.80 54374.40
56.90 54374.40
57.00 54374.40
57.10 46182.40
57.20 46182.40
57.30 46182.40
57.40 46182.40
57.50 46182.40
57.60 46182.40
57.70 46182.40
57.80 46182.40
57.90 46182.40
58.00 46182.40
58.10 42291.20
58.20 42291.20
58.30 42291.20
58.40 42291.20
58.50 42291.20
58.60 42291.20
58.70 42291.20
58.80 42291.20
58.90 42291.20
59.00 42291.20
59.10 44953.60
59.20 44953.60
59.30 44953.60
59.40 44953.60
59.50 44953.60
59.60 44953.60
59.70 44953.60
59.80 44953.60
59.90 44953.60
60.00 44953.60
0.10 62156.80
0.20 62156.80
0.30 62156.80
0.40 62156.80
0.50 62156.80
0.60 62156.80
0.70 62156.80
0.80 62156.80
0.90 62156.80
1.00 62156.80
1.10 63385.60
1.20 63385.60
1.30 63385.60
1.40 63385.60
1.50 63385.60
1.60 63385.60
1.70 63385.60
1.80 63385.60
1.90 63385.60
2.00 63385.60
2.10 51200.00
2.20 51200.00
2.30 51200.00
2.40 51200.00
2.50 51200.00
2.60 51200.00
2.70 51200.00
2.80 51200.00
2.90 51200.00
3.00 51200.00
3.10 77824.00
3.20 77824.00
3.30 77824.00
3.40 77824.00
3.50 77824.00
3.60 77824.00
3.70 77824.00
3.80 77824.00
3.90 77824.00
4.00 77824.00
4.10 50483.20
4.20 50483.20
4.30 50483.20
4.40 50483.20
4.50 50483.20
4.60 50483.20
4.70 50483.20
4.80 50483.20
4.90 50483.20
5.00 50483.20
5.10 82022.40
5.20 82022.40
5.30 82022.40
5.40 82022.40
5.50 82022.40
5.60 82022.40
5.70 82022.40
5.80 82022.40
5.90 82022.40
6.00 82022.40
6.10 69939.20
6.20 69939.20
6.30 69939.20
6.40 69939.20
6.50 69939.20
6.60 69939.20
6.70 69939.20
6.80 69939.20
6.90 69939.20
7.00 69939.20
7.10 66867.20
7.20 66867.20
7.30 66867.20
7.40 66867.20
7.50 66867.20
7.60 66867.20
7.70 66867.20
7.80 66867.20
7.90 66867.20
8.00 66867.20
8.10 63897.60
8.20 63897.60
8.30 63897.60
8.40 63897.60
8.50 63897.60
8.60 63897.60
8.70 63897.60
8.80 63897.60
8.90 63897.60
9.00 63897.60
9.10 63283.20
9.20 63283.20
9.30 63283.20
9.40 63283.20
9.50 63283.20
9.60 63283.20
9.70 63283.20
9.80 63283.20
9.90 63283.20
10.00 63283.20
10.10 61440.00
10.20 61440.00
10.30 61440.00
10.40 61440.00
10.50 61440.00
10.60 61440.00
10.70 61440.00
10.80 61440.00
10.90 61440.00
11.00 61440.00
11.10 60928.00
11.20 60928.00
11.30 60928.00
11.40 60928.00
11.50 60928.00
11.60 60928.00
11.70 60928.00
11.80 60928.00
11.90 60928.00
12.00 60928.00
12.10 63078.40
12.20 63078.40
12.30 63078.40
12.40 63078.40
12.50 63078.40
12.60 63078.40
12.70 63078.40
12.80 63078.40
12.90 63078.40
13.00 63078.40
13.10 66457.60
13.20 66457.60
13.30 66457.60
13.40 66457.60
13.50 66457.60
13.60 66457.60
13.70 66457.60
13.80 66457.60
13.90 66457.60
14.00 66457.60
14.10 68812.80
14.20 68812.80
14.30 68812.80
14.40 68812.80
14.50 68812.80
14.60 68812.80
14.70 68812.80
14.80 68812.80
14.90 68812.80
15.00 68812.80
15.10 66969.60
15.20 66969.60
15.30 66969.60
15.40 66969.60
15.50 66969.60
15.60 66969.60
15.70 66969.60
15.80 66969.60
15.90 66969.60
16.00 66969.60
16.10 70860.80
16.20 70860.80
16.30 70860.80
16.40 70860.80
16.50 70860.80
16.60 70860.80
16.70 70860.80
16.80 70860.80
16.90 70860.80
17.00 70860.80
17.10 65843.20
17.20 65843.20
17.30 65843.20
17.40 65843.20
17.50 65843.20
17.60 65843.20
17.70 65843.20
17.80 65843.20
17.90 65843.20
18.00 65843.20
18.10 18841.60
18.20 18841.60
18.30 18841.60
18.40 18841.60
18.50 18841.60
18.60 18841.60
18.70 18841.60
18.80 18841.60
18.90 18841.60
19.00 18841.60
19.10 114995.20
19.20 114995.20
19.30 114995.20
19.40 114995.20
19.50 114995.20
19.60 114995.20
19.70 114995.20
19.80 114995.20
19.90 114995.20
20.00 114995.20
20.10 66867.20
20.20 66867.20
20.30 66867.20
20.40 66867.20
20.50 66867.20
20.60 66867.20
20.70 66867.20
20.80 66867.20
20.90 66867.20
21.00 66867.20
21.10 64921.60
21.20 64921.60
21.30 64921.60
21.40 64921.60
21.50 64921.60
21.60 64921.60
21.70 64921.60
21.80 64921.60
21.90 64921.60
22.00 64921.60
22.10 66457.60
22.20 66457.60
22.30 66457.60
22.40 66457.60
22.50 66457.60
22.60 66457.60
22.70 66457.60
22.80 66457.60
22.90 66457.60
23.00 66457.60
23.10 66252.80
23.20 66252.80
23.30 66252.80
23.40 66252.80
23.50 66252.80
23.60 66252.80
23.70 66252.80
23.80 66252.80
23.90 66252.80
24.00 66252.80
24.10 69222.40
24.20 69222.40
24.30 69222.40
24.40 69222.40
24.50 69222.40
24.60 69222.40
24.70 69222.40
24.80 69222.40
24.90 69222.40
25.00 69222.40
25.10 56832.00
25.20 56832.00
25.30 56832.00
25.40 56832.00
25.50 56832.00
25.60 56832.00
25.70 56832.00
25.80 56832.00
25.90 56832.00
26.00 56832.00
26.10 85401.60
26.20 85401.60
26.30 85401.60
26.40 85401.60
26.50 85401.60
26.60 85401.60
26.70 85401.60
26.80 85401.60
26.90 85401.60
27.00 85401.60
27.10 70041.60
27.20 70041.60
27.30 70041.60
27.40 70041.60
27.50 70041.60
27.60 70041.60
27.70 70041.60
27.80 70041.60
27.90 70041.60
28.00 70041.60
28.10 71168.00
28.20 71168.00
28.30 71168.00
28.40 71168.00
28.50 71168.00
28.60 71168.00
28.70 71168.00
28.80 71168.00
28.90 71168.00
29.00 71168.00
29.10 69324.80
29.20 69324.80
29.30 69324.80
29.40 69324.80
29.50 69324.80
29.60 69324.80
29.70 69324.80
29.80 69324.80
29.90 69324.80
30.00 69324.80
30.10 66150.40
30.20 66150.40
30.30 66150.40
30.40 66150.40
30.50 66150.40
30.60 66150.40
30.70 66150.40
30.80 66150.40
30.90 66150.40
31.00 66150.40
31.10 67174.40
31.20 67174.40
31.30 67174.40
31.40 67174.40
31.50 67174.40
31.60 67174.40
31.70 67174.40
31.80 67174.40
31.90 67174.40
32.00 67174.40
32.10 66048.00
32.20 66048.00
32.30 66048.00
32.40 66048.00
32.50 66048.00
32.60 66048.00
32.70 66048.00
32.80 66048.00
32.90 66048.00
33.00 66048.00
33.10 68403.20
33.20 68403.20
33.30 68403.20
33.40 68403.20
33.50 68403.20
33.60 68403.20
33.70 68403.20
33.80 68403.20
33.90 68403.20
34.00 68403.20
34.10 43622.40
34.20 43622.40
34.30 43622.40
34.40 43622.40
34.50 43622.40
34.60 43622.40
34.70 43622.40
34.80 43622.40
34.90 43622.40
35.00 43622.40
35.10 7884.80
35.20 7884.80
35.30 7884.80
35.40 7884.80
35.50 7884.80
35.60 7884.80
35.70 7884.80
35.80 7884.80
35.90 7884.80
36.00 7884.80
36.10 93184.00
36.20 93184.00
36.30 93184.00
36.40 93184.00
36.50 93184.00
36.60 93184.00
36.70 93184.00
36.80 93184.00
36.90 93184.00
37.00 93184.00
37.10 46899.20
37.20 46899.20
37.30 46899.20
37.40 46899.20
37.50 46899.20
37.60 46899.20
37.70 46899.20
37.80 46899.20
37.90 46899.20
38.00 46899.20
38.10 47820.80
38.20 47820.80
38.30 47820.80
38.40 47820.80
38.50 47820.80
38.60 47820.80
38.70 47820.80
38.80 47820.80
38.90 47820.80
39.00 47820.80
39.10 50073.60
39.20 50073.60
39.30 50073.60
39.40 50073.60
39.50 50073.60
39.60 50073.60
39.70 50073.60
39.80 50073.60
39.90 50073.60
40.00 50073.60
40.10 64614.40
40.20 64614.40
40.30 64614.40
40.40 64614.40
40.50 64614.40
40.60 64614.40
40.70 64614.40
40.80 64614.40
40.90 64614.40
41.00 64614.40
41.10 67584.00
41.20 67584.00
41.30 67584.00
41.40 67584.00
41.50 67584.00
41.60 67584.00
41.70 67584.00
41.80 67584.00
41.90 67584.00
42.00 67584.00
42.10 65024.00
42.20 65024.00
42.30 65024.00
42.40 65024.00
42.50 65024.00
42.60 65024.00
42.70 65024.00
42.80 65024.00
42.90 65024.00
43.00 65024.00
43.10 65024.00
43.20 65024.00
43.30 65024.00
43.40 65024.00
43.50 65024.00
43.60 65024.00
43.70 65024.00
43.80 65024.00
43.90 65024.00
44.00 65024.00
44.10 62156.80
44.20 62156.80
44.30 62156.80
44.40 62156.80
44.50 62156.80
44.60 62156.80
44.70 62156.80
44.80 62156.80
44.90 62156.80
45.00 62156.80
45.10 63488.00
45.20 63488.00
45.30 63488.00
45.40 63488.00
45.50 63488.00
45.60 63488.00
45.70 63488.00
45.80 63488.00
45.90 63488.00
46.00 63488.00
46.10 29286.40
46.20 29286.40
46.30 29286.40
46.40 29286.40
46.50 29286.40
46.60 29286.40
46.70 29286.40
46.80 29286.40
46.90 29286.40
47.00 29286.40
47.10 7270.40
47.20 7270.40
47.30 7270.40
47.40 7270.40
47.50 7270.40
47.60 7270.40
47.70 7270.40
47.80 7270.40
47.90 7270.40
48.00 7270.40
48.10 16998.40
48.20 16998.40
48.30 16998.40
48.40 16998.40
48.50 16998.40
48.60 16998.40
48.70 16998.40
48.80 16998.40
48.90 16998.40
49.00 16998.40
49.10 29491.20
49.20 29491.20
49.30 29491.20
49.40 29491.20
49.50 29491.20
49.60 29491.20
49.70 29491.20
49.80 29491.20
49.90 29491.20
50.00 29491.20
50.10 28364.80
50.20 28364.80
50.30 28364.80
50.40 28364.80
50.50 28364.80
50.60 28364.80
50.70 28364.80
50.80 28364.80
50.90 28364.80
51.00 28364.80
51.10 47513.60
51.20 47513.60
51.30 47513.60
51.40 47513.60
51.50 47513.60
51.60 47513.60
51.70 47513.60
51.80 47513.60
51.90 47513.60
52.00 47513.60
52.10 23449.60
52.20 23449.60
52.30 23449.60
52.40 23449.60
52.50 23449.60
52.60 23449.60
52.70 23449.60
52.80 23449.60
52.90 23449.60
53.00 23449.60
53.10 77926.40
53.20 77926.40
53.30 77926.40
53.40 77926.40
53.50 77926.40
53.60 77926.40
53.70 77926.40
53.80 77926.40
53.90 77926.40
54.00 77926.40
54.10 45465.60
54.20 45465.60
54.30 45465.60
54.40 45465.60
54.50 45465.60
54.60 45465.60
54.70 45465.60
54.80 45465.60
54.90 45465.60
55.00 45465.60
55.10 46694.40
55.20 46694.40
55.30 46694.40
55.40 46694.40
55.50 46694.40
55.60 46694.40
55.70 46694.40
55.80 46694.40
55.90 46694.40
56.00 46694.40
56.10 54374.40
56.20 54374.40
56.30 54374.40
56.40 54374.40
56.50 54374.40
56.60 54374.40
56.70 54374.40
56.80 54374.40
56.90 54374.40
57.00 54374.40
57.10 46182.40
57.20 46182.40
57.30 46182.40
57.40 46182.40
57.50 46182.40
57.60 46182.40
57.70 46182.40
57.80 46182.40
57.90 46182.40
58.00 46182.40
58.10 42291.20
58.20 42291.20
58.30 42291.20
58.40 42291.20
58.50 42291.20
58.60 42291.20
58.70 42291.20
58.80 42291.20
58.90 42291.20
59.00 42291.20
59.10 44953.60
59.20 44953.60
59.30 44953.60
59.40 44953.60
59.50 44953.60
59.60 44953.60
59.70 44953.60
59.80 44953.60
59.90 44953.60
60.00 44953.60
