0.10 68505.60
0.20 68505.60
0.30 68505.60
0.40 68505.60
0.50 68505.60
0.60 68505.60
0.70 68505.60
0.80 68505.60
0.90 68505.60
1.00 68505.60
1.10 73216.00
1.20 73216.00
1.30 73216.00
1.40 73216.00
1.50 73216.00
1.60 73216.00
1.70 73216.00
1.80 73216.00
1.90 73216.00
2.00 73216.00
2.10 73932.80
2.20 73932.80
2.30 73932.80
2.40 73932.80
2.50 73932.80
2.60 73932.80
2.70 73932.80
2.80 73932.80
2.90 73932.80
3.00 73932.80
3.10 71577.60
3.20 71577.60
3.30 71577.60
3.40 71577.60
3.50 71577.60
3.60 71577.60
3.70 71577.60
3.80 71577.60
3.90 71577.60
4.00 71577.60
4.10 65843.20
4.20 65843.20
4.30 65843.20
4.40 65843.20
4.50 65843.20
4.60 65843.20
4.70 65843.20
4.80 65843.20
4.90 65843.20
5.00 65843.20
5.10 60006.40
5.20 60006.40
5.30 60006.40
5.40 60006.40
5.50 60006.40
5.60 60006.40
5.70 60006.40
5.80 60006.40
5.90 60006.40
6.00 60006.40
6.10 73523.20
6.20 73523.20
6.30 73523.20
6.40 73523.20
6.50 73523.20
6.60 73523.20
6.70 73523.20
6.80 73523.20
6.90 73523.20
7.00 73523.20
7.10 67174.40
7.20 67174.40
7.30 67174.40
7.40 67174.40
7.50 67174.40
7.60 67174.40
7.70 67174.40
7.80 67174.40
7.90 67174.40
8.00 67174.40
8.10 65024.00
8.20 65024.00
8.30 65024.00
8.40 65024.00
8.50 65024.00
8.60 65024.00
8.70 65024.00
8.80 65024.00
8.90 65024.00
9.00 65024.00
9.10 63897.60
9.20 63897.60
9.30 63897.60
9.40 63897.60
9.50 63897.60
9.60 63897.60
9.70 63897.60
9.80 63897.60
9.90 63897.60
10.00 63897.60
10.10 65740.80
10.20 65740.80
10.30 65740.80
10.40 65740.80
10.50 65740.80
10.60 65740.80
10.70 65740.80
10.80 65740.80
10.90 65740.80
11.00 65740.80
11.10 66150.40
11.20 66150.40
11.30 66150.40
11.40 66150.40
11.50 66150.40
11.60 66150.40
11.70 66150.40
11.80 66150.40
11.90 66150.40
12.00 66150.40
12.10 3788.80
12.20 3788.80
12.30 3788.80
12.40 3788.80
12.50 3788.80
12.60 3788.80
12.70 3788.80
12.80 3788.80
12.90 3788.80
13.00 3788.80
13.10 126566.40
13.20 126566.40
13.30 126566.40
13.40 126566.40
13.50 126566.40
13.60 126566.40
13.70 126566.40
13.80 126566.40
13.90 126566.40
14.00 126566.40
14.10 66662.40
14.20 66662.40
14.30 66662.40
14.40 66662.40
14.50 66662.40
14.60 66662.40
14.70 66662.40
14.80 66662.40
14.90 66662.40
15.00 66662.40
15.10 70041.60
15.20 70041.60
15.30 70041.60
15.40 70041.60
15.50 70041.60
15.60 70041.60
15.70 70041.60
15.80 70041.60
15.90 70041.60
16.00 70041.60
16.10 68915.20
16.20 68915.20
16.30 68915.20
16.40 68915.20
16.50 68915.20
16.60 68915.20
16.70 68915.20
16.80 68915.20
16.90 68915.20
17.00 68915.20
17.10 66969.60
17.20 66969.60
17.30 66969.60
17.40 66969.60
17.50 66969.60
17.60 66969.60
17.70 66969.60
17.80 66969.60
17.90 66969.60
18.00 66969.60
18.10 69529.60
18.20 69529.60
18.30 69529.60
18.40 69529.60
18.50 69529.60
18.60 69529.60
18.70 69529.60
18.80 69529.60
18.90 69529.60
19.00 69529.60
19.10 69222.40
19.20 69222.40
19.30 69222.40
19.40 69222.40
19.50 69222.40
19.60 69222.40
19.70 69222.40
19.80 69222.40
19.90 69222.40
20.00 69222.40
20.10 67686.40
20.20 67686.40
20.30 67686.40
20.40 67686.40
20.50 67686.40
20.60 67686.40
20.70 67686.40
20.80 67686.40
20.90 67686.40
21.00 67686.40
21.10 68096.00
21.20 68096.00
21.30 68096.00
21.40 68096.00
21.50 68096.00
21.60 68096.00
21.70 68096.00
21.80 68096.00
21.90 68096.00
22.00 68096.00
22.10 70041.60
22.20 70041.60
22.30 70041.60
22.40 70041.60
22.50 70041.60
22.60 70041.60
22.70 70041.60
22.80 70041.60
22.90 70041.60
23.00 70041.60
23.10 70144.00
23.20 70144.00
23.30 70144.00
23.40 70144.00
23.50 70144.00
23.60 70144.00
23.70 70144.00
23.80 70144.00
23.90 70144.00
24.00 70144.00
24.10 70860.80
24.20 70860.80
24.30 70860.80
24.40 70860.80
24.50 70860.80
24.60 70860.80
24.70 70860.80
24.80 70860.80
24.90 70860.80
25.00 70860.80
25.10 3276.80
25.20 3276.80
25.30 3276.80
25.40 3276.80
25.50 3276.80
25.60 3276.80
25.70 3276.80
25.80 3276.80
25.90 3276.80
26.00 3276.80
26.10 126156.80
26.20 126156.80
26.30 126156.80
26.40 126156.80
26.50 126156.80
26.60 126156.80
26.70 126156.80
26.80 126156.80
26.90 126156.80
27.00 126156.80
27.10 69222.40
27.20 69222.40
27.30 69222.40
27.40 69222.40
27.50 69222.40
27.60 69222.40
27.70 69222.40
27.80 69222.40
27.90 69222.40
28.00 69222.40
28.10 58265.60
28.20 58265.60
28.30 58265.60
28.40 58265.60
28.50 58265.60
28.60 58265.60
28.70 58265.60
28.80 58265.60
28.90 58265.60
29.00 58265.60
29.10 39628.80
29.20 39628.80
29.30 39628.80
29.40 39628.80
29.50 39628.80
29.60 39628.80
29.70 39628.80
29.80 39628.80
29.90 39628.80
30.00 39628.80
30.10 83968.00
30.20 83968.00
30.30 83968.00
30.40 83968.00
30.50 83968.00
30.60 83968.00
30.70 83968.00
30.80 83968.00
30.90 83968.00
31.00 83968.00
31.10 57548.80
31.20 57548.80
31.30 57548.80
31.40 57548.80
31.50 57548.80
31.60 57548.80
31.70 57548.80
31.80 57548.80
31.90 57548.80
32.00 57548.80
32.10 60006.40
32.20 60006.40
32.30 60006.40
32.40 60006.40
32.50 60006.40
32.60 60006.40
32.70 60006.40
32.80 60006.40
32.90 60006.40
33.00 60006.40
33.10 63692.80
33.20 63692.80
33.30 63692.80
33.40 63692.80
33.50 63692.80
33.60 63692.80
33.70 63692.80
33.80 63692.80
33.90 63692.80
34.00 63692.80
34.10 65843.20
34.20 65843.20
34.30 65843.20
34.40 65843.20
34.50 65843.20
34.60 65843.20
34.70 65843.20
34.80 65843.20
34.90 65843.20
35.00 65843.20
35.10 67379.20
35.20 67379.20
35.30 67379.20
35.40 67379.20
35.50 67379.20
35.60 67379.20
35.70 67379.20
35.80 67379.20
35.90 67379.20
36.00 67379.20
36.10 67993.60
36.20 67993.60
36.30 67993.60
36.40 67993.60
36.50 67993.60
36.60 67993.60
36.70 67993.60
36.80 67993.60
36.90 67993.60
37.00 67993.60
37.10 68505.60
37.20 68505.60
37.30 68505.60
37.40 68505.60
37.50 68505.60
37.60 68505.60
37.70 68505.60
37.80 68505.60
37.90 68505.60
38.00 68505.60
38.10 67276.80
38.20 67276.80
38.30 67276.80
38.40 67276.80
38.50 67276.80
38.60 67276.80
38.70 67276.80
38.80 67276.80
38.90 67276.80
39.00 67276.80
39.10 19251.20
39.20 19251.20
39.30 19251.20
39.40 19251.20
39.50 19251.20
39.60 19251.20
39.70 19251.20
39.80 19251.20
39.90 19251.20
40.00 19251.20
40.10 96256.00
40.20 96256.00
40.30 96256.00
40.40 96256.00
40.50 96256.00
40.60 96256.00
40.70 96256.00
40.80 96256.00
40.90 96256.00
41.00 96256.00
41.10 58982.40
41.20 58982.40
41.30 58982.40
41.40 58982.40
41.50 58982.40
41.60 58982.40
41.70 58982.40
41.80 58982.40
41.90 58982.40
42.00 58982.40
42.10 57139.20
42.20 57139.20
42.30 57139.20
42.40 57139.20
42.50 57139.20
42.60 57139.20
42.70 57139.20
42.80 57139.20
42.90 57139.20
43.00 57139.20
43.10 58982.40
43.20 58982.40
43.30 58982.40
43.40 58982.40
43.50 58982.40
43.60 58982.40
43.70 58982.40
43.80 58982.40
43.90 58982.40
44.00 58982.40
44.10 66048.00
44.20 66048.00
44.30 66048.00
44.40 66048.00
44.50 66048.00
44.60 66048.00
44.70 66048.00
44.80 66048.00
44.90 66048.00
45.00 66048.00
45.10 57241.60
45.20 57241.60
45.30 57241.60
45.40 57241.60
45.50 57241.60
45.60 57241.60
45.70 57241.60
45.80 57241.60
45.90 57241.60
46.00 57241.60
46.10 62259.20
46.20 62259.20
46.30 62259.20
46.40 62259.20
46.50 62259.20
46.60 62259.20
46.70 62259.20
46.80 62259.20
46.90 62259.20
47.00 62259.20
47.10 59084.80
47.20 59084.80
47.30 59084.80
47.40 59084.80
47.50 59084.80
47.60 59084.80
47.70 59084.80
47.80 59084.80
47.90 59084.80
48.00 59084.80
48.10 62361.60
48.20 62361.60
48.30 62361.60
48.40 62361.60
48.50 62361.60
48.60 62361.60
48.70 62361.60
48.80 62361.60
48.90 62361.60
49.00 62361.60
49.10 60928.00
49.20 60928.00
49.30 60928.00
49.40 60928.00
49.50 60928.00
49.60 60928.00
49.70 60928.00
49.80 60928.00
49.90 60928.00
50.00 60928.00
50.10 65024.00
50.20 65024.00
50.30 65024.00
50.40 65024.00
50.50 65024.00
50.60 65024.00
50.70 65024.00
50.80 65024.00
50.90 65024.00
51.00 65024.00
51.10 65843.20
51.20 65843.20
51.30 65843.20
51.40 65843.20
51.50 65843.20
51.60 65843.20
51.70 65843.20
51.80 65843.20
51.90 65843.20
52.00 65843.20
52.10 58265.60
52.20 58265.60
52.30 58265.60
52.40 58265.60
52.50 58265.60
52.60 58265.60
52.70 58265.60
52.80 58265.60
52.90 58265.60
53.00 58265.60
53.10 8806.40
53.20 8806.40
53.30 8806.40
53.40 8806.40
53.50 8806.40
53.60 8806.40
53.70 8806.40
53.80 8806.40
53.90 8806.40
54.00 8806.40
54.10 115712.00
54.20 115712.00
54.30 115712.00
54.40 115712.00
54.50 115712.00
54.60 115712.00
54.70 115712.00
54.80 115712.00
54.90 115712.00
55.00 115712.00
55.10 63078.40
55.20 63078.40
55.30 63078.40
55.40 63078.40
55.50 63078.40
55.60 63078.40
55.70 63078.40
55.80 63078.40
55.90 63078.40
56.00 63078.40
56.10 69120.00
56.20 69120.00
56.30 69120.00
56.40 69120.00
56.50 69120.00
56.60 69120.00
56.70 69120.00
56.80 69120.00
56.90 69120.00
57.00 69120.00
57.10 60006.40
57.20 60006.40
57.30 60006.40
57.40 60006.40
57.50 60006.40
57.60 60006.40
57.70 60006.40
57.80 60006.40
57.90 60006.40
58.00 60006.40
58.10 80281.60
58.20 80281.60
58.30 80281.60
58.40 80281.60
58.50 80281.60
58.60 80281.60
58.70 80281.60
58.80 80281.60
58.90 80281.60
59.00 80281.60
59.10 69324.80
59.20 69324.80
59.30 69324.80
59.40 69324.80
59.50 69324.80
59.60 69324.80
59.70 69324.80
59.80 69324.80
59.90 69324.80
60.00 69324.80
0.10 68505.60
0.20 68505.60
0.30 68505.60
0.40 68505.60
0.50 68505.60
0.60 68505.60
0.70 68505.60
0.80 68505.60
0.90 68505.60
1.00 68505.60
1.10 73216.00
1.20 73216.00
1.30 73216.00
1.40 73216.00
1.50 73216.00
1.60 73216.00
1.70 73216.00
1.80 73216.00
1.90 73216.00
2.00 73216.00
2.10 73932.80
2.20 73932.80
2.30 73932.80
2.40 73932.80
2.50 73932.80
2.60 73932.80
2.70 73932.80
2.80 73932.80
2.90 73932.80
3.00 73932.80
3.10 71577.60
3.20 71577.60
3.30 71577.60
3.40 71577.60
3.50 71577.60
3.60 71577.60
3.70 71577.60
3.80 71577.60
3.90 71577.60
4.00 71577.60
4.10 65843.20
4.20 65843.20
4.30 65843.20
4.40 65843.20
4.50 65843.20
4.60 65843.20
4.70 65843.20
4.80 65843.20
4.90 65843.20
5.00 65843.20
5.10 60006.40
5.20 60006.40
5.30 60006.40
5.40 60006.40
5.50 60006.40
5.60 60006.40
5.70 60006.40
5.80 60006.40
5.90 60006.40
6.00 60006.40
6.10 73523.20
6.20 73523.20
6.30 73523.20
6.40 73523.20
6.50 73523.20
6.60 73523.20
6.70 73523.20
6.80 73523.20
6.90 73523.20
7.00 73523.20
7.10 67174.40
7.20 67174.40
7.30 67174.40
7.40 67174.40
7.50 67174.40
7.60 67174.40
7.70 67174.40
7.80 67174.40
7.90 67174.40
8.00 67174.40
8.10 65024.00
8.20 65024.00
8.30 65024.00
8.40 65024.00
8.50 65024.00
8.60 65024.00
8.70 65024.00
8.80 65024.00
8.90 65024.00
9.00 65024.00
9.10 63897.60
9.20 63897.60
9.30 63897.60
9.40 63897.60
9.50 63897.60
9.60 63897.60
9.70 63897.60
9.80 63897.60
9.90 63897.60
10.00 63897.60
10.10 65740.80
10.20 65740.80
10.30 65740.80
10.40 65740.80
10.50 65740.80
10.60 65740.80
10.70 65740.80
10.80 65740.80
10.90 65740.80
11.00 65740.80
11.10 66150.40
11.20 66150.40
11.30 66150.40
11.40 66150.40
11.50 66150.40
11.60 66150.40
11.70 66150.40
11.80 66150.40
11.90 66150.40
12.00 66150.40
12.10 3788.80
12.20 3788.80
12.30 3788.80
12.40 3788.80
12.50 3788.80
12.60 3788.80
12.70 3788.80
12.80 3788.80
12.90 3788.80
13.00 3788.80
13.10 126566.40
13.20 126566.40
13.30 126566.40
13.40 126566.40
13.50 126566.40
13.60 126566.40
13.70 126566.40
13.80 126566.40
13.90 126566.40
14.00 126566.40
14.10 66662.40
14.20 66662.40
14.30 66662.40
14.40 66662.40
14.50 66662.40
14.60 66662.40
14.70 66662.40
14.80 66662.40
14.90 66662.40
15.00 66662.40
15.10 70041.60
15.20 70041.60
15.30 70041.60
15.40 70041.60
15.50 70041.60
15.60 70041.60
15.70 70041.60
15.80 70041.60
15.90 70041.60
16.00 70041.60
16.10 68915.20
16.20 68915.20
16.30 68915.20
16.40 68915.20
16.50 68915.20
16.60 68915.20
16.70 68915.20
16.80 68915.20
16.90 68915.20
17.00 68915.20
17.10 66969.60
17.20 66969.60
17.30 66969.60
17.40 66969.60
17.50 66969.60
17.60 66969.60
17.70 66969.60
17.80 66969.60
17.90 66969.60
18.00 66969.60
18.10 69529.60
18.20 69529.60
18.30 69529.60
18.40 69529.60
18.50 69529.60
18.60 69529.60
18.70 69529.60
18.80 69529.60
18.90 69529.60
19.00 69529.60
19.10 69222.40
19.20 69222.40
19.30 69222.40
19.40 69222.40
19.50 69222.40
19.60 69222.40
19.70 69222.40
19.80 69222.40
19.90 69222.40
20.00 69222.40
20.10 67686.40
20.20 67686.40
20.30 67686.40
20.40 67686.40
20.50 67686.40
20.60 67686.40
20.70 67686.40
20.80 67686.40
20.90 67686.40
21.00 67686.40
21.10 68096.00
21.20 68096.00
21.30 68096.00
21.40 68096.00
21.50 68096.00
21.60 68096.00
21.70 68096.00
21.80 68096.00
21.90 68096.00
22.00 68096.00
22.10 70041.60
22.20 70041.60
22.30 70041.60
22.40 70041.60
22.50 70041.60
22.60 70041.60
22.70 70041.60
22.80 70041.60
22.90 70041.60
23.00 70041.60
23.10 70144.00
23.20 70144.00
23.30 70144.00
23.40 70144.00
23.50 70144.00
23.60 70144.00
23.70 70144.00
23.80 70144.00
23.90 70144.00
24.00 70144.00
24.10 70860.80
24.20 70860.80
24.30 70860.80
24.40 70860.80
24.50 70860.80
24.60 70860.80
24.70 70860.80
24.80 70860.80
24.90 70860.80
25.00 70860.80
25.10 3276.80
25.20 3276.80
25.30 3276.80
25.40 3276.80
25.50 3276.80
25.60 3276.80
25.70 3276.80
25.80 3276.80
25.90 3276.80
26.00 3276.80
26.10 126156.80
26.20 126156.80
26.30 126156.80
26.40 126156.80
26.50 126156.80
26.60 126156.80
26.70 126156.80
26.80 126156.80
26.90 126156.80
27.00 126156.80
27.10 69222.40
27.20 69222.40
27.30 69222.40
27.40 69222.40
27.50 69222.40
27.60 69222.40
27.70 69222.40
27.80 69222.40
27.90 69222.40
28.00 69222.40
28.10 58265.60
28.20 58265.60
28.30 58265.60
28.40 58265.60
28.50 58265.60
28.60 58265.60
28.70 58265.60
28.80 58265.60
28.90 58265.60
29.00 58265.60
29.10 39628.80
29.20 39628.80
29.30 39628.80
29.40 39628.80
29.50 39628.80
29.60 39628.80
29.70 39628.80
29.80 39628.80
29.90 39628.80
30.00 39628.80
30.10 83968.00
30.20 83968.00
30.30 83968.00
30.40 83968.00
30.50 83968.00
30.60 83968.00
30.70 83968.00
30.80 83968.00
30.90 83968.00
31.00 83968.00
31.10 57548.80
31.20 57548.80
31.30 57548.80
31.40 57548.80
31.50 57548.80
31.60 57548.80
31.70 57548.80
31.80 57548.80
31.90 57548.80
32.00 57548.80
32.10 60006.40
32.20 60006.40
32.30 60006.40
32.40 60006.40
32.50 60006.40
32.60 60006.40
32.70 60006.40
32.80 60006.40
32.90 60006.40
33.00 60006.40
33.10 63692.80
33.20 63692.80
33.30 63692.80
33.40 63692.80
33.50 63692.80
33.60 63692.80
33.70 63692.80
33.80 63692.80
33.90 63692.80
34.00 63692.80
34.10 65843.20
34.20 65843.20
34.30 65843.20
34.40 65843.20
34.50 65843.20
34.60 65843.20
34.70 65843.20
34.80 65843.20
34.90 65843.20
35.00 65843.20
35.10 67379.20
35.20 67379.20
35.30 67379.20
35.40 67379.20
35.50 67379.20
35.60 67379.20
35.70 67379.20
35.80 67379.20
35.90 67379.20
36.00 67379.20
36.10 67993.60
36.20 67993.60
36.30 67993.60
36.40 67993.60
36.50 67993.60
36.60 67993.60
36.70 67993.60
36.80 67993.60
36.90 67993.60
37.00 67993.60
37.10 68505.60
37.20 68505.60
37.30 68505.60
37.40 68505.60
37.50 68505.60
37.60 68505.60
37.70 68505.60
37.80 68505.60
37.90 68505.60
38.00 68505.60
38.10 67276.80
38.20 67276.80
38.30 67276.80
38.40 67276.80
38.50 67276.80
38.60 67276.80
38.70 67276.80
38.80 67276.80
38.90 67276.80
39.00 67276.80
39.10 19251.20
39.20 19251.20
39.30 19251.20
39.40 19251.20
39.50 19251.20
39.60 19251.20
39.70 19251.20
39.80 19251.20
39.90 19251.20
40.00 19251.20
40.10 96256.00
40.20 96256.00
40.30 96256.00
40.40 96256.00
40.50 96256.00
40.60 96256.00
40.70 96256.00
40.80 96256.00
40.90 96256.00
41.00 96256.00
41.10 58982.40
41.20 58982.40
41.30 58982.40
41.40 58982.40
41.50 58982.40
41.60 58982.40
41.70 58982.40
41.80 58982.40
41.90 58982.40
42.00 58982.40
42.10 57139.20
42.20 57139.20
42.30 57139.20
42.40 57139.20
42.50 57139.20
42.60 57139.20
42.70 57139.20
42.80 57139.20
42.90 57139.20
43.00 57139.20
43.10 58982.40
43.20 58982.40
43.30 58982.40
43.40 58982.40
43.50 58982.40
43.60 58982.40
43.70 58982.40
43.80 58982.40
43.90 58982.40
44.00 58982.40
44.10 66048.00
44.20 66048.00
44.30 66048.00
44.40 66048.00
44.50 66048.00
44.60 66048.00
44.70 66048.00
44.80 66048.00
44.90 66048.00
45.00 66048.00
45.10 57241.60
45.20 57241.60
45.30 57241.60
45.40 57241.60
45.50 57241.60
45.60 57241.60
45.70 57241.60
45.80 57241.60
45.90 57241.60
46.00 57241.60
46.10 62259.20
46.20 62259.20
46.30 62259.20
46.40 62259.20
46.50 62259.20
46.60 62259.20
46.70 62259.20
46.80 62259.20
46.90 62259.20
47.00 62259.20
47.10 59084.80
47.20 59084.80
47.30 59084.80
47.40 59084.80
47.50 59084.80
47.60 59084.80
47.70 59084.80
47.80 59084.80
47.90 59084.80
48.00 59084.80
48.10 62361.60
48.20 62361.60
48.30 62361.60
48.40 62361.60
48.50 62361.60
48.60 62361.60
48.70 62361.60
48.80 62361.60
48.90 62361.60
49.00 62361.60
49.10 60928.00
49.20 60928.00
49.30 60928.00
49.40 60928.00
49.50 60928.00
49.60 60928.00
49.70 60928.00
49.80 60928.00
49.90 60928.00
50.00 60928.00
50.10 65024.00
50.20 65024.00
50.30 65024.00
50.40 65024.00
50.50 65024.00
50.60 65024.00
50.70 65024.00
50.80 65024.00
50.90 65024.00
51.00 65024.00
51.10 65843.20
51.20 65843.20
51.30 65843.20
51.40 65843.20
51.50 65843.20
51.60 65843.20
51.70 65843.20
51.80 65843.20
51.90 65843.20
52.00 65843.20
52.10 58265.60
52.20 58265.60
52.30 58265.60
52.40 58265.60
52.50 58265.60
52.60 58265.60
52.70 58265.60
52.80 58265.60
52.90 58265.60
53.00 58265.60
53.10 8806.40
53.20 8806.40
53.30 8806.40
53.40 8806.40
53.50 8806.40
53.60 8806.40
53.70 8806.40
53.80 8806.40
53.90 8806.40
54.00 8806.40
54.10 115712.00
54.20 115712.00
54.30 115712.00
54.40 115712.00
54.50 115712.00
54.60 115712.00
54.70 115712.00
54.80 115712.00
54.90 115712.00
55.00 115712.00
55.10 63078.40
55.20 63078.40
55.30 63078.40
55.40 63078.40
55.50 63078.40
55.60 63078.40
55.70 63078.40
55.80 63078.40
55.90 63078.40
56.00 63078.40
56.10 69120.00
56.20 69120.00
56.30 69120.00
56.40 69120.00
56.50 69120.00
56.60 69120.00
56.70 69120.00
56.80 69120.00
56.90 69120.00
57.00 69120.00
57.10 60006.40
57.20 60006.40
57.30 60006.40
57.40 60006.40
57.50 60006.40
57.60 60006.40
57.70 60006.40
57.80 60006.40
57.90 60006.40
58.00 60006.40
58.10 80281.60
58.20 80281.60
58.30 80281.60
58.40 80281.60
58.50 80281.60
58.60 80281.60
58.70 80281.60
58.80 80281.60
58.90 80281.60
59.00 80281.60
59.10 69324.80
59.20 69324.80
59.30 69324.80
59.40 69324.80
59.50 69324.80
59.60 69324.80
59.70 69324.80
59.80 69324.80
59.90 69324.80
60.00 69324.80
