0.10 79769.60
0.20 79769.60
0.30 79769.60
0.40 79769.60
0.50 79769.60
0.60 79769.60
0.70 79769.60
0.80 79769.60
0.90 79769.60
1.00 79769.60
1.10 78131.20
1.20 78131.20
1.30 78131.20
1.40 78131.20
1.50 78131.20
1.60 78131.20
1.70 78131.20
1.80 78131.20
1.90 78131.20
2.00 78131.20
2.10 77414.40
2.20 77414.40
2.30 77414.40
2.40 77414.40
2.50 77414.40
2.60 77414.40
2.70 77414.40
2.80 77414.40
2.90 77414.40
3.00 77414.40
3.10 79462.40
3.20 79462.40
3.30 79462.40
3.40 79462.40
3.50 79462.40
3.60 79462.40
3.70 79462.40
3.80 79462.40
3.90 79462.40
4.00 79462.40
4.10 78131.20
4.20 78131.20
4.30 78131.20
4.40 78131.20
4.50 78131.20
4.60 78131.20
4.70 78131.20
4.80 78131.20
4.90 78131.20
5.00 78131.20
5.10 77721.60
5.20 77721.60
5.30 77721.60
5.40 77721.60
5.50 77721.60
5.60 77721.60
5.70 77721.60
5.80 77721.60
5.90 77721.60
6.00 77721.60
6.10 77107.20
6.20 77107.20
6.30 77107.20
6.40 77107.20
6.50 77107.20
6.60 77107.20
6.70 77107.20
6.80 77107.20
6.90 77107.20
7.00 77107.20
7.10 77414.40
7.20 77414.40
7.30 77414.40
7.40 77414.40
7.50 77414.40
7.60 77414.40
7.70 77414.40
7.80 77414.40
7.90 77414.40
8.00 77414.40
8.10 73523.20
8.20 73523.20
8.30 73523.20
8.40 73523.20
8.50 73523.20
8.60 73523.20
8.70 73523.20
8.80 73523.20
8.90 73523.20
9.00 73523.20
9.10 78643.20
9.20 78643.20
9.30 78643.20
9.40 78643.20
9.50 78643.20
9.60 78643.20
9.70 78643.20
9.80 78643.20
9.90 78643.20
10.00 78643.20
10.10 77721.60
10.20 77721.60
10.30 77721.60
10.40 77721.60
10.50 77721.60
10.60 77721.60
10.70 77721.60
10.80 77721.60
10.90 77721.60
11.00 77721.60
11.10 79462.40
11.20 79462.40
11.30 79462.40
11.40 79462.40
11.50 79462.40
11.60 79462.40
11.70 79462.40
11.80 79462.40
11.90 79462.40
12.00 79462.40
12.10 76697.60
12.20 76697.60
12.30 76697.60
12.40 76697.60
12.50 76697.60
12.60 76697.60
12.70 76697.60
12.80 76697.60
12.90 76697.60
13.00 76697.60
13.10 72704.00
13.20 72704.00
13.30 72704.00
13.40 72704.00
13.50 72704.00
13.60 72704.00
13.70 72704.00
13.80 72704.00
13.90 72704.00
14.00 72704.00
14.10 73932.80
14.20 73932.80
14.30 73932.80
14.40 73932.80
14.50 73932.80
14.60 73932.80
14.70 73932.80
14.80 73932.80
14.90 73932.80
15.00 73932.80
15.10 71884.80
15.20 71884.80
15.30 71884.80
15.40 71884.80
15.50 71884.80
15.60 71884.80
15.70 71884.80
15.80 71884.80
15.90 71884.80
16.00 71884.80
16.10 74752.00
16.20 74752.00
16.30 74752.00
16.40 74752.00
16.50 74752.00
16.60 74752.00
16.70 74752.00
16.80 74752.00
16.90 74752.00
17.00 74752.00
17.10 75571.20
17.20 75571.20
17.30 75571.20
17.40 75571.20
17.50 75571.20
17.60 75571.20
17.70 75571.20
17.80 75571.20
17.90 75571.20
18.00 75571.20
18.10 77721.60
18.20 77721.60
18.30 77721.60
18.40 77721.60
18.50 77721.60
18.60 77721.60
18.70 77721.60
18.80 77721.60
18.90 77721.60
19.00 77721.60
19.10 77209.60
19.20 77209.60
19.30 77209.60
19.40 77209.60
19.50 77209.60
19.60 77209.60
19.70 77209.60
19.80 77209.60
19.90 77209.60
20.00 77209.60
20.10 78745.60
20.20 78745.60
20.30 78745.60
20.40 78745.60
20.50 78745.60
20.60 78745.60
20.70 78745.60
20.80 78745.60
20.90 78745.60
21.00 78745.60
21.10 57958.40
21.20 57958.40
21.30 57958.40
21.40 57958.40
21.50 57958.40
21.60 57958.40
21.70 57958.40
21.80 57958.40
21.90 57958.40
22.00 57958.40
22.10 97484.80
22.20 97484.80
22.30 97484.80
22.40 97484.80
22.50 97484.80
22.60 97484.80
22.70 97484.80
22.80 97484.80
22.90 97484.80
23.00 97484.80
23.10 76390.40
23.20 76390.40
23.30 76390.40
23.40 76390.40
23.50 76390.40
23.60 76390.40
23.70 76390.40
23.80 76390.40
23.90 76390.40
24.00 76390.40
24.10 76800.00
24.20 76800.00
24.30 76800.00
24.40 76800.00
24.50 76800.00
24.60 76800.00
24.70 76800.00
24.80 76800.00
24.90 76800.00
25.00 76800.00
25.10 78745.60
25.20 78745.60
25.30 78745.60
25.40 78745.60
25.50 78745.60
25.60 78745.60
25.70 78745.60
25.80 78745.60
25.90 78745.60
26.00 78745.60
26.10 79360.00
26.20 79360.00
26.30 79360.00
26.40 79360.00
26.50 79360.00
26.60 79360.00
26.70 79360.00
26.80 79360.00
26.90 79360.00
27.00 79360.00
27.10 78233.60
27.20 78233.60
27.30 78233.60
27.40 78233.60
27.50 78233.60
27.60 78233.60
27.70 78233.60
27.80 78233.60
27.90 78233.60
28.00 78233.60
28.10 78233.60
28.20 78233.60
28.30 78233.60
28.40 78233.60
28.50 78233.60
28.60 78233.60
28.70 78233.60
28.80 78233.60
28.90 78233.60
29.00 78233.60
29.10 77824.00
29.20 77824.00
29.30 77824.00
29.40 77824.00
29.50 77824.00
29.60 77824.00
29.70 77824.00
29.80 77824.00
29.90 77824.00
30.00 77824.00
30.10 76288.00
30.20 76288.00
30.30 76288.00
30.40 76288.00
30.50 76288.00
30.60 76288.00
30.70 76288.00
30.80 76288.00
30.90 76288.00
31.00 76288.00
31.10 77824.00
31.20 77824.00
31.30 77824.00
31.40 77824.00
31.50 77824.00
31.60 77824.00
31.70 77824.00
31.80 77824.00
31.90 77824.00
32.00 77824.00
32.10 78540.80
32.20 78540.80
32.30 78540.80
32.40 78540.80
32.50 78540.80
32.60 78540.80
32.70 78540.80
32.80 78540.80
32.90 78540.80
33.00 78540.80
33.10 77107.20
33.20 77107.20
33.30 77107.20
33.40 77107.20
33.50 77107.20
33.60 77107.20
33.70 77107.20
33.80 77107.20
33.90 77107.20
34.00 77107.20
34.10 80896.00
34.20 80896.00
34.30 80896.00
34.40 80896.00
34.50 80896.00
34.60 80896.00
34.70 80896.00
34.80 80896.00
34.90 80896.00
35.00 80896.00
35.10 81715.20
35.20 81715.20
35.30 81715.20
35.40 81715.20
35.50 81715.20
35.60 81715.20
35.70 81715.20
35.80 81715.20
35.90 81715.20
36.00 81715.20
36.10 79769.60
36.20 79769.60
36.30 79769.60
36.40 79769.60
36.50 79769.60
36.60 79769.60
36.70 79769.60
36.80 79769.60
36.90 79769.60
37.00 79769.60
37.10 77107.20
37.20 77107.20
37.30 77107.20
37.40 77107.20
37.50 77107.20
37.60 77107.20
37.70 77107.20
37.80 77107.20
37.90 77107.20
38.00 77107.20
38.10 41676.80
38.20 41676.80
38.30 41676.80
38.40 41676.80
38.50 41676.80
38.60 41676.80
38.70 41676.80
38.80 41676.80
38.90 41676.80
39.00 41676.80
39.10 54169.60
39.20 54169.60
39.30 54169.60
39.40 54169.60
39.50 54169.60
39.60 54169.60
39.70 54169.60
39.80 54169.60
39.90 54169.60
40.00 54169.60
40.10 77516.80
40.20 77516.80
40.30 77516.80
40.40 77516.80
40.50 77516.80
40.60 77516.80
40.70 77516.80
40.80 77516.80
40.90 77516.80
41.00 77516.80
41.10 74035.20
41.20 74035.20
41.30 74035.20
41.40 74035.20
41.50 74035.20
41.60 74035.20
41.70 74035.20
41.80 74035.20
41.90 74035.20
42.00 74035.20
42.10 79769.60
42.20 79769.60
42.30 79769.60
42.40 79769.60
42.50 79769.60
42.60 79769.60
42.70 79769.60
42.80 79769.60
42.90 79769.60
43.00 79769.60
43.10 76800.00
43.20 76800.00
43.30 76800.00
43.40 76800.00
43.50 76800.00
43.60 76800.00
43.70 76800.00
43.80 76800.00
43.90 76800.00
44.00 76800.00
44.10 80179.20
44.20 80179.20
44.30 80179.20
44.40 80179.20
44.50 80179.20
44.60 80179.20
44.70 80179.20
44.80 80179.20
44.90 80179.20
45.00 80179.20
45.10 76288.00
45.20 76288.00
45.30 76288.00
45.40 76288.00
45.50 76288.00
45.60 76288.00
45.70 76288.00
45.80 76288.00
45.90 76288.00
46.00 76288.00
46.10 30617.60
46.20 30617.60
46.30 30617.60
46.40 30617.60
46.50 30617.60
46.60 30617.60
46.70 30617.60
46.80 30617.60
46.90 30617.60
47.00 30617.60
47.10 124723.20
47.20 124723.20
47.30 124723.20
47.40 124723.20
47.50 124723.20
47.60 124723.20
47.70 124723.20
47.80 124723.20
47.90 124723.20
48.00 124723.20
48.10 77107.20
48.20 77107.20
48.30 77107.20
48.40 77107.20
48.50 77107.20
48.60 77107.20
48.70 77107.20
48.80 77107.20
48.90 77107.20
49.00 77107.20
49.10 77414.40
49.20 77414.40
49.30 77414.40
49.40 77414.40
49.50 77414.40
49.60 77414.40
49.70 77414.40
49.80 77414.40
49.90 77414.40
50.00 77414.40
50.10 77414.40
50.20 77414.40
50.30 77414.40
50.40 77414.40
50.50 77414.40
50.60 77414.40
50.70 77414.40
50.80 77414.40
50.90 77414.40
51.00 77414.40
51.10 77926.40
51.20 77926.40
51.30 77926.40
51.40 77926.40
51.50 77926.40
51.60 77926.40
51.70 77926.40
51.80 77926.40
51.90 77926.40
52.00 77926.40
52.10 78233.60
52.20 78233.60
52.30 78233.60
52.40 78233.60
52.50 78233.60
52.60 78233.60
52.70 78233.60
52.80 78233.60
52.90 78233.60
53.00 78233.60
53.10 80281.60
53.20 80281.60
53.30 80281.60
53.40 80281.60
53.50 80281.60
53.60 80281.60
53.70 80281.60
53.80 80281.60
53.90 80281.60
54.00 80281.60
54.10 79155.20
54.20 79155.20
54.30 79155.20
54.40 79155.20
54.50 79155.20
54.60 79155.20
54.70 79155.20
54.80 79155.20
54.90 79155.20
55.00 79155.20
55.10 81612.80
55.20 81612.80
55.30 81612.80
55.40 81612.80
55.50 81612.80
55.60 81612.80
55.70 81612.80
55.80 81612.80
55.90 81612.80
56.00 81612.80
56.10 78131.20
56.20 78131.20
56.30 78131.20
56.40 78131.20
56.50 78131.20
56.60 78131.20
56.70 78131.20
56.80 78131.20
56.90 78131.20
57.00 78131.20
57.10 80076.80
57.20 80076.80
57.30 80076.80
57.40 80076.80
57.50 80076.80
57.60 80076.80
57.70 80076.80
57.80 80076.80
57.90 80076.80
58.00 80076.80
58.10 75468.80
58.20 75468.80
58.30 75468.80
58.40 75468.80
58.50 75468.80
58.60 75468.80
58.70 75468.80
58.80 75468.80
58.90 75468.80
59.00 75468.80
59.10 77824.00
59.20 77824.00
59.30 77824.00
59.40 77824.00
59.50 77824.00
59.60 77824.00
59.70 77824.00
59.80 77824.00
59.90 77824.00
60.00 77824.00
0.10 79769.60
0.20 79769.60
0.30 79769.60
0.40 79769.60
0.50 79769.60
0.60 79769.60
0.70 79769.60
0.80 79769.60
0.90 79769.60
1.00 79769.60
1.10 78131.20
1.20 78131.20
1.30 78131.20
1.40 78131.20
1.50 78131.20
1.60 78131.20
1.70 78131.20
1.80 78131.20
1.90 78131.20
2.00 78131.20
2.10 77414.40
2.20 77414.40
2.30 77414.40
2.40 77414.40
2.50 77414.40
2.60 77414.40
2.70 77414.40
2.80 77414.40
2.90 77414.40
3.00 77414.40
3.10 79462.40
3.20 79462.40
3.30 79462.40
3.40 79462.40
3.50 79462.40
3.60 79462.40
3.70 79462.40
3.80 79462.40
3.90 79462.40
4.00 79462.40
4.10 78131.20
4.20 78131.20
4.30 78131.20
4.40 78131.20
4.50 78131.20
4.60 78131.20
4.70 78131.20
4.80 78131.20
4.90 78131.20
5.00 78131.20
5.10 77721.60
5.20 77721.60
5.30 77721.60
5.40 77721.60
5.50 77721.60
5.60 77721.60
5.70 77721.60
5.80 77721.60
5.90 77721.60
6.00 77721.60
6.10 77107.20
6.20 77107.20
6.30 77107.20
6.40 77107.20
6.50 77107.20
6.60 77107.20
6.70 77107.20
6.80 77107.20
6.90 77107.20
7.00 77107.20
7.10 77414.40
7.20 77414.40
7.30 77414.40
7.40 77414.40
7.50 77414.40
7.60 77414.40
7.70 77414.40
7.80 77414.40
7.90 77414.40
8.00 77414.40
8.10 73523.20
8.20 73523.20
8.30 73523.20
8.40 73523.20
8.50 73523.20
8.60 73523.20
8.70 73523.20
8.80 73523.20
8.90 73523.20
9.00 73523.20
9.10 78643.20
9.20 78643.20
9.30 78643.20
9.40 78643.20
9.50 78643.20
9.60 78643.20
9.70 78643.20
9.80 78643.20
9.90 78643.20
10.00 78643.20
10.10 77721.60
10.20 77721.60
10.30 77721.60
10.40 77721.60
10.50 77721.60
10.60 77721.60
10.70 77721.60
10.80 77721.60
10.90 77721.60
11.00 77721.60
11.10 79462.40
11.20 79462.40
11.30 79462.40
11.40 79462.40
11.50 79462.40
11.60 79462.40
11.70 79462.40
11.80 79462.40
11.90 79462.40
12.00 79462.40
12.10 76697.60
12.20 76697.60
12.30 76697.60
12.40 76697.60
12.50 76697.60
12.60 76697.60
12.70 76697.60
12.80 76697.60
12.90 76697.60
13.00 76697.60
13.10 72704.00
13.20 72704.00
13.30 72704.00
13.40 72704.00
13.50 72704.00
13.60 72704.00
13.70 72704.00
13.80 72704.00
13.90 72704.00
14.00 72704.00
14.10 73932.80
14.20 73932.80
14.30 73932.80
14.40 73932.80
14.50 73932.80
14.60 73932.80
14.70 73932.80
14.80 73932.80
14.90 73932.80
15.00 73932.80
15.10 71884.80
15.20 71884.80
15.30 71884.80
15.40 71884.80
15.50 71884.80
15.60 71884.80
15.70 71884.80
15.80 71884.80
15.90 71884.80
16.00 71884.80
16.10 74752.00
16.20 74752.00
16.30 74752.00
16.40 74752.00
16.50 74752.00
16.60 74752.00
16.70 74752.00
16.80 74752.00
16.90 74752.00
17.00 74752.00
17.10 75571.20
17.20 75571.20
17.30 75571.20
17.40 75571.20
17.50 75571.20
17.60 75571.20
17.70 75571.20
17.80 75571.20
17.90 75571.20
18.00 75571.20
18.10 77721.60
18.20 77721.60
18.30 77721.60
18.40 77721.60
18.50 77721.60
18.60 77721.60
18.70 77721.60
18.80 77721.60
18.90 77721.60
19.00 77721.60
19.10 77209.60
19.20 77209.60
19.30 77209.60
19.40 77209.60
19.50 77209.60
19.60 77209.60
19.70 77209.60
19.80 77209.60
19.90 77209.60
20.00 77209.60
20.10 78745.60
20.20 78745.60
20.30 78745.60
20.40 78745.60
20.50 78745.60
20.60 78745.60
20.70 78745.60
20.80 78745.60
20.90 78745.60
21.00 78745.60
21.10 57958.40
21.20 57958.40
21.30 57958.40
21.40 57958.40
21.50 57958.40
21.60 57958.40
21.70 57958.40
21.80 57958.40
21.90 57958.40
22.00 57958.40
22.10 97484.80
22.20 97484.80
22.30 97484.80
22.40 97484.80
22.50 97484.80
22.60 97484.80
22.70 97484.80
22.80 97484.80
22.90 97484.80
23.00 97484.80
23.10 76390.40
23.20 76390.40
23.30 76390.40
23.40 76390.40
23.50 76390.40
23.60 76390.40
23.70 76390.40
23.80 76390.40
23.90 76390.40
24.00 76390.40
24.10 76800.00
24.20 76800.00
24.30 76800.00
24.40 76800.00
24.50 76800.00
24.60 76800.00
24.70 76800.00
24.80 76800.00
24.90 76800.00
25.00 76800.00
25.10 78745.60
25.20 78745.60
25.30 78745.60
25.40 78745.60
25.50 78745.60
25.60 78745.60
25.70 78745.60
25.80 78745.60
25.90 78745.60
26.00 78745.60
26.10 79360.00
26.20 79360.00
26.30 79360.00
26.40 79360.00
26.50 79360.00
26.60 79360.00
26.70 79360.00
26.80 79360.00
26.90 79360.00
27.00 79360.00
27.10 78233.60
27.20 78233.60
27.30 78233.60
27.40 78233.60
27.50 78233.60
27.60 78233.60
27.70 78233.60
27.80 78233.60
27.90 78233.60
28.00 78233.60
28.10 78233.60
28.20 78233.60
28.30 78233.60
28.40 78233.60
28.50 78233.60
28.60 78233.60
28.70 78233.60
28.80 78233.60
28.90 78233.60
29.00 78233.60
29.10 77824.00
29.20 77824.00
29.30 77824.00
29.40 77824.00
29.50 77824.00
29.60 77824.00
29.70 77824.00
29.80 77824.00
29.90 77824.00
30.00 77824.00
30.10 76288.00
30.20 76288.00
30.30 76288.00
30.40 76288.00
30.50 76288.00
30.60 76288.00
30.70 76288.00
30.80 76288.00
30.90 76288.00
31.00 76288.00
31.10 77824.00
31.20 77824.00
31.30 77824.00
31.40 77824.00
31.50 77824.00
31.60 77824.00
31.70 77824.00
31.80 77824.00
31.90 77824.00
32.00 77824.00
32.10 78540.80
32.20 78540.80
32.30 78540.80
32.40 78540.80
32.50 78540.80
32.60 78540.80
32.70 78540.80
32.80 78540.80
32.90 78540.80
33.00 78540.80
33.10 77107.20
33.20 77107.20
33.30 77107.20
33.40 77107.20
33.50 77107.20
33.60 77107.20
33.70 77107.20
33.80 77107.20
33.90 77107.20
34.00 77107.20
34.10 80896.00
34.20 80896.00
34.30 80896.00
34.40 80896.00
34.50 80896.00
34.60 80896.00
34.70 80896.00
34.80 80896.00
34.90 80896.00
35.00 80896.00
35.10 81715.20
35.20 81715.20
35.30 81715.20
35.40 81715.20
35.50 81715.20
35.60 81715.20
35.70 81715.20
35.80 81715.20
35.90 81715.20
36.00 81715.20
36.10 79769.60
36.20 79769.60
36.30 79769.60
36.40 79769.60
36.50 79769.60
36.60 79769.60
36.70 79769.60
36.80 79769.60
36.90 79769.60
37.00 79769.60
37.10 77107.20
37.20 77107.20
37.30 77107.20
37.40 77107.20
37.50 77107.20
37.60 77107.20
37.70 77107.20
37.80 77107.20
37.90 77107.20
38.00 77107.20
38.10 41676.80
38.20 41676.80
38.30 41676.80
38.40 41676.80
38.50 41676.80
38.60 41676.80
38.70 41676.80
38.80 41676.80
38.90 41676.80
39.00 41676.80
39.10 54169.60
39.20 54169.60
39.30 54169.60
39.40 54169.60
39.50 54169.60
39.60 54169.60
39.70 54169.60
39.80 54169.60
39.90 54169.60
40.00 54169.60
40.10 77516.80
40.20 77516.80
40.30 77516.80
40.40 77516.80
40.50 77516.80
40.60 77516.80
40.70 77516.80
40.80 77516.80
40.90 77516.80
41.00 77516.80
41.10 74035.20
41.20 74035.20
41.30 74035.20
41.40 74035.20
41.50 74035.20
41.60 74035.20
41.70 74035.20
41.80 74035.20
41.90 74035.20
42.00 74035.20
42.10 79769.60
42.20 79769.60
42.30 79769.60
42.40 79769.60
42.50 79769.60
42.60 79769.60
42.70 79769.60
42.80 79769.60
42.90 79769.60
43.00 79769.60
43.10 76800.00
43.20 76800.00
43.30 76800.00
43.40 76800.00
43.50 76800.00
43.60 76800.00
43.70 76800.00
43.80 76800.00
43.90 76800.00
44.00 76800.00
44.10 80179.20
44.20 80179.20
44.30 80179.20
44.40 80179.20
44.50 80179.20
44.60 80179.20
44.70 80179.20
44.80 80179.20
44.90 80179.20
45.00 80179.20
45.10 76288.00
45.20 76288.00
45.30 76288.00
45.40 76288.00
45.50 76288.00
45.60 76288.00
45.70 76288.00
45.80 76288.00
45.90 76288.00
46.00 76288.00
46.10 30617.60
46.20 30617.60
46.30 30617.60
46.40 30617.60
46.50 30617.60
46.60 30617.60
46.70 30617.60
46.80 30617.60
46.90 30617.60
47.00 30617.60
47.10 124723.20
47.20 124723.20
47.30 124723.20
47.40 124723.20
47.50 124723.20
47.60 124723.20
47.70 124723.20
47.80 124723.20
47.90 124723.20
48.00 124723.20
48.10 77107.20
48.20 77107.20
48.30 77107.20
48.40 77107.20
48.50 77107.20
48.60 77107.20
48.70 77107.20
48.80 77107.20
48.90 77107.20
49.00 77107.20
49.10 77414.40
49.20 77414.40
49.30 77414.40
49.40 77414.40
49.50 77414.40
49.60 77414.40
49.70 77414.40
49.80 77414.40
49.90 77414.40
50.00 77414.40
50.10 77414.40
50.20 77414.40
50.30 77414.40
50.40 77414.40
50.50 77414.40
50.60 77414.40
50.70 77414.40
50.80 77414.40
50.90 77414.40
51.00 77414.40
51.10 77926.40
51.20 77926.40
51.30 77926.40
51.40 77926.40
51.50 77926.40
51.60 77926.40
51.70 77926.40
51.80 77926.40
51.90 77926.40
52.00 77926.40
52.10 78233.60
52.20 78233.60
52.30 78233.60
52.40 78233.60
52.50 78233.60
52.60 78233.60
52.70 78233.60
52.80 78233.60
52.90 78233.60
53.00 78233.60
53.10 80281.60
53.20 80281.60
53.30 80281.60
53.40 80281.60
53.50 80281.60
53.60 80281.60
53.70 80281.60
53.80 80281.60
53.90 80281.60
54.00 80281.60
54.10 79155.20
54.20 79155.20
54.30 79155.20
54.40 79155.20
54.50 79155.20
54.60 79155.20
54.70 79155.20
54.80 79155.20
54.90 79155.20
55.00 79155.20
55.10 81612.80
55.20 81612.80
55.30 81612.80
55.40 81612.80
55.50 81612.80
55.60 81612.80
55.70 81612.80
55.80 81612.80
55.90 81612.80
56.00 81612.80
56.10 78131.20
56.20 78131.20
56.30 78131.20
56.40 78131.20
56.50 78131.20
56.60 78131.20
56.70 78131.20
56.80 78131.20
56.90 78131.20
57.00 78131.20
57.10 80076.80
57.20 80076.80
57.30 80076.80
57.40 80076.80
57.50 80076.80
57.60 80076.80
57.70 80076.80
57.80 80076.80
57.90 80076.80
58.00 80076.80
58.10 75468.80
58.20 75468.80
58.30 75468.80
58.40 75468.80
58.50 75468.80
58.60 75468.80
58.70 75468.80
58.80 75468.80
58.90 75468.80
59.00 75468.80
59.10 77824.00
59.20 77824.00
59.30 77824.00
59.40 77824.00
59.50 77824.00
59.60 77824.00
59.70 77824.00
59.80 77824.00
59.90 77824.00
60.00 77824.00
