0.10 84377.60
0.20 84377.60
0.30 84377.60
0.40 84377.60
0.50 84377.60
0.60 84377.60
0.70 84377.60
0.80 84377.60
0.90 84377.60
1.00 84377.60
1.10 84787.20
1.20 84787.20
1.30 84787.20
1.40 84787.20
1.50 84787.20
1.60 84787.20
1.70 84787.20
1.80 84787.20
1.90 84787.20
2.00 84787.20
2.10 83046.40
2.20 83046.40
2.30 83046.40
2.40 83046.40
2.50 83046.40
2.60 83046.40
2.70 83046.40
2.80 83046.40
2.90 83046.40
3.00 83046.40
3.10 84787.20
3.20 84787.20
3.30 84787.20
3.40 84787.20
3.50 84787.20
3.60 84787.20
3.70 84787.20
3.80 84787.20
3.90 84787.20
4.00 84787.20
4.10 85606.40
4.20 85606.40
4.30 85606.40
4.40 85606.40
4.50 85606.40
4.60 85606.40
4.70 85606.40
4.80 85606.40
4.90 85606.40
5.00 85606.40
5.10 59187.20
5.20 59187.20
5.30 59187.20
5.40 59187.20
5.50 59187.20
5.60 59187.20
5.70 59187.20
5.80 59187.20
5.90 59187.20
6.00 59187.20
6.10 111513.60
6.20 111513.60
6.30 111513.60
6.40 111513.60
6.50 111513.60
6.60 111513.60
6.70 111513.60
6.80 111513.60
6.90 111513.60
7.00 111513.60
7.10 86016.00
7.20 86016.00
7.30 86016.00
7.40 86016.00
7.50 86016.00
7.60 86016.00
7.70 86016.00
7.80 86016.00
7.90 86016.00
8.00 86016.00
8.10 89088.00
8.20 89088.00
8.30 89088.00
8.40 89088.00
8.50 89088.00
8.60 89088.00
8.70 89088.00
8.80 89088.00
8.90 89088.00
9.00 89088.00
9.10 64921.60
9.20 64921.60
9.30 64921.60
9.40 64921.60
9.50 64921.60
9.60 64921.60
9.70 64921.60
9.80 64921.60
9.90 64921.60
10.00 64921.60
10.10 100147.20
10.20 100147.20
10.30 100147.20
10.40 100147.20
10.50 100147.20
10.60 100147.20
10.70 100147.20
10.80 100147.20
10.90 100147.20
11.00 100147.20
11.10 76800.00
11.20 76800.00
11.30 76800.00
11.40 76800.00
11.50 76800.00
11.60 76800.00
11.70 76800.00
11.80 76800.00
11.90 76800.00
12.00 76800.00
12.10 84787.20
12.20 84787.20
12.30 84787.20
12.40 84787.20
12.50 84787.20
12.60 84787.20
12.70 84787.20
12.80 84787.20
12.90 84787.20
13.00 84787.20
13.10 83763.20
13.20 83763.20
13.30 83763.20
13.40 83763.20
13.50 83763.20
13.60 83763.20
13.70 83763.20
13.80 83763.20
13.90 83763.20
14.00 83763.20
14.10 74444.80
14.20 74444.80
14.30 74444.80
14.40 74444.80
14.50 74444.80
14.60 74444.80
14.70 74444.80
14.80 74444.80
14.90 74444.80
15.00 74444.80
15.10 85606.40
15.20 85606.40
15.30 85606.40
15.40 85606.40
15.50 85606.40
15.60 85606.40
15.70 85606.40
15.80 85606.40
15.90 85606.40
16.00 85606.40
16.10 86835.20
16.20 86835.20
16.30 86835.20
16.40 86835.20
16.50 86835.20
16.60 86835.20
16.70 86835.20
16.80 86835.20
16.90 86835.20
17.00 86835.20
17.10 83456.00
17.20 83456.00
17.30 83456.00
17.40 83456.00
17.50 83456.00
17.60 83456.00
17.70 83456.00
17.80 83456.00
17.90 83456.00
18.00 83456.00
18.10 89292.80
18.20 89292.80
18.30 89292.80
18.40 89292.80
18.50 89292.80
18.60 89292.80
18.70 89292.80
18.80 89292.80
18.90 89292.80
19.00 89292.80
19.10 92262.40
19.20 92262.40
19.30 92262.40
19.40 92262.40
19.50 92262.40
19.60 92262.40
19.70 92262.40
19.80 92262.40
19.90 92262.40
20.00 92262.40
20.10 86937.60
20.20 86937.60
20.30 86937.60
20.40 86937.60
20.50 86937.60
20.60 86937.60
20.70 86937.60
20.80 86937.60
20.90 86937.60
21.00 86937.60
21.10 81100.80
21.20 81100.80
21.30 81100.80
21.40 81100.80
21.50 81100.80
21.60 81100.80
21.70 81100.80
21.80 81100.80
21.90 81100.80
22.00 81100.80
22.10 68505.60
22.20 68505.60
22.30 68505.60
22.40 68505.60
22.50 68505.60
22.60 68505.60
22.70 68505.60
22.80 68505.60
22.90 68505.60
23.00 68505.60
23.10 104448.00
23.20 104448.00
23.30 104448.00
23.40 104448.00
23.50 104448.00
23.60 104448.00
23.70 104448.00
23.80 104448.00
23.90 104448.00
24.00 104448.00
24.10 83660.80
24.20 83660.80
24.30 83660.80
24.40 83660.80
24.50 83660.80
24.60 83660.80
24.70 83660.80
24.80 83660.80
24.90 83660.80
25.00 83660.80
25.10 89497.60
25.20 89497.60
25.30 89497.60
25.40 89497.60
25.50 89497.60
25.60 89497.60
25.70 89497.60
25.80 89497.60
25.90 89497.60
26.00 89497.60
26.10 87552.00
26.20 87552.00
26.30 87552.00
26.40 87552.00
26.50 87552.00
26.60 87552.00
26.70 87552.00
26.80 87552.00
26.90 87552.00
27.00 87552.00
27.10 63385.60
27.20 63385.60
27.30 63385.60
27.40 63385.60
27.50 63385.60
27.60 63385.60
27.70 63385.60
27.80 63385.60
27.90 63385.60
28.00 63385.60
28.10 109056.00
28.20 109056.00
28.30 109056.00
28.40 109056.00
28.50 109056.00
28.60 109056.00
28.70 109056.00
28.80 109056.00
28.90 109056.00
29.00 109056.00
29.10 86118.40
29.20 86118.40
29.30 86118.40
29.40 86118.40
29.50 86118.40
29.60 86118.40
29.70 86118.40
29.80 86118.40
29.90 86118.40
30.00 86118.40
30.10 81408.00
30.20 81408.00
30.30 81408.00
30.40 81408.00
30.50 81408.00
30.60 81408.00
30.70 81408.00
30.80 81408.00
30.90 81408.00
31.00 81408.00
31.10 87244.80
31.20 87244.80
31.30 87244.80
31.40 87244.80
31.50 87244.80
31.60 87244.80
31.70 87244.80
31.80 87244.80
31.90 87244.80
32.00 87244.80
32.10 84992.00
32.20 84992.00
32.30 84992.00
32.40 84992.00
32.50 84992.00
32.60 84992.00
32.70 84992.00
32.80 84992.00
32.90 84992.00
33.00 84992.00
33.10 85401.60
33.20 85401.60
33.30 85401.60
33.40 85401.60
33.50 85401.60
33.60 85401.60
33.70 85401.60
33.80 85401.60
33.90 85401.60
34.00 85401.60
34.10 85606.40
34.20 85606.40
34.30 85606.40
34.40 85606.40
34.50 85606.40
34.60 85606.40
34.70 85606.40
34.80 85606.40
34.90 85606.40
35.00 85606.40
35.10 79360.00
35.20 79360.00
35.30 79360.00
35.40 79360.00
35.50 79360.00
35.60 79360.00
35.70 79360.00
35.80 79360.00
35.90 79360.00
36.00 79360.00
36.10 84889.60
36.20 84889.60
36.30 84889.60
36.40 84889.60
36.50 84889.60
36.60 84889.60
36.70 84889.60
36.80 84889.60
36.90 84889.60
37.00 84889.60
37.10 89600.00
37.20 89600.00
37.30 89600.00
37.40 89600.00
37.50 89600.00
37.60 89600.00
37.70 89600.00
37.80 89600.00
37.90 89600.00
38.00 89600.00
38.10 84787.20
38.20 84787.20
38.30 84787.20
38.40 84787.20
38.50 84787.20
38.60 84787.20
38.70 84787.20
38.80 84787.20
38.90 84787.20
39.00 84787.20
39.10 65843.20
39.20 65843.20
39.30 65843.20
39.40 65843.20
39.50 65843.20
39.60 65843.20
39.70 65843.20
39.80 65843.20
39.90 65843.20
40.00 65843.20
40.10 108339.20
40.20 108339.20
40.30 108339.20
40.40 108339.20
40.50 108339.20
40.60 108339.20
40.70 108339.20
40.80 108339.20
40.90 108339.20
41.00 108339.20
41.10 49459.20
41.20 49459.20
41.30 49459.20
41.40 49459.20
41.50 49459.20
41.60 49459.20
41.70 49459.20
41.80 49459.20
41.90 49459.20
42.00 49459.20
42.10 57548.80
42.20 57548.80
42.30 57548.80
42.40 57548.80
42.50 57548.80
42.60 57548.80
42.70 57548.80
42.80 57548.80
42.90 57548.80
43.00 57548.80
43.10 82636.80
43.20 82636.80
43.30 82636.80
43.40 82636.80
43.50 82636.80
43.60 82636.80
43.70 82636.80
43.80 82636.80
43.90 82636.80
44.00 82636.80
44.10 61542.40
44.20 61542.40
44.30 61542.40
44.40 61542.40
44.50 61542.40
44.60 61542.40
44.70 61542.40
44.80 61542.40
44.90 61542.40
45.00 61542.40
45.10 94105.60
45.20 94105.60
45.30 94105.60
45.40 94105.60
45.50 94105.60
45.60 94105.60
45.70 94105.60
45.80 94105.60
45.90 94105.60
46.00 94105.60
46.10 77516.80
46.20 77516.80
46.30 77516.80
46.40 77516.80
46.50 77516.80
46.60 77516.80
46.70 77516.80
46.80 77516.80
46.90 77516.80
47.00 77516.80
47.10 84582.40
47.20 84582.40
47.30 84582.40
47.40 84582.40
47.50 84582.40
47.60 84582.40
47.70 84582.40
47.80 84582.40
47.90 84582.40
48.00 84582.40
48.10 82022.40
48.20 82022.40
48.30 82022.40
48.40 82022.40
48.50 82022.40
48.60 82022.40
48.70 82022.40
48.80 82022.40
48.90 82022.40
49.00 82022.40
49.10 86937.60
49.20 86937.60
49.30 86937.60
49.40 86937.60
49.50 86937.60
49.60 86937.60
49.70 86937.60
49.80 86937.60
49.90 86937.60
50.00 86937.60
50.10 84889.60
50.20 84889.60
50.30 84889.60
50.40 84889.60
50.50 84889.60
50.60 84889.60
50.70 84889.60
50.80 84889.60
50.90 84889.60
51.00 84889.60
51.10 85401.60
51.20 85401.60
51.30 85401.60
51.40 85401.60
51.50 85401.60
51.60 85401.60
51.70 85401.60
51.80 85401.60
51.90 85401.60
52.00 85401.60
52.10 63283.20
52.20 63283.20
52.30 63283.20
52.40 63283.20
52.50 63283.20
52.60 63283.20
52.70 63283.20
52.80 63283.20
52.90 63283.20
53.00 63283.20
53.10 61542.40
53.20 61542.40
53.30 61542.40
53.40 61542.40
53.50 61542.40
53.60 61542.40
53.70 61542.40
53.80 61542.40
53.90 61542.40
54.00 61542.40
54.10 61030.40
54.20 61030.40
54.30 61030.40
54.40 61030.40
54.50 61030.40
54.60 61030.40
54.70 61030.40
54.80 61030.40
54.90 61030.40
55.00 61030.40
55.10 112947.20
55.20 112947.20
55.30 112947.20
55.40 112947.20
55.50 112947.20
55.60 112947.20
55.70 112947.20
55.80 112947.20
55.90 112947.20
56.00 112947.20
56.10 85196.80
56.20 85196.80
56.30 85196.80
56.40 85196.80
56.50 85196.80
56.60 85196.80
56.70 85196.80
56.80 85196.80
56.90 85196.80
57.00 85196.80
57.10 83251.20
57.20 83251.20
57.30 83251.20
57.40 83251.20
57.50 83251.20
57.60 83251.20
57.70 83251.20
57.80 83251.20
57.90 83251.20
58.00 83251.20
58.10 81612.80
58.20 81612.80
58.30 81612.80
58.40 81612.80
58.50 81612.80
58.60 81612.80
58.70 81612.80
58.80 81612.80
58.90 81612.80
59.00 81612.80
59.10 86732.80
59.20 86732.80
59.30 86732.80
59.40 86732.80
59.50 86732.80
59.60 86732.80
59.70 86732.80
59.80 86732.80
59.90 86732.80
60.00 86732.80
0.10 84377.60
0.20 84377.60
0.30 84377.60
0.40 84377.60
0.50 84377.60
0.60 84377.60
0.70 84377.60
0.80 84377.60
0.90 84377.60
1.00 84377.60
1.10 84787.20
1.20 84787.20
1.30 84787.20
1.40 84787.20
1.50 84787.20
1.60 84787.20
1.70 84787.20
1.80 84787.20
1.90 84787.20
2.00 84787.20
2.10 83046.40
2.20 83046.40
2.30 83046.40
2.40 83046.40
2.50 83046.40
2.60 83046.40
2.70 83046.40
2.80 83046.40
2.90 83046.40
3.00 83046.40
3.10 84787.20
3.20 84787.20
3.30 84787.20
3.40 84787.20
3.50 84787.20
3.60 84787.20
3.70 84787.20
3.80 84787.20
3.90 84787.20
4.00 84787.20
4.10 85606.40
4.20 85606.40
4.30 85606.40
4.40 85606.40
4.50 85606.40
4.60 85606.40
4.70 85606.40
4.80 85606.40
4.90 85606.40
5.00 85606.40
5.10 59187.20
5.20 59187.20
5.30 59187.20
5.40 59187.20
5.50 59187.20
5.60 59187.20
5.70 59187.20
5.80 59187.20
5.90 59187.20
6.00 59187.20
6.10 111513.60
6.20 111513.60
6.30 111513.60
6.40 111513.60
6.50 111513.60
6.60 111513.60
6.70 111513.60
6.80 111513.60
6.90 111513.60
7.00 111513.60
7.10 86016.00
7.20 86016.00
7.30 86016.00
7.40 86016.00
7.50 86016.00
7.60 86016.00
7.70 86016.00
7.80 86016.00
7.90 86016.00
8.00 86016.00
8.10 89088.00
8.20 89088.00
8.30 89088.00
8.40 89088.00
8.50 89088.00
8.60 89088.00
8.70 89088.00
8.80 89088.00
8.90 89088.00
9.00 89088.00
9.10 64921.60
9.20 64921.60
9.30 64921.60
9.40 64921.60
9.50 64921.60
9.60 64921.60
9.70 64921.60
9.80 64921.60
9.90 64921.60
10.00 64921.60
10.10 100147.20
10.20 100147.20
10.30 100147.20
10.40 100147.20
10.50 100147.20
10.60 100147.20
10.70 100147.20
10.80 100147.20
10.90 100147.20
11.00 100147.20
11.10 76800.00
11.20 76800.00
11.30 76800.00
11.40 76800.00
11.50 76800.00
11.60 76800.00
11.70 76800.00
11.80 76800.00
11.90 76800.00
12.00 76800.00
12.10 84787.20
12.20 84787.20
12.30 84787.20
12.40 84787.20
12.50 84787.20
12.60 84787.20
12.70 84787.20
12.80 84787.20
12.90 84787.20
13.00 84787.20
13.10 83763.20
13.20 83763.20
13.30 83763.20
13.40 83763.20
13.50 83763.20
13.60 83763.20
13.70 83763.20
13.80 83763.20
13.90 83763.20
14.00 83763.20
14.10 74444.80
14.20 74444.80
14.30 74444.80
14.40 74444.80
14.50 74444.80
14.60 74444.80
14.70 74444.80
14.80 74444.80
14.90 74444.80
15.00 74444.80
15.10 85606.40
15.20 85606.40
15.30 85606.40
15.40 85606.40
15.50 85606.40
15.60 85606.40
15.70 85606.40
15.80 85606.40
15.90 85606.40
16.00 85606.40
16.10 86835.20
16.20 86835.20
16.30 86835.20
16.40 86835.20
16.50 86835.20
16.60 86835.20
16.70 86835.20
16.80 86835.20
16.90 86835.20
17.00 86835.20
17.10 83456.00
17.20 83456.00
17.30 83456.00
17.40 83456.00
17.50 83456.00
17.60 83456.00
17.70 83456.00
17.80 83456.00
17.90 83456.00
18.00 83456.00
18.10 89292.80
18.20 89292.80
18.30 89292.80
18.40 89292.80
18.50 89292.80
18.60 89292.80
18.70 89292.80
18.80 89292.80
18.90 89292.80
19.00 89292.80
19.10 92262.40
19.20 92262.40
19.30 92262.40
19.40 92262.40
19.50 92262.40
19.60 92262.40
19.70 92262.40
19.80 92262.40
19.90 92262.40
20.00 92262.40
20.10 86937.60
20.20 86937.60
20.30 86937.60
20.40 86937.60
20.50 86937.60
20.60 86937.60
20.70 86937.60
20.80 86937.60
20.90 86937.60
21.00 86937.60
21.10 81100.80
21.20 81100.80
21.30 81100.80
21.40 81100.80
21.50 81100.80
21.60 81100.80
21.70 81100.80
21.80 81100.80
21.90 81100.80
22.00 81100.80
22.10 68505.60
22.20 68505.60
22.30 68505.60
22.40 68505.60
22.50 68505.60
22.60 68505.60
22.70 68505.60
22.80 68505.60
22.90 68505.60
23.00 68505.60
23.10 104448.00
23.20 104448.00
23.30 104448.00
23.40 104448.00
23.50 104448.00
23.60 104448.00
23.70 104448.00
23.80 104448.00
23.90 104448.00
24.00 104448.00
24.10 83660.80
24.20 83660.80
24.30 83660.80
24.40 83660.80
24.50 83660.80
24.60 83660.80
24.70 83660.80
24.80 83660.80
24.90 83660.80
25.00 83660.80
25.10 89497.60
25.20 89497.60
25.30 89497.60
25.40 89497.60
25.50 89497.60
25.60 89497.60
25.70 89497.60
25.80 89497.60
25.90 89497.60
26.00 89497.60
26.10 87552.00
26.20 87552.00
26.30 87552.00
26.40 87552.00
26.50 87552.00
26.60 87552.00
26.70 87552.00
26.80 87552.00
26.90 87552.00
27.00 87552.00
27.10 63385.60
27.20 63385.60
27.30 63385.60
27.40 63385.60
27.50 63385.60
27.60 63385.60
27.70 63385.60
27.80 63385.60
27.90 63385.60
28.00 63385.60
28.10 109056.00
28.20 109056.00
28.30 109056.00
28.40 109056.00
28.50 109056.00
28.60 109056.00
28.70 109056.00
28.80 109056.00
28.90 109056.00
29.00 109056.00
29.10 86118.40
29.20 86118.40
29.30 86118.40
29.40 86118.40
29.50 86118.40
29.60 86118.40
29.70 86118.40
29.80 86118.40
29.90 86118.40
30.00 86118.40
30.10 81408.00
30.20 81408.00
30.30 81408.00
30.40 81408.00
30.50 81408.00
30.60 81408.00
30.70 81408.00
30.80 81408.00
30.90 81408.00
31.00 81408.00
31.10 87244.80
31.20 87244.80
31.30 87244.80
31.40 87244.80
31.50 87244.80
31.60 87244.80
31.70 87244.80
31.80 87244.80
31.90 87244.80
32.00 87244.80
32.10 84992.00
32.20 84992.00
32.30 84992.00
32.40 84992.00
32.50 84992.00
32.60 84992.00
32.70 84992.00
32.80 84992.00
32.90 84992.00
33.00 84992.00
33.10 85401.60
33.20 85401.60
33.30 85401.60
33.40 85401.60
33.50 85401.60
33.60 85401.60
33.70 85401.60
33.80 85401.60
33.90 85401.60
34.00 85401.60
34.10 85606.40
34.20 85606.40
34.30 85606.40
34.40 85606.40
34.50 85606.40
34.60 85606.40
34.70 85606.40
34.80 85606.40
34.90 85606.40
35.00 85606.40
35.10 79360.00
35.20 79360.00
35.30 79360.00
35.40 79360.00
35.50 79360.00
35.60 79360.00
35.70 79360.00
35.80 79360.00
35.90 79360.00
36.00 79360.00
36.10 84889.60
36.20 84889.60
36.30 84889.60
36.40 84889.60
36.50 84889.60
36.60 84889.60
36.70 84889.60
36.80 84889.60
36.90 84889.60
37.00 84889.60
37.10 89600.00
37.20 89600.00
37.30 89600.00
37.40 89600.00
37.50 89600.00
37.60 89600.00
37.70 89600.00
37.80 89600.00
37.90 89600.00
38.00 89600.00
38.10 84787.20
38.20 84787.20
38.30 84787.20
38.40 84787.20
38.50 84787.20
38.60 84787.20
38.70 84787.20
38.80 84787.20
38.90 84787.20
39.00 84787.20
39.10 65843.20
39.20 65843.20
39.30 65843.20
39.40 65843.20
39.50 65843.20
39.60 65843.20
39.70 65843.20
39.80 65843.20
39.90 65843.20
40.00 65843.20
40.10 108339.20
40.20 108339.20
40.30 108339.20
40.40 108339.20
40.50 108339.20
40.60 108339.20
40.70 108339.20
40.80 108339.20
40.90 108339.20
41.00 108339.20
41.10 49459.20
41.20 49459.20
41.30 49459.20
41.40 49459.20
41.50 49459.20
41.60 49459.20
41.70 49459.20
41.80 49459.20
41.90 49459.20
42.00 49459.20
42.10 57548.80
42.20 57548.80
42.30 57548.80
42.40 57548.80
42.50 57548.80
42.60 57548.80
42.70 57548.80
42.80 57548.80
42.90 57548.80
43.00 57548.80
43.10 82636.80
43.20 82636.80
43.30 82636.80
43.40 82636.80
43.50 82636.80
43.60 82636.80
43.70 82636.80
43.80 82636.80
43.90 82636.80
44.00 82636.80
44.10 61542.40
44.20 61542.40
44.30 61542.40
44.40 61542.40
44.50 61542.40
44.60 61542.40
44.70 61542.40
44.80 61542.40
44.90 61542.40
45.00 61542.40
45.10 94105.60
45.20 94105.60
45.30 94105.60
45.40 94105.60
45.50 94105.60
45.60 94105.60
45.70 94105.60
45.80 94105.60
45.90 94105.60
46.00 94105.60
46.10 77516.80
46.20 77516.80
46.30 77516.80
46.40 77516.80
46.50 77516.80
46.60 77516.80
46.70 77516.80
46.80 77516.80
46.90 77516.80
47.00 77516.80
47.10 84582.40
47.20 84582.40
47.30 84582.40
47.40 84582.40
47.50 84582.40
47.60 84582.40
47.70 84582.40
47.80 84582.40
47.90 84582.40
48.00 84582.40
48.10 82022.40
48.20 82022.40
48.30 82022.40
48.40 82022.40
48.50 82022.40
48.60 82022.40
48.70 82022.40
48.80 82022.40
48.90 82022.40
49.00 82022.40
49.10 86937.60
49.20 86937.60
49.30 86937.60
49.40 86937.60
49.50 86937.60
49.60 86937.60
49.70 86937.60
49.80 86937.60
49.90 86937.60
50.00 86937.60
50.10 84889.60
50.20 84889.60
50.30 84889.60
50.40 84889.60
50.50 84889.60
50.60 84889.60
50.70 84889.60
50.80 84889.60
50.90 84889.60
51.00 84889.60
51.10 85401.60
51.20 85401.60
51.30 85401.60
51.40 85401.60
51.50 85401.60
51.60 85401.60
51.70 85401.60
51.80 85401.60
51.90 85401.60
52.00 85401.60
52.10 63283.20
52.20 63283.20
52.30 63283.20
52.40 63283.20
52.50 63283.20
52.60 63283.20
52.70 63283.20
52.80 63283.20
52.90 63283.20
53.00 63283.20
53.10 61542.40
53.20 61542.40
53.30 61542.40
53.40 61542.40
53.50 61542.40
53.60 61542.40
53.70 61542.40
53.80 61542.40
53.90 61542.40
54.00 61542.40
54.10 61030.40
54.20 61030.40
54.30 61030.40
54.40 61030.40
54.50 61030.40
54.60 61030.40
54.70 61030.40
54.80 61030.40
54.90 61030.40
55.00 61030.40
55.10 112947.20
55.20 112947.20
55.30 112947.20
55.40 112947.20
55.50 112947.20
55.60 112947.20
55.70 112947.20
55.80 112947.20
55.90 112947.20
56.00 112947.20
56.10 85196.80
56.20 85196.80
56.30 85196.80
56.40 85196.80
56.50 85196.80
56.60 85196.80
56.70 85196.80
56.80 85196.80
56.90 85196.80
57.00 85196.80
57.10 83251.20
57.20 83251.20
57.30 83251.20
57.40 83251.20
57.50 83251.20
57.60 83251.20
57.70 83251.20
57.80 83251.20
57.90 83251.20
58.00 83251.20
58.10 81612.80
58.20 81612.80
58.30 81612.80
58.40 81612.80
58.50 81612.80
58.60 81612.80
58.70 81612.80
58.80 81612.80
58.90 81612.80
59.00 81612.80
59.10 86732.80
59.20 86732.80
59.30 86732.80
59.40 86732.80
59.50 86732.80
59.60 86732.80
59.70 86732.80
59.80 86732.80
59.90 86732.80
60.00 86732.80
