0.10 70860.80
0.20 70860.80
0.30 70860.80
0.40 70860.80
0.50 70860.80
0.60 70860.80
0.70 70860.80
0.80 70860.80
0.90 70860.80
1.00 70860.80
1.10 73420.80
1.20 73420.80
1.30 73420.80
1.40 73420.80
1.50 73420.80
1.60 73420.80
1.70 73420.80
1.80 73420.80
1.90 73420.80
2.00 73420.80
2.10 73216.00
2.20 73216.00
2.30 73216.00
2.40 73216.00
2.50 73216.00
2.60 73216.00
2.70 73216.00
2.80 73216.00
2.90 73216.00
3.00 73216.00
3.10 74752.00
3.20 74752.00
3.30 74752.00
3.40 74752.00
3.50 74752.00
3.60 74752.00
3.70 74752.00
3.80 74752.00
3.90 74752.00
4.00 74752.00
4.10 71987.20
4.20 71987.20
4.30 71987.20
4.40 71987.20
4.50 71987.20
4.60 71987.20
4.70 71987.20
4.80 71987.20
4.90 71987.20
5.00 71987.20
5.10 69529.60
5.20 69529.60
5.30 69529.60
5.40 69529.60
5.50 69529.60
5.60 69529.60
5.70 69529.60
5.80 69529.60
5.90 69529.60
6.00 69529.60
6.10 71884.80
6.20 71884.80
6.30 71884.80
6.40 71884.80
6.50 71884.80
6.60 71884.80
6.70 71884.80
6.80 71884.80
6.90 71884.80
7.00 71884.80
7.10 72396.80
7.20 72396.80
7.30 72396.80
7.40 72396.80
7.50 72396.80
7.60 72396.80
7.70 72396.80
7.80 72396.80
7.90 72396.80
8.00 72396.80
8.10 74342.40
8.20 74342.40
8.30 74342.40
8.40 74342.40
8.50 74342.40
8.60 74342.40
8.70 74342.40
8.80 74342.40
8.90 74342.40
9.00 74342.40
9.10 56320.00
9.20 56320.00
9.30 56320.00
9.40 56320.00
9.50 56320.00
9.60 56320.00
9.70 56320.00
9.80 56320.00
9.90 56320.00
10.00 56320.00
10.10 93081.60
10.20 93081.60
10.30 93081.60
10.40 93081.60
10.50 93081.60
10.60 93081.60
10.70 93081.60
10.80 93081.60
10.90 93081.60
11.00 93081.60
11.10 75468.80
11.20 75468.80
11.30 75468.80
11.40 75468.80
11.50 75468.80
11.60 75468.80
11.70 75468.80
11.80 75468.80
11.90 75468.80
12.00 75468.80
12.10 75059.20
12.20 75059.20
12.30 75059.20
12.40 75059.20
12.50 75059.20
12.60 75059.20
12.70 75059.20
12.80 75059.20
12.90 75059.20
13.00 75059.20
13.10 74649.60
13.20 74649.60
13.30 74649.60
13.40 74649.60
13.50 74649.60
13.60 74649.60
13.70 74649.60
13.80 74649.60
13.90 74649.60
14.00 74649.60
14.10 34508.80
14.20 34508.80
14.30 34508.80
14.40 34508.80
14.50 34508.80
14.60 34508.80
14.70 34508.80
14.80 34508.80
14.90 34508.80
15.00 34508.80
15.10 119193.60
15.20 119193.60
15.30 119193.60
15.40 119193.60
15.50 119193.60
15.60 119193.60
15.70 119193.60
15.80 119193.60
15.90 119193.60
16.00 119193.60
16.10 75161.60
16.20 75161.60
16.30 75161.60
16.40 75161.60
16.50 75161.60
16.60 75161.60
16.70 75161.60
16.80 75161.60
16.90 75161.60
17.00 75161.60
17.10 73420.80
17.20 73420.80
17.30 73420.80
17.40 73420.80
17.50 73420.80
17.60 73420.80
17.70 73420.80
17.80 73420.80
17.90 73420.80
18.00 73420.80
18.10 75059.20
18.20 75059.20
18.30 75059.20
18.40 75059.20
18.50 75059.20
18.60 75059.20
18.70 75059.20
18.80 75059.20
18.90 75059.20
19.00 75059.20
19.10 72396.80
19.20 72396.80
19.30 72396.80
19.40 72396.80
19.50 72396.80
19.60 72396.80
19.70 72396.80
19.80 72396.80
19.90 72396.80
20.00 72396.80
20.10 77824.00
20.20 77824.00
20.30 77824.00
20.40 77824.00
20.50 77824.00
20.60 77824.00
20.70 77824.00
20.80 77824.00
20.90 77824.00
21.00 77824.00
21.10 74240.00
21.20 74240.00
21.30 74240.00
21.40 74240.00
21.50 74240.00
21.60 74240.00
21.70 74240.00
21.80 74240.00
21.90 74240.00
22.00 74240.00
22.10 72806.40
22.20 72806.40
22.30 72806.40
22.40 72806.40
22.50 72806.40
22.60 72806.40
22.70 72806.40
22.80 72806.40
22.90 72806.40
23.00 72806.40
23.10 72806.40
23.20 72806.40
23.30 72806.40
23.40 72806.40
23.50 72806.40
23.60 72806.40
23.70 72806.40
23.80 72806.40
23.90 72806.40
24.00 72806.40
24.10 73523.20
24.20 73523.20
24.30 73523.20
24.40 73523.20
24.50 73523.20
24.60 73523.20
24.70 73523.20
24.80 73523.20
24.90 73523.20
25.00 73523.20
25.10 75468.80
25.20 75468.80
25.30 75468.80
25.40 75468.80
25.50 75468.80
25.60 75468.80
25.70 75468.80
25.80 75468.80
25.90 75468.80
26.00 75468.80
26.10 71884.80
26.20 71884.80
26.30 71884.80
26.40 71884.80
26.50 71884.80
26.60 71884.80
26.70 71884.80
26.80 71884.80
26.90 71884.80
27.00 71884.80
27.10 46489.60
27.20 46489.60
27.30 46489.60
27.40 46489.60
27.50 46489.60
27.60 46489.60
27.70 46489.60
27.80 46489.60
27.90 46489.60
28.00 46489.60
28.10 102092.80
28.20 102092.80
28.30 102092.80
28.40 102092.80
28.50 102092.80
28.60 102092.80
28.70 102092.80
28.80 102092.80
28.90 102092.80
29.00 102092.80
29.10 72908.80
29.20 72908.80
29.30 72908.80
29.40 72908.80
29.50 72908.80
29.60 72908.80
29.70 72908.80
29.80 72908.80
29.90 72908.80
30.00 72908.80
30.10 73216.00
30.20 73216.00
30.30 73216.00
30.40 73216.00
30.50 73216.00
30.60 73216.00
30.70 73216.00
30.80 73216.00
30.90 73216.00
31.00 73216.00
31.10 70144.00
31.20 70144.00
31.30 70144.00
31.40 70144.00
31.50 70144.00
31.60 70144.00
31.70 70144.00
31.80 70144.00
31.90 70144.00
32.00 70144.00
32.10 71884.80
32.20 71884.80
32.30 71884.80
32.40 71884.80
32.50 71884.80
32.60 71884.80
32.70 71884.80
32.80 71884.80
32.90 71884.80
33.00 71884.80
33.10 29491.20
33.20 29491.20
33.30 29491.20
33.40 29491.20
33.50 29491.20
33.60 29491.20
33.70 29491.20
33.80 29491.20
33.90 29491.20
34.00 29491.20
34.10 107929.60
34.20 107929.60
34.30 107929.60
34.40 107929.60
34.50 107929.60
34.60 107929.60
34.70 107929.60
34.80 107929.60
34.90 107929.60
35.00 107929.60
35.10 35020.80
35.20 35020.80
35.30 35020.80
35.40 35020.80
35.50 35020.80
35.60 35020.80
35.70 35020.80
35.80 35020.80
35.90 35020.80
36.00 35020.80
36.10 57446.40
36.20 57446.40
36.30 57446.40
36.40 57446.40
36.50 57446.40
36.60 57446.40
36.70 57446.40
36.80 57446.40
36.90 57446.40
37.00 57446.40
37.10 74035.20
37.20 74035.20
37.30 74035.20
37.40 74035.20
37.50 74035.20
37.60 74035.20
37.70 74035.20
37.80 74035.20
37.90 74035.20
38.00 74035.20
38.10 58777.60
38.20 58777.60
38.30 58777.60
38.40 58777.60
38.50 58777.60
38.60 58777.60
38.70 58777.60
38.80 58777.60
38.90 58777.60
39.00 58777.60
39.10 90214.40
39.20 90214.40
39.30 90214.40
39.40 90214.40
39.50 90214.40
39.60 90214.40
39.70 90214.40
39.80 90214.40
39.90 90214.40
40.00 90214.40
40.10 71065.60
40.20 71065.60
40.30 71065.60
40.40 71065.60
40.50 71065.60
40.60 71065.60
40.70 71065.60
40.80 71065.60
40.90 71065.60
41.00 71065.60
41.10 69734.40
41.20 69734.40
41.30 69734.40
41.40 69734.40
41.50 69734.40
41.60 69734.40
41.70 69734.40
41.80 69734.40
41.90 69734.40
42.00 69734.40
42.10 68915.20
42.20 68915.20
42.30 68915.20
42.40 68915.20
42.50 68915.20
42.60 68915.20
42.70 68915.20
42.80 68915.20
42.90 68915.20
43.00 68915.20
43.10 69222.40
43.20 69222.40
43.30 69222.40
43.40 69222.40
43.50 69222.40
43.60 69222.40
43.70 69222.40
43.80 69222.40
43.90 69222.40
44.00 69222.40
44.10 68403.20
44.20 68403.20
44.30 68403.20
44.40 68403.20
44.50 68403.20
44.60 68403.20
44.70 68403.20
44.80 68403.20
44.90 68403.20
45.00 68403.20
45.10 72806.40
45.20 72806.40
45.30 72806.40
45.40 72806.40
45.50 72806.40
45.60 72806.40
45.70 72806.40
45.80 72806.40
45.90 72806.40
46.00 72806.40
46.10 74240.00
46.20 74240.00
46.30 74240.00
46.40 74240.00
46.50 74240.00
46.60 74240.00
46.70 74240.00
46.80 74240.00
46.90 74240.00
47.00 74240.00
47.10 71987.20
47.20 71987.20
47.30 71987.20
47.40 71987.20
47.50 71987.20
47.60 71987.20
47.70 71987.20
47.80 71987.20
47.90 71987.20
48.00 71987.20
48.10 69734.40
48.20 69734.40
48.30 69734.40
48.40 69734.40
48.50 69734.40
48.60 69734.40
48.70 69734.40
48.80 69734.40
48.90 69734.40
49.00 69734.40
49.10 74240.00
49.20 74240.00
49.30 74240.00
49.40 74240.00
49.50 74240.00
49.60 74240.00
49.70 74240.00
49.80 74240.00
49.90 74240.00
50.00 74240.00
50.10 72806.40
50.20 72806.40
50.30 72806.40
50.40 72806.40
50.50 72806.40
50.60 72806.40
50.70 72806.40
50.80 72806.40
50.90 72806.40
51.00 72806.40
51.10 71168.00
51.20 71168.00
51.30 71168.00
51.40 71168.00
51.50 71168.00
51.60 71168.00
51.70 71168.00
51.80 71168.00
51.90 71168.00
52.00 71168.00
52.10 74854.40
52.20 74854.40
52.30 74854.40
52.40 74854.40
52.50 74854.40
52.60 74854.40
52.70 74854.40
52.80 74854.40
52.90 74854.40
53.00 74854.40
53.10 73420.80
53.20 73420.80
53.30 73420.80
53.40 73420.80
53.50 73420.80
53.60 73420.80
53.70 73420.80
53.80 73420.80
53.90 73420.80
54.00 73420.80
54.10 75161.60
54.20 75161.60
54.30 75161.60
54.40 75161.60
54.50 75161.60
54.60 75161.60
54.70 75161.60
54.80 75161.60
54.90 75161.60
55.00 75161.60
55.10 75468.80
55.20 75468.80
55.30 75468.80
55.40 75468.80
55.50 75468.80
55.60 75468.80
55.70 75468.80
55.80 75468.80
55.90 75468.80
56.00 75468.80
56.10 71577.60
56.20 71577.60
56.30 71577.60
56.40 71577.60
56.50 71577.60
56.60 71577.60
56.70 71577.60
56.80 71577.60
56.90 71577.60
57.00 71577.60
57.10 72499.20
57.20 72499.20
57.30 72499.20
57.40 72499.20
57.50 72499.20
57.60 72499.20
57.70 72499.20
57.80 72499.20
57.90 72499.20
58.00 72499.20
58.10 34099.20
58.20 34099.20
58.30 34099.20
58.40 34099.20
58.50 34099.20
58.60 34099.20
58.70 34099.20
58.80 34099.20
58.90 34099.20
59.00 34099.20
59.10 116019.20
59.20 116019.20
59.30 116019.20
59.40 116019.20
59.50 116019.20
59.60 116019.20
59.70 116019.20
59.80 116019.20
59.90 116019.20
60.00 116019.20
0.10 70860.80
0.20 70860.80
0.30 70860.80
0.40 70860.80
0.50 70860.80
0.60 70860.80
0.70 70860.80
0.80 70860.80
0.90 70860.80
1.00 70860.80
1.10 73420.80
1.20 73420.80
1.30 73420.80
1.40 73420.80
1.50 73420.80
1.60 73420.80
1.70 73420.80
1.80 73420.80
1.90 73420.80
2.00 73420.80
2.10 73216.00
2.20 73216.00
2.30 73216.00
2.40 73216.00
2.50 73216.00
2.60 73216.00
2.70 73216.00
2.80 73216.00
2.90 73216.00
3.00 73216.00
3.10 74752.00
3.20 74752.00
3.30 74752.00
3.40 74752.00
3.50 74752.00
3.60 74752.00
3.70 74752.00
3.80 74752.00
3.90 74752.00
4.00 74752.00
4.10 71987.20
4.20 71987.20
4.30 71987.20
4.40 71987.20
4.50 71987.20
4.60 71987.20
4.70 71987.20
4.80 71987.20
4.90 71987.20
5.00 71987.20
5.10 69529.60
5.20 69529.60
5.30 69529.60
5.40 69529.60
5.50 69529.60
5.60 69529.60
5.70 69529.60
5.80 69529.60
5.90 69529.60
6.00 69529.60
6.10 71884.80
6.20 71884.80
6.30 71884.80
6.40 71884.80
6.50 71884.80
6.60 71884.80
6.70 71884.80
6.80 71884.80
6.90 71884.80
7.00 71884.80
7.10 72396.80
7.20 72396.80
7.30 72396.80
7.40 72396.80
7.50 72396.80
7.60 72396.80
7.70 72396.80
7.80 72396.80
7.90 72396.80
8.00 72396.80
8.10 74342.40
8.20 74342.40
8.30 74342.40
8.40 74342.40
8.50 74342.40
8.60 74342.40
8.70 74342.40
8.80 74342.40
8.90 74342.40
9.00 74342.40
9.10 56320.00
9.20 56320.00
9.30 56320.00
9.40 56320.00
9.50 56320.00
9.60 56320.00
9.70 56320.00
9.80 56320.00
9.90 56320.00
10.00 56320.00
10.10 93081.60
10.20 93081.60
10.30 93081.60
10.40 93081.60
10.50 93081.60
10.60 93081.60
10.70 93081.60
10.80 93081.60
10.90 93081.60
11.00 93081.60
11.10 75468.80
11.20 75468.80
11.30 75468.80
11.40 75468.80
11.50 75468.80
11.60 75468.80
11.70 75468.80
11.80 75468.80
11.90 75468.80
12.00 75468.80
12.10 75059.20
12.20 75059.20
12.30 75059.20
12.40 75059.20
12.50 75059.20
12.60 75059.20
12.70 75059.20
12.80 75059.20
12.90 75059.20
13.00 75059.20
13.10 74649.60
13.20 74649.60
13.30 74649.60
13.40 74649.60
13.50 74649.60
13.60 74649.60
13.70 74649.60
13.80 74649.60
13.90 74649.60
14.00 74649.60
14.10 34508.80
14.20 34508.80
14.30 34508.80
14.40 34508.80
14.50 34508.80
14.60 34508.80
14.70 34508.80
14.80 34508.80
14.90 34508.80
15.00 34508.80
15.10 119193.60
15.20 119193.60
15.30 119193.60
15.40 119193.60
15.50 119193.60
15.60 119193.60
15.70 119193.60
15.80 119193.60
15.90 119193.60
16.00 119193.60
16.10 75161.60
16.20 75161.60
16.30 75161.60
16.40 75161.60
16.50 75161.60
16.60 75161.60
16.70 75161.60
16.80 75161.60
16.90 75161.60
17.00 75161.60
17.10 73420.80
17.20 73420.80
17.30 73420.80
17.40 73420.80
17.50 73420.80
17.60 73420.80
17.70 73420.80
17.80 73420.80
17.90 73420.80
18.00 73420.80
18.10 75059.20
18.20 75059.20
18.30 75059.20
18.40 75059.20
18.50 75059.20
18.60 75059.20
18.70 75059.20
18.80 75059.20
18.90 75059.20
19.00 75059.20
19.10 72396.80
19.20 72396.80
19.30 72396.80
19.40 72396.80
19.50 72396.80
19.60 72396.80
19.70 72396.80
19.80 72396.80
19.90 72396.80
20.00 72396.80
20.10 77824.00
20.20 77824.00
20.30 77824.00
20.40 77824.00
20.50 77824.00
20.60 77824.00
20.70 77824.00
20.80 77824.00
20.90 77824.00
21.00 77824.00
21.10 74240.00
21.20 74240.00
21.30 74240.00
21.40 74240.00
21.50 74240.00
21.60 74240.00
21.70 74240.00
21.80 74240.00
21.90 74240.00
22.00 74240.00
22.10 72806.40
22.20 72806.40
22.30 72806.40
22.40 72806.40
22.50 72806.40
22.60 72806.40
22.70 72806.40
22.80 72806.40
22.90 72806.40
23.00 72806.40
23.10 72806.40
23.20 72806.40
23.30 72806.40
23.40 72806.40
23.50 72806.40
23.60 72806.40
23.70 72806.40
23.80 72806.40
23.90 72806.40
24.00 72806.40
24.10 73523.20
24.20 73523.20
24.30 73523.20
24.40 73523.20
24.50 73523.20
24.60 73523.20
24.70 73523.20
24.80 73523.20
24.90 73523.20
25.00 73523.20
25.10 75468.80
25.20 75468.80
25.30 75468.80
25.40 75468.80
25.50 75468.80
25.60 75468.80
25.70 75468.80
25.80 75468.80
25.90 75468.80
26.00 75468.80
26.10 71884.80
26.20 71884.80
26.30 71884.80
26.40 71884.80
26.50 71884.80
26.60 71884.80
26.70 71884.80
26.80 71884.80
26.90 71884.80
27.00 71884.80
27.10 46489.60
27.20 46489.60
27.30 46489.60
27.40 46489.60
27.50 46489.60
27.60 46489.60
27.70 46489.60
27.80 46489.60
27.90 46489.60
28.00 46489.60
28.10 102092.80
28.20 102092.80
28.30 102092.80
28.40 102092.80
28.50 102092.80
28.60 102092.80
28.70 102092.80
28.80 102092.80
28.90 102092.80
29.00 102092.80
29.10 72908.80
29.20 72908.80
29.30 72908.80
29.40 72908.80
29.50 72908.80
29.60 72908.80
29.70 72908.80
29.80 72908.80
29.90 72908.80
30.00 72908.80
30.10 73216.00
30.20 73216.00
30.30 73216.00
30.40 73216.00
30.50 73216.00
30.60 73216.00
30.70 73216.00
30.80 73216.00
30.90 73216.00
31.00 73216.00
31.10 70144.00
31.20 70144.00
31.30 70144.00
31.40 70144.00
31.50 70144.00
31.60 70144.00
31.70 70144.00
31.80 70144.00
31.90 70144.00
32.00 70144.00
32.10 71884.80
32.20 71884.80
32.30 71884.80
32.40 71884.80
32.50 71884.80
32.60 71884.80
32.70 71884.80
32.80 71884.80
32.90 71884.80
33.00 71884.80
33.10 29491.20
33.20 29491.20
33.30 29491.20
33.40 29491.20
33.50 29491.20
33.60 29491.20
33.70 29491.20
33.80 29491.20
33.90 29491.20
34.00 29491.20
34.10 107929.60
34.20 107929.60
34.30 107929.60
34.40 107929.60
34.50 107929.60
34.60 107929.60
34.70 107929.60
34.80 107929.60
34.90 107929.60
35.00 107929.60
35.10 35020.80
35.20 35020.80
35.30 35020.80
35.40 35020.80
35.50 35020.80
35.60 35020.80
35.70 35020.80
35.80 35020.80
35.90 35020.80
36.00 35020.80
36.10 57446.40
36.20 57446.40
36.30 57446.40
36.40 57446.40
36.50 57446.40
36.60 57446.40
36.70 57446.40
36.80 57446.40
36.90 57446.40
37.00 57446.40
37.10 74035.20
37.20 74035.20
37.30 74035.20
37.40 74035.20
37.50 74035.20
37.60 74035.20
37.70 74035.20
37.80 74035.20
37.90 74035.20
38.00 74035.20
38.10 58777.60
38.20 58777.60
38.30 58777.60
38.40 58777.60
38.50 58777.60
38.60 58777.60
38.70 58777.60
38.80 58777.60
38.90 58777.60
39.00 58777.60
39.10 90214.40
39.20 90214.40
39.30 90214.40
39.40 90214.40
39.50 90214.40
39.60 90214.40
39.70 90214.40
39.80 90214.40
39.90 90214.40
40.00 90214.40
40.10 71065.60
40.20 71065.60
40.30 71065.60
40.40 71065.60
40.50 71065.60
40.60 71065.60
40.70 71065.60
40.80 71065.60
40.90 71065.60
41.00 71065.60
41.10 69734.40
41.20 69734.40
41.30 69734.40
41.40 69734.40
41.50 69734.40
41.60 69734.40
41.70 69734.40
41.80 69734.40
41.90 69734.40
42.00 69734.40
42.10 68915.20
42.20 68915.20
42.30 68915.20
42.40 68915.20
42.50 68915.20
42.60 68915.20
42.70 68915.20
42.80 68915.20
42.90 68915.20
43.00 68915.20
43.10 69222.40
43.20 69222.40
43.30 69222.40
43.40 69222.40
43.50 69222.40
43.60 69222.40
43.70 69222.40
43.80 69222.40
43.90 69222.40
44.00 69222.40
44.10 68403.20
44.20 68403.20
44.30 68403.20
44.40 68403.20
44.50 68403.20
44.60 68403.20
44.70 68403.20
44.80 68403.20
44.90 68403.20
45.00 68403.20
45.10 72806.40
45.20 72806.40
45.30 72806.40
45.40 72806.40
45.50 72806.40
45.60 72806.40
45.70 72806.40
45.80 72806.40
45.90 72806.40
46.00 72806.40
46.10 74240.00
46.20 74240.00
46.30 74240.00
46.40 74240.00
46.50 74240.00
46.60 74240.00
46.70 74240.00
46.80 74240.00
46.90 74240.00
47.00 74240.00
47.10 71987.20
47.20 71987.20
47.30 71987.20
47.40 71987.20
47.50 71987.20
47.60 71987.20
47.70 71987.20
47.80 71987.20
47.90 71987.20
48.00 71987.20
48.10 69734.40
48.20 69734.40
48.30 69734.40
48.40 69734.40
48.50 69734.40
48.60 69734.40
48.70 69734.40
48.80 69734.40
48.90 69734.40
49.00 69734.40
49.10 74240.00
49.20 74240.00
49.30 74240.00
49.40 74240.00
49.50 74240.00
49.60 74240.00
49.70 74240.00
49.80 74240.00
49.90 74240.00
50.00 74240.00
50.10 72806.40
50.20 72806.40
50.30 72806.40
50.40 72806.40
50.50 72806.40
50.60 72806.40
50.70 72806.40
50.80 72806.40
50.90 72806.40
51.00 72806.40
51.10 71168.00
51.20 71168.00
51.30 71168.00
51.40 71168.00
51.50 71168.00
51.60 71168.00
51.70 71168.00
51.80 71168.00
51.90 71168.00
52.00 71168.00
52.10 74854.40
52.20 74854.40
52.30 74854.40
52.40 74854.40
52.50 74854.40
52.60 74854.40
52.70 74854.40
52.80 74854.40
52.90 74854.40
53.00 74854.40
53.10 73420.80
53.20 73420.80
53.30 73420.80
53.40 73420.80
53.50 73420.80
53.60 73420.80
53.70 73420.80
53.80 73420.80
53.90 73420.80
54.00 73420.80
54.10 75161.60
54.20 75161.60
54.30 75161.60
54.40 75161.60
54.50 75161.60
54.60 75161.60
54.70 75161.60
54.80 75161.60
54.90 75161.60
55.00 75161.60
55.10 75468.80
55.20 75468.80
55.30 75468.80
55.40 75468.80
55.50 75468.80
55.60 75468.80
55.70 75468.80
55.80 75468.80
55.90 75468.80
56.00 75468.80
56.10 71577.60
56.20 71577.60
56.30 71577.60
56.40 71577.60
56.50 71577.60
56.60 71577.60
56.70 71577.60
56.80 71577.60
56.90 71577.60
57.00 71577.60
57.10 72499.20
57.20 72499.20
57.30 72499.20
57.40 72499.20
57.50 72499.20
57.60 72499.20
57.70 72499.20
57.80 72499.20
57.90 72499.20
58.00 72499.20
58.10 34099.20
58.20 34099.20
58.30 34099.20
58.40 34099.20
58.50 34099.20
58.60 34099.20
58.70 34099.20
58.80 34099.20
58.90 34099.20
59.00 34099.20
59.10 116019.20
59.20 116019.20
59.30 116019.20
59.40 116019.20
59.50 116019.20
59.60 116019.20
59.70 116019.20
59.80 116019.20
59.90 116019.20
60.00 116019.20
