0.10 93900.80
0.20 93900.80
0.30 93900.80
0.40 93900.80
0.50 93900.80
0.60 93900.80
0.70 93900.80
0.80 93900.80
0.90 93900.80
1.00 93900.80
1.10 89702.40
1.20 89702.40
1.30 89702.40
1.40 89702.40
1.50 89702.40
1.60 89702.40
1.70 89702.40
1.80 89702.40
1.90 89702.40
2.00 89702.40
2.10 91033.60
2.20 91033.60
2.30 91033.60
2.40 91033.60
2.50 91033.60
2.60 91033.60
2.70 91033.60
2.80 91033.60
2.90 91033.60
3.00 91033.60
3.10 93081.60
3.20 93081.60
3.30 93081.60
3.40 93081.60
3.50 93081.60
3.60 93081.60
3.70 93081.60
3.80 93081.60
3.90 93081.60
4.00 93081.60
4.10 88064.00
4.20 88064.00
4.30 88064.00
4.40 88064.00
4.50 88064.00
4.60 88064.00
4.70 88064.00
4.80 88064.00
4.90 88064.00
5.00 88064.00
5.10 27136.00
5.20 27136.00
5.30 27136.00
5.40 27136.00
5.50 27136.00
5.60 27136.00
5.70 27136.00
5.80 27136.00
5.90 27136.00
6.00 27136.00
6.10 110592.00
6.20 110592.00
6.30 110592.00
6.40 110592.00
6.50 110592.00
6.60 110592.00
6.70 110592.00
6.80 110592.00
6.90 110592.00
7.00 110592.00
7.10 72499.20
7.20 72499.20
7.30 72499.20
7.40 72499.20
7.50 72499.20
7.60 72499.20
7.70 72499.20
7.80 72499.20
7.90 72499.20
8.00 72499.20
8.10 95334.40
8.20 95334.40
8.30 95334.40
8.40 95334.40
8.50 95334.40
8.60 95334.40
8.70 95334.40
8.80 95334.40
8.90 95334.40
9.00 95334.40
9.10 91648.00
9.20 91648.00
9.30 91648.00
9.40 91648.00
9.50 91648.00
9.60 91648.00
9.70 91648.00
9.80 91648.00
9.90 91648.00
10.00 91648.00
10.10 94310.40
10.20 94310.40
10.30 94310.40
10.40 94310.40
10.50 94310.40
10.60 94310.40
10.70 94310.40
10.80 94310.40
10.90 94310.40
11.00 94310.40
11.10 95539.20
11.20 95539.20
11.30 95539.20
11.40 95539.20
11.50 95539.20
11.60 95539.20
11.70 95539.20
11.80 95539.20
11.90 95539.20
12.00 95539.20
12.10 99635.20
12.20 99635.20
12.30 99635.20
12.40 99635.20
12.50 99635.20
12.60 99635.20
12.70 99635.20
12.80 99635.20
12.90 99635.20
13.00 99635.20
13.10 95334.40
13.20 95334.40
13.30 95334.40
13.40 95334.40
13.50 95334.40
13.60 95334.40
13.70 95334.40
13.80 95334.40
13.90 95334.40
14.00 95334.40
14.10 96665.60
14.20 96665.60
14.30 96665.60
14.40 96665.60
14.50 96665.60
14.60 96665.60
14.70 96665.60
14.80 96665.60
14.90 96665.60
15.00 96665.60
15.10 98611.20
15.20 98611.20
15.30 98611.20
15.40 98611.20
15.50 98611.20
15.60 98611.20
15.70 98611.20
15.80 98611.20
15.90 98611.20
16.00 98611.20
16.10 93900.80
16.20 93900.80
16.30 93900.80
16.40 93900.80
16.50 93900.80
16.60 93900.80
16.70 93900.80
16.80 93900.80
16.90 93900.80
17.00 93900.80
17.10 97075.20
17.20 97075.20
17.30 97075.20
17.40 97075.20
17.50 97075.20
17.60 97075.20
17.70 97075.20
17.80 97075.20
17.90 97075.20
18.00 97075.20
18.10 92569.60
18.20 92569.60
18.30 92569.60
18.40 92569.60
18.50 92569.60
18.60 92569.60
18.70 92569.60
18.80 92569.60
18.90 92569.60
19.00 92569.60
19.10 97382.40
19.20 97382.40
19.30 97382.40
19.40 97382.40
19.50 97382.40
19.60 97382.40
19.70 97382.40
19.80 97382.40
19.90 97382.40
20.00 97382.40
20.10 75059.20
20.20 75059.20
20.30 75059.20
20.40 75059.20
20.50 75059.20
20.60 75059.20
20.70 75059.20
20.80 75059.20
20.90 75059.20
21.00 75059.20
21.10 116531.20
21.20 116531.20
21.30 116531.20
21.40 116531.20
21.50 116531.20
21.60 116531.20
21.70 116531.20
21.80 116531.20
21.90 116531.20
22.00 116531.20
22.10 89088.00
22.20 89088.00
22.30 89088.00
22.40 89088.00
22.50 89088.00
22.60 89088.00
22.70 89088.00
22.80 89088.00
22.90 89088.00
23.00 89088.00
23.10 88371.20
23.20 88371.20
23.30 88371.20
23.40 88371.20
23.50 88371.20
23.60 88371.20
23.70 88371.20
23.80 88371.20
23.90 88371.20
24.00 88371.20
24.10 50790.40
24.20 50790.40
24.30 50790.40
24.40 50790.40
24.50 50790.40
24.60 50790.40
24.70 50790.40
24.80 50790.40
24.90 50790.40
25.00 50790.40
25.10 126668.80
25.20 126668.80
25.30 126668.80
25.40 126668.80
25.50 126668.80
25.60 126668.80
25.70 126668.80
25.80 126668.80
25.90 126668.80
26.00 126668.80
26.10 91545.60
26.20 91545.60
26.30 91545.60
26.40 91545.60
26.50 91545.60
26.60 91545.60
26.70 91545.60
26.80 91545.60
26.90 91545.60
27.00 91545.60
27.10 85606.40
27.20 85606.40
27.30 85606.40
27.40 85606.40
27.50 85606.40
27.60 85606.40
27.70 85606.40
27.80 85606.40
27.90 85606.40
28.00 85606.40
28.10 89088.00
28.20 89088.00
28.30 89088.00
28.40 89088.00
28.50 89088.00
28.60 89088.00
28.70 89088.00
28.80 89088.00
28.90 89088.00
29.00 89088.00
29.10 88064.00
29.20 88064.00
29.30 88064.00
29.40 88064.00
29.50 88064.00
29.60 88064.00
29.70 88064.00
29.80 88064.00
29.90 88064.00
30.00 88064.00
30.10 85299.20
30.20 85299.20
30.30 85299.20
30.40 85299.20
30.50 85299.20
30.60 85299.20
30.70 85299.20
30.80 85299.20
30.90 85299.20
31.00 85299.20
31.10 84070.40
31.20 84070.40
31.30 84070.40
31.40 84070.40
31.50 84070.40
31.60 84070.40
31.70 84070.40
31.80 84070.40
31.90 84070.40
32.00 84070.40
32.10 90316.80
32.20 90316.80
32.30 90316.80
32.40 90316.80
32.50 90316.80
32.60 90316.80
32.70 90316.80
32.80 90316.80
32.90 90316.80
33.00 90316.80
33.10 69222.40
33.20 69222.40
33.30 69222.40
33.40 69222.40
33.50 69222.40
33.60 69222.40
33.70 69222.40
33.80 69222.40
33.90 69222.40
34.00 69222.40
34.10 27750.40
34.20 27750.40
34.30 27750.40
34.40 27750.40
34.50 27750.40
34.60 27750.40
34.70 27750.40
34.80 27750.40
34.90 27750.40
35.00 27750.40
35.10 115712.00
35.20 115712.00
35.30 115712.00
35.40 115712.00
35.50 115712.00
35.60 115712.00
35.70 115712.00
35.80 115712.00
35.90 115712.00
36.00 115712.00
36.10 72499.20
36.20 72499.20
36.30 72499.20
36.40 72499.20
36.50 72499.20
36.60 72499.20
36.70 72499.20
36.80 72499.20
36.90 72499.20
37.00 72499.20
37.10 61849.60
37.20 61849.60
37.30 61849.60
37.40 61849.60
37.50 61849.60
37.60 61849.60
37.70 61849.60
37.80 61849.60
37.90 61849.60
38.00 61849.60
38.10 56012.80
38.20 56012.80
38.30 56012.80
38.40 56012.80
38.50 56012.80
38.60 56012.80
38.70 56012.80
38.80 56012.80
38.90 56012.80
39.00 56012.80
39.10 66048.00
39.20 66048.00
39.30 66048.00
39.40 66048.00
39.50 66048.00
39.60 66048.00
39.70 66048.00
39.80 66048.00
39.90 66048.00
40.00 66048.00
40.10 82432.00
40.20 82432.00
40.30 82432.00
40.40 82432.00
40.50 82432.00
40.60 82432.00
40.70 82432.00
40.80 82432.00
40.90 82432.00
41.00 82432.00
41.10 27545.60
41.20 27545.60
41.30 27545.60
41.40 27545.60
41.50 27545.60
41.60 27545.60
41.70 27545.60
41.80 27545.60
41.90 27545.60
42.00 27545.60
42.10 125542.40
42.20 125542.40
42.30 125542.40
42.40 125542.40
42.50 125542.40
42.60 125542.40
42.70 125542.40
42.80 125542.40
42.90 125542.40
43.00 125542.40
43.10 77414.40
43.20 77414.40
43.30 77414.40
43.40 77414.40
43.50 77414.40
43.60 77414.40
43.70 77414.40
43.80 77414.40
43.90 77414.40
44.00 77414.40
44.10 74752.00
44.20 74752.00
44.30 74752.00
44.40 74752.00
44.50 74752.00
44.60 74752.00
44.70 74752.00
44.80 74752.00
44.90 74752.00
45.00 74752.00
45.10 72806.40
45.20 72806.40
45.30 72806.40
45.40 72806.40
45.50 72806.40
45.60 72806.40
45.70 72806.40
45.80 72806.40
45.90 72806.40
46.00 72806.40
46.10 83251.20
46.20 83251.20
46.30 83251.20
46.40 83251.20
46.50 83251.20
46.60 83251.20
46.70 83251.20
46.80 83251.20
46.90 83251.20
47.00 83251.20
47.10 67379.20
47.20 67379.20
47.30 67379.20
47.40 67379.20
47.50 67379.20
47.60 67379.20
47.70 67379.20
47.80 67379.20
47.90 67379.20
48.00 67379.20
48.10 7987.20
48.20 7987.20
48.30 7987.20
48.40 7987.20
48.50 7987.20
48.60 7987.20
48.70 7987.20
48.80 7987.20
48.90 7987.20
49.00 7987.20
49.10 92262.40
49.20 92262.40
49.30 92262.40
49.40 92262.40
49.50 92262.40
49.60 92262.40
49.70 92262.40
49.80 92262.40
49.90 92262.40
50.00 92262.40
50.10 51712.00
50.20 51712.00
50.30 51712.00
50.40 51712.00
50.50 51712.00
50.60 51712.00
50.70 51712.00
50.80 51712.00
50.90 51712.00
51.00 51712.00
51.10 62668.80
51.20 62668.80
51.30 62668.80
51.40 62668.80
51.50 62668.80
51.60 62668.80
51.70 62668.80
51.80 62668.80
51.90 62668.80
52.00 62668.80
52.10 54067.20
52.20 54067.20
52.30 54067.20
52.40 54067.20
52.50 54067.20
52.60 54067.20
52.70 54067.20
52.80 54067.20
52.90 54067.20
53.00 54067.20
53.10 66048.00
53.20 66048.00
53.30 66048.00
53.40 66048.00
53.50 66048.00
53.60 66048.00
53.70 66048.00
53.80 66048.00
53.90 66048.00
54.00 66048.00
54.10 71065.60
54.20 71065.60
54.30 71065.60
54.40 71065.60
54.50 71065.60
54.60 71065.60
54.70 71065.60
54.80 71065.60
54.90 71065.60
55.00 71065.60
55.10 82534.40
55.20 82534.40
55.30 82534.40
55.40 82534.40
55.50 82534.40
55.60 82534.40
55.70 82534.40
55.80 82534.40
55.90 82534.40
56.00 82534.40
56.10 88780.80
56.20 88780.80
56.30 88780.80
56.40 88780.80
56.50 88780.80
56.60 88780.80
56.70 88780.80
56.80 88780.80
56.90 88780.80
57.00 88780.80
57.10 91545.60
57.20 91545.60
57.30 91545.60
57.40 91545.60
57.50 91545.60
57.60 91545.60
57.70 91545.60
57.80 91545.60
57.90 91545.60
58.00 91545.60
58.10 86323.20
58.20 86323.20
58.30 86323.20
58.40 86323.20
58.50 86323.20
58.60 86323.20
58.70 86323.20
58.80 86323.20
58.90 86323.20
59.00 86323.20
59.10 81100.80
59.20 81100.80
59.30 81100.80
59.40 81100.80
59.50 81100.80
59.60 81100.80
59.70 81100.80
59.80 81100.80
59.90 81100.80
60.00 81100.80
0.10 93900.80
0.20 93900.80
0.30 93900.80
0.40 93900.80
0.50 93900.80
0.60 93900.80
0.70 93900.80
0.80 93900.80
0.90 93900.80
1.00 93900.80
1.10 89702.40
1.20 89702.40
1.30 89702.40
1.40 89702.40
1.50 89702.40
1.60 89702.40
1.70 89702.40
1.80 89702.40
1.90 89702.40
2.00 89702.40
2.10 91033.60
2.20 91033.60
2.30 91033.60
2.40 91033.60
2.50 91033.60
2.60 91033.60
2.70 91033.60
2.80 91033.60
2.90 91033.60
3.00 91033.60
3.10 93081.60
3.20 93081.60
3.30 93081.60
3.40 93081.60
3.50 93081.60
3.60 93081.60
3.70 93081.60
3.80 93081.60
3.90 93081.60
4.00 93081.60
4.10 88064.00
4.20 88064.00
4.30 88064.00
4.40 88064.00
4.50 88064.00
4.60 88064.00
4.70 88064.00
4.80 88064.00
4.90 88064.00
5.00 88064.00
5.10 27136.00
5.20 27136.00
5.30 27136.00
5.40 27136.00
5.50 27136.00
5.60 27136.00
5.70 27136.00
5.80 27136.00
5.90 27136.00
6.00 27136.00
6.10 110592.00
6.20 110592.00
6.30 110592.00
6.40 110592.00
6.50 110592.00
6.60 110592.00
6.70 110592.00
6.80 110592.00
6.90 110592.00
7.00 110592.00
7.10 72499.20
7.20 72499.20
7.30 72499.20
7.40 72499.20
7.50 72499.20
7.60 72499.20
7.70 72499.20
7.80 72499.20
7.90 72499.20
8.00 72499.20
8.10 95334.40
8.20 95334.40
8.30 95334.40
8.40 95334.40
8.50 95334.40
8.60 95334.40
8.70 95334.40
8.80 95334.40
8.90 95334.40
9.00 95334.40
9.10 91648.00
9.20 91648.00
9.30 91648.00
9.40 91648.00
9.50 91648.00
9.60 91648.00
9.70 91648.00
9.80 91648.00
9.90 91648.00
10.00 91648.00
10.10 94310.40
10.20 94310.40
10.30 94310.40
10.40 94310.40
10.50 94310.40
10.60 94310.40
10.70 94310.40
10.80 94310.40
10.90 94310.40
11.00 94310.40
11.10 95539.20
11.20 95539.20
11.30 95539.20
11.40 95539.20
11.50 95539.20
11.60 95539.20
11.70 95539.20
11.80 95539.20
11.90 95539.20
12.00 95539.20
12.10 99635.20
12.20 99635.20
12.30 99635.20
12.40 99635.20
12.50 99635.20
12.60 99635.20
12.70 99635.20
12.80 99635.20
12.90 99635.20
13.00 99635.20
13.10 95334.40
13.20 95334.40
13.30 95334.40
13.40 95334.40
13.50 95334.40
13.60 95334.40
13.70 95334.40
13.80 95334.40
13.90 95334.40
14.00 95334.40
14.10 96665.60
14.20 96665.60
14.30 96665.60
14.40 96665.60
14.50 96665.60
14.60 96665.60
14.70 96665.60
14.80 96665.60
14.90 96665.60
15.00 96665.60
15.10 98611.20
15.20 98611.20
15.30 98611.20
15.40 98611.20
15.50 98611.20
15.60 98611.20
15.70 98611.20
15.80 98611.20
15.90 98611.20
16.00 98611.20
16.10 93900.80
16.20 93900.80
16.30 93900.80
16.40 93900.80
16.50 93900.80
16.60 93900.80
16.70 93900.80
16.80 93900.80
16.90 93900.80
17.00 93900.80
17.10 97075.20
17.20 97075.20
17.30 97075.20
17.40 97075.20
17.50 97075.20
17.60 97075.20
17.70 97075.20
17.80 97075.20
17.90 97075.20
18.00 97075.20
18.10 92569.60
18.20 92569.60
18.30 92569.60
18.40 92569.60
18.50 92569.60
18.60 92569.60
18.70 92569.60
18.80 92569.60
18.90 92569.60
19.00 92569.60
19.10 97382.40
19.20 97382.40
19.30 97382.40
19.40 97382.40
19.50 97382.40
19.60 97382.40
19.70 97382.40
19.80 97382.40
19.90 97382.40
20.00 97382.40
20.10 75059.20
20.20 75059.20
20.30 75059.20
20.40 75059.20
20.50 75059.20
20.60 75059.20
20.70 75059.20
20.80 75059.20
20.90 75059.20
21.00 75059.20
21.10 116531.20
21.20 116531.20
21.30 116531.20
21.40 116531.20
21.50 116531.20
21.60 116531.20
21.70 116531.20
21.80 116531.20
21.90 116531.20
22.00 116531.20
22.10 89088.00
22.20 89088.00
22.30 89088.00
22.40 89088.00
22.50 89088.00
22.60 89088.00
22.70 89088.00
22.80 89088.00
22.90 89088.00
23.00 89088.00
23.10 88371.20
23.20 88371.20
23.30 88371.20
23.40 88371.20
23.50 88371.20
23.60 88371.20
23.70 88371.20
23.80 88371.20
23.90 88371.20
24.00 88371.20
24.10 50790.40
24.20 50790.40
24.30 50790.40
24.40 50790.40
24.50 50790.40
24.60 50790.40
24.70 50790.40
24.80 50790.40
24.90 50790.40
25.00 50790.40
25.10 126668.80
25.20 126668.80
25.30 126668.80
25.40 126668.80
25.50 126668.80
25.60 126668.80
25.70 126668.80
25.80 126668.80
25.90 126668.80
26.00 126668.80
26.10 91545.60
26.20 91545.60
26.30 91545.60
26.40 91545.60
26.50 91545.60
26.60 91545.60
26.70 91545.60
26.80 91545.60
26.90 91545.60
27.00 91545.60
27.10 85606.40
27.20 85606.40
27.30 85606.40
27.40 85606.40
27.50 85606.40
27.60 85606.40
27.70 85606.40
27.80 85606.40
27.90 85606.40
28.00 85606.40
28.10 89088.00
28.20 89088.00
28.30 89088.00
28.40 89088.00
28.50 89088.00
28.60 89088.00
28.70 89088.00
28.80 89088.00
28.90 89088.00
29.00 89088.00
29.10 88064.00
29.20 88064.00
29.30 88064.00
29.40 88064.00
29.50 88064.00
29.60 88064.00
29.70 88064.00
29.80 88064.00
29.90 88064.00
30.00 88064.00
30.10 85299.20
30.20 85299.20
30.30 85299.20
30.40 85299.20
30.50 85299.20
30.60 85299.20
30.70 85299.20
30.80 85299.20
30.90 85299.20
31.00 85299.20
31.10 84070.40
31.20 84070.40
31.30 84070.40
31.40 84070.40
31.50 84070.40
31.60 84070.40
31.70 84070.40
31.80 84070.40
31.90 84070.40
32.00 84070.40
32.10 90316.80
32.20 90316.80
32.30 90316.80
32.40 90316.80
32.50 90316.80
32.60 90316.80
32.70 90316.80
32.80 90316.80
32.90 90316.80
33.00 90316.80
33.10 69222.40
33.20 69222.40
33.30 69222.40
33.40 69222.40
33.50 69222.40
33.60 69222.40
33.70 69222.40
33.80 69222.40
33.90 69222.40
34.00 69222.40
34.10 27750.40
34.20 27750.40
34.30 27750.40
34.40 27750.40
34.50 27750.40
34.60 27750.40
34.70 27750.40
34.80 27750.40
34.90 27750.40
35.00 27750.40
35.10 115712.00
35.20 115712.00
35.30 115712.00
35.40 115712.00
35.50 115712.00
35.60 115712.00
35.70 115712.00
35.80 115712.00
35.90 115712.00
36.00 115712.00
36.10 72499.20
36.20 72499.20
36.30 72499.20
36.40 72499.20
36.50 72499.20
36.60 72499.20
36.70 72499.20
36.80 72499.20
36.90 72499.20
37.00 72499.20
37.10 61849.60
37.20 61849.60
37.30 61849.60
37.40 61849.60
37.50 61849.60
37.60 61849.60
37.70 61849.60
37.80 61849.60
37.90 61849.60
38.00 61849.60
38.10 56012.80
38.20 56012.80
38.30 56012.80
38.40 56012.80
38.50 56012.80
38.60 56012.80
38.70 56012.80
38.80 56012.80
38.90 56012.80
39.00 56012.80
39.10 66048.00
39.20 66048.00
39.30 66048.00
39.40 66048.00
39.50 66048.00
39.60 66048.00
39.70 66048.00
39.80 66048.00
39.90 66048.00
40.00 66048.00
40.10 82432.00
40.20 82432.00
40.30 82432.00
40.40 82432.00
40.50 82432.00
40.60 82432.00
40.70 82432.00
40.80 82432.00
40.90 82432.00
41.00 82432.00
41.10 27545.60
41.20 27545.60
41.30 27545.60
41.40 27545.60
41.50 27545.60
41.60 27545.60
41.70 27545.60
41.80 27545.60
41.90 27545.60
42.00 27545.60
42.10 125542.40
42.20 125542.40
42.30 125542.40
42.40 125542.40
42.50 125542.40
42.60 125542.40
42.70 125542.40
42.80 125542.40
42.90 125542.40
43.00 125542.40
43.10 77414.40
43.20 77414.40
43.30 77414.40
43.40 77414.40
43.50 77414.40
43.60 77414.40
43.70 77414.40
43.80 77414.40
43.90 77414.40
44.00 77414.40
44.10 74752.00
44.20 74752.00
44.30 74752.00
44.40 74752.00
44.50 74752.00
44.60 74752.00
44.70 74752.00
44.80 74752.00
44.90 74752.00
45.00 74752.00
45.10 72806.40
45.20 72806.40
45.30 72806.40
45.40 72806.40
45.50 72806.40
45.60 72806.40
45.70 72806.40
45.80 72806.40
45.90 72806.40
46.00 72806.40
46.10 83251.20
46.20 83251.20
46.30 83251.20
46.40 83251.20
46.50 83251.20
46.60 83251.20
46.70 83251.20
46.80 83251.20
46.90 83251.20
47.00 83251.20
47.10 67379.20
47.20 67379.20
47.30 67379.20
47.40 67379.20
47.50 67379.20
47.60 67379.20
47.70 67379.20
47.80 67379.20
47.90 67379.20
48.00 67379.20
48.10 7987.20
48.20 7987.20
48.30 7987.20
48.40 7987.20
48.50 7987.20
48.60 7987.20
48.70 7987.20
48.80 7987.20
48.90 7987.20
49.00 7987.20
49.10 92262.40
49.20 92262.40
49.30 92262.40
49.40 92262.40
49.50 92262.40
49.60 92262.40
49.70 92262.40
49.80 92262.40
49.90 92262.40
50.00 92262.40
50.10 51712.00
50.20 51712.00
50.30 51712.00
50.40 51712.00
50.50 51712.00
50.60 51712.00
50.70 51712.00
50.80 51712.00
50.90 51712.00
51.00 51712.00
51.10 62668.80
51.20 62668.80
51.30 62668.80
51.40 62668.80
51.50 62668.80
51.60 62668.80
51.70 62668.80
51.80 62668.80
51.90 62668.80
52.00 62668.80
52.10 54067.20
52.20 54067.20
52.30 54067.20
52.40 54067.20
52.50 54067.20
52.60 54067.20
52.70 54067.20
52.80 54067.20
52.90 54067.20
53.00 54067.20
53.10 66048.00
53.20 66048.00
53.30 66048.00
53.40 66048.00
53.50 66048.00
53.60 66048.00
53.70 66048.00
53.80 66048.00
53.90 66048.00
54.00 66048.00
54.10 71065.60
54.20 71065.60
54.30 71065.60
54.40 71065.60
54.50 71065.60
54.60 71065.60
54.70 71065.60
54.80 71065.60
54.90 71065.60
55.00 71065.60
55.10 82534.40
55.20 82534.40
55.30 82534.40
55.40 82534.40
55.50 82534.40
55.60 82534.40
55.70 82534.40
55.80 82534.40
55.90 82534.40
56.00 82534.40
56.10 88780.80
56.20 88780.80
56.30 88780.80
56.40 88780.80
56.50 88780.80
56.60 88780.80
56.70 88780.80
56.80 88780.80
56.90 88780.80
57.00 88780.80
57.10 91545.60
57.20 91545.60
57.30 91545.60
57.40 91545.60
57.50 91545.60
57.60 91545.60
57.70 91545.60
57.80 91545.60
57.90 91545.60
58.00 91545.60
58.10 86323.20
58.20 86323.20
58.30 86323.20
58.40 86323.20
58.50 86323.20
58.60 86323.20
58.70 86323.20
58.80 86323.20
58.90 86323.20
59.00 86323.20
59.10 81100.80
59.20 81100.80
59.30 81100.80
59.40 81100.80
59.50 81100.80
59.60 81100.80
59.70 81100.80
59.80 81100.80
59.90 81100.80
60.00 81100.80
