0.10 75161.60
0.20 75161.60
0.30 75161.60
0.40 75161.60
0.50 75161.60
0.60 75161.60
0.70 75161.60
0.80 75161.60
0.90 75161.60
1.00 75161.60
1.10 56729.60
1.20 56729.60
1.30 56729.60
1.40 56729.60
1.50 56729.60
1.60 56729.60
1.70 56729.60
1.80 56729.60
1.90 56729.60
2.00 56729.60
2.10 57651.20
2.20 57651.20
2.30 57651.20
2.40 57651.20
2.50 57651.20
2.60 57651.20
2.70 57651.20
2.80 57651.20
2.90 57651.20
3.00 57651.20
3.10 60313.60
3.20 60313.60
3.30 60313.60
3.40 60313.60
3.50 60313.60
3.60 60313.60
3.70 60313.60
3.80 60313.60
3.90 60313.60
4.00 60313.60
4.10 52940.80
4.20 52940.80
4.30 52940.80
4.40 52940.80
4.50 52940.80
4.60 52940.80
4.70 52940.80
4.80 52940.80
4.90 52940.80
5.00 52940.80
5.10 47923.20
5.20 47923.20
5.30 47923.20
5.40 47923.20
5.50 47923.20
5.60 47923.20
5.70 47923.20
5.80 47923.20
5.90 47923.20
6.00 47923.20
6.10 54067.20
6.20 54067.20
6.30 54067.20
6.40 54067.20
6.50 54067.20
6.60 54067.20
6.70 54067.20
6.80 54067.20
6.90 54067.20
7.00 54067.20
7.10 62976.00
7.20 62976.00
7.30 62976.00
7.40 62976.00
7.50 62976.00
7.60 62976.00
7.70 62976.00
7.80 62976.00
7.90 62976.00
8.00 62976.00
8.10 66457.60
8.20 66457.60
8.30 66457.60
8.40 66457.60
8.50 66457.60
8.60 66457.60
8.70 66457.60
8.80 66457.60
8.90 66457.60
9.00 66457.60
9.10 67174.40
9.20 67174.40
9.30 67174.40
9.40 67174.40
9.50 67174.40
9.60 67174.40
9.70 67174.40
9.80 67174.40
9.90 67174.40
10.00 67174.40
10.10 66560.00
10.20 66560.00
10.30 66560.00
10.40 66560.00
10.50 66560.00
10.60 66560.00
10.70 66560.00
10.80 66560.00
10.90 66560.00
11.00 66560.00
11.10 67379.20
11.20 67379.20
11.30 67379.20
11.40 67379.20
11.50 67379.20
11.60 67379.20
11.70 67379.20
11.80 67379.20
11.90 67379.20
12.00 67379.20
12.10 67276.80
12.20 67276.80
12.30 67276.80
12.40 67276.80
12.50 67276.80
12.60 67276.80
12.70 67276.80
12.80 67276.80
12.90 67276.80
13.00 67276.80
13.10 59801.60
13.20 59801.60
13.30 59801.60
13.40 59801.60
13.50 59801.60
13.60 59801.60
13.70 59801.60
13.80 59801.60
13.90 59801.60
14.00 59801.60
14.10 82022.40
14.20 82022.40
14.30 82022.40
14.40 82022.40
14.50 82022.40
14.60 82022.40
14.70 82022.40
14.80 82022.40
14.90 82022.40
15.00 82022.40
15.10 58675.20
15.20 58675.20
15.30 58675.20
15.40 58675.20
15.50 58675.20
15.60 58675.20
15.70 58675.20
15.80 58675.20
15.90 58675.20
16.00 58675.20
16.10 47718.40
16.20 47718.40
16.30 47718.40
16.40 47718.40
16.50 47718.40
16.60 47718.40
16.70 47718.40
16.80 47718.40
16.90 47718.40
17.00 47718.40
17.10 70041.60
17.20 70041.60
17.30 70041.60
17.40 70041.60
17.50 70041.60
17.60 70041.60
17.70 70041.60
17.80 70041.60
17.90 70041.60
18.00 70041.60
18.10 75980.80
18.20 75980.80
18.30 75980.80
18.40 75980.80
18.50 75980.80
18.60 75980.80
18.70 75980.80
18.80 75980.80
18.90 75980.80
19.00 75980.80
19.10 74342.40
19.20 74342.40
19.30 74342.40
19.40 74342.40
19.50 74342.40
19.60 74342.40
19.70 74342.40
19.80 74342.40
19.90 74342.40
20.00 74342.40
20.10 68915.20
20.20 68915.20
20.30 68915.20
20.40 68915.20
20.50 68915.20
20.60 68915.20
20.70 68915.20
20.80 68915.20
20.90 68915.20
21.00 68915.20
21.10 71270.40
21.20 71270.40
21.30 71270.40
21.40 71270.40
21.50 71270.40
21.60 71270.40
21.70 71270.40
21.80 71270.40
21.90 71270.40
22.00 71270.40
22.10 50892.80
22.20 50892.80
22.30 50892.80
22.40 50892.80
22.50 50892.80
22.60 50892.80
22.70 50892.80
22.80 50892.80
22.90 50892.80
23.00 50892.80
23.10 52326.40
23.20 52326.40
23.30 52326.40
23.40 52326.40
23.50 52326.40
23.60 52326.40
23.70 52326.40
23.80 52326.40
23.90 52326.40
24.00 52326.40
24.10 69529.60
24.20 69529.60
24.30 69529.60
24.40 69529.60
24.50 69529.60
24.60 69529.60
24.70 69529.60
24.80 69529.60
24.90 69529.60
25.00 69529.60
25.10 68096.00
25.20 68096.00
25.30 68096.00
25.40 68096.00
25.50 68096.00
25.60 68096.00
25.70 68096.00
25.80 68096.00
25.90 68096.00
26.00 68096.00
26.10 61030.40
26.20 61030.40
26.30 61030.40
26.40 61030.40
26.50 61030.40
26.60 61030.40
26.70 61030.40
26.80 61030.40
26.90 61030.40
27.00 61030.40
27.10 64921.60
27.20 64921.60
27.30 64921.60
27.40 64921.60
27.50 64921.60
27.60 64921.60
27.70 64921.60
27.80 64921.60
27.90 64921.60
28.00 64921.60
28.10 23449.60
28.20 23449.60
28.30 23449.60
28.40 23449.60
28.50 23449.60
28.60 23449.60
28.70 23449.60
28.80 23449.60
28.90 23449.60
29.00 23449.60
29.10 95027.20
29.20 95027.20
29.30 95027.20
29.40 95027.20
29.50 95027.20
29.60 95027.20
29.70 95027.20
29.80 95027.20
29.90 95027.20
30.00 95027.20
30.10 62873.60
30.20 62873.60
30.30 62873.60
30.40 62873.60
30.50 62873.60
30.60 62873.60
30.70 62873.60
30.80 62873.60
30.90 62873.60
31.00 62873.60
31.10 74752.00
31.20 74752.00
31.30 74752.00
31.40 74752.00
31.50 74752.00
31.60 74752.00
31.70 74752.00
31.80 74752.00
31.90 74752.00
32.00 74752.00
32.10 66252.80
32.20 66252.80
32.30 66252.80
32.40 66252.80
32.50 66252.80
32.60 66252.80
32.70 66252.80
32.80 66252.80
32.90 66252.80
33.00 66252.80
33.10 0.00
33.20 0.00
33.30 0.00
33.40 0.00
33.50 0.00
33.60 0.00
33.70 0.00
33.80 0.00
33.90 0.00
34.00 0.00
34.10 120934.40
34.20 120934.40
34.30 120934.40
34.40 120934.40
34.50 120934.40
34.60 120934.40
34.70 120934.40
34.80 120934.40
34.90 120934.40
35.00 120934.40
35.10 56115.20
35.20 56115.20
35.30 56115.20
35.40 56115.20
35.50 56115.20
35.60 56115.20
35.70 56115.20
35.80 56115.20
35.90 56115.20
36.00 56115.20
36.10 64307.20
36.20 64307.20
36.30 64307.20
36.40 64307.20
36.50 64307.20
36.60 64307.20
36.70 64307.20
36.80 64307.20
36.90 64307.20
37.00 64307.20
37.10 58265.60
37.20 58265.60
37.30 58265.60
37.40 58265.60
37.50 58265.60
37.60 58265.60
37.70 58265.60
37.80 58265.60
37.90 58265.60
38.00 58265.60
38.10 59084.80
38.20 59084.80
38.30 59084.80
38.40 59084.80
38.50 59084.80
38.60 59084.80
38.70 59084.80
38.80 59084.80
38.90 59084.80
39.00 59084.80
39.10 62668.80
39.20 62668.80
39.30 62668.80
39.40 62668.80
39.50 62668.80
39.60 62668.80
39.70 62668.80
39.80 62668.80
39.90 62668.80
40.00 62668.80
40.10 59596.80
40.20 59596.80
40.30 59596.80
40.40 59596.80
40.50 59596.80
40.60 59596.80
40.70 59596.80
40.80 59596.80
40.90 59596.80
41.00 59596.80
41.10 60313.60
41.20 60313.60
41.30 60313.60
41.40 60313.60
41.50 60313.60
41.60 60313.60
41.70 60313.60
41.80 60313.60
41.90 60313.60
42.00 60313.60
42.10 58675.20
42.20 58675.20
42.30 58675.20
42.40 58675.20
42.50 58675.20
42.60 58675.20
42.70 58675.20
42.80 58675.20
42.90 58675.20
43.00 58675.20
43.10 65740.80
43.20 65740.80
43.30 65740.80
43.40 65740.80
43.50 65740.80
43.60 65740.80
43.70 65740.80
43.80 65740.80
43.90 65740.80
44.00 65740.80
44.10 71065.60
44.20 71065.60
44.30 71065.60
44.40 71065.60
44.50 71065.60
44.60 71065.60
44.70 71065.60
44.80 71065.60
44.90 71065.60
45.00 71065.60
45.10 44953.60
45.20 44953.60
45.30 44953.60
45.40 44953.60
45.50 44953.60
45.60 44953.60
45.70 44953.60
45.80 44953.60
45.90 44953.60
46.00 44953.60
46.10 95948.80
46.20 95948.80
46.30 95948.80
46.40 95948.80
46.50 95948.80
46.60 95948.80
46.70 95948.80
46.80 95948.80
46.90 95948.80
47.00 95948.80
47.10 69632.00
47.20 69632.00
47.30 69632.00
47.40 69632.00
47.50 69632.00
47.60 69632.00
47.70 69632.00
47.80 69632.00
47.90 69632.00
48.00 69632.00
48.10 62873.60
48.20 62873.60
48.30 62873.60
48.40 62873.60
48.50 62873.60
48.60 62873.60
48.70 62873.60
48.80 62873.60
48.90 62873.60
49.00 62873.60
49.10 33280.00
49.20 33280.00
49.30 33280.00
49.40 33280.00
49.50 33280.00
49.60 33280.00
49.70 33280.00
49.80 33280.00
49.90 33280.00
50.00 33280.00
50.10 104345.60
50.20 104345.60
50.30 104345.60
50.40 104345.60
50.50 104345.60
50.60 104345.60
50.70 104345.60
50.80 104345.60
50.90 104345.60
51.00 104345.60
51.10 73625.60
51.20 73625.60
51.30 73625.60
51.40 73625.60
51.50 73625.60
51.60 73625.60
51.70 73625.60
51.80 73625.60
51.90 73625.60
52.00 73625.60
52.10 71884.80
52.20 71884.80
52.30 71884.80
52.40 71884.80
52.50 71884.80
52.60 71884.80
52.70 71884.80
52.80 71884.80
52.90 71884.80
53.00 71884.80
53.10 59801.60
53.20 59801.60
53.30 59801.60
53.40 59801.60
53.50 59801.60
53.60 59801.60
53.70 59801.60
53.80 59801.60
53.90 59801.60
54.00 59801.60
54.10 73113.60
54.20 73113.60
54.30 73113.60
54.40 73113.60
54.50 73113.60
54.60 73113.60
54.70 73113.60
54.80 73113.60
54.90 73113.60
55.00 73113.60
55.10 77414.40
55.20 77414.40
55.30 77414.40
55.40 77414.40
55.50 77414.40
55.60 77414.40
55.70 77414.40
55.80 77414.40
55.90 77414.40
56.00 77414.40
56.10 66662.40
56.20 66662.40
56.30 66662.40
56.40 66662.40
56.50 66662.40
56.60 66662.40
56.70 66662.40
56.80 66662.40
56.90 66662.40
57.00 66662.40
57.10 65740.80
57.20 65740.80
57.30 65740.80
57.40 65740.80
57.50 65740.80
57.60 65740.80
57.70 65740.80
57.80 65740.80
57.90 65740.80
58.00 65740.80
58.10 66867.20
58.20 66867.20
58.30 66867.20
58.40 66867.20
58.50 66867.20
58.60 66867.20
58.70 66867.20
58.80 66867.20
58.90 66867.20
59.00 66867.20
59.10 73113.60
59.20 73113.60
59.30 73113.60
59.40 73113.60
59.50 73113.60
59.60 73113.60
59.70 73113.60
59.80 73113.60
59.90 73113.60
60.00 73113.60
0.10 75161.60
0.20 75161.60
0.30 75161.60
0.40 75161.60
0.50 75161.60
0.60 75161.60
0.70 75161.60
0.80 75161.60
0.90 75161.60
1.00 75161.60
1.10 56729.60
1.20 56729.60
1.30 56729.60
1.40 56729.60
1.50 56729.60
1.60 56729.60
1.70 56729.60
1.80 56729.60
1.90 56729.60
2.00 56729.60
2.10 57651.20
2.20 57651.20
2.30 57651.20
2.40 57651.20
2.50 57651.20
2.60 57651.20
2.70 57651.20
2.80 57651.20
2.90 57651.20
3.00 57651.20
3.10 60313.60
3.20 60313.60
3.30 60313.60
3.40 60313.60
3.50 60313.60
3.60 60313.60
3.70 60313.60
3.80 60313.60
3.90 60313.60
4.00 60313.60
4.10 52940.80
4.20 52940.80
4.30 52940.80
4.40 52940.80
4.50 52940.80
4.60 52940.80
4.70 52940.80
4.80 52940.80
4.90 52940.80
5.00 52940.80
5.10 47923.20
5.20 47923.20
5.30 47923.20
5.40 47923.20
5.50 47923.20
5.60 47923.20
5.70 47923.20
5.80 47923.20
5.90 47923.20
6.00 47923.20
6.10 54067.20
6.20 54067.20
6.30 54067.20
6.40 54067.20
6.50 54067.20
6.60 54067.20
6.70 54067.20
6.80 54067.20
6.90 54067.20
7.00 54067.20
7.10 62976.00
7.20 62976.00
7.30 62976.00
7.40 62976.00
7.50 62976.00
7.60 62976.00
7.70 62976.00
7.80 62976.00
7.90 62976.00
8.00 62976.00
8.10 66457.60
8.20 66457.60
8.30 66457.60
8.40 66457.60
8.50 66457.60
8.60 66457.60
8.70 66457.60
8.80 66457.60
8.90 66457.60
9.00 66457.60
9.10 67174.40
9.20 67174.40
9.30 67174.40
9.40 67174.40
9.50 67174.40
9.60 67174.40
9.70 67174.40
9.80 67174.40
9.90 67174.40
10.00 67174.40
10.10 66560.00
10.20 66560.00
10.30 66560.00
10.40 66560.00
10.50 66560.00
10.60 66560.00
10.70 66560.00
10.80 66560.00
10.90 66560.00
11.00 66560.00
11.10 67379.20
11.20 67379.20
11.30 67379.20
11.40 67379.20
11.50 67379.20
11.60 67379.20
11.70 67379.20
11.80 67379.20
11.90 67379.20
12.00 67379.20
12.10 67276.80
12.20 67276.80
12.30 67276.80
12.40 67276.80
12.50 67276.80
12.60 67276.80
12.70 67276.80
12.80 67276.80
12.90 67276.80
13.00 67276.80
13.10 59801.60
13.20 59801.60
13.30 59801.60
13.40 59801.60
13.50 59801.60
13.60 59801.60
13.70 59801.60
13.80 59801.60
13.90 59801.60
14.00 59801.60
14.10 82022.40
14.20 82022.40
14.30 82022.40
14.40 82022.40
14.50 82022.40
14.60 82022.40
14.70 82022.40
14.80 82022.40
14.90 82022.40
15.00 82022.40
15.10 58675.20
15.20 58675.20
15.30 58675.20
15.40 58675.20
15.50 58675.20
15.60 58675.20
15.70 58675.20
15.80 58675.20
15.90 58675.20
16.00 58675.20
16.10 47718.40
16.20 47718.40
16.30 47718.40
16.40 47718.40
16.50 47718.40
16.60 47718.40
16.70 47718.40
16.80 47718.40
16.90 47718.40
17.00 47718.40
17.10 70041.60
17.20 70041.60
17.30 70041.60
17.40 70041.60
17.50 70041.60
17.60 70041.60
17.70 70041.60
17.80 70041.60
17.90 70041.60
18.00 70041.60
18.10 75980.80
18.20 75980.80
18.30 75980.80
18.40 75980.80
18.50 75980.80
18.60 75980.80
18.70 75980.80
18.80 75980.80
18.90 75980.80
19.00 75980.80
19.10 74342.40
19.20 74342.40
19.30 74342.40
19.40 74342.40
19.50 74342.40
19.60 74342.40
19.70 74342.40
19.80 74342.40
19.90 74342.40
20.00 74342.40
20.10 68915.20
20.20 68915.20
20.30 68915.20
20.40 68915.20
20.50 68915.20
20.60 68915.20
20.70 68915.20
20.80 68915.20
20.90 68915.20
21.00 68915.20
21.10 71270.40
21.20 71270.40
21.30 71270.40
21.40 71270.40
21.50 71270.40
21.60 71270.40
21.70 71270.40
21.80 71270.40
21.90 71270.40
22.00 71270.40
22.10 50892.80
22.20 50892.80
22.30 50892.80
22.40 50892.80
22.50 50892.80
22.60 50892.80
22.70 50892.80
22.80 50892.80
22.90 50892.80
23.00 50892.80
23.10 52326.40
23.20 52326.40
23.30 52326.40
23.40 52326.40
23.50 52326.40
23.60 52326.40
23.70 52326.40
23.80 52326.40
23.90 52326.40
24.00 52326.40
24.10 69529.60
24.20 69529.60
24.30 69529.60
24.40 69529.60
24.50 69529.60
24.60 69529.60
24.70 69529.60
24.80 69529.60
24.90 69529.60
25.00 69529.60
25.10 68096.00
25.20 68096.00
25.30 68096.00
25.40 68096.00
25.50 68096.00
25.60 68096.00
25.70 68096.00
25.80 68096.00
25.90 68096.00
26.00 68096.00
26.10 61030.40
26.20 61030.40
26.30 61030.40
26.40 61030.40
26.50 61030.40
26.60 61030.40
26.70 61030.40
26.80 61030.40
26.90 61030.40
27.00 61030.40
27.10 64921.60
27.20 64921.60
27.30 64921.60
27.40 64921.60
27.50 64921.60
27.60 64921.60
27.70 64921.60
27.80 64921.60
27.90 64921.60
28.00 64921.60
28.10 23449.60
28.20 23449.60
28.30 23449.60
28.40 23449.60
28.50 23449.60
28.60 23449.60
28.70 23449.60
28.80 23449.60
28.90 23449.60
29.00 23449.60
29.10 95027.20
29.20 95027.20
29.30 95027.20
29.40 95027.20
29.50 95027.20
29.60 95027.20
29.70 95027.20
29.80 95027.20
29.90 95027.20
30.00 95027.20
30.10 62873.60
30.20 62873.60
30.30 62873.60
30.40 62873.60
30.50 62873.60
30.60 62873.60
30.70 62873.60
30.80 62873.60
30.90 62873.60
31.00 62873.60
31.10 74752.00
31.20 74752.00
31.30 74752.00
31.40 74752.00
31.50 74752.00
31.60 74752.00
31.70 74752.00
31.80 74752.00
31.90 74752.00
32.00 74752.00
32.10 66252.80
32.20 66252.80
32.30 66252.80
32.40 66252.80
32.50 66252.80
32.60 66252.80
32.70 66252.80
32.80 66252.80
32.90 66252.80
33.00 66252.80
33.10 0.00
33.20 0.00
33.30 0.00
33.40 0.00
33.50 0.00
33.60 0.00
33.70 0.00
33.80 0.00
33.90 0.00
34.00 0.00
34.10 120934.40
34.20 120934.40
34.30 120934.40
34.40 120934.40
34.50 120934.40
34.60 120934.40
34.70 120934.40
34.80 120934.40
34.90 120934.40
35.00 120934.40
35.10 56115.20
35.20 56115.20
35.30 56115.20
35.40 56115.20
35.50 56115.20
35.60 56115.20
35.70 56115.20
35.80 56115.20
35.90 56115.20
36.00 56115.20
36.10 64307.20
36.20 64307.20
36.30 64307.20
36.40 64307.20
36.50 64307.20
36.60 64307.20
36.70 64307.20
36.80 64307.20
36.90 64307.20
37.00 64307.20
37.10 58265.60
37.20 58265.60
37.30 58265.60
37.40 58265.60
37.50 58265.60
37.60 58265.60
37.70 58265.60
37.80 58265.60
37.90 58265.60
38.00 58265.60
38.10 59084.80
38.20 59084.80
38.30 59084.80
38.40 59084.80
38.50 59084.80
38.60 59084.80
38.70 59084.80
38.80 59084.80
38.90 59084.80
39.00 59084.80
39.10 62668.80
39.20 62668.80
39.30 62668.80
39.40 62668.80
39.50 62668.80
39.60 62668.80
39.70 62668.80
39.80 62668.80
39.90 62668.80
40.00 62668.80
40.10 59596.80
40.20 59596.80
40.30 59596.80
40.40 59596.80
40.50 59596.80
40.60 59596.80
40.70 59596.80
40.80 59596.80
40.90 59596.80
41.00 59596.80
41.10 60313.60
41.20 60313.60
41.30 60313.60
41.40 60313.60
41.50 60313.60
41.60 60313.60
41.70 60313.60
41.80 60313.60
41.90 60313.60
42.00 60313.60
42.10 58675.20
42.20 58675.20
42.30 58675.20
42.40 58675.20
42.50 58675.20
42.60 58675.20
42.70 58675.20
42.80 58675.20
42.90 58675.20
43.00 58675.20
43.10 65740.80
43.20 65740.80
43.30 65740.80
43.40 65740.80
43.50 65740.80
43.60 65740.80
43.70 65740.80
43.80 65740.80
43.90 65740.80
44.00 65740.80
44.10 71065.60
44.20 71065.60
44.30 71065.60
44.40 71065.60
44.50 71065.60
44.60 71065.60
44.70 71065.60
44.80 71065.60
44.90 71065.60
45.00 71065.60
45.10 44953.60
45.20 44953.60
45.30 44953.60
45.40 44953.60
45.50 44953.60
45.60 44953.60
45.70 44953.60
45.80 44953.60
45.90 44953.60
46.00 44953.60
46.10 95948.80
46.20 95948.80
46.30 95948.80
46.40 95948.80
46.50 95948.80
46.60 95948.80
46.70 95948.80
46.80 95948.80
46.90 95948.80
47.00 95948.80
47.10 69632.00
47.20 69632.00
47.30 69632.00
47.40 69632.00
47.50 69632.00
47.60 69632.00
47.70 69632.00
47.80 69632.00
47.90 69632.00
48.00 69632.00
48.10 62873.60
48.20 62873.60
48.30 62873.60
48.40 62873.60
48.50 62873.60
48.60 62873.60
48.70 62873.60
48.80 62873.60
48.90 62873.60
49.00 62873.60
49.10 33280.00
49.20 33280.00
49.30 33280.00
49.40 33280.00
49.50 33280.00
49.60 33280.00
49.70 33280.00
49.80 33280.00
49.90 33280.00
50.00 33280.00
50.10 104345.60
50.20 104345.60
50.30 104345.60
50.40 104345.60
50.50 104345.60
50.60 104345.60
50.70 104345.60
50.80 104345.60
50.90 104345.60
51.00 104345.60
51.10 73625.60
51.20 73625.60
51.30 73625.60
51.40 73625.60
51.50 73625.60
51.60 73625.60
51.70 73625.60
51.80 73625.60
51.90 73625.60
52.00 73625.60
52.10 71884.80
52.20 71884.80
52.30 71884.80
52.40 71884.80
52.50 71884.80
52.60 71884.80
52.70 71884.80
52.80 71884.80
52.90 71884.80
53.00 71884.80
53.10 59801.60
53.20 59801.60
53.30 59801.60
53.40 59801.60
53.50 59801.60
53.60 59801.60
53.70 59801.60
53.80 59801.60
53.90 59801.60
54.00 59801.60
54.10 73113.60
54.20 73113.60
54.30 73113.60
54.40 73113.60
54.50 73113.60
54.60 73113.60
54.70 73113.60
54.80 73113.60
54.90 73113.60
55.00 73113.60
55.10 77414.40
55.20 77414.40
55.30 77414.40
55.40 77414.40
55.50 77414.40
55.60 77414.40
55.70 77414.40
55.80 77414.40
55.90 77414.40
56.00 77414.40
56.10 66662.40
56.20 66662.40
56.30 66662.40
56.40 66662.40
56.50 66662.40
56.60 66662.40
56.70 66662.40
56.80 66662.40
56.90 66662.40
57.00 66662.40
57.10 65740.80
57.20 65740.80
57.30 65740.80
57.40 65740.80
57.50 65740.80
57.60 65740.80
57.70 65740.80
57.80 65740.80
57.90 65740.80
58.00 65740.80
58.10 66867.20
58.20 66867.20
58.30 66867.20
58.40 66867.20
58.50 66867.20
58.60 66867.20
58.70 66867.20
58.80 66867.20
58.90 66867.20
59.00 66867.20
59.10 73113.60
59.20 73113.60
59.30 73113.60
59.40 73113.60
59.50 73113.60
59.60 73113.60
59.70 73113.60
59.80 73113.60
59.90 73113.60
60.00 73113.60
