0.10 98918.40
0.20 98918.40
0.30 98918.40
0.40 98918.40
0.50 98918.40
0.60 98918.40
0.70 98918.40
0.80 98918.40
0.90 98918.40
1.00 98918.40
1.10 108236.80
1.20 108236.80
1.30 108236.80
1.40 108236.80
1.50 108236.80
1.60 108236.80
1.70 108236.80
1.80 108236.80
1.90 108236.80
2.00 108236.80
2.10 99328.00
2.20 99328.00
2.30 99328.00
2.40 99328.00
2.50 99328.00
2.60 99328.00
2.70 99328.00
2.80 99328.00
2.90 99328.00
3.00 99328.00
3.10 100864.00
3.20 100864.00
3.30 100864.00
3.40 100864.00
3.50 100864.00
3.60 100864.00
3.70 100864.00
3.80 100864.00
3.90 100864.00
4.00 100864.00
4.10 103321.60
4.20 103321.60
4.30 103321.60
4.40 103321.60
4.50 103321.60
4.60 103321.60
4.70 103321.60
4.80 103321.60
4.90 103321.60
5.00 103321.60
5.10 99430.40
5.20 99430.40
5.30 99430.40
5.40 99430.40
5.50 99430.40
5.60 99430.40
5.70 99430.40
5.80 99430.40
5.90 99430.40
6.00 99430.40
6.10 100454.40
6.20 100454.40
6.30 100454.40
6.40 100454.40
6.50 100454.40
6.60 100454.40
6.70 100454.40
6.80 100454.40
6.90 100454.40
7.00 100454.40
7.10 101580.80
7.20 101580.80
7.30 101580.80
7.40 101580.80
7.50 101580.80
7.60 101580.80
7.70 101580.80
7.80 101580.80
7.90 101580.80
8.00 101580.80
8.10 102092.80
8.20 102092.80
8.30 102092.80
8.40 102092.80
8.50 102092.80
8.60 102092.80
8.70 102092.80
8.80 102092.80
8.90 102092.80
9.00 102092.80
9.10 96870.40
9.20 96870.40
9.30 96870.40
9.40 96870.40
9.50 96870.40
9.60 96870.40
9.70 96870.40
9.80 96870.40
9.90 96870.40
10.00 96870.40
10.10 101580.80
10.20 101580.80
10.30 101580.80
10.40 101580.80
10.50 101580.80
10.60 101580.80
10.70 101580.80
10.80 101580.80
10.90 101580.80
11.00 101580.80
11.10 95129.60
11.20 95129.60
11.30 95129.60
11.40 95129.60
11.50 95129.60
11.60 95129.60
11.70 95129.60
11.80 95129.60
11.90 95129.60
12.00 95129.60
12.10 103219.20
12.20 103219.20
12.30 103219.20
12.40 103219.20
12.50 103219.20
12.60 103219.20
12.70 103219.20
12.80 103219.20
12.90 103219.20
13.00 103219.20
13.10 102400.00
13.20 102400.00
13.30 102400.00
13.40 102400.00
13.50 102400.00
13.60 102400.00
13.70 102400.00
13.80 102400.00
13.90 102400.00
14.00 102400.00
14.10 104652.80
14.20 104652.80
14.30 104652.80
14.40 104652.80
14.50 104652.80
14.60 104652.80
14.70 104652.80
14.80 104652.80
14.90 104652.80
15.00 104652.80
15.10 101376.00
15.20 101376.00
15.30 101376.00
15.40 101376.00
15.50 101376.00
15.60 101376.00
15.70 101376.00
15.80 101376.00
15.90 101376.00
16.00 101376.00
16.10 99328.00
16.20 99328.00
16.30 99328.00
16.40 99328.00
16.50 99328.00
16.60 99328.00
16.70 99328.00
16.80 99328.00
16.90 99328.00
17.00 99328.00
17.10 99430.40
17.20 99430.40
17.30 99430.40
17.40 99430.40
17.50 99430.40
17.60 99430.40
17.70 99430.40
17.80 99430.40
17.90 99430.40
18.00 99430.40
18.10 92364.80
18.20 92364.80
18.30 92364.80
18.40 92364.80
18.50 92364.80
18.60 92364.80
18.70 92364.80
18.80 92364.80
18.90 92364.80
19.00 92364.80
19.10 107212.80
19.20 107212.80
19.30 107212.80
19.40 107212.80
19.50 107212.80
19.60 107212.80
19.70 107212.80
19.80 107212.80
19.90 107212.80
20.00 107212.80
20.10 102400.00
20.20 102400.00
20.30 102400.00
20.40 102400.00
20.50 102400.00
20.60 102400.00
20.70 102400.00
20.80 102400.00
20.90 102400.00
21.00 102400.00
21.10 103526.40
21.20 103526.40
21.30 103526.40
21.40 103526.40
21.50 103526.40
21.60 103526.40
21.70 103526.40
21.80 103526.40
21.90 103526.40
22.00 103526.40
22.10 98406.40
22.20 98406.40
22.30 98406.40
22.40 98406.40
22.50 98406.40
22.60 98406.40
22.70 98406.40
22.80 98406.40
22.90 98406.40
23.00 98406.40
23.10 109158.40
23.20 109158.40
23.30 109158.40
23.40 109158.40
23.50 109158.40
23.60 109158.40
23.70 109158.40
23.80 109158.40
23.90 109158.40
24.00 109158.40
24.10 101785.60
24.20 101785.60
24.30 101785.60
24.40 101785.60
24.50 101785.60
24.60 101785.60
24.70 101785.60
24.80 101785.60
24.90 101785.60
25.00 101785.60
25.10 100761.60
25.20 100761.60
25.30 100761.60
25.40 100761.60
25.50 100761.60
25.60 100761.60
25.70 100761.60
25.80 100761.60
25.90 100761.60
26.00 100761.60
26.10 100044.80
26.20 100044.80
26.30 100044.80
26.40 100044.80
26.50 100044.80
26.60 100044.80
26.70 100044.80
26.80 100044.80
26.90 100044.80
27.00 100044.80
27.10 102912.00
27.20 102912.00
27.30 102912.00
27.40 102912.00
27.50 102912.00
27.60 102912.00
27.70 102912.00
27.80 102912.00
27.90 102912.00
28.00 102912.00
28.10 102809.60
28.20 102809.60
28.30 102809.60
28.40 102809.60
28.50 102809.60
28.60 102809.60
28.70 102809.60
28.80 102809.60
28.90 102809.60
29.00 102809.60
29.10 101580.80
29.20 101580.80
29.30 101580.80
29.40 101580.80
29.50 101580.80
29.60 101580.80
29.70 101580.80
29.80 101580.80
29.90 101580.80
30.00 101580.80
30.10 104038.40
30.20 104038.40
30.30 104038.40
30.40 104038.40
30.50 104038.40
30.60 104038.40
30.70 104038.40
30.80 104038.40
30.90 104038.40
31.00 104038.40
31.10 102809.60
31.20 102809.60
31.30 102809.60
31.40 102809.60
31.50 102809.60
31.60 102809.60
31.70 102809.60
31.80 102809.60
31.90 102809.60
32.00 102809.60
32.10 103628.80
32.20 103628.80
32.30 103628.80
32.40 103628.80
32.50 103628.80
32.60 103628.80
32.70 103628.80
32.80 103628.80
32.90 103628.80
33.00 103628.80
33.10 103526.40
33.20 103526.40
33.30 103526.40
33.40 103526.40
33.50 103526.40
33.60 103526.40
33.70 103526.40
33.80 103526.40
33.90 103526.40
34.00 103526.40
34.10 99225.60
34.20 99225.60
34.30 99225.60
34.40 99225.60
34.50 99225.60
34.60 99225.60
34.70 99225.60
34.80 99225.60
34.90 99225.60
35.00 99225.60
35.10 103731.20
35.20 103731.20
35.30 103731.20
35.40 103731.20
35.50 103731.20
35.60 103731.20
35.70 103731.20
35.80 103731.20
35.90 103731.20
36.00 103731.20
36.10 45056.00
36.20 45056.00
36.30 45056.00
36.40 45056.00
36.50 45056.00
36.60 45056.00
36.70 45056.00
36.80 45056.00
36.90 45056.00
37.00 45056.00
37.10 165785.60
37.20 165785.60
37.30 165785.60
37.40 165785.60
37.50 165785.60
37.60 165785.60
37.70 165785.60
37.80 165785.60
37.90 165785.60
38.00 165785.60
38.10 104140.80
38.20 104140.80
38.30 104140.80
38.40 104140.80
38.50 104140.80
38.60 104140.80
38.70 104140.80
38.80 104140.80
38.90 104140.80
39.00 104140.80
39.10 101785.60
39.20 101785.60
39.30 101785.60
39.40 101785.60
39.50 101785.60
39.60 101785.60
39.70 101785.60
39.80 101785.60
39.90 101785.60
40.00 101785.60
40.10 94617.60
40.20 94617.60
40.30 94617.60
40.40 94617.60
40.50 94617.60
40.60 94617.60
40.70 94617.60
40.80 94617.60
40.90 94617.60
41.00 94617.60
41.10 100864.00
41.20 100864.00
41.30 100864.00
41.40 100864.00
41.50 100864.00
41.60 100864.00
41.70 100864.00
41.80 100864.00
41.90 100864.00
42.00 100864.00
42.10 99635.20
42.20 99635.20
42.30 99635.20
42.40 99635.20
42.50 99635.20
42.60 99635.20
42.70 99635.20
42.80 99635.20
42.90 99635.20
43.00 99635.20
43.10 107622.40
43.20 107622.40
43.30 107622.40
43.40 107622.40
43.50 107622.40
43.60 107622.40
43.70 107622.40
43.80 107622.40
43.90 107622.40
44.00 107622.40
44.10 99328.00
44.20 99328.00
44.30 99328.00
44.40 99328.00
44.50 99328.00
44.60 99328.00
44.70 99328.00
44.80 99328.00
44.90 99328.00
45.00 99328.00
45.10 105984.00
45.20 105984.00
45.30 105984.00
45.40 105984.00
45.50 105984.00
45.60 105984.00
45.70 105984.00
45.80 105984.00
45.90 105984.00
46.00 105984.00
46.10 106291.20
46.20 106291.20
46.30 106291.20
46.40 106291.20
46.50 106291.20
46.60 106291.20
46.70 106291.20
46.80 106291.20
46.90 106291.20
47.00 106291.20
47.10 104140.80
47.20 104140.80
47.30 104140.80
47.40 104140.80
47.50 104140.80
47.60 104140.80
47.70 104140.80
47.80 104140.80
47.90 104140.80
48.00 104140.80
48.10 99840.00
48.20 99840.00
48.30 99840.00
48.40 99840.00
48.50 99840.00
48.60 99840.00
48.70 99840.00
48.80 99840.00
48.90 99840.00
49.00 99840.00
49.10 101785.60
49.20 101785.60
49.30 101785.60
49.40 101785.60
49.50 101785.60
49.60 101785.60
49.70 101785.60
49.80 101785.60
49.90 101785.60
50.00 101785.60
50.10 102707.20
50.20 102707.20
50.30 102707.20
50.40 102707.20
50.50 102707.20
50.60 102707.20
50.70 102707.20
50.80 102707.20
50.90 102707.20
51.00 102707.20
51.10 102707.20
51.20 102707.20
51.30 102707.20
51.40 102707.20
51.50 102707.20
51.60 102707.20
51.70 102707.20
51.80 102707.20
51.90 102707.20
52.00 102707.20
52.10 104755.20
52.20 104755.20
52.30 104755.20
52.40 104755.20
52.50 104755.20
52.60 104755.20
52.70 104755.20
52.80 104755.20
52.90 104755.20
53.00 104755.20
53.10 105164.80
53.20 105164.80
53.30 105164.80
53.40 105164.80
53.50 105164.80
53.60 105164.80
53.70 105164.80
53.80 105164.80
53.90 105164.80
54.00 105164.80
54.10 102707.20
54.20 102707.20
54.30 102707.20
54.40 102707.20
54.50 102707.20
54.60 102707.20
54.70 102707.20
54.80 102707.20
54.90 102707.20
55.00 102707.20
55.10 100454.40
55.20 100454.40
55.30 100454.40
55.40 100454.40
55.50 100454.40
55.60 100454.40
55.70 100454.40
55.80 100454.40
55.90 100454.40
56.00 100454.40
56.10 106086.40
56.20 106086.40
56.30 106086.40
56.40 106086.40
56.50 106086.40
56.60 106086.40
56.70 106086.40
56.80 106086.40
56.90 106086.40
57.00 106086.40
57.10 104755.20
57.20 104755.20
57.30 104755.20
57.40 104755.20
57.50 104755.20
57.60 104755.20
57.70 104755.20
57.80 104755.20
57.90 104755.20
58.00 104755.20
58.10 104140.80
58.20 104140.80
58.30 104140.80
58.40 104140.80
58.50 104140.80
58.60 104140.80
58.70 104140.80
58.80 104140.80
58.90 104140.80
59.00 104140.80
59.10 107622.40
59.20 107622.40
59.30 107622.40
59.40 107622.40
59.50 107622.40
59.60 107622.40
59.70 107622.40
59.80 107622.40
59.90 107622.40
60.00 107622.40
0.10 98918.40
0.20 98918.40
0.30 98918.40
0.40 98918.40
0.50 98918.40
0.60 98918.40
0.70 98918.40
0.80 98918.40
0.90 98918.40
1.00 98918.40
1.10 108236.80
1.20 108236.80
1.30 108236.80
1.40 108236.80
1.50 108236.80
1.60 108236.80
1.70 108236.80
1.80 108236.80
1.90 108236.80
2.00 108236.80
2.10 99328.00
2.20 99328.00
2.30 99328.00
2.40 99328.00
2.50 99328.00
2.60 99328.00
2.70 99328.00
2.80 99328.00
2.90 99328.00
3.00 99328.00
3.10 100864.00
3.20 100864.00
3.30 100864.00
3.40 100864.00
3.50 100864.00
3.60 100864.00
3.70 100864.00
3.80 100864.00
3.90 100864.00
4.00 100864.00
4.10 103321.60
4.20 103321.60
4.30 103321.60
4.40 103321.60
4.50 103321.60
4.60 103321.60
4.70 103321.60
4.80 103321.60
4.90 103321.60
5.00 103321.60
5.10 99430.40
5.20 99430.40
5.30 99430.40
5.40 99430.40
5.50 99430.40
5.60 99430.40
5.70 99430.40
5.80 99430.40
5.90 99430.40
6.00 99430.40
6.10 100454.40
6.20 100454.40
6.30 100454.40
6.40 100454.40
6.50 100454.40
6.60 100454.40
6.70 100454.40
6.80 100454.40
6.90 100454.40
7.00 100454.40
7.10 101580.80
7.20 101580.80
7.30 101580.80
7.40 101580.80
7.50 101580.80
7.60 101580.80
7.70 101580.80
7.80 101580.80
7.90 101580.80
8.00 101580.80
8.10 102092.80
8.20 102092.80
8.30 102092.80
8.40 102092.80
8.50 102092.80
8.60 102092.80
8.70 102092.80
8.80 102092.80
8.90 102092.80
9.00 102092.80
9.10 96870.40
9.20 96870.40
9.30 96870.40
9.40 96870.40
9.50 96870.40
9.60 96870.40
9.70 96870.40
9.80 96870.40
9.90 96870.40
10.00 96870.40
10.10 101580.80
10.20 101580.80
10.30 101580.80
10.40 101580.80
10.50 101580.80
10.60 101580.80
10.70 101580.80
10.80 101580.80
10.90 101580.80
11.00 101580.80
11.10 95129.60
11.20 95129.60
11.30 95129.60
11.40 95129.60
11.50 95129.60
11.60 95129.60
11.70 95129.60
11.80 95129.60
11.90 95129.60
12.00 95129.60
12.10 103219.20
12.20 103219.20
12.30 103219.20
12.40 103219.20
12.50 103219.20
12.60 103219.20
12.70 103219.20
12.80 103219.20
12.90 103219.20
13.00 103219.20
13.10 102400.00
13.20 102400.00
13.30 102400.00
13.40 102400.00
13.50 102400.00
13.60 102400.00
13.70 102400.00
13.80 102400.00
13.90 102400.00
14.00 102400.00
14.10 104652.80
14.20 104652.80
14.30 104652.80
14.40 104652.80
14.50 104652.80
14.60 104652.80
14.70 104652.80
14.80 104652.80
14.90 104652.80
15.00 104652.80
15.10 101376.00
15.20 101376.00
15.30 101376.00
15.40 101376.00
15.50 101376.00
15.60 101376.00
15.70 101376.00
15.80 101376.00
15.90 101376.00
16.00 101376.00
16.10 99328.00
16.20 99328.00
16.30 99328.00
16.40 99328.00
16.50 99328.00
16.60 99328.00
16.70 99328.00
16.80 99328.00
16.90 99328.00
17.00 99328.00
17.10 99430.40
17.20 99430.40
17.30 99430.40
17.40 99430.40
17.50 99430.40
17.60 99430.40
17.70 99430.40
17.80 99430.40
17.90 99430.40
18.00 99430.40
18.10 92364.80
18.20 92364.80
18.30 92364.80
18.40 92364.80
18.50 92364.80
18.60 92364.80
18.70 92364.80
18.80 92364.80
18.90 92364.80
19.00 92364.80
19.10 107212.80
19.20 107212.80
19.30 107212.80
19.40 107212.80
19.50 107212.80
19.60 107212.80
19.70 107212.80
19.80 107212.80
19.90 107212.80
20.00 107212.80
20.10 102400.00
20.20 102400.00
20.30 102400.00
20.40 102400.00
20.50 102400.00
20.60 102400.00
20.70 102400.00
20.80 102400.00
20.90 102400.00
21.00 102400.00
21.10 103526.40
21.20 103526.40
21.30 103526.40
21.40 103526.40
21.50 103526.40
21.60 103526.40
21.70 103526.40
21.80 103526.40
21.90 103526.40
22.00 103526.40
22.10 98406.40
22.20 98406.40
22.30 98406.40
22.40 98406.40
22.50 98406.40
22.60 98406.40
22.70 98406.40
22.80 98406.40
22.90 98406.40
23.00 98406.40
23.10 109158.40
23.20 109158.40
23.30 109158.40
23.40 109158.40
23.50 109158.40
23.60 109158.40
23.70 109158.40
23.80 109158.40
23.90 109158.40
24.00 109158.40
24.10 101785.60
24.20 101785.60
24.30 101785.60
24.40 101785.60
24.50 101785.60
24.60 101785.60
24.70 101785.60
24.80 101785.60
24.90 101785.60
25.00 101785.60
25.10 100761.60
25.20 100761.60
25.30 100761.60
25.40 100761.60
25.50 100761.60
25.60 100761.60
25.70 100761.60
25.80 100761.60
25.90 100761.60
26.00 100761.60
26.10 100044.80
26.20 100044.80
26.30 100044.80
26.40 100044.80
26.50 100044.80
26.60 100044.80
26.70 100044.80
26.80 100044.80
26.90 100044.80
27.00 100044.80
27.10 102912.00
27.20 102912.00
27.30 102912.00
27.40 102912.00
27.50 102912.00
27.60 102912.00
27.70 102912.00
27.80 102912.00
27.90 102912.00
28.00 102912.00
28.10 102809.60
28.20 102809.60
28.30 102809.60
28.40 102809.60
28.50 102809.60
28.60 102809.60
28.70 102809.60
28.80 102809.60
28.90 102809.60
29.00 102809.60
29.10 101580.80
29.20 101580.80
29.30 101580.80
29.40 101580.80
29.50 101580.80
29.60 101580.80
29.70 101580.80
29.80 101580.80
29.90 101580.80
30.00 101580.80
30.10 104038.40
30.20 104038.40
30.30 104038.40
30.40 104038.40
30.50 104038.40
30.60 104038.40
30.70 104038.40
30.80 104038.40
30.90 104038.40
31.00 104038.40
31.10 102809.60
31.20 102809.60
31.30 102809.60
31.40 102809.60
31.50 102809.60
31.60 102809.60
31.70 102809.60
31.80 102809.60
31.90 102809.60
32.00 102809.60
32.10 103628.80
32.20 103628.80
32.30 103628.80
32.40 103628.80
32.50 103628.80
32.60 103628.80
32.70 103628.80
32.80 103628.80
32.90 103628.80
33.00 103628.80
33.10 103526.40
33.20 103526.40
33.30 103526.40
33.40 103526.40
33.50 103526.40
33.60 103526.40
33.70 103526.40
33.80 103526.40
33.90 103526.40
34.00 103526.40
34.10 99225.60
34.20 99225.60
34.30 99225.60
34.40 99225.60
34.50 99225.60
34.60 99225.60
34.70 99225.60
34.80 99225.60
34.90 99225.60
35.00 99225.60
35.10 103731.20
35.20 103731.20
35.30 103731.20
35.40 103731.20
35.50 103731.20
35.60 103731.20
35.70 103731.20
35.80 103731.20
35.90 103731.20
36.00 103731.20
36.10 45056.00
36.20 45056.00
36.30 45056.00
36.40 45056.00
36.50 45056.00
36.60 45056.00
36.70 45056.00
36.80 45056.00
36.90 45056.00
37.00 45056.00
37.10 165785.60
37.20 165785.60
37.30 165785.60
37.40 165785.60
37.50 165785.60
37.60 165785.60
37.70 165785.60
37.80 165785.60
37.90 165785.60
38.00 165785.60
38.10 104140.80
38.20 104140.80
38.30 104140.80
38.40 104140.80
38.50 104140.80
38.60 104140.80
38.70 104140.80
38.80 104140.80
38.90 104140.80
39.00 104140.80
39.10 101785.60
39.20 101785.60
39.30 101785.60
39.40 101785.60
39.50 101785.60
39.60 101785.60
39.70 101785.60
39.80 101785.60
39.90 101785.60
40.00 101785.60
40.10 94617.60
40.20 94617.60
40.30 94617.60
40.40 94617.60
40.50 94617.60
40.60 94617.60
40.70 94617.60
40.80 94617.60
40.90 94617.60
41.00 94617.60
41.10 100864.00
41.20 100864.00
41.30 100864.00
41.40 100864.00
41.50 100864.00
41.60 100864.00
41.70 100864.00
41.80 100864.00
41.90 100864.00
42.00 100864.00
42.10 99635.20
42.20 99635.20
42.30 99635.20
42.40 99635.20
42.50 99635.20
42.60 99635.20
42.70 99635.20
42.80 99635.20
42.90 99635.20
43.00 99635.20
43.10 107622.40
43.20 107622.40
43.30 107622.40
43.40 107622.40
43.50 107622.40
43.60 107622.40
43.70 107622.40
43.80 107622.40
43.90 107622.40
44.00 107622.40
44.10 99328.00
44.20 99328.00
44.30 99328.00
44.40 99328.00
44.50 99328.00
44.60 99328.00
44.70 99328.00
44.80 99328.00
44.90 99328.00
45.00 99328.00
45.10 105984.00
45.20 105984.00
45.30 105984.00
45.40 105984.00
45.50 105984.00
45.60 105984.00
45.70 105984.00
45.80 105984.00
45.90 105984.00
46.00 105984.00
46.10 106291.20
46.20 106291.20
46.30 106291.20
46.40 106291.20
46.50 106291.20
46.60 106291.20
46.70 106291.20
46.80 106291.20
46.90 106291.20
47.00 106291.20
47.10 104140.80
47.20 104140.80
47.30 104140.80
47.40 104140.80
47.50 104140.80
47.60 104140.80
47.70 104140.80
47.80 104140.80
47.90 104140.80
48.00 104140.80
48.10 99840.00
48.20 99840.00
48.30 99840.00
48.40 99840.00
48.50 99840.00
48.60 99840.00
48.70 99840.00
48.80 99840.00
48.90 99840.00
49.00 99840.00
49.10 101785.60
49.20 101785.60
49.30 101785.60
49.40 101785.60
49.50 101785.60
49.60 101785.60
49.70 101785.60
49.80 101785.60
49.90 101785.60
50.00 101785.60
50.10 102707.20
50.20 102707.20
50.30 102707.20
50.40 102707.20
50.50 102707.20
50.60 102707.20
50.70 102707.20
50.80 102707.20
50.90 102707.20
51.00 102707.20
51.10 102707.20
51.20 102707.20
51.30 102707.20
51.40 102707.20
51.50 102707.20
51.60 102707.20
51.70 102707.20
51.80 102707.20
51.90 102707.20
52.00 102707.20
52.10 104755.20
52.20 104755.20
52.30 104755.20
52.40 104755.20
52.50 104755.20
52.60 104755.20
52.70 104755.20
52.80 104755.20
52.90 104755.20
53.00 104755.20
53.10 105164.80
53.20 105164.80
53.30 105164.80
53.40 105164.80
53.50 105164.80
53.60 105164.80
53.70 105164.80
53.80 105164.80
53.90 105164.80
54.00 105164.80
54.10 102707.20
54.20 102707.20
54.30 102707.20
54.40 102707.20
54.50 102707.20
54.60 102707.20
54.70 102707.20
54.80 102707.20
54.90 102707.20
55.00 102707.20
55.10 100454.40
55.20 100454.40
55.30 100454.40
55.40 100454.40
55.50 100454.40
55.60 100454.40
55.70 100454.40
55.80 100454.40
55.90 100454.40
56.00 100454.40
56.10 106086.40
56.20 106086.40
56.30 106086.40
56.40 106086.40
56.50 106086.40
56.60 106086.40
56.70 106086.40
56.80 106086.40
56.90 106086.40
57.00 106086.40
57.10 104755.20
57.20 104755.20
57.30 104755.20
57.40 104755.20
57.50 104755.20
57.60 104755.20
57.70 104755.20
57.80 104755.20
57.90 104755.20
58.00 104755.20
58.10 104140.80
58.20 104140.80
58.30 104140.80
58.40 104140.80
58.50 104140.80
58.60 104140.80
58.70 104140.80
58.80 104140.80
58.90 104140.80
59.00 104140.80
59.10 107622.40
59.20 107622.40
59.30 107622.40
59.40 107622.40
59.50 107622.40
59.60 107622.40
59.70 107622.40
59.80 107622.40
59.90 107622.40
60.00 107622.40
