3
7
10
14
17
21
24
28
32
35
39
42
46
49
53
57
60
64
67
71
75
78
82
85
89
92
96
99
103
107
110
114
117
121
125
128
132
135
139
142
146
150
152
154
157
159
161
164
166
169
171
173
176
178
180
183
185
188
190
192
195
197
200
202
204
207
209
211
214
216
219
221
223
226
228
230
233
235
238
240
242
245
247
250
252
254
257
259
261
264
266
269
271
273
276
278
280
283
285
288
290
292
295
297
300
302
304
307
309
311
314
316
319
321
323
326
328
330
333
335
338
340
342
345
347
350
352
355
357
360
362
365
367
370
372
375
377
380
382
385
387
390
392
395
397
400
402
405
407
410
412
415
417
420
422
425
427
430
432
435
437
440
442
445
447
450
452
455
457
460
462
465
467
470
473
475
478
480
483
485
488
491
493
496
498
501
503
506
508
511
514
516
519
521
524
526
529
532
534
537
539
542
544
547
550
552
555
557
560
562
565
567
570
572
575
577
580
582
585
587
590
592
595
597
600
602
605
607
610
612
615
617
620
622
625
627
630
632
635
637
640
642
645
647
650
652
655
657
660
662
665
667
670
672
675
677
680
682
685
687
690
692
695
697
700
702
705
707
710
712
715
717
720
722
725
727
730
732
735
737
740
742
745
747
750
752
755
757
760
762
765
767
770
773
775
778
780
783
785
788
791
793
796
798
801
803
806
808
811
814
816
819
821
824
826
829
832
834
837
839
842
844
847
850
852
855
857
860
862
865
867
870
872
875
877
880
882
885
887
890
892
895
897
899
902
905
907
909
912
914
917
919
922
924
927
929
932
934
937
940
942
945
947
950
952
955
957
960
962
965
967
970
972
975
977
980
982
985
987
990
992
995
997
1000
1002
1004
1007
1010
1012
1015
1017
1020
1022
1025
1027
1030
1032
1035
1037
1040
1042
1045
1047
1050
1052
1055
1058
1061
1063
1066
1069
1072
1074
1077
1080
1083
1085
1088
1091
1094
1096
1099
1102
1105
1107
1110
1113
1115
1118
1121
1124
1127
1129
1132
1135
1138
1140
1143
1146
1149
1151
1154
1157
1160
1162
1165
1167
1170
1172
1175
1177
1180
1183
1185
1188
1190
1193
1195
1198
1201
1203
1206
1208
1211
1213
1216
1218
1221
1224
1226
1229
1231
1234
1236
1239
1242
1244
1247
1249
1252
1254
1257
1260
1262
1265
1267
1270
1272
1275
1277
1280
1282
1285
1287
1290
1292
1295
1297
1300
1302
1305
1307
1310
1312
1315
1317
1320
1322
1325
1327
1330
1332
1335
1337
1340
1342
1345
1347
1350
1352
1355
1357
1360
1362
1364
1366
1369
1371
1373
1376
1378
1380
1383
1385
1387
1390
1392
1394
1397
1399
1401
1404
1406
1408
1411
1413
1415
1418
1420
1422
1425
1427
1429
1432
1434
1436
1439
1441
1443
1446
1448
1450
1453
1455
1457
1460
1462
1464
1466
1469
1471
1473
1476
1478
1480
1483
1485
1487
1490
1492
1494
1497
1499
1501
1504
1506
1508
1511
1513
1515
1518
1520
1522
1525
1527
1529
1532
1534
1536
1539
1541
1543
1546
1548
1550
1553
1555
1557
1560
1562
1564
1566
1569
1571
1573
1576
1578
1580
1583
1585
1587
1590
1592
1594
1597
1599
1601
1604
1606
1608
1611
1613
1615
1618
1620
1622
1625
1627
1629
1632
1634
1636
1639
1641
1643
1646
1648
1650
1653
1655
1657
1660
1662
1664
1666
1669
1671
1673
1676
1678
1680
1683
1685
1687
1690
1692
1694
1697
1699
1701
1704
1706
1708
1711
1713
1715
1718
1720
1722
1725
1727
1729
1732
1734
1736
1739
1741
1743
1746
1748
1750
1753
1755
1757
1760
1762
1765
1767
1770
1772
1775
1777
1780
1782
1785
1787
1790
1792
1795
1797
1800
1802
1805
1807
1810
1812
1815
1817
1820
1822
1825
1827
1830
1832
1835
1837
1840
1842
1845
1847
1850
1852
1855
1857
1860
1862
1865
1867
1870
1872
1874
1876
1879
1881
1883
1886
1888
1890
1893
1895
1897
1900
1902
1904
1907
1909
1911
1914
1916
1918
1921
1923
1925
1928
1930
1932
1935
1937
1939
1942
1944
1946
1949
1951
1953
1956
1958
1960
1963
1965
1967
1970
1972
1974
1976
1979
1981
1983
1986
1988
1990
1993
1995
1997
2000
2002
2004
2007
2009
2011
2014
2016
2018
2021
2023
2025
2028
2030
2032
2035
2037
2039
2042
2044
2046
2049
2051
2053
2056
2058
2060
2063
2065
2067
2070
2072
2074
2076
2079
2081
2083
2086
2088
2090
2093
2095
2097
2100
2102
2104
2107
2109
2111
2114
2116
2118
2121
2123
2125
2128
2130
2132
2135
2137
2139
2142
2144
2146
2149
2151
2153
2156
2158
2160
2163
2165
2167
2170
2172
2174
2176
2179
2181
2183
2186
2188
2190
2193
2195
2197
2200
2202
2204
2207
2209
2211
2214
2216
2218
2221
2223
2225
2228
2230
2232
2235
2237
2239
2242
2244
2246
2249
2251
2253
2256
2258
2260
2263
2265
2267
2270
2272
2275
2277
2280
2282
2285
2287
2290
2293
2295
2298
2300
2303
2305
2308
2310
2313
2316
2318
2321
2323
2326
2328
2331
2333
2336
2339
2341
2344
2346
2349
2351
2354
2356
2359
2362
2364
2367
2369
2372
2374
2377
2380
2382
2385
2388
2390
2393
2396
2398
2401
2404
2407
2409
2412
2415
2417
2420
2423
2425
2428
2431
2434
2436
2439
2442
2444
2447
2450
2452
2455
2458
2461
2463
2466
2469
2471
2474
2477
2480
2482
2485
2488
2491
2493
2496
2499
2502
2505
2507
2510
2513
2516
2518
2521
2524
2527
2530
2532
2535
2538
2541
2543
2546
2549
2552
2555
2557
2560
2563
2566
2568
2571
2574
2577
2580
2582
2585
2588
2591
2593
2596
2599
2602
2605
2607
2610
2613
2616
2618
2621
2624
2627
2630
2632
2635
2638
2641
2643
2646
2649
2652
2655
2657
2660
2663
2666
2668
2671
2674
2677
2680
2682
2685
2688
2690
2693
2696
2698
2701
2704
2707
2709
2712
2715
2717
2720
2723
2725
2728
2731
2734
2736
2739
2742
2744
2747
2750
2752
2755
2758
2761
2763
2766
2769
2771
2774
2777
2780
2782
2785
2788
2791
2793
2796
2799
2802
2804
2807
2810
2813
2816
2818
2821
2824
2827
2830
2832
2835
2838
2841
2843
2846
2849
2852
2855
2857
2860
2863
2866
2868
2871
2874
2877
2880
2882
2885
2888
2891
2893
2896
2899
2902
2905
2907
2910
2913
2916
2918
2921
2924
2927
2929
2932
2935
2938
2941
2943
2946
2949
2952
2955
2957
2960
2963
2966
2968
2971
2974
2977
2980
2982
2985
2988
2990
2993
2996
2998
3001
3004
3007
3009
3012
3015
3017
3020
3023
3025
3028
3031
3034
3036
3039
3042
3044
3047
3050
3052
3055
3058
3061
3063
3066
3069
3071
3074
3077
3080
3082
3085
3088
3091
3093
3096
3099
3102
3105
3107
3110
3113
3116
3118
3121
3124
3127
3130
3132
3135
3138
3141
3143
3146
3149
3152
3155
3157
3160
3163
3166
3168
3171
3174
3177
3180
3182
3185
3188
3191
3193
3196
3199
3202
3205
3207
3210
3213
3216
3218
3221
3224
3227
3230
3232
3235
3238
3241
3243
3246
3249
3252
3255
3257
3260
3263
3266
3268
3271
3274
3277
3280
3282
3285
3288
3290
3293
3296
3298
3301
3304
3307
3309
3312
3315
3317
3320
3323
3325
3328
3331
3334
3336
3339
3342
3344
3347
3350
3352
3355
3358
3361
3363
3366
3369
3371
3374
3377
3380
3383
3386
3390
3393
3397
3400
3404
3407
3411
3414
3417
3421
3424
3428
3431
3435
3438
3442
3445
3448
3452
3455
3459
3462
3466
3469
3473
3476
3480
3483
3486
3490
3493
3496
3500
3503
3506
3510
3513
3516
3520
3523
3526
3530
3533
3536
3540
3543
3546
3550
3553
3556
3560
3563
3566
3570
3573
3576
3580
3583
3586
3590
3593
3596
3600
3603
3606
3610
3613
3616
3620
3623
3626
3630
3633
3636
3640
3643
3646
3650
3653
3656
3660
3663
3666
3670
3673
3676
3680
3683
3686
3690
3693
3696
3700
3703
3706
3710
3713
3716
3720
3723
3726
3730
3733
3736
3739
3743
3746
3750
3753
3756
3760
3763
3766
3770
3773
3776
3780
3783
3786
3790
3793
3797
3800
3804
3807
3811
3814
3817
3821
3824
3828
3831
3835
3838
3842
3845
3848
3852
3855
3859
3862
3866
3869
3873
3876
3880
3883
3886
3889
3893
3896
3900
3903
3906
3910
3913
3916
3920
3923
3926
3929
3933
3936
3940
3943
3946
3950
3953
3956
3960
3963
3966
3969
3973
3976
3980
3983
3986
3990
3993
3996
4000
4003
4006
4010
4013
4016
4019
4023
4026
4030
4033
4036
4040
4043
4046
4050
4053
4056
4060
4063
4066
4070
4073
4076
4080
4083
4086
4090
4093
4096
4100
4103
4106
4110
4113
4116
4120
4123
4126
4130
4133
4136
4140
4143
4146
4149
4153
4156
4160
4163
4166
4170
4173
4176
4180
4183
4186
4190
4193
4197
4200
4204
4207
4211
4214
4217
4221
4224
4228
4231
4235
4238
4242
4245
4248
4252
4255
4259
4262
4266
4269
4273
4276
4280
4283
4286
4290
4293
4296
4300
4303
4306
4310
4313
4316
4320
4323
4326
4330
4333
4336
4340
4343
4346
4350
4353
4356
4360
4363
4366
4370
4373
4376
4380
4383
4386
4389
4392
4395
4398
4401
4405
4408
4411
4414
4417
4420
4423
4426
4430
4433
4436
4439
4442
4445
4448
4451
4455
4458
4461
4464
4467
4470
4473
4476
4480
4483
4486
4489
4492
4496
4499
4502
4505
4509
4512
4515
4518
4521
4525
4528
4531
4534
4538
4541
4544
4547
4550
4554
4557
4560
4563
4567
4570
4573
4576
4580
4583
4586
4589
4592
4595
4598
4601
4605
4608
4611
4614
4617
4620
4623
4626
4630
4633
4636
4639
4642
4645
4648
4651
4654
4658
4661
4664
4667
4670
4673
4676
4680
4683
4687
4690
4694
4697
4701
4704
4708
4711
4715
4719
4722
4726
4729
4733
4736
4740
4743
4747
4750
4754
4758
4761
4765
4768
4772
4775
4779
4782
4786
4790
4793
4796
4799
4802
4805
4808
4811
4814
4818
4821
4824
4827
4830
4833
4836
4840
4843
4846
4849
4852
4855
4858
4861
4865
4868
4871
4874
4877
4880
4883
4886
4890
4893
4896
4899
4902
4906
4909
4912
4915
4919
4922
4925
4928
4931
4935
4938
4941
4944
4948
4951
4954
4957
4960
4964
4967
4970
4973
4977
4980
4983
4986
4990
4993
4996
4999
5002
5005
5008
5011
5015
5018
5021
5024
5027
5030
5033
5036
5040
5043
5046
5049
5052
5055
5058
5061
5064
5068
5071
5074
5077
5080
5083
5086
5090
5093
5096
5099
5102
5105
5108
5111
5115
5118
5121
5124
5127
5130
5133
5136
5140
5143
5146
5149
5152
5155
5158
5161
5165
5168
5171
5174
5177
5180
5183
5186
5190
5193
5197
5200
5204
5207
5211
5214
5218
5221
5225
5229
5232
5236
5239
5243
5246
5250
5253
5257
5260
5264
5268
5271
5275
5278
5282
5285
5289
5292
5296
5300
5303
5306
5309
5312
5315
5318
5321
5325
5328
5331
5334
5337
5340
5343
5346
5350
5353
5356
5359
5362
5365
5368
5371
5375
5378
5381
5384
5387
5390
5393
5396
5400
5403
5407
5410
5414
5417
5421
5425
5428
5432
5435
5439
5442
5446
5450
5453
5457
5460
5464
5467
5471
5475
5478
5482
5485
5489
5492
5496
5500
5503
5507
5510
5514
5517
5521
5525
5528
5532
5535
5539
5542
5546
5550
5553
5557
5560
5564
5567
5571
5574
5578
5582
5585
5589
5592
5596
5600
5603
5607
5610
5614
5617
5621
5625
5628
5632
5635
5639
5642
5646
5650
5653
5657
5660
5664
5667
5671
5675
5678
5682
5685
5689
5692
5696
5700
5703
5707
5710
5714
5717
5721
5725
5728
5732
5735
5739
5742
5746
5750
5753
5757
5760
5764
5767
5771
5775
5778
5782
5785
5789
5792
5796
5800
5803
5807
5810
5814
5817
5821
5825
5828
5832
5835
5839
5842
5846
5850
5853
5857
5860
5864
5867
5871
5875
5878
5882
5885
5889
5892
5896
5900
5903
5907
5910
5914
5917
5921
5925
5928
5932
5935
5939
5942
5946
5950
5953
5957
5960
5964
5967
5971
5975
5978
5982
5985
5989
5992
5996
6000
6003
6007
6010
6014
6017
6021
6025
6028
6032
6035
6039
6042
6046
6050
6053
6057
6060
6064
6067
6071
6074
6078
6082
6085
6089
6092
6096
6100
6103
6107
6111
6115
6119
6123
6127
6131
6135
6139
6143
6147
6151
6154
6158
6162
6166
6170
6174
6178
6182
6186
6190
6194
6198
6202
6206
6210
6213
6217
6220
6224
6227
6231
6234
6238
6242
6245
6249
6252
6256
6260
6263
6267
6270
6274
6277
6281
6285
6288
6292
6295
6299
6302
6306
6310
6313
6317
6320
6324
6327
6331
6335
6338
6342
6345
6349
6352
6356
6359
6363
6367
6370
6374
6377
6381
6385
6388
6392
6395
6399
6402
6406
6410
6413
6416
6420
6423
6427
6430
6434
6437
6441
6444
6447
6451
6454
6458
6461
6465
6468
6472
6475
6478
6482
6485
6489
6492
6496
6499
6503
6506
6510
6513
6516
6520
6523
6527
6530
6534
6537
6541
6544
6547
6551
6554
6558
6561
6565
6568
6572
6575
6578
6582
6585
6589
6592
6596
6599
6603
6606
6610
6613
6616
6620
6623
6626
6630
6633
6636
6640
6643
6646
6650
6653
6656
6660
6663
6666
6670
6673
6676
6680
6683
6686
6690
6693
6696
6700
6703
6706
6710
6713
6716
6720
6723
6727
6730
6734
6737
6741
6744
6747
6751
6754
6758
6761
6765
6768
6772
6775
6778
6782
6785
6789
6792
6796
6799
6803
6806
6810
6813
6816
6820
6823
6827
6830
6834
6837
6841
6844
6847
6851
6854
6858
6861
6865
6868
6872
6875
6878
6882
6885
6889
6892
6896
6899
6903
6906
6910
6913
6916
6920
6923
6927
6930
6934
6937
6941
6944
6947
6951
6954
6958
6961
6965
6968
6972
6975
6978
6982
6985
6989
6992
6996
6999
7003
7006
7010
7013
7016
7020
7023
7026
7030
7033
7036
7040
7043
7046
7050
7053
7056
7060
7063
7066
7070
7073
7076
7080
7083
7086
7090
7093
7096
7100
7103
7106
7110
7113
7116
7120
7123
7127
7130
7134
7137
7141
7144
7147
7151
7154
7158
7161
7165
7168
7172
7175
7178
7182
7185
7189
7192
7196
7199
7203
7206
7210
7213
7217
7221
7225
7228
7232
7236
7240
7244
7247
7251
7255
7259
7263
7266
7270
7274
7278
7282
7285
7289
7293
7297
7301
7304
7308
7312
7316
7320
7323
7326
7330
7333
7337
7340
7344
7347
7351
7354
7357
7361
7364
7368
7371
7375
7378
7382
7385
7388
7392
7395
7399
7402
7406
7409
7413
7416
7420
7423
7426
7430
7433
7437
7440
7444
7447
7451
7454
7457
7461
7464
7468
7471
7475
7478
7482
7485
7488
7492
7495
7499
7502
7506
7509
7513
7516
7520
7523
7527
7530
7534
7537
7541
7545
7548
7552
7555
7559
7562
7566
7570
7573
7577
7580
7584
7587
7591
7595
7598
7602
7605
7609
7612
7616
7620
7623
7627
7630
7634
7637
7641
7645
7648
7652
7655
7659
7662
7666
7670
7673
7677
7680
7684
7687
7691
7695
7698
7702
7705
7709
7712
7716
7720
7723
7726
7730
7733
7737
7740
7744
7747
7751
7754
7757
7761
7764
7768
7771
7775
7778
7782
7785
7788
7792
7795
7799
7802
7806
7809
7813
7816
7820
7823
7827
7830
7834
7837
7841
7845
7848
7852
7855
7859
7862
7866
7870
7873
7877
7880
7884
7887
7891
7895
7898
7902
7905
7909
7912
7916
7920
7923
7926
7930
7933
7937
7940
7944
7947
7951
7954
7957
7961
7964
7968
7971
7975
7978
7982
7985
7988
7992
7995
7999
8002
8006
8009
8013
8016
8020
8023
8027
8030
8034
8037
8041
8045
8048
8052
8055
8059
8062
8066
8070
8073
8077
8080
8084
8087
8091
8094
8098
8102
8105
8109
8112
8116
8119
8123
8127
8130
8134
8137
8141
8145
8148
8152
8155
8159
8162
8166
8170
8173
8177
8180
8184
8187
8191
8195
8198
8202
8205
8209
8212
8216
8220
8223
8226
8230
8233
8237
8240
8244
8247
8251
8254
8257
8261
8264
8268
8271
8275
8278
8282
8285
8288
8292
8295
8299
8302
8306
8309
8313
8316
8320
8323
8327
8330
8334
8337
8341
8345
8348
8352
8355
8359
8362
8366
8370
8373
8377
8380
8384
8387
8391
8395
8398
8402
8405
8409
8412
8416
8420
8423
8427
8430
8434
8437
8441
8445
8448
8452
8455
8459
8462
8466
8469
8473
8477
8480
8484
8487
8491
8495
8498
8502
8505
8509
8512
8516
8520
8523
8526
8530
8533
8537
8540
8544
8547
8551
8554
8557
8561
8564
8568
8571
8575
8578
8582
8585
8588
8592
8595
8599
8602
8606
8609
8613
8616
8620
8623
8627
8630
8634
8637
8641
8645
8648
8652
8655
8659
8662
8666
8670
8673
8677
8680
8684
8687
8691
8695
8698
8702
8705
8709
8712
8716
8720
8723
8727
8730
8734
8737
8741
8745
8748
8752
8755
8759
8762
8766
8770
8773
8777
8780
8784
8787
8791
8795
8798
8802
8805
8809
8812
8816
8820
8823
8827
8830
8834
8837
8841
8845
8848
8852
8855
8859
8862
8866
8870
8873
8877
8880
8884
8887
8891
8895
8898
8902
8905
8909
8912
8916
8920
8923
8926
8930
8933
8937
8940
8944
8947
8951
8954
8957
8961
8964
8968
8971
8975
8978
8982
8985
8988
8992
8995
8999
9002
9006
9009
9013
9016
9020
9023
9027
9030
9034
9037
9041
9045
9048
9052
9055
9059
9062
9066
9070
9073
9077
9080
9084
9087
9091
9094
9098
9102
9105
9109
9112
9116
9120
9123
9127
9130
9134
9137
9141
9145
9148
9152
9155
9159
9162
9166
9170
9173
9177
9180
9184
9187
9191
9195
9198
9202
9205
9209
9212
9216
9220
9223
9227
9231
9235
9239
9243
9247
9251
9255
9259
9263
9267
9271
9275
9278
9282
9286
9290
9294
9298
9302
9306
9310
9314
9318
9322
9326
9330
9333
9337
9340
9344
9347
9351
9355
9358
9362
9365
9369
9372
9376
9379
9383
9387
9390
9394
9397
9401
9405
9408
9412
9415
9419
9422
9426
9430
9433
9436
9440
9443
9446
9450
9453
9456
9459
9463
9466
9469
9473
9476
9480
9483
9486
9490
9493
9496
9500
9503
9506
9510
9513
9516
9520
9523
9526
9530
9533
9536
9540
9543
9546
9549
9553
9556
9560
9563
9566
9570
9573
9576
9580
9583
9586
9590
9593
9596
9600
9603
9606
9610
9613
9616
9620
9623
9626
9630
9633
9636
9640
9643
9646
9650
9653
9656
9660
9663
9666
9670
9673
9676
9680
9683
9686
9690
9693
9696
9700
9703
9706
9710
9713
9716
9720
9723
9726
9730
9733
9736
9740
9743
9746
9750
9753
9756
9760
9763
9766
9770
9773
9776
9780
9783
9786
9790
9793
9796
9800
9803
9806
9810
9813
9816
9820
9823
9826
9830
9833
9836
9840
9843
9846
9850
9853
9856
9860
9863
9866
9870
9873
9876
9879
9883
9886
9890
9893
9896
9900
9903
9906
9910
9913
9916
9920
9923
9926
9930
9933
9936
9940
9943
9946
9950
9953
9956
9959
9963
9966
9969
9973
9976
9980
9983
9986
9990
9993
9996
10000
10003
10006
10010
10013
10016
10020
10023
10026
10030
10033
10036
10040
10043
10047
10050
10054
10057
10061
10064
10067
10071
10074
10078
10081
10085
10088
10092
10095
10098
10102
10105
10109
10112
10116
10119
10123
10126
10130
10133
10136
10140
10143
10146
10150
10153
10156
10160
10163
10166
10170
10173
10176
10180
10183
10186
10190
10193
10196
10200
10203
10206
10210
10213
10216
10220
10223
10226
10230
10233
10236
10240
10243
10246
10250
10253
10256
10260
10263
10266
10270
10273
10276
10280
10283
10286
10290
10293
10296
10300
10303
10306
10310
10313
10316
10320
10323
10326
10330
10333
10336
10340
10343
10346
10350
10353
10356
10360
10363
10366
10370
10373
10376
10379
10383
10386
10390
10393
10396
10400
10403
10406
10410
10413
10416
10420
10423
10426
10430
10432
10435
10438
10441
10443
10446
10449
10452
10455
10457
10460
10463
10466
10468
10471
10474
10477
10480
10482
10485
10488
10491
10493
10496
10499
10502
10504
10507
10510
10513
10516
10518
10521
10524
10527
10530
10532
10535
10538
10541
10543
10546
10549
10552
10555
10557
10560
10563
10566
10568
10571
10574
10577
10580
10582
10585
10588
10591
10593
10596
10599
10602
10605
10607
10610
10613
10616
10618
10621
10624
10627
10630
10632
10635
10638
10641
10643
10646
10649
10652
10655
10657
10660
10663
10666
10668
10671
10674
10677
10680
10682
10685
10688
10691
10693
10696
10699
10702
10705
10707
10710
10713
10716
10718
10721
10724
10727
10730
10732
10735
10738
10740
10743
10746
10748
10751
10754
10757
10759
10762
10765
10767
10770
10773
10775
10778
10781
10784
10786
10789
10792
10794
10797
10800
10802
10805
10808
10811
10813
10816
10819
10821
10824
10827
10830
10832
10835
10838
10841
10843
10846
10849
10852
10855
10857
10860
10863
10866
10868
10871
10874
10877
10879
10882
10885
10888
10891
10893
10896
10899
10902
10905
10907
10910
10913
10916
10918
10921
10924
10927
10930
10932
10935
10938
10941
10943
10946
10949
10952
10955
10957
10960
10963
10966
10968
10971
10974
10977
10980
10982
10985
10988
10991
10993
10996
10999
11002
11004
11007
11010
11013
11016
11018
11021
11024
11027
11030
11032
11035
11038
11041
11043
11046
11049
11052
11055
11057
11060
11063
11066
11068
11071
11074
11077
11080
11082
11085
11088
11091
11093
11096
11099
11102
11105
11107
11110
11113
11116
11118
11121
11124
11127
11130
11132
11135
11138
11141
11143
11146
11149
11152
11155
11157
11160
11163
11166
11168
11171
11174
11177
11180
11182
11185
11188
11191
11193
11196
11199
11202
11205
11207
11210
11213
11216
11218
11221
11224
11227
11230
11232
11235
11238
11241
11243
11246
11249
11252
11255
11257
11260
11263
11266
11268
11271
11274
11277
11280
11282
11285
11288
11291
11293
11296
11299
11302
11305
11307
11310
11313
11316
11318
11321
11324
11327
11330
11332
11335
11338
11340
11343
11346
11348
11351
11354
11357
11359
11362
11365
11367
11370
11373
11375
11378
11381
11384
11386
11389
11392
11394
11397
11400
11402
11405
11408
11411
11413
11416
11419
11421
11424
11427
11430
11433
11436
11439
11442
11446
11449
11452
11455
11459
11462
11465
11468
11472
11475
11478
11481
11485
11488
11491
11494
11497
11501
11504
11507
11510
11514
11517
11520
11523
11527
11530
11533
11536
11540
11542
11545
11548
11551
11554
11557
11560
11563
11566
11569
11572
11575
11578
11581
11584
11587
11590
11592
11595
11598
11601
11604
11607
11610
11613
11616
11619
11622
11625
11628
11631
11634
11637
11640
11642
11645
11648
11651
11654
11657
11660
11662
11665
11668
11671
11674
11677
11680
11682
11685
11688
11691
11694
11697
11700
11702
11705
11708
11711
11714
11717
11720
11722
11725
11728
11731
11734
11737
11740
11742
11745
11748
11751
11754
11757
11760
11763
11766
11769
11772
11775
11778
11781
11784
11787
11790
11792
11795
11798
11801
11804
11807
11810
11813
11816
11819
11822
11825
11828
11831
11834
11837
11840
11842
11845
11848
11851
11854
11857
11860
11863
11866
11869
11872
11875
11878
11881
11884
11887
11890
11892
11895
11898
11901
11904
11907
11910
11913
11916
11919
11922
11925
11928
11931
11934
11937
11940
11942
11945
11948
11951
11954
11957
11959
11962
11965
11968
11971
11974
11977
11979
11982
11985
11988
11991
11994
11997
12000
12002
12005
12008
12011
12014
12017
12020
12022
12025
12028
12031
12034
12037
12040
12042
12045
12048
12051
12054
12057
12060
12063
12066
12069
12072
12075
12078
12081
12084
12087
12090
12092
12095
12098
12101
12104
12107
12110
12113
12116
12119
12122
12125
12128
12131
12134
12137
12140
12142
12145
12148
12151
12154
12157
12160
12163
12166
12169
12172
12175
12178
12181
12184
12187
12190
12192
12195
12198
12201
12204
12207
12210
12213
12216
12219
12222
12225
12228
12231
12234
12237
12240
12242
12245
12248
12251
12254
12257
12260
12263
12266
12269
12272
12275
12278
12281
12284
12287
12290
12292
12295
12298
12301
12304
12307
12310
12313
12316
12319
12322
12325
12328
12331
12334
12337
12340
12342
12345
12348
12351
12354
12357
12360
12362
12365
12368
12371
12374
12377
12379
12382
12385
12388
12391
12394
12397
12400
12402
12405
12408
12411
12414
12417
12420
12422
12425
12428
12431
12434
12437
12440
12443
12447
12451
12454
12458
12462
12465
12469
12473
12477
12480
12484
12488
12491
12495
12499
12502
12506
12510
12514
12517
12521
12525
12528
12532
12536
12540
12543
12547
12550
12554
12557
12561
12565
12568
12572
12575
12579
12582
12586
12590
12593
12597
12600
12604
12607
12611
12615
12618
12622
12625
12629
12632
12636
12640
12644
12648
12652
12656
12660
12664
12668
12672
12676
12680
12684
12688
12692
12697
12701
12705
12709
12713
12717
12721
12725
12729
12733
12737
12741
12745
12750
12753
12757
12761
12764
12768
12772
12775
12779
12783
12787
12790
12794
12798
12801
12805
12809
12812
12816
12820
12824
12827
12831
12835
12838
12842
12846
12850
12853
12857
12861
12865
12869
12873
12877
12881
12885
12889
12893
12897
12901
12905
12908
12912
12916
12920
12924
12928
12932
12936
12940
12944
12948
12952
12956
12960
12963
12967
12971
12974
12978
12982
12985
12989
12993
12997
13000
13004
13008
13011
13015
13019
13022
13026
13030
13034
13037
13041
13045
13048
13052
13056
13060
13063
13067
13071
13075
13079
13083
13087
13091
13095
13099
13103
13107
13111
13115
13118
13122
13126
13130
13134
13138
13142
13146
13150
13154
13158
13162
13166
13170
13173
13177
13181
13184
13188
13192
13195
13199
13203
13207
13210
13214
13218
13221
13225
13229
13232
13236
13240
13244
13247
13251
13255
13258
13262
13266
13270
13273
13277
13281
13284
13288
13292
13295
13299
13303
13307
13310
13314
13318
13321
13325
13329
13332
13336
13340
13344
13347
13351
13355
13358
13362
13366
13370
13373
13377
13381
13385
13389
13393
13397
13401
13405
13409
13413
13417
13421
13424
13428
13432
13436
13440
13444
13448
13452
13456
13460
13464
13468
13472
13476
13480
13483
13487
13491
13494
13498
13502
13505
13509
13513
13517
13520
13524
13528
13531
13535
13539
13542
13546
13550
13554
13557
13561
13565
13568
13572
13576
13580
13583
13587
13591
13594
13598
13602
13605
13609
13613
13617
13620
13624
13628
13631
13635
13639
13642
13646
13650
13654
13657
13661
13665
13668
13672
13676
13680
13683
13687
13691
13694
13698
13702
13705
13709
13713
13717
13720
13724
13728
13731
13735
13739
13742
13746
13750
13754
13757
13761
13765
13768
13772
13776
13780
13783
13787
13791
13795
13799
13803
13807
13811
13815
13819
13823
13827
13831
13834
13838
13842
13846
13850
13854
13858
13862
13866
13870
13874
13878
13882
13886
13890
13893
13897
13901
13904
13908
13912
13915
13919
13923
13927
13930
13934
13938
13941
13945
13949
13952
13956
13960
13964
13967
13971
13975
13978
13982
13986
13990
13993
13997
14001
14004
14008
14012
14015
14019
14023
14027
14030
14034
14038
14041
14045
14049
14052
14056
14060
14064
14067
14071
14075
14078
14082
14086
14090
14093
14097
14101
14104
14108
14112
14115
14119
14123
14127
14130
14134
14138
14141
14145
14149
14152
14156
14160
14164
14167
14171
14175
14178
14182
14186
14190
14193
14197
14200
14204
14207
14211
14215
14218
14222
14225
14229
14232
14236
14239
14243
14247
14250
14254
14257
14261
14264
14268
14272
14275
14279
14282
14286
14290
14294
14298
14302
14306
14310
14314
14318
14322
14326
14330
14334
14338
14342
14347
14351
14355
14359
14363
14367
14371
14375
14379
14383
14387
14391
14395
14400
14403
14407
14411
14414
14418
14422
14425
14429
14433
14437
14440
14444
14448
14451
14455
14459
14462
14466
14470
14474
14477
14481
14485
14488
14492
14496
14500
14503
14507
14511
14514
14518
14522
14525
14529
14533
14537
14540
14544
14548
14551
14555
14559
14562
14566
14570
14574
14577
14581
14585
14588
14592
14596
14600
14603
14607
14611
14615
14619
14623
14627
14631
14635
14639
14643
14647
14651
14655
14658
14662
14666
14670
14674
14678
14682
14686
14690
14694
14698
14702
14706
14710
14714
14718
14722
14726
14730
14734
14738
14742
14746
14750
14754
14758
14762
14767
14771
14775
14779
14783
14787
14791
14795
14799
14803
14807
14811
14815
14820
14824
14828
14832
14836
14840
14844
14848
14852
14856
14860
14864
14868
14872
14877
14881
14885
14889
14893
14897
14901
14905
14909
14913
14917
14921
14925
14930
14933
14937
14941
14944
14948
14952
14955
14959
14963
14967
14970
14974
14978
14981
14985
14989
14992
14996
15000
15004
15007
15011
15015
15018
15022
15026
15030
15033
15037
15041
15045
15049
15053
15057
15061
15065
15069
15073
15077
15081
15084
15088
15092
15096
15100
15104
15108
15112
15116
15120
15124
15128
15132
15136
15140
15144
15148
15152
15156
15160
15164
15168
15172
15176
15180
15184
15188
15192
15197
15201
15205
15209
15213
15217
15221
15225
15229
15233
15237
15241
15245
15250
15253
15257
15261
15264
15268
15272
15275
15279
15283
15287
15290
15294
15298
15301
15305
15309
15312
15316
15320
15324
15327
15331
15335
15338
15342
15346
15350
15353
15357
15361
15365
15369
15373
15377
15381
15385
15389
15393
15397
15401
15405
15408
15412
15416
15420
15424
15428
15432
15436
15440
15444
15448
15452
15456
15460
15464
15468
15472
15476
15480
15484
15488
15492
15496
15500
15504
15508
15512
15517
15521
15525
15529
15533
15537
15541
15545
15549
15553
15557
15561
15565
15570
15573
15577
15581
15584
15588
15592
15595
15599
15603
15607
15610
15614
15618
15621
15625
15629
15632
15636
15640
15644
15647
15651
15655
15658
15662
15666
15670
15674
15678
15682
15686
15690
15694
15698
15702
15706
15710
15714
15718
15722
15727
15731
15735
15739
15743
15747
15751
15755
15759
15763
15767
15771
15775
15780
15784
15788
15792
15796
15800
15804
15808
15812
15816
15820
15824
15828
15832
15837
15841
15845
15849
15853
15857
15861
15865
15869
15873
15877
15881
15885
15890
15893
15897
15901
15905
15909
15913
15916
15920
15924
15928
15932
15936
15940
15943
15947
15951
15955
15959
15963
15966
15970
15974
15978
15982
15986
15990
15994
15998
16002
16006
16010
16014
16018
16022
16026
16030
16034
16038
16042
16047
16051
16055
16059
16063
16067
16071
16075
16079
16083
16087
16091
16095
16100
16103
16107
16111
16114
16118
16122
16125
16129
16133
16137
16140
16144
16148
16151
16155
16159
16162
16166
16170
16174
16177
16181
16185
16188
16192
16196
16200
16204
16208
16212
16216
16220
16224
16228
16232
16236
16240
16244
16248
16252
16257
16261
16265
16269
16273
16277
16281
16285
16289
16293
16297
16301
16305
16309
16313
16317
16321
16324
16328
16332
16335
16339
16343
16347
16350
16354
16358
16361
16365
16369
16372
16376
16380
16384
16387
16391
16395
16398
16402
16406
16410
16414
16418
16422
16426
16430
16434
16438
16442
16446
16450
16454
16458
16462
16467
16471
16475
16479
16483
16487
16491
16495
16499
16503
16507
16511
16515
16520
16523
16527
16531
16534
16538
16542
16545
16549
16553
16557
16560
16564
16568
16571
16575
16579
16582
16586
16590
16594
16597
16601
16605
16608
16612
16616
16620
16624
16628
16632
16636
16640
16644
16648
16652
16656
16660
16664
16668
16672
16677
16681
16685
16689
16693
16697
16701
16705
16709
16713
16717
16721
16725
16730
16733
16737
16740
16744
16747
16751
16755
16758
16762
16765
16769
16772
16776
16780
16783
16787
16790
16794
16797
16801
16805
16808
16812
16815
16819
16822
16826
16830
16833
16837
16840
16844
16847
16851
16854
16858
16862
16865
16869
16872
16876
16880
16883
16887
16890
16894
16897
16901
16905
16908
16912
16915
16919
16922
16926
16930
16933
16937
16940
16944
16947
16951
16955
16958
16962
16965
16969
16972
16976
16980
16983
16987
16990
16994
16997
17001
17005
17008
17012
17015
17019
17022
17026
17030
17033
17037
17040
17044
17047
17051
17055
17058
17062
17065
17069
17072
17076
17080
17083
17087
17090
17094
17097
17101
17105
17108
17112
17115
17119
17122
17126
17130
17133
17137
17140
17144
17147
17151
17155
17158
17162
17165
17169
17172
17176
17180
17183
17187
17190
17194
17197
17201
17205
17208
17212
17215
17219
17222
17226
17230
17233
17237
17240
17244
17247
17251
17255
17258
17262
17265
17269
17272
17276
17280
17283
17287
17290
17294
17297
17301
17305
17308
17312
17315
17319
17322
17326
17330
17333
17337
17340
17344
17347
17351
17354
17358
17362
17365
17369
17372
17376
17380
17383
17387
17390
17394
17397
17401
17405
17408
17412
17415
17419
17422
17426
17430
17433
17437
17440
17444
17447
17451
17455
17458
17462
17465
17469
17472
17476
17480
17483
17487
17490
17494
17497
17501
17505
17508
17512
17515
17519
17522
17526
17530
17533
17537
17540
17544
17547
17551
17555
17558
17562
17565
17569
17572
17576
17580
17583
17587
17590
17594
17597
17601
17605
17608
17612
17615
17619
17622
17626
17630
17633
17636
17639
17642
17645
17648
17651
17655
17658
17661
17664
17667
17670
17673
17676
17680
17683
17686
17689
17692
17695
17698
17701
17705
17708
17711
17714
17717
17720
17723
17726
17730
17733
17736
17739
17742
17745
17748
17751
17754
17757
17760
17763
17766
17769
17772
17775
17778
17781
17784
17787
17790
17793
17796
17799
17802
17805
17808
17811
17814
17817
17820
17823
17826
17830
17833
17836
17839
17842
17845
17848
17851
17854
17858
17861
17864
17867
17870
17873
17876
17880
17883
17886
17889
17892
17895
17898
17901
17905
17908
17911
17914
17917
17920
17923
17926
17930
17933
17936
17939
17942
17945
17948
17951
17954
17957
17960
17963
17966
17969
17972
17975
17978
17981
17984
17987
17990
17993
17996
17999
18002
18005
18008
18011
18014
18017
18020
18023
18026
18030
18033
18036
18039
18042
18045
18048
18051
18055
18058
18061
18064
18067
18070
18073
18076
18080
18083
18086
18089
18092
18095
18098
18101
18105
18108
18111
18114
18117
18120
18123
18126
18130
18133
18136
18139
18142
18145
18148
18151
18154
18157
18160
18163
18166
18169
18172
18175
18178
18181
18184
18187
18190
18193
18196
18199
18202
18205
18208
18211
18214
18217
18220
18223
18226
18230
18233
18236
18239
18242
18245
18248
18251
18255
18258
18261
18264
18267
18270
18273
18276
18280
18283
18286
18289
18292
18295
18298
18301
18305
18308
18311
18314
18317
18320
18323
18326
18330
18333
18336
18339
18342
18345
18348
18351
18354
18357
18360
18363
18366
18369
18372
18375
18378
18381
18384
18387
18390
18393
18396
18399
18402
18405
18408
18411
18414
18417
18420
18423
18426
18430
18433
18436
18439
18442
18445
18448
18451
18455
18458
18461
18464
18467
18470
18473
18476
18480
18483
18486
18489
18492
18495
18498
18501
18505
18508
18511
18514
18517
18520
18523
18526
18530
18533
18536
18539
18542
18545
18548
18551
18555
18558
18561
18564
18567
18570
18573
18576
18580
18583
18586
18589
18592
18595
18598
18601
18605
18608
18611
18614
18617
18620
18623
18626
18630
18634
18638
18642
18646
18650
18655
18659
18663
18667
18671
18675
18680
18684
18688
18692
18696
18700
18705
18709
18713
18717
18721
18725
18730
18734
18738
18743
18747
18751
18756
18760
18764
18769
18773
18777
18782
18786
18790
18795
18799
18803
18808
18812
18816
18821
18825
18830
18834
18838
18843
18847
18851
18856
18860
18864
18869
18873
18877
18882
18886
18890
18895
18899
18903
18908
18912
18916
18921
18925
18930
18934
18938
18943
18947
18951
18956
18960
18964
18969
18973
18977
18982
18986
18990
18995
18999
19003
19008
19012
19016
19021
19025
19030
19034
19038
19043
19047
19051
19056
19060
19064
19069
19073
19077
19082
19086
19090
19095
19099
19103
19108
19112
19116
19121
19125
19130
19134
19138
19143
19147
19151
19156
19160
19164
19169
19173
19177
19182
19186
19190
19195
19199
19203
19208
19212
19216
19221
19225
19230
19234
19238
19243
19247
19251
19256
19260
19264
19269
19273
19277
19282
19286
19290
19295
19299
19303
19308
19312
19316
19321
19325
19330
19334
19338
19343
19347
19351
19356
19360
19364
19369
19373
19377
19382
19386
19390
19395
19399
19403
19408
19412
19416
19421
19425
19430
19434
19438
19443
19447
19451
19456
19460
19464
19469
19473
19477
19482
19486
19490
19495
19499
19503
19508
19512
19516
19521
19525
19530
19534
19538
19542
19546
19550
19555
19559
19563
19567
19571
19575
19580
19584
19588
19592
19596
19600
19605
19609
19613
19617
19621
19625
19630
19634
19638
19643
19647
19651
19656
19660
19664
19669
19673
19677
19682
19686
19690
19695
19699
19703
19708
19712
19716
19721
19725
19730
19734
19738
19742
19746
19750
19755
19759
19763
19767
19771
19775
19780
19784
19788
19792
19796
19800
19805
19809
19813
19817
19821
19825
19830
19834
19838
19843
19847
19851
19856
19860
19864
19869
19873
19877
19882
19886
19890
19895
19899
19903
19908
19912
19916
19921
19925
19930
19934
19938
19942
19946
19950
19955
19959
19963
19967
19971
19975
19980
19984
19988
19992
19996
20000
20005
20009
20013
20017
20021
20025
20030
20034
20038
20043
20047
20051
20056
20060
20064
20069
20073
20077
20082
20086
20090
20095
20099
20103
20108
20112
20116
20121
20125
20130
20134
20138
20142
20146
20150
20155
20159
20163
20167
20171
20175
20180
20184
20188
20192
20196
20200
20205
20209
20213
20217
20221
20225
20230
20234
20238
20243
20247
20251
20256
20260
20264
20269
20273
20277
20282
20286
20290
20295
20299
20303
20308
20312
20316
20321
20325
20330
20334
20339
20343
20348
20352
20357
20362
20366
20371
20375
20380
20384
20389
20394
20398
20403
20407
20412
20417
20421
20426
20430
20435
20440
20444
20448
20453
20457
20461
20466
20470
20474
20479
20483
20487
20492
20496
20500
20505
20509
20513
20518
20522
20526
20531
20535
20540
20544
20548
20552
20556
20560
20564
20569
20573
20577
20581
20585
20590
20594
20598
20602
20606
20610
20615
20619
20623
20627
20631
20635
20640
20644
20649
20654
20659
20663
20668
20673
20678
20682
20687
20692
20697
20701
20706
20711
20716
20720
20725
20730
20735
20740
20744
20749
20754
20759
20763
20768
20773
20778
20782
20787
20792
20797
20801
20806
20811
20816
20820
20825
20830
20835
20840
20844
20849
20854
20859
20863
20868
20873
20878
20882
20887
20892
20897
20901
20906
20911
20916
20920
20925
20930
20935
20940
20944
20949
20954
20959
20963
20968
20973
20978
20982
20987
20992
20997
21001
21006
21011
21016
21020
21025
21030
21035
21040
21044
21049
21054
21059
21063
21068
21073
21078
21082
21087
21092
21097
21101
21106
21111
21116
21120
21125
21130
21135
21140
21144
21149
21153
21158
21162
21167
21171
21176
21180
21185
21190
21194
21199
21203
21208
21212
21217
21221
21226
21230
21235
21240
21244
21249
21254
21259
21263
21268
21273
21278
21282
21287
21292
21297
21301
21306
21311
21316
21320
21325
21330
21335
21340
21344
21349
21354
21359
21363
21368
21373
21378
21382
21387
21392
21397
21401
21406
21411
21416
21420
21425
21430
21435
21440
21444
21449
21454
21459
21463
21468
21473
21478
21482
21487
21492
21497
21501
21506
21511
21516
21520
21525
21530
21535
21540
21544
21549
21554
21559
21563
21568
21573
21578
21582
21587
21592
21597
21601
21606
21611
21616
21620
21625
21630
21635
21640
21644
21648
21652
21656
21660
21664
21668
21672
21676
21680
21684
21688
21692
21695
21700
21704
21708
21712
21715
21720
21724
21727
21732
21735
21740
21744
21747
21752
21756
21759
21764
21767
21772
21776
21779
21784
21788
21791
21796
21800
21804
21808
21812
21816
21820
21823
21828
21832
21836
21840
21844
21848
21852
21856
21860
21864
21868
21872
21876
21880
21884
21888
21892
21896
21900
21904
21908
21912
21916
21920
21924
21928
21932
21936
21940
21944
21948
21952
21956
21960
21964
21968
21972
21976
21980
21984
21988
21992
21996
22000
22004
22008
22012
22016
22020
22024
22028
22032
22035
22040
22043
22047
22051
22055
22059
22063
22066
22070
22074
22078
22082
22086
22090
22093
22097
22101
22105
22109
22113
22116
22120
22124
22128
22132
22136
22140
22144
22148
22152
22156
22160
22164
22168
22172
22176
22180
22184
22188
22192
22195
22200
22204
22208
22212
22215
22220
22224
22227
22232
22235
22240
22244
22247
22252
22256
22259
22264
22267
22272
22276
22279
22284
22288
22291
22296
22300
22304
22308
22312
22316
22320
22323
22328
22332
22336
22340
22344
22348
22353
22357
22362
22366
22370
22375
22379
22384
22388
22392
22397
22401
22406
22410
22414
22419
22423
22428
22432
22436
22441
22445
22450
22454
22458
22462
22466
22470
22474
22477
22482
22486
22490
22494
22498
22502
22506
22510
22514
22518
22522
22526
22530
22534
22538
22542
22546
22550
22554
22558
22562
22566
22570
22574
22578
22582
22586
22590
22594
22598
22602
22605
22610
22614
22618
22622
22625
22630
22634
22637
22642
22645
22650
22654
22657
22662
22666
22669
22674
22677
22682
22686
22689
22694
22698
22702
22706
22710
22714
22718
22722
22726
22730
22734
22738
22742
22746
22750
22754
22758
22762
22766
22770
22775
22779
22783
22787
22791
22795
22800
22804
22808
22812
22816
22820
22825
22829
22833
22837
22841
22845
22850
22854
22858
22862
22866
22870
22874
22878
22882
22886
22890
22894
22898
22902
22906
22910
22914
22918
22922
22926
22930
22934
22938
22942
22945
22950
22954
22958
22962
22966
22970
22975
22979
22983
22987
22991
22995
23000
23004
23008
23012
23016
23020
23025
23029
23033
23037
23041
23045
23050
23054
23058
23062
23066
23070
23074
23078
23082
23086
23090
23094
23098
23102
23105
23110
23114
23118
23122
23125
23130
23134
23137
23142
23145
23150
23154
23157
23162
23166
23169
23174
23177
23182
23186
23189
23194
23198
23202
23206
23210
23214
23218
23222
23226
23230
23234
23238
23242
23246
23250
23254
23258
23262
23266
23270
23275
23279
23283
23287
23291
23295
23300
23304
23308
23312
23316
23320
23325
23329
23333
23337
23341
23345
23350
23354
23358
23362
23366
23370
23374
23378
23382
23386
23390
23394
23398
23402
23406
23410
23414
23418
23422
23426
23430
23434
23438
23442
23445
23450
23454
23458
23462
23466
23470
23475
23479
23483
23487
23491
23495
23500
23504
23508
23512
23516
23520
23525
23529
23533
23537
23541
23545
23550
23554
23558
23562
23566
23570
23574
23578
23582
23586
23590
23594
23598
23602
23605
23610
23614
23618
23622
23625
23630
23634
23637
23642
23645
23650
23654
23658
23663
23667
23672
23676
23680
23685
23689
23694
23698
23702
23707
23711
23716
23720
23724
23729
23733
23738
23742
23746
23751
23755
23760
23763
23767
23771
23775
23779
23783
23786
23790
23794
23798
23802
23806
23810
23813
23817
23821
23825
23829
23833
23836
23840
23844
23848
23852
23856
23860
23864
23868
23872
23876
23880
23884
23887
23892
23896
23900
23904
23908
23912
23916
23920
23924
23928
23932
23936
23940
23944
23948
23952
23956
23960
23963
23967
23971
23975
23979
23983
23986
23990
23994
23998
24002
24006
24009
24013
24017
24021
24025
24029
24033
24036
24040
24044
24048
24052
24056
24060
24064
24067
24072
24076
24080
24084
24087
24092
24096
24099
24104
24108
24112
24116
24120
24124
24128
24132
24136
24140
24144
24148
24152
24156
24160
24163
24167
24171
24175
24179
24183
24186
24190
24194
24198
24202
24206
24210
24213
24217
24221
24225
24229
24233
24236
24240
24244
24248
24252
24256
24260
24264
24268
24272
24276
24280
24284
24288
24292
24296
24300
24304
24308
24312
24316
24320
24324
24328
24332
24336
24340
24344
24348
24352
24355
24360
24363
24367
24371
24375
24379
24383
24386
24390
24394
24398
24402
24406
24410
24413
24417
24421
24425
24429
24433
24436
24440
24444
24448
24452
24456
24460
24464
24468
24472
24476
24480
24484
24488
24492
24496
24500
24504
24508
24512
24516
24520
24524
24528
24532
24535
24540
24544
24548
24552
24555
24560
24563
24567
24571
24575
24579
24583
24586
24590
24594
24598
24602
24606
24610
24613
24617
24621
24625
24629
24633
24636
24640
24644
24648
24652
24656
24660
24663
24667
24671
24674
24678
24682
24685
24689
24693
24697
24700
24704
24708
24711
24715
24719
24722
24726
24730
24734
24737
24741
24745
24748
24752
24756
24760
24763
24767
24771
24774
24778
24782
24785
24789
24793
24797
24800
24804
24808
24811
24815
24819
24822
24826
24830
24834
24837
24841
24845
24848
24852
24856
24860
24863
24867
24871
24875
24879
24883
24886
24890
24894
24898
24902
24906
24910
24913
24917
24921
24925
24929
24933
24936
24940
24944
24948
24952
24956
24960
24963
24967
24971
24974
24978
24982
24985
24989
24993
24997
25000
25004
25008
25011
25015
25019
25022
25026
25030
25034
25037
25041
25045
25048
25052
25056
25060
25063
25067
25071
25074
25078
25082
25085
25089
25093
25097
25100
25104
25108
25111
25115
25119
25122
25126
25130
25134
25137
25141
25145
25148
25152
25156
25160
25163
25167
25171
25174
25178
25182
25185
25189
25193
25197
25200
25204
25208
25211
25215
25219
25222
25226
25230
25234
25237
25241
25245
25248
25252
25256
25260
25263
25267
25271
25274
25278
25282
25285
25289
25293
25297
25300
25304
25308
25311
25315
25319
25322
25326
25330
25334
25337
25341
25345
25348
25352
25356
25360
25363
25367
25371
25374
25378
25382
25385
25389
25393
25397
25400
25404
25408
25411
25415
25419
25422
25426
25430
25434
25437
25441
25445
25448
25452
25456
25460
25463
25467
25471
25474
25478
25482
25485
25489
25493
25497
25500
25504
25508
25511
25515
25519
25522
25526
25530
25534
25537
25541
25545
25548
25552
25556
25560
25563
25567
25571
25574
25578
25582
25585
25589
25593
25597
25600
25604
25608
25611
25615
25619
25622
25626
25630
25634
25637
25641
25645
25648
25652
25656
25660
25664
25668
25673
25677
25681
25686
25690
25694
25699
25703
25707
25712
25716
25720
25725
25729
25733
25738
25742
25746
25751
25755
25760
25764
25769
25773
25778
25782
25787
25791
25796
25800
25805
25810
25814
25819
25823
25828
25832
25837
25841
25846
25850
25855
25860
25864
25868
25873
25877
25881
25886
25890
25894
25899
25903
25907
25912
25916
25920
25925
25929
25933
25938
25942
25946
25951
25955
25960
25964
25968
25973
25977
25981
25986
25990
25994
25999
26003
26007
26012
26016
26020
26025
26029
26033
26038
26042
26046
26051
26055
26060
26064
26069
26073
26078
26082
26087
26091
26096
26100
26105
26110
26114
26119
26123
26128
26132
26137
26141
26146
26150
26155
26160
26164
26168
26173
26177
26181
26186
26190
26194
26199
26203
26207
26212
26216
26220
26225
26229
26233
26238
26242
26246
26251
26255
26260
26264
26268
26273
26277
26281
26286
26290
26294
26299
26303
26307
26312
26316
26320
26325
26329
26333
26338
26342
26346
26351
26355
26360
26365
26370
26375
26380
26384
26390
26395
26400
26404
26410
26415
26419
26425
26430
26435
26439
26445
26450
26455
26459
26465
26470
26474
26478
26483
26487
26491
26496
26500
26504
26509
26513
26517
26522
26526
26530
26535
26539
26543
26548
26552
26556
26561
26565
26570
26574
26578
26583
26587
26591
26596
26600
26604
26609
26613
26617
26622
26626
26630
26635
26639
26643
26648
26652
26656
26661
26665
26670
26673
26676
26680
26683
26687
26690
26694
26697
26701
26704
26707
26711
26714
26718
26721
26725
26728
26732
26735
26738
26742
26745
26749
26752
26756
26759
26763
26766
26770
26773
26776
26780
26783
26787
26790
26794
26797
26801
26804
26807
26811
26814
26818
26821
26825
26828
26832
26835
26838
26842
26845
26849
26852
26856
26859
26863
26866
26870
26873
26876
26880
26883
26887
26890
26894
26897
26901
26904
26907
26911
26914
26918
26921
26925
26928
26932
26935
26938
26942
26945
26949
26952
26956
26959
26963
26966
26970
26973
26976
26980
26983
26987
26990
26994
26997
27001
27004
27007
27011
27014
27018
27021
27025
27028
27032
27035
27038
27042
27045
27049
27052
27056
27059
27063
27066
27070
27073
27076
27080
27083
27087
27090
27094
27097
27101
27104
27107
27111
27114
27118
27121
27125
27128
27132
27135
27138
27142
27145
27149
27152
27156
27159
27163
27166
27170
27173
27176
27180
27183
27187
27190
27194
27197
27201
27204
27207
27211
27214
27218
27221
27225
27228
27232
27235
27238
27242
27245
27249
27252
27256
27259
27263
27266
27270
27273
27276
27280
27283
27287
27290
27294
27297
27301
27304
27307
27311
27314
27318
27321
27325
27328
27332
27335
27338
27342
27345
27349
27352
27356
27359
27363
27366
27370
27373
27376
27380
27383
27387
27390
27394
27397
27401
27404
27407
27411
27414
27418
27421
27425
27428
27432
27435
27438
27442
27445
27449
27452
27456
27459
27463
27466
27470
27473
27476
27480
27483
27487
27490
27494
27497
27501
27504
27507
27511
27514
27518
27521
27525
27528
27532
27535
27538
27542
27545
27549
27552
27556
27559
27563
27566
27570
27573
27576
27580
27583
27587
27590
27594
27597
27601
27604
27607
27611
27614
27618
27621
27625
27628
27632
27635
27638
27642
27645
27649
27652
27656
27659
27663
27666
27670
27673
27676
27680
27683
27687
27690
27694
27697
27700
27704
27707
27711
27714
27718
27721
27725
27728
27731
27735
27738
27742
27745
27749
27752
27755
27759
27762
27766
27769
27773
27776
27780
27783
27786
27789
27792
27795
27798
27801
27805
27808
27811
27814
27817
27820
27823
27826
27830
27833
27836
27839
27842
27845
27848
27851
27855
27858
27861
27864
27867
27870
27873
27876
27880
27883
27886
27889
27892
27895
27898
27901
27905
27908
27911
27914
27917
27920
27923
27926
27930
27933
27936
27939
27942
27945
27948
27951
27955
27958
27961
27964
27967
27970
27973
27976
27980
27983
27986
27989
27992
27995
27998
28001
28004
28007
28010
28013
28016
28019
28022
28025
28028
28031
28034
28037
28040
28043
28046
28049
28052
28055
28058
28061
28064
28067
28070
28073
28076
28080
28083
28086
28089
28092
28095
28098
28101
28104
28108
28111
28114
28117
28120
28123
28126
28130
28133
28136
28139
28142
28145
28148
28151
28155
28158
28161
28164
28167
28170
28173
28176
28180
28183
28186
28189
28192
28195
28198
28201
28205
28208
28211
28214
28217
28220
28223
28226
28230
28233
28236
28239
28242
28245
28248
28251
28255
28258
28261
28264
28267
28270
28273
28276
28280
28283
28286
28289
28292
28295
28298
28301
28305
28308
28311
28314
28317
28320
28323
28326
28330
28333
28336
28339
28342
28345
28348
28351
28355
28358
28361
28364
28367
28370
28373
28376
28380
28383
28386
28389
28392
28395
28398
28401
28405
28408
28411
28414
28417
28420
28423
28426
28430
28433
28436
28439
28442
28445
28448
28451
28455
28458
28461
28464
28467
28470
28473
28476
28480
28483
28486
28489
28492
28495
28498
28501
28505
28508
28511
28514
28517
28520
28523
28526
28530
28533
28536
28539
28542
28545
28548
28551
28555
28558
28561
28564
28567
28570
28573
28576
28580
28583
28586
28589
28592
28595
28598
28601
28604
28608
28611
28614
28617
28620
28623
28626
28630
28633
28636
28639
28642
28645
28648
28651
28655
28658
28661
28664
28667
28670
28673
28676
28680
28683
28686
28689
28692
28696
28699
28702
28705
28709
28712
28715
28718
28721
28725
28728
28731
28734
28738
28741
28744
28747
28750
28754
28757
28760
28763
28767
28770
28773
28776
28780
28783
28786
28789
28792
28796
28799
28802
28805
28809
28812
28815
28818
28821
28825
28828
28831
28834
28838
28841
28844
28847
28850
28854
28857
28860
28863
28867
28870
28873
28876
28880
28883
28886
28889
28892
28896
28899
28902
28905
28909
28912
28915
28918
28921
28925
28928
28931
28934
28938
28941
28944
28947
28950
28954
28957
28960
28963
28967
28970
28973
28976
28980
28983
28986
28989
28992
28996
28999
29002
29005
29009
29012
29015
29018
29021
29025
29028
29031
29034
29038
29041
29044
29047
29050
29054
29057
29060
29063
29067
29070
29073
29076
29080
29083
29086
29090
29093
29096
29099
29103
29106
29110
29113
29116
29119
29123
29126
29130
29133
29136
29140
29143
29146
29150
29153
29156
29160
29163
29166
29169
29173
29176
29180
29183
29186
29189
29192
29196
29199
29202
29205
29209
29212
29215
29218
29221
29225
29228
29231
29234
29238
29241
29244
29247
29250
29254
29257
29260
29263
29267
29270
29273
29276
29280
29283
29286
29289
29292
29296
29299
29302
29305
29309
29312
29315
29318
29321
29325
29328
29331
29334
29338
29341
29344
29347
29350
29354
29357
29360
29363
29367
29370
29373
29376
29380
29383
29386
29389
29392
29396
29399
29402
29405
29409
29412
29415
29418
29421
29425
29428
29431
29434
29438
29441
29444
29447
29450
29454
29457
29460
29463
29467
29470
29473
29476
29480
29483
29486
29490
29493
29496
29500
29503
29506
29509
29513
29516
29520
29523
29526
29530
29533
29536
29540
29543
29546
29549
29553
29556
29560
29563
29566
29570
29573
29576
29580
29583
29586
29589
29592
29596
29599
29602
29605
29609
29612
29615
29618
29621
29625
29628
29631
29634
29638
29641
29644
29647
29650
29654
29657
29660
29663
29667
29670
29673
29676
29680
29683
29686
29690
29693
29697
29700
29704
29707
29711
29714
29717
29721
29724
29728
29731
29735
29738
29742
29745
29748
29752
29755
29759
29762
29766
29769
29773
29776
29780
29783
29787
29790
29794
29797
29801
29805
29808
29812
29815
29819
29822
29826
29830
29833
29837
29840
29844
29847
29851
29855
29858
29862
29865
29869
29872
29876
29880
29883
29886
29890
29893
29897
29900
29904
29907
29911
29914
29917
29921
29924
29928
29931
29935
29938
29942
29945
29948
29952
29955
29959
29962
29966
29969
29973
29976
29980
