0.10 38864.00
0.20 36088.00
0.31 38864.00
0.41 38864.00
0.52 45804.00
0.63 59684.00
0.74 63848.00
0.85 80504.00
0.95 52744.00
1.06 55520.00
1.16 55520.00
1.27 66624.00
1.38 58296.00
1.49 48580.00
1.60 43028.00
1.71 44416.00
1.82 45804.00
1.92 47192.00
2.04 55520.00
2.14 47192.00
2.25 66624.00
2.36 65236.00
2.46 44416.00
2.57 54132.00
2.67 51356.00
2.78 45804.00
2.88 48580.00
3.00 54132.00
3.11 58296.00
3.21 79116.00
3.32 88832.00
3.42 62460.00
3.53 56908.00
3.63 74952.00
3.74 81892.00
3.85 83280.00
3.95 73564.00
4.06 63848.00
4.16 52744.00
4.27 72176.00
4.38 55520.00
4.49 55520.00
4.60 80504.00
4.70 66624.00
4.81 80504.00
4.91 95772.00
5.02 81892.00
5.13 77728.00
5.24 54132.00
5.35 58296.00
5.45 52744.00
5.56 76340.00
5.66 76340.00
5.77 92996.00
5.88 94384.00
5.99 108264.00
6.10 63848.00
6.20 41640.00
6.31 63848.00
6.41 70788.00
6.52 83280.00
6.64 81892.00
6.76 69400.00
6.87 61072.00
6.97 34700.00
7.08 58296.00
7.18 61072.00
7.29 83280.00
7.39 66624.00
7.50 70788.00
7.61 63848.00
7.71 73564.00
7.82 83280.00
7.92 47192.00
8.03 38864.00
8.14 36088.00
8.25 62460.00
8.36 61072.00
8.46 54132.00
8.57 62460.00
8.67 48580.00
8.78 49968.00
8.88 48580.00
8.99 66624.00
9.10 73564.00
9.20 55520.00
9.31 61072.00
9.41 52744.00
9.52 65236.00
9.63 54132.00
9.74 63848.00
9.85 80504.00
9.95 74952.00
10.06 72176.00
10.16 52744.00
10.27 63848.00
10.38 69400.00
10.49 86056.00
10.60 62460.00
10.70 49968.00
10.81 54132.00
10.91 52744.00
11.02 56908.00
11.13 76340.00
11.24 66624.00
11.36 62460.00
11.46 55520.00
11.57 56908.00
11.67 65236.00
11.78 72176.00
11.88 99936.00
12.00 102712.00
12.11 58296.00
12.21 59684.00
12.32 49968.00
12.42 65236.00
12.53 68012.00
12.63 73564.00
12.74 70788.00
12.85 73564.00
12.95 63848.00
13.06 80504.00
13.16 54132.00
13.27 77728.00
13.38 72176.00
13.49 90220.00
13.60 66624.00
13.70 52744.00
13.81 55520.00
13.91 40252.00
14.03 72176.00
14.13 58296.00
14.24 63848.00
14.35 69400.00
14.45 45804.00
14.56 43028.00
14.66 33312.00
14.77 52744.00
14.88 70788.00
14.99 70788.00
15.10 69400.00
15.20 44416.00
15.31 62460.00
15.41 38864.00
15.52 44416.00
15.63 54132.00
15.74 52744.00
15.85 70788.00
15.96 63848.00
16.07 48580.00
16.17 47192.00
16.28 61072.00
16.38 52744.00
16.49 52744.00
16.60 51356.00
16.70 38864.00
16.81 41640.00
16.91 38864.00
17.02 36088.00
17.13 48580.00
17.24 48580.00
17.35 69400.00
17.45 61072.00
17.56 58296.00
17.66 51356.00
17.77 56908.00
17.88 73564.00
17.99 70788.00
18.10 86056.00
18.20 63848.00
18.31 76340.00
18.41 56908.00
18.52 70788.00
18.63 70788.00
18.74 59684.00
18.85 59684.00
18.95 51356.00
19.06 61072.00
19.16 48580.00
19.27 61072.00
19.38 54132.00
19.50 51356.00
19.61 40252.00
19.71 58296.00
19.82 65236.00
19.92 63848.00
20.03 66624.00
20.13 62460.00
20.24 63848.00
20.35 55520.00
20.45 49968.00
20.56 61072.00
20.66 49968.00
20.77 56908.00
20.88 49968.00
20.99 52744.00
21.10 45804.00
21.21 48580.00
21.32 52744.00
21.42 44416.00
21.53 47192.00
21.63 47192.00
21.74 41640.00
21.85 40252.00
21.95 45804.00
22.06 45804.00
22.16 43028.00
22.27 52744.00
22.38 47192.00
22.49 58296.00
22.60 51356.00
22.70 41640.00
22.81 47192.00
22.91 44416.00
23.02 43028.00
23.13 62460.00
23.24 66624.00
23.35 74952.00
23.45 68012.00
23.56 73564.00
23.66 86056.00
23.77 95772.00
23.88 86056.00
23.99 69400.00
24.10 84668.00
24.20 76340.00
24.31 86056.00
24.41 80504.00
24.52 81892.00
24.63 79116.00
24.74 49968.00
24.85 44416.00
24.95 43028.00
25.07 54132.00
25.17 47192.00
25.28 61072.00
25.38 72176.00
25.49 74952.00
25.60 58296.00
25.70 65236.00
25.81 86056.00
25.92 69400.00
26.03 74952.00
26.13 52744.00
26.24 58296.00
26.35 56908.00
26.45 56908.00
26.56 72176.00
26.66 58296.00
26.77 69400.00
26.88 65236.00
26.99 52744.00
27.10 59684.00
27.20 59684.00
27.31 63848.00
27.41 52744.00
27.52 56908.00
27.63 62460.00
27.74 62460.00
27.86 79116.00
27.97 58296.00
28.08 69400.00
28.18 49968.00
28.29 54132.00
28.39 65236.00
28.51 55520.00
28.62 70788.00
28.72 54132.00
28.83 63848.00
28.93 54132.00
29.04 63848.00
29.14 41640.00
29.25 49968.00
29.36 49968.00
29.46 48580.00
29.57 66624.00
29.67 56908.00
29.78 73564.00
29.88 61072.00
29.99 51356.00
