0.12 126308.0
0.23 124920.0
0.34 126308.0
0.44 111040.0
0.55 124920.0
0.65 124920.0
0.76 127696.0
0.87 142964.0
0.98 116592.0
1.10 99936.0
1.20 94384.0
1.32 129084.0
1.42 126308.0
1.53 126308.0
1.63 126308.0
1.74 127696.0
1.85 115204.0
1.95 112428.0
2.06 122144.0
2.16 98548.0
2.27 137412.0
2.37 123532.0
2.48 120756.0
2.59 108264.0
2.69 97160.0
2.80 129084.0
2.90 115204.0
3.01 117980.0
3.12 130472.0
3.23 112428.0
3.34 127696.0
3.44 116592.0
3.55 119368.0
3.65 124920.0
3.76 122144.0
3.87 117980.0
3.98 126308.0
4.09 133248.0
4.19 106876.0
4.30 133248.0
4.40 101324.0
4.51 147128.0
4.62 102712.0
4.73 98548.0
4.84 129084.0
4.94 98548.0
5.05 136024.0
5.15 119368.0
5.27 124920.0
5.37 97160.0
5.48 105488.0
5.59 98548.0
5.69 97160.0
5.80 116592.0
5.90 111040.0
6.01 123532.0
6.12 115204.0
6.23 126308.0
6.34 130472.0
6.44 98548.0
6.55 129084.0
6.65 123532.0
6.76 124920.0
6.87 113816.0
6.98 123532.0
7.09 126308.0
7.19 119368.0
7.30 122144.0
7.40 111040.0
7.51 102712.0
7.62 108264.0
7.73 130472.0
7.84 123532.0
7.94 116592.0
8.05 131860.0
8.15 101324.0
8.26 122144.0
8.37 117980.0
8.48 124920.0
8.59 134636.0
8.70 119368.0
8.82 137412.0
8.92 108264.0
9.03 124920.0
9.13 131860.0
9.24 113816.0
9.35 147128.0
9.45 97160.0
9.56 140188.0
9.66 104100.0
9.77 95772.0
9.87 124920.0
9.98 127696.0
10.09 109652.0
10.19 112428.0
10.30 140188.0
10.40 126308.0
10.51 112428.0
10.62 99936.0
10.73 91608.0
10.84 109652.0
10.94 97160.0
11.05 129084.0
11.15 116592.0
11.26 123532.0
11.37 97160.0
11.48 116592.0
11.59 124920.0
11.69 109652.0
11.80 115204.0
11.90 115204.0
12.01 122144.0
12.12 137412.0
12.23 126308.0
12.34 124920.0
12.44 104100.0
12.55 136024.0
12.65 105488.0
12.76 133248.0
12.87 131860.0
12.98 120756.0
13.09 129084.0
13.19 122144.0
13.30 130472.0
13.40 112428.0
13.51 104100.0
13.62 113816.0
13.73 116592.0
13.85 145740.0
13.95 119368.0
14.06 123532.0
14.16 108264.0
14.27 124920.0
14.37 126308.0
14.49 129084.0
14.60 115204.0
14.70 141576.0
14.81 116592.0
14.91 120756.0
15.02 119368.0
15.13 117980.0
15.24 115204.0
15.35 95772.0
15.45 122144.0
15.57 120756.0
15.67 117980.0
15.78 117980.0
15.88 122144.0
15.99 101324.0
16.10 136024.0
16.20 97160.0
16.31 123532.0
16.41 111040.0
16.52 119368.0
16.62 115204.0
16.73 112428.0
16.84 133248.0
16.94 116592.0
17.05 113816.0
17.15 126308.0
17.26 131860.0
17.37 109652.0
17.48 127696.0
17.59 137412.0
17.69 102712.0
17.80 130472.0
17.90 108264.0
18.01 119368.0
18.12 138800.0
18.23 117980.0
18.34 122144.0
18.44 127696.0
18.55 122144.0
18.65 105488.0
18.76 123532.0
18.87 113816.0
18.98 134636.0
19.09 127696.0
19.19 117980.0
19.30 108264.0
19.40 123532.0
19.51 117980.0
19.62 116592.0
19.73 109652.0
19.84 136024.0
19.94 113816.0
20.05 130472.0
20.15 123532.0
20.26 87444.0
20.37 106876.0
20.48 109652.0
20.59 109652.0
20.69 126308.0
20.80 120756.0
20.90 91608.0
21.01 137412.0
21.12 116592.0
21.23 136024.0
21.34 129084.0
21.44 119368.0
21.56 124920.0
21.66 104100.0
21.77 126308.0
21.87 115204.0
21.98 129084.0
22.09 124920.0
22.19 111040.0
22.30 120756.0
22.40 104100.0
22.51 136024.0
22.62 130472.0
22.73 134636.0
22.85 124920.0
22.95 113816.0
23.06 119368.0
23.16 109652.0
23.27 120756.0
23.37 112428.0
23.48 131860.0
23.59 92996.0
23.69 120756.0
23.80 138800.0
23.90 102712.0
24.01 127696.0
24.12 129084.0
24.23 130472.0
24.34 113816.0
24.44 86056.0
24.55 94384.0
24.65 111040.0
24.77 137412.0
24.88 120756.0
24.99 137412.0
25.10 104100.0
25.20 134636.0
25.31 115204.0
25.41 140188.0
25.52 105488.0
25.62 94384.0
25.73 140188.0
25.84 133248.0
25.94 105488.0
26.05 102712.0
26.15 104100.0
26.26 124920.0
26.37 133248.0
26.49 126308.0
26.60 140188.0
26.70 111040.0
26.81 130472.0
26.91 97160.0
27.02 122144.0
27.12 91608.0
27.23 140188.0
27.34 120756.0
27.44 109652.0
27.55 144352.0
27.66 102712.0
27.77 109652.0
27.87 111040.0
27.98 127696.0
28.09 151292.0
28.19 115204.0
28.30 113816.0
28.40 86056.0
28.51 119368.0
28.62 137412.0
28.73 113816.0
28.84 142964.0
28.94 104100.0
29.05 116592.0
29.15 126308.0
29.26 124920.0
29.37 127696.0
29.48 117980.0
29.59 122144.0
29.69 95772.0
29.80 126308.0
29.90 127696.0
