2
5
7
10
13
15
18
21
23
26
28
31
34
36
39
42
44
47
49
52
55
57
60
63
65
68
71
73
76
78
81
84
86
89
92
94
97
99
102
105
107
110
112
115
117
120
123
125
128
130
133
135
138
141
143
146
148
151
153
156
158
161
164
166
169
171
174
176
179
182
184
187
189
192
194
197
200
202
205
207
210
213
215
218
221
223
226
228
231
234
236
239
242
244
247
250
252
255
257
260
263
265
268
271
273
276
278
281
284
286
289
292
294
297
300
302
305
307
310
312
315
317
320
323
325
328
330
333
335
338
341
343
346
348
351
353
356
358
361
364
366
369
371
374
376
379
382
384
387
389
392
394
397
400
402
405
407
410
412
415
417
420
423
425
428
430
433
435
438
441
443
446
448
451
453
456
458
461
464
466
469
471
474
476
479
482
484
487
489
492
494
497
500
507
515
523
530
538
546
553
561
569
576
584
592
600
607
614
621
628
635
642
649
657
664
671
678
685
692
700
707
715
723
730
738
746
753
761
769
776
784
792
800
807
815
823
830
838
846
853
861
869
876
884
892
900
907
914
921
928
935
942
950
957
964
971
978
985
992
1000
1002
1005
1007
1010
1013
1015
1018
1021
1023
1026
1028
1031
1034
1036
1039
1042
1044
1047
1050
1052
1055
1057
1060
1063
1065
1068
1071
1073
1076
1078
1081
1084
1086
1089
1092
1094
1097
1100
1102
1105
1107
1110
1113
1115
1118
1121
1123
1126
1128
1131
1134
1136
1139
1142
1144
1147
1150
1152
1155
1157
1160
1163
1165
1168
1171
1173
1176
1178
1181
1184
1186
1189
1192
1194
1197
1200
1202
1205
1207
1210
1213
1215
1218
1221
1223
1226
1228
1231
1234
1236
1239
1242
1244
1247
1250
1252
1255
1257
1260
1263
1265
1268
1271
1273
1276
1278
1281
1284
1286
1289
1292
1294
1297
1300
1302
1305
1307
1310
1313
1315
1318
1321
1323
1326
1328
1331
1334
1336
1339
1342
1344
1347
1350
1352
1355
1357
1360
1363
1365
1368
1371
1373
1376
1378
1381
1384
1386
1389
1392
1394
1397
1400
1402
1405
1407
1410
1413
1415
1418
1421
1423
1426
1428
1431
1434
1436
1439
1442
1444
1447
1450
1452
1455
1457
1460
1463
1465
1468
1471
1473
1476
1478
1481
1484
1486
1489
1492
1494
1497
1500
1506
1513
1520
1526
1533
1540
1546
1553
1560
1566
1573
1580
1586
1593
1600
1607
1614
1621
1628
1635
1642
1650
1657
1664
1671
1678
1685
1692
1700
1707
1714
1721
1728
1735
1742
1750
1757
1764
1771
1778
1785
1792
1800
1806
1813
1820
1826
1833
1840
1846
1853
1859
1866
1873
1880
1886
1893
1900
1907
1914
1921
1928
1935
1942
1950
1957
1964
1971
1978
1985
1992
2000
2005
2010
2015
2021
2026
2031
2036
2042
2047
2052
2057
2063
2068
2073
2078
2084
2089
2094
2100
2105
2110
2115
2121
2126
2131
2136
2142
2147
2152
2157
2163
2168
2173
2178
2184
2189
2194
2200
2205
2210
2215
2220
2225
2230
2235
2240
2245
2250
2255
2260
2265
2270
2275
2280
2284
2290
2295
2300
2305
2310
2315
2321
2326
2331
2336
2342
2347
2352
2357
2363
2368
2373
2378
2384
2389
2394
2400
2405
2410
2415
2421
2426
2431
2436
2442
2447
2452
2457
2463
2468
2473
2478
2484
2489
2494
2500
2505
2510
2515
2520
2525
2530
2535
2540
2545
2550
2555
2560
2565
2570
2575
2580
2585
2590
2595
2600
2605
2610
2615
2620
2625
2630
2635
2640
2645
2650
2655
2660
2665
2670
2675
2680
2685
2690
2695
2700
2705
2710
2715
2720
2725
2730
2735
2740
2745
2750
2755
2760
2765
2770
2775
2780
2784
2790
2795
2800
2804
2809
2815
2820
2824
2830
2835
2840
2844
2849
2855
2860
2864
2870
2875
2880
2885
2889
2895
2900
2905
2910
2915
2920
2925
2929
2935
2940
2945
2950
2955
2960
2965
2969
2975
2980
2985
2990
2995
3000
3004
3008
3012
3016
3020
3025
3029
3033
3037
3041
3045
3050
3054
3058
3062
3066
3070
3075
3079
3083
3087
3091
3095
3100
3104
3108
3112
3116
3120
3124
3128
3132
3136
3140
3144
3148
3152
3156
3160
3164
3168
3172
3176
3180
3184
3188
3192
3196
3200
3204
3208
3212
3216
3220
3224
3228
3232
3236
3240
3244
3248
3252
3256
3260
3264
3268
3272
3276
3280
3284
3288
3292
3296
3300
3304
3308
3312
3316
3320
3324
3329
3333
3337
3341
3345
3349
3354
3358
3362
3366
3370
3375
3379
3383
3387
3391
3395
3400
3404
3408
3412
3416
3420
3424
3428
3432
3436
3440
3444
3448
3452
3456
3460
3464
3468
3472
3476
3480
3484
3488
3492
3496
3500
3506
3512
3518
3525
3531
3537
3543
3550
3556
3562
3568
3575
3581
3587
3593
3600
3606
3613
3620
3626
3633
3640
3646
3653
3660
3666
3673
3680
3686
3693
3700
3706
3712
3718
3725
3731
3737
3743
3750
3756
3762
3768
3775
3781
3787
3793
3800
3806
3813
3820
3826
3833
3840
3846
3853
3860
3866
3873
3880
3886
3893
3900
3906
3912
3918
3925
3931
3937
3943
3950
3956
3962
3968
3975
3981
3987
3993
4000
4007
4014
4021
4028
4035
4042
4050
4057
4064
4071
4078
4085
4092
4100
4107
4114
4121
4128
4135
4142
4150
4157
4164
4171
4178
4185
4192
4200
4207
4214
4221
4228
4235
4242
4250
4257
4264
4271
4278
4285
4292
4300
4307
4314
4321
4328
4335
4342
4350
4357
4364
4371
4378
4385
4392
4400
4406
4413
4420
4426
4433
4440
4446
4453
4460
4466
4473
4480
4486
4493
4500
4506
4512
4518
4525
4531
4537
4543
4550
4556
4562
4568
4574
4581
4587
4593
4600
4606
4612
4618
4625
4631
4637
4643
4650
4656
4662
4668
4675
4681
4687
4693
4700
4706
4712
4718
4725
4731
4737
4743
4750
4756
4762
4768
4775
4781
4787
4793
4800
4805
4811
4817
4823
4829
4835
4841
4847
4852
4858
4864
4870
4876
4882
4888
4894
4900
4906
4912
4918
4925
4931
4937
4943
4950
4956
4962
4968
4975
4981
4987
4993
5000
5009
5018
5027
5036
5045
5054
5063
5072
5081
5090
5100
5109
5120
5130
5140
5150
5160
5170
5180
5190
5200
5209
5218
5227
5236
5245
5254
5263
5272
5281
5290
5300
5309
5318
5327
5336
5345
5354
5363
5372
5381
5390
5400
5409
5418
5427
5436
5445
5454
5463
5472
5481
5490
5500
5504
5509
5513
5518
5522
5527
5531
5536
5540
5545
5550
5554
5559
5563
5568
5572
5577
5581
5586
5590
5595
5600
5604
5609
5613
5618
5622
5627
5631
5636
5640
5645
5650
5654
5659
5663
5668
5672
5677
5681
5686
5690
5695
5700
5704
5709
5713
5718
5722
5727
5731
5736
5740
5745
5750
5754
5759
5763
5768
5772
5777
5781
5786
5790
5795
5800
5804
5809
5814
5819
5823
5828
5833
5838
5842
5847
5852
5857
5861
5866
5871
5876
5880
5885
5890
5895
5900
5904
5909
5913
5918
5922
5927
5931
5936
5940
5945
5950
5954
5959
5963
5968
5972
5977
5981
5986
5990
5995
6000
6007
6014
6021
6028
6035
6042
6050
6057
6064
6071
6078
6085
6092
6100
6107
6114
6121
6128
6135
6142
6150
6157
6164
6171
6178
6185
6192
6200
6207
6214
6221
6228
6235
6242
6250
6257
6264
6271
6278
6285
6292
6300
6307
6314
6321
6328
6335
6342
6350
6357
6364
6371
6378
6385
6392
6400
6407
6414
6421
6428
6435
6442
6450
6457
6464
6471
6478
6485
6492
6500
6505
6511
6517
6523
6529
6535
6541
6547
6552
6558
6564
6570
6576
6582
6588
6594
6600
6606
6612
6618
6625
6631
6637
6643
6650
6656
6662
6668
6675
6681
6687
6693
6700
6705
6711
6717
6723
6729
6735
6741
6747
6752
6758
6764
6770
6776
6782
6788
6794
6800
6805
6811
6817
6823
6829
6835
6841
6847
6852
6858
6864
6870
6876
6882
6888
6894
6900
6906
6912
6918
6925
6931
6937
6943
6950
6956
6962
6968
6975
6981
6987
6993
7000
7007
7014
7021
7028
7035
7042
7050
7057
7064
7071
7078
7085
7092
7100
7107
7114
7121
7128
7135
7142
7150
7157
7164
7171
7178
7185
7192
7200
7206
7213
7220
7226
7233
7240
7246
7253
7260
7266
7273
7280
7286
7293
7300
7307
7314
7321
7328
7335
7342
7350
7357
7364
7371
7378
7385
7392
7400
7407
7414
7421
7428
7435
7442
7450
7457
7464
7471
7478
7485
7492
7500
7507
7515
7523
7530
7538
7546
7553
7561
7569
7576
7584
7592
7600
7608
7616
7625
7633
7641
7650
7658
7666
7675
7683
7691
7700
7707
7715
7723
7730
7738
7746
7753
7761
7769
7776
7784
7792
7800
7807
7815
7823
7830
7838
7846
7853
7861
7869
7876
7884
7892
7900
7907
7915
7923
7930
7938
7946
7953
7961
7969
7976
7984
7992
8000
8011
8022
8033
8044
8055
8066
8077
8088
8100
8109
8119
8129
8139
8149
8160
8170
8180
8189
8200
8211
8222
8233
8244
8255
8266
8277
8288
8300
8311
8322
8333
8344
8355
8366
8377
8388
8400
8410
8420
8430
8440
8450
8460
8470
8480
8490
8500
8506
8513
8520
8526
8533
8540
8546
8553
8560
8566
8573
8580
8586
8593
8600
8607
8614
8621
8628
8635
8642
8649
8657
8664
8671
8678
8685
8692
8700
8706
8713
8719
8726
8733
8740
8746
8753
8760
8766
8773
8780
8786
8793
8800
8806
8813
8820
8826
8833
8840
8846
8853
8860
8866
8873
8880
8886
8893
8900
8907
8914
8921
8928
8935
8942
8950
8957
8964
8971
8978
8985
8992
9000
9006
9013
9020
9026
9033
9040
9046
9053
9060
9066
9073
9080
9086
9093
9100
9107
9114
9121
9128
9135
9142
9149
9157
9164
9171
9178
9185
9192
9200
9207
9214
9221
9228
9235
9242
9250
9257
9264
9271
9278
9285
9292
9300
9306
9313
9320
9326
9333
9340
9346
9353
9360
9366
9373
9380
9386
9393
9400
9407
9414
9421
9428
9435
9442
9450
9457
9464
9471
9478
9485
9492
9500
9505
9510
9515
9521
9526
9531
9536
9542
9547
9552
9557
9563
9568
9573
9578
9584
9589
9594
9600
9605
9610
9615
9620
9625
9629
9635
9639
9645
9649
9655
9660
9665
9670
9674
9680
9684
9690
9694
9700
9705
9709
9715
9719
9725
9730
9735
9740
9745
9750
9755
9760
9765
9770
9775
9780
9785
9790
9795
9800
9805
9810
9815
9821
9826
9831
9836
9842
9847
9852
9857
9863
9868
9873
9878
9884
9889
9894
9900
9905
9910
9915
9920
9925
9930
9935
9940
9945
9950
9955
9960
9965
9970
9975
9980
9985
9990
9995
10000
10005
10010
10015
10021
10026
10031
10036
10042
10047
10052
10057
10063
10068
10073
10078
10084
10089
10094
10100
10105
10110
10115
10121
10126
10131
10136
10142
10147
10152
10157
10163
10168
10173
10178
10184
10189
10194
10200
10205
10210
10215
10221
10226
10231
10236
10242
10247
10252
10257
10263
10268
10273
10278
10284
10289
10294
10300
10305
10310
10315
10320
10325
10330
10335
10340
10345
10350
10355
10360
10365
10370
10375
10380
10385
10390
10395
10400
10405
10410
10415
10421
10426
10431
10436
10442
10447
10452
10457
10463
10468
10473
10478
10484
10489
10494
10500
10506
10513
10520
10526
10533
10540
10546
10553
10560
10566
10573
10580
10586
10593
10600
10606
10613
10620
10626
10633
10639
10646
10653
10660
10666
10673
10680
10686
10693
10700
10706
10712
10718
10725
10731
10737
10743
10750
10756
10762
10768
10775
10781
10787
10793
10800
10806
10813
10820
10826
10833
10840
10846
10853
10860
10866
10873
10880
10886
10893
10900
10906
10913
10920
10926
10933
10940
10946
10953
10960
10966
10973
10980
10986
10993
11000
11004
11009
11013
11018
11022
11027
11031
11036
11040
11045
11050
11054
11059
11063
11068
11072
11077
11081
11086
11090
11095
11100
11104
11108
11113
11117
11121
11126
11130
11134
11139
11143
11147
11152
11156
11160
11165
11169
11173
11178
11182
11186
11191
11195
11200
11204
11209
11213
11218
11222
11227
11231
11236
11240
11245
11250
11254
11259
11263
11268
11272
11277
11281
11286
11290
11295
11300
11304
11309
11313
11318
11322
11327
11331
11336
11340
11345
11350
11354
11359
11363
11368
11372
11377
11381
11386
11390
11395
11400
11404
11408
11413
11417
11421
11426
11430
11434
11439
11443
11447
11452
11456
11460
11465
11469
11473
11478
11482
11486
11491
11495
11500
11507
11514
11521
11528
11535
11542
11550
11557
11564
11571
11578
11585
11592
11600
11607
11614
11621
11628
11635
11642
11649
11657
11664
11671
11678
11685
11692
11700
11707
11714
11721
11728
11735
11742
11750
11757
11764
11771
11778
11785
11792
11800
11807
11814
11821
11828
11835
11842
11850
11857
11864
11871
11878
11885
11892
11900
11907
11914
11921
11928
11935
11942
11950
11957
11964
11971
11978
11985
11992
12000
12005
12011
12017
12023
12029
12035
12041
12047
12052
12058
12064
12070
12076
12082
12088
12094
12100
12105
12111
12117
12123
12129
12135
12141
12147
12152
12158
12164
12170
12176
12182
12188
12194
12200
12205
12211
12217
12223
12229
12235
12241
12247
12252
12258
12264
12270
12276
12282
12288
12294
12300
12306
12312
12318
12325
12331
12337
12343
12350
12356
12362
12368
12375
12381
12387
12393
12400
12405
12411
12417
12423
12429
12435
12441
12447
12452
12458
12464
12470
12476
12482
12488
12494
12500
12503
12507
12511
12515
12519
12523
12526
12530
12534
12538
12542
12546
12550
12553
12557
12561
12565
12569
12573
12576
12580
12584
12588
12592
12596
12600
12603
12607
12611
12615
12619
12623
12626
12630
12634
12638
12642
12646
12649
12653
12657
12661
12665
12669
12673
12676
12680
12684
12688
12692
12696
12700
12703
12707
12711
12715
12719
12723
12726
12730
12734
12738
12742
12746
12750
12753
12757
12761
12765
12769
12773
12776
12780
12784
12788
12792
12796
12800
12804
12808
12812
12816
12820
12824
12828
12832
12836
12840
12844
12848
12852
12856
12860
12864
12868
12872
12876
12880
12884
12888
12892
12896
12900
12903
12907
12911
12915
12919
12923
12926
12930
12934
12938
12942
12946
12950
12953
12957
12961
12965
12969
12973
12976
12980
12984
12988
12992
12996
13000
13006
13012
13018
13025
13031
13037
13043
13050
13056
13062
13068
13075
13081
13087
13093
13100
13106
13112
13118
13125
13131
13137
13143
13149
13156
13162
13168
13174
13181
13187
13193
13200
13205
13211
13217
13223
13229
13235
13241
13247
13252
13258
13264
13270
13276
13282
13288
13294
13300
13306
13312
13318
13325
13331
13337
13343
13350
13356
13362
13368
13375
13381
13387
13393
13400
13406
13412
13418
13425
13431
13437
13443
13450
13456
13462
13468
13475
13481
13487
13493
13500
13504
13508
13512
13516
13520
13524
13528
13532
13536
13540
13544
13548
13552
13556
13560
13564
13568
13572
13576
13580
13584
13588
13592
13596
13600
13604
13608
13612
13616
13620
13625
13629
13633
13637
13641
13645
13649
13654
13658
13662
13666
13670
13674
13679
13683
13687
13691
13695
13700
13703
13708
13712
13716
13719
13724
13728
13732
13736
13740
13744
13748
13752
13756
13760
13764
13768
13772
13776
13780
13784
13788
13792
13796
13800
13804
13808
13812
13816
13820
13825
13829
13833
13837
13841
13845
13850
13854
13858
13862
13866
13870
13875
13879
13883
13887
13891
13895
13900
13904
13908
13912
13916
13920
13925
13929
13933
13937
13941
13945
13950
13954
13958
13962
13966
13970
13975
13979
13983
13987
13991
13995
14000
14005
14010
14015
14021
14026
14031
14036
14042
14047
14052
14057
14063
14068
14073
14078
14084
14089
14094
14100
14105
14110
14115
14121
14126
14131
14136
14142
14147
14152
14157
14163
14168
14173
14178
14184
14189
14194
14200
14205
14211
14216
14222
14227
14233
14238
14244
14250
14255
14261
14266
14272
14277
14283
14288
14294
14300
14305
14310
14315
14321
14326
14331
14336
14342
14347
14352
14357
14363
14368
14373
14378
14384
14389
14394
14400
14405
14411
14416
14422
14427
14433
14438
14444
14450
14455
14461
14466
14472
14477
14483
14488
14494
14500
14507
14515
14523
14530
14538
14546
14553
14561
14569
14576
14584
14592
14600
14607
14614
14621
14628
14635
14642
14649
14657
14664
14671
14678
14685
14692
14700
14707
14715
14723
14730
14738
14746
14753
14761
14769
14776
14784
14792
14800
14807
14815
14823
14830
14838
14846
14853
14861
14869
14876
14884
14892
14900
14907
14914
14921
14928
14935
14942
14950
14957
14964
14971
14978
14985
14992
15000
15006
15012
15018
15025
15031
15037
15043
15050
15056
15062
15068
15075
15081
15087
15093
15100
15106
15112
15118
15125
15131
15137
15143
15149
15156
15162
15168
15174
15181
15187
15193
15200
15206
15212
15218
15225
15231
15237
15243
15250
15256
15262
15268
15275
15281
15287
15293
15300
15306
15312
15318
15325
15331
15337
15343
15350
15356
15362
15368
15375
15381
15387
15393
15400
15406
15412
15418
15425
15431
15437
15443
15450
15456
15462
15468
15475
15481
15487
15493
15500
15505
15510
15515
15520
15525
15530
15535
15540
15545
15550
15555
15560
15565
15570
15575
15580
15584
15590
15594
15600
15604
15609
15614
15619
15623
15628
15633
15638
15642
15647
15652
15657
15661
15666
15671
15676
15680
15685
15690
15695
15700
15705
15709
15715
15719
15725
15730
15735
15740
15745
15750
15755
15760
15765
15770
15775
15780
15785
15790
15795
15800
15804
15809
15814
15819
15823
15828
15833
15838
15842
15847
15852
15857
15861
15866
15871
15876
15880
15885
15890
15895
15900
15905
15910
15915
15920
15925
15930
15935
15940
15945
15950
15955
15960
15965
15970
15975
15980
15985
15990
15995
16000
16009
16018
16027
16036
16045
16054
16063
16072
16081
16090
16100
16110
16120
16130
16140
16149
16160
16170
16180
16189
16200
16209
16218
16227
16236
16245
16254
16263
16272
16281
16290
16300
16310
16320
16329
16340
16350
16360
16369
16379
16390
16400
16409
16418
16427
16436
16445
16454
16463
16472
16481
16490
16500
16506
16513
16520
16526
16533
16540
16546
16553
16560
16566
16573
16580
16586
16593
16600
16606
16613
16620
16626
16633
16640
16646
16653
16660
16666
16673
16680
16686
16693
16700
16706
16712
16718
16725
16731
16737
16743
16750
16756
16762
16768
16775
16781
16787
16793
16800
16806
16813
16820
16826
16833
16840
16846
16853
16860
16866
16873
16880
16886
16893
16900
16906
16913
16919
16926
16933
16939
16946
16953
16960
16966
16973
16980
16986
16993
17000
17005
17011
17016
17022
17027
17033
17038
17044
17050
17055
17061
17066
17072
17077
17083
17088
17094
17100
17105
17111
17116
17122
17127
17133
17138
17144
17150
17155
17161
17166
17172
17177
17183
17188
17194
17200
17205
17211
17217
17223
17229
17235
17241
17247
17252
17258
17264
17270
17276
17282
17288
17294
17300
17305
17311
17316
17322
17327
17333
17338
17344
17350
17355
17361
17366
17372
17377
17383
17388
17394
17400
17405
17411
17416
17422
17427
17433
17438
17444
17450
17455
17461
17466
17472
17477
17483
17488
17494
17500
17505
17511
17516
17522
17527
17533
17538
17544
17550
17555
17561
17566
17572
17577
17583
17588
17594
17600
17605
17610
17615
17621
17626
17631
17636
17642
17647
17652
17657
17663
17668
17673
17678
17684
17689
17694
17700
17705
17711
17716
17722
17727
17733
17738
17744
17750
17755
17761
17766
17772
17777
17783
17788
17794
17800
17805
17810
17815
17821
17826
17831
17836
17842
17847
17852
17857
17863
17868
17873
17878
17884
17889
17894
17900
17905
17911
17916
17922
17927
17933
17938
17944
17950
17955
17961
17966
17972
17977
17983
17988
17994
18000
18005
18010
18015
18021
18026
18031
18036
18042
18047
18052
18057
18063
18068
18073
18078
18084
18089
18094
18100
18105
18110
18115
18121
18126
18131
18136
18142
18147
18152
18157
18163
18168
18173
18178
18184
18189
18194
18200
18205
18211
18216
18222
18227
18233
18238
18244
18250
18255
18261
18266
18272
18277
18283
18288
18294
18300
18305
18310
18315
18321
18326
18331
18336
18342
18347
18352
18357
18363
18368
18373
18378
18384
18389
18394
18400
18405
18410
18415
18421
18426
18431
18436
18442
18447
18452
18457
18463
18468
18473
18478
18484
18489
18494
18500
18525
18550
18575
18600
18620
18640
18660
18680
18700
18725
18750
18775
18800
18820
18840
18860
18880
18900
18919
18939
18960
18980
19000
19005
19011
19016
19022
19027
19033
19038
19044
19050
19055
19061
19066
19072
19077
19083
19088
19094
19100
19105
19111
19116
19122
19127
19133
19138
19144
19150
19155
19161
19166
19172
19177
19183
19188
19194
19200
19205
19211
19216
19222
19227
19233
19238
19244
19250
19255
19261
19266
19272
19277
19283
19288
19294
19300
19305
19311
19316
19322
19327
19333
19338
19344
19350
19355
19361
19366
19372
19377
19383
19388
19394
19400
19405
19411
19416
19422
19427
19433
19438
19444
19450
19455
19461
19466
19472
19477
19483
19488
19494
19500
19505
19511
19517
19523
19529
19535
19541
19547
19552
19558
19564
19570
19576
19582
19588
19594
19600
19606
19612
19618
19625
19631
19637
19643
19650
19656
19662
19668
19675
19681
19687
19693
19700
19706
19712
19718
19725
19731
19737
19743
19750
19756
19762
19768
19775
19781
19787
19793
19800
19806
19812
19818
19825
19831
19837
19843
19850
19856
19862
19868
19875
19881
19887
19893
19900
19906
19912
19918
19924
19931
19937
19943
19950
19956
19962
19968
19975
19981
19987
19993
20000
20005
20011
20016
20022
20027
20033
20038
20044
20050
20055
20061
20066
20072
20077
20083
20088
20094
20100
20105
20111
20117
20123
20129
20135
20141
20147
20152
20158
20164
20170
20176
20182
20188
20194
20200
20205
20211
20216
20222
20227
20233
20238
20244
20250
20255
20261
20266
20272
20277
20283
20288
20294
20300
20305
20311
20316
20322
20327
20333
20338
20344
20350
20355
20361
20366
20372
20377
20383
20388
20394
20400
20405
20411
20416
20422
20427
20433
20438
20444
20450
20455
20461
20466
20472
20477
20483
20488
20494
20500
20504
20508
20512
20516
20520
20525
20529
20533
20537
20541
20545
20550
20554
20558
20562
20566
20570
20575
20579
20583
20587
20591
20595
20600
20604
20608
20612
20616
20620
20625
20629
20633
20637
20641
20645
20650
20654
20658
20662
20666
20670
20675
20679
20683
20687
20691
20695
20700
20704
20708
20712
20716
20720
20725
20729
20733
20737
20741
20745
20750
20754
20758
20762
20766
20770
20775
20779
20783
20787
20791
20795
20800
20804
20808
20812
20816
20820
20825
20829
20833
20837
20841
20845
20850
20854
20858
20862
20866
20870
20875
20879
20883
20887
20891
20895
20900
20904
20908
20912
20916
20920
20924
20929
20933
20937
20941
20945
20950
20954
20958
20962
20966
20970
20975
20979
20983
20987
20991
20995
21000
21011
21022
21033
21044
21055
21066
21077
21088
21100
21110
21120
21130
21140
21150
21160
21170
21180
21189
21200
21210
21220
21230
21240
21250
21260
21270
21280
21290
21300
21311
21322
21333
21344
21355
21366
21377
21388
21400
21410
21419
21430
21439
21450
21460
21470
21480
21490
21500
21503
21507
21511
21514
21518
21522
21525
21529
21533
21537
21540
21544
21548
21551
21555
21559
21562
21566
21570
21574
21577
21581
21585
21588
21592
21596
21600
21603
21607
21611
21614
21618
21622
21625
21629
21633
21637
21640
21644
21648
21651
21655
21659
21662
21666
21670
21674
21677
21681
21685
21688
21692
21696
21700
21703
21707
21711
21715
21719
21723
21726
21730
21734
21738
21742
21746
21750
21753
21757
21761
21765
21769
21773
21776
21780
21784
21788
21792
21796
21800
21803
21807
21811
21814
21818
21822
21825
21829
21833
21837
21840
21844
21848
21851
21855
21859
21862
21866
21870
21874
21877
21881
21885
21888
21892
21896
21900
21903
21907
21911
21914
21918
21922
21925
21929
21933
21937
21940
21944
21948
21951
21955
21959
21962
21966
21970
21974
21977
21981
21985
21988
21992
21996
22000
22025
22050
22075
22100
22133
22166
22200
22225
22250
22275
22300
22333
22366
22400
22424
22450
22475
22500
22501
22502
22504
22505
22507
22508
22510
22511
22513
22514
22516
22517
22519
22520
22522
22523
22525
22526
22528
22529
22531
22532
22534
22535
22537
22538
22540
22541
22543
22544
22546
22547
22549
22550
22552
22553
22555
22556
22558
22559
22561
22562
22564
22565
22567
22568
22570
22571
22573
22574
22576
22577
22579
22580
22582
22583
22585
22586
22588
22589
22591
22592
22594
22595
22597
22598
22600
22601
22602
22604
22605
22607
22608
22610
22611
22613
22614
22616
22617
22619
22620
22622
22623
22625
22626
22627
22629
22630
22632
22633
22635
22636
22638
22639
22641
22642
22644
22645
22647
22648
22650
22651
22652
22654
22655
22657
22658
22660
22661
22663
22664
22666
22667
22669
22670
22672
22673
22675
22676
22677
22679
22680
22682
22683
22685
22686
22688
22689
22691
22692
22694
22695
22697
22698
22700
22701
22702
22704
22705
22707
22708
22710
22711
22713
22714
22716
22717
22719
22720
22722
22723
22725
22726
22727
22729
22730
22732
22733
22735
22736
22738
22739
22741
22742
22744
22745
22747
22748
22750
22751
22752
22754
22755
22757
22758
22760
22761
22763
22764
22766
22767
22769
22770
22772
22773
22775
22776
22777
22779
22780
22782
22783
22785
22786
22788
22789
22791
22792
22794
22795
22797
22798
22800
22801
22802
22804
22805
22807
22808
22810
22811
22813
22814
22816
22817
22819
22820
22822
22823
22825
22826
22828
22829
22831
22832
22834
22835
22837
22838
22840
22841
22843
22844
22846
22847
22849
22850
22852
22853
22855
22856
22858
22859
22861
22862
22864
22865
22867
22868
22870
22871
22873
22874
22876
22877
22879
22880
22882
22883
22885
22886
22888
22889
22891
22892
22894
22895
22897
22898
22900
22901
22902
22904
22905
22907
22908
22910
22911
22913
22914
22916
22917
22919
22920
22922
22923
22924
22926
22927
22929
22930
22932
22933
22935
22936
22938
22939
22941
22942
22944
22945
22947
22948
22950
22951
22952
22954
22955
22957
22958
22960
22961
22963
22964
22966
22967
22969
22970
22972
22973
22975
22976
22977
22979
22980
22982
22983
22985
22986
22988
22989
22991
22992
22994
22995
22997
22998
23000
23002
23004
23006
23008
23010
23012
23014
23016
23018
23020
23022
23025
23027
23029
23031
23033
23035
23037
23039
23041
23043
23045
23047
23050
23052
23054
23056
23058
23060
23062
23064
23066
23068
23070
23072
23075
23077
23079
23081
23083
23085
23087
23089
23091
23093
23095
23097
23100
23102
23104
23106
23108
23110
23112
23114
23116
23118
23120
23122
23125
23127
23129
23131
23133
23135
23137
23139
23141
23143
23145
23147
23150
23152
23154
23156
23158
23160
23162
23164
23166
23168
23170
23172
23175
23177
23179
23181
23183
23185
23187
23189
23191
23193
23195
23197
23200
23202
23204
23206
23208
23210
23212
23214
23216
23218
23220
23222
23225
23227
23229
23231
23233
23235
23237
23239
23241
23243
23245
23247
23250
23252
23254
23256
23258
23260
23262
23264
23266
23268
23270
23272
23275
23277
23279
23281
23283
23285
23287
23289
23291
23293
23295
23297
23300
23302
23304
23306
23308
23310
23312
23314
23317
23319
23321
23323
23325
23327
23329
23331
23334
23336
23338
23340
23342
23344
23346
23348
23351
23353
23355
23357
23359
23361
23363
23365
23368
23370
23372
23374
23376
23378
23380
23382
23385
23387
23389
23391
23393
23395
23397
23400
23402
23404
23406
23408
23410
23412
23414
23416
23418
23420
23422
23424
23427
23429
23431
23433
23435
23437
23439
23441
23443
23445
23447
23450
23452
23454
23456
23458
23460
23462
23464
23466
23468
23470
23472
23475
23477
23479
23481
23483
23485
23487
23489
23491
23493
23495
23497
23500
23502
23504
23506
23508
23510
23513
23515
23517
23519
23521
23523
23526
23528
23530
23532
23534
23536
23539
23541
23543
23545
23547
23550
23552
23554
23556
23558
23560
23563
23565
23567
23569
23571
23573
23576
23578
23580
23582
23584
23586
23589
23591
23593
23595
23597
23600
23602
23604
23606
23608
23610
23613
23615
23617
23619
23621
23623
23626
23628
23630
23632
23634
23636
23639
23641
23643
23645
23647
23650
23652
23654
23656
23658
23660
23663
23665
23667
23669
23671
23673
23676
23678
23680
23682
23684
23686
23689
23691
23693
23695
23697
23700
23702
23704
23706
23708
23711
23713
23715
23717
23720
23722
23724
23726
23728
23731
23733
23735
23737
23740
23742
23744
23746
23748
23751
23753
23755
23757
23760
23762
23764
23766
23768
23771
23773
23775
23777
23780
23782
23784
23786
23788
23791
23793
23795
23797
23800
23802
23804
23806
23808
23810
23813
23815
23817
23819
23821
23823
23826
23828
23830
23832
23834
23836
23839
23841
23843
23845
23847
23850
23852
23854
23856
23858
23860
23863
23865
23867
23869
23871
23873
23876
23878
23880
23882
23884
23886
23889
23891
23893
23895
23897
23900
23902
23904
23906
23908
23911
23913
23915
23917
23919
23922
23924
23926
23928
23931
23933
23935
23937
23939
23942
23944
23946
23948
23951
23953
23955
23957
23960
23962
23964
23966
23968
23971
23973
23975
23977
23980
23982
23984
23986
23988
23991
23993
23995
23997
24000
24006
24013
24020
24026
24033
24040
24046
24053
24060
24066
24073
24080
24086
24093
24100
24106
24113
24120
24126
24133
24140
24146
24153
24160
24166
24173
24180
24186
24193
24200
24206
24213
24220
24226
24233
24240
24246
24253
24260
24266
24273
24280
24286
24293
24300
24306
24313
24320
24326
24333
24340
24346
24353
24360
24366
24373
24380
24386
24393
24400
24406
24413
24419
24426
24433
24439
24446
24453
24460
24466
24473
24480
24486
24493
24500
24504
24508
24512
24516
24520
24525
24529
24533
24537
24541
24545
24550
24554
24558
24562
24566
24570
24575
24579
24583
24587
24591
24595
24600
24604
24608
24612
24616
24620
24624
24628
24632
24636
24640
24644
24648
24652
24656
24660
24664
24668
24672
24676
24680
24684
24688
24692
24695
24700
24704
24708
24712
24716
24720
24725
24729
24733
24737
24741
24745
24750
24754
24758
24762
24766
24770
24775
24779
24783
24787
24791
24795
24800
24804
24808
24812
24816
24820
24824
24828
24832
24836
24840
24844
24848
24852
24855
24860
24864
24868
24872
24875
24880
24884
24887
24892
24895
24900
24904
24908
24912
24916
24920
24924
24929
24933
24937
24941
24945
24950
24954
24958
24962
24966
24970
24975
24979
24983
24987
24991
24995
25000
25007
25015
25023
25030
25038
25046
25053
25061
25069
25076
25084
25092
25100
25107
25115
25123
25130
25138
25146
25153
25161
25169
25176
25184
25192
25200
25208
25216
25225
25233
25241
25250
25258
25266
25275
25283
25291
25300
25307
25315
25323
25330
25338
25346
25353
25361
25369
25376
25384
25392
25400
25407
25415
25423
25430
25438
25446
25453
25461
25469
25476
25484
25492
25500
25505
25510
25515
25521
25526
25531
25536
25542
25547
25552
25557
25563
25568
25573
25578
25584
25589
25594
25600
25605
25611
25616
25622
25627
25633
25638
25644
25650
25655
25661
25666
25672
25677
25683
25688
25694
25700
25705
25710
25715
25721
25726
25731
25736
25742
25747
25752
25757
25763
25768
25773
25778
25784
25789
25794
25800
25805
25810
25815
25821
25826
25831
25836
25842
25847
25852
25857
25863
25868
25873
25878
25884
25889
25894
25900
25905
25911
25916
25922
25927
25933
25938
25944
25950
25955
25961
25966
25972
25977
25983
25988
25994
26000
26003
26007
26010
26014
26017
26021
26025
26028
26032
26035
26039
26042
26046
26050
26053
26057
26060
26064
26067
26071
26075
26078
26082
26085
26089
26092
26096
26100
26103
26107
26111
26114
26118
26122
26125
26129
26133
26137
26140
26144
26148
26151
26155
26159
26162
26166
26170
26174
26177
26181
26185
26188
26192
26196
26200
26203
26207
26211
26214
26218
26222
26225
26229
26233
26237
26240
26244
26248
26251
26255
26259
26262
26266
26270
26274
26277
26281
26285
26288
26292
26296
26300
26303
26307
26311
26314
26318
26322
26325
26329
26333
26337
26340
26344
26348
26351
26355
26359
26362
26366
26370
26374
26377
26381
26385
26388
26392
26396
26400
26403
26407
26410
26414
26417
26421
26424
26428
26432
26435
26439
26442
26446
26450
26453
26457
26460
26464
26467
26471
26475
26478
26482
26485
26489
26492
26496
26500
26510
26520
26530
26540
26550
26560
26570
26580
26590
26600
26610
26620
26630
26640
26650
26660
26670
26680
26689
26700
26710
26720
26730
26740
26750
26760
26770
26780
26790
26800
26810
26820
26830
26840
26850
26860
26869
26880
26890
26900
26910
26919
26930
26939
26950
26960
26970
26980
26990
27000
27005
27010
27015
27021
27026
27031
27036
27042
27047
27052
27057
27063
27068
27073
27078
27084
27089
27094
27100
27105
27110
27115
27121
27126
27131
27136
27142
27147
27152
27157
27163
27168
27173
27178
27184
27189
27194
27200
27205
27210
27215
27221
27226
27231
27236
27242
27247
27252
27257
27263
27268
27273
27278
27284
27289
27294
27300
27305
27310
27315
27321
27326
27331
27336
27342
27347
27352
27357
27363
27368
27373
27378
27384
27389
27394
27400
27405
27410
27415
27421
27426
27431
27436
27442
27447
27452
27457
27463
27468
27473
27478
27484
27489
27494
27500
27503
27506
27509
27512
27516
27519
27522
27525
27529
27532
27535
27538
27541
27545
27548
27551
27554
27558
27561
27564
27567
27570
27574
27577
27580
27583
27587
27590
27593
27596
27600
27603
27606
27609
27612
27616
27619
27622
27625
27629
27632
27635
27638
27641
27645
27648
27651
27654
27658
27661
27664
27667
27670
27674
27677
27680
27683
27687
27690
27693
27696
27700
27703
27706
27709
27712
27716
27719
27722
27725
27729
27732
27735
27738
27741
27745
27748
27751
27754
27758
27761
27764
27767
27770
27774
27777
27780
27783
27787
27790
27793
27796
27800
27803
27806
27810
27813
27816
27820
27823
27826
27830
27833
27836
27840
27843
27846
27850
27853
27856
27860
27863
27866
27869
27873
27876
27880
27883
27886
27890
27893
27896
27900
27903
27906
27909
27912
27916
27919
27922
27925
27929
27932
27935
27938
27941
27945
27948
27951
27954
27958
27961
27964
27967
27970
27974
27977
27980
27983
27987
27990
27993
27996
28000
28003
28006
28009
28012
28015
28018
28021
28025
28028
28031
28034
28037
28040
28043
28046
28050
28053
28056
28059
28062
28065
28068
28071
28075
28078
28081
28084
28087
28090
28093
28096
28100
28103
28106
28109
28112
28116
28119
28122
28125
28129
28132
28135
28138
28141
28145
28148
28151
28154
28158
28161
28164
28167
28170
28174
28177
28180
28183
28187
28190
28193
28196
28200
28203
28206
28209
28212
28216
28219
28222
28225
28229
28232
28235
28238
28241
28245
28248
28251
28254
28258
28261
28264
28267
28270
28274
28277
28280
28283
28287
28290
28293
28296
28300
28303
28306
28309
28312
28316
28319
28322
28325
28329
28332
28335
28338
28341
28345
28348
28351
28354
28358
28361
28364
28367
28370
28374
28377
28380
28383
28387
28390
28393
28396
28400
28403
28406
28409
28412
28415
28418
28421
28424
28428
28431
28434
28437
28440
28443
28446
28450
28453
28456
28459
28462
28465
28468
28471
28475
28478
28481
28484
28487
28490
28493
28496
28500
28505
28510
28515
28520
28525
28530
28535
28540
28545
28550
28555
28560
28565
28570
28575
28580
28585
28590
28595
28600
28604
28609
28614
28619
28623
28628
28633
28638
28642
28647
28652
28657
28661
28666
28671
28676
28680
28685
28690
28695
28700
28704
28709
28714
28719
28723
28728
28733
28738
28742
28747
28752
28757
28761
28766
28771
28776
28780
28785
28790
28795
28800
28805
28810
28815
28820
28825
28830
28835
28840
28845
28850
28855
28860
28865
28869
28875
28880
28884
28890
28895
28900
28904
28909
28914
28919
28923
28928
28933
28938
28942
28947
28952
28957
28961
28966
28971
28976
28980
28985
28990
28995
29000
29004
29009
29013
29018
29022
29027
29031
29036
29040
29045
29050
29054
29059
29063
29068
29072
29077
29081
29086
29090
29095
29100
29104
29109
29114
29119
29123
29128
29133
29138
29142
29147
29152
29157
29161
29166
29171
29176
29180
29185
29190
29195
29200
29204
29209
29213
29218
29222
29227
29231
29236
29240
29245
29250
29254
29259
29263
29268
29272
29277
29281
29286
29290
29295
29300
29304
29309
29313
29318
29322
29327
29331
29336
29340
29345
29350
29354
29359
29363
29368
29372
29377
29381
29386
29390
29395
29400
29404
29409
29414
29419
29423
29428
29433
29438
29442
29447
29452
29457
29461
29466
29471
29476
29480
29485
29490
29495
29500
29505
29510
29515
29521
29526
29531
29536
29542
29547
29552
29557
29563
29568
29573
29578
29584
29589
29594
29600
29605
29610
29615
29621
29626
29631
29636
29642
29647
29652
29657
29663
29668
29673
29678
29684
29689
29694
29700
29705
29710
29715
29721
29726
29731
29736
29742
29747
29752
29757
29763
29768
29773
29778
29784
29789
29794
29800
29805
29810
29815
29821
29826
29831
29836
29842
29847
29852
29857
29863
29868
29873
29878
29884
29889
29894
29900
29905
29910
29915
29921
29926
29931
29936
29942
29947
29952
29957
29963
29968
29973
29978
29984
29989
29994
30000
