33
66
100
133
166
200
225
250
275
300
333
366
400
425
450
475
500
506
512
518
525
531
537
543
550
556
562
568
575
581
587
593
600
606
612
618
625
631
637
643
649
656
662
668
674
681
687
693
700
706
712
718
725
731
737
743
750
756
762
768
775
781
787
793
800
806
812
818
825
831
837
843
850
856
862
868
875
881
887
893
900
906
912
918
925
931
937
943
950
956
962
968
975
981
987
993
1000
1011
1022
1033
1044
1055
1066
1077
1088
1100
1110
1120
1130
1140
1150
1160
1170
1180
1190
1200
1211
1222
1233
1244
1255
1266
1277
1288
1300
1311
1322
1333
1344
1355
1366
1377
1388
1400
1411
1422
1433
1444
1455
1466
1477
1488
1500
1503
1506
1509
1512
1516
1519
1522
1525
1529
1532
1535
1538
1541
1545
1548
1551
1554
1558
1561
1564
1567
1570
1574
1577
1580
1583
1587
1590
1593
1596
1600
1603
1606
1609
1612
1615
1618
1621
1625
1628
1631
1634
1637
1640
1643
1646
1650
1653
1656
1659
1662
1665
1668
1671
1675
1678
1681
1684
1687
1690
1693
1696
1700
1703
1706
1709
1712
1716
1719
1722
1725
1729
1732
1735
1738
1741
1745
1748
1751
1754
1758
1761
1764
1767
1770
1774
1777
1780
1783
1787
1790
1793
1796
1800
1803
1806
1809
1812
1815
1818
1821
1825
1828
1831
1834
1837
1840
1843
1846
1850
1853
1856
1859
1862
1865
1868
1871
1875
1878
1881
1884
1887
1890
1893
1896
1900
1903
1906
1909
1912
1916
1919
1922
1925
1929
1932
1935
1938
1941
1945
1948
1951
1954
1958
1961
1964
1967
1970
1974
1977
1980
1983
1987
1990
1993
1996
2000
2003
2006
2009
2012
2015
2018
2021
2024
2027
2030
2033
2036
2039
2042
2045
2048
2051
2054
2057
2060
2063
2066
2069
2072
2075
2078
2081
2084
2087
2090
2093
2096
2100
2103
2106
2109
2112
2115
2118
2121
2124
2127
2130
2133
2136
2139
2142
2145
2148
2151
2154
2157
2160
2163
2166
2169
2172
2175
2178
2181
2184
2187
2190
2193
2196
2200
2203
2206
2209
2212
2215
2218
2221
2224
2227
2230
2233
2236
2239
2242
2245
2248
2251
2254
2257
2260
2263
2266
2269
2272
2275
2278
2281
2284
2287
2290
2293
2296
2300
2303
2306
2309
2312
2315
2318
2321
2324
2327
2330
2333
2336
2339
2342
2345
2348
2351
2354
2357
2360
2363
2366
2369
2372
2375
2378
2381
2384
2387
2390
2393
2396
2400
2403
2406
2409
2412
2415
2418
2421
2425
2428
2431
2434
2437
2440
2443
2446
2450
2453
2456
2459
2462
2465
2468
2471
2475
2478
2481
2484
2487
2490
2493
2496
2500
2502
2505
2507
2510
2512
2515
2517
2520
2523
2525
2528
2530
2533
2535
2538
2541
2543
2546
2548
2551
2553
2556
2558
2561
2564
2566
2569
2571
2574
2576
2579
2582
2584
2587
2589
2592
2594
2597
2600
2602
2605
2607
2610
2613
2615
2618
2621
2623
2626
2628
2631
2634
2636
2639
2642
2644
2647
2650
2652
2655
2657
2660
2663
2665
2668
2671
2673
2676
2678
2681
2684
2686
2689
2692
2694
2697
2700
2702
2705
2707
2710
2712
2715
2717
2720
2723
2725
2728
2730
2733
2735
2738
2741
2743
2746
2748
2751
2753
2756
2758
2761
2764
2766
2769
2771
2774
2776
2779
2782
2784
2787
2789
2792
2794
2797
2800
2802
2805
2807
2810
2813
2815
2818
2821
2823
2826
2828
2831
2834
2836
2839
2842
2844
2847
2850
2852
2855
2857
2860
2863
2865
2868
2871
2873
2876
2878
2881
2884
2886
2889
2892
2894
2897
2900
2902
2905
2907
2910
2912
2915
2917
2920
2923
2925
2928
2930
2933
2935
2938
2941
2943
2946
2948
2951
2953
2956
2958
2961
2964
2966
2969
2971
2974
2976
2979
2982
2984
2987
2989
2992
2994
2997
3000
3002
3005
3008
3011
3013
3016
3019
3022
3025
3027
3030
3033
3036
3038
3041
3044
3047
3050
3052
3055
3058
3061
3063
3066
3069
3072
3075
3077
3080
3083
3086
3088
3091
3094
3097
3100
3102
3105
3108
3110
3113
3116
3118
3121
3124
3127
3129
3132
3135
3137
3140
3143
3145
3148
3151
3154
3156
3159
3162
3164
3167
3170
3172
3175
3178
3181
3183
3186
3189
3191
3194
3197
3200
3202
3205
3208
3211
3213
3216
3219
3222
3225
3227
3230
3233
3236
3238
3241
3244
3247
3250
3252
3255
3258
3261
3263
3266
3269
3272
3275
3277
3280
3283
3286
3288
3291
3294
3297
3300
3302
3305
3308
3310
3313
3316
3318
3321
3324
3327
3329
3332
3335
3337
3340
3343
3345
3348
3351
3354
3356
3359
3362
3364
3367
3370
3372
3375
3378
3381
3383
3386
3389
3391
3394
3397
3400
3402
3405
3408
3411
3413
3416
3419
3422
3425
3427
3430
3433
3436
3438
3441
3444
3447
3450
3452
3455
3458
3461
3463
3466
3469
3472
3475
3477
3480
3483
3486
3488
3491
3494
3497
3500
3504
3508
3513
3517
3521
3526
3530
3534
3539
3543
3547
3552
3556
3560
3565
3569
3573
3578
3582
3586
3591
3595
3600
3604
3609
3613
3618
3622
3627
3631
3636
3640
3645
3650
3654
3659
3663
3668
3672
3677
3681
3686
3690
3695
3700
3704
3709
3713
3718
3722
3727
3731
3736
3740
3745
3750
3754
3759
3763
3768
3772
3777
3781
3786
3790
3795
3800
3804
3808
3813
3817
3821
3826
3830
3834
3839
3843
3847
3852
3856
3860
3865
3869
3873
3878
3882
3886
3891
3895
3900
3904
3909
3913
3918
3922
3927
3931
3936
3940
3945
3950
3954
3959
3963
3968
3972
3977
3981
3986
3990
3995
4000
4025
4050
4074
4100
4133
4166
4200
4225
4250
4275
4300
4333
4366
4400
4425
4450
4475
4500
4503
4506
4510
4513
4516
4520
4523
4526
4530
4533
4536
4540
4543
4546
4550
4553
4556
4560
4563
4566
4569
4573
4576
4580
4583
4586
4590
4593
4596
4600
4603
4606
4609
4613
4616
4620
4623
4626
4630
4633
4636
4640
4643
4646
4650
4653
4656
4660
4663
4666
4670
4673
4676
4680
4683
4686
4690
4693
4696
4700
4703
4706
4709
4712
4716
4719
4722
4725
4729
4732
4735
4738
4741
4745
4748
4751
4754
4758
4761
4764
4767
4770
4774
4777
4780
4783
4787
4790
4793
4796
4800
4803
4806
4810
4813
4816
4820
4823
4826
4830
4833
4836
4840
4843
4846
4850
4853
4856
4860
4863
4866
4870
4873
4876
4880
4883
4886
4890
4893
4896
4900
4903
4906
4909
4912
4916
4919
4922
4925
4929
4932
4935
4938
4941
4945
4948
4951
4954
4958
4961
4964
4967
4970
4974
4977
4980
4983
4987
4990
4993
4996
5000
5005
5010
5015
5020
5025
5030
5035
5040
5045
5050
5055
5060
5064
5069
5074
5080
5085
5090
5095
5100
5104
5109
5114
5120
5125
5130
5135
5140
5145
5150
5155
5160
5165
5170
5175
5180
5185
5190
5195
5200
5204
5209
5214
5219
5223
5228
5233
5238
5242
5247
5252
5257
5261
5266
5271
5276
5280
5285
5290
5295
5300
5305
5310
5314
5320
5325
5330
5335
5340
5345
5350
5355
5360
5365
5370
5375
5380
5385
5390
5395
5400
5404
5409
5414
5419
5423
5428
5433
5438
5442
5447
5452
5457
5461
5466
5471
5476
5480
5485
5490
5495
5500
5502
5505
5508
5511
5514
5517
5520
5523
5526
5529
5532
5535
5538
5541
5544
5547
5550
5552
5555
5558
5561
5564
5567
5570
5573
5576
5579
5582
5585
5588
5591
5594
5597
5600
5602
5605
5608
5611
5614
5617
5620
5622
5625
5628
5631
5634
5637
5640
5642
5645
5648
5651
5654
5657
5660
5662
5665
5668
5671
5674
5677
5680
5682
5685
5688
5691
5694
5697
5700
5702
5705
5708
5711
5714
5717
5720
5722
5725
5728
5731
5734
5737
5740
5742
5745
5748
5751
5754
5757
5760
5762
5765
5768
5771
5774
5777
5780
5782
5785
5788
5791
5794
5797
5800
5802
5805
5808
5811
5814
5817
5820
5823
5826
5829
5832
5835
5838
5841
5844
5847
5850
5852
5855
5858
5861
5864
5867
5870
5873
5876
5879
5882
5885
5888
5891
5894
5897
5900
5902
5905
5908
5911
5914
5917
5920
5922
5925
5928
5931
5934
5937
5940
5942
5945
5948
5951
5954
5957
5960
5962
5965
5968
5971
5974
5977
5980
5982
5985
5988
5991
5994
5997
6000
6005
6010
6015
6020
6025
6030
6035
6040
6045
6050
6055
6060
6064
6069
6074
6080
6085
6090
6095
6100
6104
6109
6114
6120
6125
6130
6135
6140
6145
6150
6155
6160
6165
6170
6175
6180
6185
6190
6195
6200
6205
6210
6215
6220
6225
6230
6235
6240
6245
6250
6255
6260
6265
6270
6275
6280
6285
6290
6295
6300
6305
6310
6314
6320
6325
6330
6335
6340
6345
6350
6355
6360
6365
6370
6375
6380
6385
6390
6395
6400
6405
6410
6415
6420
6425
6430
6435
6440
6445
6450
6455
6460
6465
6470
6475
6480
6485
6490
6495
6500
6502
6504
6506
6508
6510
6512
6514
6516
6518
6520
6522
6524
6526
6528
6530
6532
6534
6536
6538
6540
6542
6544
6546
6548
6551
6553
6555
6557
6559
6561
6563
6565
6567
6569
6571
6573
6575
6577
6579
6581
6583
6585
6587
6589
6591
6593
6595
6597
6600
6602
6604
6606
6608
6610
6612
6614
6616
6618
6620
6622
6625
6627
6629
6631
6633
6635
6637
6639
6641
6643
6645
6647
6650
6652
6654
6656
6658
6660
6662
6664
6666
6668
6670
6672
6675
6677
6679
6681
6683
6685
6687
6689
6691
6693
6695
6697
6700
6702
6704
6706
6708
6710
6712
6714
6716
6718
6720
6722
6725
6727
6729
6731
6733
6735
6737
6739
6741
6743
6745
6747
6750
6752
6754
6756
6758
6760
6762
6764
6766
6768
6770
6772
6775
6777
6779
6781
6783
6785
6787
6789
6791
6793
6795
6797
6800
6802
6804
6806
6808
6810
6812
6814
6816
6818
6820
6822
6825
6827
6829
6831
6833
6835
6837
6839
6841
6843
6845
6847
6850
6852
6854
6856
6858
6860
6862
6864
6866
6868
6870
6872
6875
6877
6879
6881
6883
6885
6887
6889
6891
6893
6895
6897
6900
6902
6904
6906
6908
6910
6912
6914
6916
6918
6920
6922
6924
6926
6928
6930
6932
6934
6936
6938
6940
6942
6944
6946
6948
6951
6953
6955
6957
6959
6961
6963
6965
6967
6969
6971
6973
6975
6977
6979
6981
6983
6985
6987
6989
6991
6993
6995
6997
7000
7014
7028
7042
7057
7071
7085
7100
7112
7125
7137
7150
7162
7175
7187
7200
7212
7225
7237
7250
7262
7275
7287
7300
7314
7328
7342
7357
7371
7385
7400
7412
7425
7437
7450
7462
7475
7487
7500
7507
7514
7521
7528
7535
7542
7550
7557
7564
7571
7578
7585
7592
7600
7607
7614
7621
7628
7635
7642
7650
7657
7664
7671
7678
7685
7692
7700
7707
7715
7723
7730
7738
7746
7753
7761
7769
7776
7784
7792
7800
7807
7814
7821
7828
7835
7842
7850
7857
7864
7871
7878
7885
7892
7900
7907
7914
7921
7928
7935
7942
7950
7957
7964
7971
7978
7985
7992
8000
8002
8004
8006
8008
8010
8012
8014
8016
8018
8020
8022
8025
8027
8029
8031
8033
8035
8037
8039
8041
8043
8045
8047
8050
8052
8054
8056
8058
8060
8062
8064
8066
8068
8070
8072
8074
8077
8079
8081
8083
8085
8087
8089
8091
8093
8095
8097
8100
8102
8104
8106
8108
8110
8112
8114
8116
8118
8120
8122
8125
8127
8129
8131
8133
8135
8137
8139
8141
8143
8145
8147
8149
8152
8154
8156
8158
8160
8162
8164
8166
8168
8170
8172
8174
8177
8179
8181
8183
8185
8187
8189
8191
8193
8195
8197
8200
8202
8204
8206
8208
8210
8212
8214
8216
8218
8220
8222
8225
8227
8229
8231
8233
8235
8237
8239
8241
8243
8245
8247
8250
8252
8254
8256
8258
8260
8262
8264
8266
8268
8270
8272
8275
8277
8279
8281
8283
8285
8287
8289
8291
8293
8295
8297
8300
8302
8304
8306
8308
8310
8312
8314
8316
8318
8320
8322
8325
8327
8329
8331
8333
8335
8337
8339
8341
8343
8345
8347
8350
8352
8354
8356
8358
8360
8362
8364
8366
8368
8370
8372
8375
8377
8379
8381
8383
8385
8387
8389
8391
8393
8395
8397
8400
8402
8404
8406
8408
8410
8412
8414
8416
8418
8420
8422
8425
8427
8429
8431
8433
8435
8437
8439
8441
8443
8445
8447
8450
8452
8454
8456
8458
8460
8462
8464
8466
8468
8470
8472
8475
8477
8479
8481
8483
8485
8487
8489
8491
8493
8495
8497
8500
8503
8506
8509
8512
8515
8518
8521
8525
8528
8531
8534
8537
8540
8543
8546
8550
8553
8556
8559
8562
8565
8568
8571
8575
8578
8581
8584
8587
8590
8593
8596
8600
8603
8606
8609
8612
8616
8619
8622
8625
8629
8632
8635
8638
8641
8645
8648
8651
8654
8658
8661
8664
8667
8670
8674
8677
8680
8683
8687
8690
8693
8696
8700
8703
8706
8709
8712
8716
8719
8722
8725
8729
8732
8735
8738
8741
8745
8748
8751
8754
8758
8761
8764
8767
8770
8774
8777
8780
8783
8787
8790
8793
8796
8800
8803
8806
8809
8812
8816
8819
8822
8825
8829
8832
8835
8838
8841
8845
8848
8851
8854
8858
8861
8864
8867
8870
8874
8877
8880
8883
8887
8890
8893
8896
8900
8903
8906
8909
8912
8915
8918
8921
8925
8928
8931
8934
8937
8940
8943
8946
8950
8953
8956
8959
8962
8965
8968
8971
8975
8978
8981
8984
8987
8990
8993
8996
9000
9004
9008
9012
9016
9020
9025
9029
9033
9037
9041
9045
9050
9054
9058
9062
9066
9070
9075
9079
9083
9087
9091
9095
9100
9104
9108
9112
9116
9120
9125
9129
9133
9137
9141
9145
9149
9154
9158
9162
9166
9170
9174
9179
9183
9187
9191
9195
9200
9204
9208
9212
9216
9220
9225
9229
9233
9237
9241
9245
9250
9254
9258
9262
9266
9270
9275
9279
9283
9287
9291
9295
9300
9304
9308
9313
9317
9321
9326
9330
9334
9339
9343
9347
9352
9356
9360
9365
9369
9373
9378
9382
9386
9391
9395
9400
9404
9408
9412
9416
9420
9425
9429
9433
9437
9441
9445
9450
9454
9458
9462
9466
9470
9475
9479
9483
9487
9491
9495
9500
9504
9508
9512
9516
9520
9525
9529
9533
9537
9541
9545
9550
9554
9558
9562
9566
9570
9575
9579
9583
9587
9591
9595
9600
9604
9608
9612
9616
9620
9625
9629
9633
9637
9641
9645
9649
9654
9658
9662
9666
9670
9674
9679
9683
9687
9691
9695
9700
9704
9708
9712
9716
9720
9725
9729
9733
9737
9741
9745
9750
9754
9758
9762
9766
9770
9775
9779
9783
9787
9791
9795
9800
9804
9808
9813
9817
9821
9826
9830
9834
9839
9843
9847
9852
9856
9860
9865
9869
9873
9878
9882
9886
9891
9895
9900
9904
9908
9912
9916
9920
9925
9929
9933
9937
9941
9945
9950
9954
9958
9962
9966
9970
9975
9979
9983
9987
9991
9995
10000
10003
10006
10009
10012
10015
10018
10021
10025
10028
10031
10034
10037
10040
10043
10046
10050
10053
10056
10059
10062
10065
10068
10071
10075
10078
10081
10084
10087
10090
10093
10096
10100
10103
10106
10109
10112
10116
10119
10122
10125
10129
10132
10135
10138
10141
10145
10148
10151
10154
10158
10161
10164
10167
10170
10174
10177
10180
10183
10187
10190
10193
10196
10200
10203
10206
10209
10212
10216
10219
10222
10225
10229
10232
10235
10238
10241
10245
10248
10251
10254
10258
10261
10264
10267
10270
10274
10277
10280
10283
10287
10290
10293
10296
10300
10303
10306
10309
10312
10316
10319
10322
10325
10329
10332
10335
10338
10341
10345
10348
10351
10354
10358
10361
10364
10367
10370
10374
10377
10380
10383
10387
10390
10393
10396
10400
10403
10406
10409
10412
10415
10418
10421
10425
10428
10431
10434
10437
10440
10443
10446
10450
10453
10456
10459
10462
10465
10468
10471
10475
10478
10481
10484
10487
10490
10493
10496
10500
10503
10507
10510
10514
10517
10521
10525
10528
10532
10535
10539
10542
10546
10550
10553
10557
10560
10564
10567
10571
10575
10578
10582
10585
10589
10592
10596
10600
10603
10607
10610
10614
10617
10621
10625
10628
10632
10635
10639
10642
10646
10649
10653
10657
10660
10664
10667
10671
10674
10678
10682
10685
10689
10692
10696
10700
10703
10706
10710
10713
10717
10720
10724
10727
10731
10734
10737
10741
10744
10748
10751
10755
10758
10762
10765
10768
10772
10775
10779
10782
10786
10789
10793
10796
10800
10803
10807
10810
10814
10817
10821
10825
10828
10832
10835
10839
10842
10846
10850
10853
10857
10860
10864
10867
10871
10875
10878
10882
10885
10889
10892
10896
10900
10903
10907
10910
10914
10917
10921
10925
10928
10932
10935
10939
10942
10946
10950
10953
10957
10960
10964
10967
10971
10975
10978
10982
10985
10989
10992
10996
11000
11001
11003
11005
11007
11009
11010
11012
11014
11016
11018
11020
11021
11023
11025
11027
11029
11030
11032
11034
11036
11038
11040
11041
11043
11045
11047
11049
11050
11052
11054
11056
11058
11060
11061
11063
11065
11067
11069
11070
11072
11074
11076
11078
11080
11081
11083
11085
11087
11089
11090
11092
11094
11096
11098
11100
11101
11103
11105
11107
11109
11110
11112
11114
11116
11118
11120
11121
11123
11125
11127
11129
11130
11132
11134
11136
11138
11139
11141
11143
11145
11147
11149
11150
11152
11154
11156
11158
11160
11161
11163
11165
11167
11169
11170
11172
11174
11176
11178
11180
11181
11183
11185
11187
11189
11190
11192
11194
11196
11198
11200
11201
11203
11205
11207
11209
11211
11212
11214
11216
11218
11220
11222
11224
11225
11227
11229
11231
11233
11235
11237
11238
11240
11242
11244
11246
11248
11250
11251
11253
11255
11257
11259
11261
11262
11264
11266
11268
11270
11272
11274
11275
11277
11279
11281
11283
11285
11287
11288
11290
11292
11294
11296
11298
11300
11301
11303
11305
11307
11309
11310
11312
11314
11316
11318
11320
11321
11323
11325
11327
11329
11330
11332
11334
11336
11338
11340
11341
11343
11345
11347
11349
11350
11352
11354
11356
11358
11360
11361
11363
11365
11367
11369
11370
11372
11374
11376
11378
11380
11381
11383
11385
11387
11389
11390
11392
11394
11396
11398
11400
11401
11403
11405
11407
11409
11410
11412
11414
11416
11418
11420
11421
11423
11425
11427
11429
11430
11432
11434
11436
11438
11440
11441
11443
11445
11447
11449
11450
11452
11454
11456
11458
11460
11461
11463
11465
11467
11469
11470
11472
11474
11476
11478
11480
11481
11483
11485
11487
11489
11490
11492
11494
11496
11498
11500
11503
11506
11510
11513
11517
11520
11524
11527
11531
11534
11537
11541
11544
11548
11551
11555
11558
11562
11565
11568
11572
11575
11579
11582
11586
11589
11593
11596
11600
11603
11607
11610
11614
11617
11621
11625
11628
11632
11635
11639
11642
11646
11649
11653
11657
11660
11664
11667
11671
11674
11678
11682
11685
11689
11692
11696
11700
11703
11706
11710
11713
11717
11720
11724
11727
11731
11734
11737
11741
11744
11748
11751
11755
11758
11762
11765
11768
11772
11775
11779
11782
11786
11789
11793
11796
11800
11803
11806
11810
11813
11817
11820
11824
11827
11831
11834
11837
11841
11844
11848
11851
11855
11858
11862
11865
11868
11872
11875
11879
11882
11886
11889
11893
11896
11900
11903
11906
11910
11913
11917
11920
11924
11927
11931
11934
11937
11941
11944
11948
11951
11955
11958
11962
11965
11968
11972
11975
11979
11982
11986
11989
11993
11996
12000
12003
12006
12010
12013
12016
12020
12023
12026
12030
12033
12036
12040
12043
12046
12050
12053
12056
12060
12063
12066
12070
12073
12076
12080
12083
12086
12090
12093
12096
12100
12103
12106
12109
12112
12116
12119
12122
12125
12129
12132
12135
12138
12141
12145
12148
12151
12154
12158
12161
12164
12167
12170
12174
12177
12180
12183
12187
12190
12193
12196
12200
12203
12206
12209
12213
12216
12219
12223
12226
12230
12233
12236
12240
12243
12246
12250
12253
12256
12260
12263
12266
12270
12273
12276
12280
12283
12286
12290
12293
12296
12300
12303
12306
12309
12312
12316
12319
12322
12325
12329
12332
12335
12338
12341
12345
12348
12351
12354
12358
12361
12364
12367
12370
12374
12377
12380
12383
12387
12390
12393
12396
12400
12403
12406
12410
12413
12416
12420
12423
12426
12430
12433
12436
12440
12443
12446
12450
12453
12456
12460
12463
12466
12470
12473
12476
12480
12483
12486
12490
12493
12496
12500
12502
12504
12506
12509
12511
12513
12516
12518
12520
12523
12525
12527
12530
12532
12534
12537
12539
12541
12544
12546
12548
12551
12553
12555
12558
12560
12562
12565
12567
12569
12572
12574
12576
12579
12581
12583
12586
12588
12590
12593
12595
12597
12600
12602
12604
12606
12609
12611
12613
12615
12618
12620
12622
12625
12627
12629
12631
12634
12636
12638
12640
12643
12645
12647
12649
12652
12654
12656
12659
12661
12663
12665
12668
12670
12672
12674
12677
12679
12681
12684
12686
12688
12690
12693
12695
12697
12700
12702
12704
12706
12709
12711
12713
12715
12718
12720
12722
12725
12727
12729
12731
12734
12736
12738
12740
12743
12745
12747
12750
12752
12754
12756
12759
12761
12763
12765
12768
12770
12772
12775
12777
12779
12781
12784
12786
12788
12790
12793
12795
12797
12800
12802
12804
12806
12809
12811
12813
12816
12818
12820
12823
12825
12827
12830
12832
12834
12837
12839
12841
12844
12846
12848
12851
12853
12855
12858
12860
12862
12865
12867
12869
12872
12874
12876
12879
12881
12883
12886
12888
12890
12893
12895
12897
12900
12902
12904
12906
12909
12911
12913
12915
12918
12920
12922
12925
12927
12929
12931
12934
12936
12938
12940
12943
12945
12947
12950
12952
12954
12956
12959
12961
12963
12965
12968
12970
12972
12975
12977
12979
12981
12984
12986
12988
12990
12993
12995
12997
13000
13009
13018
13027
13036
13045
13054
13063
13072
13081
13090
13100
13109
13118
13127
13136
13145
13154
13163
13172
13181
13190
13200
13209
13218
13227
13236
13245
13254
13263
13272
13281
13290
13300
13309
13318
13327
13336
13345
13354
13363
13372
13381
13390
13400
13409
13418
13427
13436
13445
13454
13463
13472
13481
13490
13500
13502
13504
13507
13509
13511
13514
13516
13519
13521
13523
13526
13528
13530
13533
13535
13538
13540
13542
13545
13547
13550
13552
13554
13557
13559
13561
13564
13566
13569
13571
13573
13576
13578
13580
13583
13585
13588
13590
13592
13595
13597
13600
13602
13604
13606
13609
13611
13613
13616
13618
13620
13623
13625
13627
13630
13632
13634
13637
13639
13641
13644
13646
13648
13651
13653
13655
13658
13660
13662
13665
13667
13669
13672
13674
13676
13679
13681
13683
13686
13688
13690
13693
13695
13697
13700
13702
13704
13706
13709
13711
13713
13716
13718
13720
13723
13725
13727
13730
13732
13734
13737
13739
13741
13744
13746
13748
13751
13753
13755
13758
13760
13762
13765
13767
13769
13772
13774
13776
13779
13781
13783
13786
13788
13790
13793
13795
13797
13800
13802
13804
13807
13809
13811
13814
13816
13819
13821
13823
13826
13828
13830
13833
13835
13838
13840
13842
13845
13847
13850
13852
13854
13857
13859
13861
13864
13866
13869
13871
13873
13876
13878
13880
13883
13885
13888
13890
13892
13895
13897
13900
13902
13904
13906
13909
13911
13913
13916
13918
13920
13923
13925
13927
13930
13932
13934
13937
13939
13941
13944
13946
13948
13951
13953
13955
13958
13960
13962
13965
13967
13969
13972
13974
13976
13979
13981
13983
13986
13988
13990
13993
13995
13997
14000
14003
14007
14011
14014
14018
14022
14025
14029
14033
14037
14040
14044
14048
14051
14055
14059
14062
14066
14070
14074
14077
14081
14085
14088
14092
14096
14100
14103
14107
14111
14114
14118
14122
14125
14129
14133
14137
14140
14144
14148
14151
14155
14159
14162
14166
14170
14174
14177
14181
14185
14188
14192
14196
14200
14203
14207
14211
14214
14218
14222
14225
14229
14233
14237
14240
14244
14248
14251
14255
14259
14262
14266
14270
14274
14277
14281
14285
14288
14292
14296
14300
14303
14307
14311
14314
14318
14322
14325
14329
14333
14337
14340
14344
14348
14351
14355
14359
14362
14366
14370
14374
14377
14381
14385
14388
14392
14396
14400
14403
14407
14411
14414
14418
14422
14425
14429
14433
14437
14440
14444
14448
14451
14455
14459
14462
14466
14470
14474
14477
14481
14485
14488
14492
14496
14500
14505
14511
14516
14522
14527
14533
14538
14544
14550
14555
14561
14566
14572
14577
14583
14588
14594
14600
14605
14611
14616
14622
14627
14633
14638
14644
14649
14655
14661
14666
14672
14677
14683
14688
14694
14700
14705
14711
14716
14722
14727
14733
14738
14744
14750
14755
14761
14766
14772
14777
14783
14788
14794
14800
14805
14811
14816
14822
14827
14833
14838
14844
14850
14855
14861
14866
14872
14877
14883
14888
14894
14900
14905
14911
14917
14923
14929
14935
14941
14947
14952
14958
14964
14970
14976
14982
14988
14994
15000
15003
15006
15009
15012
15015
15018
15021
15024
15027
15030
15033
15036
15039
15042
15045
15048
15051
15054
15057
15060
15063
15066
15069
15072
15075
15078
15081
15084
15087
15090
15093
15096
15100
15103
15106
15109
15112
15115
15118
15121
15125
15128
15131
15134
15137
15140
15143
15146
15149
15153
15156
15159
15162
15165
15168
15171
15174
15178
15181
15184
15187
15190
15193
15196
15200
15203
15206
15209
15212
15215
15218
15221
15225
15228
15231
15234
15237
15240
15243
15246
15250
15253
15256
15259
15262
15265
15268
15271
15275
15278
15281
15284
15287
15290
15293
15296
15300
15303
15306
15309
15312
15315
15318
15321
15324
15327
15330
15333
15336
15339
15342
15345
15348
15351
15354
15357
15360
15363
15366
15369
15372
15375
15378
15381
15384
15387
15390
15393
15396
15400
15403
15406
15409
15412
15415
15418
15421
15425
15428
15431
15434
15437
15440
15443
15446
15450
15453
15456
15459
15462
15465
15468
15471
15475
15478
15481
15484
15487
15490
15493
15496
15500
15503
15506
15509
15512
15515
15518
15521
15524
15527
15530
15533
15536
15539
15542
15545
15548
15551
15554
15557
15560
15563
15566
15569
15572
15575
15578
15581
15584
15587
15590
15593
15596
15600
15603
15606
15609
15612
15615
15618
15621
15624
15627
15630
15633
15636
15639
15642
15645
15648
15651
15654
15657
15660
15663
15666
15669
15672
15675
15678
15681
15684
15687
15690
15693
15696
15700
15702
15705
15708
15711
15714
15717
15720
15723
15726
15729
15732
15735
15738
15741
15744
15747
15750
15752
15755
15758
15761
15764
15767
15770
15773
15776
15779
15782
15785
15788
15791
15794
15797
15800
15803
15806
15809
15812
15815
15818
15821
15824
15827
15830
15833
15836
15839
15842
15845
15848
15851
15854
15857
15860
15863
15866
15869
15872
15875
15878
15881
15884
15887
15890
15893
15896
15900
15903
15906
15909
15912
15915
15918
15921
15924
15927
15930
15933
15936
15939
15942
15945
15948
15951
15954
15957
15960
15963
15966
15969
15972
15975
15978
15981
15984
15987
15990
15993
15996
16000
16010
16020
16030
16040
16050
16060
16070
16080
16090
16100
16110
16120
16130
16140
16149
16160
16170
16180
16189
16200
16211
16222
16233
16244
16255
16266
16277
16288
16300
16310
16320
16329
16340
16350
16360
16369
16379
16390
16400
16410
16419
16430
16439
16450
16460
16470
16480
16490
16500
16502
16505
16507
16510
16513
16515
16518
16521
16523
16526
16528
16531
16534
16536
16539
16542
16544
16547
16550
16552
16555
16557
16560
16563
16565
16568
16571
16573
16576
16578
16581
16584
16586
16589
16592
16594
16597
16600
16602
16605
16608
16610
16613
16616
16618
16621
16624
16627
16629
16632
16635
16637
16640
16643
16645
16648
16651
16654
16656
16659
16662
16664
16667
16670
16672
16675
16678
16681
16683
16686
16689
16691
16694
16697
16700
16702
16705
16707
16710
16713
16715
16718
16721
16723
16726
16728
16731
16734
16736
16739
16742
16744
16747
16750
16752
16755
16757
16760
16763
16765
16768
16771
16773
16776
16778
16781
16784
16786
16789
16792
16794
16797
16800
16802
16805
16808
16810
16813
16816
16818
16821
16824
16827
16829
16832
16835
16837
16840
16843
16845
16848
16851
16854
16856
16859
16862
16864
16867
16870
16872
16875
16878
16881
16883
16886
16889
16891
16894
16897
16900
16902
16905
16907
16910
16913
16915
16918
16921
16923
16926
16928
16931
16934
16936
16939
16942
16944
16947
16950
16952
16955
16957
16960
16963
16965
16968
16971
16973
16976
16978
16981
16984
16986
16989
16992
16994
16997
17000
17002
17004
17007
17009
17011
17014
17016
17019
17021
17023
17026
17028
17030
17033
17035
17038
17040
17042
17045
17047
17050
17052
17054
17057
17059
17061
17064
17066
17069
17071
17073
17076
17078
17080
17083
17085
17088
17090
17092
17095
17097
17100
17102
17104
17107
17109
17111
17114
17116
17119
17121
17123
17126
17128
17130
17133
17135
17138
17140
17142
17145
17147
17150
17152
17154
17157
17159
17161
17164
17166
17169
17171
17173
17176
17178
17180
17183
17185
17188
17190
17192
17195
17197
17200
17202
17204
17207
17209
17211
17214
17216
17219
17221
17223
17226
17228
17230
17233
17235
17238
17240
17242
17245
17247
17250
17252
17254
17257
17259
17261
17264
17266
17269
17271
17273
17276
17278
17280
17283
17285
17288
17290
17292
17295
17297
17300
17302
17304
17307
17309
17311
17314
17316
17319
17321
17323
17326
17328
17330
17333
17335
17338
17340
17342
17345
17347
17349
17352
17354
17357
17359
17361
17364
17366
17369
17371
17373
17376
17378
17380
17383
17385
17388
17390
17392
17395
17397
17400
17402
17404
17407
17409
17411
17414
17416
17419
17421
17423
17426
17428
17430
17433
17435
17438
17440
17442
17445
17447
17450
17452
17454
17457
17459
17461
17464
17466
17469
17471
17473
17476
17478
17480
17483
17485
17488
17490
17492
17495
17497
17500
17502
17505
17508
17511
17513
17516
17519
17522
17525
17527
17530
17533
17536
17538
17541
17544
17547
17550
17552
17555
17558
17561
17563
17566
17569
17572
17575
17577
17580
17583
17586
17588
17591
17594
17597
17600
17602
17605
17608
17611
17613
17616
17619
17622
17625
17627
17630
17633
17636
17638
17641
17644
17647
17650
17652
17655
17658
17661
17663
17666
17669
17672
17675
17677
17680
17683
17686
17688
17691
17694
17697
17700
17702
17705
17708
17711
17714
17717
17720
17722
17725
17728
17731
17734
17737
17740
17742
17745
17748
17751
17754
17757
17760
17762
17765
17768
17771
17774
17777
17780
17782
17785
17788
17791
17794
17797
17800
17802
17805
17808
17811
17813
17816
17819
17822
17825
17827
17830
17833
17836
17838
17841
17844
17847
17850
17852
17855
17858
17861
17863
17866
17869
17872
17875
17877
17880
17883
17886
17888
17891
17894
17897
17900
17902
17905
17908
17911
17913
17916
17919
17922
17924
17927
17930
17933
17936
17938
17941
17944
17947
17950
17952
17955
17958
17961
17963
17966
17969
17972
17975
17977
17980
17983
17986
17988
17991
17994
17997
18000
18002
18005
18007
18010
18012
18015
18017
18020
18023
18025
18028
18030
18033
18035
18038
18041
18043
18046
18048
18051
18053
18056
18058
18061
18064
18066
18069
18071
18074
18076
18079
18082
18084
18087
18089
18092
18094
18097
18100
18102
18105
18107
18110
18112
18115
18117
18120
18122
18125
18127
18130
18132
18135
18137
18140
18142
18145
18147
18150
18152
18155
18157
18160
18162
18165
18167
18170
18172
18175
18177
18180
18182
18185
18187
18189
18192
18195
18197
18200
18202
18205
18207
18210
18212
18215
18217
18220
18223
18225
18228
18230
18233
18235
18238
18241
18243
18246
18248
18251
18253
18256
18258
18261
18264
18266
18269
18271
18274
18276
18279
18282
18284
18287
18289
18292
18294
18297
18300
18302
18305
18307
18310
18312
18315
18317
18320
18322
18325
18327
18330
18332
18335
18337
18340
18342
18345
18347
18350
18352
18355
18357
18360
18362
18365
18367
18369
18372
18375
18377
18380
18382
18384
18387
18390
18392
18395
18397
18400
18402
18405
18407
18410
18412
18415
18417
18420
18423
18425
18428
18430
18433
18435
18438
18441
18443
18446
18448
18451
18453
18456
18458
18461
18464
18466
18469
18471
18474
18476
18479
18482
18484
18487
18489
18492
18494
18497
18500
18502
18504
18506
18508
18511
18513
18515
18517
18520
18522
18524
18526
18528
18531
18533
18535
18537
18540
18542
18544
18546
18548
18551
18553
18555
18557
18560
18562
18564
18566
18568
18571
18573
18575
18577
18580
18582
18584
18586
18588
18591
18593
18595
18597
18600
18602
18604
18606
18609
18611
18613
18615
18618
18620
18622
18625
18627
18629
18631
18634
18636
18638
18640
18643
18645
18647
18650
18652
18654
18656
18659
18661
18663
18665
18668
18670
18672
18675
18677
18679
18681
18684
18686
18688
18690
18693
18695
18697
18700
18702
18704
18706
18709
18711
18713
18715
18718
18720
18722
18725
18727
18729
18731
18734
18736
18738
18740
18743
18745
18747
18750
18752
18754
18756
18759
18761
18763
18765
18768
18770
18772
18775
18777
18779
18781
18784
18786
18788
18790
18793
18795
18797
18800
18802
18804
18806
18808
18811
18813
18815
18817
18820
18822
18824
18826
18828
18831
18833
18835
18837
18840
18842
18844
18846
18848
18851
18853
18855
18857
18860
18862
18864
18866
18868
18871
18873
18875
18877
18880
18882
18884
18886
18888
18891
18893
18895
18897
18900
18902
18904
18906
18909
18911
18913
18915
18918
18920
18922
18924
18927
18929
18931
18934
18936
18938
18940
18943
18945
18947
18950
18952
18954
18956
18959
18961
18963
18965
18968
18970
18972
18975
18977
18979
18981
18984
18986
18988
18990
18993
18995
18997
19000
19003
19006
19009
19012
19015
19018
19021
19024
19027
19030
19033
19036
19039
19042
19045
19048
19051
19054
19057
19060
19063
19066
19069
19072
19075
19078
19081
19084
19087
19090
19093
19096
19100
19103
19106
19109
19112
19115
19118
19121
19125
19128
19131
19134
19137
19140
19143
19146
19150
19153
19156
19159
19162
19165
19168
19171
19175
19178
19181
19184
19187
19190
19193
19196
19200
19203
19206
19209
19212
19215
19218
19221
19224
19227
19230
19233
19236
19239
19242
19245
19248
19251
19254
19257
19260
19263
19266
19269
19272
19275
19278
19281
19284
19287
19290
19293
19296
19300
19303
19306
19309
19312
19315
19318
19321
19324
19327
19330
19333
19336
19339
19342
19345
19348
19351
19354
19357
19360
19363
19366
19369
19372
19375
19378
19381
19384
19387
19390
19393
19396
19400
19403
19406
19409
19412
19415
19418
19421
19424
19427
19430
19433
19436
19439
19442
19445
19448
19451
19454
19457
19460
19463
19466
19469
19472
19475
19478
19481
19484
19487
19490
19493
19496
19500
19502
19505
19508
19510
19513
19516
19518
19521
19524
19527
19529
19532
19535
19537
19540
19543
19545
19548
19551
19554
19556
19559
19562
19564
19567
19570
19572
19575
19578
19581
19583
19586
19589
19591
19594
19597
19600
19602
19605
19608
19610
19613
19616
19618
19621
19624
19627
19629
19632
19635
19637
19640
19643
19645
19648
19651
19654
19656
19659
19662
19664
19667
19670
19672
19675
19678
19681
19683
19686
19689
19691
19694
19697
19700
19702
19705
19708
19710
19713
19716
19718
19721
19724
19727
19729
19732
19735
19737
19740
19743
19745
19748
19751
19754
19756
19759
19762
19764
19767
19770
19772
19775
19778
19781
19783
19786
19789
19791
19794
19797
19800
19802
19805
19808
19810
19813
19816
19818
19821
19824
19827
19829
19832
19835
19837
19840
19843
19845
19848
19851
19854
19856
19859
19862
19864
19867
19870
19872
19875
19878
19881
19883
19886
19889
19891
19894
19897
19900
19902
19905
19908
19910
19913
19916
19918
19921
19924
19927
19929
19932
19935
19937
19940
19943
19945
19948
19951
19954
19956
19959
19962
19964
19967
19970
19972
19975
19978
19981
19983
19986
19989
19991
19994
19997
20000
20002
20005
20007
20010
20012
20015
20017
20020
20022
20025
20027
20030
20032
20035
20037
20040
20042
20045
20047
20050
20052
20055
20057
20060
20062
20065
20067
20070
20072
20075
20077
20080
20082
20085
20087
20090
20092
20095
20097
20100
20102
20105
20107
20110
20112
20115
20117
20120
20122
20125
20127
20130
20132
20135
20137
20140
20142
20145
20147
20150
20152
20155
20157
20160
20162
20165
20167
20170
20172
20175
20177
20180
20182
20185
20187
20189
20192
20195
20197
20200
20202
20205
20207
20210
20212
20215
20217
20220
20222
20225
20227
20230
20232
20235
20237
20240
20242
20245
20247
20250
20252
20255
20257
20260
20262
20265
20267
20270
20272
20275
20277
20280
20282
20285
20287
20290
20292
20295
20297
20300
20302
20305
20307
20310
20312
20315
20317
20320
20322
20325
20327
20330
20332
20335
20337
20340
20342
20345
20347
20350
20352
20355
20357
20360
20362
20365
20367
20369
20372
20375
20377
20380
20382
20384
20387
20390
20392
20395
20397
20400
20402
20404
20407
20410
20412
20415
20417
20419
20422
20424
20427
20430
20432
20435
20437
20439
20442
20445
20447
20450
20452
20455
20457
20460
20462
20465
20467
20470
20472
20475
20477
20480
20482
20485
20487
20490
20492
20495
20497
20500
20507
20514
20521
20528
20535
20542
20550
20557
20564
20571
20578
20585
20592
20600
20607
20614
20621
20628
20635
20642
20650
20657
20664
20671
20678
20685
20692
20700
20707
20714
20721
20728
20735
20742
20750
20757
20764
20771
20778
20785
20792
20800
20807
20814
20821
20828
20835
20842
20850
20857
20864
20871
20878
20885
20892
20900
20907
20914
20921
20928
20935
20942
20950
20957
20964
20971
20978
20985
20992
21000
21002
21005
21007
21010
21012
21015
21017
21020
21022
21025
21027
21030
21032
21035
21037
21040
21042
21045
21047
21050
21052
21055
21057
21060
21062
21065
21067
21070
21072
21075
21077
21080
21082
21085
21087
21090
21092
21095
21097
21100
21102
21104
21107
21109
21112
21114
21117
21119
21121
21124
21126
21129
21131
21134
21136
21139
21141
21143
21146
21148
21151
21153
21156
21158
21160
21163
21165
21168
21170
21173
21175
21178
21180
21182
21185
21187
21190
21192
21195
21197
21200
21202
21205
21207
21210
21212
21215
21217
21220
21222
21225
21227
21230
21232
21235
21237
21240
21242
21245
21247
21250
21252
21255
21257
21260
21262
21265
21267
21270
21272
21275
21277
21280
21282
21285
21287
21290
21292
21295
21297
21300
21302
21305
21307
21310
21312
21315
21317
21320
21322
21325
21327
21330
21332
21335
21337
21340
21342
21345
21347
21350
21352
21355
21357
21360
21362
21365
21367
21369
21372
21375
21377
21380
21382
21384
21387
21390
21392
21395
21397
21400
21402
21404
21407
21409
21412
21414
21417
21419
21421
21424
21426
21429
21431
21434
21436
21439
21441
21443
21446
21448
21451
21453
21456
21458
21460
21463
21465
21468
21470
21473
21475
21478
21480
21482
21485
21487
21490
21492
21495
21497
21500
21505
21510
21515
21521
21526
21531
21536
21542
21547
21552
21557
21563
21568
21573
21578
21584
21589
21594
21600
21605
21610
21615
21620
21625
21630
21635
21640
21645
21650
21655
21660
21665
21670
21675
21680
21685
21689
21695
21700
21705
21710
21715
21720
21725
21730
21735
21740
21745
21750
21755
21760
21765
21770
21775
21780
21785
21790
21795
21800
21805
21810
21815
21820
21825
21830
21835
21840
21845
21850
21855
21860
21865
21869
21875
21880
21884
21890
21895
21900
21905
21910
21915
21921
21926
21931
21936
21942
21947
21952
21957
21963
21968
21973
21978
21984
21989
21994
22000
22014
22028
22042
22057
22071
22085
22100
22114
22128
22142
22157
22171
22185
22200
22214
22228
22242
22257
22271
22285
22300
22314
22328
22342
22357
22371
22385
22400
22416
22433
22450
22466
22483
22500
22504
22508
22513
22517
22521
22526
22530
22534
22539
22543
22547
22552
22556
22560
22565
22569
22573
22578
22582
22586
22591
22595
22600
22604
22608
22613
22617
22621
22626
22630
22634
22639
22643
22647
22652
22656
22660
22665
22669
22673
22678
22682
22686
22691
22695
22700
22704
22708
22713
22717
22721
22726
22730
22734
22739
22743
22747
22752
22756
22760
22765
22769
22773
22778
22782
22786
22791
22795
22800
22804
22808
22813
22817
22821
22826
22830
22834
22839
22843
22847
22852
22856
22860
22865
22869
22873
22878
22882
22886
22891
22895
22900
22904
22908
22913
22917
22921
22926
22930
22934
22939
22943
22947
22952
22956
22960
22965
22969
22973
22978
22982
22986
22991
22995
23000
23003
23007
23011
23015
23019
23023
23026
23030
23034
23038
23042
23046
23050
23053
23057
23061
23065
23069
23073
23076
23080
23084
23088
23092
23096
23100
23103
23107
23111
23114
23118
23122
23125
23129
23133
23137
23140
23144
23148
23151
23155
23159
23162
23166
23170
23174
23177
23181
23185
23188
23192
23196
23200
23203
23207
23211
23214
23218
23222
23225
23229
23233
23237
23240
23244
23248
23251
23255
23259
23262
23266
23270
23274
23277
23281
23285
23288
23292
23296
23300
23303
23307
23311
23315
23319
23323
23326
23330
23334
23338
23342
23346
23350
23353
23357
23361
23365
23369
23373
23376
23380
23384
23388
23392
23396
23400
23403
23407
23411
23414
23418
23422
23425
23429
23433
23437
23440
23444
23448
23451
23455
23459
23462
23466
23470
23474
23477
23481
23485
23488
23492
23496
23500
23520
23540
23560
23580
23600
23616
23633
23650
23666
23683
23700
23716
23733
23750
23766
23783
23800
23820
23840
23860
23880
23900
23916
23933
23950
23966
23983
24000
24010
24020
24030
24040
24050
24060
24070
24080
24090
24100
24110
24120
24130
24140
24150
24160
24170
24180
24189
24200
24209
24218
24227
24236
24245
24254
24263
24272
24281
24290
24300
24310
24320
24330
24340
24350
24360
24369
24380
24390
24400
24410
24419
24430
24439
24450
24460
24470
24480
24490
24500
24504
24509
24513
24518
24522
24527
24531
24536
24540
24545
24550
24554
24559
24563
24568
24572
24577
24581
24586
24590
24595
24600
24604
24609
24614
24619
24623
24628
24633
24638
24642
24647
24652
24657
24661
24666
24671
24676
24680
24685
24690
24695
24700
24704
24709
24714
24719
24723
24728
24733
24738
24742
24747
24752
24757
24761
24766
24771
24776
24780
24785
24790
24795
24800
24804
24809
24813
24818
24822
24827
24831
24836
24840
24845
24850
24854
24859
24863
24868
24872
24877
24881
24886
24890
24895
24900
24904
24909
24914
24919
24923
24928
24933
24938
24942
24947
24952
24957
24961
24966
24971
24976
24980
24985
24990
24995
25000
25004
25008
25012
25016
25020
25025
25029
25033
25037
25041
25045
25050
25054
25058
25062
25066
25070
25075
25079
25083
25087
25091
25095
25100
25104
25108
25112
25116
25120
25124
25128
25132
25136
25140
25144
25148
25152
25156
25160
25164
25168
25172
25176
25180
25184
25188
25192
25195
25200
25204
25208
25212
25216
25220
25225
25229
25233
25237
25241
25245
25250
25254
25258
25262
25266
25270
25275
25279
25283
25287
25291
25295
25300
25304
25308
25312
25316
25320
25324
25328
25332
25336
25340
25344
25348
25352
25355
25360
25364
25368
25372
25375
25380
25384
25387
25392
25395
25400
25404
25408
25412
25416
25420
25424
25429
25433
25437
25441
25445
25450
25454
25458
25462
25466
25470
25475
25479
25483
25487
25491
25495
25500
25505
25510
25515
25520
25525
25530
25535
25540
25545
25550
25555
25560
25565
25570
25575
25580
25585
25590
25595
25600
25605
25610
25615
25621
25626
25631
25636
25642
25647
25652
25657
25663
25668
25673
25678
25684
25689
25694
25700
25705
25710
25715
25720
25725
25730
25735
25740
25745
25750
25755
25760
25765
25770
25775
25780
25785
25790
25795
25800
25805
25810
25815
25821
25826
25831
25836
25842
25847
25852
25857
25863
25868
25873
25878
25884
25889
25894
25900
25904
25910
25915
25919
25924
25930
25935
25939
25945
25950
25955
25960
25965
25970
25975
25980
25985
25990
25995
26000
26005
26010
26015
26020
26025
26030
26035
26040
26045
26050
26055
26060
26065
26070
26075
26080
26085
26090
26095
26100
26105
26110
26115
26121
26126
26131
26136
26142
26147
26152
26157
26163
26168
26173
26178
26184
26189
26194
26200
26205
26210
26215
26220
26225
26230
26235
26240
26245
26250
26255
26260
26265
26270
26275
26280
26285
26290
26295
26300
26305
26310
26315
26321
26326
26331
26336
26342
26347
26352
26357
26363
26368
26373
26378
26384
26389
26394
26400
26404
26410
26415
26419
26424
26430
26435
26439
26445
26450
26455
26460
26465
26470
26475
26480
26485
26490
26495
26500
26514
26528
26542
26557
26571
26585
26600
26614
26628
26642
26657
26671
26685
26700
26716
26733
26750
26766
26783
26800
26814
26828
26842
26857
26871
26885
26900
26914
26928
26942
26957
26971
26985
27000
27005
27010
27015
27021
27026
27031
27036
27042
27047
27052
27057
27063
27068
27073
27078
27084
27089
27094
27100
27105
27110
27115
27121
27126
27131
27136
27142
27147
27152
27157
27163
27168
27173
27178
27184
27189
27194
27200
27205
27210
27215
27221
27226
27231
27236
27242
27247
27252
27257
27263
27268
27273
27278
27284
27289
27294
27300
27305
27310
27315
27321
27326
27331
27336
27342
27347
27352
27357
27363
27368
27373
27378
27384
27389
27394
27400
27405
27411
27416
27422
27427
27433
27438
27444
27450
27455
27461
27466
27472
27477
27483
27488
27494
27500
27506
27513
27520
27526
27533
27540
27546
27553
27560
27566
27573
27580
27586
27593
27600
27607
27614
27621
27628
27635
27642
27650
27657
27664
27671
27678
27685
27692
27700
27707
27714
27721
27728
27735
27742
27750
27757
27764
27771
27778
27785
27792
27800
27807
27814
27821
27828
27835
27842
27850
27857
27864
27871
27878
27885
27892
27900
27907
27914
27921
27928
27935
27942
27950
27957
27964
27971
27978
27985
27992
28000
28005
28011
28017
28023
28029
28035
28041
28047
28052
28058
28064
28070
28076
28082
28088
28094
28100
28105
28111
28117
28123
28129
28135
28141
28147
28152
28158
28164
28170
28176
28182
28188
28194
28200
28206
28212
28218
28225
28231
28237
28243
28250
28256
28262
28268
28275
28281
28287
28293
28300
28305
28311
28317
28323
28329
28335
28341
28347
28352
28358
28364
28370
28376
28382
28388
28394
28400
28405
28411
28417
28423
28429
28435
28441
28447
28452
28458
28464
28470
28476
28482
28488
28494
28500
28504
28508
28513
28517
28521
28526
28530
28534
28539
28543
28547
28552
28556
28560
28565
28569
28573
28578
28582
28586
28591
28595
28600
28604
28608
28613
28617
28621
28626
28630
28634
28639
28643
28647
28652
28656
28660
28665
28669
28673
28678
28682
28686
28691
28695
28700
28704
28708
28713
28717
28721
28726
28730
28734
28739
28743
28747
28752
28756
28760
28765
28769
28773
28778
28782
28786
28791
28795
28800
28804
28808
28813
28817
28821
28826
28830
28834
28839
28843
28847
28852
28856
28860
28865
28869
28873
28878
28882
28886
28891
28895
28900
28904
28908
28913
28917
28921
28926
28930
28934
28939
28943
28947
28952
28956
28960
28965
28969
28973
28978
28982
28986
28991
28995
29000
29004
29008
29013
29017
29021
29026
29030
29034
29039
29043
29047
29052
29056
29060
29065
29069
29073
29078
29082
29086
29091
29095
29100
29104
29109
29113
29118
29122
29127
29131
29136
29140
29145
29150
29154
29159
29163
29168
29172
29177
29181
29186
29190
29195
29200
29204
29209
29213
29218
29222
29227
29231
29236
29240
29245
29250
29254
29259
29263
29268
29272
29277
29281
29286
29290
29295
29300
29304
29309
29313
29318
29322
29327
29331
29336
29340
29345
29350
29354
29359
29363
29368
29372
29377
29381
29386
29390
29395
29400
29404
29409
29413
29418
29422
29427
29431
29436
29440
29445
29450
29454
29459
29463
29468
29472
29477
29481
29486
29490
29495
29500
29504
29508
29513
29517
29521
29526
29530
29534
29539
29543
29547
29552
29556
29560
29565
29569
29573
29578
29582
29586
29591
29595
29600
29604
29609
29613
29618
29622
29627
29631
29636
29640
29645
29650
29654
29659
29663
29668
29672
29677
29681
29686
29690
29695
29700
29704
29709
29713
29718
29722
29727
29731
29736
29740
29745
29750
29754
29759
29763
29768
29772
29777
29781
29786
29790
29795
29800
29804
29808
29813
29817
29821
29826
29830
29834
29839
29843
29847
29852
29856
29860
29865
29869
29873
29878
29882
29886
29891
29895
29900
29904
29909
29913
29918
29922
29927
29931
29936
29940
29945
29950
29954
29959
29963
29968
29972
29977
29981
29986
29990
29995
30000
