6
12
18
25
31
37
43
50
56
62
68
75
81
87
93
100
105
111
117
123
129
135
141
147
152
158
164
170
176
182
188
194
200
205
211
217
223
229
235
241
247
252
258
264
270
276
282
288
294
300
305
311
317
323
329
335
341
347
352
358
364
370
376
382
388
394
400
406
412
418
425
431
437
443
450
456
462
468
475
481
487
493
500
505
511
517
523
529
535
541
547
552
558
564
570
576
582
588
594
600
605
611
617
623
629
635
641
647
652
658
664
670
676
682
688
694
700
706
712
718
725
731
737
743
750
756
762
768
775
781
787
793
800
805
811
817
823
829
835
841
847
852
858
864
870
876
882
888
894
900
906
912
918
925
931
937
943
950
956
962
968
975
981
987
993
1000
1002
1005
1008
1011
1014
1017
1020
1022
1025
1028
1031
1034
1037
1040
1042
1045
1048
1051
1054
1057
1060
1062
1065
1068
1071
1074
1077
1080
1082
1085
1088
1091
1094
1097
1100
1102
1105
1108
1111
1114
1117
1120
1122
1125
1128
1131
1134
1137
1140
1142
1145
1148
1151
1154
1157
1160
1162
1165
1168
1171
1174
1177
1180
1182
1185
1188
1191
1194
1197
1200
1202
1205
1208
1211
1214
1217
1220
1222
1225
1228
1231
1234
1237
1240
1242
1245
1248
1251
1254
1257
1260
1262
1265
1268
1271
1274
1277
1280
1282
1285
1288
1291
1294
1297
1300
1302
1305
1308
1311
1314
1317
1320
1322
1325
1328
1331
1334
1337
1340
1342
1345
1348
1351
1354
1357
1359
1362
1365
1368
1371
1374
1377
1380
1382
1385
1388
1391
1394
1397
1400
1402
1405
1408
1411
1414
1417
1420
1423
1426
1429
1432
1435
1438
1441
1444
1447
1450
1452
1455
1458
1461
1464
1467
1470
1473
1476
1479
1482
1485
1488
1491
1494
1497
1500
1506
1512
1518
1525
1531
1537
1543
1550
1556
1562
1568
1575
1581
1587
1593
1600
1606
1613
1620
1626
1633
1640
1646
1653
1660
1666
1673
1680
1686
1693
1700
1706
1712
1718
1725
1731
1737
1743
1750
1756
1762
1768
1775
1781
1787
1793
1800
1806
1812
1818
1825
1831
1837
1843
1850
1856
1862
1868
1875
1881
1887
1893
1900
1906
1913
1920
1926
1933
1940
1946
1953
1960
1966
1973
1980
1986
1993
2000
2012
2025
2037
2050
2062
2075
2087
2100
2112
2125
2137
2150
2162
2175
2187
2200
2212
2225
2237
2250
2262
2275
2287
2300
2312
2324
2337
2349
2362
2375
2387
2400
2412
2425
2437
2450
2462
2475
2487
2500
2504
2509
2514
2519
2523
2528
2533
2538
2542
2547
2552
2557
2561
2566
2571
2576
2580
2585
2590
2595
2600
2605
2610
2615
2620
2625
2630
2635
2640
2645
2650
2655
2660
2665
2670
2675
2680
2685
2690
2695
2700
2704
2709
2714
2719
2723
2728
2733
2738
2742
2747
2752
2757
2761
2766
2771
2776
2780
2785
2790
2795
2800
2804
2809
2815
2820
2824
2830
2835
2840
2844
2849
2855
2860
2864
2870
2875
2880
2885
2889
2895
2900
2905
2910
2915
2920
2925
2929
2935
2940
2945
2950
2955
2960
2965
2969
2975
2980
2985
2990
2995
3000
3004
3009
3014
3019
3023
3028
3033
3038
3042
3047
3052
3057
3061
3066
3071
3076
3080
3085
3090
3095
3100
3104
3109
3114
3119
3123
3128
3133
3138
3142
3147
3152
3157
3161
3166
3171
3176
3180
3185
3190
3195
3200
3204
3209
3214
3219
3223
3228
3233
3238
3242
3247
3252
3257
3261
3266
3271
3276
3280
3285
3290
3295
3300
3304
3309
3314
3319
3323
3328
3333
3338
3342
3347
3352
3357
3361
3366
3371
3376
3380
3385
3390
3395
3400
3404
3409
3414
3419
3423
3428
3433
3438
3442
3447
3452
3457
3461
3466
3471
3476
3480
3485
3490
3495
3500
3505
3511
3516
3522
3527
3533
3538
3544
3550
3555
3561
3566
3572
3577
3583
3588
3594
3600
3605
3611
3616
3622
3627
3633
3638
3644
3650
3655
3661
3666
3672
3677
3683
3688
3694
3700
3705
3711
3716
3722
3727
3733
3738
3744
3750
3755
3761
3766
3772
3777
3783
3788
3794
3800
3805
3811
3816
3822
3827
3833
3838
3844
3849
3855
3861
3866
3872
3877
3883
3888
3894
3900
3905
3911
3917
3923
3929
3935
3941
3947
3952
3958
3964
3970
3976
3982
3988
3994
4000
4002
4005
4008
4011
4014
4017
4019
4022
4025
4028
4031
4034
4037
4040
4042
4045
4048
4051
4054
4057
4059
4062
4065
4068
4071
4074
4077
4080
4082
4085
4088
4091
4094
4097
4100
4102
4105
4108
4111
4114
4117
4120
4123
4126
4129
4132
4135
4138
4141
4144
4147
4150
4152
4155
4158
4161
4164
4167
4170
4173
4176
4179
4182
4185
4188
4191
4194
4197
4200
4202
4205
4208
4211
4214
4217
4220
4223
4226
4229
4232
4235
4238
4241
4244
4247
4250
4252
4255
4258
4261
4264
4267
4270
4273
4276
4279
4282
4285
4288
4291
4294
4297
4300
4302
4305
4308
4311
4314
4317
4320
4323
4326
4329
4332
4335
4338
4341
4344
4347
4350
4352
4355
4358
4361
4364
4367
4370
4373
4376
4379
4382
4385
4388
4391
4394
4397
4400
4402
4405
4408
4411
4414
4417
4420
4423
4426
4429
4432
4435
4438
4441
4444
4447
4450
4452
4455
4458
4461
4464
4467
4470
4473
4476
4479
4482
4485
4488
4491
4494
4497
4500
4504
4509
4513
4518
4522
4527
4531
4536
4540
4545
4550
4554
4559
4563
4568
4572
4577
4581
4586
4590
4595
4600
4604
4608
4613
4617
4621
4626
4630
4634
4639
4643
4647
4652
4656
4660
4665
4669
4673
4678
4682
4686
4691
4695
4700
4704
4709
4713
4718
4722
4727
4731
4736
4740
4745
4750
4754
4759
4763
4768
4772
4777
4781
4786
4790
4795
4800
4804
4809
4813
4818
4822
4827
4831
4836
4840
4845
4850
4854
4859
4863
4868
4872
4877
4881
4886
4890
4895
4900
4904
4908
4913
4917
4921
4926
4930
4934
4939
4943
4947
4952
4956
4960
4965
4969
4973
4978
4982
4986
4991
4995
5000
5005
5011
5017
5023
5029
5035
5041
5047
5052
5058
5064
5070
5076
5082
5088
5094
5100
5105
5111
5116
5122
5127
5133
5138
5144
5150
5155
5161
5166
5172
5177
5183
5188
5194
5200
5205
5211
5216
5222
5227
5233
5238
5244
5250
5255
5261
5266
5272
5277
5283
5288
5294
5300
5305
5311
5317
5323
5329
5335
5341
5347
5352
5358
5364
5370
5376
5382
5388
5394
5400
5405
5411
5416
5422
5427
5433
5438
5444
5450
5455
5461
5466
5472
5477
5483
5488
5494
5500
5508
5516
5525
5533
5541
5550
5558
5566
5574
5583
5591
5600
5609
5618
5627
5636
5645
5654
5663
5672
5681
5690
5700
5708
5716
5725
5733
5741
5750
5758
5766
5775
5783
5791
5800
5808
5816
5825
5833
5841
5850
5858
5866
5875
5883
5891
5900
5908
5916
5925
5933
5941
5950
5958
5966
5975
5983
5991
6000
6003
6007
6010
6014
6017
6021
6025
6028
6032
6035
6039
6042
6046
6050
6053
6057
6060
6064
6067
6071
6074
6078
6082
6085
6089
6092
6096
6100
6103
6107
6110
6114
6117
6121
6125
6128
6132
6135
6139
6142
6146
6150
6153
6157
6160
6164
6167
6171
6175
6178
6182
6185
6189
6192
6196
6200
6203
6206
6210
6213
6217
6220
6224
6227
6231
6234
6237
6241
6244
6248
6251
6255
6258
6262
6265
6268
6272
6275
6279
6282
6286
6289
6293
6296
6300
6303
6307
6310
6314
6317
6321
6325
6328
6332
6335
6339
6342
6346
6350
6353
6357
6360
6364
6367
6371
6375
6378
6382
6385
6389
6392
6396
6400
6403
6406
6410
6413
6417
6420
6424
6427
6431
6434
6437
6441
6444
6448
6451
6455
6458
6462
6465
6468
6472
6475
6479
6482
6486
6489
6493
6496
6500
6510
6520
6530
6540
6550
6560
6569
6580
6590
6600
6609
6620
6630
6640
6650
6660
6670
6680
6690
6700
6710
6720
6730
6740
6750
6760
6770
6780
6790
6800
6810
6820
6830
6840
6850
6860
6870
6880
6890
6900
6909
6918
6927
6936
6945
6954
6963
6972
6981
6990
7000
7002
7004
7007
7009
7012
7014
7017
7019
7021
7024
7026
7029
7031
7034
7036
7039
7041
7043
7046
7048
7051
7053
7056
7058
7060
7063
7065
7068
7070
7073
7075
7078
7080
7082
7085
7087
7090
7092
7095
7097
7100
7102
7104
7107
7109
7112
7114
7117
7119
7121
7124
7126
7129
7131
7134
7136
7139
7141
7143
7146
7148
7151
7153
7156
7158
7160
7163
7165
7168
7170
7173
7175
7178
7180
7182
7185
7187
7190
7192
7195
7197
7200
7202
7204
7207
7209
7212
7214
7217
7219
7221
7224
7226
7229
7231
7234
7236
7239
7241
7243
7246
7248
7251
7253
7256
7258
7260
7263
7265
7268
7270
7273
7275
7278
7280
7282
7285
7287
7290
7292
7295
7297
7300
7302
7304
7307
7309
7312
7314
7317
7319
7321
7324
7326
7329
7331
7334
7336
7339
7341
7343
7346
7348
7351
7353
7356
7358
7360
7363
7365
7368
7370
7373
7375
7378
7380
7382
7385
7387
7390
7392
7395
7397
7400
7402
7404
7407
7409
7412
7414
7417
7419
7421
7424
7426
7429
7431
7434
7436
7439
7441
7443
7446
7448
7451
7453
7456
7458
7460
7463
7465
7468
7470
7473
7475
7478
7480
7482
7485
7487
7490
7492
7495
7497
7500
7511
7522
7533
7544
7555
7566
7577
7588
7600
7611
7622
7633
7644
7655
7666
7677
7688
7700
7711
7722
7733
7744
7755
7766
7777
7788
7800
7811
7822
7833
7844
7855
7866
7877
7888
7900
7911
7922
7933
7944
7955
7966
7977
7988
8000
8007
8015
8023
8030
8038
8046
8053
8061
8069
8076
8084
8092
8100
8107
8115
8123
8130
8138
8146
8153
8161
8169
8176
8184
8192
8200
8207
8215
8223
8230
8238
8246
8253
8261
8269
8276
8284
8292
8300
8307
8315
8323
8330
8338
8346
8353
8361
8369
8376
8384
8392
8400
8407
8415
8423
8430
8438
8446
8453
8461
8469
8476
8484
8492
8500
8506
8513
8520
8526
8533
8540
8546
8553
8560
8566
8573
8580
8586
8593
8600
8606
8613
8620
8626
8633
8639
8646
8653
8660
8666
8673
8680
8686
8693
8700
8706
8713
8719
8726
8733
8740
8746
8753
8760
8766
8773
8780
8786
8793
8800
8807
8814
8821
8828
8835
8842
8850
8857
8864
8871
8878
8885
8892
8900
8906
8913
8920
8926
8933
8940
8946
8953
8960
8966
8973
8980
8986
8993
9000
9006
9013
9020
9026
9033
9040
9046
9053
9060
9066
9073
9080
9086
9093
9100
9106
9113
9120
9126
9133
9139
9146
9153
9160
9166
9173
9180
9186
9193
9200
9206
9213
9219
9226
9233
9240
9246
9253
9260
9266
9273
9280
9286
9293
9300
9306
9313
9320
9326
9333
9340
9346
9353
9360
9366
9373
9380
9386
9393
9400
9406
9413
9420
9426
9433
9440
9446
9453
9460
9466
9473
9480
9486
9493
9500
9505
9511
9517
9523
9529
9535
9541
9547
9552
9558
9564
9570
9576
9582
9588
9594
9600
9605
9611
9617
9623
9629
9635
9641
9647
9652
9658
9664
9670
9676
9682
9688
9694
9700
9706
9712
9718
9725
9731
9737
9743
9750
9756
9762
9768
9775
9781
9787
9793
9800
9805
9811
9817
9823
9829
9835
9841
9847
9852
9858
9864
9870
9876
9882
9888
9894
9900
9905
9911
9917
9923
9929
9935
9941
9947
9952
9958
9964
9970
9976
9982
9988
9994
10000
10007
10015
10023
10030
10038
10046
10053
10061
10069
10076
10084
10092
10100
10107
10114
10121
10128
10135
10142
10149
10157
10164
10171
10178
10185
10192
10200
10207
10215
10223
10230
10238
10246
10253
10261
10269
10276
10284
10292
10300
10307
10315
10323
10330
10338
10346
10353
10361
10369
10376
10384
10392
10400
10407
10415
10423
10430
10438
10446
10453
10461
10469
10476
10484
10492
10500
10506
10513
10520
10526
10533
10540
10546
10553
10560
10566
10573
10580
10586
10593
10600
10606
10613
10620
10626
10633
10639
10646
10653
10660
10666
10673
10680
10686
10693
10700
10706
10713
10719
10726
10733
10740
10746
10753
10760
10766
10773
10780
10786
10793
10800
10806
10813
10820
10826
10833
10840
10846
10853
10860
10866
10873
10880
10886
10893
10900
10906
10913
10920
10926
10933
10940
10946
10953
10960
10966
10973
10980
10986
10993
11000
11006
11012
11018
11025
11031
11037
11043
11050
11056
11062
11068
11075
11081
11087
11093
11100
11106
11112
11118
11125
11131
11137
11143
11149
11156
11162
11168
11174
11181
11187
11193
11200
11206
11212
11218
11225
11231
11237
11243
11250
11256
11262
11268
11275
11281
11287
11293
11300
11306
11312
11318
11325
11331
11337
11343
11350
11356
11362
11368
11375
11381
11387
11393
11400
11406
11412
11418
11425
11431
11437
11443
11450
11456
11462
11468
11475
11481
11487
11493
11500
11505
11511
11517
11523
11529
11535
11541
11547
11552
11558
11564
11570
11576
11582
11588
11594
11600
11605
11611
11617
11623
11629
11635
11641
11647
11652
11658
11664
11670
11676
11682
11688
11694
11700
11705
11711
11717
11723
11729
11735
11741
11747
11752
11758
11764
11770
11776
11782
11788
11794
11800
11805
11811
11817
11823
11829
11835
11841
11847
11852
11858
11864
11870
11876
11882
11888
11894
11900
11906
11912
11918
11925
11931
11937
11943
11950
11956
11962
11968
11975
11981
11987
11993
12000
12004
12008
12012
12016
12020
12025
12029
12033
12037
12041
12045
12050
12054
12058
12062
12066
12070
12075
12079
12083
12087
12091
12095
12100
12104
12107
12112
12116
12120
12123
12128
12132
12136
12139
12144
12148
12152
12155
12160
12164
12168
12171
12176
12180
12184
12187
12192
12196
12200
12204
12208
12212
12216
12220
12225
12229
12233
12237
12241
12245
12250
12254
12258
12262
12266
12270
12275
12279
12283
12287
12291
12295
12300
12304
12308
12312
12316
12320
12325
12329
12333
12337
12341
12345
12350
12354
12358
12362
12366
12370
12375
12379
12383
12387
12391
12395
12400
12404
12408
12412
12416
12420
12425
12429
12433
12437
12441
12445
12450
12454
12458
12462
12466
12470
12475
12479
12483
12487
12491
12495
12500
12505
12510
12515
12520
12525
12530
12535
12540
12545
12550
12555
12560
12565
12570
12575
12580
12584
12590
12594
12600
12605
12610
12615
12620
12625
12629
12635
12639
12645
12649
12655
12660
12665
12670
12674
12680
12684
12690
12694
12700
12705
12709
12715
12719
12725
12730
12735
12740
12745
12750
12755
12760
12765
12770
12775
12780
12785
12790
12795
12800
12805
12810
12815
12820
12825
12830
12835
12840
12845
12850
12855
12860
12865
12870
12875
12880
12885
12890
12895
12900
12905
12910
12915
12920
12925
12930
12935
12940
12945
12950
12955
12960
12965
12970
12975
12980
12985
12990
12995
13000
13004
13009
13013
13018
13022
13027
13031
13036
13040
13045
13050
13054
13059
13063
13068
13072
13077
13081
13086
13090
13095
13100
13104
13108
13113
13117
13121
13126
13130
13134
13139
13143
13147
13152
13156
13160
13165
13169
13173
13178
13182
13186
13191
13195
13200
13204
13208
13213
13217
13221
13226
13230
13234
13239
13243
13247
13252
13256
13260
13265
13269
13273
13278
13282
13286
13291
13295
13300
13304
13309
13313
13318
13322
13327
13331
13336
13340
13345
13350
13354
13359
13363
13368
13372
13377
13381
13386
13390
13395
13400
13404
13408
13413
13417
13421
13426
13430
13434
13439
13443
13447
13452
13456
13460
13465
13469
13473
13478
13482
13486
13491
13495
13500
13504
13508
13512
13516
13520
13524
13528
13532
13536
13540
13544
13548
13552
13556
13560
13564
13568
13572
13576
13580
13584
13588
13592
13596
13600
13603
13607
13611
13615
13619
13623
13626
13630
13634
13638
13642
13646
13649
13653
13657
13661
13665
13669
13673
13676
13680
13684
13688
13692
13696
13700
13703
13708
13712
13716
13719
13724
13728
13732
13736
13740
13744
13748
13752
13756
13760
13764
13768
13772
13776
13780
13784
13788
13792
13796
13800
13803
13807
13811
13815
13819
13823
13826
13830
13834
13838
13842
13846
13850
13853
13857
13861
13865
13869
13873
13876
13880
13884
13888
13892
13896
13900
13904
13908
13912
13916
13920
13924
13928
13932
13936
13940
13944
13948
13952
13956
13960
13964
13968
13972
13976
13980
13984
13988
13992
13996
14000
14004
14008
14013
14017
14021
14026
14030
14034
14039
14043
14047
14052
14056
14060
14065
14069
14073
14078
14082
14086
14091
14095
14100
14104
14108
14112
14116
14120
14125
14129
14133
14137
14141
14145
14149
14154
14158
14162
14166
14170
14174
14179
14183
14187
14191
14195
14200
14204
14208
14212
14216
14220
14225
14229
14233
14237
14241
14245
14250
14254
14258
14262
14266
14270
14275
14279
14283
14287
14291
14295
14300
14304
14308
14313
14317
14321
14326
14330
14334
14339
14343
14347
14352
14356
14360
14365
14369
14373
14378
14382
14386
14391
14395
14400
14404
14408
14412
14416
14420
14425
14429
14433
14437
14441
14445
14450
14454
14458
14462
14466
14470
14475
14479
14483
14487
14491
14495
14500
14503
14507
14511
14514
14518
14522
14525
14529
14533
14537
14540
14544
14548
14551
14555
14559
14562
14566
14570
14574
14577
14581
14585
14588
14592
14596
14600
14603
14607
14611
14615
14619
14623
14626
14630
14634
14638
14642
14646
14649
14653
14657
14661
14665
14669
14673
14676
14680
14684
14688
14692
14696
14700
14703
14707
14711
14714
14718
14722
14725
14729
14733
14737
14740
14744
14748
14751
14755
14759
14762
14766
14770
14774
14777
14781
14785
14788
14792
14796
14800
14803
14807
14811
14814
14818
14822
14825
14829
14833
14837
14840
14844
14848
14851
14855
14859
14862
14866
14870
14874
14877
14881
14885
14888
14892
14896
14900
14903
14907
14911
14914
14918
14922
14925
14929
14933
14937
14940
14944
14948
14951
14955
14959
14962
14966
14970
14974
14977
14981
14985
14988
14992
14996
15000
15002
15005
15008
15011
15014
15017
15020
15022
15025
15028
15031
15034
15037
15040
15042
15045
15048
15051
15054
15057
15060
15062
15065
15068
15071
15074
15077
15080
15082
15085
15088
15091
15094
15097
15100
15102
15105
15108
15111
15114
15117
15120
15122
15125
15128
15131
15134
15137
15139
15142
15145
15148
15151
15154
15157
15160
15162
15165
15168
15171
15174
15177
15180
15182
15185
15188
15191
15194
15197
15200
15202
15205
15208
15211
15214
15217
15219
15222
15225
15228
15231
15234
15237
15240
15242
15245
15248
15251
15254
15257
15260
15262
15265
15268
15271
15274
15277
15280
15282
15285
15288
15291
15294
15297
15300
15302
15305
15308
15311
15314
15317
15320
15322
15325
15328
15331
15334
15337
15340
15342
15345
15348
15351
15354
15357
15360
15362
15365
15368
15371
15374
15377
15380
15382
15385
15388
15391
15394
15397
15400
15402
15405
15408
15411
15414
15417
15420
15422
15425
15428
15431
15434
15437
15440
15442
15445
15448
15451
15454
15457
15460
15462
15465
15468
15471
15474
15477
15480
15482
15485
15488
15491
15494
15497
15500
15504
15508
15512
15516
15520
15525
15529
15533
15537
15541
15545
15550
15554
15558
15562
15566
15570
15575
15579
15583
15587
15591
15595
15600
15604
15608
15613
15617
15621
15626
15630
15634
15639
15643
15647
15652
15656
15660
15665
15669
15673
15678
15682
15686
15691
15695
15700
15704
15708
15712
15716
15720
15725
15729
15733
15737
15741
15745
15750
15754
15758
15762
15766
15770
15775
15779
15783
15787
15791
15795
15800
15804
15808
15812
15816
15820
15825
15829
15833
15837
15841
15845
15850
15854
15858
15862
15866
15870
15875
15879
15883
15887
15891
15895
15900
15904
15908
15913
15917
15921
15926
15930
15934
15939
15943
15947
15952
15956
15960
15965
15969
15973
15978
15982
15986
15991
15995
16000
16003
16006
16009
16012
16016
16019
16022
16025
16029
16032
16035
16038
16041
16045
16048
16051
16054
16058
16061
16064
16067
16070
16074
16077
16080
16083
16087
16090
16093
16096
16100
16103
16106
16109
16112
16116
16119
16122
16125
16129
16132
16135
16138
16141
16145
16148
16151
16154
16158
16161
16164
16167
16170
16174
16177
16180
16183
16187
16190
16193
16196
16200
16203
16206
16210
16213
16216
16219
16223
16226
16230
16233
16236
16239
16243
16246
16250
16253
16256
16260
16263
16266
16270
16273
16276
16280
16283
16286
16290
16293
16296
16300
16303
16306
16309
16312
16316
16319
16322
16325
16329
16332
16335
16338
16341
16345
16348
16351
16354
16358
16361
16364
16367
16370
16374
16377
16380
16383
16387
16390
16393
16396
16400
16403
16406
16409
16412
16416
16419
16422
16425
16429
16432
16435
16438
16441
16445
16448
16451
16454
16458
16461
16464
16467
16470
16474
16477
16480
16483
16487
16490
16493
16496
16500
16502
16505
16507
16510
16513
16515
16518
16521
16523
16526
16528
16531
16534
16536
16539
16542
16544
16547
16550
16552
16555
16557
16560
16563
16565
16568
16571
16573
16576
16578
16581
16584
16586
16589
16592
16594
16597
16600
16602
16605
16607
16610
16613
16615
16618
16621
16623
16626
16628
16631
16634
16636
16639
16642
16644
16647
16650
16652
16655
16657
16660
16663
16665
16668
16671
16673
16676
16678
16681
16684
16686
16689
16692
16694
16697
16700
16702
16705
16707
16710
16712
16715
16717
16720
16723
16725
16728
16730
16733
16735
16738
16741
16743
16746
16748
16751
16753
16756
16758
16761
16764
16766
16769
16771
16774
16776
16779
16782
16784
16787
16789
16792
16794
16797
16800
16802
16805
16807
16810
16813
16815
16818
16821
16823
16826
16828
16831
16834
16836
16839
16842
16844
16847
16850
16852
16855
16857
16860
16863
16865
16868
16871
16873
16876
16878
16881
16884
16886
16889
16892
16894
16897
16900
16902
16905
16907
16910
16913
16915
16918
16921
16923
16926
16928
16931
16934
16936
16939
16942
16944
16947
16950
16952
16955
16957
16960
16963
16965
16968
16971
16973
16976
16978
16981
16984
16986
16989
16992
16994
16997
17000
17004
17008
17013
17017
17021
17026
17030
17034
17039
17043
17047
17052
17056
17060
17065
17069
17073
17078
17082
17086
17091
17095
17100
17104
17108
17113
17117
17121
17126
17130
17134
17139
17143
17147
17152
17156
17160
17165
17169
17173
17178
17182
17186
17191
17195
17200
17204
17208
17213
17217
17221
17226
17230
17234
17239
17243
17247
17252
17256
17260
17265
17269
17273
17278
17282
17286
17291
17295
17300
17304
17308
17313
17317
17321
17326
17330
17334
17339
17343
17347
17352
17356
17360
17365
17369
17373
17378
17382
17386
17391
17395
17400
17404
17408
17413
17417
17421
17426
17430
17434
17439
17443
17447
17452
17456
17460
17465
17469
17473
17478
17482
17486
17491
17495
17500
17504
17509
17513
17518
17522
17527
17531
17536
17540
17545
17550
17554
17559
17563
17568
17572
17577
17581
17586
17590
17595
17600
17604
17609
17613
17618
17622
17627
17631
17636
17640
17645
17650
17654
17659
17663
17668
17672
17677
17681
17686
17690
17695
17700
17704
17709
17713
17718
17722
17727
17731
17736
17740
17745
17750
17754
17759
17763
17768
17772
17777
17781
17786
17790
17795
17800
17804
17809
17813
17818
17822
17827
17831
17836
17840
17845
17850
17854
17859
17863
17868
17872
17877
17881
17886
17890
17895
17900
17904
17909
17913
17918
17922
17927
17931
17936
17940
17945
17950
17954
17959
17963
17968
17972
17977
17981
17986
17990
17995
18000
18003
18006
18009
18012
18016
18019
18022
18025
18029
18032
18035
18038
18041
18045
18048
18051
18054
18058
18061
18064
18067
18070
18074
18077
18080
18083
18087
18090
18093
18096
18100
18103
18106
18110
18113
18116
18120
18123
18126
18130
18133
18136
18140
18143
18146
18150
18153
18156
18160
18163
18166
18170
18173
18176
18180
18183
18186
18189
18193
18196
18200
18203
18206
18209
18212
18216
18219
18222
18225
18229
18232
18235
18238
18241
18245
18248
18251
18254
18258
18261
18264
18267
18270
18274
18277
18280
18283
18287
18290
18293
18296
18300
18303
18306
18309
18312
18316
18319
18322
18325
18329
18332
18335
18338
18341
18345
18348
18351
18354
18358
18361
18364
18367
18370
18374
18377
18380
18383
18387
18390
18393
18396
18400
18403
18406
18409
18412
18416
18419
18422
18425
18429
18432
18435
18438
18441
18445
18448
18451
18454
18458
18461
18464
18467
18470
18474
18477
18480
18483
18487
18490
18493
18496
18500
18507
18514
18521
18528
18535
18542
18550
18557
18564
18571
18578
18585
18592
18600
18607
18614
18621
18628
18635
18642
18650
18657
18664
18671
18678
18685
18692
18700
18707
18714
18721
18728
18735
18742
18750
18757
18764
18771
18778
18785
18792
18800
18807
18814
18821
18828
18835
18842
18850
18857
18864
18871
18878
18885
18892
18900
18907
18914
18921
18928
18935
18942
18950
18957
18964
18971
18978
18985
18992
19000
19002
19005
19008
19010
19013
19016
19018
19021
19024
19027
19029
19032
19035
19037
19040
19043
19045
19048
19051
19054
19056
19059
19062
19064
19067
19070
19072
19075
19078
19081
19083
19086
19089
19091
19094
19097
19100
19102
19105
19108
19110
19113
19116
19118
19121
19124
19127
19129
19132
19135
19137
19140
19143
19145
19148
19151
19154
19156
19159
19162
19164
19167
19170
19172
19175
19178
19181
19183
19186
19189
19191
19194
19197
19200
19202
19205
19207
19210
19213
19215
19218
19221
19223
19226
19228
19231
19234
19236
19239
19242
19244
19247
19250
19252
19255
19257
19260
19263
19265
19268
19271
19273
19276
19278
19281
19284
19286
19289
19292
19294
19297
19300
19302
19305
19308
19310
19313
19316
19318
19321
19324
19327
19329
19332
19335
19337
19340
19343
19345
19348
19351
19354
19356
19359
19362
19364
19367
19370
19372
19375
19378
19381
19383
19386
19389
19391
19394
19397
19400
19402
19405
19408
19410
19413
19416
19418
19421
19424
19427
19429
19432
19435
19437
19440
19443
19445
19448
19451
19454
19456
19459
19462
19464
19467
19470
19472
19475
19478
19481
19483
19486
19489
19491
19494
19497
19500
19506
19512
19518
19525
19531
19537
19543
19550
19556
19562
19568
19575
19581
19587
19593
19600
19606
19613
19620
19626
19633
19640
19646
19653
19660
19666
19673
19680
19686
19693
19700
19706
19712
19718
19725
19731
19737
19743
19750
19756
19762
19768
19775
19781
19787
19793
19800
19806
19812
19818
19825
19831
19837
19843
19850
19856
19862
19868
19875
19881
19887
19893
19900
19906
19912
19918
19924
19931
19937
19943
19950
19956
19962
19968
19975
19981
19987
19993
20000
20002
20005
20008
20011
20014
20017
20020
20022
20025
20028
20031
20034
20037
20040
20042
20045
20048
20051
20054
20057
20060
20062
20065
20068
20071
20074
20077
20080
20082
20085
20088
20091
20094
20097
20100
20102
20105
20108
20111
20114
20117
20120
20122
20125
20128
20131
20134
20137
20140
20142
20145
20148
20151
20154
20157
20160
20162
20165
20168
20171
20174
20177
20180
20182
20185
20188
20191
20194
20197
20200
20202
20205
20208
20211
20214
20217
20220
20223
20226
20229
20232
20235
20238
20241
20244
20247
20250
20252
20255
20258
20261
20264
20267
20270
20273
20276
20279
20282
20285
20288
20291
20294
20297
20300
20302
20305
20308
20311
20314
20317
20320
20322
20325
20328
20331
20334
20337
20340
20342
20345
20348
20351
20354
20357
20360
20362
20365
20368
20371
20374
20377
20380
20382
20385
20388
20391
20394
20397
20400
20402
20405
20408
20411
20414
20417
20419
20422
20425
20428
20431
20434
20437
20439
20442
20445
20448
20451
20454
20457
20460
20462
20465
20468
20471
20474
20477
20480
20482
20485
20488
20491
20494
20497
20500
20504
20508
20512
20516
20520
20525
20529
20533
20537
20541
20545
20550
20554
20558
20562
20566
20570
20575
20579
20583
20587
20591
20595
20600
20604
20608
20612
20616
20620
20625
20629
20633
20637
20641
20645
20650
20654
20658
20662
20666
20670
20675
20679
20683
20687
20691
20695
20700
20704
20708
20712
20716
20720
20725
20729
20733
20737
20741
20745
20750
20754
20758
20762
20766
20770
20775
20779
20783
20787
20791
20795
20800
20804
20808
20812
20816
20820
20825
20829
20833
20837
20841
20845
20850
20854
20858
20862
20866
20870
20875
20879
20883
20887
20891
20895
20900
20904
20908
20912
20916
20920
20924
20929
20933
20937
20941
20945
20950
20954
20958
20962
20966
20970
20975
20979
20983
20987
20991
20995
21000
21004
21009
21014
21019
21023
21028
21033
21038
21042
21047
21052
21057
21061
21066
21071
21076
21080
21085
21090
21095
21100
21104
21109
21114
21119
21123
21128
21133
21138
21142
21147
21152
21157
21161
21166
21171
21176
21180
21185
21190
21195
21200
21204
21209
21214
21219
21223
21228
21233
21238
21242
21247
21252
21257
21261
21266
21271
21276
21280
21285
21290
21295
21300
21304
21309
21314
21319
21323
21328
21333
21338
21342
21347
21352
21357
21361
21366
21371
21376
21380
21385
21390
21395
21400
21404
21409
21414
21419
21423
21428
21433
21438
21442
21447
21452
21457
21461
21466
21471
21476
21480
21485
21490
21495
21500
21508
21516
21525
21533
21541
21550
21558
21566
21575
21583
21591
21600
21608
21616
21625
21633
21641
21650
21658
21666
21675
21683
21691
21700
21708
21716
21725
21733
21741
21750
21758
21766
21775
21783
21791
21800
21809
21818
21827
21836
21845
21854
21863
21872
21881
21890
21900
21908
21916
21924
21933
21941
21950
21958
21966
21975
21983
21991
22000
22005
22011
22016
22022
22027
22033
22038
22044
22050
22055
22061
22066
22072
22077
22083
22088
22094
22100
22105
22111
22116
22122
22127
22133
22138
22144
22150
22155
22161
22166
22172
22177
22183
22188
22194
22200
22205
22211
22216
22222
22227
22233
22238
22244
22250
22255
22261
22266
22272
22277
22283
22288
22294
22300
22305
22311
22316
22322
22327
22333
22338
22344
22350
22355
22361
22366
22372
22377
22383
22388
22394
22400
22405
22411
22416
22422
22427
22433
22438
22444
22450
22455
22461
22466
22472
22477
22483
22488
22494
22500
22507
22514
22521
22528
22535
22542
22550
22557
22564
22571
22578
22585
22592
22600
22607
22614
22621
22628
22635
22642
22650
22657
22664
22671
22678
22685
22692
22700
22707
22715
22723
22730
22738
22746
22753
22761
22769
22776
22784
22792
22800
22807
22814
22821
22828
22835
22842
22850
22857
22864
22871
22878
22885
22892
22900
22907
22914
22921
22928
22935
22942
22950
22957
22964
22971
22978
22985
22992
23000
23003
23006
23009
23012
23015
23018
23021
23024
23027
23030
23033
23036
23039
23042
23045
23048
23051
23054
23057
23060
23063
23066
23069
23072
23075
23078
23081
23084
23087
23090
23093
23096
23100
23103
23106
23109
23112
23115
23118
23121
23125
23128
23131
23134
23137
23140
23143
23146
23150
23153
23156
23159
23162
23165
23168
23171
23175
23178
23181
23184
23187
23190
23193
23196
23200
23203
23206
23209
23212
23215
23218
23221
23224
23227
23230
23233
23236
23239
23242
23245
23248
23251
23254
23257
23260
23263
23266
23269
23272
23275
23278
23281
23284
23287
23290
23293
23296
23300
23303
23306
23309
23312
23315
23318
23321
23324
23327
23330
23333
23336
23339
23342
23345
23348
23351
23354
23357
23360
23363
23366
23369
23372
23375
23378
23381
23384
23387
23390
23393
23396
23400
23403
23406
23409
23412
23415
23418
23421
23424
23428
23431
23434
23437
23440
23443
23446
23450
23453
23456
23459
23462
23465
23468
23471
23475
23478
23481
23484
23487
23490
23493
23496
23500
23503
23507
23510
23514
23517
23521
23525
23528
23532
23535
23539
23542
23546
23550
23553
23557
23560
23564
23567
23571
23575
23578
23582
23585
23589
23592
23596
23600
23603
23607
23611
23614
23618
23622
23625
23629
23633
23637
23640
23644
23648
23651
23655
23659
23662
23666
23670
23674
23677
23681
23685
23688
23692
23696
23700
23703
23707
23710
23714
23717
23721
23725
23728
23732
23735
23739
23742
23746
23750
23753
23757
23760
23764
23767
23771
23775
23778
23782
23785
23789
23792
23796
23800
23803
23807
23811
23814
23818
23822
23825
23829
23833
23837
23840
23844
23848
23851
23855
23859
23862
23866
23870
23874
23877
23881
23885
23888
23892
23896
23900
23903
23907
23910
23914
23917
23921
23924
23928
23932
23935
23939
23942
23946
23950
23953
23957
23960
23964
23967
23971
23975
23978
23982
23985
23989
23992
23996
24000
24005
24010
24015
24021
24026
24031
24036
24042
24047
24052
24057
24063
24068
24073
24078
24084
24089
24094
24100
24105
24110
24115
24120
24125
24130
24135
24140
24145
24150
24155
24160
24165
24170
24175
24180
24185
24189
24195
24200
24205
24210
24215
24221
24226
24231
24236
24242
24247
24252
24257
24263
24268
24273
24278
24284
24289
24294
24300
24305
24310
24315
24320
24325
24330
24335
24340
24345
24350
24355
24360
24365
24369
24375
24380
24384
24390
24395
24400
24404
24410
24415
24419
24424
24430
24435
24439
24445
24450
24455
24460
24465
24470
24475
24480
24485
24490
24495
24500
24502
24505
24507
24510
24513
24515
24518
24521
24523
24526
24528
24531
24534
24536
24539
24542
24544
24547
24550
24552
24555
24557
24560
24563
24565
24568
24571
24573
24576
24578
24581
24584
24586
24589
24592
24594
24597
24600
24602
24605
24607
24610
24613
24615
24618
24621
24623
24626
24628
24631
24634
24636
24639
24642
24644
24647
24650
24652
24655
24657
24660
24663
24665
24668
24671
24673
24676
24678
24681
24684
24686
24689
24692
24694
24697
24700
24702
24705
24707
24710
24713
24715
24718
24721
24723
24726
24728
24731
24734
24736
24739
24742
24744
24747
24750
24752
24755
24757
24760
24763
24765
24768
24771
24773
24776
24778
24781
24784
24786
24789
24792
24794
24797
24800
24802
24805
24807
24810
24813
24815
24818
24821
24823
24826
24828
24831
24834
24836
24839
24842
24844
24847
24850
24852
24855
24857
24860
24863
24865
24868
24871
24873
24876
24878
24881
24884
24886
24889
24892
24894
24897
24900
24902
24905
24907
24910
24913
24915
24918
24921
24923
24926
24928
24931
24934
24936
24939
24942
24944
24947
24950
24952
24955
24957
24960
24963
24965
24968
24971
24973
24976
24978
24981
24984
24986
24989
24992
24994
24997
25000
25005
25010
25015
25020
25025
25030
25035
25040
25045
25050
25055
25060
25065
25070
25075
25080
25085
25090
25095
25100
25104
25109
25114
25119
25123
25128
25133
25138
25142
25147
25152
25157
25161
25166
25171
25176
25180
25185
25190
25195
25200
25205
25210
25215
25220
25225
25230
25235
25240
25245
25250
25255
25260
25265
25270
25275
25280
25285
25290
25295
25300
25304
25309
25314
25319
25323
25328
25333
25338
25342
25347
25352
25357
25361
25366
25371
25376
25380
25385
25390
25395
25400
25404
25410
25415
25419
25424
25430
25435
25439
25445
25450
25455
25460
25465
25470
25475
25480
25485
25490
25495
25500
25503
25506
25509
25512
25515
25518
25521
25524
25527
25530
25533
25536
25539
25542
25545
25548
25551
25554
25557
25560
25563
25566
25569
25572
25575
25578
25581
25584
25587
25590
25593
25596
25600
25603
25606
25609
25612
25615
25618
25621
25624
25627
25630
25633
25636
25639
25642
25645
25648
25651
25654
25657
25660
25663
25666
25669
25672
25675
25678
25681
25684
25687
25690
25693
25696
25700
25703
25706
25709
25712
25715
25718
25721
25724
25727
25730
25733
25736
25739
25742
25745
25748
25751
25754
25757
25760
25763
25766
25769
25772
25775
25778
25781
25784
25787
25790
25793
25796
25800
25803
25806
25809
25812
25815
25818
25821
25824
25827
25830
25833
25836
25839
25842
25845
25848
25851
25854
25857
25860
25863
25866
25869
25872
25875
25878
25881
25884
25887
25890
25893
25896
25900
25903
25906
25909
25912
25915
25918
25921
25924
25927
25930
25933
25936
25939
25942
25945
25948
25951
25954
25957
25960
25963
25966
25969
25972
25975
25978
25981
25984
25987
25990
25993
25996
26000
26004
26009
26013
26018
26022
26027
26031
26036
26040
26045
26050
26054
26059
26063
26068
26072
26077
26081
26086
26090
26095
26100
26104
26109
26114
26119
26123
26128
26133
26138
26142
26147
26152
26157
26161
26166
26171
26176
26180
26185
26190
26195
26200
26204
26209
26214
26219
26223
26228
26233
26238
26242
26247
26252
26257
26261
26266
26271
26276
26280
26285
26290
26295
26300
26304
26309
26313
26318
26322
26327
26331
26336
26340
26345
26350
26354
26359
26363
26368
26372
26377
26381
26386
26390
26395
26400
26404
26409
26414
26419
26423
26428
26433
26438
26442
26447
26452
26457
26461
26466
26471
26476
26480
26485
26490
26495
26500
26503
26507
26511
26514
26518
26522
26525
26529
26533
26537
26540
26544
26548
26551
26555
26559
26562
26566
26570
26574
26577
26581
26585
26588
26592
26596
26600
26603
26607
26611
26614
26618
26622
26625
26629
26633
26637
26640
26644
26648
26651
26655
26659
26662
26666
26670
26674
26677
26681
26685
26688
26692
26696
26700
26703
26707
26711
26714
26718
26722
26725
26729
26733
26737
26740
26744
26748
26751
26755
26759
26762
26766
26770
26774
26777
26781
26785
26788
26792
26796
26800
26803
26807
26811
26814
26818
26822
26825
26829
26833
26837
26840
26844
26848
26851
26855
26859
26862
26866
26870
26874
26877
26881
26885
26888
26892
26896
26900
26903
26907
26911
26914
26918
26922
26925
26929
26933
26937
26940
26944
26948
26951
26955
26959
26962
26966
26970
26974
26977
26981
26985
26988
26992
26996
27000
27003
27006
27010
27013
27017
27020
27024
27027
27031
27034
27037
27041
27044
27048
27051
27055
27058
27062
27065
27068
27072
27075
27079
27082
27086
27089
27093
27096
27100
27103
27106
27110
27113
27117
27120
27124
27127
27131
27134
27137
27141
27144
27148
27151
27155
27158
27162
27165
27168
27172
27175
27179
27182
27186
27189
27193
27196
27200
27203
27206
27210
27213
27216
27220
27223
27226
27230
27233
27236
27240
27243
27246
27250
27253
27256
27260
27263
27266
27270
27273
27276
27280
27283
27286
27290
27293
27296
27300
27303
27306
27310
27313
27317
27320
27324
27327
27331
27334
27337
27341
27344
27348
27351
27355
27358
27362
27365
27368
27372
27375
27379
27382
27386
27389
27393
27396
27400
27403
27406
27410
27413
27417
27420
27424
27427
27431
27434
27437
27441
27444
27448
27451
27455
27458
27462
27465
27468
27472
27475
27479
27482
27486
27489
27493
27496
27500
27510
27520
27530
27540
27550
27560
27570
27580
27590
27600
27610
27620
27630
27640
27650
27660
27670
27680
27689
27700
27710
27720
27730
27740
27750
27760
27770
27780
27790
27800
27810
27820
27830
27840
27850
27860
27869
27880
27890
27900
27911
27922
27933
27944
27955
27966
27977
27988
28000
28004
28008
28013
28017
28021
28026
28030
28034
28039
28043
28047
28052
28056
28060
28065
28069
28073
28078
28082
28086
28091
28095
28100
28104
28109
28113
28118
28122
28127
28131
28136
28140
28145
28150
28154
28159
28163
28168
28172
28177
28181
28186
28190
28195
28200
28204
28208
28213
28217
28221
28226
28230
28234
28239
28243
28247
28252
28256
28260
28265
28269
28273
28278
28282
28286
28291
28295
28300
28304
28309
28313
28318
28322
28327
28331
28336
28340
28345
28350
28354
28359
28363
28368
28372
28377
28381
28386
28390
28395
28400
28404
28408
28413
28417
28421
28426
28430
28434
28439
28443
28447
28452
28456
28460
28465
28469
28473
28478
28482
28486
28491
28495
28500
28504
28508
28512
28516
28520
28525
28529
28533
28537
28541
28545
28550
28554
28558
28562
28566
28570
28575
28579
28583
28587
28591
28595
28600
28604
28608
28612
28616
28620
28625
28629
28633
28637
28641
28645
28650
28654
28658
28662
28666
28670
28675
28679
28683
28687
28691
28695
28700
28704
28708
28712
28716
28720
28725
28729
28733
28737
28741
28745
28750
28754
28758
28762
28766
28770
28775
28779
28783
28787
28791
28795
28800
28804
28808
28812
28816
28820
28825
28829
28833
28837
28841
28845
28850
28854
28858
28862
28866
28870
28875
28879
28883
28887
28891
28895
28900
28904
28908
28912
28916
28920
28924
28929
28933
28937
28941
28945
28950
28954
28958
28962
28966
28970
28975
28979
28983
28987
28991
28995
29000
29004
29008
29012
29016
29020
29024
29028
29032
29036
29040
29044
29048
29052
29056
29060
29064
29068
29072
29076
29080
29084
29088
29092
29096
29100
29103
29107
29111
29115
29119
29123
29126
29130
29134
29138
29142
29146
29150
29153
29157
29161
29165
29169
29173
29176
29180
29184
29188
29192
29196
29200
29204
29208
29212
29216
29220
29224
29227
29232
29236
29240
29244
29248
29252
29256
29260
29264
29268
29272
29276
29280
29284
29288
29292
29296
29300
29303
29307
29311
29315
29319
29323
29326
29330
29334
29338
29342
29346
29350
29353
29357
29361
29365
29369
29373
29376
29380
29384
29388
29392
29396
29400
29404
29407
29412
29416
29419
29424
29427
29432
29436
29439
29444
29448
29452
29456
29460
29464
29468
29472
29476
29480
29484
29488
29492
29496
29500
29503
29507
29510
29514
29517
29521
29525
29528
29532
29535
29539
29542
29546
29550
29553
29557
29560
29564
29567
29571
29575
29578
29582
29585
29589
29592
29596
29600
29603
29607
29610
29614
29617
29621
29625
29628
29632
29635
29639
29642
29646
29650
29653
29657
29660
29664
29667
29671
29675
29678
29682
29685
29689
29692
29696
29700
29703
29707
29710
29714
29717
29721
29725
29728
29732
29735
29739
29742
29746
29750
29753
29757
29760
29764
29767
29771
29775
29778
29782
29785
29789
29792
29796
29800
29803
29807
29811
29814
29818
29822
29825
29829
29833
29837
29840
29844
29848
29851
29855
29859
29862
29866
29870
29874
29877
29881
29885
29888
29892
29896
29900
29903
29907
29910
29914
29917
29921
29924
29928
29932
29935
29939
29942
29946
29950
29953
29957
29960
29964
29967
29971
29975
29978
29982
29985
29989
29992
29996
30000
