20
40
60
80
100
120
140
160
180
200
220
240
260
280
300
320
340
360
380
400
420
440
460
480
500
505
511
517
523
529
535
541
547
552
558
564
570
576
582
588
594
600
605
611
616
622
627
633
638
644
649
655
661
666
672
677
683
688
694
700
705
711
716
722
727
733
738
744
750
755
761
766
772
777
783
788
794
800
805
811
817
823
829
835
841
847
852
858
864
870
876
882
888
894
900
905
911
916
922
927
933
938
944
950
955
961
966
972
977
983
988
994
1000
1006
1013
1020
1026
1033
1040
1046
1053
1060
1066
1073
1080
1086
1093
1100
1106
1113
1120
1126
1133
1140
1146
1153
1160
1166
1173
1180
1186
1193
1200
1206
1213
1220
1226
1233
1240
1246
1253
1260
1266
1273
1280
1286
1293
1300
1306
1313
1320
1326
1333
1340
1346
1353
1359
1366
1373
1380
1386
1393
1400
1407
1414
1421
1428
1435
1442
1450
1457
1464
1471
1478
1485
1492
1500
1506
1512
1518
1525
1531
1537
1543
1550
1556
1562
1568
1575
1581
1587
1593
1600
1606
1612
1618
1625
1631
1637
1643
1650
1656
1662
1668
1675
1681
1687
1693
1700
1706
1712
1718
1725
1731
1737
1743
1750
1756
1762
1768
1775
1781
1787
1793
1800
1806
1812
1818
1825
1831
1837
1843
1850
1856
1862
1868
1875
1881
1887
1893
1900
1906
1912
1918
1924
1931
1937
1943
1950
1956
1962
1968
1975
1981
1987
1993
2000
2002
2005
2007
2010
2013
2015
2018
2021
2023
2026
2028
2031
2034
2036
2039
2042
2044
2047
2050
2052
2055
2057
2060
2063
2065
2068
2071
2073
2076
2078
2081
2084
2086
2089
2092
2094
2097
2100
2102
2105
2108
2110
2113
2116
2118
2121
2124
2127
2129
2132
2135
2137
2140
2143
2145
2148
2151
2154
2156
2159
2162
2164
2167
2170
2172
2175
2178
2181
2183
2186
2189
2191
2194
2197
2200
2202
2205
2207
2210
2213
2215
2218
2221
2223
2226
2228
2231
2234
2236
2239
2242
2244
2247
2250
2252
2255
2257
2260
2263
2265
2268
2271
2273
2276
2278
2281
2284
2286
2289
2292
2294
2297
2300
2302
2305
2307
2310
2313
2315
2318
2321
2323
2326
2328
2331
2334
2336
2339
2342
2344
2347
2350
2352
2355
2357
2360
2363
2365
2368
2371
2373
2376
2378
2381
2384
2386
2389
2392
2394
2397
2400
2402
2405
2407
2410
2413
2415
2418
2421
2423
2426
2428
2431
2434
2436
2439
2442
2444
2447
2450
2452
2455
2457
2460
2463
2465
2468
2471
2473
2476
2478
2481
2484
2486
2489
2492
2494
2497
2500
2503
2506
2510
2513
2516
2520
2523
2526
2530
2533
2536
2540
2543
2546
2550
2553
2556
2560
2563
2566
2570
2573
2576
2580
2583
2586
2590
2593
2596
2600
2603
2606
2610
2613
2616
2620
2623
2626
2630
2633
2636
2640
2643
2646
2650
2653
2656
2660
2663
2666
2670
2673
2676
2680
2683
2686
2690
2693
2696
2700
2703
2706
2710
2713
2716
2720
2723
2726
2730
2733
2736
2740
2743
2746
2750
2753
2756
2760
2763
2766
2770
2773
2776
2780
2783
2786
2790
2793
2796
2800
2803
2806
2809
2813
2816
2820
2823
2826
2830
2833
2836
2840
2843
2846
2849
2853
2856
2860
2863
2866
2870
2873
2876
2880
2883
2886
2889
2893
2896
2900
2903
2906
2910
2913
2916
2920
2923
2926
2929
2933
2936
2940
2943
2946
2950
2953
2956
2960
2963
2966
2969
2973
2976
2980
2983
2986
2990
2993
2996
3000
3004
3008
3012
3016
3020
3025
3029
3033
3037
3041
3045
3050
3054
3058
3062
3066
3070
3075
3079
3083
3087
3091
3095
3100
3104
3108
3112
3116
3120
3124
3128
3132
3136
3140
3144
3148
3152
3156
3160
3164
3168
3172
3176
3180
3184
3188
3192
3196
3200
3204
3208
3212
3216
3220
3225
3229
3233
3237
3241
3245
3250
3254
3258
3262
3266
3270
3275
3279
3283
3287
3291
3295
3300
3304
3308
3312
3316
3320
3324
3329
3333
3337
3341
3345
3349
3354
3358
3362
3366
3370
3375
3379
3383
3387
3391
3395
3400
3404
3408
3412
3416
3420
3425
3429
3433
3437
3441
3445
3450
3454
3458
3462
3466
3470
3475
3479
3483
3487
3491
3495
3500
3502
3505
3507
3510
3512
3515
3517
3520
3522
3525
3527
3530
3532
3535
3537
3540
3542
3545
3547
3550
3552
3555
3557
3560
3562
3565
3567
3570
3572
3575
3577
3580
3582
3585
3587
3590
3592
3595
3597
3600
3602
3605
3607
3610
3612
3615
3617
3620
3623
3625
3628
3630
3633
3635
3638
3641
3643
3646
3648
3651
3653
3656
3658
3661
3664
3666
3669
3671
3674
3676
3679
3682
3684
3687
3689
3692
3694
3697
3700
3702
3705
3707
3710
3712
3715
3717
3720
3722
3725
3727
3730
3732
3735
3737
3740
3742
3745
3747
3750
3752
3755
3757
3760
3762
3765
3767
3770
3772
3775
3777
3780
3782
3784
3787
3790
3792
3795
3797
3800
3802
3805
3807
3810
3812
3815
3817
3820
3823
3825
3828
3830
3833
3835
3838
3841
3843
3846
3848
3851
3853
3856
3858
3861
3864
3866
3869
3871
3874
3876
3879
3882
3884
3887
3889
3892
3894
3897
3900
3902
3905
3907
3910
3912
3915
3917
3920
3922
3925
3927
3929
3932
3935
3937
3940
3942
3945
3947
3950
3952
3955
3957
3960
3962
3965
3967
3969
3972
3975
3977
3980
3982
3985
3987
3990
3992
3995
3997
4000
4033
4066
4100
4125
4150
4175
4200
4233
4266
4300
4325
4350
4375
4400
4433
4466
4500
4502
4504
4506
4508
4511
4513
4515
4517
4520
4522
4524
4526
4528
4531
4533
4535
4537
4540
4542
4544
4546
4548
4551
4553
4555
4557
4560
4562
4564
4566
4568
4571
4573
4575
4577
4580
4582
4584
4586
4588
4591
4593
4595
4597
4600
4602
4604
4606
4609
4611
4613
4615
4618
4620
4622
4625
4627
4629
4631
4634
4636
4638
4640
4643
4645
4647
4650
4652
4654
4656
4659
4661
4663
4665
4668
4670
4672
4675
4677
4679
4681
4684
4686
4688
4690
4693
4695
4697
4700
4702
4704
4706
4708
4711
4713
4715
4717
4720
4722
4724
4726
4728
4731
4733
4735
4737
4740
4742
4744
4746
4748
4751
4753
4755
4757
4760
4762
4764
4766
4768
4771
4773
4775
4777
4780
4782
4784
4786
4788
4791
4793
4795
4797
4800
4802
4804
4806
4809
4811
4813
4815
4818
4820
4822
4825
4827
4829
4831
4834
4836
4838
4840
4843
4845
4847
4850
4852
4854
4856
4859
4861
4863
4865
4868
4870
4872
4875
4877
4879
4881
4884
4886
4888
4890
4893
4895
4897
4900
4902
4904
4906
4909
4911
4913
4915
4918
4920
4922
4925
4927
4929
4931
4934
4936
4938
4940
4943
4945
4947
4950
4952
4954
4956
4959
4961
4963
4965
4968
4970
4972
4975
4977
4979
4981
4984
4986
4988
4990
4993
4995
4997
5000
5005
5011
5017
5023
5029
5035
5041
5047
5052
5058
5064
5070
5076
5082
5088
5094
5100
5106
5112
5118
5125
5131
5137
5143
5150
5156
5162
5168
5175
5181
5187
5193
5200
5205
5211
5217
5223
5229
5235
5241
5247
5252
5258
5264
5270
5276
5282
5288
5294
5300
5305
5311
5317
5323
5329
5335
5341
5347
5352
5358
5364
5370
5376
5382
5388
5394
5400
5406
5412
5418
5425
5431
5437
5443
5450
5456
5462
5468
5475
5481
5487
5493
5500
5502
5505
5508
5510
5513
5516
5518
5521
5524
5527
5529
5532
5535
5537
5540
5543
5545
5548
5551
5554
5556
5559
5562
5564
5567
5570
5572
5575
5578
5581
5583
5586
5589
5591
5594
5597
5600
5602
5605
5608
5610
5613
5616
5618
5621
5624
5627
5629
5632
5635
5637
5640
5643
5645
5648
5651
5654
5656
5659
5662
5664
5667
5670
5672
5675
5678
5681
5683
5686
5689
5691
5694
5697
5700
5702
5705
5708
5710
5713
5716
5718
5721
5724
5727
5729
5732
5735
5737
5740
5743
5745
5748
5751
5754
5756
5759
5762
5764
5767
5770
5772
5775
5778
5781
5783
5786
5789
5791
5794
5797
5800
5802
5805
5808
5810
5813
5816
5818
5821
5824
5827
5829
5832
5835
5837
5840
5843
5845
5848
5851
5854
5856
5859
5862
5864
5867
5870
5872
5875
5878
5881
5883
5886
5889
5891
5894
5897
5900
5902
5905
5908
5910
5913
5916
5918
5921
5924
5927
5929
5932
5935
5937
5940
5943
5945
5948
5951
5954
5956
5959
5962
5964
5967
5970
5972
5975
5978
5981
5983
5986
5989
5991
5994
5997
6000
6003
6007
6011
6015
6019
6023
6026
6030
6034
6038
6042
6046
6050
6053
6057
6061
6065
6069
6073
6076
6080
6084
6088
6092
6096
6100
6103
6107
6111
6115
6119
6123
6126
6130
6134
6138
6142
6146
6150
6153
6157
6161
6165
6169
6173
6176
6180
6184
6188
6192
6196
6200
6203
6207
6211
6215
6219
6223
6226
6230
6234
6238
6242
6246
6250
6253
6257
6261
6265
6269
6273
6276
6280
6284
6288
6292
6296
6300
6303
6307
6311
6315
6319
6323
6326
6330
6334
6338
6342
6346
6350
6353
6357
6361
6365
6369
6373
6376
6380
6384
6388
6392
6396
6400
6403
6407
6411
6415
6419
6423
6426
6430
6434
6438
6442
6446
6450
6453
6457
6461
6465
6469
6473
6476
6480
6484
6488
6492
6496
6500
6503
6506
6509
6512
6515
6518
6521
6525
6528
6531
6534
6537
6540
6543
6546
6550
6553
6556
6559
6562
6565
6568
6571
6574
6578
6581
6584
6587
6590
6593
6596
6600
6603
6606
6609
6612
6615
6618
6621
6625
6628
6631
6634
6637
6640
6643
6646
6650
6653
6656
6659
6662
6665
6668
6671
6675
6678
6681
6684
6687
6690
6693
6696
6700
6703
6706
6709
6712
6715
6718
6721
6725
6728
6731
6734
6737
6740
6743
6746
6750
6753
6756
6759
6762
6765
6768
6771
6775
6778
6781
6784
6787
6790
6793
6796
6800
6803
6806
6809
6812
6815
6818
6821
6825
6828
6831
6834
6837
6840
6843
6846
6850
6853
6856
6859
6862
6865
6868
6871
6875
6878
6881
6884
6887
6890
6893
6896
6900
6903
6906
6909
6912
6915
6918
6921
6925
6928
6931
6934
6937
6940
6943
6946
6950
6953
6956
6959
6962
6965
6968
6971
6975
6978
6981
6984
6987
6990
6993
6996
7000
7002
7004
7007
7009
7012
7014
7017
7019
7021
7024
7026
7029
7031
7034
7036
7039
7041
7043
7046
7048
7051
7053
7056
7058
7060
7063
7065
7068
7070
7073
7075
7078
7080
7082
7085
7087
7090
7092
7095
7097
7100
7102
7104
7107
7109
7112
7114
7117
7119
7121
7124
7126
7129
7131
7134
7136
7139
7141
7143
7146
7148
7151
7153
7156
7158
7160
7163
7165
7168
7170
7173
7175
7178
7180
7182
7185
7187
7190
7192
7195
7197
7200
7202
7204
7207
7209
7211
7214
7216
7219
7221
7223
7226
7228
7230
7233
7235
7238
7240
7242
7245
7247
7250
7252
7254
7257
7259
7261
7264
7266
7269
7271
7273
7276
7278
7280
7283
7285
7288
7290
7292
7295
7297
7300
7302
7304
7307
7309
7312
7314
7317
7319
7321
7324
7326
7329
7331
7334
7336
7339
7341
7343
7346
7348
7351
7353
7356
7358
7360
7363
7365
7368
7370
7373
7375
7378
7380
7382
7385
7387
7390
7392
7395
7397
7400
7402
7404
7407
7409
7412
7414
7417
7419
7421
7424
7426
7429
7431
7434
7436
7439
7441
7443
7446
7448
7451
7453
7456
7458
7460
7463
7465
7468
7470
7473
7475
7478
7480
7482
7485
7487
7490
7492
7495
7497
7500
7503
7507
7511
7514
7518
7522
7525
7529
7533
7537
7540
7544
7548
7551
7555
7559
7562
7566
7570
7574
7577
7581
7585
7588
7592
7596
7600
7603
7607
7610
7614
7617
7621
7625
7628
7632
7635
7639
7642
7646
7650
7653
7657
7660
7664
7667
7671
7675
7678
7682
7685
7689
7692
7696
7700
7703
7707
7711
7714
7718
7722
7725
7729
7733
7737
7740
7744
7748
7751
7755
7759
7762
7766
7770
7774
7777
7781
7785
7788
7792
7796
7800
7803
7807
7811
7814
7818
7822
7825
7829
7833
7837
7840
7844
7848
7851
7855
7859
7862
7866
7870
7874
7877
7881
7885
7888
7892
7896
7900
7903
7907
7911
7914
7918
7922
7925
7929
7933
7937
7940
7944
7948
7951
7955
7959
7962
7966
7970
7974
7977
7981
7985
7988
7992
7996
8000
8007
8014
8021
8028
8035
8042
8050
8057
8064
8071
8078
8085
8092
8100
8107
8115
8123
8130
8138
8146
8153
8161
8169
8176
8184
8192
8200
8207
8215
8223
8230
8238
8246
8253
8261
8269
8276
8284
8292
8300
8307
8315
8323
8330
8338
8346
8353
8361
8369
8376
8384
8392
8400
8407
8414
8421
8428
8435
8442
8450
8457
8464
8471
8478
8485
8492
8500
8502
8504
8506
8509
8511
8513
8515
8518
8520
8522
8525
8527
8529
8531
8534
8536
8538
8540
8543
8545
8547
8550
8552
8554
8556
8559
8561
8563
8565
8568
8570
8572
8575
8577
8579
8581
8584
8586
8588
8590
8593
8595
8597
8600
8602
8604
8606
8609
8611
8613
8616
8618
8620
8623
8625
8627
8630
8632
8634
8637
8639
8641
8644
8646
8648
8651
8653
8655
8658
8660
8662
8665
8667
8669
8672
8674
8676
8679
8681
8683
8686
8688
8690
8693
8695
8697
8700
8702
8704
8706
8709
8711
8713
8715
8718
8720
8722
8725
8727
8729
8731
8734
8736
8738
8740
8743
8745
8747
8750
8752
8754
8756
8759
8761
8763
8765
8768
8770
8772
8775
8777
8779
8781
8784
8786
8788
8790
8793
8795
8797
8800
8802
8804
8806
8809
8811
8813
8815
8818
8820
8822
8825
8827
8829
8831
8834
8836
8838
8840
8843
8845
8847
8850
8852
8854
8856
8859
8861
8863
8865
8868
8870
8872
8875
8877
8879
8881
8884
8886
8888
8890
8893
8895
8897
8900
8902
8904
8906
8909
8911
8913
8915
8918
8920
8922
8925
8927
8929
8931
8934
8936
8938
8940
8943
8945
8947
8950
8952
8954
8956
8959
8961
8963
8965
8968
8970
8972
8975
8977
8979
8981
8984
8986
8988
8990
8993
8995
8997
9000
9001
9003
9005
9007
9009
9011
9013
9015
9017
9019
9021
9023
9025
9027
9029
9031
9033
9035
9037
9039
9041
9043
9045
9047
9049
9050
9052
9054
9056
9058
9060
9062
9064
9066
9068
9070
9072
9074
9076
9078
9080
9082
9084
9086
9088
9090
9092
9094
9096
9098
9100
9102
9104
9106
9107
9110
9112
9113
9116
9118
9120
9122
9123
9126
9128
9129
9132
9134
9136
9138
9139
9142
9144
9145
9148
9150
9152
9154
9155
9158
9160
9161
9164
9165
9168
9170
9171
9174
9176
9177
9180
9181
9184
9186
9187
9190
9192
9193
9196
9197
9200
9201
9203
9205
9207
9209
9211
9213
9215
9217
9219
9221
9223
9225
9227
9229
9231
9233
9235
9237
9239
9241
9243
9245
9247
9249
9250
9252
9254
9256
9258
9260
9262
9264
9266
9268
9270
9272
9274
9276
9278
9280
9282
9284
9286
9288
9290
9292
9294
9296
9298
9300
9302
9304
9306
9308
9310
9312
9314
9316
9318
9320
9322
9324
9326
9328
9330
9332
9334
9336
9338
9340
9342
9344
9346
9348
9350
9352
9354
9356
9358
9360
9362
9364
9366
9368
9370
9372
9374
9376
9378
9380
9382
9384
9386
9388
9390
9392
9394
9396
9398
9400
9401
9403
9405
9407
9409
9411
9413
9415
9417
9419
9421
9423
9425
9427
9429
9431
9433
9435
9437
9439
9441
9443
9445
9447
9449
9450
9452
9454
9456
9458
9460
9462
9464
9466
9468
9470
9472
9474
9476
9478
9480
9482
9484
9486
9488
9490
9492
9494
9496
9498
9500
9503
9507
9511
9515
9519
9523
9526
9530
9534
9538
9542
9546
9550
9553
9557
9561
9565
9569
9573
9576
9580
9584
9588
9592
9596
9600
9603
9607
9611
9615
9619
9623
9626
9630
9634
9638
9642
9646
9649
9653
9657
9661
9665
9669
9673
9676
9680
9684
9688
9692
9696
9700
9703
9707
9711
9714
9718
9722
9725
9729
9733
9737
9740
9744
9748
9751
9755
9759
9762
9766
9770
9774
9777
9781
9785
9788
9792
9796
9800
9803
9807
9811
9815
9819
9823
9826
9830
9834
9838
9842
9846
9850
9853
9857
9861
9865
9869
9873
9876
9880
9884
9888
9892
9896
9900
9903
9907
9911
9914
9918
9922
9925
9929
9933
9937
9940
9944
9948
9951
9955
9959
9962
9966
9970
9974
9977
9981
9985
9988
9992
9996
10000
10003
10006
10010
10013
10017
10020
10024
10027
10031
10034
10037
10041
10044
10048
10051
10055
10058
10062
10065
10068
10072
10075
10079
10082
10086
10089
10093
10096
10100
10103
10106
10110
10113
10116
10120
10123
10126
10129
10133
10136
10139
10143
10146
10149
10153
10156
10160
10163
10166
10170
10173
10176
10180
10183
10186
10190
10193
10196
10200
10203
10206
10209
10213
10216
10219
10223
10226
10230
10233
10236
10240
10243
10246
10250
10253
10256
10260
10263
10266
10270
10273
10276
10280
10283
10286
10290
10293
10296
10300
10303
10306
10310
10313
10317
10320
10324
10327
10331
10334
10337
10341
10344
10348
10351
10355
10358
10362
10365
10368
10372
10375
10379
10382
10386
10389
10393
10396
10400
10403
10406
10410
10413
10416
10420
10423
10426
10430
10433
10436
10440
10443
10446
10450
10453
10456
10460
10463
10466
10470
10473
10476
10480
10483
10486
10490
10493
10496
10500
10503
10507
10511
10515
10519
10523
10526
10530
10534
10538
10542
10546
10550
10553
10557
10561
10565
10569
10573
10576
10580
10584
10588
10592
10596
10600
10604
10607
10612
10616
10620
10623
10628
10632
10636
10639
10644
10648
10652
10655
10660
10664
10668
10671
10676
10680
10684
10687
10692
10696
10700
10703
10707
10711
10715
10719
10723
10726
10730
10734
10738
10742
10746
10750
10753
10757
10761
10765
10769
10773
10776
10780
10784
10788
10792
10796
10800
10803
10807
10811
10815
10819
10823
10826
10830
10834
10838
10842
10846
10850
10853
10857
10861
10865
10869
10873
10876
10880
10884
10888
10892
10896
10900
10903
10907
10911
10915
10919
10923
10926
10930
10934
10938
10942
10946
10950
10953
10957
10961
10965
10969
10973
10976
10980
10984
10988
10992
10996
11000
11003
11006
11010
11013
11016
11020
11023
11026
11030
11033
11036
11040
11043
11046
11050
11053
11056
11060
11063
11066
11070
11073
11076
11080
11083
11086
11090
11093
11096
11100
11103
11106
11109
11112
11116
11119
11122
11125
11129
11132
11135
11138
11141
11145
11148
11151
11154
11158
11161
11164
11167
11170
11174
11177
11180
11183
11187
11190
11193
11196
11200
11203
11206
11209
11212
11216
11219
11222
11225
11229
11232
11235
11238
11241
11245
11248
11251
11254
11258
11261
11264
11267
11270
11274
11277
11280
11283
11287
11290
11293
11296
11300
11303
11306
11309
11312
11316
11319
11322
11325
11329
11332
11335
11338
11341
11345
11348
11351
11354
11358
11361
11364
11367
11370
11374
11377
11380
11383
11387
11390
11393
11396
11400
11403
11406
11410
11413
11416
11420
11423
11426
11430
11433
11436
11440
11443
11446
11450
11453
11456
11460
11463
11466
11470
11473
11476
11480
11483
11486
11490
11493
11496
11500
11505
11511
11517
11523
11529
11535
11541
11547
11552
11558
11564
11570
11576
11582
11588
11594
11600
11605
11611
11617
11623
11629
11635
11641
11647
11652
11658
11664
11670
11676
11682
11688
11694
11700
11706
11712
11718
11725
11731
11737
11743
11750
11756
11762
11768
11775
11781
11787
11793
11800
11805
11811
11817
11823
11829
11835
11841
11847
11852
11858
11864
11870
11876
11882
11888
11894
11900
11906
11912
11918
11925
11931
11937
11943
11950
11956
11962
11968
11975
11981
11987
11993
12000
12002
12004
12007
12009
12011
12014
12016
12019
12021
12023
12026
12028
12030
12033
12035
12038
12040
12042
12045
12047
12050
12052
12054
12057
12059
12061
12064
12066
12069
12071
12073
12076
12078
12080
12083
12085
12088
12090
12092
12095
12097
12100
12102
12104
12107
12109
12111
12114
12116
12119
12121
12123
12126
12128
12130
12133
12135
12138
12140
12142
12145
12147
12149
12152
12154
12157
12159
12161
12164
12166
12169
12171
12173
12176
12178
12180
12183
12185
12188
12190
12192
12195
12197
12200
12202
12204
12207
12209
12212
12214
12217
12219
12221
12224
12226
12229
12231
12234
12236
12239
12241
12243
12246
12248
12251
12253
12256
12258
12260
12263
12265
12268
12270
12273
12275
12278
12280
12282
12285
12287
12290
12292
12295
12297
12300
12302
12304
12307
12309
12311
12314
12316
12319
12321
12323
12326
12328
12330
12333
12335
12338
12340
12342
12345
12347
12350
12352
12354
12357
12359
12361
12364
12366
12369
12371
12373
12376
12378
12380
12383
12385
12388
12390
12392
12395
12397
12400
12402
12404
12407
12409
12412
12414
12417
12419
12421
12424
12426
12429
12431
12434
12436
12439
12441
12443
12446
12448
12451
12453
12456
12458
12460
12463
12465
12468
12470
12473
12475
12478
12480
12482
12485
12487
12490
12492
12495
12497
12500
12503
12507
12510
12514
12517
12521
12525
12528
12532
12535
12539
12542
12546
12550
12553
12557
12560
12564
12567
12571
12575
12578
12582
12585
12589
12592
12596
12600
12603
12606
12610
12613
12617
12620
12624
12627
12631
12634
12637
12641
12644
12648
12651
12655
12658
12662
12665
12668
12672
12675
12679
12682
12686
12689
12693
12696
12700
12703
12707
12710
12714
12717
12721
12725
12728
12732
12735
12739
12742
12746
12750
12753
12757
12760
12764
12767
12771
12775
12778
12782
12785
12789
12792
12796
12800
12803
12807
12810
12814
12817
12821
12825
12828
12832
12835
12839
12842
12846
12850
12853
12857
12860
12864
12867
12871
12875
12878
12882
12885
12889
12892
12896
12900
12903
12907
12910
12914
12917
12921
12925
12928
12932
12935
12939
12942
12946
12950
12953
12957
12960
12964
12967
12971
12975
12978
12982
12985
12989
12992
12996
13000
13002
13004
13006
13008
13010
13013
13015
13017
13019
13021
13023
13026
13028
13030
13032
13034
13036
13039
13041
13043
13045
13047
13050
13052
13054
13056
13058
13060
13063
13065
13067
13069
13071
13073
13076
13078
13080
13082
13084
13086
13089
13091
13093
13095
13097
13100
13102
13104
13106
13108
13110
13112
13114
13117
13119
13121
13123
13125
13127
13129
13131
13134
13136
13138
13140
13142
13144
13146
13148
13151
13153
13155
13157
13159
13161
13163
13165
13168
13170
13172
13174
13176
13178
13180
13182
13185
13187
13189
13191
13193
13195
13197
13200
13202
13204
13206
13208
13210
13213
13215
13217
13219
13221
13223
13226
13228
13230
13232
13234
13236
13239
13241
13243
13245
13247
13250
13252
13254
13256
13258
13260
13263
13265
13267
13269
13271
13273
13276
13278
13280
13282
13284
13286
13289
13291
13293
13295
13297
13300
13302
13304
13306
13308
13310
13313
13315
13317
13319
13321
13323
13326
13328
13330
13332
13334
13336
13339
13341
13343
13345
13347
13350
13352
13354
13356
13358
13360
13363
13365
13367
13369
13371
13373
13376
13378
13380
13382
13384
13386
13389
13391
13393
13395
13397
13400
13402
13404
13406
13408
13410
13412
13414
13417
13419
13421
13423
13425
13427
13429
13431
13434
13436
13438
13440
13442
13444
13446
13448
13451
13453
13455
13457
13459
13461
13463
13465
13468
13470
13472
13474
13476
13478
13480
13482
13485
13487
13489
13491
13493
13495
13497
13500
13503
13506
13509
13512
13515
13518
13521
13525
13528
13531
13534
13537
13540
13543
13546
13550
13553
13556
13559
13562
13565
13568
13571
13575
13578
13581
13584
13587
13590
13593
13596
13600
13603
13606
13609
13612
13615
13618
13621
13624
13627
13630
13633
13636
13639
13642
13645
13648
13651
13654
13657
13660
13663
13666
13669
13672
13675
13678
13681
13684
13687
13690
13693
13696
13700
13703
13706
13709
13712
13715
13718
13721
13724
13727
13730
13733
13736
13739
13742
13745
13748
13751
13754
13757
13760
13763
13766
13769
13772
13775
13778
13781
13784
13787
13790
13793
13796
13800
13803
13806
13809
13812
13815
13818
13821
13824
13827
13830
13833
13836
13839
13842
13845
13848
13851
13854
13857
13860
13863
13866
13869
13872
13875
13878
13881
13884
13887
13890
13893
13896
13900
13903
13906
13909
13912
13915
13918
13921
13924
13927
13930
13933
13936
13939
13942
13945
13948
13951
13954
13957
13960
13963
13966
13969
13972
13975
13978
13981
13984
13987
13990
13993
13996
14000
14004
14009
14014
14019
14023
14028
14033
14038
14042
14047
14052
14057
14061
14066
14071
14076
14080
14085
14090
14095
14100
14104
14109
14114
14119
14123
14128
14133
14138
14142
14147
14152
14157
14161
14166
14171
14176
14180
14185
14190
14195
14200
14204
14209
14213
14218
14222
14227
14231
14236
14240
14245
14250
14254
14259
14263
14268
14272
14277
14281
14286
14290
14295
14300
14304
14309
14314
14319
14323
14328
14333
14338
14342
14347
14352
14357
14361
14366
14371
14376
14380
14385
14390
14395
14400
14404
14409
14414
14419
14423
14428
14433
14438
14442
14447
14452
14457
14461
14466
14471
14476
14480
14485
14490
14495
14500
14507
14515
14523
14530
14538
14546
14553
14561
14569
14576
14584
14592
14600
14608
14616
14625
14633
14641
14649
14658
14666
14674
14683
14691
14700
14707
14715
14723
14730
14738
14746
14753
14761
14769
14776
14784
14792
14800
14808
14816
14825
14833
14841
14850
14858
14866
14875
14883
14891
14900
14908
14916
14925
14933
14941
14950
14958
14966
14975
14983
14991
15000
15006
15013
15020
15026
15033
15040
15046
15053
15060
15066
15073
15080
15086
15093
15100
15107
15114
15121
15128
15135
15142
15149
15157
15164
15171
15178
15185
15192
15200
15207
15214
15221
15228
15235
15242
15250
15257
15264
15271
15278
15285
15292
15300
15307
15314
15321
15328
15335
15342
15350
15357
15364
15371
15378
15385
15392
15400
15407
15414
15421
15428
15435
15442
15450
15457
15464
15471
15478
15485
15492
15500
15504
15509
15513
15518
15522
15527
15531
15536
15540
15545
15550
15554
15559
15563
15568
15572
15577
15581
15586
15590
15595
15600
15604
15608
15613
15617
15621
15626
15630
15634
15639
15643
15647
15652
15656
15660
15665
15669
15673
15678
15682
15686
15691
15695
15700
15704
15709
15713
15718
15722
15727
15731
15736
15740
15745
15750
15754
15759
15763
15768
15772
15777
15781
15786
15790
15795
15800
15804
15809
15813
15818
15822
15827
15831
15836
15840
15845
15850
15854
15859
15863
15868
15872
15877
15881
15886
15890
15895
15900
15904
15909
15913
15918
15922
15927
15931
15936
15940
15945
15950
15954
15959
15963
15968
15972
15977
15981
15986
15990
15995
16000
16007
16014
16021
16028
16035
16042
16050
16057
16064
16071
16078
16085
16092
16100
16107
16114
16121
16128
16135
16142
16149
16157
16164
16171
16178
16185
16192
16200
16207
16214
16221
16228
16235
16242
16250
16257
16264
16271
16278
16285
16292
16300
16307
16315
16323
16330
16338
16346
16353
16361
16369
16376
16384
16392
16400
16407
16414
16421
16428
16435
16442
16450
16457
16464
16471
16478
16485
16492
16500
16503
16507
16511
16514
16518
16522
16525
16529
16533
16537
16540
16544
16548
16551
16555
16559
16562
16566
16570
16574
16577
16581
16585
16588
16592
16596
16600
16603
16607
16611
16614
16618
16622
16625
16629
16633
16637
16640
16644
16648
16651
16655
16659
16662
16666
16670
16674
16677
16681
16685
16688
16692
16696
16700
16703
16707
16710
16714
16717
16721
16725
16728
16732
16735
16739
16742
16746
16750
16753
16757
16760
16764
16767
16771
16775
16778
16782
16785
16789
16792
16796
16800
16803
16807
16811
16814
16818
16822
16825
16829
16833
16837
16840
16844
16848
16851
16855
16859
16862
16866
16870
16874
16877
16881
16885
16888
16892
16896
16900
16903
16907
16911
16914
16918
16922
16925
16929
16933
16937
16940
16944
16948
16951
16955
16959
16962
16966
16970
16974
16977
16981
16985
16988
16992
16996
17000
17005
17011
17017
17023
17029
17035
17041
17047
17052
17058
17064
17070
17076
17082
17088
17094
17100
17105
17111
17117
17123
17129
17135
17141
17147
17152
17158
17164
17170
17176
17182
17188
17194
17200
17205
17211
17217
17223
17229
17235
17241
17247
17252
17258
17264
17270
17276
17282
17288
17294
17300
17305
17311
17317
17323
17329
17335
17341
17347
17352
17358
17364
17370
17376
17382
17388
17394
17400
17405
17411
17417
17423
17429
17435
17441
17447
17452
17458
17464
17470
17476
17482
17488
17494
17500
17504
17509
17513
17518
17522
17527
17531
17536
17540
17545
17550
17554
17559
17563
17568
17572
17577
17581
17586
17590
17595
17600
17604
17609
17613
17618
17622
17627
17631
17636
17640
17645
17650
17654
17659
17663
17668
17672
17677
17681
17686
17690
17695
17700
17704
17709
17713
17718
17722
17727
17731
17736
17740
17745
17750
17754
17759
17763
17768
17772
17777
17781
17786
17790
17795
17800
17804
17809
17813
17818
17822
17827
17831
17836
17840
17845
17850
17854
17859
17863
17868
17872
17877
17881
17886
17890
17895
17900
17904
17909
17913
17918
17922
17927
17931
17936
17940
17945
17950
17954
17959
17963
17968
17972
17977
17981
17986
17990
17995
18000
18005
18010
18015
18021
18026
18031
18036
18042
18047
18052
18057
18063
18068
18073
18078
18084
18089
18094
18100
18105
18111
18116
18122
18127
18133
18138
18144
18150
18155
18161
18166
18172
18177
18183
18188
18194
18200
18205
18210
18215
18221
18226
18231
18236
18242
18247
18252
18257
18263
18268
18273
18278
18284
18289
18294
18300
18305
18310
18315
18321
18326
18331
18336
18342
18347
18352
18357
18363
18368
18373
18378
18384
18389
18394
18400
18405
18411
18416
18422
18427
18433
18438
18444
18450
18455
18461
18466
18472
18477
18483
18488
18494
18500
18507
18514
18521
18528
18535
18542
18550
18557
18564
18571
18578
18585
18592
18600
18607
18615
18623
18630
18638
18646
18653
18661
18669
18676
18684
18692
18700
18707
18714
18721
18728
18735
18742
18750
18757
18764
18771
18778
18785
18792
18800
18807
18814
18821
18828
18835
18842
18850
18857
18864
18871
18878
18885
18892
18900
18907
18915
18923
18930
18938
18946
18953
18961
18969
18976
18984
18992
19000
19011
19022
19033
19044
19055
19066
19077
19088
19100
19112
19125
19137
19150
19162
19175
19187
19200
19212
19225
19237
19250
19262
19275
19287
19300
19311
19322
19333
19344
19355
19366
19377
19388
19400
19412
19424
19437
19450
19462
19475
19487
19500
19505
19510
19515
19521
19526
19531
19536
19542
19547
19552
19557
19563
19568
19573
19578
19584
19589
19594
19600
19605
19610
19615
19621
19626
19631
19636
19642
19647
19652
19657
19663
19668
19673
19678
19684
19689
19694
19700
19705
19710
19715
19721
19726
19731
19736
19742
19747
19752
19757
19763
19768
19773
19778
19784
19789
19794
19800
19805
19810
19815
19821
19826
19831
19836
19842
19847
19852
19857
19863
19868
19873
19878
19884
19889
19894
19900
19905
19910
19915
19921
19926
19931
19936
19942
19947
19952
19957
19963
19968
19973
19978
19984
19989
19994
20000
20004
20009
20014
20019
20023
20028
20033
20038
20042
20047
20052
20057
20061
20066
20071
20076
20080
20085
20090
20095
20100
20104
20109
20114
20119
20123
20128
20133
20138
20142
20147
20152
20157
20161
20166
20171
20176
20180
20185
20190
20195
20200
20204
20209
20214
20219
20223
20228
20233
20238
20242
20247
20252
20257
20261
20266
20271
20276
20280
20285
20290
20295
20300
20304
20309
20314
20319
20323
20328
20333
20338
20342
20347
20352
20357
20361
20366
20371
20376
20380
20385
20390
20395
20400
20404
20409
20414
20419
20423
20428
20433
20438
20442
20447
20452
20457
20461
20466
20471
20476
20480
20485
20490
20495
20500
20503
20507
20511
20515
20519
20523
20526
20530
20534
20538
20542
20546
20550
20553
20557
20561
20565
20569
20573
20576
20580
20584
20588
20592
20596
20600
20603
20607
20611
20615
20619
20623
20626
20630
20634
20638
20642
20646
20650
20653
20657
20661
20665
20669
20673
20676
20680
20684
20688
20692
20696
20700
20704
20708
20712
20716
20720
20724
20727
20732
20736
20740
20744
20748
20752
20756
20760
20764
20768
20772
20776
20780
20784
20788
20792
20796
20800
20803
20807
20811
20815
20819
20823
20826
20830
20834
20838
20842
20846
20850
20853
20857
20861
20865
20869
20873
20876
20880
20884
20888
20892
20896
20900
20903
20907
20911
20915
20919
20923
20926
20930
20934
20938
20942
20946
20950
20953
20957
20961
20965
20969
20973
20976
20980
20984
20988
20992
20996
21000
21006
21013
21020
21026
21033
21040
21046
21053
21060
21066
21073
21080
21086
21093
21100
21106
21112
21118
21125
21131
21137
21143
21150
21156
21162
21168
21175
21181
21187
21193
21200
21206
21212
21218
21225
21231
21237
21243
21250
21256
21262
21268
21275
21281
21287
21293
21300
21306
21312
21318
21325
21331
21337
21343
21350
21356
21362
21368
21375
21381
21387
21393
21400
21406
21413
21419
21426
21433
21439
21446
21453
21460
21466
21473
21480
21486
21493
21500
21506
21512
21518
21525
21531
21537
21543
21550
21556
21562
21568
21575
21581
21587
21593
21600
21606
21612
21618
21625
21631
21637
21643
21650
21656
21662
21668
21675
21681
21687
21693
21700
21706
21712
21718
21725
21731
21737
21743
21750
21756
21762
21768
21775
21781
21787
21793
21800
21806
21812
21818
21825
21831
21837
21843
21850
21856
21862
21868
21875
21881
21887
21893
21900
21906
21912
21918
21924
21931
21937
21943
21950
21956
21962
21968
21975
21981
21987
21993
22000
22007
22014
22021
22028
22035
22042
22050
22057
22064
22071
22078
22085
22092
22100
22107
22114
22121
22128
22135
22142
22150
22157
22164
22171
22178
22185
22192
22200
22207
22214
22221
22228
22235
22242
22250
22257
22264
22271
22278
22285
22292
22300
22307
22314
22321
22328
22335
22342
22350
22357
22364
22371
22378
22385
22392
22400
22407
22414
22421
22428
22435
22442
22450
22457
22464
22471
22478
22485
22492
22500
22505
22511
22516
22522
22527
22533
22538
22544
22550
22555
22561
22566
22572
22577
22583
22588
22594
22600
22605
22611
22617
22623
22629
22635
22641
22647
22652
22658
22664
22670
22676
22682
22688
22694
22700
22705
22711
22716
22722
22727
22733
22738
22744
22750
22755
22761
22766
22772
22777
22783
22788
22794
22800
22805
22811
22816
22822
22827
22833
22838
22844
22850
22855
22861
22866
22872
22877
22883
22888
22894
22900
22905
22911
22916
22922
22927
22933
22938
22944
22950
22955
22961
22966
22972
22977
22983
22988
22994
23000
23006
23012
23018
23025
23031
23037
23043
23050
23056
23062
23068
23075
23081
23087
23093
23100
23106
23112
23118
23125
23131
23137
23143
23150
23156
23162
23168
23175
23181
23187
23193
23200
23206
23212
23218
23225
23231
23237
23243
23250
23256
23262
23268
23275
23281
23287
23293
23300
23306
23312
23318
23325
23331
23337
23343
23350
23356
23362
23368
23375
23381
23387
23393
23400
23406
23413
23419
23426
23433
23439
23446
23453
23460
23466
23473
23480
23486
23493
23500
23504
23508
23512
23516
23520
23525
23529
23533
23537
23541
23545
23550
23554
23558
23562
23566
23570
23575
23579
23583
23587
23591
23595
23600
23604
23608
23613
23617
23621
23626
23630
23634
23639
23643
23647
23652
23656
23660
23665
23669
23673
23678
23682
23686
23691
23695
23700
23704
23708
23712
23716
23720
23725
23729
23733
23737
23741
23745
23750
23754
23758
23762
23766
23770
23775
23779
23783
23787
23791
23795
23800
23804
23808
23813
23817
23821
23826
23830
23834
23839
23843
23847
23852
23856
23860
23865
23869
23873
23878
23882
23886
23891
23895
23900
23904
23908
23912
23916
23920
23924
23929
23933
23937
23941
23945
23950
23954
23958
23962
23966
23970
23975
23979
23983
23987
23991
23995
24000
24004
24009
24014
24019
24023
24028
24033
24038
24042
24047
24052
24057
24061
24066
24071
24076
24080
24085
24090
24095
24100
24104
24109
24114
24119
24123
24128
24133
24138
24142
24147
24152
24157
24161
24166
24171
24176
24180
24185
24190
24195
24200
24204
24209
24214
24219
24223
24228
24233
24238
24242
24247
24252
24257
24261
24266
24271
24276
24280
24285
24290
24295
24300
24304
24309
24313
24318
24322
24327
24331
24336
24340
24345
24350
24354
24359
24363
24368
24372
24377
24381
24386
24390
24395
24400
24404
24409
24414
24419
24423
24428
24433
24438
24442
24447
24452
24457
24461
24466
24471
24476
24480
24485
24490
24495
24500
24503
24507
24510
24514
24517
24521
24525
24528
24532
24535
24539
24542
24546
24550
24553
24557
24560
24564
24567
24571
24575
24578
24582
24585
24589
24592
24596
24600
24603
24607
24611
24614
24618
24622
24625
24629
24633
24637
24640
24644
24648
24651
24655
24659
24662
24666
24670
24674
24677
24681
24685
24688
24692
24696
24700
24703
24707
24711
24714
24718
24722
24725
24729
24733
24737
24740
24744
24748
24751
24755
24759
24762
24766
24770
24774
24777
24781
24785
24788
24792
24796
24800
24803
24807
24810
24814
24817
24821
24825
24828
24832
24835
24839
24842
24846
24850
24853
24857
24860
24864
24867
24871
24875
24878
24882
24885
24889
24892
24896
24900
24903
24907
24911
24914
24918
24922
24925
24929
24933
24937
24940
24944
24948
24951
24955
24959
24962
24966
24970
24974
24977
24981
24985
24988
24992
24996
25000
25005
25011
25017
25023
25029
25035
25041
25047
25052
25058
25064
25070
25076
25082
25088
25094
25100
25105
25111
25116
25122
25127
25133
25138
25144
25150
25155
25161
25166
25172
25177
25183
25188
25194
25200
25205
25211
25217
25223
25229
25235
25241
25247
25252
25258
25264
25270
25276
25282
25288
25294
25300
25305
25311
25317
25323
25329
25335
25341
25347
25352
25358
25364
25370
25376
25382
25388
25394
25400
25405
25411
25417
25423
25429
25435
25441
25447
25452
25458
25464
25470
25476
25482
25488
25494
25500
25511
25522
25533
25544
25555
25566
25577
25588
25600
25612
25625
25637
25650
25662
25675
25687
25700
25711
25722
25733
25744
25755
25766
25777
25788
25800
25812
25825
25837
25850
25862
25875
25887
25900
25911
25922
25933
25944
25955
25966
25977
25988
26000
26009
26018
26027
26036
26045
26054
26063
26072
26081
26090
26100
26110
26120
26130
26140
26150
26160
26170
26180
26189
26200
26209
26218
26227
26236
26245
26254
26263
26272
26281
26290
26300
26309
26318
26327
26336
26345
26354
26363
26372
26381
26390
26400
26409
26418
26427
26436
26445
26454
26463
26472
26481
26490
26500
26504
26509
26514
26519
26523
26528
26533
26538
26542
26547
26552
26557
26561
26566
26571
26576
26580
26585
26590
26595
26600
26604
26609
26613
26618
26622
26627
26631
26636
26640
26645
26650
26654
26659
26663
26668
26672
26677
26681
26686
26690
26695
26700
26704
26709
26714
26719
26723
26728
26733
26738
26742
26747
26752
26757
26761
26766
26771
26776
26780
26785
26790
26795
26800
26804
26809
26814
26819
26823
26828
26833
26838
26842
26847
26852
26857
26861
26866
26871
26876
26880
26885
26890
26895
26900
26904
26909
26913
26918
26922
26927
26931
26936
26940
26945
26950
26954
26959
26963
26968
26972
26977
26981
26986
26990
26995
27000
27003
27007
27010
27014
27017
27021
27025
27028
27032
27035
27039
27042
27046
27050
27053
27057
27060
27064
27067
27071
27075
27078
27082
27085
27089
27092
27096
27100
27103
27106
27110
27113
27117
27120
27124
27127
27131
27134
27137
27141
27144
27148
27151
27155
27158
27162
27165
27168
27172
27175
27179
27182
27186
27189
27193
27196
27200
27203
27207
27210
27214
27217
27221
27225
27228
27232
27235
27239
27242
27246
27250
27253
27257
27260
27264
27267
27271
27275
27278
27282
27285
27289
27292
27296
27300
27303
27307
27310
27314
27317
27321
27325
27328
27332
27335
27339
27342
27346
27350
27353
27357
27360
27364
27367
27371
27375
27378
27382
27385
27389
27392
27396
27400
27403
27406
27410
27413
27417
27420
27424
27427
27431
27434
27437
27441
27444
27448
27451
27455
27458
27462
27465
27468
27472
27475
27479
27482
27486
27489
27493
27496
27500
27503
27506
27509
27512
27516
27519
27522
27525
27529
27532
27535
27538
27541
27545
27548
27551
27554
27558
27561
27564
27567
27570
27574
27577
27580
27583
27587
27590
27593
27596
27600
27603
27606
27609
27612
27615
27618
27621
27625
27628
27631
27634
27637
27640
27643
27646
27650
27653
27656
27659
27662
27665
27668
27671
27675
27678
27681
27684
27687
27690
27693
27696
27700
27703
27706
27709
27712
27716
27719
27722
27725
27729
27732
27735
27738
27741
27745
27748
27751
27754
27758
27761
27764
27767
27770
27774
27777
27780
27783
27787
27790
27793
27796
27800
27803
27806
27809
27812
27816
27819
27822
27825
27829
27832
27835
27838
27841
27845
27848
27851
27854
27858
27861
27864
27867
27870
27874
27877
27880
27883
27887
27890
27893
27896
27900
27903
27906
27909
27912
27916
27919
27922
27925
27929
27932
27935
27938
27941
27945
27948
27951
27954
27958
27961
27964
27967
27970
27974
27977
27980
27983
27987
27990
27993
27996
28000
28005
28011
28017
28023
28029
28035
28041
28047
28052
28058
28064
28070
28076
28082
28088
28094
28100
28105
28111
28117
28123
28129
28135
28141
28147
28152
28158
28164
28170
28176
28182
28188
28194
28200
28205
28211
28217
28223
28229
28235
28241
28247
28252
28258
28264
28270
28276
28282
28288
28294
28300
28306
28312
28318
28325
28331
28337
28343
28350
28356
28362
28368
28375
28381
28387
28393
28400
28405
28411
28417
28423
28429
28435
28441
28447
28452
28458
28464
28470
28476
28482
28488
28494
28500
28504
28508
28512
28516
28520
28524
28528
28532
28536
28540
28544
28548
28552
28556
28560
28564
28568
28572
28576
28580
28584
28588
28592
28596
28600
28603
28607
28611
28615
28619
28623
28626
28630
28634
28638
28642
28646
28650
28653
28657
28661
28665
28669
28673
28676
28680
28684
28688
28692
28696
28700
28704
28708
28712
28716
28720
28724
28727
28732
28736
28740
28744
28748
28752
28756
28760
28764
28768
28772
28776
28780
28784
28788
28792
28796
28800
28804
28808
28812
28816
28820
28824
28828
28832
28836
28840
28844
28848
28852
28855
28860
28864
28868
28872
28875
28880
28884
28887
28892
28895
28900
28904
28907
28912
28916
28919
28924
28927
28932
28936
28939
28944
28948
28952
28956
28960
28964
28968
28972
28976
28980
28984
28988
28992
28996
29000
29006
29013
29020
29026
29033
29040
29046
29053
29060
29066
29073
29080
29086
29093
29100
29106
29112
29118
29125
29131
29137
29143
29150
29156
29162
29168
29175
29181
29187
29193
29200
29206
29213
29220
29226
29233
29240
29246
29253
29260
29266
29273
29280
29286
29293
29300
29306
29313
29320
29326
29333
29340
29346
29353
29360
29366
29373
29380
29386
29393
29400
29406
29413
29419
29426
29433
29439
29446
29453
29460
29466
29473
29480
29486
29493
29500
29502
29505
29508
29511
29513
29516
29519
29522
29525
29527
29530
29533
29536
29538
29541
29544
29547
29550
29552
29555
29558
29561
29563
29566
29569
29572
29575
29577
29580
29583
29586
29588
29591
29594
29597
29600
29602
29605
29608
29611
29614
29617
29620
29622
29625
29628
29631
29634
29637
29640
29642
29645
29648
29651
29654
29657
29660
29662
29665
29668
29671
29674
29677
29680
29682
29685
29688
29691
29694
29697
29700
29702
29705
29708
29711
29713
29716
29719
29722
29725
29727
29730
29733
29736
29738
29741
29744
29747
29750
29752
29755
29758
29761
29763
29766
29769
29772
29775
29777
29780
29783
29786
29788
29791
29794
29797
29800
29802
29805
29808
29811
29813
29816
29819
29822
29825
29827
29830
29833
29836
29838
29841
29844
29847
29850
29852
29855
29858
29861
29863
29866
29869
29872
29875
29877
29880
29883
29886
29888
29891
29894
29897
29900
29902
29905
29908
29911
29914
29917
29919
29922
29925
29928
29931
29934
29937
29939
29942
29945
29948
29951
29954
29957
29960
29962
29965
29968
29971
29974
29977
29980
29982
29985
29988
29991
29994
29997
30000
