0.10 118417.56
0.20 118417.56
0.30 118417.56
0.40 118417.56
0.50 118417.56
0.60 118417.56
0.70 118417.56
0.80 118417.56
0.90 118417.56
1.00 118417.56
1.10 128146.91
1.20 128146.91
1.30 128146.91
1.40 128146.91
1.50 128146.91
1.60 128146.91
1.70 128146.91
1.80 128146.91
1.90 128146.91
2.00 128146.91
2.10 139189.02
2.20 139189.02
2.30 139189.02
2.40 139189.02
2.50 139189.02
2.60 139189.02
2.70 139189.02
2.80 139189.02
2.90 139189.02
3.00 139189.02
3.10 128800.68
3.20 128800.68
3.30 128800.68
3.40 128800.68
3.50 128800.68
3.60 128800.68
3.70 128800.68
3.80 128800.68
3.90 128800.68
4.00 128800.68
4.10 104854.12
4.20 104854.12
4.30 104854.12
4.40 104854.12
4.50 104854.12
4.60 104854.12
4.70 104854.12
4.80 104854.12
4.90 104854.12
5.00 104854.12
5.10 165921.50
5.20 165921.50
5.30 165921.50
5.40 165921.50
5.50 165921.50
5.60 165921.50
5.70 165921.50
5.80 165921.50
5.90 165921.50
6.00 165921.50
6.10 144269.48
6.20 144269.48
6.30 144269.48
6.40 144269.48
6.50 144269.48
6.60 144269.48
6.70 144269.48
6.80 144269.48
6.90 144269.48
7.00 144269.48
7.10 133946.49
7.20 133946.49
7.30 133946.49
7.40 133946.49
7.50 133946.49
7.60 133946.49
7.70 133946.49
7.80 133946.49
7.90 133946.49
8.00 133946.49
8.10 121976.44
8.20 121976.44
8.30 121976.44
8.40 121976.44
8.50 121976.44
8.60 121976.44
8.70 121976.44
8.80 121976.44
8.90 121976.44
9.00 121976.44
9.10 10769.76
9.20 10769.76
9.30 10769.76
9.40 10769.76
9.50 10769.76
9.60 10769.76
9.70 10769.76
9.80 10769.76
9.90 10769.76
10.00 10769.76
10.10 5327.34
10.20 5327.34
10.30 5327.34
10.40 5327.34
10.50 5327.34
10.60 5327.34
10.70 5327.34
10.80 5327.34
10.90 5327.34
11.00 5327.34
11.10 91194.36
11.20 91194.36
11.30 91194.36
11.40 91194.36
11.50 91194.36
11.60 91194.36
11.70 91194.36
11.80 91194.36
11.90 91194.36
12.00 91194.36
12.10 155748.32
12.20 155748.32
12.30 155748.32
12.40 155748.32
12.50 155748.32
12.60 155748.32
12.70 155748.32
12.80 155748.32
12.90 155748.32
13.00 155748.32
13.10 141415.26
13.20 141415.26
13.30 141415.26
13.40 141415.26
13.50 141415.26
13.60 141415.26
13.70 141415.26
13.80 141415.26
13.90 141415.26
14.00 141415.26
14.10 162329.99
14.20 162329.99
14.30 162329.99
14.40 162329.99
14.50 162329.99
14.60 162329.99
14.70 162329.99
14.80 162329.99
14.90 162329.99
15.00 162329.99
15.10 137389.04
15.20 137389.04
15.30 137389.04
15.40 137389.04
15.50 137389.04
15.60 137389.04
15.70 137389.04
15.80 137389.04
15.90 137389.04
16.00 137389.04
16.10 145982.07
16.20 145982.07
16.30 145982.07
16.40 145982.07
16.50 145982.07
16.60 145982.07
16.70 145982.07
16.80 145982.07
16.90 145982.07
17.00 145982.07
17.10 121196.72
17.20 121196.72
17.30 121196.72
17.40 121196.72
17.50 121196.72
17.60 121196.72
17.70 121196.72
17.80 121196.72
17.90 121196.72
18.00 121196.72
18.10 131273.07
18.20 131273.07
18.30 131273.07
18.40 131273.07
18.50 131273.07
18.60 131273.07
18.70 131273.07
18.80 131273.07
18.90 131273.07
19.00 131273.07
19.10 145240.83
19.20 145240.83
19.30 145240.83
19.40 145240.83
19.50 145240.83
19.60 145240.83
19.70 145240.83
19.80 145240.83
19.90 145240.83
20.00 145240.83
20.10 141844.46
20.20 141844.46
20.30 141844.46
20.40 141844.46
20.50 141844.46
20.60 141844.46
20.70 141844.46
20.80 141844.46
20.90 141844.46
21.00 141844.46
21.10 155016.67
21.20 155016.67
21.30 155016.67
21.40 155016.67
21.50 155016.67
21.60 155016.67
21.70 155016.67
21.80 155016.67
21.90 155016.67
22.00 155016.67
22.10 143422.96
22.20 143422.96
22.30 143422.96
22.40 143422.96
22.50 143422.96
22.60 143422.96
22.70 143422.96
22.80 143422.96
22.90 143422.96
23.00 143422.96
23.10 162368.71
23.20 162368.71
23.30 162368.71
23.40 162368.71
23.50 162368.71
23.60 162368.71
23.70 162368.71
23.80 162368.71
23.90 162368.71
24.00 162368.71
24.10 144644.45
24.20 144644.45
24.30 144644.45
24.40 144644.45
24.50 144644.45
24.60 144644.45
24.70 144644.45
24.80 144644.45
24.90 144644.45
25.00 144644.45
25.10 154991.12
25.20 154991.12
25.30 154991.12
25.40 154991.12
25.50 154991.12
25.60 154991.12
25.70 154991.12
25.80 154991.12
25.90 154991.12
26.00 154991.12
26.10 129301.93
26.20 129301.93
26.30 129301.93
26.40 129301.93
26.50 129301.93
26.60 129301.93
26.70 129301.93
26.80 129301.93
26.90 129301.93
27.00 129301.93
27.10 139347.17
27.20 139347.17
27.30 139347.17
27.40 139347.17
27.50 139347.17
27.60 139347.17
27.70 139347.17
27.80 139347.17
27.90 139347.17
28.00 139347.17
28.10 113822.62
28.20 113822.62
28.30 113822.62
28.40 113822.62
28.50 113822.62
28.60 113822.62
28.70 113822.62
28.80 113822.62
28.90 113822.62
29.00 113822.62
29.10 122559.37
29.20 122559.37
29.30 122559.37
29.40 122559.37
29.50 122559.37
29.60 122559.37
29.70 122559.37
29.80 122559.37
29.90 122559.37
30.00 122559.37
