0.10 323634.75
0.20 323634.75
0.30 323634.75
0.40 323634.75
0.50 323634.75
0.60 323634.75
0.70 323634.75
0.80 323634.75
0.90 323634.75
1.00 323634.75
1.10 294293.34
1.20 294293.34
1.30 294293.34
1.40 294293.34
1.50 294293.34
1.60 294293.34
1.70 294293.34
1.80 294293.34
1.90 294293.34
2.00 294293.34
2.10 319681.56
2.20 319681.56
2.30 319681.56
2.40 319681.56
2.50 319681.56
2.60 319681.56
2.70 319681.56
2.80 319681.56
2.90 319681.56
3.00 319681.56
3.10 322160.53
3.20 322160.53
3.30 322160.53
3.40 322160.53
3.50 322160.53
3.60 322160.53
3.70 322160.53
3.80 322160.53
3.90 322160.53
4.00 322160.53
4.10 285861.09
4.20 285861.09
4.30 285861.09
4.40 285861.09
4.50 285861.09
4.60 285861.09
4.70 285861.09
4.80 285861.09
4.90 285861.09
5.00 285861.09
5.10 318878.98
5.20 318878.98
5.30 318878.98
5.40 318878.98
5.50 318878.98
5.60 318878.98
5.70 318878.98
5.80 318878.98
5.90 318878.98
6.00 318878.98
6.10 288637.10
6.20 288637.10
6.30 288637.10
6.40 288637.10
6.50 288637.10
6.60 288637.10
6.70 288637.10
6.80 288637.10
6.90 288637.10
7.00 288637.10
7.10 267293.40
7.20 267293.40
7.30 267293.40
7.40 267293.40
7.50 267293.40
7.60 267293.40
7.70 267293.40
7.80 267293.40
7.90 267293.40
8.00 267293.40
8.10 208063.08
8.20 208063.08
8.30 208063.08
8.40 208063.08
8.50 208063.08
8.60 208063.08
8.70 208063.08
8.80 208063.08
8.90 208063.08
9.00 208063.08
9.10 76438.55
9.20 76438.55
9.30 76438.55
9.40 76438.55
9.50 76438.55
9.60 76438.55
9.70 76438.55
9.80 76438.55
9.90 76438.55
10.00 76438.55
10.10 132520.67
10.20 132520.67
10.30 132520.67
10.40 132520.67
10.50 132520.67
10.60 132520.67
10.70 132520.67
10.80 132520.67
10.90 132520.67
11.00 132520.67
11.10 99988.19
11.20 99988.19
11.30 99988.19
11.40 99988.19
11.50 99988.19
11.60 99988.19
11.70 99988.19
11.80 99988.19
11.90 99988.19
12.00 99988.19
12.10 177761.17
12.20 177761.17
12.30 177761.17
12.40 177761.17
12.50 177761.17
12.60 177761.17
12.70 177761.17
12.80 177761.17
12.90 177761.17
13.00 177761.17
13.10 155475.01
13.20 155475.01
13.30 155475.01
13.40 155475.01
13.50 155475.01
13.60 155475.01
13.70 155475.01
13.80 155475.01
13.90 155475.01
14.00 155475.01
14.10 259412.45
14.20 259412.45
14.30 259412.45
14.40 259412.45
14.50 259412.45
14.60 259412.45
14.70 259412.45
14.80 259412.45
14.90 259412.45
15.00 259412.45
15.10 280391.50
15.20 280391.50
15.30 280391.50
15.40 280391.50
15.50 280391.50
15.60 280391.50
15.70 280391.50
15.80 280391.50
15.90 280391.50
16.00 280391.50
16.10 325901.19
16.20 325901.19
16.30 325901.19
16.40 325901.19
16.50 325901.19
16.60 325901.19
16.70 325901.19
16.80 325901.19
16.90 325901.19
17.00 325901.19
17.10 307873.17
17.20 307873.17
17.30 307873.17
17.40 307873.17
17.50 307873.17
17.60 307873.17
17.70 307873.17
17.80 307873.17
17.90 307873.17
18.00 307873.17
18.10 307813.90
18.20 307813.90
18.30 307813.90
18.40 307813.90
18.50 307813.90
18.60 307813.90
18.70 307813.90
18.80 307813.90
18.90 307813.90
19.00 307813.90
19.10 296413.28
19.20 296413.28
19.30 296413.28
19.40 296413.28
19.50 296413.28
19.60 296413.28
19.70 296413.28
19.80 296413.28
19.90 296413.28
20.00 296413.28
20.10 273954.40
20.20 273954.40
20.30 273954.40
20.40 273954.40
20.50 273954.40
20.60 273954.40
20.70 273954.40
20.80 273954.40
20.90 273954.40
21.00 273954.40
21.10 320351.13
21.20 320351.13
21.30 320351.13
21.40 320351.13
21.50 320351.13
21.60 320351.13
21.70 320351.13
21.80 320351.13
21.90 320351.13
22.00 320351.13
22.10 296745.87
22.20 296745.87
22.30 296745.87
22.40 296745.87
22.50 296745.87
22.60 296745.87
22.70 296745.87
22.80 296745.87
22.90 296745.87
23.00 296745.87
23.10 226470.62
23.20 226470.62
23.30 226470.62
23.40 226470.62
23.50 226470.62
23.60 226470.62
23.70 226470.62
23.80 226470.62
23.90 226470.62
24.00 226470.62
24.10 377128.31
24.20 377128.31
24.30 377128.31
24.40 377128.31
24.50 377128.31
24.60 377128.31
24.70 377128.31
24.80 377128.31
24.90 377128.31
25.00 377128.31
25.10 314766.12
25.20 314766.12
25.30 314766.12
25.40 314766.12
25.50 314766.12
25.60 314766.12
25.70 314766.12
25.80 314766.12
25.90 314766.12
26.00 314766.12
26.10 293688.18
26.20 293688.18
26.30 293688.18
26.40 293688.18
26.50 293688.18
26.60 293688.18
26.70 293688.18
26.80 293688.18
26.90 293688.18
27.00 293688.18
27.10 321775.19
27.20 321775.19
27.30 321775.19
27.40 321775.19
27.50 321775.19
27.60 321775.19
27.70 321775.19
27.80 321775.19
27.90 321775.19
28.00 321775.19
28.10 170965.89
28.20 170965.89
28.30 170965.89
28.40 170965.89
28.50 170965.89
28.60 170965.89
28.70 170965.89
28.80 170965.89
28.90 170965.89
29.00 170965.89
29.10 417770.04
29.20 417770.04
29.30 417770.04
29.40 417770.04
29.50 417770.04
29.60 417770.04
29.70 417770.04
29.80 417770.04
29.90 417770.04
30.00 417770.04
