0.10 415617.68
0.20 415617.68
0.30 415617.68
0.40 415617.68
0.50 415617.68
0.60 415617.68
0.70 415617.68
0.80 415617.68
0.90 415617.68
1.00 415617.68
1.10 305936.94
1.20 305936.94
1.30 305936.94
1.40 305936.94
1.50 305936.94
1.60 305936.94
1.70 305936.94
1.80 305936.94
1.90 305936.94
2.00 305936.94
2.10 324917.08
2.20 324917.08
2.30 324917.08
2.40 324917.08
2.50 324917.08
2.60 324917.08
2.70 324917.08
2.80 324917.08
2.90 324917.08
3.00 324917.08
3.10 377413.64
3.20 377413.64
3.30 377413.64
3.40 377413.64
3.50 377413.64
3.60 377413.64
3.70 377413.64
3.80 377413.64
3.90 377413.64
4.00 377413.64
4.10 329142.15
4.20 329142.15
4.30 329142.15
4.40 329142.15
4.50 329142.15
4.60 329142.15
4.70 329142.15
4.80 329142.15
4.90 329142.15
5.00 329142.15
5.10 355358.98
5.20 355358.98
5.30 355358.98
5.40 355358.98
5.50 355358.98
5.60 355358.98
5.70 355358.98
5.80 355358.98
5.90 355358.98
6.00 355358.98
6.10 296018.96
6.20 296018.96
6.30 296018.96
6.40 296018.96
6.50 296018.96
6.60 296018.96
6.70 296018.96
6.80 296018.96
6.90 296018.96
7.00 296018.96
7.10 292266.73
7.20 292266.73
7.30 292266.73
7.40 292266.73
7.50 292266.73
7.60 292266.73
7.70 292266.73
7.80 292266.73
7.90 292266.73
8.00 292266.73
8.10 336353.11
8.20 336353.11
8.30 336353.11
8.40 336353.11
8.50 336353.11
8.60 336353.11
8.70 336353.11
8.80 336353.11
8.90 336353.11
9.00 336353.11
9.10 307089.11
9.20 307089.11
9.30 307089.11
9.40 307089.11
9.50 307089.11
9.60 307089.11
9.70 307089.11
9.80 307089.11
9.90 307089.11
10.00 307089.11
10.10 347753.30
10.20 347753.30
10.30 347753.30
10.40 347753.30
10.50 347753.30
10.60 347753.30
10.70 347753.30
10.80 347753.30
10.90 347753.30
11.00 347753.30
11.10 312619.87
11.20 312619.87
11.30 312619.87
11.40 312619.87
11.50 312619.87
11.60 312619.87
11.70 312619.87
11.80 312619.87
11.90 312619.87
12.00 312619.87
12.10 308250.85
12.20 308250.85
12.30 308250.85
12.40 308250.85
12.50 308250.85
12.60 308250.85
12.70 308250.85
12.80 308250.85
12.90 308250.85
13.00 308250.85
13.10 367622.55
13.20 367622.55
13.30 367622.55
13.40 367622.55
13.50 367622.55
13.60 367622.55
13.70 367622.55
13.80 367622.55
13.90 367622.55
14.00 367622.55
14.10 289736.31
14.20 289736.31
14.30 289736.31
14.40 289736.31
14.50 289736.31
14.60 289736.31
14.70 289736.31
14.80 289736.31
14.90 289736.31
15.00 289736.31
15.10 355769.85
15.20 355769.85
15.30 355769.85
15.40 355769.85
15.50 355769.85
15.60 355769.85
15.70 355769.85
15.80 355769.85
15.90 355769.85
16.00 355769.85
16.10 319941.97
16.20 319941.97
16.30 319941.97
16.40 319941.97
16.50 319941.97
16.60 319941.97
16.70 319941.97
16.80 319941.97
16.90 319941.97
17.00 319941.97
17.10 324259.52
17.20 324259.52
17.30 324259.52
17.40 324259.52
17.50 324259.52
17.60 324259.52
17.70 324259.52
17.80 324259.52
17.90 324259.52
18.00 324259.52
18.10 356457.64
18.20 356457.64
18.30 356457.64
18.40 356457.64
18.50 356457.64
18.60 356457.64
18.70 356457.64
18.80 356457.64
18.90 356457.64
19.00 356457.64
19.10 310151.54
19.20 310151.54
19.30 310151.54
19.40 310151.54
19.50 310151.54
19.60 310151.54
19.70 310151.54
19.80 310151.54
19.90 310151.54
20.00 310151.54
20.10 316222.38
20.20 316222.38
20.30 316222.38
20.40 316222.38
20.50 316222.38
20.60 316222.38
20.70 316222.38
20.80 316222.38
20.90 316222.38
21.00 316222.38
21.10 310847.27
21.20 310847.27
21.30 310847.27
21.40 310847.27
21.50 310847.27
21.60 310847.27
21.70 310847.27
21.80 310847.27
21.90 310847.27
22.00 310847.27
22.10 317403.66
22.20 317403.66
22.30 317403.66
22.40 317403.66
22.50 317403.66
22.60 317403.66
22.70 317403.66
22.80 317403.66
22.90 317403.66
23.00 317403.66
23.10 353398.91
23.20 353398.91
23.30 353398.91
23.40 353398.91
23.50 353398.91
23.60 353398.91
23.70 353398.91
23.80 353398.91
23.90 353398.91
24.00 353398.91
24.10 323915.51
24.20 323915.51
24.30 323915.51
24.40 323915.51
24.50 323915.51
24.60 323915.51
24.70 323915.51
24.80 323915.51
24.90 323915.51
25.00 323915.51
25.10 353320.15
25.20 353320.15
25.30 353320.15
25.40 353320.15
25.50 353320.15
25.60 353320.15
25.70 353320.15
25.80 353320.15
25.90 353320.15
26.00 353320.15
26.10 325451.39
26.20 325451.39
26.30 325451.39
26.40 325451.39
26.50 325451.39
26.60 325451.39
26.70 325451.39
26.80 325451.39
26.90 325451.39
27.00 325451.39
27.10 311496.85
27.20 311496.85
27.30 311496.85
27.40 311496.85
27.50 311496.85
27.60 311496.85
27.70 311496.85
27.80 311496.85
27.90 311496.85
28.00 311496.85
28.10 307115.71
28.20 307115.71
28.30 307115.71
28.40 307115.71
28.50 307115.71
28.60 307115.71
28.70 307115.71
28.80 307115.71
28.90 307115.71
29.00 307115.71
29.10 319657.69
29.20 319657.69
29.30 319657.69
29.40 319657.69
29.50 319657.69
29.60 319657.69
29.70 319657.69
29.80 319657.69
29.90 319657.69
30.00 319657.69
