0.08 1548.80
0.18 1548.80
0.28 1548.80
0.39 1548.80
0.49 1408.00
0.59 1408.00
0.69 1408.00
0.79 1408.00
0.89 1408.00
0.99 1408.00
1.09 1408.00
1.19 1408.00
1.29 1408.00
1.39 1408.00
1.49 1267.20
1.59 1267.20
1.69 1267.20
1.79 1267.20
1.89 1267.20
1.99 1267.20
2.09 1267.20
2.19 1267.20
2.29 1267.20
2.39 1267.20
2.49 1033.10
2.60 1033.10
2.70 1033.10
2.81 1033.10
2.91 1033.10
3.01 1033.10
3.12 1033.10
3.22 1033.10
3.33 1033.10
3.43 1033.10
3.53 1548.80
3.64 1548.80
3.74 1548.80
3.84 1548.80
3.95 1548.80
4.05 1548.80
4.16 1548.80
4.26 1548.80
4.36 1548.80
4.47 1548.80
4.57 1548.80
4.68 1548.80
4.78 1548.80
4.89 1548.80
4.99 1548.80
5.09 1548.80
5.20 1548.80
5.30 1548.80
5.41 1548.80
5.51 1548.80
5.61 1548.80
5.72 1548.80
5.82 1548.80
5.93 1548.80
6.03 1548.80
6.13 1548.80
6.24 1548.80
6.34 1548.80
6.45 1548.80
6.55 1548.80
6.66 1548.80
6.77 1548.80
6.87 1548.80
6.98 1548.80
7.09 1548.80
7.20 1548.80
7.31 1548.80
7.41 1548.80
7.52 1548.80
7.63 1548.80
7.73 1019.00
7.83 1019.00
7.94 1019.00
8.04 1019.00
8.14 1019.00
8.24 1019.00
8.35 1019.00
8.45 1019.00
8.55 1019.00
8.65 1019.00
8.76 1548.80
8.87 1548.80
8.98 1548.80
9.08 1548.80
9.19 1548.80
9.30 1548.80
9.41 1548.80
9.52 1548.80
9.62 1548.80
9.73 1548.80
9.84 1548.80
9.94 1548.80
10.05 1548.80
10.16 1548.80
10.26 1548.80
10.37 1548.80
10.47 1548.80
10.58 1548.80
10.69 1548.80
10.79 1548.80
10.90 1548.80
11.00 1548.80
11.10 1548.80
11.21 1548.80
11.31 1548.80
11.42 1548.80
11.52 1548.80
11.62 1548.80
11.73 1548.80
11.83 1548.80
11.95 1207.40
12.06 1207.40
12.18 1207.40
12.29 1207.40
12.41 1207.40
12.53 1207.40
12.64 1207.40
12.76 1207.40
12.87 1207.40
12.99 1207.40
13.09 1548.80
13.20 1548.80
13.30 1548.80
13.41 1548.80
13.51 1548.80
13.61 1548.80
13.72 1548.80
13.82 1548.80
13.93 1548.80
14.03 1548.80
14.14 1548.80
14.24 1548.80
14.34 1548.80
14.45 1548.80
14.55 1548.80
14.66 1548.80
14.76 1548.80
14.86 1548.80
14.97 1548.80
15.07 1548.80
15.18 1408.00
15.28 1408.00
15.39 1408.00
15.50 1408.00
15.60 1408.00
15.71 1408.00
15.81 1408.00
15.92 1408.00
16.03 1408.00
16.13 1408.00
16.24 1689.60
16.35 1689.60
16.46 1689.60
16.56 1689.60
16.67 1689.60
16.78 1689.60
16.89 1689.60
17.00 1689.60
17.10 1689.60
17.21 1689.60
17.31 1006.10
17.41 1006.10
17.51 1006.10
17.62 1006.10
17.72 1006.10
17.82 1006.10
17.92 1006.10
18.02 1006.10
18.12 1006.10
18.22 1006.10
18.33 1408.00
18.44 1408.00
18.55 1408.00
18.66 1408.00
18.77 1408.00
18.88 1408.00
18.99 1408.00
19.10 1408.00
19.20 1408.00
19.31 1408.00
19.42 1689.60
19.52 1689.60
19.62 1689.60
19.72 1689.60
19.82 1689.60
19.93 1689.60
20.03 1689.60
20.13 1689.60
20.23 1689.60
20.34 1689.60
20.44 1548.80
20.55 1548.80
20.65 1548.80
20.76 1548.80
20.86 1548.80
20.97 1548.80
21.07 1548.80
21.18 1548.80
21.28 1548.80
21.39 1548.80
21.49 1058.90
21.59 1058.90
21.70 1058.90
21.80 1058.90
21.90 1058.90
22.00 1058.90
22.10 1058.90
22.21 1058.90
22.31 1058.90
22.41 1058.90
22.51 1548.80
22.62 1548.80
22.72 1548.80
22.83 1548.80
22.93 1548.80
23.04 1548.80
23.14 1548.80
23.24 1548.80
23.35 1548.80
23.45 1548.80
23.56 1548.80
23.66 1548.80
23.76 1548.80
23.87 1548.80
23.97 1548.80
24.08 1548.80
24.18 1548.80
24.28 1548.80
24.39 1548.80
24.49 1548.80
24.60 1548.80
24.70 1548.80
24.81 1548.80
24.92 1548.80
25.02 1548.80
25.13 1548.80
25.24 1548.80
25.34 1548.80
25.45 1548.80
25.55 1548.80
25.66 1548.80
25.76 1548.80
25.87 1548.80
25.97 1548.80
26.07 1548.80
26.18 1548.80
26.28 1548.80
26.38 1548.80
26.49 1548.80
26.59 1548.80
26.70 1548.80
26.80 1548.80
26.91 1548.80
27.02 1548.80
27.12 1548.80
27.23 1548.80
27.34 1548.80
27.44 1548.80
27.55 1548.80
27.65 1548.80
28.64 171.90
29.63 171.90
