0.04 3556.80
0.14 3556.80
0.24 3556.80
0.34 2108.80
0.44 2108.80
0.54 2108.80
0.65 2108.80
0.75 2108.80
0.85 2108.80
0.95 2108.80
1.05 2108.80
1.16 2108.80
1.26 2108.80
1.36 2462.40
1.46 2462.40
1.56 2462.40
1.67 2462.40
1.77 2462.40
1.87 2462.40
1.97 2462.40
2.07 2462.40
2.18 2462.40
2.28 2462.40
2.38 2736.00
2.48 2736.00
2.58 2736.00
2.68 2736.00
2.79 2736.00
2.89 2736.00
2.99 2736.00
3.09 2736.00
3.19 2736.00
3.29 2736.00
3.40 2872.80
3.50 2872.80
3.60 2872.80
3.70 2872.80
3.80 2872.80
3.90 2872.80
4.00 2872.80
4.10 2872.80
4.20 2872.80
4.30 2872.80
4.40 3967.20
4.50 3967.20
4.60 3967.20
4.70 3967.20
4.80 3967.20
4.90 3967.20
5.00 3967.20
5.11 3967.20
5.21 3967.20
5.31 3967.20
5.41 4252.80
5.51 4252.80
5.62 4252.80
5.72 4252.80
5.82 4252.80
5.93 4252.80
6.03 4252.80
6.13 4252.80
6.23 4252.80
6.34 4252.80
6.44 4639.20
6.54 4639.20
6.64 4639.20
6.74 4639.20
6.84 4639.20
6.94 4639.20
7.04 4639.20
7.14 4639.20
7.24 4639.20
7.34 4639.20
7.44 4240.80
7.54 4240.80
7.64 4240.80
7.75 4240.80
7.85 4240.80
7.95 4240.80
8.05 4240.80
8.15 4240.80
8.26 4240.80
8.36 4240.80
8.46 5472.00
8.56 5472.00
8.66 5472.00
8.76 5472.00
8.86 5472.00
8.96 5472.00
9.06 5472.00
9.16 5472.00
9.26 5472.00
9.36 5472.00
9.47 8401.60
9.58 8401.60
9.70 8401.60
9.81 8401.60
9.92 8401.60
10.04 8401.60
10.15 8401.60
10.26 8401.60
10.37 8401.60
10.49 8401.60
10.59 6976.80
10.69 6976.80
10.79 6976.80
10.89 6976.80
10.99 6976.80
11.09 6976.80
11.19 6976.80
11.30 6976.80
11.40 6976.80
11.50 6976.80
11.60 5198.40
11.70 5198.40
11.80 5198.40
11.90 5198.40
12.00 5198.40
12.10 5198.40
12.20 5198.40
12.31 5198.40
12.41 5198.40
12.51 5198.40
12.61 5882.40
12.71 5882.40
12.81 5882.40
12.91 5882.40
13.01 5882.40
13.11 5882.40
13.22 5882.40
13.32 5882.40
13.42 5882.40
13.52 5882.40
13.62 7250.40
13.72 7250.40
13.82 7250.40
13.93 7250.40
14.03 7250.40
14.13 7250.40
14.23 7250.40
14.33 7250.40
14.44 7250.40
14.54 7250.40
14.64 8071.20
14.74 8071.20
14.84 8071.20
14.95 8071.20
15.05 8071.20
15.15 8071.20
15.25 8071.20
15.35 8071.20
15.46 8071.20
15.56 8071.20
15.67 7580.80
15.79 7580.80
15.91 7580.80
16.02 7580.80
16.14 7580.80
16.25 7580.80
16.37 7580.80
16.49 7580.80
16.60 7580.80
16.72 7580.80
16.82 5335.20
16.92 5335.20
17.02 5335.20
17.12 5335.20
17.22 5335.20
17.32 5335.20
17.42 5335.20
17.52 5335.20
17.63 5335.20
17.73 5335.20
17.83 5882.40
17.93 5882.40
18.04 5882.40
18.14 5882.40
18.24 5882.40
18.35 5882.40
18.45 5882.40
18.55 5882.40
18.66 5882.40
18.76 5882.40
18.86 5608.80
18.97 5608.80
19.07 5608.80
19.17 5608.80
19.28 5608.80
19.38 5608.80
19.49 5608.80
19.59 5608.80
19.69 5608.80
19.80 5608.80
19.90 4924.80
20.00 4924.80
20.11 4924.80
20.21 4924.80
20.31 4924.80
20.42 4924.80
20.52 4924.80
20.62 4924.80
20.72 4924.80
20.83 4924.80
20.93 3146.40
21.03 3146.40
21.13 3146.40
21.23 3146.40
21.33 3146.40
21.43 3146.40
21.53 3146.40
21.64 3146.40
21.74 3146.40
21.84 3146.40
21.94 1641.60
22.04 1641.60
22.14 1641.60
22.24 1641.60
22.34 1641.60
22.44 1641.60
22.54 1641.60
22.64 1641.60
22.75 1641.60
22.85 1641.60
23.83 1638.40
24.80 1638.40
25.78 1638.40
26.76 1638.40
27.74 1638.40
28.72 1638.40
29.70 1638.40
