0.12 1368.00
0.22 1368.00
0.33 1368.00
0.43 1368.00
0.53 1368.00
0.63 1368.00
0.74 1368.00
0.84 1368.00
0.94 1368.00
1.04 1368.00
1.15 1368.00
1.25 1368.00
1.35 1368.00
1.45 1368.00
1.56 1368.00
1.66 1368.00
1.76 1368.00
1.87 1368.00
1.97 1368.00
2.07 1368.00
2.18 1368.00
2.28 1368.00
2.39 1368.00
2.49 1368.00
2.60 1032.50
2.72 1032.50
2.83 1032.50
2.95 1032.50
3.06 1032.50
3.17 1032.50
3.29 1032.50
3.40 1032.50
3.52 1032.50
3.63 1032.50
3.73 6046.30
3.84 6046.30
3.94 6046.30
4.05 6046.30
4.15 6046.30
4.25 6046.30
4.36 6046.30
4.46 6046.30
4.57 6046.30
4.67 6046.30
4.77 7031.80
4.88 7031.80
4.98 7031.80
5.08 7031.80
5.18 7031.80
5.29 7031.80
5.39 7031.80
5.49 7031.80
5.60 7031.80
5.70 7031.80
5.80 7622.30
5.90 7622.30
6.00 7622.30
6.10 7622.30
6.20 7622.30
6.31 7622.30
6.41 7622.30
6.51 7622.30
6.61 7622.30
6.71 7622.30
6.81 4926.90
6.91 4926.90
7.02 4926.90
7.12 4926.90
7.22 4926.90
7.32 4926.90
7.42 4926.90
7.53 4926.90
7.63 4926.90
7.73 4926.90
7.83 7552.80
7.93 7552.80
8.03 7552.80
8.13 7552.80
8.23 7552.80
8.33 7552.80
8.43 7552.80
8.53 7552.80
8.63 7552.80
8.73 7552.80
8.83 6668.20
8.93 6668.20
9.03 6668.20
9.13 6668.20
9.23 6668.20
9.33 6668.20
9.43 6668.20
9.53 6668.20
9.63 6668.20
9.73 6668.20
9.83 7556.70
9.93 7556.70
10.03 7556.70
10.13 7556.70
10.24 7556.70
10.34 7556.70
10.44 7556.70
10.54 7556.70
10.64 7556.70
10.74 7556.70
10.84 7227.90
10.94 7227.90
11.04 7227.90
11.14 7227.90
11.24 7227.90
11.35 7227.90
11.45 7227.90
11.55 7227.90
11.65 7227.90
11.75 7227.90
11.85 6874.90
11.95 6874.90
12.05 6874.90
12.15 6874.90
12.25 6874.90
12.35 6874.90
12.45 6874.90
12.55 6874.90
12.65 6874.90
12.75 6874.90
12.85 7048.70
12.95 7048.70
13.06 7048.70
13.16 7048.70
13.26 7048.70
13.36 7048.70
13.46 7048.70
13.57 7048.70
13.67 7048.70
13.77 7048.70
13.87 10932.00
13.97 10932.00
14.07 10932.00
14.17 10932.00
14.27 10932.00
14.38 10932.00
14.48 10932.00
14.58 10932.00
14.68 10932.00
14.78 10932.00
14.89 7397.40
15.00 7397.40
15.11 7397.40
15.22 7397.40
15.33 7397.40
15.44 7397.40
15.55 7397.40
15.66 7397.40
15.77 7397.40
15.88 7397.40
15.98 7793.30
16.08 7793.30
16.19 7793.30
16.29 7793.30
16.39 7793.30
16.49 7793.30
16.59 7793.30
16.70 7793.30
16.80 7793.30
16.90 7793.30
17.00 7654.60
17.10 7654.60
17.20 7654.60
17.30 7654.60
17.40 7654.60
17.50 7654.60
17.61 7654.60
17.71 7654.60
17.81 7654.60
17.91 7654.60
18.01 8916.90
18.11 8916.90
18.21 8916.90
18.31 8916.90
18.41 8916.90
18.52 8916.90
18.62 8916.90
18.72 8916.90
18.82 8916.90
18.92 8916.90
19.02 12372.10
19.12 12372.10
19.23 12372.10
19.33 12372.10
19.43 12372.10
19.53 12372.10
19.63 12372.10
19.74 12372.10
19.84 12372.10
19.94 12372.10
20.04 9726.20
20.14 9726.20
20.24 9726.20
20.34 9726.20
20.44 9726.20
20.54 9726.20
20.64 9726.20
20.75 9726.20
20.85 9726.20
20.95 9726.20
21.05 6553.40
21.16 6553.40
21.26 6553.40
21.36 6553.40
21.47 6553.40
21.57 6553.40
21.68 6553.40
21.78 6553.40
21.88 6553.40
21.99 6553.40
22.09 4240.80
22.20 4240.80
22.30 4240.80
22.40 4240.80
22.51 4240.80
22.61 4240.80
22.72 4240.80
22.82 4240.80
22.92 4240.80
23.03 4240.80
23.34 1638.40
23.65 1638.40
23.96 1638.40
24.27 1638.40
24.58 1638.40
24.89 1638.40
25.20 1638.40
25.51 1638.40
25.83 1638.40
26.14 1638.40
26.24 16728.20
26.34 16728.20
26.44 16728.20
26.54 16728.20
26.64 16728.20
26.74 16728.20
26.84 16728.20
26.94 16728.20
27.04 16728.20
27.14 16728.20
27.24 5610.60
27.34 5610.60
27.44 5610.60
27.55 5610.60
27.65 5610.60
27.75 5610.60
27.85 5610.60
27.95 5610.60
28.06 5610.60
28.16 5610.60
28.27 2403.30
28.38 2403.30
28.49 2403.30
28.60 2403.30
28.72 2403.30
28.83 2403.30
28.94 2403.30
29.05 2403.30
29.16 2403.30
29.28 2403.30
29.38 3830.40
29.48 3830.40
29.58 3830.40
29.68 3830.40
29.78 3830.40
29.88 3830.40
29.98 3830.40
