0.14 5535.60
0.24 5535.60
0.34 5535.60
0.45 5535.60
0.55 5535.60
0.65 5535.60
0.75 6212.90
0.86 6212.90
0.96 6212.90
1.07 6212.90
1.17 6212.90
1.28 6212.90
1.38 6212.90
1.49 6212.90
1.59 6212.90
1.70 6212.90
1.80 12132.60
1.90 12132.60
2.00 12132.60
2.10 12132.60
2.20 12132.60
2.30 12132.60
2.40 12132.60
2.51 12132.60
2.61 12132.60
2.71 12132.60
2.81 18771.10
2.91 18771.10
3.01 18771.10
3.11 18771.10
3.21 18771.10
3.31 18771.10
3.41 18771.10
3.52 18771.10
3.62 18771.10
3.72 18771.10
3.83 18186.50
3.95 18186.50
4.07 18186.50
4.19 18186.50
4.30 18186.50
4.42 18186.50
4.54 18186.50
4.65 18186.50
4.77 18186.50
4.89 18186.50
5.00 22635.20
5.10 22635.20
5.21 22635.20
5.32 22635.20
5.43 22635.20
5.54 22635.20
5.64 22635.20
5.75 22635.20
5.86 22635.20
5.97 22635.20
6.08 26325.10
6.19 26325.10
6.31 26325.10
6.42 26325.10
6.53 26325.10
6.65 26325.10
6.76 26325.10
6.87 26325.10
6.98 26325.10
7.10 26325.10
7.21 26758.00
7.33 26758.00
7.45 26758.00
7.57 26758.00
7.68 26758.00
7.80 26758.00
7.92 26758.00
8.03 26758.00
8.15 26758.00
8.27 26758.00
8.37 25200.20
8.47 25200.20
8.57 25200.20
8.67 25200.20
8.77 25200.20
8.87 25200.20
8.97 25200.20
9.07 25200.20
9.17 25200.20
9.27 25200.20
9.38 16542.80
9.50 16542.80
9.61 16542.80
9.73 16542.80
9.84 16542.80
9.96 16542.80
10.07 16542.80
10.19 16542.80
10.30 16542.80
10.42 16542.80
10.52 16279.20
10.62 16279.20
10.72 16279.20
10.82 16279.20
10.92 16279.20
11.02 16279.20
11.12 16279.20
11.23 16279.20
11.33 16279.20
11.43 16279.20
11.53 15557.50
11.63 15557.50
11.73 15557.50
11.83 15557.50
11.93 15557.50
12.03 15557.50
12.13 15557.50
12.23 15557.50
12.34 15557.50
12.44 15557.50
12.55 20704.60
12.67 20704.60
12.79 20704.60
12.90 20704.60
13.02 20704.60
13.14 20704.60
13.26 20704.60
13.37 20704.60
13.49 20704.60
13.61 20704.60
13.71 23368.00
13.81 23368.00
13.91 23368.00
14.01 23368.00
14.11 23368.00
14.21 23368.00
14.31 23368.00
14.41 23368.00
14.51 23368.00
14.61 23368.00
14.71 17457.20
14.82 17457.20
14.93 17457.20
15.04 17457.20
15.14 17457.20
15.25 17457.20
15.36 17457.20
15.46 17457.20
15.57 17457.20
15.68 17457.20
15.78 20830.20
15.88 20830.20
15.98 20830.20
16.08 20830.20
16.19 20830.20
16.29 20830.20
16.39 20830.20
16.49 20830.20
16.59 20830.20
16.70 20830.20
16.80 19098.60
16.90 19098.60
17.00 19098.60
17.10 19098.60
17.20 19098.60
17.30 19098.60
17.40 19098.60
17.50 19098.60
17.61 19098.60
17.71 19098.60
17.81 30597.00
17.91 30597.00
18.01 30597.00
18.11 30597.00
18.21 30597.00
18.31 30597.00
18.41 30597.00
18.51 30597.00
18.62 30597.00
18.72 30597.00
18.82 30118.00
18.92 30118.00
19.02 30118.00
19.12 30118.00
19.22 30118.00
19.32 30118.00
19.42 30118.00
19.52 30118.00
19.63 30118.00
19.73 30118.00
19.84 25923.80
19.96 25923.80
20.08 25923.80
20.19 25923.80
20.31 25923.80
20.43 25923.80
20.55 25923.80
20.66 25923.80
20.78 25923.80
20.90 25923.80
21.00 27922.00
21.10 27922.00
21.20 27922.00
21.30 27922.00
21.40 27922.00
21.50 27922.00
21.60 27922.00
21.70 27922.00
21.81 27922.00
21.91 27922.00
22.01 28095.40
22.11 28095.40
22.21 28095.40
22.31 28095.40
22.41 28095.40
22.51 28095.40
22.61 28095.40
22.71 28095.40
22.81 28095.40
22.91 28095.40
23.01 29456.30
23.11 29456.30
23.21 29456.30
23.31 29456.30
23.41 29456.30
23.51 29456.30
23.61 29456.30
23.71 29456.30
23.82 29456.30
23.92 29456.30
24.02 27614.60
24.12 27614.60
24.23 27614.60
24.33 27614.60
24.44 27614.60
24.54 27614.60
24.64 27614.60
24.75 27614.60
24.85 27614.60
24.95 27614.60
25.06 25855.20
25.16 25855.20
25.26 25855.20
25.36 25855.20
25.46 25855.20
25.56 25855.20
25.66 25855.20
25.76 25855.20
25.86 25855.20
25.96 25855.20
26.06 10457.30
26.16 10457.30
26.26 10457.30
26.36 10457.30
26.46 10457.30
26.56 10457.30
26.66 10457.30
26.76 10457.30
26.86 10457.30
26.97 10457.30
27.07 11764.80
27.17 11764.80
27.27 11764.80
27.37 11764.80
27.48 11764.80
27.58 11764.80
27.68 11764.80
27.78 11764.80
27.88 11764.80
27.98 11764.80
28.09 6156.00
28.19 6156.00
28.29 6156.00
28.39 6156.00
28.49 6156.00
28.59 6156.00
28.69 6156.00
28.79 6156.00
28.89 6156.00
28.99 6156.00
29.09 15732.00
29.19 15732.00
29.29 15732.00
29.39 15732.00
29.49 15732.00
29.59 15732.00
29.69 15732.00
29.79 15732.00
29.89 15732.00
30.00 15732.00
