0.02 19990.40
0.17 19990.40
0.31 19990.40
0.46 19990.40
0.60 19990.40
0.75 19990.40
0.90 19990.40
1.04 19990.40
1.19 19990.40
1.29 11504.20
1.39 11504.20
1.49 11504.20
1.59 11504.20
1.69 11504.20
1.79 11504.20
1.89 11504.20
1.99 11504.20
2.09 11504.20
2.19 11504.20
2.29 11244.00
2.39 11244.00
2.49 11244.00
2.59 11244.00
2.69 11244.00
2.79 11244.00
2.89 11244.00
2.99 11244.00
3.09 11244.00
3.19 11244.00
3.29 16611.90
3.39 16611.90
3.49 16611.90
3.59 16611.90
3.69 16611.90
3.80 16611.90
3.90 16611.90
4.00 16611.90
4.10 16611.90
4.20 16611.90
4.30 11641.80
4.40 11641.80
4.50 11641.80
4.60 11641.80
4.70 11641.80
4.80 11641.80
4.91 11641.80
5.01 11641.80
5.11 11641.80
5.21 11641.80
5.31 14049.50
5.41 14049.50
5.51 14049.50
5.61 14049.50
5.71 14049.50
5.81 14049.50
5.91 14049.50
6.02 14049.50
6.12 14049.50
6.22 14049.50
6.33 12734.90
6.44 12734.90
6.55 12734.90
6.65 12734.90
6.76 12734.90
6.87 12734.90
6.98 12734.90
7.09 12734.90
7.20 12734.90
7.31 12734.90
7.41 14155.30
7.51 14155.30
7.61 14155.30
7.71 14155.30
7.81 14155.30
7.91 14155.30
8.02 14155.30
8.12 14155.30
8.22 14155.30
8.32 14155.30
8.42 13954.90
8.52 13954.90
8.62 13954.90
8.72 13954.90
8.82 13954.90
8.92 13954.90
9.02 13954.90
9.12 13954.90
9.22 13954.90
9.32 13954.90
9.42 13676.90
9.52 13676.90
9.62 13676.90
9.72 13676.90
9.82 13676.90
9.92 13676.90
10.03 13676.90
10.13 13676.90
10.23 13676.90
10.33 13676.90
10.43 12592.10
10.53 12592.10
10.63 12592.10
10.73 12592.10
10.83 12592.10
10.93 12592.10
11.03 12592.10
11.14 12592.10
11.24 12592.10
11.34 12592.10
11.44 13692.90
11.54 13692.90
11.64 13692.90
11.74 13692.90
11.84 13692.90
11.94 13692.90
12.04 13692.90
12.14 13692.90
12.24 13692.90
12.34 13692.90
12.45 12345.00
12.57 12345.00
12.69 12345.00
12.81 12345.00
12.92 12345.00
13.04 12345.00
13.16 12345.00
13.27 12345.00
13.39 12345.00
13.51 12345.00
13.61 13041.70
13.71 13041.70
13.81 13041.70
13.91 13041.70
14.01 13041.70
14.11 13041.70
14.21 13041.70
14.31 13041.70
14.42 13041.70
14.52 13041.70
14.62 9894.50
14.72 9894.50
14.82 9894.50
14.92 9894.50
15.02 9894.50
15.12 9894.50
15.22 9894.50
15.32 9894.50
15.42 9894.50
15.52 9894.50
15.62 16368.60
15.72 16368.60
15.82 16368.60
15.92 16368.60
16.02 16368.60
16.12 16368.60
16.22 16368.60
16.32 16368.60
16.43 16368.60
16.53 16368.60
16.64 12456.90
16.76 12456.90
16.88 12456.90
16.99 12456.90
17.11 12456.90
17.23 12456.90
17.34 12456.90
17.46 12456.90
17.58 12456.90
17.70 12456.90
17.80 17460.40
17.90 17460.40
18.00 17460.40
18.10 17460.40
18.20 17460.40
18.30 17460.40
18.40 17460.40
18.50 17460.40
18.60 17460.40
18.71 17460.40
18.81 13938.00
18.91 13938.00
19.01 13938.00
19.11 13938.00
19.21 13938.00
19.31 13938.00
19.41 13938.00
19.51 13938.00
19.62 13938.00
19.72 13938.00
19.82 15157.90
19.92 15157.90
20.02 15157.90
20.12 15157.90
20.22 15157.90
20.32 15157.90
20.42 15157.90
20.52 15157.90
20.63 15157.90
20.73 15157.90
20.83 16054.40
20.93 16054.40
21.03 16054.40
21.13 16054.40
21.23 16054.40
21.33 16054.40
21.43 16054.40
21.53 16054.40
21.63 16054.40
21.74 16054.40
21.84 15610.70
21.94 15610.70
22.04 15610.70
22.14 15610.70
22.24 15610.70
22.34 15610.70
22.44 15610.70
22.54 15610.70
22.64 15610.70
22.74 15610.70
22.85 17835.20
22.95 17835.20
23.05 17835.20
23.15 17835.20
23.25 17835.20
23.35 17835.20
23.45 17835.20
23.55 17835.20
23.65 17835.20
23.75 17835.20
23.85 15868.60
23.95 15868.60
24.05 15868.60
24.15 15868.60
24.25 15868.60
24.35 15868.60
24.45 15868.60
24.55 15868.60
24.65 15868.60
24.75 15868.60
24.86 16897.70
24.96 16897.70
25.06 16897.70
25.16 16897.70
25.26 16897.70
25.36 16897.70
25.46 16897.70
25.56 16897.70
25.66 16897.70
25.76 16897.70
25.87 12844.40
25.98 12844.40
26.09 12844.40
26.20 12844.40
26.32 12844.40
26.43 12844.40
26.54 12844.40
26.65 12844.40
26.76 12844.40
26.88 12844.40
26.98 16612.70
27.08 16612.70
27.18 16612.70
27.28 16612.70
27.38 16612.70
27.48 16612.70
27.58 16612.70
27.68 16612.70
27.78 16612.70
27.88 16612.70
27.99 17265.50
28.09 17265.50
28.19 17265.50
28.29 17265.50
28.39 17265.50
28.49 17265.50
28.59 17265.50
28.69 17265.50
28.79 17265.50
28.89 17265.50
28.99 15284.80
29.09 15284.80
29.19 15284.80
29.29 15284.80
29.39 15284.80
29.49 15284.80
29.59 15284.80
29.69 15284.80
29.79 15284.80
29.90 15284.80
30.00 16330.90
