0.03 7690.00
0.13 7690.00
0.24 7690.00
0.34 7690.00
0.44 7690.00
0.54 7690.00
0.68 5600.40
0.83 5600.40
0.98 5600.40
1.12 5600.40
1.27 5600.40
1.41 5600.40
1.56 5600.40
1.71 5600.40
1.85 5600.40
2.00 5600.40
2.10 9204.60
2.20 9204.60
2.30 9204.60
2.40 9204.60
2.50 9204.60
2.60 9204.60
2.71 9204.60
2.81 9204.60
2.91 9204.60
3.01 9204.60
3.11 8661.10
3.21 8661.10
3.31 8661.10
3.41 8661.10
3.51 8661.10
3.61 8661.10
3.71 8661.10
3.81 8661.10
3.91 8661.10
4.01 8661.10
4.11 6163.00
4.21 6163.00
4.31 6163.00
4.42 6163.00
4.52 6163.00
4.62 6163.00
4.72 6163.00
4.82 6163.00
4.93 6163.00
5.03 6163.00
5.13 4630.20
5.23 4630.20
5.33 4630.20
5.44 4630.20
5.54 4630.20
5.64 4630.20
5.74 4630.20
5.84 4630.20
5.95 4630.20
6.05 4630.20
6.16 5796.40
6.28 5796.40
6.40 5796.40
6.51 5796.40
6.63 5796.40
6.74 5796.40
6.86 5796.40
6.98 5796.40
7.09 5796.40
7.21 5796.40
7.35 7087.90
7.48 7087.90
7.62 7087.90
7.76 7087.90
7.90 7087.90
8.04 7087.90
8.17 7087.90
8.31 7087.90
8.45 7087.90
8.59 7087.90
8.69 6703.20
8.79 6703.20
8.90 6703.20
9.00 6703.20
9.10 6703.20
9.20 6703.20
9.31 6703.20
9.41 6703.20
9.51 6703.20
9.62 6703.20
9.72 4331.90
9.82 4331.90
9.92 4331.90
10.02 4331.90
10.12 4331.90
10.22 4331.90
10.32 4331.90
10.42 4331.90
10.53 4331.90
10.63 4331.90
10.73 4692.90
10.83 4692.90
10.93 4692.90
11.03 4692.90
11.13 4692.90
11.23 4692.90
11.33 4692.90
11.43 4692.90
11.54 4692.90
11.64 4692.90
11.74 4514.70
11.84 4514.70
11.94 4514.70
12.04 4514.70
12.14 4514.70
12.24 4514.70
12.34 4514.70
12.45 4514.70
12.55 4514.70
12.65 4514.70
12.75 5472.00
12.85 5472.00
12.96 5472.00
13.06 5472.00
13.16 5472.00
13.26 5472.00
13.36 5472.00
13.47 5472.00
13.57 5472.00
13.67 5472.00
13.80 1783.80
13.93 1783.80
14.06 1783.80
14.19 1783.80
14.32 1783.80
14.45 1783.80
14.58 1783.80
14.71 1783.80
14.84 1783.80
14.97 1783.80
15.07 6976.80
15.17 6976.80
15.27 6976.80
15.38 6976.80
15.48 6976.80
15.58 6976.80
15.68 6976.80
15.78 6976.80
15.88 6976.80
15.99 6976.80
16.09 6602.60
16.19 6602.60
16.29 6602.60
16.39 6602.60
16.50 6602.60
16.60 6602.60
16.70 6602.60
16.80 6602.60
16.90 6602.60
17.01 6602.60
17.11 6269.40
17.21 6269.40
17.31 6269.40
17.41 6269.40
17.51 6269.40
17.61 6269.40
17.71 6269.40
17.82 6269.40
17.92 6269.40
18.02 6269.40
18.12 5958.40
18.22 5958.40
18.32 5958.40
18.43 5958.40
18.53 5958.40
18.63 5958.40
18.73 5958.40
18.83 5958.40
18.94 5958.40
19.04 5958.40
19.15 6848.30
19.26 6848.30
19.37 6848.30
19.48 6848.30
19.59 6848.30
19.70 6848.30
19.81 6848.30
19.92 6848.30
20.04 6848.30
20.15 6848.30
20.25 7089.80
20.36 7089.80
20.46 7089.80
20.57 7089.80
20.68 7089.80
20.78 7089.80
20.89 7089.80
20.99 7089.80
21.10 7089.80
21.21 7089.80
21.31 6429.60
21.41 6429.60
21.51 6429.60
21.61 6429.60
21.71 6429.60
21.81 6429.60
21.91 6429.60
22.02 6429.60
22.12 6429.60
22.22 6429.60
22.32 5576.00
22.42 5576.00
22.52 5576.00
22.62 5576.00
22.72 5576.00
22.82 5576.00
22.92 5576.00
23.02 5576.00
23.13 5576.00
23.23 5576.00
23.33 3745.50
23.43 3745.50
23.53 3745.50
23.63 3745.50
23.74 3745.50
23.84 3745.50
23.94 3745.50
24.04 3745.50
24.14 3745.50
24.25 3745.50
24.35 4932.20
24.45 4932.20
24.55 4932.20
24.65 4932.20
24.75 4932.20
24.85 4932.20
24.95 4932.20
25.06 4932.20
25.16 4932.20
25.26 4932.20
25.36 4216.70
25.46 4216.70
25.56 4216.70
25.66 4216.70
25.76 4216.70
25.86 4216.70
25.96 4216.70
26.06 4216.70
26.17 4216.70
26.27 4216.70
26.37 4007.60
26.47 4007.60
26.57 4007.60
26.67 4007.60
26.78 4007.60
26.88 4007.60
26.98 4007.60
27.08 4007.60
27.18 4007.60
27.29 4007.60
27.40 6649.00
27.52 6649.00
27.64 6649.00
27.75 6649.00
27.87 6649.00
27.99 6649.00
28.11 6649.00
28.22 6649.00
28.34 6649.00
28.46 6649.00
28.57 6928.40
28.68 6928.40
28.79 6928.40
28.90 6928.40
29.02 6928.40
29.13 6928.40
29.24 6928.40
29.35 6928.40
29.46 6928.40
29.58 6928.40
29.68 5880.10
29.78 5880.10
29.88 5880.10
29.98 5880.10
