0.10 164591.66
0.20 164591.66
0.30 164591.66
0.40 164591.66
0.50 164591.66
0.60 164591.66
0.70 164591.66
0.80 164591.66
0.90 164591.66
1.00 164591.66
1.10 169655.93
1.20 169655.93
1.30 169655.93
1.40 169655.93
1.50 169655.93
1.60 169655.93
1.70 169655.93
1.80 169655.93
1.90 169655.93
2.00 169655.93
2.10 158080.74
2.20 158080.74
2.30 158080.74
2.40 158080.74
2.50 158080.74
2.60 158080.74
2.70 158080.74
2.80 158080.74
2.90 158080.74
3.00 158080.74
3.10 191260.89
3.20 191260.89
3.30 191260.89
3.40 191260.89
3.50 191260.89
3.60 191260.89
3.70 191260.89
3.80 191260.89
3.90 191260.89
4.00 191260.89
4.10 174168.60
4.20 174168.60
4.30 174168.60
4.40 174168.60
4.50 174168.60
4.60 174168.60
4.70 174168.60
4.80 174168.60
4.90 174168.60
5.00 174168.60
5.10 164213.94
5.20 164213.94
5.30 164213.94
5.40 164213.94
5.50 164213.94
5.60 164213.94
5.70 164213.94
5.80 164213.94
5.90 164213.94
6.00 164213.94
6.10 171942.75
6.20 171942.75
6.30 171942.75
6.40 171942.75
6.50 171942.75
6.60 171942.75
6.70 171942.75
6.80 171942.75
6.90 171942.75
7.00 171942.75
7.10 169902.37
7.20 169902.37
7.30 169902.37
7.40 169902.37
7.50 169902.37
7.60 169902.37
7.70 169902.37
7.80 169902.37
7.90 169902.37
8.00 169902.37
8.10 167716.03
8.20 167716.03
8.30 167716.03
8.40 167716.03
8.50 167716.03
8.60 167716.03
8.70 167716.03
8.80 167716.03
8.90 167716.03
9.00 167716.03
9.10 146373.04
9.20 146373.04
9.30 146373.04
9.40 146373.04
9.50 146373.04
9.60 146373.04
9.70 146373.04
9.80 146373.04
9.90 146373.04
10.00 146373.04
10.10 157155.49
10.20 157155.49
10.30 157155.49
10.40 157155.49
10.50 157155.49
10.60 157155.49
10.70 157155.49
10.80 157155.49
10.90 157155.49
11.00 157155.49
11.10 157977.13
11.20 157977.13
11.30 157977.13
11.40 157977.13
11.50 157977.13
11.60 157977.13
11.70 157977.13
11.80 157977.13
11.90 157977.13
12.00 157977.13
12.10 144585.02
12.20 144585.02
12.30 144585.02
12.40 144585.02
12.50 144585.02
12.60 144585.02
12.70 144585.02
12.80 144585.02
12.90 144585.02
13.00 144585.02
13.10 142539.98
13.20 142539.98
13.30 142539.98
13.40 142539.98
13.50 142539.98
13.60 142539.98
13.70 142539.98
13.80 142539.98
13.90 142539.98
14.00 142539.98
14.10 153055.36
14.20 153055.36
14.30 153055.36
14.40 153055.36
14.50 153055.36
14.60 153055.36
14.70 153055.36
14.80 153055.36
14.90 153055.36
15.00 153055.36
15.10 166697.15
15.20 166697.15
15.30 166697.15
15.40 166697.15
15.50 166697.15
15.60 166697.15
15.70 166697.15
15.80 166697.15
15.90 166697.15
16.00 166697.15
16.10 173863.77
16.20 173863.77
16.30 173863.77
16.40 173863.77
16.50 173863.77
16.60 173863.77
16.70 173863.77
16.80 173863.77
16.90 173863.77
17.00 173863.77
17.10 152370.46
17.20 152370.46
17.30 152370.46
17.40 152370.46
17.50 152370.46
17.60 152370.46
17.70 152370.46
17.80 152370.46
17.90 152370.46
18.00 152370.46
18.10 163613.90
18.20 163613.90
18.30 163613.90
18.40 163613.90
18.50 163613.90
18.60 163613.90
18.70 163613.90
18.80 163613.90
18.90 163613.90
19.00 163613.90
19.10 153916.31
19.20 153916.31
19.30 153916.31
19.40 153916.31
19.50 153916.31
19.60 153916.31
19.70 153916.31
19.80 153916.31
19.90 153916.31
20.00 153916.31
20.10 142661.61
20.20 142661.61
20.30 142661.61
20.40 142661.61
20.50 142661.61
20.60 142661.61
20.70 142661.61
20.80 142661.61
20.90 142661.61
21.00 142661.61
21.10 170913.23
21.20 170913.23
21.30 170913.23
21.40 170913.23
21.50 170913.23
21.60 170913.23
21.70 170913.23
21.80 170913.23
21.90 170913.23
22.00 170913.23
22.10 176547.16
22.20 176547.16
22.30 176547.16
22.40 176547.16
22.50 176547.16
22.60 176547.16
22.70 176547.16
22.80 176547.16
22.90 176547.16
23.00 176547.16
23.10 170133.42
23.20 170133.42
23.30 170133.42
23.40 170133.42
23.50 170133.42
23.60 170133.42
23.70 170133.42
23.80 170133.42
23.90 170133.42
24.00 170133.42
24.10 192709.20
24.20 192709.20
24.30 192709.20
24.40 192709.20
24.50 192709.20
24.60 192709.20
24.70 192709.20
24.80 192709.20
24.90 192709.20
25.00 192709.20
25.10 176972.00
25.20 176972.00
25.30 176972.00
25.40 176972.00
25.50 176972.00
25.60 176972.00
25.70 176972.00
25.80 176972.00
25.90 176972.00
26.00 176972.00
26.10 187431.26
26.20 187431.26
26.30 187431.26
26.40 187431.26
26.50 187431.26
26.60 187431.26
26.70 187431.26
26.80 187431.26
26.90 187431.26
27.00 187431.26
27.10 190437.31
27.20 190437.31
27.30 190437.31
27.40 190437.31
27.50 190437.31
27.60 190437.31
27.70 190437.31
27.80 190437.31
27.90 190437.31
28.00 190437.31
28.10 163788.71
28.20 163788.71
28.30 163788.71
28.40 163788.71
28.50 163788.71
28.60 163788.71
28.70 163788.71
28.80 163788.71
28.90 163788.71
29.00 163788.71
29.10 177553.22
29.20 177553.22
29.30 177553.22
29.40 177553.22
29.50 177553.22
29.60 177553.22
29.70 177553.22
29.80 177553.22
29.90 177553.22
30.00 177553.22
